0
0
0
0
0
0
3.05177e-05
0.000274658
0.00076294
0.00170898
0.00335693
0.00595093
0.00970459
0.0147705
0.0213318
0.0295715
0.0395508
0.0513916
0.0651855
0.0809326
0.0986328
0.128845
0.151245
0.175537
0.201538
0.229218
0.258514
0.289337
0.321625
0.355225
0.390137
0.426239
0.463409
0.501617
0.54071
0.580597
0.621246
0.662506
0.704315
0.746582
0.810638
0.832123
0.896759
0.939972
0.983093
1.02606
1.06876
1.11111
1.15305
1.19449
1.23535
1.27551
1.31491
1.35352
1.39124
1.42798
1.46362
1.49817
1.53152
1.56363
1.59439
1.62381
1.65176
1.67825
1.70319
1.73758
1.74823
1.77756
1.79495
1.80295
1.82434
1.83624
1.84637
1.85455
1.86078
1.86505
1.86737
1.86774
1.86615
1.86273
1.85748
1.85028
1.84113
1.83008
1.81726
1.80261
1.78619
1.76807
1.74826
1.72681
1.69168
1.67923
1.63968
1.62579
1.58221
1.55161
1.53586
1.487
1.45319
1.43591
1.38278
1.34637
1.32791
1.27164
1.23349
1.19489
1.15594
1.11676
1.07745
1.03802
0.998566
0.959259
0.920044
0.881042
0.82312
0.785004
0.747375
0.710297
0.673889
0.638153
0.60321
0.569153
0.53598
0.503845
0.457672
0.442871
0.414154
0.386719
0.360626
0.324097
0.312653
0.280579
0.27066
0.243317
0.227142
0.212616
0.199799
0.18869
0.179321
0.171722
0.165955
0.161926
0.159698
0.159302
0.160645
0.163788
0.168701
0.175354
0.183746
0.193817
0.205566
0.218994
0.234039
0.250641
0.268768
0.288422
0.309509
0.332001
0.368256
0.380981
0.42099
0.449097
0.478271
0.508423
0.539551
0.571594
0.604401
0.63797
0.67218
0.70694
0.742218
0.777893
0.813904
0.850189
0.886566
0.923187
0.959808
0.996277
1.05072
1.0867
1.10455
1.14001
1.19232
1.22653
1.2601
1.29297
1.32504
1.35629
1.38666
1.41605
1.44437
1.47162
1.49771
1.52264
1.54633
1.5687
1.58978
1.6189
1.6279
1.65277
1.66751
1.68076
1.69247
1.70264
1.71121
1.71826
1.72366
1.72748
1.72968
1.73022
1.72919
1.7265
1.71942
1.71274
1.70444
1.69461
1.68323
1.67035
1.65601
1.64023
1.62305
1.60449
1.58463
1.56351
1.54117
1.51767
1.49307
1.46744
1.44083
1.41324
1.38477
1.3555
1.32547
1.29474
1.26343
1.23157
1.18289
1.14999
1.11679
1.08334
1.04974
1.01605
0.982361
0.9487
0.915253
0.881989
0.84903
0.816437
0.784271
0.752594
0.721497
0.69104
0.661316
0.632355
0.604187
0.576965
0.550629
0.52536
0.501099
0.477936
0.455933
0.425171
0.415527
0.38855
0.372223
0.357239
0.343658
0.331512
0.320801
0.311523
0.303772
0.297485
0.292725
0.28949
0.287781
0.287567
0.28891
0.291779
0.296143
0.302002
0.309326
0.318115
0.328308
0.339905
0.352905
0.367218
0.382843
0.399719
0.417816
0.437103
0.45755
0.479034
0.501617
0.525177
0.549683
0.575043
0.601257
0.628204
0.669983
0.684204
0.727753
0.742523
0.787537
0.817963
0.833313
0.8797
0.910828
0.942078
0.973328
1.00458
1.03561
1.0665
1.09714
1.12747
1.15741
1.18689
1.21588
1.24426
1.27206
1.29913
1.33832
1.3634
1.37561
1.41092
1.43326
1.4545
1.4747
1.49377
1.51172
1.52844
1.54395
1.5582
1.57114
1.58276
1.59305
1.60196
1.6095
1.61566
1.62042
1.62378
1.62576
1.62634
1.62457
1.62167
1.6174
1.61475
1.6048
1.5965
1.58688
1.57599
1.56387
1.55051
1.53598
1.52029
1.50348
1.48557
1.46664
1.44675
1.42587
1.40408
1.38144
1.358
1.33383
1.30896
1.27051
1.25742
1.21735
1.20377
1.17633
1.13455
1.12051
1.07806
1.04956
1.03528
0.992432
0.96402
0.935699
0.907623
0.879761
0.852264
0.825104
0.79837
0.772156
0.74649
0.721466
0.697083
0.673401
0.650482
0.628357
0.607086
0.5867
0.567291
0.548859
0.531403
0.514923
0.499512
0.485168
0.471924
0.459808
0.448853
0.439056
0.43045
0.423035
0.41684
0.409851
0.408142
0.404907
0.404297
0.404938
0.40683
0.409973
0.414337
0.419922
0.426727
0.434723
0.443878
0.454193
0.465637
0.47818
0.491821
0.50647
0.522095
0.547363
0.565369
0.574707
0.603943
0.614075
0.645599
0.66745
0.689941
0.713043
0.736664
0.760712
0.785217
0.810059
0.835236
0.860626
0.886261
0.912048
0.937927
0.963806
0.989685
1.01556
1.04129
1.06689
1.09225
1.11734
1.14212
1.1665
1.2023
1.21399
1.23697
1.27036
1.29181
1.31259
1.33264
1.35193
1.37039
1.388
1.40472
1.4205
1.43539
1.44922
1.46204
1.47379
1.4845
1.49408
1.50638
1.50992
1.51874
1.52109
1.52493
1.52847
1.52939
1.52911
1.52768
1.52505
1.52127
1.51633
1.51025
1.50305
1.49475
1.48535
1.47488
1.46341
1.45096
1.43753
1.42313
1.40784
1.39163
1.3746
1.35678
1.3382
1.31888
1.29889
1.27829
1.25708
1.2243
1.20184
1.17899
1.15573
1.13217
1.10837
1.08435
1.06018
1.03589
1.01147
0.987061
0.962799
0.938629
0.90271
0.879059
0.855713
0.844147
0.810089
0.787933
0.766266
0.745117
0.724579
0.704681
0.685425
0.666901
0.649139
0.632172
0.616028
0.600739
0.586334
0.572845
0.560272
0.548676
0.538055
0.528412
0.519836
0.512268
0.505737
0.500244
0.494019
0.491211
0.490204
0.488983
0.488831
0.490631
0.493164
0.496765
0.498962
0.507111
0.513824
0.521515
0.530182
0.539825
0.550446
0.562042
0.574493
0.58783
0.60202
0.617004
0.632751
0.649231
0.666412
0.684265
0.702698
0.72171
0.741241
0.761261
0.781738
0.802612
0.823792
0.845306
0.867065
0.889038
0.911194
0.933411
0.955627
0.977844
1.00006
1.02228
1.04431
1.07706
1.08786
1.11984
1.14072
1.16122
1.1813
1.2009
1.22
1.23856
1.25653
1.2739
1.29056
1.30655
1.32178
1.33624
1.34988
1.3627
1.37466
1.38577
1.39597
1.40524
1.4136
1.42105
1.42752
1.43301
1.43753
1.44107
1.44363
1.44522
1.44583
1.44492
1.44412
1.4418
1.43649
1.43427
1.42621
1.41962
1.41217
1.40381
1.39929
1.38446
1.37354
1.36182
1.3493
1.32916
1.31488
1.29987
1.28427
1.26807
1.25128
1.23401
1.21625
1.19806
1.17941
1.16046
1.1412
1.12164
1.10187
1.08185
1.05157
1.03131
1.01105
0.990784
0.97052
0.950256
0.930176
0.90033
0.880737
0.871033
0.842407
0.823761
0.805542
0.78772
0.770386
0.753571
0.737335
0.72168
0.706665
0.692291
0.678619
0.66568
0.653473
0.642059
0.631409
0.621582
0.61261
0.604462
0.597198
0.59082
0.585327
0.580719
0.577057
0.574249
0.572418
0.571442
0.571381
0.572235
0.574005
0.57666
0.5802
0.584625
0.592896
0.596069
0.603058
0.61087
0.624084
0.63385
0.644379
0.65564
0.667603
0.680267
0.693573
0.707458
0.71463
0.736969
0.752533
0.768555
0.785034
0.80191
0.819153
0.845642
0.854614
0.872742
0.90033
0.918884
0.928192
0.946991
0.975189
0.993988
1.01276
1.03131
1.0498
1.06812
1.08618
1.10397
1.12146
1.13864
1.1554
1.17178
1.18771
1.20316
1.21811
1.23251
1.2464
1.25967
1.27844
1.28439
1.29581
1.31161
1.32129
1.32587
1.33844
1.34592
1.34937
1.35852
1.36365
1.36795
1.37146
1.37411
1.37595
1.37698
1.37717
1.37653
1.37503
1.37128
1.36963
1.36569
1.36096
1.35544
1.34915
1.3421
1.33014
1.32126
1.31171
1.30148
1.29062
1.27911
1.26706
1.25443
1.24124
1.22757
1.21341
1.19885
1.17618
1.16064
1.14478
1.1286
1.11215
1.09549
1.07864
1.06161
1.04453
1.02737
1.01004
0.992706
0.975555
0.958466
0.933014
0.91626
0.899719
0.891541
0.867401
0.851685
0.836334
0.82135
0.806793
0.792694
0.779022
0.7659
0.753265
0.741211
0.729736
0.718872
0.708649
0.699097
0.690186
0.681915
0.674377
0.667542
0.661438
0.656036
0.649353
0.647491
0.644318
0.641022
0.63974
0.639252
0.639496
0.640503
0.642273
0.643433
0.649963
0.654327
0.659424
0.665222
0.671692
0.678894
0.686737
0.695251
0.704346
0.714081
0.724365
0.735199
0.746552
0.758392
0.770721
0.783508
0.796722
0.810303
0.824249
0.838531
0.853088
0.86792
0.882965
0.898224
0.913605
0.929199
0.944824
0.96051
0.968445
1.00018
1.01587
1.03149
1.04706
1.06244
1.07764
1.10004
1.11465
1.12897
1.14297
1.15662
1.16992
1.18277
1.19522
1.20718
1.21866
1.22961
1.24005
1.24988
1.25912
1.26779
1.27582
1.28317
1.28989
1.29596
1.30133
1.306
1.30997
1.31326
1.31583
1.31769
1.31882
1.31924
1.31897
1.31799
1.31631
1.31393
1.31088
1.30502
1.30273
1.29486
1.2919
1.28558
1.27493
1.27109
1.26297
1.25427
1.2402
1.23019
1.22501
1.20871
1.19733
1.18549
1.17325
1.16068
1.1478
1.12787
1.11426
1.10736
1.09344
1.07928
1.065
1.0434
1.02896
1.01431
0.999664
0.985168
0.970764
0.95636
0.942169
0.92807
0.914154
0.900482
0.887054
0.873901
0.861053
0.848511
0.836304
0.824463
0.807434
0.801971
0.791351
0.776276
0.766815
0.757843
0.74942
0.741547
0.734222
0.727448
0.721283
0.713135
0.710724
0.70636
0.70105
0.698334
0.696198
0.694733
0.69397
0.693848
0.694366
0.695557
0.697388
0.699829
0.702881
0.706573
0.710907
0.71582
0.721344
0.727448
0.7341
0.741333
0.749084
0.757355
0.766144
0.77536
0.785065
0.795197
0.805725
0.822235
0.827942
0.839569
0.857605
0.863739
0.876251
0.888977
0.901917
0.921661
0.935028
0.948456
0.961884
0.975464
0.989136
1.00278
1.0162
1.02963
1.043
1.05618
1.06921
1.08206
1.0947
1.11316
1.12509
1.13095
1.14243
1.15356
1.16434
1.17471
1.18469
1.19421
1.20331
1.21603
1.22391
1.23123
1.23804
1.24432
1.25003
1.25519
1.25977
1.26373
1.26862
1.27109
1.27301
1.27426
