0
0
0
0
0
0
0.000213623
0.000518799
0.00112915
0.0022583
0.00405884
0.00845337
0.0104675
0.0153503
0.0215454
0.0291443
0.0433044
0.0546875
0.067627
0.0820923
0.098114
0.115631
0.134613
0.154999
0.176727
0.199768
0.223999
0.24942
0.27594
0.303528
0.332092
0.361542
0.391876
0.422974
0.454773
0.487244
0.520294
0.553925
0.588013
0.622528
0.657379
0.692566
0.727966
0.763611
0.799286
0.853119
0.888947
0.924591
0.960144
0.995483
1.03055
1.06531
1.09964
1.13358
1.1835
1.21606
1.24802
1.27924
1.30969
1.33939
1.36823
1.39618
1.42316
1.44916
1.47415
1.49808
1.5209
1.55301
1.56314
1.59174
1.60928
1.62561
1.64072
1.65454
1.66708
1.67841
1.68842
1.69711
1.70453
1.71057
1.7153
1.71872
1.72083
1.72165
1.7211
1.71927
1.71619
1.71179
1.70285
1.69925
1.69113
1.68182
1.67136
1.6597
1.6402
1.63315
1.61826
1.59409
1.58554
1.55847
1.53931
1.52942
1.509
1.47693
1.45465
1.44324
1.40811
1.38394
1.35925
1.33411
1.3085
1.2825
1.2562
1.22961
1.20276
1.17572
1.14862
1.12131
1.09396
1.06662
1.03946
1.01236
0.985443
0.958679
0.918976
0.905914
0.867157
0.841797
0.816864
0.792389
0.768402
0.744904
0.721985
0.699646
0.677948
0.656921
0.636566
0.616943
0.588898
0.579956
0.562683
0.538361
0.53067
0.509003
0.495697
0.48941
0.471954
0.461456
0.451935
0.443481
0.436035
0.429565
0.424072
0.419647
0.416229
0.413788
0.412354
0.411987
0.412598
0.414185
0.416748
0.420288
0.424805
0.430267
0.436615
0.443878
0.452057
0.465881
0.476166
0.487244
0.499115
0.511749
0.525116
0.539154
0.553894
0.569244
0.585236
0.601807
0.618896
0.636536
0.654602
0.673126
0.692047
0.711334
0.740875
0.760925
0.781189
0.801697
0.822357
0.843109
0.863953
0.884949
0.905945
0.926941
0.947693
0.968445
0.989014
1.00943
1.02963
1.04959
1.06927
1.08865
1.10764
1.12628
1.1445
1.16232
1.17969
1.19659
1.21301
1.22891
1.24429
1.26633
1.27338
1.29364
1.30008
1.31845
1.32425
1.34067
1.34579
1.36014
1.36456
1.37674
1.38394
1.39038
1.39609
1.40103
1.40521
1.40863
1.41125
1.41315
1.41428
1.41461
1.41422
1.41306
1.41116
1.40851
1.40512
1.40103
1.39624
1.38776
1.38461
1.37418
1.36639
1.36227
1.34897
1.33939
1.32922
1.31854
1.30737
1.29572
1.28357
1.271
1.258
1.24466
1.2309
1.21683
1.20248
1.18787
1.17297
1.15784
1.14252
1.11923
1.10358
1.08771
1.07184
1.05597
1.0401
1.02423
1.00836
0.992493
0.976654
0.953217
0.937805
0.930115
0.914978
0.900055
0.878174
0.863922
0.849945
0.836365
0.82309
0.810211
0.797699
0.785614
0.773956
0.762756
0.752014
0.74176
0.731995
0.722748
0.71402
0.705872
0.698242
0.691193
0.684692
0.678772
0.673431
0.668671
0.66449
0.660889
0.657898
0.655487
0.653656
0.652405
0.651733
0.651672
0.652161
0.653198
0.654846
0.657043
0.65979
0.663055
0.666901
0.671234
0.676117
0.684357
0.69046
0.697021
0.704041
0.711487
0.719391
0.727692
0.736389
0.745453
0.754883
0.764648
0.77475
0.790405
0.801178
0.812195
0.823425
0.8349
0.846558
0.858307
0.87027
0.882263
0.89447
0.912781
0.918884
0.931091
0.949402
0.955505
0.973816
0.979919
0.998199
1.00418
1.01614
1.02795
1.04541
1.05682
1.06802
1.07352
1.08438
1.10022
1.11041
1.12033
1.12997
1.13931
1.14828
1.15695
1.16528
1.17325
1.18085
1.18805
1.19485
1.20123
1.20721
1.21274
1.21783
1.2225
1.22672
1.2305
1.2338
1.23792
1.23904
1.241
1.24304
1.2435
1.24405
1.24405
1.24347
1.24243
1.24097
1.23907
1.23676
1.23398
1.23083
1.22726
1.22327
1.2189
1.21417
1.20908
1.20361
1.19785
1.19174
1.1853
1.17508
1.17154
1.16046
1.15277
1.14484
1.13666
1.1283
1.11975
1.11096
1.10205
1.09302
1.0838
1.07452
1.06519
1.0509
1.04138
1.03186
1.02234
1.01282
1.0033
0.993774
0.984253
0.974945
0.965668
0.956482
0.947449
0.934143
0.925476
0.916931
0.90863
0.900482
0.892517
0.884735
0.877197
0.869873
0.862793
0.852661
0.849396
0.840057
0.837097
0.828644
0.823395
0.818451
0.813873
0.809601
0.805664
0.802094
0.798859
0.796021
0.793488
0.791351
0.789551
0.788116
0.787048
0.786346
0.78598
0.78598
0.786652
0.787048
0.788116
0.790314
0.792175
0.794403
0.796936
0.799774
0.804626
0.806396
0.812103
0.814178
0.818481
0.825439
0.830383
0.835571
0.841003
0.846649
0.85553
0.861633
0.867981
0.874481
0.881073
0.887909
0.894775
0.901855
0.908936
0.919891
0.927216
0.930878
0.938202
0.94574
0.957092
0.964661
0.972229
0.979736
0.987061
0.994385
1.00171
1.00894
1.01602
1.02307
1.03333
1.03668
1.04327
1.04974
1.05914
1.06525
1.07111
1.07681
1.08237
1.08774
1.09286
1.09781
1.10257
1.10712
1.11145
1.11554
1.11938
1.12299
1.12793
1.12943
1.13226
1.13483
1.13712
1.13913
1.1416
1.1423
1.14395
1.14435
1.14496
1.14536
1.14529
1.14496
1.14471
1.14346
1.14233
1.14093
1.13928
1.13736
1.13519
1.13278
1.13016
1.12729
1.12421
1.12091
1.1174
1.11371
1.1098
1.10571
1.10147
1.09708
1.09247
1.0878
1.08292
1.07794
1.07281
1.06766
1.06229
1.05692
1.05148
1.04587
1.04025
1.03464
1.02902
1.02341
1.01761
1.01175
1.00595
1.00034
0.99472
0.989105
0.980682
0.977875
0.969757
0.964386
0.959106
0.953979
0.951416
0.943939
0.939056
0.934326
0.929688
0.925201
0.920807
0.916565
0.912415
0.906525
0.902802
0.8992
0.895782
0.892578
0.889526
0.886658
0.883972
0.881531
0.879272
0.877228
0.874542
0.873749
0.872314
0.870605
0.870117
0.869049
0.868591
0.868347
0.868347
0.868439
0.868713
0.869568
0.870361
0.871368
0.872589
0.874023
0.875641
0.877441
0.879395
0.881592
0.883942
0.886414
0.889099
0.891937
0.894897
0.898071
0.901337
0.904755
0.908295
0.911957
0.91571
0.919617
0.925568
0.927643
0.931793
0.935944
0.942474
0.944672
0.949066
0.955658
0.957855
0.964447
0.966705
0.973633
0.978027
0.982422
0.986816
0.991211
0.995605
1
1.00418
1.00833
1.01248
1.01648
1.02039
1.02429
1.02795
1.03162
1.03513
1.03854
1.0419
1.04666
1.04971
1.05264
1.05551
1.0582
1.06085
1.06329
1.06573
1.06903
1.07013
1.07208
1.07401
1.07571
1.07733
1.07947
1.08069
1.08176
1.0827
1.08344
1.08426
1.08447
1.08472
1.08481
1.08478
1.08438
1.08414
1.08362
1.08252
1.08154
1.08047
1.07925
1.07785
1.07639
1.07382
1.07193
1.06998
1.06784
1.06564
1.06326
1.06082
1.05829
1.0556
1.05292
1.05005
1.04712
1.04419
1.04111
1.03793
1.03317
1.03159
1.02841
1.02356
1.02014
1.01672
1.01331
1.0116
1.00647
1.0032
1.00003
0.996857
0.993683
0.990509
0.987335
0.984161
0.98111
0.97818
0.97525
0.972321
0.969391
0.966705
0.96402
0.961334
0.957428
0.956207
0.953766
0.951324
0.948975
0.945679
0.94458
0.942413
0.94046
0.937531
0.93573
0.934021
0.932312
0.930817
0.929352
0.927979
0.926758
0.925568
0.924591
0.923615
0.922882
0.92215
0.921661
0.921173
0.920929
0.920715
0.920715
0.920776
0.921143
0.921326
0.921814
0.922729
0.923096
0.924347
0.925323
0.926422
0.927643
0.928925
0.930389
0.931854
0.933502
0.935211
0.936951
0.938904
0.940857
0.94281
0.945007
0.947205
0.949402
0.952881
0.954102
0.956543
0.958984
0.961426
0.965088
0.966309
0.969971
0.972412
0.974854
0.977295
0.979736
0.982178
0.984619
0.987061
0.989502
0.991943
0.994385
0.996674
0.998871
1.00107
1.00327
1.00546
1.00757
1.00952
1.01147
1.01343
1.01538
1.01715
1.01886
1.02057
1.02228
1.0239
1.02536
1.02682
1.02902
1.03033
1.03156
1.03278
1.034
1.03506
1.03604
1.03702
1.03799
1.03882
1.03955
1.04028
1.04132
1.04181
1.0423
1.04279
1.04315
1.0434
1.04364
1.04395
1.04395
1.04395
1.04395
1.04382
1.04358
1.04333
1.04309
1.04272
1.04224
1.04175
1.04126
1.04071
1.03998
1.03888
1.03815
1.03741
1.03647
1.03549
1.03452
1.03354
1.03256
1.03159
1.03036
1.02914
1.02792
1.0267
1.02548
1.02426
1.02304
1.02182
1.0206
1.01926
1.01779
1.01559
1.01486
1.0134
1.0112
1.00974
1.00827
1.00681
1.00534
1.00388
1.00241
1.00095
0.999481
0.998016
0.996552
0.995087
0.993805
0.992584
0.991364
0.990143
0.988922
0.987701
0.986481
0.98526
0.983429
0.982208
0.981598
0.980377
0.979218
0.978241
0.976776
0.976288
0.974823
0.974335
0.97287
0.971893
0.970917
0.970154
0.969421
0.968689
0.967957
0.967224
0.966492
0.965759
0.965118
0.96463
0.964142
0.963654
0.963165
0.962677
0.962189
0.961823
0.961578
0.961334
0.96109
0.960846
0.960602
0.960358
0.960327
0.960327
0.960327
0.960327
0.960327
0.960327
0.96048
0.960724
0.960968
0.96109
0.961456
0.9617
0.961945
0.96225
0.962738
0.963226
0.963715
0.964203
0.964691
0.965179
0.965668
0.966156
0.967041
0.967407
0.96814
0.968872
0.969604
0.970337
0.971436
0.971802
0.9729
0.973633
0.974365
0.975098
0.97583
0.976562
0.977295
0.978027
0.97876
0.979492
0.980225
0.980957
0.981689
0.982788
0.983521
0.984253
0.984985
0.985718
0.98645
0.987183
0.987915
0.988647
0.98938
0.990112
0.990845
0.991577
0.99231
0.993042
0.994141
0.994873
0.995605
0.996338
0.99707
0.99765
0.998138
0.998627
0.999115
0.999603
1.00009
1.00058
1.00107
1.00156
1.00204
1.00253
1.00302
1.00351
1.004
1.00449
1.00473
1.00497
1.00534
1.00558
