0
0
0
0
0
0
9.15526e-05
0.000549316
0.0012207
0.00241089
0.0043335
0.00720215
0.0111694
0.0164185
0.0230713
0.0312195
0.0409851
0.0523987
0.0655212
0.0803223
0.0968323
0.11496
0.134735
0.156067
0.178955
0.203278
0.229004
0.256012
0.298828
0.328827
0.359863
0.391937
0.424896
0.45871
0.475922
0.528595
0.564514
0.601013
0.656677
0.694305
0.713226
0.770447
0.808777
0.847351
0.885925
0.9245
0.962891
1.00116
1.03915
1.07684
1.11414
1.151
1.18732
1.22299
1.25803
1.29236
1.3259
1.35858
1.39038
1.42126
1.46558
1.47983
1.50748
1.54678
1.55927
1.59491
1.60614
1.63785
1.65729
1.66647
1.69193
1.70712
1.72083
1.73303
1.74374
1.75293
1.76059
1.76669
1.7713
1.77435
1.77585
1.77585
1.77435
1.77136
1.76685
1.76086
1.75345
1.7446
1.72873
1.72275
1.70981
1.68796
1.67178
1.65439
1.6358
1.61606
1.59525
1.57339
1.55057
1.52676
1.48932
1.46332
1.43655
1.40909
1.38098
1.35223
1.32294
1.29318
1.26303
1.23251
1.20172
1.17072
1.13947
1.10822
1.07681
1.04541
1.01416
0.98291
0.951904
0.921082
0.890564
0.860382
0.830566
0.801208
0.772339
0.743988
0.702576
0.675751
0.649658
0.624298
0.599731
0.575958
0.55307
0.531097
0.510101
0.490082
0.461884
0.444427
0.42807
0.412842
0.398743
0.385834
0.374084
0.363556
0.354279
0.346222
0.339417
0.333893
0.32959
0.326569
0.324799
0.324524
0.325043
0.328491
0.332306
0.337341
0.343567
0.350952
0.359467
0.369141
0.379883
0.391724
0.404602
0.425842
0.433411
0.45752
0.466003
0.483643
0.511627
0.53125
0.551636
0.572693
0.594391
0.616699
0.639587
0.662964
0.686798
0.71106
0.735657
0.76059
0.785767
0.811157
0.836731
0.862366
0.888
0.913879
0.939514
0.965149
0.990753
1.01614
1.04135
1.06635
1.10327
1.11542
1.13943
1.17465
1.19754
1.21994
1.24176
1.26303
1.28366
1.30365
1.32291
1.34146
1.36783
1.37622
1.3924
1.41501
1.42899
1.44205
1.45413
1.46524
1.47537
1.48453
1.49271
1.49991
1.50601
1.51114
1.51523
1.51828
1.52029
1.52127
1.52127
1.52017
1.5181
1.51505
1.51102
1.50601
1.50003
1.48923
1.4852
1.47641
1.46677
1.45624
1.4389
1.43274
1.41977
1.40604
1.3916
1.36862
1.35248
1.33575
1.31845
1.3006
1.28223
1.26337
1.24411
1.22446
1.20444
1.18411
1.16351
1.1427
1.1217
1.10052
1.07928
1.04742
1.0368
1.01556
0.994324
0.973145
0.941711
0.920959
0.900482
0.88028
0.860382
0.84082
0.821655
0.802917
0.784607
0.766785
0.749451
0.732666
0.716461
0.700806
0.685791
0.671417
0.657715
0.644653
0.626343
0.615051
0.604492
0.594666
0.590057
0.577393
0.569946
0.563293
0.557495
0.552521
0.54834
0.545044
0.542572
0.540955
0.540161
0.540222
0.541107
0.544006
0.54541
0.550781
0.555359
0.56073
0.566895
0.573792
0.581421
0.589752
0.598816
0.603607
0.618927
0.629944
0.641571
0.653778
0.666534
0.67984
0.693634
0.707886
0.722565
0.737671
0.753143
0.768951
0.785095
0.801514
0.818176
0.835022
0.852112
0.869293
0.886627
0.903961
0.921326
0.938904
0.95636
0.982361
0.991028
1.00833
1.02542
1.04239
1.06747
1.07571
1.09201
1.11594
1.13147
1.1467
1.1615
1.17593
1.18997
1.21014
1.22302
1.23538
1.24719
1.25845
1.26917
1.2793
1.28882
1.29773
1.306
1.3136
1.32056
1.32687
1.33252
1.33746
1.34174
1.34534
1.34824
1.35043
1.35193
1.35275
1.35269
1.35233
1.35019
1.34796
1.34506
1.34152
1.33734
1.33249
1.327
1.32089
1.31421
1.30692
1.29907
1.29495
1.27713
1.26746
1.25732
1.2467
1.23566
1.22421
1.21237
1.2002
1.18765
1.17484
1.16171
1.14835
1.13474
1.12094
1.10699
1.09283
1.07861
1.06421
1.0498
1.0354
1.021
1.00659
0.984985
0.977783
0.95636
0.9422
0.928253
0.914459
0.900879
0.887512
0.87442
0.861572
0.84903
0.836823
0.824951
0.813416
0.802277
0.791565
0.78125
0.771362
0.761963
0.753052
0.740601
0.73291
0.725769
0.719147
0.713074
0.70752
0.702545
0.698151
0.694305
0.691071
0.688416
0.68634
0.684845
0.683899
0.683563
0.683807
0.684631
0.686035
0.687988
0.690491
0.693573
0.697174
0.701324
0.705963
0.711121
0.716797
0.726196
0.729553
0.740295
0.747986
0.752014
0.760345
0.77356
0.782806
0.792419
0.797333
0.812561
0.82309
0.833862
0.844849
0.856079
0.867493
0.879059
0.890778
0.902618
0.914581
0.926544
0.938568
0.950775
0.962982
0.975128
0.987091
0.999054
1.01102
1.02863
1.04019
1.05164
1.06287
1.07388
1.08469
1.09525
1.10553
1.11557
1.12527
1.1347
1.14383
1.15689
1.16107
1.16919
1.17691
1.18427
1.19455
1.19775
1.20679
1.20959
1.21732
1.22189
1.22604
1.22971
1.23291
1.23566
1.23792
1.23969
1.24097
1.24179
1.24216
1.24203
1.24094
1.23959
1.23782
1.23557
1.23288
1.22974
1.22617
1.22214
1.21771
1.21292
1.20767
1.20209
1.19611
1.18976
1.18307
1.16876
1.16113
1.1532
1.14502
1.13657
1.1279
1.11902
1.10992
1.10065
1.09119
1.08163
1.07187
1.0621
1.04712
1.03711
1.0271
1.01709
1.00708
0.99707
0.982056
0.972046
0.962219
0.952454
0.942841
0.933319
0.924042
0.9104
0.905945
0.892914
0.888641
0.880341
0.868317
0.860626
0.85318
0.846008
0.839142
0.832611
0.826385
0.820465
0.812286
0.807281
0.802643
0.79837
0.794495
0.790985
0.787903
0.785187
0.782898
0.781036
0.779541
0.778442
0.777802
0.777527
0.777649
0.778168
0.779663
0.781158
0.78302
0.784119
0.786591
0.790985
0.794342
0.798096
0.802155
0.806549
0.811279
0.816315
0.821655
0.827301
0.833221
0.839417
0.845856
0.852539
0.859436
0.866547
0.873871
0.881378
0.889038
0.896851
0.908844
0.912872
0.921051
0.933502
0.941803
0.945953
0.954437
0.962982
0.9758
0.984344
0.992645
1.00095
1.00925
1.01746
1.02551
1.03351
1.04132
1.04901
1.05658
1.06754
1.07108
1.07806
1.08817
1.09146
1.09784
1.104
1.10995
1.11844
1.12378
1.12885
1.13364
1.13815
1.1424
1.14633
1.14993
1.15326
1.15628
1.16019
1.16132
1.16336
1.16501
1.1669
1.16776
1.16824
1.1684
1.16824
1.16776
1.16693
1.1658
1.16434
1.16254
1.16043
1.15802
1.15527
1.15225
1.14896
1.14539
1.14154
1.13742
1.13306
1.12845
1.1236
1.11853
1.11325
1.10779
1.10214
1.09628
1.09024
1.08411
1.07776
1.07135
1.06476
1.05817
1.05133
1.04108
1.03421
1.02713
1.02005
1.01297
1.00589
0.99881
0.99173
0.984741
0.977905
0.971069
0.964264
0.954376
0.947876
0.941528
0.935303
0.929199
0.923279
0.91748
0.911865
0.906433
0.901154
0.896057
0.891174
0.886536
0.882111
0.877899
0.873932
0.870209
0.86673
0.863495
0.860535
0.857849
0.855438
0.853302
0.850586
0.849854
0.848541
0.847107
0.846741
0.846283
0.8461
0.846161
0.846741
0.847504
0.848541
0.849823
0.851379
0.85318
0.855255
0.857574
0.860138
0.862915
0.865936
0.869171
0.87262
0.876282
0.880157
0.884216
0.888458
0.895142
0.897461
0.902191
0.909546
0.912109
0.91983
0.925201
0.930573
0.936096
0.941711
0.947327
0.952942
0.95874
0.9646
0.970459
0.976318
0.982178
0.988037
0.993866
0.999481
1.0051
1.01071
1.01624
1.02161
1.02698
1.03214
1.03726
1.04221
1.04709
1.05179
1.05643
1.06085
1.06522
1.06937
1.07339
1.07916
1.08282
1.08456
1.0896
1.09277
1.0957
1.09845
1.10101
1.10336
1.10648
1.10828
1.10986
1.11124
1.11237
1.11328
1.11395
1.11441
1.11462
1.11462
1.11438
1.11389
1.11319
1.11227
1.11115
1.1098
1.10825
1.10648
1.10452
1.10233
1.09995
1.09738
1.09467
1.09174
1.08707
1.08545
1.08029
1.07663
1.0748
1.07092
1.06497
1.0629
1.05664
1.05225
1.04785
1.0434
1.03876
1.03412
1.02948
1.02484
1.02011
1.01523
1.01035
1.00546
1.0007
0.996063
0.991425
0.986786
0.982147
0.9776
0.973206
0.968811
0.964447
0.958221
0.956146
0.950165
0.946259
0.944305
0.938812
0.935211
0.931793
0.928406
0.925232
0.922119
0.919189
0.916382
0.913696
0.911224
0.908875
0.906677
0.904724
0.902924
0.901276
0.899811
0.89856
0.897491
0.896606
0.895874
0.895386
0.895081
0.894958
0.89502
0.895264
0.895721
0.896332
0.897125
0.898682
0.899902
0.901337
0.902924
0.904633
0.906586
0.90863
0.910828
0.913208
0.91568
0.918365
0.922577
0.925507
0.928589
0.930176
0.93335
0.938446
0.941864
0.945404
0.949066
0.952728
0.95639
0.960205
0.964111
0.968018
0.971924
0.97583
0.979736
0.983643
0.987549
0.991455
0.995361
0.999084
1.00275
1.00641
1.01007
1.01361
1.01703
1.02045
1.0238
1.02698
1.03015
1.03323
1.03616
1.03909
1.04187
1.04456
1.04721
1.04965
1.05331
1.05441
1.05661
1.05878
1.06171
1.06357
1.06442
1.06693
1.06839
1.06979
1.07101
1.07214
1.07312
1.07394
1.07468
1.07516
1.07556
1.07587
1.07587
1.07571
1.07547
1.07498
1.07404
1.07324
1.07227
1.07117
1.06995
1.06854
1.06708
1.0654
1.06369
1.06177
1.05981
1.05768
1.05548
1.05316
1.05072
1.04697
1.04562
1.0416
1.03888
1.03741
1.03302
1.03009
1.02716
1.02423
1.0213
1.01837
1.0152
1.01208
1.00916
1.00623
1.0033
1.00037
0.997437
0.994507
0.991577
0.988647
0.985809
0.983124
0.980438
0.977753
0.975067
0.972504
0.970062
0.967621
0.965179
0.962799
0.960602
0.958405
0.956207
0.954102
0.952148
0.950195
0.948242
0.946533
0.944824
0.943115
0.94162
0.940155
0.93808
0.936859
0.935638
0.934631
0.933655
0.9328
