0
0
0
0
0
0
0
0.000122071
0.000915527
0.00219727
0.00311279
0.00753784
0.0121155
0.018219
0.0219421
0.0358276
0.0476685
0.061554
0.0776367
0.0959167
0.116425
0.139099
0.163879
0.190826
0.219757
0.250641
0.283234
0.317627
0.372192
0.391144
0.450104
0.491028
0.533112
0.576263
0.620331
0.665253
0.710938
0.757263
0.804077
0.851318
0.898865
0.946594
0.994446
1.0423
1.11371
1.13739
1.18448
1.23111
1.27722
1.34503
1.36725
1.41095
1.47467
1.51575
1.5556
1.59409
1.63113
1.66669
1.70062
1.73285
1.76324
1.7919
1.81863
1.8432
1.87622
1.88617
1.90433
1.92026
1.93985
1.94522
1.95416
1.96072
1.96603
1.96658
1.96591
1.9628
1.95364
1.94458
1.93915
1.9194
1.91165
1.88504
1.86456
1.84198
1.8172
1.79047
1.76178
1.73117
1.69882
1.66473
1.62903
1.59177
1.55304
1.513
1.47168
1.4292
1.38562
1.34113
1.29581
1.24979
1.20316
1.15601
1.10849
1.0607
1.01285
0.964844
0.916992
0.869232
0.821747
0.774658
0.728027
0.682007
0.636658
0.592072
0.54837
0.505646
0.463989
0.423523
0.384308
0.346497
0.292511
0.258514
0.226196
0.195587
0.166901
0.140167
0.115387
0.0925598
0.0718994
0.0533752
0.0370789
0.0168762
0.00634766
-0.00186157
-0.00769043
-0.0111084
-0.0121155
-0.0107117
-0.00692749
-0.000762939
0.00778198
0.0186768
0.0318909
0.0473938
0.0748291
0.0850525
0.118958
0.144226
0.171448
0.200623
0.231659
0.264496
0.299011
0.335175
0.372894
0.392303
0.452606
0.494385
0.537323
0.581268
0.648987
0.671997
0.718506
0.765656
0.813324
0.885498
0.909668
0.982452
1.03098
1.07932
1.12741
1.17514
1.22235
1.26901
1.31491
1.35999
1.40417
1.4473
1.48926
1.53003
1.56946
1.60748
1.64401
1.67896
1.72824
1.75888
1.78775
1.81473
1.83975
1.86261
1.88345
1.90213
1.91858
1.9328
1.94473
1.95435
1.96161
1.96649
1.96896
1.96906
1.96674
1.96204
1.95496
1.93985
1.93365
1.91162
1.90314
1.88452
1.86371
1.82852
1.80252
1.78879
1.75986
1.71295
1.71295
1.64435
1.60764
1.58871
1.52982
1.48892
1.44684
1.40363
1.35944
1.31439
1.26855
1.22208
1.17508
1.12762
1.07986
1.03198
0.983887
0.935944
0.888123
0.840576
0.793335
0.746582
0.700348
0.654755
0.609924
0.544373
0.52301
0.481049
0.440216
0.400665
0.343842
0.30777
0.273285
0.240448
0.20932
0.180054
0.152588
0.127075
0.10376
0.0824585
0.063324
0.0464172
0.0317688
0.0194397
0.00942993
0.00180054
-0.00515747
-0.00680542
-0.00604248
-0.00286865
0.00271606
0.0106812
0.0209656
0.0336304
0.0485535
0.0657349
0.085144
0.10675
0.130432
0.156189
0.183899
0.213562
0.261505
0.295654
0.331451
0.368805
0.427643
0.468567
0.510742
0.554047
0.598358
0.643646
0.689728
0.736572
0.783936
0.831757
0.879944
0.928284
0.976715
1.02505
1.07333
1.12134
1.16898
1.21613
1.26266
1.3085
1.35355
1.39774
1.44092
1.483
1.5239
1.56354
1.60184
1.65659
1.67407
1.70779
1.73984
1.78458
1.81204
1.83755
1.86111
1.88254
1.90186
1.91898
1.93387
1.9465
1.95679
1.96783
1.97034
1.97421
1.97379
1.97098
1.96576
1.95816
1.94818
1.93588
1.92126
1.90439
1.88528
1.86401
1.84064
1.81512
1.77319
1.7428
1.71069
1.67679
1.6412
1.60406
1.56543
1.52536
1.48398
1.44141
1.39771
1.35303
1.3075
1.26117
1.2142
1.16672
1.11877
1.07056
1.02219
0.949341
0.925171
0.876892
0.828888
0.75766
0.710815
0.664673
0.619324
0.57489
0.531433
0.489075
0.447906
0.40802
0.369568
0.332672
0.297333
0.247528
0.231842
0.201752
0.173553
0.147308
0.123108
0.101013
0.0810547
0.0632324
0.0406799
0.0342712
0.0232239
0.0109863
0.00808716
0.00286865
0.00231934
0.00421143
0.00839233
0.0149536
0.0238342
0.0350647
0.0485535
0.0643311
0.0823364
0.102478
0.124817
0.149109
0.175598
0.20401
0.234161
0.266205
0.299957
0.335358
0.372284
0.410706
0.4505
0.491577
0.555359
0.577148
0.643951
0.666626
0.735779
0.759155
0.829987
0.877686
0.925629
0.973724
1.02182
1.06979
1.11752
1.16492
1.21185
1.25821
1.30386
1.34872
1.39267
1.43564
1.47748
1.51813
1.55753
1.59552
1.63208
1.66708
1.71655
1.73221
1.77649
1.79034
1.82898
1.85229
1.87354
1.8927
1.90967
1.92444
1.93695
1.9472
1.95514
1.96268
1.96472
1.96445
1.96176
1.95673
1.94937
1.93964
1.92761
1.91327
1.8967
1.86774
1.84576
1.82172
1.79572
1.76776
1.73785
1.70618
1.67276
1.6377
1.60107
1.56299
1.5033
1.46191
1.41943
1.37585
1.33139
1.28613
1.2402
1.19363
1.14661
1.09918
1.05151
1.00366
0.955811
0.907959
0.836609
0.812958
0.765961
0.719482
0.673553
0.606079
0.562134
0.519165
0.477264
0.436554
0.397095
0.359039
0.340546
0.287384
0.253998
0.222382
0.192505
0.164551
0.13855
0.114716
0.092926
0.0733337
0.0559692
0.040863
0.0280762
0.0176086
0.00952148
0.0038147
0.000518799
-0.000396728
0.00109863
0.00500488
0.011322
0.019989
0.0310059
0.0518494
0.0686035
0.0778198
0.108704
0.132019
0.157288
0.184509
0.213684
0.244812
0.277679
0.312256
0.348419
0.386139
0.425262
0.465698
0.507385
0.550201
0.594025
0.638824
0.684418
0.730774
0.77771
0.825195
0.873077
0.921265
0.969604
1.01794
1.06628
1.11456
1.18643
1.21021
1.25735
1.30396
1.34979
1.41705
1.46072
1.48215
1.52414
1.58481
1.62354
1.66083
1.6965
1.73053
1.76288
1.7933
1.82199
1.84857
1.87311
1.89554
1.92505
1.94193
1.95648
1.96869
1.97852
1.98596
1.99097
1.99353
1.99365
1.99133
1.98657
1.97937
1.96979
1.95782
1.94351
1.92691
1.90805
1.88699
1.86377
1.8385
1.8111
1.78168
1.75046
1.71738
1.66458
1.62729
1.58847
1.54822
1.50662
1.46375
1.41974
1.37469
1.32867
1.28186
1.23434
1.18625
1.1377
1.08878
1.03967
0.990356
0.941071
0.891998
0.84314
0.794678
0.7229
0.69928
0.652588
0.60672
0.561798
0.496338
0.475098
0.433594
0.37384
0.335846
0.299438
0.28186
0.23172
0.200592
0.171417
0.157562
0.131317
0.0960388
0.0752258
0.0566711
0.0404053
0.0264893
0.0149536
0.00582886
-0.00088501
-0.00515747
-0.00698853
-0.00637817
-0.00332642
0.00213623
0.00997925
0.0202332
0.0328369
0.0477295
0.0648804
0.0842896
0.105896
0.129639
0.155396
0.183105
0.212769
0.244385
0.277771
0.312897
0.34967
0.388
0.427765
0.468903
0.511292
0.55484
0.599518
0.645142
0.69162
0.762726
0.810852
0.859467
0.908417
0.957611
1.00693
1.05624
1.10544
1.15439
1.20297
1.25107
1.29855
1.34534
1.39127
1.43628
1.48022
1.54388
1.56448
1.62415
1.66202
1.6983
1.73285
1.76569
1.79657
1.8255
1.86514
1.87729
1.89996
1.92044
1.94693
1.96167
1.96817
1.9794
1.98822
1.99695
1.99976
2.00012
1.99805
1.99359
1.98669
1.97742
1.96573
1.95175
1.93542
1.91684
1.89606
1.87308
1.84805
1.82083
1.79166
1.76059
1.72775
1.69312
1.63806
1.61893
1.55933
1.53879
1.4967
1.4314
1.38647
1.3407
1.2941
1.24677
1.19888
1.15051
1.10178
1.05276
1.00369
0.95462
0.905548
0.856628
0.807983
0.759766
0.712067
0.641724
0.618652
0.55072
0.528564
0.485077
0.442749
0.381622
0.342621
0.305145
0.287018
0.235077
0.202728
0.17215
0.143494
0.117004
0.0811157
0.0702209
0.0501404
0.0323181
0.0168457
-0.00195312
-0.00701904
-0.0185547
-0.0231628
-0.0252991
-0.0249634
-0.0221558
-0.0168762
-0.00912476
0.0010376
0.0136108
0.0285339
0.0458374
0.0653992
0.0871887
0.111176
0.137207
0.165405
0.195557
0.227631
0.261444
0.297028
0.33432
0.373169
0.413513
0.455261
0.498322
0.565094
0.610992
0.657776
0.705383
0.753723
0.802643
0.852081
0.901855
0.951904
1.00195
1.07703
1.12692
1.17651
1.22565
1.27423
1.32211
1.3692
1.41534
1.46051
1.50452
1.56824
1.58878
1.62881
1.66736
1.70425
1.73947
1.789
1.81964
1.84833
1.87506
1.8996
1.92203
1.94226
1.96021
1.97583
1.98911
1.99997
2.00845
2.01447
2.01886
2.01868
2.01605
2.01093
2.00336
1.99335
1.9809
1.96606
1.94894
1.92947
1.89612
1.88388
1.85788
1.82974
1.78378
1.76749
1.71603
1.67953
1.64142
1.60172
1.56058
1.5181
1.47433
1.452
1.38342
1.33655
1.28885
1.24048
1.19147
1.14203
1.09225
1.04224
0.992188
0.942139
0.892181
0.81778
0.793182
0.744354
0.672302
0.648682
0.602051
0.533936
0.489868
0.468292
0.405487
0.385254
0.326813
0.289886
0.254639
0.221283
0.189667
0.160095
0.132629
0.107239
0.0840454
0.0630798
0.0444336
0.0281372
0.0142212
0.00274658
-0.00628662
-0.0128784
-0.0170288
-0.0187073
-0.0179138
-0.014679
-0.0090332
-0.000976562
0.00949097
0.0223389
0.0459595
0.0645447
0.0746765
0.0965881
0.120636
0.146851
0.18988
0.221008
0.237305
0.288757
0.325195
0.363251
0.402802
0.443787
0.486115
0.529633
0.57431
0.619965
0.666534
0.713898
0.761932
0.810516
0.859497
0.908813
0.958374
1.00793
1.0575
1.10687
1.15598
1.20468
1.25287
1.30045
1.34726
1.39325
1.43829
1.50378
1.52502
1.58679
1.62622
1.66409
1.70041
1.73502
1.76785
1.79874
1.82767
1.85464
1.87952
1.90225
1.92276
1.94104
1.957
1.97064
1.9819
1.99432
1.99957
2.00238
2.00278
2.00076
1.99631
1.98944
1.98016
1.96854
1.95459
1.93829
1.91974
1.89896
1.87601
1.85098
1.82385
1.79468
1.76367
1.73083
1.69623
1.65997
1.60263
1.58276
1.52115
1.49997
1.43469
1.38989
1.34412
1.29755
1.25021
1.20233
1.15396
1.10526
1.05634
1.00726
0.958191
0.909363
0.860718
0.812469
0.764679
0.717468
0.670959
0.625214
0.580414
0.536591
0.493805
0.452179
0.411804
0.353882
0.335297
0.299316
0.248383
0.216553
0.186646
