0
0
0
0
0
6.10349e-05
0.000305176
0.000549316
0.00088501
0.00140381
0.00216675
0.00320435
0.00454712
0.0062561
0.0083313
0.0108337
0.0137329
0.0170288
0.0207825
0.0249329
0.02948
0.0344543
0.0397949
0.0455322
0.0516357
0.0581055
0.0648804
0.0720215
0.083313
0.0872192
0.0993958
0.103577
0.112152
0.125519
0.130096
0.144165
0.148926
0.163666
0.168671
0.18396
0.194427
0.199677
0.21579
0.226776
0.237854
0.249084
0.260437
0.271912
0.283478
0.295197
0.306915
0.318817
0.33078
0.342743
0.354797
0.367004
0.379211
0.391418
0.403625
0.415833
0.42804
0.440247
0.452454
0.464661
0.476868
0.495178
0.501282
0.513489
0.531799
0.537903
0.55603
0.567993
0.579956
0.591919
0.603699
0.615417
0.627136
0.638672
0.650146
0.661621
0.672852
0.684082
0.695129
0.706116
0.71698
0.727722
0.738342
0.74884
0.759216
0.76947
0.779572
0.789581
0.799377
0.809113
0.818634
0.828033
0.837311
0.850891
0.855316
0.868408
0.876953
0.881134
0.893463
0.90152
0.909332
0.916992
0.9245
0.931824
0.938934
0.945892
0.952698
0.95929
0.965698
0.975006
0.978058
0.983948
0.989685
0.99527
1.00064
1.00842
1.01096
1.01825
1.02057
1.02518
1.03177
1.03592
1.03799
1.04193
1.04761
1.05124
1.05466
1.05798
1.06116
1.06421
1.06714
1.06992
1.0726
1.0751
1.07755
1.0798
1.082
1.08401
1.08597
1.08777
1.08948
1.09106
1.09253
1.09393
1.09576
1.09637
1.09738
1.09836
1.09961
1.10034
1.10071
1.1015
1.10199
1.10236
1.1026
1.10272
1.10294
1.10294
1.10294
1.10278
1.10266
1.10229
1.10199
1.1015
1.10101
1.10052
1.09985
1.09912
1.09839
1.09766
1.09674
1.09576
1.09479
1.09381
1.09216
1.09155
1.09033
1.0885
1.08728
1.08591
1.08444
1.08298
1.08151
1.08005
1.07858
1.07706
1.07535
1.07364
1.07193
1.07022
1.06851
1.0668
1.06509
1.06339
1.06155
1.0596
1.05765
1.05569
1.05374
1.05179
1.04984
1.04788
1.04593
1.043
1.04202
1.04007
1.03714
1.03616
1.03323
1.03226
1.02933
1.02835
1.02542
1.02347
1.02249
1.01956
1.01761
1.01566
1.0137
1.01175
1.0098
1.00784
1.00589
1.00394
1.00198
1.00003
0.998077
0.996124
0.994171
0.992218
0.990265
0.988312
0.986359
0.983429
0.981476
0.979523
0.97757
0.975616
0.973663
0.972687
0.969757
0.968781
0.965851
0.963898
0.961945
0.960052
0.958344
0.956635
0.954926
0.953217
0.951508
0.949799
0.94809
0.946381
0.944672
0.942963
0.941254
0.939545
0.937836
0.936127
0.934418
0.932861
0.931396
0.929932
0.928467
0.925537
0.924072
0.922607
0.92041
0.919678
0.91748
0.915283
0.91391
0.912689
0.911469
0.910248
0.909027
0.907806
0.906586
0.905365
0.904144
0.902924
0.901703
0.900482
0.899353
0.898376
0.8974
0.896423
0.895447
0.89447
0.893494
0.892517
0.891052
0.889587
0.887848
0.886749
0.886383
0.885284
0.884552
0.88382
0.882721
0.881989
0.881256
0.880524
0.879822
0.879333
0.878845
0.878357
0.877869
0.87738
0.876892
0.876404
0.875916
0.875427
0.874939
0.874451
0.873962
0.873657
0.873413
0.873169
0.872925
0.872681
0.872437
0.872192
0.871948
0.871704
0.87146
0.871216
0.870972
0.870605
0.870514
0.870514
0.870514
0.870514
0.870514
0.870514
0.870514
0.870514
0.870514
0.870514
0.870514
0.870514
0.870514
0.870514
0.870514
0.870514
0.870514
0.870758
0.871002
0.871368
0.871613
0.871857
0.872101
0.872345
0.872589
0.872833
0.873077
0.873322
0.873566
0.87381
0.874054
0.874298
0.874542
0.874786
0.875031
0.875275
0.875519
0.875763
0.876007
0.876251
0.876495
0.87674
0.876984
0.877472
0.87796
0.878448
0.878937
0.879425
0.880157
0.880402
0.881134
0.881622
0.882111
0.882599
0.883087
0.883575
0.884064
0.884552
0.88504
0.885529
0.886017
0.886505
0.886993
0.887482
0.88797
0.888458
0.888947
0.889435
0.889923
0.890411
0.8909
0.891388
0.891876
0.892365
0.892853
0.893341
0.893829
0.894318
0.894806
0.895294
0.895782
0.896271
0.896759
0.897247
0.89798
0.898224
0.898712
0.899445
0.899689
0.900177
0.900909
0.901154
0.901642
0.902374
0.902863
0.903351
0.903839
0.904327
0.904816
0.905304
0.905792
0.906036
0.906769
0.907257
0.907745
0.908234
0.908722
0.909058
0.909302
0.909546
0.90979
0.910034
0.910278
0.910522
0.910767
0.911011
0.911255
0.911499
0.911743
0.911987
0.912231
0.912476
0.91272
0.912964
0.913208
0.913452
0.913696
0.91394
0.914185
0.914429
0.914673
0.914917
0.915161
0.915405
0.915649
0.915894
0.916138
0.916382
0.916626
0.916992
0.917114
0.91748
0.917725
0.917969
0.918213
0.918457
0.918701
0.918945
0.919312
0.919556
0.9198
0.920044
0.920288
0.920532
0.920776
0.921021
0.921265
0.921509
0.921875
0.922119
0.922363
0.922607
0.922852
0.923218
0.92334
0.923584
0.92395
0.924072
0.924316
0.924561
0.924927
0.925171
0.925415
0.925659
0.925903
0.926147
0.926392
0.926636
0.92688
0.927124
0.927368
0.927551
0.927551
0.927551
0.927551
0.927551
0.927551
0.927551
0.927551
0.927551
0.927551
0.927551
0.927551
0.927551
0.927551
0.927551
0.927551
0.927551
0.927551
0.927551
0.927551
0.927551
0.927551
0.927551
0.927551
0.927551
0.927551
0.927551
0.927551
0.927551
0.927551
0.927551
0.927551
0.927551
0.927551
0.927551
0.927551
0.927551
0.927551
0.927551
0.927551
0.927551
0.927551
0.927551
0.927551
0.927551
0.927551
0.927551
0.927551
0.927551
0.927551
0.927551
0.927551
0.927551
0.927551
0.927551
0.927551
0.927551
0.927551
0.927551
0.927551
0.927551
0.927551
0.927551
0.927551
0.927551
0.927551
0.927551
0.927551
0.927551
0.927551
0.927551
0.927551
0.927551
0.927551
0.927551
0.927551
0.927551
0.927551
0.927551
0.927551
0.927551
0.927551
0.927551
0.927551
0.927551
0.927551
0.927551
0.927551
0.927551
0.927551
0.927551
0.927551
0.927551
0.927551
0.927551
0.927551
0.927551
0.927551
0.927551
0.927551
0.927551
0.927551
0.927551
0.927551
0.927551
0.927551
0.927551
0.927551
0.927551
0.927551
0.927551
0.927551
0.927551
0.927551
0.927551
0.927551
0.927551
0.927551
0.927704
0.927948
0.928314
0.928436
0.928802
0.928925
0.929413
0.929535
0.930145
0.930389
0.930634
0.930878
0.931122
0.931732
0.931976
0.932098
0.932709
0.932831
0.933197
0.933319
0.933685
0.933929
0.934174
0.934296
0.934662
0.934906
0.93515
0.935394
0.935638
0.935883
0.936127
0.936371
0.936615
0.936859
0.937103
0.937347
0.937592
0.937836
0.93808
0.938324
0.938568
0.938812
0.939056
0.939301
0.939545
0.939789
0.940033
0.940277
0.940521
0.940765
0.94101
0.941254
0.941498
0.94165
0.94165
0.94165
0.94165
0.94165
0.94165
0.94165
0.94165
0.94165
0.94165
0.94165
0.94165
0.94165
0.94165
0.94165
0.94165
0.94165
0.94165
0.94165
0.94165
0.94165
0.94165
0.94165
0.94165
0.94165
0.94165
0.94165
0.94165
0.94165
0.94165
0.94165
0.94165
0.94165
0.94165
0.94165
0.94165
0.94165
0.94165
0.94165
0.94165
0.94165
0.94165
0.94165
0.94165
0.94165
0.94165
0.94165
0.94165
0.94165
0.94165
0.94165
0.94165
0.94165
0.94165
0.94165
0.94165
0.94165
0.94165
0.94165
0.94165
0.94165
0.94165
0.94165
0.94165
0.94165
0.94165
0.94165
0.94165
0.94165
0.94165
0.94165
0.94165
0.94165
0.94165
0.94165
0.94165
0.94165
0.94165
0.94165
0.94165
0.94165
0.94165
0.94165
0.94165
0.94165
0.94165
0.94165
0.94165
0.94165
0.94165
0.94165
0.94165
0.94165
0.94165
0.94165
0.94165
0.94165
0.94165
0.94165
0.94165
0.94165
0.94165
0.94165
0.94165
0.94165
0.94165
0.94165
0.94165
0.94165
0.94165
0.94165
0.941895
0.942139
0.942383
0.942627
0.942993
0.943237
0.943481
0.943726
0.94397
0.944214
0.944458
0.944702
0.944946
0.94519
0.945557
0.945679
0.945923
0.946167
0.946411
0.946777
0.946899
0.947144
0.94751
0.947632
0.947998
0.948242
0.948486
0.94873
0.948975
0.949219
0.949463
0.949707
0.949951
0.950195
0.950439
0.950684
0.950928
0.951172
0.951416
0.95166
0.952026
0.952148
0.952209
0.952209
0.952209
0.952209
0.952209
0.952209
0.952209
0.952209
0.952209
0.952209
0.952209
0.952209
0.952209
0.952209
0.952209
0.952209
0.952209
0.952209
0.952209
0.952209
0.952209
0.952209
0.952209
0.952209
0.952209
0.952209
0.952209
0.952209
0.952209
0.952209
0.952209
0.952209
0.952209
0.952209
0.952209
0.952209
0.952209
0.952209
0.952209
0.952209
0.952209
0.952209
0.952209
0.952209
0.952209
0.952209
0.952209
0.952209
0.952209
0.952209
0.952209
0.952209
0.952209
0.952209
0.952209
0.952209
0.952209
0.952209
0.952209
0.952209
0.952209
0.952209
0.952209
0.952209
0.952209
0.952209
0.952209
0.952209
0.952209
0.952209
0.952209
0.952209
0.952209
0.952209
0.952209
0.952209
0.952209
0.952209
0.952209
0.952209
0.952209
0.952209
0.952209
0.952209
0.952209
0.952209
0.952209
0.952209
0.952209
0.952209
0.952209
0.952209
0.952209
0.952209
0.952209
0.952209
0.952209
0.952209
0.952209
0.952209
0.952209
0.952209
0.952209
0.952209
0.952209
0.952209
0.952209
0.952209
0.952209
0.952209
0.952209
0.952209
0.952209
0.952209
0.952209
0.952209
0.952209
0.952209
0.952209
0.952209
0.952209
0.952209
0.952209
0.952209
0.952209
0.952209
0.952209
0.952209
0.952209
0.952209
0.952209
0.952209
0.952209
0.952362
0.952606
0.95285
0.953094
0.953339
0.953583
0.953827
0.954071
0.954315
0.954559
0.954803
0.95517
0.955414
0.955658
0.955902
0.956146
0.95639
0.956635
0.956879
0.957123
0.957367
0.957611
0.957855
0.958099
0.958344
0.958588
0.958832
0.959076
