0
0
0
0
0
0
0
1.52588e-05
7.62938e-05
0.000183105
0.000350952
0.000610351
0.000961304
0.00169373
0.0019989
0.00271606
0.00356293
0.00454712
0.00628662
0.00762177
0.00908661
0.0106888
0.0124207
0.0142822
0.0162659
0.0183716
0.0205994
0.022934
0.0253754
0.027916
0.030571
0.034729
0.0376205
0.040596
0.043663
0.046814
0.0500488
0.05336
0.0567474
0.0602036
0.063736
0.067337
0.0710068
0.0747375
0.0766296
0.0823822
0.0882721
0.0922623
0.0963058
0.0983505
0.10247
0.106636
0.112968
0.115105
0.121567
0.125916
0.13031
0.134735
0.139191
0.143684
0.148201
0.152748
0.157326
0.161903
0.166542
0.171181
0.175819
0.180519
0.185219
0.189919
0.194633
0.199394
0.204155
0.208916
0.213676
0.218437
0.223198
0.227997
0.232819
0.23764
0.242462
0.247284
0.252106
0.256927
0.261749
0.268982
0.273788
0.278549
0.28331
0.288071
0.292831
0.297592
0.302353
0.307114
0.311813
0.316513
0.323555
0.325874
0.330513
0.337433
0.34201
0.34655
0.351067
0.355537
0.359993
0.364388
0.368767
0.3731
0.377396
0.381668
0.385887
0.390083
0.394234
0.398346
0.402435
0.406471
0.410484
0.416428
0.418381
0.422287
0.428062
0.431862
0.435638
0.439362
0.443062
0.446724
0.45034
0.453941
0.457481
0.460999
0.464478
0.467911
0.471329
0.476364
0.479668
0.482956
0.484573
0.489395
0.492569
0.495697
0.49881
0.501862
0.504898
0.507889
0.510849
0.513779
0.516663
0.519531
0.522339
0.525139
0.527885
0.530617
0.533302
0.535965
0.538589
0.541183
0.545021
0.547523
0.550018
0.55246
0.554893
0.557274
0.559647
0.561966
0.565414
0.566544
0.569901
0.572098
0.574272
0.576408
0.578537
0.580612
0.582687
0.584702
0.586716
0.588684
0.590637
0.592567
0.59446
0.596352
0.598183
0.600014
0.601807
0.603577
0.605339
0.607048
0.608757
0.610435
0.612083
0.613731
0.615326
0.616913
0.618492
0.620781
0.622307
0.623787
0.624519
0.626717
0.628136
0.629539
0.630943
0.632301
0.633644
0.634987
0.636299
0.637581
0.638863
0.640129
0.64196
0.643181
0.644386
0.645546
0.646706
0.647865
0.648987
0.650085
0.651184
0.652283
0.653328
0.654366
0.655922
0.656441
0.657913
0.65889
0.659866
0.660835
0.661751
0.662666
0.663582
0.664497
0.665382
0.666237
0.667091
0.668373
0.6688
0.669617
0.670807
0.671204
0.672394
0.673187
0.673927
0.67466
0.675392
0.676125
0.676857
0.677582
0.678253
0.678925
0.679596
0.680267
0.680939
0.68161
0.682541
0.683151
0.683762
0.684372
0.684982
0.685593
0.686195
0.686745
0.687294
0.688118
0.688667
0.689217
0.689766
0.690315
0.690834
0.691322
0.691811
0.692299
0.692787
0.693275
0.693764
0.694252
0.69474
0.695229
0.695656
0.696083
0.69651
0.697151
0.697578
0.698006
0.698433
0.69886
0.699287
0.699715
0.700142
0.700508
0.700874
0.701241
0.701607
0.701973
0.702522
0.702888
0.703255
0.703255
0.70472
0.705086
0.705452
0.705788
0.706093
0.706398
0.706703
0.707008
0.707314
0.707619
0.707924
0.708229
0.708534
0.708839
0.709145
0.70945
0.709755
0.71006
0.710365
0.71067
0.710976
0.711281
0.711586
0.712044
0.712349
0.712639
0.712883
0.713127
0.713371
0.713615
0.71386
0.714104
0.714348
0.714714
0.714958
0.715202
0.715446
0.715569
0.715935
0.716179
0.716423
0.716667
0.716911
0.717155
0.7174
0.717644
0.717888
0.718132
0.718376
0.71862
0.718864
0.719109
0.719353
0.719597
0.719841
0.720085
0.720329
0.720573
0.720818
0.721062
0.721306
0.72155
0.721794
0.722038
0.722282
0.722649
0.722771
0.723015
0.723259
0.723503
0.723869
0.724113
0.724236
0.724602
0.724846
0.72509
0.725334
0.725578
0.725822
0.726067
0.726311
0.726555
0.726799
0.727165
0.727287
0.727531
0.727898
0.72802
0.728264
0.728508
0.728874
0.729118
0.729362
0.729485
0.729851
0.730095
0.730339
0.730583
0.730827
0.731071
0.731316
0.73156
0.731804
0.732048
0.732292
0.732536
0.73278
0.733025
0.733391
0.733513
0.733879
0.734123
0.734245
0.734612
0.734856
0.7351
0.735344
0.735588
0.735832
0.736076
0.73632
0.736565
0.736809
0.737053
0.737297
0.737541
0.737907
0.738029
0.738396
0.73864
0.738762
0.739128
0.739372
0.739616
0.739861
0.740105
0.740349
0.740593
0.740837
0.741081
0.741325
0.74157
0.741814
0.741936
0.742424
0.742668
0.742912
0.743156
0.743401
0.743645
0.743889
0.744133
0.744377
0.744621
0.744865
0.74511
0.745354
0.745598
0.745842
0.746086
0.74633
0.746574
0.746819
0.747063
0.747307
0.747673
0.747795
0.748039
0.748405
0.74865
0.748894
0.749138
0.749382
0.749626
0.74987
0.750114
0.750359
0.750603
0.750847
0.751091
0.751335
0.751579
0.751823
0.752068
0.752312
0.752556
0.7528
0.753044
0.753288
0.753654
0.753777
0.754021
0.754387
0.754631
0.754875
0.755119
0.755363
0.755608
0.755852
0.756096
0.75634
0.756584
0.75695
0.757072
0.757439
0.757683
0.757927
0.758171
0.758415
0.758659
0.758904
0.759148
0.759392
0.759636
0.75988
0.760124
0.760368
0.760735
0.760857
0.761101
0.761467
0.761589
0.761955
0.762199
0.762321
0.762688
0.762932
0.763176
0.76342
0.763664
0.763908
0.764153
0.764519
0.764763
0.764885
0.765251
0.765373
0.765739
0.765984
0.766228
0.766472
0.766716
0.76696
0.767204
0.767448
0.767693
0.767937
0.768181
0.768425
0.768669
0.768913
0.769279
0.769402
0.769768
0.76989
0.770134
0.7705
0.770744
0.770866
0.771233
0.771477
0.771599
0.771965
0.772087
0.772453
0.772697
0.772942
0.773186
0.77343
0.773674
0.773918
0.774162
0.774406
0.774651
0.774895
0.775139
0.775383
0.775749
0.775871
0.776237
0.776482
0.776726
0.77697
0.777214
0.777458
0.777702
0.777824
0.778191
0.778557
0.778679
0.779045
0.779167
0.779411
0.779655
0.780022
0.780266
0.78051
0.780632
0.780998
0.781242
0.781487
0.781731
0.781975
0.782219
0.782463
0.782707
0.783073
0.783318
0.783562
0.783806
0.783928
0.784294
0.784538
0.784782
0.785027
0.785217
0.7854
0.785583
0.785767
0.786041
0.786224
0.786407
0.786499
0.786774
0.786957
0.78714
0.787323
0.787506
0.787689
0.787872
0.788055
0.788239
0.788422
0.788605
0.788879
0.789062
0.789246
0.789429
0.789612
0.789795
0.789978
0.790161
0.790344
0.790527
0.79071
0.790894
0.791077
0.79126
0.791443
0.791626
0.791809
0.791992
0.792175
0.792358
0.792633
0.792725
0.792999
0.793091
0.793365
0.793549
0.793732
0.793915
0.794098
0.794281
0.794464
0.794647
0.79483
0.795013
0.795197
0.795471
0.795563
0.795746
0.795929
0.796112
0.796387
0.796478
0.796753
0.796936
0.797119
0.797302
0.797485
0.797668
0.797852
0.798035
0.798218
0.798401
0.798584
0.798767
0.79895
0.799133
0.799408
0.7995
0.799774
0.799866
0.800049
0.800232
0.800415
0.80069
0.800873
0.801056
0.801239
0.801422
0.801605
0.801788
0.801971
0.802155
0.802338
0.802521
0.802795
0.802887
0.80307
0.803253
0.803436
0.803711
0.803802
0.803986
0.80426
0.804352
0.804626
0.80481
0.804993
0.805176
0.805359
0.805542
0.805725
0.805908
0.806091
0.806274
0.806458
0.806641
0.806824
0.807007
0.80719
0.807373
0.807556
0.807739
0.807922
0.808105
0.808289
0.808563
0.808746
0.808929
0.809113
0.809296
0.809479
0.809662
0.809845
0.810028
0.810211
0.810394
0.810577
0.81076
0.810944
0.811127
0.81131
0.811584
0.811676
0.811951
0.812042
0.812225
0.8125
0.812683
0.812866
0.812958
0.813232
0.813416
0.813599
0.813782
0.813965
0.814148
0.814331
0.814514
0.814697
0.81488
0.815063
0.815247
0.81543
0.815613
0.815796
0.815979
0.816162
0.816345
0.816528
0.816711
0.817078
0.817352
0.817535
0.817719
0.817902
0.818085
0.818359
0.818542
0.818634
0.818909
0.819092
0.819275
0.819458
0.819641
0.819824
0.820007
0.82019
0.820374
0.820557
0.820831
0.820923
0.821106
0.821198
0.821472
0.821655
0.82193
0.822113
0.822296
0.822479
0.822662
0.822845
0.823029
0.823303
0.823395
0.823578
0.823853
0.823944
0.824219
0.824402
0.824585
0.824768
0.82486
0.825134
0.825317
0.8255
0.825684
0.825867
0.82605
0.826233
0.826416
0.826599
0.826782
0.826965
0.827148
0.827423
0.827515
0.827789
0.827972
0.828156
0.828339
0.828522
0.828705
0.828888
0.829071
0.829254
0.829437
0.82962
0.829803
0.829987
0.83017
0.830353
0.830536
0.830811
0.830902
0.831085
0.83136
0.831451
0.831635
0.831909
0.832092
0.832275
0.832458
0.832642
0.832825
0.833008
0.833191
0.833374
0.833374
0.83374
0.833923
0.834106
0.83429
0.834473
0.834656
0.834839
0.835022
0.835297
0.835388
0.835663
0.835754
0.835938
0.836212
0.836304
0.836578
0.836761
0.836945
0.837128
0.837311
0.837585
0.837769
0.83786
0.838135
0.838226
0.838501
0.838684
0.838867
0.83905
0.839233
0.839417
0.8396
0.839783
0.839966
0.840149
0.840332
0.840515
0.840698
0.840973
0.841156
0.841248
0.841522
0.841705
0.841888
0.842072
0.842255
0.842438
0.842621
0.842804
0.842987
0.84317
0.843353
0.843536
0.843719
0.843994
0.844086
0.84436
0.844543
0.844727
0.84491
0.845093
0.845276
0.845459
0.845642
0.845825
0.846008
0.846191
0.846375
0.846558
0.846741
0.846924
0.847107
0.84729
0.847565
0.847748
0.847931
0.848114
0.848297
0.84848
0.848663
0.848846
0.84903
0.849213
0.849396
0.849579
0.849762
0.849945
0.850128
0.850403
0.850494
0.850677
0.850861
0.851044
0.851318
0.851501
0.851685
0.851868
0.852051
0.852234
0.852417
0.8526
0.852783
0.852966
0.853149
0.853333
0.853516
0.853699
0.853882
0.854065
0.854248
0.854431
0.854614
0.854889
0.85498
0.855164
0.855438
0.855621
0.855804
0.855988
0.856171
0.856354
0.856537
0.85672
0.856903
0.857086
0.857269
0.857452
0.857635
0.857819
0.858002
0.858185
0.858368
