0
0
0
0
0
3.05173e-05
0.000274658
0.000823974
0.00164795
0.00302124
0.00512695
0.00805664
0.0120239
0.0171509
0.0234985
0.0311584
0.0402222
0.056427
0.0625305
0.0758057
0.0904846
0.115021
0.12384
0.142487
0.172729
0.194366
0.217072
0.240875
0.253143
0.278412
0.317963
0.345367
0.359344
0.387878
0.432007
0.447021
0.492889
0.524078
0.555725
0.587799
0.620178
0.636475
0.68573
0.718781
0.751984
0.785187
0.81839
0.868195
0.884735
0.934113
0.95047
0.983002
1.03122
1.04709
1.09412
1.10956
1.15512
1.17004
1.19943
1.24234
1.25629
1.29706
1.32327
1.34872
1.37332
1.39706
1.41989
1.4418
1.4628
1.48282
1.50183
1.51978
1.53671
1.55258
1.57437
1.58755
1.59964
1.61063
1.62048
1.62924
1.63687
1.6434
1.6488
1.65311
1.65744
1.65894
1.65933
1.6586
1.6568
1.6539
1.64996
1.64496
1.63889
1.6279
1.61935
1.60983
1.59933
1.58798
1.57571
1.55569
1.54861
1.53384
1.51025
1.49362
1.47629
1.45825
1.43967
1.42047
1.40073
1.38046
1.35974
1.33859
1.30609
1.284
1.26163
1.25034
1.21606
1.19296
1.16977
1.14633
1.12289
1.09946
1.07602
1.05258
1.02914
1.00589
0.982727
0.959778
0.937042
0.914551
0.892395
0.870544
0.838409
0.827911
0.80722
0.777039
0.767212
0.747925
0.720032
0.711029
0.69342
0.676422
0.660034
0.636658
0.629211
0.614838
0.594604
0.588226
0.57019
0.559113
0.548798
0.539215
0.530487
0.522522
0.51535
0.508972
0.503418
0.498657
0.49469
0.491547
0.489197
0.48764
0.486877
0.486938
0.487762
0.489319
0.491669
0.494781
0.498627
0.503204
0.508484
0.517731
0.52478
0.532471
0.540802
0.549805
0.559357
0.574829
0.585846
0.597382
0.609436
0.622009
0.63501
0.648468
0.662292
0.676544
0.691132
0.706085
0.721313
0.736816
0.752563
0.768555
0.784729
0.801086
0.817596
0.834198
0.850891
0.867737
0.893005
0.901428
0.926697
0.943542
0.951843
0.976746
0.984985
1.00949
1.0256
1.0415
1.05719
1.07263
1.08777
1.1026
1.11713
1.13129
1.14508
1.15851
1.17154
1.18414
1.19632
1.20807
1.21936
1.23016
1.24048
1.25031
1.25958
1.26834
1.27658
1.28424
1.29135
1.30099
1.3067
1.31186
1.31644
1.3204
1.32382
1.32666
1.32889
1.33057
1.33163
1.33215
1.33209
1.33145
1.33026
1.32852
1.32626
1.32346
1.3201
1.31625
1.31189
1.30701
1.30167
1.29587
1.28632
1.2829
1.27576
1.26822
1.26028
1.24765
1.24326
1.22955
1.22479
1.21509
1.19998
1.18958
1.17889
1.168
1.15689
1.1456
1.13412
1.12247
1.11075
1.09885
1.08688
1.07492
1.06287
1.05066
1.03845
1.02625
1.01419
1.00223
0.990265
0.978363
0.966644
0.955017
0.943542
0.932251
0.921112
0.910187
0.894226
0.88385
0.873718
0.868713
0.854218
0.849487
0.835785
0.827057
0.818634
0.810516
0.802765
0.795349
0.7883
0.781616
0.775299
0.766541
0.763824
0.758667
0.751678
0.747528
0.743774
0.742065
0.738922
0.734985
0.73291
0.731232
0.72995
0.729095
0.728638
0.728607
0.729309
0.730255
0.731598
0.733337
0.735443
0.737976
0.740845
0.74411
0.747681
0.751648
0.75592
0.760498
0.768005
0.773407
0.779083
0.785034
0.79126
0.797729
0.804443
0.811401
0.822235
0.829712
0.837372
0.845184
0.85321
0.865448
0.869598
0.877899
0.886414
0.894958
0.903503
0.912201
0.925385
0.929779
0.938568
0.947357
0.956146
0.96933
0.977966
0.986511
0.995056
1.00351
1.01181
1.02005
1.02811
1.03604
1.04385
1.05142
1.05884
1.06607
1.07312
1.07996
1.08658
1.09299
1.09918
1.10516
1.11374
1.11914
1.1243
1.12921
1.13382
1.13818
1.14227
1.14606
1.14957
1.1528
1.1557
1.15829
1.16061
1.16263
1.16434
1.16574
1.16684
1.16763
1.16812
1.1683
1.16803
1.16779
1.16666
1.16556
1.16489
1.16251
1.16156
1.15836
1.15588
1.15454
1.15021
1.147
1.14359
1.13992
1.13602
1.13193
1.12762
1.12314
1.1185
1.11362
1.10861
1.10349
1.09811
1.09271
1.0871
1.08145
1.07559
1.06973
1.06375
1.05765
1.05154
1.04544
1.03925
1.0329
1.02655
1.01703
1.01385
1.00433
1.00122
0.992065
0.985962
0.979858
0.973907
0.970978
0.962189
0.956543
0.950928
0.945435
0.940063
0.934784
0.929657
0.924622
0.917297
0.914978
0.908051
0.903656
0.899384
0.895233
0.891296
0.887482
0.88382
0.880402
0.877136
0.874054
0.871185
0.8685
0.866058
0.863831
0.861816
0.860016
0.858429
0.856445
0.855896
0.85495
0.853973
0.853729
0.853394
0.853424
0.853668
0.854156
0.854858
0.855743
0.856842
0.858124
0.859589
0.861298
0.863159
0.865204
0.867401
0.871063
0.872406
0.876556
0.879486
0.882629
0.885834
0.889252
0.892731
0.896393
0.900116
0.904022
0.907928
0.912048
0.916199
0.920349
0.924713
0.931305
0.935699
0.940094
0.944672
0.94931
0.956268
0.960907
0.965546
0.970184
0.974823
0.979462
0.984009
0.988403
0.992798
0.99939
1.00156
1.00778
1.01193
1.0159
1.01981
1.02368
1.02734
1.03101
1.03448
1.0379
1.0412
1.04437
1.04749
1.05042
1.05331
1.056
1.05869
1.06113
1.06357
1.0658
1.06799
1.07001
1.07196
1.07373
1.07544
1.07693
1.0784
1.07962
1.08078
1.08224
1.08261
1.08362
1.08411
1.08429
1.08463
1.08463
1.08447
1.08423
1.08374
1.08316
1.08243
1.08154
1.08057
1.07935
1.07809
1.07663
1.07425
1.07254
1.07062
1.06866
1.06653
1.06433
1.06204
1.05838
1.05716
1.05453
1.05051
1.04779
1.04486
1.04193
1.039
1.03607
1.03311
1.02994
1.02676
1.022
1.02042
1.01566
1.01407
1.01089
1.00613
1.00296
0.999908
0.996979
0.994049
0.991119
0.98819
0.98526
0.98233
0.979553
0.976868
0.974182
0.971497
0.968811
0.966248
0.963806
0.961365
0.958923
0.956482
0.954285
0.952087
0.94989
0.946686
0.945709
0.943756
0.941803
0.93988
0.937317
0.935608
0.93396
0.932495
0.931763
0.929596
0.928375
0.927155
0.925995
0.925018
0.924042
0.923248
0.922516
0.921844
0.921356
0.920868
0.920624
0.92038
0.920319
0.920349
0.920593
0.920715
0.921295
0.921783
0.922424
0.923157
0.92395
0.924927
0.925903
0.927063
0.928284
0.929504
0.930969
0.932434
0.933899
0.935608
0.937317
0.939911
0.941864
0.943817
0.94577
0.947723
0.949829
0.952026
0.954224
0.956421
0.958618
0.961914
0.964111
0.966309
0.968506
0.970703
0.9729
0.975098
0.977295
0.979492
0.981689
0.983887
0.987061
0.988037
0.990967
0.991943
0.993896
0.996826
0.997803
1.00052
1.00223
1.00308
1.00565
1.00735
1.00897
1.01044
1.0119
1.01337
1.01483
1.0162
1.01743
1.01865
1.01987
1.02109
1.02219
1.02316
1.02414
1.02512
1.02609
1.02689
1.02762
1.02872
1.02908
1.02982
1.03058
1.03082
1.03156
1.03204
1.03241
1.03265
1.0329
1.03314
1.03339
1.03348
1.03348
1.03348
1.03348
1.03348
1.03339
1.03314
1.0329
1.03253
1.03229
1.03198
1.03149
1.03101
1.03052
1.03003
1.02954
1.02905
1.02841
1.02768
1.02695
1.02621
1.02548
1.02475
1.02402
1.02328
1.02252
1.02155
1.02008
1.01959
1.01813
1.01764
1.01666
1.0152
1.01471
1.01324
1.01227
1.01129
1.01031
1.00934
1.00836
1.00739
1.00641
1.00543
1.00446
1.00348
1.0025
1.00153
1.00055
0.999573
0.998596
0.99762
0.996643
0.995667
0.99469
0.993713
0.992249
0.99176
0.990295
0.989319
0.988342
0.987366
0.986389
0.985413
0.984436
0.983459
0.982483
0.981201
0.980469
0.979736
0.979004
0.978271
0.977539
0.976807
0.976074
0.975342
0.974609
0.973877
0.973145
0.972412
0.971832
0.971344
0.970856
0.970367
0.969879
0.969391
0.968903
0.96817
0.967926
0.967194
0.966949
0.966705
0.966339
0.966095
0.965851
0.965607
0.965363
0.965118
0.964874
0.96463
0.964508
0.964508
0.964508
0.964508
0.964508
0.964508
0.964508
0.964508
0.964508
0.964508
0.964691
0.964935
0.965179
0.965424
0.965668
0.965912
0.966156
0.9664
0.966644
0.966888
0.967133
0.967499
0.967926
0.968414
0.968903
0.969391
0.969879
0.970367
0.970856
0.971344
0.971832
0.972565
0.973053
0.973541
0.97403
0.974518
0.975006
0.975494
0.975983
0.976471
0.976959
0.977448
0.977936
0.978424
0.978912
0.979645
0.980133
0.980621
0.98111
0.981598
0.982086
0.982574
0.983063
0.983551
0.984039
0.984528
0.985016
0.985504
0.985992
0.986481
0.986969
0.987701
0.98819
0.988678
0.989166
0.989655
0.990143
0.990631
0.991119
0.991608
0.992096
0.992584
0.993073
0.993561
0.994019
0.994263
0.994507
0.994751
0.994995
0.995239
0.995483
0.995728
0.995972
0.996216
0.996582
0.996826
0.99707
0.997192
0.997437
0.997803
0.998047
0.998291
0.998535
0.998779
0.999023
0.999268
0.999298
0.999298
0.999298
0.999298
0.999298
0.999298
0.999298
0.999298
0.999298
0.999298
0.999298
0.999298
0.999298
0.999298
0.999298
0.999298
0.999298
0.999298
0.999298
0.999298
0.999298
0.999298
0.999298
0.999298
0.999298
0.999298
0.999298
0.999268
0.999023
0.998657
0.998413
0.998291
0.997925
0.997681
0.997437
0.997192
0.996948
0.996704
0.99646
0.996216
0.995972
0.995728
0.995483
0.995239
0.994995
0.994751
0.994507
0.994263
0.994019
0.993774
0.99353
0.993286
0.99292
0.992676
0.992554
0.99231
0.991943
0.991699
0.991577
0.991211
0.990967
0.990723
0.990479
0.990234
0.98999
0.989746
0.989502
0.989258
0.989014
0.98877
0.988525
0.988281
0.988037
0.987793
0.987549
0.987305
0.987061
0.986816
0.986572
0.986328
0.986084
0.985718
0.985596
0.985321
0.985321
0.985321
0.985321
0.985321
0.985321
0.985321
0.985321
0.985321
0.985321
0.985321
0.985321
