0
0
0
0
0
0
0.000213623
0.000457763
0.00088501
0.00161743
0.0027771
0.00546265
0.00802612
0.0112915
0.0153503
0.0201721
0.0258484
0.0323486
0.0397034
0.0478821
0.0568848
0.0718994
0.0828857
0.094635
0.107086
0.120239
0.134033
0.148468
0.163544
0.179169
0.195343
0.212067
0.238068
0.246948
0.265076
0.292999
0.312134
0.331573
0.351349
0.371429
0.391785
0.412415
0.433258
0.454285
0.475525
0.496948
0.529266
0.550995
0.572723
0.594543
0.616516
0.638489
0.660461
0.682373
0.714966
0.736694
0.75824
0.779724
0.800995
0.822144
0.843109
0.863861
0.884369
0.904633
0.924622
0.944336
0.963745
0.973358
1.00165
1.02008
1.03815
1.05585
1.07315
1.09006
1.10654
1.12262
1.13828
1.1535
1.16827
1.18262
1.20331
1.20999
1.22934
1.24167
1.25351
1.26492
1.27585
1.28629
1.29623
1.30103
1.31467
1.32315
1.33115
1.33865
1.34567
1.35529
1.36108
1.36633
1.36877
1.37537
1.37915
1.38245
1.38525
1.38763
1.38953
1.39093
1.39191
1.3924
1.39246
1.39209
1.39127
1.39001
1.38837
1.38629
1.38382
1.38098
1.37772
1.37408
1.36795
1.36575
1.36102
1.35599
1.34781
1.34198
1.34198
1.32938
1.32938
1.31567
1.30844
1.30093
1.29321
1.28122
1.27707
1.26871
1.2558
1.24701
1.23798
1.22885
1.21957
1.21017
1.20065
1.1911
1.18134
1.17157
1.1618
1.15186
1.14185
1.13184
1.12183
1.11182
1.10181
1.0918
1.08179
1.07178
1.06183
1.05206
1.0423
1.03253
1.02295
1.01343
1.004
0.99472
0.985504
0.976471
0.96756
0.958771
0.950165
0.94165
0.93335
0.925201
0.917145
0.909332
0.901642
0.894104
0.88678
0.879608
0.872559
0.865723
0.85907
0.85257
0.846222
0.840118
0.834198
0.828461
0.822906
0.817566
0.812439
0.807556
0.802887
0.798431
0.794189
0.788239
0.784576
0.781158
0.777954
0.774994
0.772278
0.769775
0.767517
0.765472
0.763672
0.762085
0.760712
0.759583
0.758667
0.757965
0.757477
0.757233
0.757202
0.757355
0.757721
0.75827
0.759003
0.759979
0.761139
0.762482
0.763977
0.765686
0.767578
0.769623
0.77182
0.774231
0.776733
0.780792
0.782257
0.785187
0.78833
0.793213
0.796631
0.800171
0.803833
0.807556
0.811462
0.815369
0.819458
0.823608
0.827759
0.832092
0.836487
0.840881
0.845276
0.849884
0.854523
0.859161
0.8638
0.868439
0.873077
0.877747
0.882629
0.887512
0.892395
0.897278
0.902161
0.907043
0.911926
0.919159
0.921478
0.928436
0.933075
0.937714
0.942352
0.946869
0.951263
0.955658
0.960052
0.964233
0.968384
0.972534
0.97644
0.980347
0.984192
0.987854
0.991516
0.994995
0.998413
1.00177
1.00653
1.00812
1.01111
1.01404
1.01691
1.02094
1.02356
1.026
1.02844
1.0307
1.0318
1.03506
1.03702
1.03897
1.04083
1.04254
1.04425
1.04578
1.04724
1.04871
1.04996
1.05118
1.0524
1.05338
1.05435
1.0553
1.05603
1.05676
1.0575
1.05798
1.05847
1.05896
1.05923
1.05948
1.05972
1.05984
1.05984
1.05984
1.05984
1.0596
1.05936
1.05911
1.05881
1.05832
1.05783
1.05734
1.05646
1.05573
1.05499
1.05426
1.05353
1.05255
1.05157
1.0506
1.04962
1.04865
1.04749
1.04626
1.04565
1.04321
1.04016
1.03873
1.03726
1.0358
1.03433
1.03287
1.0314
1.02994
1.02847
1.02701
1.02554
1.02408
1.02246
1.02161
1.01819
1.01648
1.01477
1.01306
1.01135
1.00964
1.00793
1.00623
1.00452
1.00281
1.0011
0.99939
0.997681
0.995972
0.994263
0.992554
0.990845
0.989136
0.986572
0.985718
0.983246
0.981781
0.981049
0.979584
0.977386
0.975922
0.974457
0.972992
0.971527
0.970062
0.96933
0.967133
0.965668
0.964935
0.96347
0.962006
0.959839
0.959229
0.958008
0.956787
0.954956
0.953735
0.952515
0.951904
0.950073
0.948853
0.947632
0.946411
0.945435
0.944458
0.943481
0.942505
0.941528
0.940552
0.939575
0.938599
0.937622
0.936798
0.936066
0.935333
0.934601
0.933868
0.933136
0.932404
0.931305
0.930969
0.930481
0.929749
0.929504
0.928772
0.928528
0.92804
0.927307
0.927063
0.926788
0.926544
0.9263
0.925934
0.925812
0.925446
0.925201
0.924957
0.924957
0.924957
0.924957
0.924957
0.924957
0.924957
0.924957
0.924957
0.924957
0.925201
0.925446
0.92569
0.925934
0.926178
0.926422
0.926666
0.92691
0.927155
0.927399
0.927673
0.928162
0.92865
0.929138
0.929626
0.930115
0.930603
0.931091
0.93158
0.932068
0.932556
0.933044
0.933533
0.934021
0.934509
0.934998
0.935486
0.935974
0.937073
0.937439
0.938538
0.938904
0.940002
0.940735
0.941101
0.9422
0.942932
0.943665
0.944397
0.945129
0.945862
0.946594
0.947327
0.948059
0.948792
0.949524
0.950256
0.950989
0.951721
0.952454
0.953186
0.953918
0.954651
0.95575
0.956116
0.957214
0.957581
0.958313
0.958832
0.95932
0.960052
0.960541
0.960785
0.961517
0.962006
0.962494
0.962982
0.96347
0.963959
0.964447
0.964935
0.965424
0.965912
0.9664
0.966888
0.967377
0.967865
0.968353
0.968842
0.96933
0.969818
0.970306
0.970581
0.970825
0.971069
0.971313
0.971558
0.971802
0.972046
0.972412
0.972534
0.972778
0.973145
0.973267
0.973633
0.973877
0.974121
0.974365
0.974609
0.974854
0.975098
0.975342
0.975586
0.97583
0.976074
0.976196
0.976196
0.976196
0.976196
0.976196
0.976196
0.976196
0.976196
0.976196
0.976196
0.976196
0.976196
0.976196
0.976196
0.976196
0.976196
0.976196
0.976196
0.976196
0.976196
0.976196
0.976196
0.976196
0.976196
0.976196
0.976196
0.976196
0.976196
0.976196
0.976196
0.976196
0.976196
0.976196
0.976196
0.976196
0.976196
0.976196
0.976196
0.976196
0.976196
0.976196
0.976166
0.9758
0.975677
0.975433
0.975189
0.974945
0.974701
0.974335
0.974091
0.973969
0.973602
0.973358
0.973236
0.97287
0.972626
0.972382
0.972137
0.971893
0.971649
0.971405
0.971161
0.970917
0.970673
0.970428
0.970184
0.96994
0.969696
0.969452
0.969208
0.968964
0.968719
0.968475
0.968231
0.967987
0.967621
0.967499
0.967133
0.96701
0.96698
0.96698
0.96698
0.96698
0.96698
0.96698
0.96698
0.96698
0.96698
0.96698
0.96698
0.96698
0.96698
0.96698
0.96698
0.96698
0.96698
0.96698
0.96698
0.96698
0.96698
0.96698
0.96698
0.96698
0.96698
0.96698
0.96698
0.96698
0.96698
0.96698
0.96698
0.96698
0.96698
0.96698
0.96698
0.96698
0.96698
0.96698
0.96698
0.96698
0.96698
0.96698
0.96698
0.96698
0.96698
0.96698
0.96698
0.96698
0.96698
0.96698
0.96698
0.96698
0.96698
0.96698
0.96698
0.96698
0.96698
0.96698
0.96698
0.96698
0.96698
0.96698
0.96698
0.96698
0.96698
0.96698
0.96698
0.96698
0.96698
0.96698
0.96698
0.96698
0.96698
0.96698
0.96698
0.96698
0.96698
0.96698
0.96698
0.96698
0.96698
0.96698
0.96698
0.96698
0.96698
0.96698
0.96698
0.96698
0.96698
0.96698
0.96698
0.96698
0.96698
0.96698
0.96698
0.96698
0.96698
0.96701
0.967255
0.967377
0.967743
0.967865
0.968231
0.968475
0.968719
0.968964
0.969208
0.969452
0.969696
0.96994
0.970184
0.970428
0.970673
0.970917
0.971161
0.971405
0.971649
0.971893
0.972137
0.972382
0.972626
0.97287
0.973114
0.97348
0.973602
0.973969
0.974213
0.974335
0.974701
0.974945
0.975189
0.975433
0.975677
0.975922
0.976135
0.976135
0.976135
0.976135
0.976135
0.976135
0.976135
0.976135
0.976135
0.976135
0.976135
0.976135
0.976135
0.976135
0.976135
0.976135
0.976135
0.976135
0.976135
0.976135
0.976135
0.976135
0.976135
0.976135
0.976135
0.976135
0.976135
0.976135
0.976135
0.976135
0.976135
0.976135
0.976135
0.976135
0.976135
0.976135
0.976135
0.976135
0.976135
0.976135
0.976135
0.976135
0.976135
0.976135
0.976135
0.976135
0.976135
0.976135
0.976135
0.976135
0.976135
0.976135
0.976135
0.976135
0.976135
0.976135
0.976135
0.976135
0.976135
0.976135
0.976135
0.976135
0.976135
0.976135
0.976135
0.976135
0.976135
0.976135
0.976135
0.976135
0.976135
0.976135
0.976135
0.976135
0.976135
0.976135
0.976135
0.976135
0.976135
0.976135
0.976135
0.976135
0.976135
0.976135
0.976135
0.976135
0.976135
0.976135
0.976135
0.976135
0.976135
0.976135
0.976135
0.976135
0.976135
0.976135
0.976135
0.976135
0.976135
0.976135
0.976135
0.976135
0.976135
0.976135
0.976135
0.976135
0.976135
0.976135
0.976135
0.976135
0.976135
0.976135
0.976135
0.976135
0.976135
0.976135
0.976135
0.976135
0.976135
0.976135
0.976135
0.976135
0.976135
0.976135
0.976135
0.976135
0.976135
0.976135
0.976135
0.976135
0.976135
0.976135
0.976135
0.976135
0.976135
0.976135
0.976135
0.976135
0.976135
0.976135
0.976135
0.976135
0.976135
0.976135
0.976135
0.976135
0.976135
0.976135
0.976135
0.976135
0.976135
0.976135
0.976135
0.976135
0.976135
0.976135
0.976135
0.976135
0.976135
0.976135
0.976135
0.976135
0.976135
0.976135
0.976135
0.976135
0.976135
0.976135
0.976135
0.976135
0.976135
0.976135
0.976135
0.976135
0.976135
0.976135
0.976135
0.976135
0.976135
0.976135
0.976135
0.976135
0.976135
0.976135
0.976135
0.976135
0.976135
0.976135
0.976135
0.976135
0.976135
0.976135
0.976135
0.976135
0.976135
0.976135
0.976135
0.976135
0.976135
0.976135
0.976135
0.976135
0.976135
0.976135
0.976135
0.976135
0.976135
0.976135
0.976349
0.976593
0.976837
0.977081
0.977325
0.97757
0.977814
0.978058
0.978302
0.978546
0.97879
0.979034
0.979279
0.979523
0.979767
0.980011
0.980255
0.980499
0.980743
0.980988
0.981232
0.981598
0.98172
0.982086
0.982208
0.982422
0.982422
0.982422
0.982422
0.982422
0.982422
0.982422
0.982422
