0
0
0
0
0
0
6.10349e-05
0.000335693
0.00146484
0.00213623
0.00411987
0.00704956
0.0112
0.019989
0.0236816
0.0372314
0.0484314
0.0614929
0.0762939
0.0930176
0.111481
0.131744
0.153748
0.177429
0.202728
0.229553
0.257812
0.287506
0.334473
0.350739
0.401215
0.436249
0.472229
0.509064
0.546722
0.585083
0.624115
0.663727
0.703796
0.744232
0.785004
0.826019
0.867126
0.908386
0.970032
0.99054
1.03134
1.07187
1.11203
1.15176
1.19098
1.22958
1.28622
1.30472
1.35892
1.39395
1.42798
1.46094
1.49277
1.52344
1.55289
1.58105
1.60785
1.63327
1.65726
1.67972
1.70068
1.72006
1.73785
1.754
1.76849
1.78134
1.79248
1.80194
1.80969
1.8157
1.82001
1.8226
1.82349
1.82162
1.82013
1.81592
1.81003
1.7981
1.78809
1.77649
1.76331
1.74863
1.73242
1.71475
1.69565
1.66443
1.64197
1.63025
1.59338
1.56732
1.54022
1.51208
1.48303
1.45306
1.42224
1.39069
1.35843
1.32559
1.29221
1.24124
1.20673
1.17191
1.13684
1.10162
1.06622
1.03082
0.995422
0.960144
0.925018
0.890167
0.855621
0.821472
0.787781
0.754608
0.722015
0.690094
0.658905
0.628479
0.598877
0.57019
0.54248
0.515747
0.490051
0.465454
0.430695
0.409058
0.388641
0.369507
0.351685
0.335236
0.32016
0.306458
0.294189
0.283386
0.274048
0.266174
0.259766
0.252899
0.251373
0.24942
0.249237
0.249908
0.252411
0.256378
0.26178
0.268616
0.276855
0.29184
0.303528
0.316559
0.330872
0.346466
0.363281
0.381317
0.400482
0.420746
0.442108
0.464447
0.499786
0.524414
0.549896
0.576141
0.603119
0.630737
0.658905
0.687653
0.716858
0.74649
0.776459
0.821991
0.8526
0.883362
0.914124
0.944885
0.975647
1.00641
1.03702
1.08252
1.11246
1.14203
1.17114
1.19977
1.22787
1.25534
1.28217
1.30829
1.33362
1.35815
1.38184
1.40463
1.42648
1.44736
1.46725
1.48608
1.50385
1.52051
1.53607
1.55719
1.56366
1.57565
1.59134
1.60022
1.60788
1.61423
1.61926
1.62302
1.62546
1.62659
1.62643
1.625
1.62048
1.61584
1.61304
1.60275
1.59872
1.58972
1.57401
1.56207
1.55569
1.53488
1.51965
1.50342
1.48621
1.46802
1.44894
1.42902
1.40826
1.38675
1.3645
1.34158
1.306
1.28159
1.25662
1.2312
1.20541
1.17923
1.15274
1.12601
1.09915
1.07205
1.04495
1.01785
0.990753
0.963745
0.93689
0.910278
0.883911
0.85788
0.832153
0.806885
0.782104
0.757812
0.7341
0.710938
0.688446
0.656036
0.645599
0.625336
0.605865
0.587219
0.560944
0.552643
0.529205
0.514801
0.501373
0.489014
0.477692
0.472443
0.458313
0.450287
0.44339
0.437622
0.433014
0.429535
0.427216
0.426056
0.426025
0.427155
0.429413
0.4328
0.437286
0.442902
0.449585
0.457336
0.466125
0.475891
0.486755
0.498566
0.511261
0.524902
0.546997
0.554779
0.579376
0.587982
0.605713
0.633606
0.653015
0.673035
0.693604
0.714722
0.736298
0.758301
0.78067
0.803375
0.826385
0.849609
0.873047
0.896606
0.920288
0.94397
0.967651
1.00305
1.02649
1.04971
1.07275
1.09552
1.11795
1.14005
1.16171
1.19339
1.2139
1.23389
1.25333
1.27216
1.29034
1.30789
1.32474
1.34085
1.35617
1.37073
1.38446
1.39734
1.40936
1.42566
1.43542
1.43994
1.45203
1.45557
1.46472
1.4696
1.47168
1.47638
1.47742
1.47906
1.47894
1.47778
1.47559
1.47241
1.46826
1.46313
1.45715
1.4502
1.44229
1.4335
1.42386
1.41339
1.40207
1.38995
1.37033
1.36343
1.34909
1.33408
1.31842
1.29376
1.27664
1.259
1.25
1.22229
1.20328
1.1839
1.16422
1.14426
1.12402
1.10358
1.08304
1.06229
1.04153
1.02078
1.00003
0.979279
0.958679
0.938171
0.917908
0.897858
0.878082
0.848999
0.830078
0.811554
0.793427
0.775787
0.758636
0.742035
0.725983
0.710571
0.69574
0.68161
0.668152
0.655396
0.643372
0.63208
0.621582
0.611877
0.602997
0.59491
0.587677
0.581268
0.575714
0.571014
0.5672
0.56424
0.562164
0.560913
0.560547
0.561035
0.562378
0.564606
0.567657
0.571533
0.576263
0.581787
0.588135
0.599121
0.607391
0.611816
0.626129
0.631287
0.647705
0.659454
0.671875
0.684845
0.698425
0.712524
0.727112
0.742188
0.75769
0.773651
0.798248
0.80661
0.823578
0.849457
0.867035
0.875885
0.902618
0.920654
0.938721
0.956787
0.974854
0.983887
1.0108
1.02863
1.04623
1.06366
1.08084
1.09778
1.11438
1.13065
1.14658
1.16211
1.17722
1.19186
1.20609
1.21982
1.233
1.24567
1.25778
1.26929
1.28543
1.29541
1.30472
1.31339
1.32141
1.3287
1.33835
1.34122
1.34637
1.3508
1.35605
1.35861
1.36041
1.36148
1.36179
1.36133
1.36081
1.35815
1.35547
1.35205
1.3479
1.34305
1.33746
1.33124
1.32437
1.31683
1.30865
1.29984
1.29044
1.28046
1.26993
1.25888
1.24734
1.23532
1.22284
1.20993
1.19662
1.18295
1.16891
1.14731
1.13998
1.11758
1.11002
1.09473
1.0715
1.05588
1.04025
1.02444
1.00858
0.992767
0.977142
0.961517
0.946014
0.923065
0.915497
0.900543
0.878571
0.871368
0.857239
0.843414
0.829926
0.816833
0.804138
0.79187
0.78006
0.763214
0.757874
0.742584
0.733063
0.724091
0.719849
0.707947
0.700775
0.694214
0.688324
0.683075
0.678467
0.67453
0.671234
0.668579
0.665833
0.664825
0.66449
0.664856
0.665863
0.667542
0.669861
0.672791
0.678345
0.682831
0.687927
0.693604
0.69989
0.706726
0.714111
0.722046
0.730469
0.73941
0.74881
0.758698
0.769012
0.779724
0.790833
0.802338
0.814178
0.826324
0.845123
0.857971
0.871033
0.877625
0.897736
0.911377
0.925049
0.938873
0.952789
0.966705
0.973663
0.994537
1.00842
1.02209
1.03577
1.04919
1.0625
1.08209
1.0885
1.10736
1.1196
1.1315
1.1431
1.15436
1.16522
1.17569
1.18576
1.1954
1.20459
1.21332
1.22156
1.22931
1.23657
1.24329
1.24948
1.25516
1.26028
1.26486
1.26886
1.27231
1.2764
1.27838
1.27982
1.28064
1.28088
1.28058
1.27966
1.2782
1.27615
1.27353
1.27036
1.26663
1.26007
1.255
1.24945
1.24341
1.23688
1.22986
1.22241
1.21448
1.20615
1.19745
1.18832
1.17886
1.16904
1.15891
1.14847
1.13776
1.12677
1.11554
1.1041
1.09247
1.08072
1.06277
1.05679
1.03848
1.02628
1.01407
1.00797
0.989655
0.977448
0.971344
0.953339
0.947357
0.929718
0.918182
0.90683
0.895691
0.884796
0.874146
0.86377
0.853668
0.843903
0.834473
0.825348
0.81665
0.808319
0.800385
0.792877
0.785797
0.779144
0.77298
0.767242
0.761993
0.755035
0.75296
0.749237
0.744568
0.743286
0.740173
0.73941
0.738251
0.73761
0.73764
0.738312
0.739471
0.74118
0.743378
0.746063
0.749237
0.752899
0.75705
0.761658
0.766724
0.772217
0.778168
0.784515
0.79126
0.802094
0.809784
0.81778
0.826141
0.834808
0.848328
0.852966
0.867279
0.877075
0.887085
0.897308
0.907654
0.918152
0.928741
0.939484
0.950226
0.960968
0.97171
0.982452
0.993195
1.00394
1.01468
1.02527
1.03577
1.05127
1.06143
1.07144
1.08121
1.09079
1.10013
1.10925
1.1181
1.12671
1.13501
1.14297
1.15063
1.15796
1.16827
1.17471
1.18073
1.18637
1.19159
1.19638
1.20074
1.20468
1.20816
1.21121
1.21378
1.21591
1.21756
1.21878
1.21954
1.21985
1.21945
1.2186
1.21802
1.21649
1.21341
1.21082
1.20935
1.20432
1.20044
1.19617
1.1915
1.18646
1.18103
1.17526
1.16599
1.16272
1.15247
1.14526
1.13779
1.13004
1.12204
1.1138
1.10538
1.09677
1.08353
1.07901
1.06998
1.0607
1.04678
1.03729
1.03253
1.01825
1.00873
0.999207
0.989685
0.980164
0.966125
0.961487
0.952209
0.93866
0.934204
0.921112
0.91684
0.904266
0.896179
0.888306
0.880676
0.873291
0.86615
0.859314
0.852783
0.846558
0.840637
0.835114
0.829895
0.825043
0.820557
0.816467
0.812714
0.809387
0.806427
0.803864
0.801758
0.800018
0.798676
0.797394
0.797058
0.79715
0.797607
0.798462
0.799713
0.801331
0.803375
0.807098
0.810059
0.813354
0.817017
0.821045
0.825378
0.83252
0.835083
0.840363
0.848877
0.854889
0.861176
0.867706
0.874481
0.88147
0.888641
0.895996
0.903564
0.915192
0.923096
0.931152
0.935181
0.947479
0.95163
0.964081
0.968231
0.980682
0.988983
0.997284
1.00558
1.01389
1.02197
1.03003
1.03793
1.04575
1.05338
1.06088
1.06821
1.07532
1.08224
1.08899
1.09555
1.10187
1.10797
1.11383
1.11945
1.12735
1.12985
1.13464
1.13916
1.1434
1.14914
1.15088
1.15564
1.15842
1.16086
1.16296
1.16473
1.16614
1.1676
1.16815
1.16833
1.16818
1.16766
1.16681
1.16562
1.16406
1.16113
1.15878
1.1561
1.15308
1.14975
1.14615
1.14221
1.138
1.13351
1.12634
1.12381
1.11591
1.11032
1.10452
1.09854
1.09241
1.08606
1.07956
1.07297
1.06616
1.05933
1.05234
1.04526
1.03818
1.0311
1.02377
1.01645
1.00912
1.0018
0.994537
0.987457
0.980377
0.973297
0.966339
0.959503
0.952698
0.946106
0.939575
0.933228
0.927002
0.920898
0.915039
0.909302
0.903717
0.898346
0.893188
0.888214
0.883453
0.878937
0.872589
0.870636
0.865051
0.861694
0.858612
0.855804
0.853271
0.851044
0.850067
0.847534
0.846222
0.845184
0.844513
0.844025
0.844025
0.844482
0.845154
0.846161
0.847473
0.84906
0.850922
0.853058
0.85553
0.858246
0.861237
0.864502
0.868011
0.871765
0.875763
0.879974
0.884399
0.886719
0.896362
0.901489
0.906799
0.912231
0.917847
0.923615
0.929474
0.935486
0.941589
0.950897
0.954071
0.960419
0.96994
0.973114
0.979462
0.988983
0.992157
1.00168
1.00803
1.01437
