0
0
0
0
0
0
0
0
9.15526e-05
0.000335693
0.000610352
0.00112915
0.00195312
0.00311279
0.00476074
0.00692749
0.0112915
0.0130615
0.0171204
0.0218811
0.0303345
0.0368347
0.0440369
0.0518799
0.0604553
0.0744629
0.0845947
0.0953064
0.106567
0.118378
0.130707
0.143524
0.15683
0.170593
0.184784
0.199341
0.214325
0.229675
0.245392
0.261414
0.277771
0.294434
0.311371
0.328552
0.345978
0.372528
0.381439
0.408539
0.417694
0.436005
0.463776
0.473053
0.49173
0.519928
0.538727
0.557526
0.576324
0.595123
0.613922
0.632721
0.65152
0.670319
0.688904
0.707458
0.725922
0.744232
0.762421
0.780487
0.798309
0.81601
0.833527
0.85083
0.86792
0.884766
0.901398
0.917786
0.941864
0.957611
0.973083
0.988251
1.00308
1.01764
1.03189
1.04581
1.05939
1.07266
1.08554
1.09189
1.11032
1.12216
1.1337
1.14484
1.15567
1.16614
1.17627
1.18607
1.1955
1.20462
1.21335
1.22174
1.22977
1.23746
1.24475
1.25171
1.25827
1.2645
1.27032
1.27579
1.28088
1.28784
1.28998
1.29398
1.29932
1.3009
1.30518
1.30756
1.30963
1.31134
1.31271
1.31418
1.31473
1.31497
1.31488
1.31448
1.31378
1.31274
1.31143
1.30896
1.30695
1.30466
1.30209
1.29929
1.2962
1.29288
1.28931
1.28552
1.28149
1.27725
1.27283
1.26819
1.26334
1.25574
1.25043
1.24496
1.23935
1.23352
1.22763
1.22153
1.21533
1.20898
1.19928
1.19598
1.186
1.18259
1.17575
1.16891
1.15829
1.15121
1.14413
1.13699
1.12967
1.12234
1.11502
1.1077
1.10037
1.09305
1.08572
1.0784
1.06741
1.06375
1.05643
1.04935
1.04227
1.03519
1.02811
1.02124
1.01099
1.00757
1.00095
0.991058
0.987793
0.981445
0.975098
0.965851
0.959747
0.953796
0.947937
0.942169
0.936554
0.930939
0.925568
0.920197
0.914978
0.909851
0.904816
0.899933
0.895081
0.890442
0.885803
0.881378
0.874847
0.870697
0.866547
0.86264
0.858734
0.853241
0.85141
0.846252
0.844543
0.839783
0.836761
0.833832
0.831116
0.828491
0.82605
0.823761
0.821564
0.819611
0.817749
0.81604
0.814484
0.813019
0.811798
0.810669
0.809235
0.808868
0.808136
0.807373
0.807159
0.806915
0.806763
0.806763
0.806976
0.80722
0.807709
0.808197
0.808929
0.809662
0.810608
0.811584
0.812714
0.813934
0.815247
0.817444
0.818176
0.819855
0.822418
0.82428
0.826233
0.828186
0.830292
0.832489
0.834686
0.836945
0.839386
0.841827
0.844269
0.846771
0.849457
0.852142
0.854828
0.857513
0.860199
0.863129
0.866058
0.868988
0.871918
0.876312
0.877777
0.882172
0.885101
0.888031
0.890961
0.89389
0.89682
0.89975
0.904144
0.907074
0.910004
0.912933
0.915863
0.918793
0.921722
0.924438
0.927124
0.92981
0.932495
0.935181
0.937866
0.940308
0.942749
0.94519
0.947632
0.950073
0.952301
0.954498
0.956696
0.959991
0.962036
0.963013
0.964966
0.967896
0.968872
0.971558
0.972412
0.974976
0.976685
0.977539
0.979736
0.981201
0.982666
0.984131
0.985382
0.986603
0.987823
0.989044
0.990234
0.991211
0.992188
0.993164
0.994141
0.995087
0.995819
0.996552
0.997284
0.998016
0.998749
0.999298
0.999786
1.00027
1.00076
1.00125
1.00174
1.00201
1.00226
1.0025
1.00275
1.00299
1.00336
1.00342
1.00342
1.00342
1.00342
1.00342
1.00342
1.00342
1.00339
1.00314
1.0029
1.00266
1.00241
1.00217
1.00192
1.00168
1.00143
1.00119
1.00076
1.00027
0.999786
0.999298
0.99881
0.998322
0.997833
0.997345
0.996857
0.996124
0.99588
0.995392
0.994659
0.994324
0.993591
0.992493
0.99176
0.991028
0.990295
0.989563
0.988831
0.987732
0.987
0.986633
0.985901
0.984802
0.98407
0.983337
0.982605
0.981873
0.98114
0.980408
0.979675
0.978943
0.97821
0.977478
0.976746
0.976013
0.975281
0.974548
0.973816
0.972717
0.971985
0.971619
0.970886
0.970154
0.969421
0.968689
0.967957
0.967224
0.966125
0.965393
0.965027
0.963928
0.963196
0.962463
0.961731
0.960999
0.960266
0.959534
0.958801
0.958069
0.957336
0.956604
0.955872
0.955139
0.954407
0.953674
0.952942
0.951843
0.951111
0.950745
0.950012
0.94928
0.949036
0.948303
0.948059
0.947571
0.946838
0.94635
0.945862
0.945374
0.944885
0.944397
0.943909
0.94342
0.942932
0.942444
0.941956
0.941467
0.940979
0.940491
0.940002
0.939758
0.939514
0.93927
0.939026
0.938782
0.938538
0.938293
0.938049
0.937805
0.937561
0.937317
0.937073
0.936829
0.936584
0.93634
0.936096
0.935852
0.935608
0.935364
0.935303
0.935303
0.935303
0.935303
0.935303
0.935303
0.935303
0.935303
0.935303
0.935303
0.935303
0.935303
0.935303
0.935303
0.935303
0.935303
0.935303
0.935303
0.935303
0.935303
0.935303
0.935303
0.935425
0.935669
0.936035
0.936157
0.936401
0.936646
0.93689
0.937256
0.9375
0.937744
0.937988
0.938232
0.938477
0.938721
0.938965
0.939209
0.939453
0.939697
0.939941
0.940186
0.94043
0.940674
0.940918
0.941162
0.941406
0.94165
0.941895
0.942139
0.942383
0.942627
0.942871
0.943115
0.943359
0.943604
0.943848
0.944092
0.944336
0.94458
0.944824
0.94519
0.945435
0.945679
0.945923
0.946167
0.946411
0.946655
0.946899
0.947266
0.94751
0.947754
0.947998
0.948242
0.948486
0.94873
0.949097
0.949219
0.949463
0.949707
0.949951
0.950317
0.950562
0.950684
0.95105
0.951294
0.951416
0.951782
0.952026
0.952271
0.952515
0.952759
0.953003
0.953247
0.953491
0.953735
0.953979
0.954224
0.954468
0.954712
0.954956
0.9552
0.955444
0.955688
0.955933
0.956177
0.956543
0.956665
0.957031
0.957275
0.95752
0.957764
0.958008
0.958252
0.958496
0.95874
0.958984
0.959229
0.959473
0.959717
0.959961
0.960205
0.960449
0.960815
0.96106
0.961304
0.961548
0.961792
0.962036
0.96228
0.962524
0.962769
0.962891
0.963257
0.963501
0.963867
0.963989
0.964233
0.964478
0.964722
0.965088
0.965332
0.965363
0.965363
0.965363
0.965363
0.965363
0.965363
0.965363
0.965363
0.965363
0.965363
0.965363
0.965363
0.965363
0.965363
0.965363
0.965363
0.965363
0.965363
0.965363
0.965363
0.965363
0.965363
0.965363
0.965363
0.965363
0.965363
0.965363
0.965363
0.965363
0.965363
0.965363
0.965363
0.965363
0.965363
0.965363
0.965363
0.965363
0.965363
0.965363
0.965363
0.965363
0.965363
0.965363
0.965363
0.965363
0.965363
0.965363
0.965363
0.965363
0.965363
0.965363
0.965363
0.965363
0.965363
0.965363
0.965363
0.965363
0.965363
0.965363
0.965363
0.965363
0.965363
0.965363
0.965363
0.965363
0.965363
0.965363
0.965363
0.965363
0.965363
0.965363
0.965363
0.965363
0.965363
0.965363
0.965363
0.965363
0.965363
0.965363
0.965363
0.965363
0.965363
0.965363
0.965363
0.965363
0.965363
0.965363
0.965363
0.965363
0.965363
0.965363
0.965363
0.965363
0.965363
0.965363
0.965363
0.965363
0.965363
0.965363
0.965363
0.965363
0.965363
0.965363
0.965363
0.965363
0.965363
0.965363
0.965363
0.965363
0.965363
0.965363
0.965363
0.965363
0.965363
0.965363
0.965363
0.965363
0.965363
0.965363
0.965363
0.965363
0.965363
0.965363
0.965363
0.965363
0.965363
0.965363
0.965363
0.965363
0.965363
0.965363
0.965363
0.965363
0.965363
0.965363
0.965363
0.965363
0.965363
0.965363
0.965363
0.965363
0.965363
0.965363
0.965363
0.965363
0.965363
0.965363
0.965363
0.965363
0.965363
0.965363
0.965363
0.965363
0.965363
0.965363
0.965363
0.965363
0.965363
0.965363
0.965363
0.965363
0.965363
0.965363
0.965363
0.965363
0.965363
0.965363
0.965363
0.965363
0.965363
0.965363
0.965363
0.965363
0.965363
0.965363
0.965363
0.965363
0.965363
0.965363
0.965363
0.965363
0.965363
0.965363
0.965363
0.965363
0.965363
0.965363
0.965363
0.965363
0.965363
0.965363
0.965363
0.965363
0.965363
0.965363
0.965363
0.965363
0.965363
0.965363
0.965363
0.965363
0.965363
0.965363
0.965363
0.965363
0.965607
0.965729
0.965973
0.966217
0.966461
0.966705
0.966949
0.967316
0.967438
0.967804
0.967926
0.968292
0.968536
0.968658
0.969025
0.969269
0.969513
0.969757
0.970001
0.970245
0.97049
0.970734
0.970978
0.971222
0.971466
0.97171
0.971954
0.972198
0.972443
0.972687
0.972931
0.973175
0.973419
0.973511
0.973511
0.973511
0.973511
0.973511
0.973511
0.973511
0.973511
0.973511
0.973511
0.973511
0.973511
0.973511
0.973511
0.973511
0.973511
0.973511
0.973511
0.973511
0.973511
0.973511
0.973511
0.973511
0.973511
0.973511
0.973511
0.973511
0.973511
0.973511
0.973511
0.973511
0.973511
0.973511
0.973511
0.973511
0.973511
0.973511
0.973511
0.973511
0.973511
0.973511
0.973511
0.973511
0.973511
0.973511
0.973511
0.973511
0.973511
0.973511
0.973511
0.973511
0.973511
0.973511
0.973511
0.973511
0.973511
0.973511
0.973511
0.973511
0.973511
0.973511
0.973511
0.973511
0.973511
0.973511
0.973511
0.973511
0.973511
0.973511
0.973511
0.973511
0.973511
0.973511
0.973511
0.973511
0.973511
0.973511
0.973511
0.973511
0.973511
0.973511
0.973511
0.973511
0.973511
0.973511
0.973511
0.973511
0.973511
0.973511
0.973511
0.973511
0.973511
0.973511
0.973511
0.973511
0.973511
0.973511
0.973511
0.973511
0.973511
0.973511
0.973511
0.973511
0.973511
0.973511
0.973511
0.973511
0.973511
0.973511
0.973511
0.973511
0.973511
0.973511
0.973511
0.973511
0.973511
0.973511
0.973511
0.973511
0.973511
0.973511
0.973511
0.973511
0.973511
0.973511
0.973511
0.973511
0.973511
0.973511
0.973511
0.973511
0.973511
0.973511
0.973511
0.973511
0.973511
0.973511
0.973511
0.973511
0.973511
0.973511
0.973511
0.973511
0.973511
0.973511
0.973511
0.973511
0.973511
0.973511
0.973511
0.973511
0.973511
