0
0
0
0
0
0
0.000244141
0.00076294
0.00177002
0.00350952
0.00622559
0.0102234
0.015625
0.0227356
0.0316467
0.0426941
0.0559082
0.0714417
0.089386
0.109802
0.13269
0.158081
0.185913
0.216156
0.248688
0.283447
0.320374
0.379517
0.421234
0.464691
0.509735
0.556244
0.604095
0.653198
0.703369
0.754486
0.806366
0.858887
0.911926
0.965332
1.01898
1.07269
1.15302
1.20615
1.25885
1.31097
1.36234
1.41275
1.46219
1.5105
1.55753
1.62546
1.66879
1.71042
1.75034
1.7883
1.82413
1.85782
1.90408
1.93192
1.95724
1.98004
2.00021
2.01767
2.03241
2.0444
2.05362
2.06
2.06357
2.0643
2.06219
2.05725
2.04944
2.03879
2.0253
2.00897
1.98987
1.96802
1.94342
1.91617
1.88629
1.85391
1.81906
1.78189
1.74243
1.70081
1.65723
1.61169
1.53989
1.51511
1.46439
1.41223
1.3588
1.30417
1.22037
1.16345
1.10587
1.04779
0.989349
0.930756
0.872162
0.813629
0.755371
0.697571
0.640411
0.584015
0.528534
0.474152
0.421021
0.369293
0.319122
0.27066
0.223999
0.179382
0.116394
0.0965576
0.0585938
0.0230713
-0.0098877
-0.0544434
-0.0679626
-0.104401
-0.125214
-0.14325
-0.158478
-0.170868
-0.180389
-0.187103
-0.190948
-0.191925
-0.190033
-0.185272
-0.177704
-0.167236
-0.153931
-0.137787
-0.118774
-0.0969238
-0.0722656
-0.0447998
-0.0145569
0.0184021
0.0727844
0.112244
0.154144
0.175964
0.244843
0.293488
0.344147
0.396576
0.450745
0.50647
0.563599
0.651642
0.71167
0.772552
0.834106
0.896179
0.958618
1.0213
1.08401
1.14648
1.20865
1.27029
1.3313
1.39148
1.45068
1.50882
1.5657
1.62119
1.67511
1.72733
1.77774
1.84958
1.87247
1.91647
1.97809
2.01608
2.05148
2.08426
2.11432
2.14163
2.1662
2.18793
2.20685
2.22296
2.23618
2.24655
2.25412
2.25876
2.26059
2.25955
2.25259
2.24887
2.23923
2.22678
2.21146
2.18314
2.17227
2.13544
2.10736
2.07645
2.04276
2.00632
1.96713
1.92529
1.88089
1.83401
1.78479
1.73337
1.67978
1.62424
1.56699
1.47803
1.44763
1.38586
1.32288
1.22641
1.1611
1.09515
1.02872
0.962006
0.895111
0.828308
0.76178
0.695679
0.630188
0.565491
0.50177
0.439178
0.347839
0.318146
0.260071
0.176392
0.149536
0.0722351
0.0236206
-0.022583
-0.0662537
-0.1073
-0.14566
-0.181274
-0.214142
-0.244202
-0.271423
-0.295837
-0.317383
-0.33606
-0.351898
-0.364838
-0.374939
-0.382141
-0.386536
-0.388031
-0.386688
-0.382477
-0.375397
-0.365479
-0.352722
-0.337097
-0.318665
-0.285675
-0.260132
-0.231781
-0.200592
-0.166595
-0.129791
-0.09021
-0.0478516
-0.0027771
0.0449219
0.121246
0.175171
0.231323
0.289551
0.349731
0.411774
0.475464
0.540588
0.606995
0.6745
0.74295
0.812164
0.917053
0.987396
1.05795
1.12848
1.19876
1.26865
1.33801
1.40659
1.47421
1.54074
1.60599
1.66971
1.73175
1.79193
1.85013
1.90613
1.95984
2.01111
2.05984
2.10599
2.17023
2.20959
2.24622
2.28
2.31094
2.33902
2.36426
2.3866
2.40613
2.42273
2.43652
2.44742
2.45547
2.46063
2.46301
2.46106
2.45621
2.44852
2.43802
2.42462
2.40839
2.38934
2.36746
2.34274
2.31519
2.28482
2.25162
2.21564
2.17682
2.13522
2.09085
2.0437
1.99387
1.94138
1.88632
1.79922
1.73831
1.6752
1.64291
1.57706
1.50946
1.40536
1.37003
1.29861
1.18982
1.15323
1.04269
0.968719
0.894745
0.820923
0.747467
0.674591
0.602448
0.531281
0.461243
0.392517
0.325348
0.259827
0.196228
0.134583
0.0461731
-0.00985718
-0.063446
-0.114471
-0.162903
-0.208618
-0.251617
-0.29184
-0.346893
-0.380066
-0.410339
-0.437805
-0.462341
-0.48407
-0.502869
-0.51886
-0.531952
-0.542206
-0.549561
-0.554077
-0.555725
-0.552856
-0.550476
-0.539062
-0.527893
-0.513855
-0.505798
-0.477325
-0.454803
-0.429443
-0.401276
-0.37027
-0.336456
-0.299835
-0.260437
-0.218201
-0.173218
-0.125427
-0.0749207
-0.021698
0.0341187
0.0925293
0.153351
0.216492
0.281799
0.34906
0.418152
0.488861
0.560974
0.634338
0.708771
0.784027
0.898041
0.936249
1.05118
1.08951
1.16599
1.24207
1.35513
1.42947
1.50275
1.57474
1.64529
1.7142
1.78122
1.84628
1.90921
1.96982
2.02805
2.1106
2.16235
2.2114
2.25772
2.30121
2.34189
2.37973
2.4147
2.44681
2.48959
2.50241
2.52585
2.54648
2.56418
2.58542
2.59598
2.60367
2.60855
2.6105
2.60965
2.60596
2.59937
2.58997
2.57773
2.56262
2.54471
2.52396
2.50037
2.47397
2.44473
2.41269
2.37781
2.34015
2.29968
2.25644
2.21039
2.16156
2.10999
2.02747
1.99863
1.90817
1.87674
1.77887
1.71085
1.64066
1.60486
1.53201
1.4198
1.38171
1.26581
1.18741
1.10837
1.02887
0.949127
0.869324
0.789764
0.710571
0.631989
0.55423
0.477478
0.401917
0.327789
0.25528
0.149994
0.0823059
0.0168457
-0.0462646
-0.106903
-0.164917
-0.220337
-0.273041
-0.322998
-0.370117
-0.414429
-0.475555
-0.512665
-0.546967
-0.578339
-0.592926
-0.632477
-0.655182
-0.675079
-0.692047
-0.706207
-0.717438
-0.725861
-0.733124
-0.734375
-0.733948
-0.728394
-0.725098
-0.716431
-0.698059
-0.690521
-0.663666
-0.642212
-0.61795
-0.590851
-0.560944
-0.528229
-0.492676
-0.454346
-0.413177
-0.369232
-0.32251
-0.27301
-0.220734
-0.16571
-0.107941
-0.0474854
0.0155945
0.0812073
0.149261
0.219604
0.292114
0.366638
0.442902
0.520782
0.600037
0.680511
0.761963
0.844208
0.927002
1.05176
1.13501
1.21808
1.30072
1.38278
1.46396
1.54413
1.62308
1.70056
1.77637
1.85022
1.92212
1.99188
2.02588
2.1243
2.18671
2.24649
2.30356
2.35785
2.40936
2.45804
2.50385
2.54681
2.58685
2.62402
2.65833
2.6897
2.71823
2.74387
2.7666
2.7865
2.81094
2.81766
2.8335
2.84048
2.84293
2.84595
2.84552
2.84
2.83673
2.82806
2.81659
2.80225
2.77545
2.76508
2.74225
2.70273
2.67285
2.64017
2.60468
2.56638
2.5253
2.48141
2.43475
2.38528
2.33307
2.24954
2.22034
2.15982
2.09659
1.99673
1.96216
1.85461
1.81757
1.74179
1.62424
1.54358
1.4613
1.37766
1.29282
1.20703
1.12057
1.03363
0.946472
0.859314
0.772308
0.685791
0.599945
0.514984
0.431183
0.308075
0.267853
0.149811
0.0737
-0.000244141
-0.0718384
-0.140991
-0.20755
-0.302429
-0.362244
-0.419281
-0.47348
-0.524811
-0.573273
-0.640533
-0.681793
-0.720123
-0.755524
-0.788086
-0.817749
-0.844513
-0.868439
-0.898895
-0.907623
-0.922913
-0.940491
-0.948669
-0.953979
-0.956421
-0.956055
-0.95282
-0.946716
-0.937805
-0.926056
-0.911469
-0.884277
-0.873779
-0.850708
-0.824829
-0.780701
-0.747772
-0.712036
-0.673492
-0.632172
-0.588043
-0.541138
-0.491455
-0.438995
-0.383789
-0.325806
-0.265076
-0.20163
-0.135468
-0.0666199
0.00479126
0.0787048
0.154938
0.233429
0.313873
0.396271
0.480286
0.565735
0.652405
0.740051
0.828461
0.91745
1.05142
1.0961
1.22995
1.31866
1.40674
1.4939
1.57999
1.66476
1.74799
1.82941
1.90887
1.98633
2.06152
2.16983
2.20465
2.30521
2.36887
2.42972
2.48779
2.51575
2.59534
2.64478
2.69131
2.73502
2.77579
2.81363
2.86499
2.88068
2.92337
2.93619
2.97025
2.98938
3.00565
3.01907
3.0296
3.03729
3.04218
3.04416
3.0433
3.03964
3.03311
3.02374
3.01154
2.99652
2.97867
2.95798
2.93448
2.89392
2.86337
2.83002
2.79385
2.75488
2.71313
2.66861
2.62128
2.57117
2.51828
2.43378
2.37399
2.31146
2.24622
2.17822
2.10754
2.03421
1.95828
1.87985
1.79907
1.71619
1.63135
1.54465
1.45639
1.36682
1.27625
1.18481
1.0928
1.00046
0.907928
0.815613
0.677948
0.632355
0.541901
0.408264
0.36438
0.235107
0.151245
0.0693359
-0.010437
-0.0878601
-0.162842
-0.23526
-0.305023
-0.37207
-0.43631
-0.497742
-0.556335
-0.612
-0.664825
-0.714752
-0.761749
-0.805817
-0.847015
-0.885345
-0.920746
-0.953217
-0.982849
-1.00958
-1.03345
-1.05444
-1.07257
-1.08783
-1.10028
-1.10983
-1.11655
-1.12045
-1.12146
-1.11963
-1.11157
-1.10748
-1.09094
-1.08398
-1.05896
-1.03873
-1.01566
-0.989777
-0.96109
-0.929596
-0.895264
-0.858154
-0.818268
-0.775574
-0.730103
-0.681824
-0.630768
-0.576965
-0.520386
-0.430359
-0.366913
-0.30072
-0.231812
-0.160217
-0.0859375
-0.00909424
0.0702515
0.151978
0.23584
0.321777
0.409546
0.498932
0.589752
0.681732
0.821381
0.868286
0.962402
1.10403
1.19833
1.29227
1.38565
1.47818
1.56967
1.65988
1.74857
1.7923
1.92065
2.00363
2.08435
2.16269
2.23853
2.31174
2.38226
2.45004
2.51498
2.57712
2.63632
2.69272
2.74619
2.82089
2.84433
2.88901
2.93082
2.98813
3.00577
3.05435
3.06912
3.10904
3.13211
3.15228
3.16962
3.18408
3.19568
3.20447
3.21036
3.21341
3.21365
3.21103
3.20557
3.19727
3.18616
3.17221
3.15543
3.1358
3.11334
3.08807
3.06
3.02911
2.99542
2.95892
2.91962
2.87753
2.83264
2.785
2.73456
2.70831
2.59637
2.56668
2.47348
2.44104
2.33963
2.26862
2.23209
2.11847
2.03946
1.95786
1.87384
1.78748
1.69897
1.60852
1.51642
1.42279
1.32797
1.23215
1.13562
1.03864
0.892883
0.84433
0.747528
0.651276
0.555817
0.461365
0.368195
0.231293
0.142303
0.0985413
-0.029541
-0.112061
-0.192108
-0.269592
-0.344421
-0.416504
-0.485809
-0.552246
-0.615845
-0.676514
-0.734283
-0.789215
-0.841217
-0.890289
-0.936432
-0.979645
-1.01993
-1.05734
-1.09189
-1.1235
-1.15228
-1.17816
-1.20117
-1.22131
-1.23862
-1.25302
-1.26462
-1.27338
-1.27924
-1.28229
-1.2825
-1.27747
-1.27438
-1.26608
-1.24829
-1.23291
-1.21469
-1.20453
-1.1698
-1.14313
-1.12872
-1.08133
-1.0462
-1.0083
-0.96759
-0.924103
-0.877808
-0.828766
-0.776947
-0.722351
-0.665009
-0.604919
-0.542114
-0.476532
-0.408234
-0.337219
-0.263489
