0
0
0
0
0
9.15526e-05
0.000335693
0.000732422
0.00149536
0.00363159
0.00466919
0.00738525
0.0110474
0.0157166
0.0215149
0.0324402
0.0367126
0.0514526
0.0569763
0.0690308
0.089386
0.104492
0.120789
0.138184
0.156677
0.176208
0.196716
0.218201
0.24054
0.263763
0.300049
0.325165
0.337952
0.364044
0.390747
0.431854
0.459869
0.488342
0.517242
0.546448
0.575958
0.605743
0.635742
0.665894
0.696167
0.72644
0.756714
0.786987
0.832397
0.862427
0.877441
0.922028
0.951477
0.980652
1.00952
1.03799
1.06613
1.09384
1.12106
1.1478
1.17401
1.19968
1.22473
1.26117
1.28464
1.29608
1.32941
1.35071
1.37122
1.39093
1.40982
1.42789
1.4451
1.46143
1.4769
1.49142
1.5051
1.51779
1.5296
1.54047
1.55035
1.55936
1.57108
1.57767
1.58063
1.58588
1.59192
1.59479
1.59674
1.59772
1.5979
1.59698
1.59528
1.59268
1.58917
1.58481
1.57959
1.57355
1.56668
1.55902
1.55057
1.54135
1.5314
1.52075
1.5094
1.49741
1.48474
1.47144
1.45755
1.4357
1.42813
1.40469
1.39664
1.3718
1.36331
1.34607
1.31946
1.3013
1.28287
1.26419
1.25479
1.22617
1.20688
1.18744
1.16791
1.14838
1.12863
1.10886
1.08908
1.06943
1.0499
1.0206
1.00131
0.991669
0.963043
0.953644
0.934906
0.907257
0.88916
0.871399
0.86261
0.836792
0.820038
0.80365
0.795593
0.772095
0.756958
0.742279
0.728058
0.714325
0.701141
0.688446
0.6763
0.664734
0.653717
0.64325
0.633392
0.624115
0.611328
0.607361
0.599915
0.593079
0.583984
0.581268
0.574097
0.571991
0.568298
0.563965
0.561798
0.560974
0.559418
0.559143
0.559479
0.560425
0.561951
0.564087
0.566803
0.570068
0.573914
0.578308
0.583221
0.588654
0.594574
0.600983
0.60788
0.615265
0.623108
0.631378
0.640045
0.64917
0.65863
0.673553
0.67868
0.694611
0.700073
0.716888
0.728455
0.740265
0.746246
0.764496
0.776947
0.789551
0.802246
0.815155
0.828094
0.841156
0.85434
0.867523
0.880707
0.89389
0.913666
0.926849
0.933441
0.946411
0.959351
0.972229
0.991272
1.00372
1.01605
1.0282
1.03418
1.05182
1.06326
1.07446
1.08539
1.09604
1.10641
1.11652
1.12628
1.13574
1.1449
1.15372
1.16217
1.17029
1.17801
1.18539
1.19238
1.19901
1.20523
1.21106
1.21649
1.2215
1.2261
1.23032
1.2341
1.23749
1.24048
1.24304
1.24521
1.24695
1.24829
1.24924
1.24982
1.24985
1.24966
1.24854
1.24731
1.24573
1.24374
1.24142
1.23871
1.23566
1.23227
1.22852
1.22446
1.22009
1.21539
1.21042
1.20514
1.19958
1.19376
1.18768
1.18137
1.1748
1.16803
1.1575
1.15387
1.14276
1.13898
1.13129
1.11951
1.11145
1.10336
1.09921
1.08676
1.07843
1.06989
1.06134
1.0528
1.04425
1.03571
1.02716
1.01862
1.01007
1.00162
0.993317
0.985016
0.976807
0.96875
0.960724
0.952911
0.94516
0.937592
0.930176
0.922852
0.915771
0.908813
0.901978
0.895386
0.885742
0.879547
0.876495
0.867706
0.862091
0.856689
0.851501
0.846558
0.841827
0.837341
0.833099
0.829102
0.825378
0.821899
0.818695
0.815735
0.81308
0.810699
0.808563
0.806702
0.805115
0.803802
0.802765
0.802002
0.801483
0.80127
0.8013
0.801605
0.802155
0.802948
0.804626
0.806061
0.806885
0.809631
0.811768
0.814117
0.816711
0.819489
0.822479
0.825653
0.829071
0.832672
0.836426
0.840332
0.844452
0.848694
0.853088
0.857666
0.862305
0.867157
0.87204
0.877136
0.882263
0.887482
0.892853
0.898224
0.903656
0.909271
0.914886
0.920502
0.928925
0.931732
0.937347
0.94577
0.951385
0.957001
0.959808
0.968231
0.973846
0.979462
0.985046
0.990417
0.995789
1.00113
1.00626
1.01138
1.01633
1.02121
1.02594
1.03284
1.03503
1.04153
1.04361
1.04776
1.05362
1.05554
1.0592
1.06448
1.06787
1.07104
1.07413
1.07706
1.07983
1.08252
1.08496
1.08731
1.08951
1.09152
1.09341
1.09512
1.09662
1.09799
1.09921
1.10019
1.10101
1.10168
1.10217
1.10245
1.10257
1.10254
1.10229
1.10162
1.10132
1.10059
1.09918
1.09863
1.09674
1.09528
1.09366
1.09195
1.09003
1.08804
1.08585
1.08362
1.08118
1.0787
1.07602
1.07333
1.06897
1.0675
1.06448
1.06131
1.05814
1.05319
1.05148
1.04636
1.04465
1.03952
1.03598
1.03232
1.02866
1.02499
1.02133
1.01767
1.01401
1.01035
1.00681
1.00339
0.999969
0.996552
0.993134
0.989716
0.986298
0.982971
0.979797
0.976624
0.97345
0.970276
0.967194
0.964264
0.959869
0.95694
0.954132
0.951447
0.948761
0.946075
0.943512
0.941071
0.938629
0.936188
0.93396
0.931763
0.929565
0.92749
0.925537
0.922607
0.920898
0.919189
0.917542
0.916077
0.914612
0.91333
0.912109
0.91098
0.910004
0.909088
0.908356
0.907654
0.907166
0.906677
0.906433
0.906189
0.906189
0.906189
0.906525
0.90683
0.907318
0.907806
0.908539
0.909271
0.910187
0.911163
0.912201
0.913422
0.914642
0.916046
0.917511
0.918976
0.920654
0.922363
0.924072
0.926941
0.928894
0.930847
0.932922
0.93512
0.937317
0.939514
0.941711
0.943909
0.94635
0.948792
0.951233
0.953674
0.956116
0.958557
0.962219
0.96344
0.965881
0.968323
0.970764
0.974213
0.975311
0.977509
0.980804
0.983002
0.985199
0.987396
0.990479
0.992432
0.994385
0.996338
0.998291
1.00012
1.00183
1.00354
1.00525
1.00696
1.00851
1.00998
1.01144
1.01291
1.01437
1.01559
1.01682
1.01804
1.01926
1.02039
1.02136
1.02234
1.0238
1.02429
1.02512
1.02585
1.02658
1.02768
1.02805
1.02856
1.0293
1.02954
1.03027
1.03064
1.03088
1.03113
1.03137
1.03162
1.03177
1.03177
1.03177
1.03177
1.03177
1.03165
1.0314
1.03116
1.03091
1.03067
1.03043
1.03006
1.02957
1.02908
1.02859
1.02811
1.02762
1.02713
1.02652
1.02579
1.02505
1.02432
1.02359
1.02286
1.02213
1.02176
1.02029
1.01889
1.01791
1.01694
1.01596
1.01498
1.01401
1.01303
1.01205
1.01108
1.0101
1.00912
1.00815
1.00717
1.0062
1.00522
1.00424
1.00327
1.00229
1.00131
1.00034
0.998871
0.998383
0.997406
0.996429
0.995453
0.993988
0.993011
0.992035
0.99057
0.989594
0.988617
0.98764
0.986664
0.985687
0.984711
0.983734
0.982758
0.981293
0.980804
0.97934
0.978851
0.977875
0.976746
0.976013
0.975281
0.974548
0.973816
0.973083
0.972351
0.971619
0.970886
0.970154
0.969421
0.968689
0.967957
0.967346
0.966858
0.96637
0.965881
0.965393
0.964905
0.964417
0.963684
0.963196
0.962952
0.962219
0.961975
0.961731
0.961487
0.961243
0.960999
0.960754
0.96051
0.960266
0.960022
0.959778
0.959686
0.959686
0.959686
0.959686
0.959686
0.959686
0.959686
0.959686
0.959686
0.959686
0.959686
0.959839
0.960083
0.960327
0.960571
0.960815
0.96106
0.961304
0.961548
0.961914
0.962158
0.962402
0.962646
0.962891
0.963226
0.963715
0.964203
0.964691
0.965179
0.965668
0.966156
0.966644
0.967133
0.967621
0.968353
0.968842
0.96933
0.969818
0.970306
0.970795
0.971283
0.971771
0.97226
0.972748
0.973236
0.973724
0.974213
0.974701
0.975189
0.975677
0.976166
0.976654
0.977142
0.977631
0.978119
0.978607
0.979095
0.979584
0.980072
0.98056
0.981049
0.981537
0.982025
0.982513
0.983002
0.98349
0.983978
0.984467
0.984955
0.985443
0.985931
0.986664
0.986908
0.987396
0.987885
0.988373
0.9888
0.989044
0.989288
0.989532
0.989899
0.990143
0.990265
0.990631
0.990875
0.991119
0.991364
0.991608
0.991852
0.992096
0.99234
0.992584
0.992828
0.993073
0.993317
0.993561
0.993805
0.994049
0.994293
0.994507
0.994507
0.994507
0.994507
0.994507
0.994507
0.994507
0.994507
0.994507
0.994507
0.994507
0.994507
0.994507
0.994507
0.994507
0.994507
0.994507
0.994507
0.994507
0.994507
0.994507
0.994507
0.994507
0.994507
0.994507
0.994507
0.994507
0.994507
0.994507
0.994507
0.994507
0.994507
0.994415
0.994171
0.993927
0.993683
0.993317
0.993195
0.99295
0.992706
0.992462
0.992096
0.991974
0.99173
0.991364
0.991119
0.990875
0.990631
0.990387
0.990143
0.989899
0.989655
0.98941
0.989166
0.988922
0.988678
0.988434
0.98819
0.987946
0.987701
0.987457
0.987213
0.986969
0.986725
0.986481
0.986237
0.985992
0.985748
0.985382
0.98526
0.985016
0.98465
0.984406
0.984283
0.983917
0.983795
0.983551
0.983185
0.982941
0.982697
0.982452
0.982269
0.982269
0.982269
0.982269
0.982269
0.982269
0.982269
0.982269
0.982269
0.982269
0.982269
0.982269
0.982269
0.982269
0.982269
0.982269
0.982269
0.982269
0.982269
0.982269
0.982269
0.982269
0.982269
0.982269
0.982269
0.982269
0.982269
0.982269
0.982269
0.982269
0.982269
0.982269
0.982269
0.982269
0.982269
0.982269
0.982269
0.982269
0.982269
0.982269
0.982269
0.982269
0.982269
0.982269
0.982269
0.982269
0.982269
0.982269
0.982269
0.982269
0.982269
0.982269
0.982269
0.982269
0.982269
0.982269
0.982269
0.982269
0.982269
0.982269
0.982269
0.982269
0.982269
0.982269
0.982269
0.982269
0.982269
0.982269
0.982452
0.982697
0.982941
0.983185
0.983429
0.983673
0.983917
0.984161
0.984406
0.98465
0.984894
0.985138
0.985382
0.985626
0.98587
0.986115
0.986359
0.986603
0.986847
0.987091
0.987335
0.987579
0.987823
0.988068
0.988312
0.988678
0.9888
0.989166
0.98941
0.989655
0.989899
0.990143
0.990387
0.99054
0.99054
0.99054
0.99054
0.99054
0.99054
0.99054
0.99054
0.99054
0.99054
0.99054
0.99054
0.99054
0.99054
0.99054
0.99054
0.99054
0.99054
0.99054
0.99054
0.99054
0.99054
0.99054
0.99054
0.99054
0.99054
0.99054
0.99054
0.99054
0.99054
0.99054
