0
0
0
0
0
0
0.000152588
0.000549317
0.00149536
0.00314331
0.00579834
0.00970459
0.0150452
0.0220337
0.0309448
0.0418701
0.0550232
0.0704956
0.0884094
0.108826
0.131775
0.157257
0.185242
0.215698
0.248566
0.283722
0.340576
0.360535
0.42334
0.445251
0.490265
0.56076
0.609497
0.659515
0.710663
0.762787
0.815704
0.869293
0.923401
0.977905
1.03259
1.08728
1.16919
1.19635
1.25031
1.30371
1.35635
1.40811
1.48373
1.50836
1.58008
1.62598
1.64825
1.71252
1.75293
1.79117
1.82718
1.86087
1.89209
1.92081
1.94693
1.9704
1.99118
2.00919
2.02441
2.03683
2.04645
2.05322
2.05713
2.05823
2.05646
2.05182
2.04431
2.03394
2.02075
2.00467
1.98575
1.96402
1.93945
1.91214
1.88211
1.8494
1.81409
1.77628
1.73602
1.69348
1.64868
1.60178
1.55289
1.50223
1.44986
1.39597
1.34064
1.28406
1.22635
1.16769
1.10825
1.04816
0.987579
0.957184
0.835175
0.774292
0.713654
0.653503
0.593964
0.535217
0.477386
0.420685
0.365295
0.31134
0.259033
0.18396
0.136475
0.113495
0.0692749
0.00738525
-0.0307922
-0.0663452
-0.0992737
-0.129486
-0.156921
-0.18158
-0.20343
-0.222473
-0.238647
-0.251953
-0.262451
-0.27002
-0.27478
-0.276062
-0.275665
-0.27179
-0.265076
-0.255524
-0.243073
-0.227814
-0.209717
-0.188751
-0.164948
-0.138336
-0.108856
-0.0765991
-0.0415039
-0.00363159
0.0369263
0.0801392
0.125946
0.174225
0.224915
0.277832
0.332886
0.389893
0.448792
0.509338
0.571411
0.634857
0.699493
0.765137
0.831604
0.898712
0.966278
1.03415
1.10202
1.16989
1.23755
1.30475
1.37131
1.43707
1.5018
1.56537
1.62756
1.68817
1.74713
1.80414
1.85916
1.91196
1.96246
2.0336
2.05606
2.099
2.13925
2.17679
2.22787
2.25839
2.2861
2.29889
2.33295
2.35211
2.36838
2.38181
2.39233
2.40002
2.40485
2.4068
2.40588
2.4021
2.39551
2.38602
2.37369
2.35855
2.34055
2.3197
2.29602
2.26953
2.2402
2.20804
2.1731
2.13531
2.09476
2.05136
2.00522
1.95633
1.90472
1.85052
1.79376
1.73459
1.6416
1.60956
1.54401
1.47668
1.37277
1.30182
1.2298
1.19342
1.08325
1.00916
0.934753
0.860291
0.78598
0.712067
0.638702
0.566101
0.494507
0.424103
0.355103
0.287689
0.222137
0.158539
0.0969849
0.0376892
-0.0191956
-0.0735779
-0.099823
-0.17453
-0.220947
-0.264587
-0.30542
-0.343414
-0.378571
-0.410858
-0.440277
-0.466827
-0.490509
-0.511261
-0.529205
-0.54425
-0.556458
-0.565765
-0.572235
-0.575836
-0.576569
-0.574463
-0.569489
-0.561676
-0.551025
-0.537537
-0.521179
-0.502014
-0.480011
-0.45517
-0.412628
-0.397034
-0.363739
-0.308533
-0.288757
-0.225128
-0.17923
-0.130585
-0.0791321
-0.0249634
0.0319214
0.0914001
0.153412
0.217865
0.284576
0.353302
0.423981
0.49646
0.570404
0.64566
0.722076
0.799316
0.877228
0.955597
1.03421
1.11282
1.19128
1.26935
1.34677
1.4234
1.49902
1.57339
1.6463
1.71756
1.78702
1.82101
1.91974
1.98273
2.04327
2.10129
2.15671
2.20941
2.2594
2.3291
2.35092
2.41208
2.43106
2.46683
2.51511
2.54367
2.56937
2.59219
2.61212
2.62921
2.6434
2.65475
2.66324
2.66885
2.67163
2.67154
2.66861
2.66284
2.65421
2.64273
2.62842
2.6113
2.59131
2.56851
2.54288
2.51443
2.48318
2.4491
2.41223
2.35165
2.33005
2.28479
2.23672
2.18588
2.13226
2.0759
2.01678
1.95496
1.8905
1.82346
1.75394
1.6821
1.57025
1.49326
1.45413
1.37469
1.29388
1.21188
1.08725
1.04535
0.961243
0.876923
0.750488
0.666595
0.583221
0.500641
0.419098
0.378784
0.259888
0.144714
0.0703735
-0.00195312
-0.0720215
-0.139709
-0.204895
-0.267487
-0.327423
-0.384613
-0.439026
-0.490601
-0.539337
-0.585236
-0.628204
-0.668304
-0.705536
-0.739838
-0.771301
-0.799866
-0.8255
-0.848328
-0.868225
-0.885315
-0.899475
-0.910828
-0.919312
-0.924927
-0.927704
-0.927612
-0.924683
-0.918915
-0.910309
-0.898834
-0.884552
-0.867462
-0.847504
-0.824738
-0.799133
-0.770721
-0.739471
-0.687378
-0.66861
-0.628967
-0.586517
-0.54129
-0.493256
-0.416046
-0.388947
-0.332611
-0.273529
-0.179749
-0.147125
-0.045166
0.026123
0.0999756
0.176331
0.255005
0.335876
0.418762
0.503326
0.589447
0.67688
0.76535
0.854584
0.944336
1.03442
1.12451
1.21442
1.30386
1.39264
1.4805
1.56717
1.65247
1.73618
1.81808
1.89801
1.97574
2.05118
2.12415
2.19455
2.26233
2.32739
2.38968
2.44916
2.5058
2.58533
2.63477
2.68127
2.72485
2.76559
2.78488
2.83835
2.87033
2.89951
2.92575
2.94916
2.96967
2.9873
3.00208
3.01404
3.0231
3.02933
3.03271
3.03323
3.03091
3.02579
3.01779
3.00696
2.99329
2.97681
2.95749
2.93533
2.91037
2.88257
2.85199
2.81857
2.78238
2.74338
2.70157
2.65695
2.60959
2.53333
2.47903
2.42197
2.36215
2.29959
2.23428
2.16623
2.09549
2.02206
1.94598
1.86734
1.78625
1.70285
1.61728
1.52979
1.44064
1.35001
1.25815
1.16531
1.07178
0.977814
0.883575
0.789429
0.695618
0.602356
0.509888
0.418488
0.328339
0.239716
0.152832
0.0678406
-0.055603
-0.0956116
-0.173798
-0.249481
-0.32254
-0.427032
-0.493195
-0.556549
-0.587128
-0.674652
-0.72934
-0.781097
-0.829926
-0.875885
-0.918976
-0.959137
-0.996368
-1.0307
-1.06219
-1.09076
-1.11646
-1.13928
-1.15927
-1.17636
-1.19061
-1.202
-1.21054
-1.21625
-1.21912
-1.21912
-1.21631
-1.21066
-1.20215
-1.1908
-1.17664
-1.15964
-1.13983
-1.1048
-1.09174
-1.06345
-1.03235
-0.980438
-0.942322
-0.922211
-0.857697
-0.834808
-0.761993
-0.709961
-0.655182
-0.597626
-0.537323
-0.474274
-0.408478
-0.339966
-0.268738
-0.194794
-0.118164
-0.0389099
0.0429688
0.127319
0.21402
0.302917
0.39386
0.486481
0.580627
0.676056
0.772491
0.86969
1.01633
1.06528
1.16315
1.30923
1.35764
1.45383
1.59601
1.64273
1.73502
1.82547
1.91397
2.04276
2.08453
2.16623
2.284
2.35916
2.43158
2.46674
2.5679
2.63174
2.69266
2.75067
2.80585
2.85809
2.90741
2.9538
2.99725
3.03778
3.07538
3.11017
3.14203
3.17102
3.19714
3.22037
3.24075
3.25827
3.27292
3.28473
3.2937
3.2998
3.3031
3.30356
3.29889
3.2959
3.28271
3.27692
3.26318
3.24658
3.21643
3.20496
3.1799
3.13708
3.10501
3.08792
3.03247
2.992
2.94876
2.90271
2.85388
2.82843
2.74792
2.69083
2.63095
2.56833
2.50296
2.43488
2.36407
2.29056
2.21432
2.13541
2.05386
1.9697
1.88297
1.79382
1.70239
1.60883
1.51346
1.41644
1.31805
1.21857
1.06778
1.01724
0.865326
0.814697
0.663391
0.613251
0.46405
0.365997
0.269318
0.174286
0.0811462
-0.00997925
-0.098877
-0.185394
-0.269409
-0.35083
-0.429535
-0.505463
-0.578583
-0.648865
-0.716248
-0.780701
-0.842224
-0.900818
-0.956482
-1.00922
-1.05902
-1.1059
-1.14984
-1.19092
-1.22913
-1.2644
-1.29678
-1.32632
-1.35294
-1.37674
-1.40704
-1.41571
-1.43744
-1.44327
-1.45279
-1.45944
-1.46326
-1.46365
-1.46039
-1.45428
-1.44534
-1.43356
-1.41895
-1.40152
-1.38126
-1.35818
-1.33231
-1.30359
-1.27209
-1.23776
-1.20065
-1.16074
-1.11804
-1.07257
-1.02429
-0.973236
-0.919434
-0.862854
-0.803558
-0.741486
-0.676666
-0.6091
-0.538849
-0.465881
-0.390198
-0.311829
-0.230774
-0.147034
-0.0606995
0.0282288
0.119598
0.260986
0.309143
0.406921
0.5065
0.607483
0.709656
0.864594
0.968536
1.07275
1.12482
1.22873
1.33218
1.48581
1.5365
1.68658
1.78464
1.83304
1.97516
2.06717
2.15683
2.20074
2.28659
2.4104
2.4895
2.5658
2.60284
2.70978
2.7774
2.8421
2.90387
2.96271
3.01862
3.07159
3.12164
3.16876
3.21295
3.25421
3.29257
3.32809
3.36069
3.39044
3.4173
3.44128
3.4624
3.48071
3.49612
3.5087
3.51846
3.52533
3.52939
3.53061
3.52899
3.52454
3.51721
3.50708
3.49414
3.47836
3.45975
3.43829
3.41406
3.38699
3.34113
3.32443
3.27017
3.23047
3.20959
3.14276
3.09473
3.04391
2.99036
2.93402
2.87494
2.81311
2.74854
2.68121
2.61118
2.53845
2.46301
2.38489
2.30408
2.17783
2.1344
2.04562
1.90762
1.86041
1.71533
1.66583
1.56543
1.41174
1.3598
1.20233
1.14941
0.989929
0.936584
0.776764
0.670685
0.565277
0.460785
0.357513
0.255676
0.155487
0.0572205
-0.0390015
-0.132965
-0.224518
-0.313538
-0.399963
-0.483673
-0.564575
-0.64267
-0.717865
-0.790131
-0.859467
-0.925873
-0.989349
-1.0499
-1.10751
-1.1622
-1.21396
-1.26279
-1.33054
-1.35165
-1.39172
-1.42896
-1.46326
-1.49469
-1.52325
-1.56073
-1.57178
-1.59177
-1.61636
-1.62921
-1.63922
-1.64639
-1.65182
-1.65189
-1.64911
-1.64349
-1.63507
-1.62381
-1.60971
-1.5928
-1.57306
-1.55051
-1.52512
-1.49692
-1.46591
-1.4321
-1.39548
-1.35608
-1.31387
-1.26889
-1.22113
-1.17059
-1.11731
-1.06125
-1.00244
-0.940887
-0.843445
-0.809601
-0.739838
-0.630127
-0.630127
-0.474396
-0.433777
-0.350555
-0.220703
-0.176117
-0.0384216
0.0566101
0.154053
0.253815
0.355743
0.459534
0.564941
0.671692
0.779541
0.888153
0.942657
1.10651
1.21561
1.32434
1.32434
1.59253
1.69769
1.80127
1.90308
2.00284
2.10049
2.19583
2.28873
2.37906
2.46671
2.55161
2.63367
2.71289
2.78918
2.86255
2.93298
3.00049
3.06506
3.15643
3.18542
3.26801
3.3194
3.36786
3.41339
3.45599
3.4957
3.53256
3.5665
3.59756
3.62576
3.65112
3.67358
3.69321
3.70999
3.72391
3.73499
3.74323
3.7486
3.75116
3.75089
3.74777
3.74182
3.73303
3.72144
3.707
3.68973
3.66965
3.64673
3.60712
3.57718
3.56116
3.50888
3.49008
3.42944
3.38553
3.36252
3.28937
3.23712
3.18213
3.12439
3.06387
3.00061
2.93463
2.86591
2.79449
2.72037
2.64352
