0
0
0
0
0
0
0.000335693
0.000579834
0.00100708
0.00128174
0.00262451
0.00396729
0.0057373
0.00799561
0.0107422
0.0140076
0.0178528
0.0222473
0.0271912
0.0327148
0.0387878
0.0453796
0.0525208
0.0601501
0.0682678
0.0768738
0.085907
0.0953674
0.105255
0.11554
0.12619
0.137268
0.15448
0.16037
0.178558
0.191071
0.203857
0.216919
0.230225
0.243774
0.257568
0.271576
0.285767
0.300171
0.314758
0.329468
0.351807
0.359344
0.374481
0.397369
0.41275
0.428131
0.443634
0.459259
0.474884
0.490509
0.506134
0.521759
0.537384
0.553009
0.560822
0.584259
0.599731
0.615112
0.630493
0.645844
0.66098
0.676117
0.691101
0.705994
0.720764
0.735413
0.749908
0.764313
0.778503
0.792572
0.806488
0.82019
0.840485
0.85379
0.866913
0.879852
0.892548
0.905029
0.917328
0.929413
0.941254
0.952881
0.969879
0.975403
0.991669
0.996918
1.00729
1.02237
1.02725
1.04153
1.04617
1.05524
1.06833
1.07675
1.0849
1.0928
1.10046
1.10785
1.11145
1.12189
1.12854
1.13495
1.14111
1.14706
1.15277
1.15823
1.16348
1.16849
1.17328
1.17783
1.18216
1.18625
1.19009
1.19543
1.19711
1.20029
1.20456
1.2059
1.2095
1.21164
1.21262
1.21521
1.21667
1.2179
1.2189
1.2197
1.22028
1.22064
1.22079
1.22076
1.22052
1.22006
1.21906
1.21863
1.21765
1.21582
1.21509
1.21359
1.21188
1.21002
1.20807
1.20587
1.20236
1.20114
1.19852
1.19583
1.19293
1.19
1.18524
1.18198
1.17856
1.17685
1.17145
1.16779
1.16595
1.1601
1.15619
1.15213
1.14798
1.14383
1.13968
1.13535
1.13095
1.12656
1.12216
1.11777
1.11337
1.10898
1.10458
1.10019
1.09573
1.09109
1.08646
1.08188
1.07748
1.07089
1.0687
1.0621
1.05771
1.05551
1.05112
1.04453
1.04013
1.03574
1.03134
1.02713
1.02298
1.01883
1.01468
1.01053
1.00638
1.00235
0.998444
0.992584
0.990631
0.986725
0.980988
0.979156
0.973663
0.970001
0.966339
0.962799
0.959381
0.955963
0.952545
0.949127
0.945831
0.942657
0.939484
0.93631
0.93161
0.930145
0.927216
0.922821
0.919891
0.917084
0.914398
0.911713
0.909027
0.906342
0.902649
0.901428
0.898987
0.896545
0.894196
0.891998
0.889801
0.887604
0.88443
0.883453
0.880524
0.878571
0.876678
0.874969
0.87326
0.871552
0.869843
0.868378
0.866913
0.865448
0.863983
0.862701
0.86087
0.86026
0.858429
0.857941
0.856476
0.855988
0.854523
0.853729
0.852997
0.852264
0.851532
0.850861
0.850372
0.849884
0.849396
0.848907
0.84848
0.848358
0.847992
0.847748
0.847626
0.847626
0.847626
0.847626
0.847626
0.847717
0.847961
0.848206
0.84845
0.848694
0.848938
0.849396
0.849884
0.850372
0.850861
0.851349
0.851837
0.852448
0.85318
0.853912
0.854645
0.855377
0.856476
0.857208
0.857574
0.859009
0.859985
0.860962
0.861938
0.862915
0.863892
0.864868
0.865845
0.866821
0.867798
0.868805
0.870026
0.871246
0.872467
0.873688
0.874908
0.876129
0.87735
0.879181
0.880402
0.881622
0.882843
0.884064
0.885284
0.886505
0.887726
0.888947
0.890167
0.891388
0.892609
0.893829
0.89505
0.896271
0.897491
0.898712
0.899933
0.901154
0.902374
0.903595
0.904816
0.906647
0.907257
0.908478
0.910309
0.910919
0.91275
0.913879
0.914856
0.915833
0.916809
0.917786
0.918762
0.919739
0.920715
0.921692
0.922668
0.924133
0.92511
0.925598
0.927063
0.92804
0.929016
0.929993
0.930756
0.931488
0.93222
0.932953
0.933685
0.934418
0.93515
0.935883
0.936615
0.937347
0.93808
0.939178
0.939911
0.940643
0.941223
0.941711
0.9422
0.942688
0.943176
0.943665
0.944153
0.944641
0.945129
0.945618
0.946106
0.946594
0.947327
0.947571
0.948303
0.9487
0.948822
0.949188
0.949432
0.949677
0.949921
0.950165
0.950409
0.950653
0.950897
0.951141
0.951263
0.951508
0.951874
0.952118
0.952362
0.952484
0.95285
0.953094
0.953339
0.953339
0.953339
0.953339
0.953339
0.953339
0.953339
0.953339
0.953339
0.953339
0.953339
0.953339
0.953339
0.953339
0.953339
0.953339
0.953339
0.953339
0.953339
0.953339
0.953339
0.953339
0.953339
0.953339
0.953339
0.953339
0.953339
0.953339
0.953339
0.953339
0.953339
0.953339
0.953339
0.953339
0.953339
0.953278
0.953033
0.952789
0.952545
0.952301
0.952057
0.951691
0.951447
0.951324
0.950958
0.950836
0.95047
0.950226
0.950104
0.949738
0.949615
0.949249
0.949005
0.948761
0.948517
0.948273
0.948029
0.947784
0.94754
0.947174
0.94693
0.946686
0.946442
0.946198
0.945953
0.945709
0.945465
0.945221
0.944977
0.944733
0.944489
0.944244
0.944122
0.943634
0.943512
0.943146
0.942902
0.942657
0.942413
0.942169
0.941925
0.941681
0.941437
0.941437
0.94104
0.94104
0.94104
0.94104
0.94104
0.94104
0.94104
0.94104
0.94104
0.94104
0.94104
0.94104
0.94104
0.94104
0.94104
0.94104
0.94104
0.94104
0.94104
0.94104
0.94104
0.94104
0.94104
0.94104
0.94104
0.94104
0.94104
0.94104
0.94104
0.94104
0.94104
0.94104
0.94104
0.94104
0.94104
0.94104
0.94104
0.94104
0.94104
0.94104
0.94104
0.94104
0.94104
0.94104
0.94104
0.94104
0.94104
0.94104
0.94104
0.94104
0.94104
0.94104
0.94104
0.94104
0.94104
0.94104
0.94104
0.94104
0.94104
0.94104
0.94104
0.94104
0.94104
0.94104
0.94104
0.94104
0.94104
0.94104
0.94104
0.94104
0.94104
0.94104
0.94104
0.94104
0.94104
0.94104
0.94104
0.94104
0.94104
0.94104
0.94104
0.94104
0.94104
0.94104
0.94104
0.94104
0.94104
0.94104
0.941284
0.941528
0.941772
0.942017
0.942261
0.942505
0.942749
0.942993
0.943237
0.943481
0.943726
0.94397
0.944214
0.944458
0.944702
0.944946
0.94519
0.945435
0.945679
0.945923
0.946167
0.946411
0.946655
0.946899
0.947144
0.947388
0.947632
0.947876
0.94812
0.948364
0.948608
0.948853
0.949097
0.949341
0.949585
0.949829
0.950073
0.950317
0.950562
0.950806
0.95105
0.951294
0.951538
0.951782
0.952026
0.952271
0.952515
0.952759
0.953003
0.953247
0.953491
0.953735
0.953979
0.954346
0.954468
0.954712
0.955078
0.9552
0.955414
0.955414
0.955414
0.955414
0.955414
0.955414
0.955414
0.955414
0.955414
0.955414
0.955414
0.955414
0.955414
0.955414
0.955414
0.955414
0.955414
0.955414
0.955414
0.955414
0.955414
0.955414
0.955414
0.955414
0.955414
0.955414
0.955414
0.955414
0.955414
0.955414
0.955414
0.955414
0.955414
0.955414
0.955414
0.955414
0.955414
0.955414
0.955414
0.955414
0.955414
0.955414
0.955414
0.955414
0.955414
0.955414
0.955414
0.955414
0.955414
0.955414
0.955414
0.955414
0.955414
0.955414
0.955414
0.955414
0.955414
0.955414
0.955414
0.955414
0.955414
0.955414
0.955414
0.955414
0.955414
0.955414
0.955414
0.955414
0.955414
0.955414
0.955414
0.955414
0.955414
0.955414
0.955414
0.955414
0.955414
0.955414
0.955414
0.955414
0.955414
0.955414
0.955414
0.955414
0.955414
0.955414
0.955414
0.955414
0.955414
0.955414
0.955414
0.955414
0.955414
0.955414
0.955414
0.955414
0.955414
0.955414
0.955414
0.955414
0.955414
0.955414
0.955414
0.955414
0.955414
0.955414
0.955414
0.955414
0.955414
0.955414
0.955414
0.955414
0.955414
0.955414
0.955414
0.955414
0.955414
0.955414
0.955414
0.955414
0.955414
0.955414
0.955414
0.955414
0.955414
0.955414
0.955414
0.955414
0.955414
0.955414
0.955414
0.955414
0.955414
0.955414
0.955414
0.955414
0.955414
0.955414
0.955414
0.955414
0.955414
0.955658
0.955902
0.956024
0.95639
0.956635
0.956879
0.957123
0.957367
0.957611
0.957855
0.958099
0.958344
0.958588
0.958832
0.959076
0.95932
0.959564
0.959808
0.960052
0.960297
0.960541
0.960785
0.961029
0.961273
0.961517
0.961761
0.962006
0.96225
0.962494
0.962738
0.962982
0.963226
0.96347
0.963715
0.963959
0.964203
0.964447
0.964478
0.964478
0.964478
0.964478
0.964478
0.964478
0.964478
0.964478
0.964478
0.964478
0.964478
0.964478
0.964478
0.964478
0.964478
0.964478
0.964478
0.964478
0.964478
0.964478
0.964478
0.964478
0.964478
0.964478
0.964478
0.964478
0.964478
0.964478
0.964478
0.964478
0.964478
0.964478
0.964478
0.964478
0.964478
0.964478
0.964478
0.964478
0.964478
0.964478
0.964478
0.964478
0.964478
0.964478
0.964478
0.964478
0.964478
0.964478
0.964478
0.964478
0.964478
0.964478
0.964478
0.964478
0.964478
0.964478
0.964478
0.964478
0.964478
0.964478
0.964478
0.964478
0.964478
0.964478
0.964478
0.964478
0.964478
0.964478
0.964478
0.964478
0.964478
0.964478
0.964478
0.964478
0.964478
0.964478
0.964478
0.964478
0.964478
0.964478
0.964478
0.964478
0.964478
0.964478
0.964478
0.964478
0.964478
0.964478
0.964478
0.964478
0.964478
0.964478
0.964478
0.964478
0.964478
0.964478
0.964478
0.964478
0.964478
0.964478
0.964478
0.964478
0.964478
0.964478
0.964478
0.964478
0.964478
0.964478
0.964478
0.964478
0.964478
0.964478
0.964478
0.964478
0.964478
0.964478
0.964478
0.964478
0.964478
0.964478
0.964478
0.964478
0.964478
0.964478
0.964478
0.964478
0.964478
0.964478
0.964478
0.964478
0.964478
0.964478
0.964478
0.964478
0.964478
0.964478
0.964478
0.964478
0.964478
0.964478
0.964478
0.964478
0.964478
0.964478
0.964478
0.964478
0.964478
0.964478
0.964478
0.964478
0.964478
0.964478
0.964478
0.964478
0.964478
0.964478
0.964478
0.964478
0.964478
0.964569
0.964813
0.965057
0.965302
0.965546
0.96579
0.966034
0.966278
0.966522
0.966766
0.96701
0.967255
0.967499
0.967743
0.967987
0.968231
0.968475
0.968719
0.968964
0.969208
0.969452
0.969696
0.96994
0.970184
0.970428
0.970673
0.970917
0.971161
0.971405
