0
0
0
0
0
0
0.000152588
0.000488281
0.00180054
0.00256348
0.00476074
0.00808716
0.0127563
0.0227661
0.0269775
0.0368958
0.0490112
0.063385
0.0801697
0.110077
0.13327
0.145874
0.187744
0.219025
0.25296
0.28952
0.328644
0.370178
0.414032
0.460052
0.508026
0.557953
0.609528
0.662659
0.717163
0.772827
0.829468
0.886932
0.945038
1.00357
1.06241
1.12125
1.15067
1.23862
1.29672
1.35422
1.41095
1.46671
1.52136
1.57474
1.62665
1.67694
1.7254
1.77191
1.81644
1.85873
1.89871
1.93625
1.97125
2.00363
2.03339
2.06042
2.08469
2.10617
2.12482
2.14066
2.15363
2.16376
2.17105
2.17545
2.177
2.17569
2.17154
2.16449
2.1546
2.14188
2.12625
2.10782
2.08655
2.06241
2.03546
2.00568
1.97308
1.91891
1.89944
1.83685
1.81461
1.76804
1.69321
1.66696
1.58456
1.55594
1.49698
1.40488
1.34113
1.27576
1.20901
1.17517
1.07208
1.00238
0.932098
0.861481
0.79068
0.720062
0.64975
0.579987
0.511017
0.443024
0.376221
0.310822
0.24704
0.18515
0.125214
0.0673828
0.0118713
-0.0412292
-0.0918274
-0.139801
-0.185089
-0.227631
-0.267395
-0.304352
-0.33847
-0.36972
-0.398102
-0.423615
-0.446259
-0.466034
-0.48291
-0.496948
-0.508087
-0.516388
-0.523438
-0.524353
-0.522858
-0.51828
-0.510834
-0.50058
-0.487457
-0.471497
-0.452698
-0.431061
-0.406616
-0.379333
-0.349243
-0.316315
-0.280579
-0.242035
-0.200714
-0.156586
-0.10968
-0.059967
-0.00747681
0.04776
0.105743
0.166473
0.229858
0.295868
0.364349
0.435181
0.508209
0.583252
0.660004
0.777985
0.858185
0.898651
1.02124
1.10361
1.18613
1.26865
1.35089
1.43262
1.51355
1.59341
1.672
1.74908
1.8244
1.89777
1.96909
2.03815
2.1048
2.16891
2.23044
2.28928
2.34537
2.39865
2.47327
2.4967
2.54138
2.60309
2.62219
2.67517
2.69141
2.73572
2.76163
2.7847
2.80487
2.8222
2.83661
2.84821
2.85693
2.86279
2.86581
2.866
2.86331
2.85779
2.84943
2.8382
2.82416
2.80731
2.7876
2.76508
2.73972
2.71155
2.68054
2.64676
2.61014
2.57074
2.52853
2.48355
2.43576
2.38519
2.30417
2.27579
2.18646
2.15533
2.0578
1.98938
1.95413
1.88162
1.76785
1.68878
1.60724
1.52341
1.43738
1.34946
1.25986
1.16885
1.07669
0.983673
0.890045
0.796143
0.702271
0.608704
0.515717
0.423553
0.33252
0.242859
0.154816
0.068512
-0.0157166
-0.0977478
-0.177429
-0.254639
-0.329254
-0.401184
-0.503937
-0.568878
-0.631012
-0.690216
-0.74649
-0.799835
-0.850342
-0.897949
-0.942627
-0.984375
-1.02319
-1.05908
-1.09213
-1.12228
-1.14954
-1.17395
-1.19543
-1.21411
-1.22992
-1.24286
-1.25296
-1.26019
-1.26459
-1.26614
-1.26486
-1.26071
-1.25375
-1.24396
-1.23132
-1.21585
-1.19754
-1.17642
-1.1525
-1.1113
-1.08032
-1.04654
-1.00995
-0.970581
-0.928406
-0.883453
-0.835693
-0.785187
-0.731903
-0.675842
-0.617035
-0.555481
-0.491211
-0.424194
-0.354431
-0.281952
-0.206787
-0.128906
-0.0483398
0.0349121
0.120758
0.254395
0.346558
0.44101
0.537567
0.635956
0.735931
0.837189
0.939392
1.04224
1.14542
1.2486
1.35144
1.45367
1.55499
1.65509
1.75375
1.85077
1.94586
2.03891
2.1297
2.21805
2.30389
2.38708
2.46756
2.54523
2.62006
2.69202
2.76111
2.82727
2.8905
2.95081
3.00806
3.08844
3.11377
3.18539
3.20786
3.25058
3.30917
3.32724
3.37717
3.40683
3.43365
3.44598
3.46848
3.49686
3.50491
3.52475
3.53439
3.54123
3.5452
3.54633
3.54462
3.5401
3.53275
3.52252
3.50949
3.49362
3.47495
3.45346
3.42914
3.40201
3.37204
3.33929
3.30371
3.26535
3.22418
3.18024
3.13354
3.08405
3.03177
2.97675
2.91895
2.85843
2.79517
2.72919
2.66046
2.58899
2.51483
2.43796
2.3584
2.27615
2.19125
2.1037
2.01346
1.8732
1.82513
1.72714
1.62677
1.52411
1.3663
1.31281
1.20474
1.09546
0.929932
0.819
0.763458
0.59726
0.542114
0.377869
0.269714
0.162933
0.0578003
-0.0455933
-0.14682
-0.24585
-0.342468
-0.436615
-0.528107
-0.616913
-0.702911
-0.786041
-0.866272
-0.943665
-1.01801
-1.08942
-1.1579
-1.22345
-1.28607
-1.34567
-1.40231
-1.45602
-1.50681
-1.55466
-1.59964
-1.64175
-1.68094
-1.73431
-1.7663
-1.79538
-1.80887
-1.845
-1.86551
-1.88318
-1.89801
-1.90997
-1.91913
-1.92545
-1.92889
-1.9295
-1.92731
-1.92224
-1.91437
-1.90366
-1.89011
-1.87375
-1.8439
-1.83255
-1.80771
-1.78009
-1.74963
-1.7164
-1.66129
-1.64151
-1.578
-1.5322
-1.48361
-1.43228
-1.37814
-1.32129
-1.26166
-1.19928
-1.13416
-1.06631
-0.995789
-0.922516
-0.846558
-0.767914
-0.686584
-0.60257
-0.5159
-0.426544
-0.334564
-0.239929
-0.14267
-0.0428162
0.0596313
0.164642
0.272156
0.38205
0.494202
0.666138
0.724304
0.900909
0.960327
1.07974
1.25964
1.37958
1.49915
1.61804
1.73602
1.85281
1.96811
2.08176
2.19345
2.30319
2.41068
2.51578
2.61841
2.71838
2.81561
2.9101
3.00171
3.09045
3.17627
3.25916
3.33899
3.41589
3.48984
3.56076
3.62875
3.69382
3.75589
3.81497
3.87112
3.92435
3.99869
4.04471
4.0878
4.12796
4.14697
4.19971
4.23123
4.25992
4.28577
4.30872
4.32883
4.3461
4.3605
4.3721
4.38086
4.38675
4.38983
4.39008
4.38748
4.38208
4.37381
4.36273
4.34882
4.33209
4.31256
4.29019
4.26501
4.23703
4.20624
4.17264
4.13623
4.09702
4.05502
4.01028
3.96274
3.91241
3.85934
3.77457
3.74493
3.68359
3.58643
3.51828
3.44742
3.37384
3.29755
3.21857
3.1369
3.05258
2.96558
2.87592
2.78363
2.68869
2.59113
2.49094
2.38815
2.28278
2.17487
2.06436
1.95132
1.83578
1.71783
1.59753
1.4751
1.35074
1.22476
1.0975
0.904938
0.840485
0.647003
0.51828
0.390167
0.262939
0.13681
0.0120544
-0.111115
-0.232574
-0.352081
-0.469391
-0.584412
-0.697083
-0.80719
-0.914673
-1.01944
-1.1214
-1.22052
-1.31671
-1.40997
-1.50031
-1.58762
-1.67197
-1.75333
-1.8317
-1.9071
-1.97949
-2.04895
-2.11548
-2.17896
-2.2395
-2.29712
-2.35181
-2.40356
-2.45245
-2.49847
-2.54156
-2.6008
-2.61911
-2.66971
-2.68515
-2.71387
-2.75159
-2.76276
-2.79196
-2.80783
-2.82089
-2.83115
-2.83853
-2.84308
-2.84479
-2.84369
-2.83975
-2.83298
-2.82339
-2.81097
-2.79575
-2.77768
-2.75681
-2.73312
-2.7066
-2.67731
-2.64517
-2.61026
-2.57257
-2.53207
-2.4888
-2.44272
-2.39389
-2.34232
-2.25974
-2.23083
-2.17096
-2.10834
-2.04297
-1.97491
-1.90414
-1.83066
-1.71536
-1.67557
-1.59399
-1.50977
-1.42285
-1.28754
-1.24112
-1.1463
-1.04883
-0.897705
-0.793762
-0.687225
-0.578094
-0.522583
-0.352203
-0.235443
-0.11615
0.00561523
0.129822
0.256378
0.385162
0.5159
0.648468
0.78241
0.917419
1.05316
1.18915
1.32513
1.46082
1.59589
1.73004
1.8631
1.99481
2.12497
2.25342
2.38
2.50452
2.62683
2.74683
2.86438
3.03589
3.09177
3.20145
3.30835
3.41235
3.56302
3.65973
3.75348
3.8443
3.88855
4.01691
4.09869
4.17755
4.25336
4.32623
4.39618
4.46307
4.52704
4.58807
4.64618
4.70135
4.7536
4.80295
4.84946
4.89304
4.93372
4.97156
5.00647
5.03857
5.06781
5.09418
5.11771
5.13837
5.15619
5.17758
5.18332
5.19623
5.1991
5.20352
5.20294
5.19952
5.19327
5.1842
5.1723
5.15759
5.14005
5.11969
5.0965
5.07053
5.04172
5.01013
4.97574
4.93857
4.89859
4.85583
4.81027
4.76196
4.71088
4.65701
4.6004
4.54105
4.47897
4.41415
4.34659
4.24017
4.16583
4.08881
4.00909
3.96823
3.84164
3.75391
3.66351
3.5705
3.47488
3.37659
3.27567
3.17221
3.06616
2.95752
2.84634
2.67477
2.6163
2.4975
2.37619
2.25235
2.12604
1.99725
1.86606
1.66492
1.59674
1.45892
1.31927
1.17816
0.964386
0.892761
0.749268
0.534088
0.391144
0.248932
0.107727
-0.0322571
-0.170746
-0.307587
-0.442657
-0.575623
-0.706482
-0.835114
-0.961304
-1.08499
-1.20609
-1.32446
-1.44012
-1.55292
-1.66287
-1.76993
-1.87396
-1.97504
-2.07309
-2.16818
-2.26022
-2.34927
-2.43533
-2.51837
-2.59842
-2.67545
-2.74954
-2.82065
-2.88876
-2.98544
-3.04623
-3.1041
-3.13193
-3.18539
-3.26013
-3.28363
-3.34973
-3.3902
-3.4278
-3.46252
-3.49438
-3.52341
-3.54953
-3.57285
-3.59332
-3.61093
-3.6257
-3.63766
-3.64676
-3.65305
-3.65649
-3.6571
-3.65491
-3.64987
-3.64203
-3.63135
-3.61786
-3.60153
-3.5824
-3.56042
-3.53568
-3.49326
-3.47772
-3.42691
-3.38956
-3.34943
-3.30649
-3.26077
-3.21225
-3.16098
-3.10696
-3.0502
-2.99066
-2.92838
-2.86337
-2.79565
-2.72522
-2.65207
-2.5762
-2.49765
-2.41644
-2.33255
-2.24597
-2.15677
-2.06488
-1.9704
-1.87332
-1.77362
-1.67133
-1.56644
-1.45892
-1.34888
-1.23624
-1.12109
-1.00339
-0.883179
-0.760468
-0.635284
-0.507599
-0.377441
-0.244812
-0.109772
0.0276794
0.238342
0.381622
0.527008
0.600433
0.82312
0.973145
1.12402
1.27533
1.4267
1.57773
1.72818
1.87772
2.02615
2.17319
2.31866
2.46234
2.60406
2.74371
2.88113
3.01614
3.14868
3.27866
3.40598
3.53055
3.65234
3.77124
3.88721
4.00024
4.11035
4.21741
4.32147
4.42252
4.52054
4.61551
4.70743
4.79636
4.88229
5.00552
5.0451
5.15936
5.23184
5.3013
5.36783
5.43143
5.4921
5.54984
5.60464
5.65656
5.70563
5.75177
5.79501
5.83542
5.87292
5.90759
5.93936
5.96829
5.99438
6.01761
6.03799
6.05557
6.07028
6.08215
6.09119
6.09741
6.10083
6.10138
6.09912
6.09402
6.08612
6.07538
6.06183
6.04547
6.02628
6.00427
5.97946
5.95184
5.92142
5.88821
5.85217
5.81335
5.77176
5.72739
5.68024
5.63031
5.55026
5.49344
5.4339
