0
0
0
0
0
0.00012207
0.000366211
0.000732422
0.00137329
0.00241089
0.0039978
0.00622559
0.00918579
0.01297
0.0176086
0.0232239
0.0298157
0.037384
0.045929
0.0554504
0.0659485
0.0773315
0.0896606
0.109802
0.116943
0.131836
0.147522
0.163971
0.181152
0.208191
0.217529
0.236664
0.256378
0.286987
0.308044
0.318756
0.340485
0.373871
0.396637
0.419739
0.443146
0.454987
0.478821
0.514984
0.527161
0.563904
0.588562
0.613251
0.638153
0.675507
0.687958
0.71286
0.737732
0.76239
0.799316
0.811523
0.835876
0.860046
0.895844
0.919434
0.942749
0.965759
0.988403
1.01074
1.03271
1.05429
1.07544
1.09619
1.11649
1.13632
1.15567
1.17453
1.19284
1.21066
1.22794
1.24469
1.26089
1.27655
1.29166
1.30615
1.3201
1.3399
1.35236
1.3642
1.36987
1.38602
1.396
1.4053
1.41406
1.42215
1.4296
1.4364
1.44254
1.44809
1.453
1.45728
1.46091
1.4639
1.46631
1.46805
1.46924
1.46976
1.46973
1.46909
1.46786
1.46609
1.46237
1.46085
1.45547
1.45343
1.44894
1.44394
1.43552
1.42929
1.42264
1.41553
1.40799
1.40005
1.39166
1.38293
1.37381
1.36435
1.35452
1.34439
1.33398
1.32327
1.31229
1.30103
1.28955
1.27783
1.2659
1.25378
1.24152
1.22906
1.21643
1.20374
1.19086
1.17792
1.16498
1.15182
1.13864
1.12546
1.11227
1.09909
1.08591
1.07272
1.05301
1.04007
1.0336
1.01428
1.00159
0.988983
0.976532
0.964233
0.952087
0.940125
0.928406
0.91687
0.905548
0.89444
0.883545
0.872894
0.862488
0.852325
0.842407
0.832764
0.823364
0.81424
0.805389
0.796875
0.788666
0.780731
0.76944
0.765839
0.758881
0.752228
0.745941
0.737152
0.734375
0.726624
0.721863
0.717468
0.71344
0.709717
0.70639
0.703369
0.700745
0.698425
0.696472
0.694855
0.693542
0.692627
0.692017
0.691711
0.691772
0.692139
0.69281
0.693817
0.695129
0.696716
0.698608
0.700775
0.703247
0.705994
0.709015
0.71228
0.71579
0.719543
0.723541
0.727783
0.732239
0.739349
0.741791
0.749481
0.754852
0.760437
0.766144
0.772003
0.778076
0.78421
0.790558
0.796967
0.803558
0.81015
0.816986
0.823822
0.830658
0.837738
0.844818
0.851898
0.858978
0.866058
0.873291
0.880615
0.887939
0.895264
0.902588
0.90976
0.92038
0.92392
0.931
0.94162
0.948578
0.955414
0.96225
0.968964
0.975555
0.982117
0.988464
0.994781
1.00089
1.0069
1.01276
1.01846
1.02408
1.02945
1.03473
1.03986
1.0448
1.04962
1.05426
1.05875
1.06311
1.06726
1.07129
1.0752
1.07886
1.08243
1.08585
1.08908
1.09222
1.09515
1.09793
1.10062
1.10306
1.10538
1.10757
1.10956
1.11142
1.11313
1.11459
1.11594
1.11713
1.1181
1.1189
1.11978
1.12018
1.12042
1.12042
1.12027
1.12
1.11951
1.11887
1.1181
1.11713
1.116
1.11478
1.11331
1.11176
1.11005
1.10822
1.10626
1.10413
1.10193
1.09955
1.09711
1.09451
1.09183
1.08908
1.08615
1.08173
1.08014
1.07697
1.07379
1.07056
1.06543
1.06372
1.0603
1.05688
1.05347
1.04822
1.04456
1.04272
1.03906
1.03357
1.02991
1.02625
1.02258
1.01892
1.01544
1.01202
1.00861
1.00519
1.00177
0.998352
0.994934
0.991516
0.988159
0.984985
0.981812
0.978638
0.975464
0.97229
0.969208
0.966278
0.963348
0.960419
0.957489
0.95462
0.951935
0.949249
0.945221
0.943878
0.940094
0.937653
0.935211
0.93277
0.930481
0.928284
0.926086
0.923889
0.921844
0.919891
0.917938
0.915985
0.914246
0.912537
0.910828
0.909241
0.907776
0.906311
0.904877
0.903656
0.902435
0.900726
0.89975
0.898773
0.898315
0.897217
0.896484
0.895966
0.895477
0.89505
0.894806
0.894562
0.89447
0.89447
0.89447
0.894714
0.894958
0.895294
0.895782
0.896271
0.896912
0.897644
0.898376
0.899261
0.900238
0.901215
0.902313
0.903534
0.904755
0.905975
0.90741
0.908875
0.910339
0.911804
0.913452
0.915161
0.917725
0.919434
0.920288
0.922852
0.924744
0.926697
0.92865
0.930603
0.932556
0.934509
0.936462
0.938416
0.940369
0.942322
0.944275
0.946228
0.948181
0.950134
0.952087
0.95401
0.955719
0.957428
0.959137
0.960846
0.962555
0.964264
0.965973
0.967682
0.970245
0.971741
0.972473
0.97467
0.976135
0.9776
0.979065
0.98053
0.981842
0.983063
0.984283
0.985504
0.986725
0.987946
0.989136
0.990112
0.991089
0.992065
0.993042
0.994019
0.994995
0.995819
0.996552
0.997284
0.998016
0.998749
0.999481
1.00021
1.00073
1.00122
1.00171
1.0022
1.00269
1.00317
1.00388
1.004
1.00424
1.00461
1.00485
1.0051
1.00534
1.00558
1.0058
1.0058
1.0058
1.0058
1.0058
1.0058
1.0058
1.0058
1.0058
1.0058
1.00565
1.00528
1.00504
1.00479
1.00467
1.0043
1.00418
1.00394
1.00357
1.00333
1.00308
1.00284
1.00238
1.00189
1.0014
1.00092
1.00043
0.999939
0.999451
0.998962
0.998474
0.997986
0.997498
0.997009
0.996521
0.996033
0.995544
0.995056
0.994568
0.99408
0.993591
0.993103
0.992615
0.992126
0.991638
0.99115
0.990662
0.989929
0.989197
0.988464
0.987732
0.987
0.986267
0.985168
0.984802
0.98407
0.983337
0.982605
0.981506
0.980774
0.980042
0.979309
0.978577
0.977844
0.977112
0.976624
0.976135
0.975647
0.975159
0.97467
0.974182
0.973694
0.973206
0.972717
0.972229
0.971741
0.971252
0.970764
0.970276
0.969788
0.969299
0.968811
0.968323
0.967834
0.967346
0.966858
0.96637
0.965881
0.965149
0.964905
0.964417
0.963928
0.963196
0.962921
0.962799
0.962433
0.962189
0.962067
0.9617
0.961456
0.961212
0.960968
0.960724
0.96048
0.960236
0.959991
0.959747
0.959503
0.959259
0.959015
0.958771
0.958527
0.958282
0.958252
0.958252
0.958252
0.958252
0.958252
0.958252
0.958252
0.958252
0.958252
0.958252
0.958252
0.958252
0.958252
0.958252
0.958252
0.958252
0.958252
0.958252
0.958252
0.958252
0.958252
0.958252
0.958466
0.95871
0.958954
0.959198
0.959442
0.959686
0.95993
0.960175
0.960419
0.960663
0.960907
0.961151
0.961395
0.961639
0.962006
0.962128
0.962372
0.962738
0.96286
0.963226
0.963348
0.963715
0.963959
0.964203
0.964447
0.964691
0.964935
0.965179
0.965424
0.965668
0.965912
0.966156
0.9664
0.966644
0.966888
0.967133
0.967377
0.967621
0.967865
0.968109
0.968353
0.968597
0.968842
0.969086
0.96933
0.969574
0.969818
0.970062
0.970306
0.970551
0.970795
0.971161
0.971283
0.971649
0.971893
0.972137
0.972382
0.972626
0.97287
0.973114
0.973358
0.973602
0.973846
0.974091
0.974335
0.974579
0.974823
0.975067
0.975311
0.975555
0.9758
0.976044
0.976288
0.976654
0.976776
0.977142
0.977386
0.977631
0.977875
0.978119
0.978363
0.978607
0.978851
0.979095
0.97934
0.979584
0.979828
0.980072
0.980316
0.98056
0.980804
0.981049
0.981293
0.981415
0.981415
0.981415
0.981415
0.981415
0.981415
0.981415
0.981415
0.981415
0.981415
0.981415
0.981415
0.981415
0.981415
0.981415
0.981415
0.981415
0.981415
0.981415
0.981415
0.981415
0.981415
0.981415
0.981415
0.981415
0.981415
0.981415
0.981415
0.981415
0.981415
0.981415
0.981415
0.981415
0.981415
0.981415
0.981415
0.981415
0.981415
0.981415
0.981415
0.981415
0.981415
0.981415
0.981415
0.981415
0.981415
0.981415
0.981415
0.981415
0.981415
0.981415
0.981415
0.981415
0.981415
0.981415
0.981415
0.981415
0.981415
0.981415
0.981415
0.981415
0.981415
0.981415
0.981415
0.981415
0.981415
0.981415
0.981415
0.981415
0.981415
0.981415
0.981415
0.981415
0.981415
0.981415
0.981415
0.981415
0.981415
0.981415
0.981415
0.981415
0.981415
0.981415
0.981415
0.981415
0.981415
0.981415
0.981415
0.981415
0.981415
0.981415
0.981415
0.981415
0.981415
0.981415
0.981415
0.981415
0.981415
0.981415
0.981415
0.981415
0.981415
0.981415
0.981415
0.981415
0.981415
0.981415
0.981415
0.981415
0.981415
0.981415
0.981415
0.981415
0.981415
0.981415
0.981415
0.981415
0.981415
0.981415
0.981415
0.981415
0.981415
0.981415
0.981415
0.981415
0.981415
0.981415
0.981415
0.981415
0.981415
0.981415
0.981415
0.981415
0.981415
0.981415
0.981415
0.981415
0.981415
0.981415
0.981415
0.981415
0.981415
0.981415
0.981415
0.981415
0.981415
0.981415
0.981415
0.981415
0.981415
0.981415
0.981415
0.981415
0.981415
0.981415
0.981415
0.981415
0.981415
0.981415
0.981415
0.981415
0.981415
0.981415
0.981415
0.981415
0.981415
0.981415
0.981415
0.981415
0.981415
0.981415
0.981415
0.981415
0.981415
0.981415
0.981415
0.981415
0.981415
0.981415
0.981415
0.981415
0.981415
0.981415
0.981415
0.981415
0.981415
0.981415
0.981415
0.981415
0.981415
0.981415
0.981415
0.981415
0.981415
0.981415
0.981415
0.981415
0.981415
0.981415
0.981415
0.981415
0.981415
0.981415
0.981415
0.981415
0.981415
0.981415
0.981415
0.981415
0.981415
0.981415
0.981415
0.981415
0.981415
0.981415
0.981415
0.981415
0.981415
0.981415
0.981415
0.981415
0.981415
0.981415
0.981415
0.981415
0.981415
0.981415
0.981415
0.981415
0.981415
0.981415
0.981415
0.981415
0.981415
0.981415
0.981415
0.981415
0.981415
0.981415
0.981415
0.981415
0.981415
0.981415
0.981415
0.981415
0.981415
0.981415
0.981415
0.981415
0.981415
0.981415
0.981415
0.981415
0.981415
0.981415
0.981415
0.981415
0.981415
0.981415
0.981415
0.981415
0.981415
0.981415
0.981415
0.981415
0.981415
0.981415
0.981415
0.981415
0.981415
0.981415
0.981415
0.981415
0.981415
0.981415
0.981415
0.981415
0.981415
0.981415
0.981415
0.981415
0.981415
0.981415
0.981415
0.981415
0.981415
0.981415
0.981415
0.981415
0.981415
0.981415
0.981415
0.981415
