0
0
0
0
0
0
0
0.00012207
0.000518799
0.00146484
0.00311279
0.00576782
0.00967407
0.0150452
0.0220642
0.0309753
0.0419312
0.0625305
0.0705872
0.0984802
0.10907
0.144806
0.158081
0.201996
0.234741
0.270203
0.30835
0.349121
0.392426
0.43811
0.486084
0.536255
0.588379
0.642273
0.697784
0.754761
0.812958
0.872253
0.932404
0.993225
1.05453
1.11612
1.17789
1.23944
1.30069
1.36145
1.45114
1.48056
1.56711
1.59531
1.67752
1.70407
1.75571
1.82938
1.87573
1.89801
1.96115
1.98093
2.03635
2.06992
2.10074
2.12878
2.15399
2.17636
2.19589
2.21259
2.22638
2.23737
2.24542
2.25067
2.25302
2.25253
2.24915
2.24292
2.23386
2.22189
2.20712
2.18951
2.16904
2.14572
2.1196
2.09064
2.05884
2.02423
1.96704
1.94656
1.90353
1.8577
1.78375
1.75775
1.67572
1.64706
1.55737
1.49463
1.42981
1.36304
1.32892
1.22421
1.15271
1.08008
1.00659
0.932495
0.858002
0.783295
0.70874
0.634521
0.560852
0.487976
0.416168
0.345642
0.276611
0.209351
0.112122
0.0498657
0.0195923
-0.0391541
-0.0954285
-0.174988
-0.200165
-0.248474
-0.315704
-0.3367
-0.395416
-0.431
-0.463715
-0.4935
-0.520477
-0.544525
-0.565704
-0.584015
-0.599426
-0.612
-0.621704
-0.62854
-0.632507
-0.633606
-0.631897
-0.627289
-0.619843
-0.609589
-0.596466
-0.580505
-0.561707
-0.54007
-0.515625
-0.488342
-0.458252
-0.425323
-0.389618
-0.351074
-0.309753
-0.265625
-0.194214
-0.143127
-0.116547
-0.0613098
-0.00332642
0.0888367
0.120941
0.221252
0.256042
0.327515
0.439392
0.477875
0.596527
0.678009
0.719391
0.845734
0.931427
1.01797
1.10513
1.1926
1.28012
1.3674
1.45419
1.54022
1.62521
1.70889
1.79102
1.87146
1.94995
2.02625
2.10025
2.17184
2.24084
2.30725
2.40176
2.46127
2.51791
2.5452
2.62265
2.67065
2.71582
2.75806
2.79736
2.83374
2.86728
2.89792
2.92563
2.95053
2.9725
2.99161
3.00784
3.02124
3.03174
3.03943
3.04425
3.0462
3.04535
3.04166
3.0351
3.0257
3.01349
2.99841
2.98053
2.95981
2.93628
2.90991
2.88074
2.84875
2.81393
2.77634
2.73596
2.69278
2.64682
2.59805
2.54651
2.49222
2.43515
2.37534
2.31277
2.24747
2.17941
2.10867
2.03522
1.95905
1.83975
1.79865
1.71451
1.62778
1.53864
1.40063
1.30612
1.25821
1.11227
1.06302
0.913879
0.813751
0.76358
0.663239
0.513336
0.414246
0.316132
0.267548
0.124023
0.030426
-0.0611877
-0.150604
-0.237701
-0.322327
-0.404358
-0.483734
-0.560364
-0.634186
-0.705109
-0.773224
-0.838409
-0.900665
-0.959991
-1.01639
-1.06985
-1.12039
-1.168
-1.21268
-1.2742
-1.29324
-1.32916
-1.37769
-1.3924
-1.43228
-1.44412
-1.4657
-1.49268
-1.50024
-1.51321
-1.52335
-1.53067
-1.53629
-1.53674
-1.53552
-1.53146
-1.52457
-1.50891
-1.50226
-1.48688
-1.4585
-1.43604
-1.42377
-1.38269
-1.35178
-1.31808
-1.28159
-1.24228
-1.2002
-1.1553
-1.10767
-1.05722
-1.00403
-0.94809
-0.889374
-0.827911
-0.763733
-0.696808
-0.627167
-0.554779
-0.479706
-0.401947
-0.321472
-0.238342
-0.152527
-0.0640564
0.0270691
0.120819
0.217163
0.316071
0.417419
0.521088
0.680573
0.734589
0.843842
1.01007
1.06592
1.17804
1.34665
1.4028
1.57053
1.68137
1.79105
1.8454
2.00607
2.11093
2.21378
2.31436
2.41257
2.50827
2.60135
2.69171
2.7793
2.86401
2.94586
3.02484
3.1008
3.1738
3.24387
3.311
3.37515
3.43631
3.49454
3.54984
3.6022
3.65164
3.69815
3.76248
3.7825
3.82034
3.87167
3.88736
3.93008
3.9429
3.96637
3.99625
4.0126
4.01968
4.03177
4.04456
4.04953
4.05167
4.05096
4.04742
4.04108
4.03189
4.01987
4.005
3.98734
3.96683
3.94351
3.91739
3.88846
3.85672
3.8222
3.78485
3.74472
3.70178
3.6561
3.6076
3.55637
3.50235
3.44559
3.38608
3.32379
3.25879
3.19107
3.12064
3.04749
2.97162
2.89307
2.81183
2.72794
2.64136
2.55212
2.46024
2.36575
2.26859
2.16882
2.06644
1.96149
1.85397
1.74396
1.6315
1.51672
1.39978
1.28091
1.16037
1.03848
0.915588
0.792023
0.668243
0.544464
0.421021
0.298279
0.176483
0.0559082
-0.0632324
-0.180725
-0.296326
-0.409882
-0.52121
-0.630157
-0.736603
-0.840424
-0.941528
-1.03986
-1.13531
-1.27301
-1.36115
-1.40411
-1.52863
-1.5686
-1.64636
-1.75742
-1.79294
-1.89511
-1.9277
-1.99057
-2.07938
-2.10751
-2.16159
-2.21274
-2.26099
-2.328
-2.36902
-2.40717
-2.44244
-2.47485
-2.50439
-2.53107
-2.55487
-2.57587
-2.59396
-2.60922
-2.62167
-2.63126
-2.63803
-2.64194
-2.64304
-2.64133
-2.63675
-2.62936
-2.61914
-2.60608
-2.59021
-2.5715
-2.55002
-2.5257
-2.49857
-2.46863
-2.43588
-2.38153
-2.362
-2.32089
-2.27698
-2.23029
-2.18082
-2.1286
-2.04507
-1.98596
-1.95538
-1.85956
-1.82623
-1.7222
-1.68616
-1.57397
-1.49582
-1.41498
-1.37357
-1.28873
-1.20123
-1.065
-0.970886
-0.922821
-0.77475
-0.724091
-0.568207
-0.46109
-0.406555
-0.239136
-0.124298
-0.0659485
0.112854
0.235138
0.29715
0.486542
0.615326
0.745728
0.877533
1.01031
1.14374
1.27728
1.4108
1.54388
1.6763
1.80771
1.9379
2.06662
2.1937
2.319
2.44223
2.56332
2.68213
2.79849
2.91235
3.02356
3.13202
3.2377
3.34048
3.44034
3.53726
3.63126
3.72229
3.8103
3.89539
3.97742
4.05649
4.13254
4.20566
4.27576
4.3429
4.4071
4.46838
4.52673
4.58215
4.63464
4.6842
4.73083
4.77466
4.81555
4.85358
4.90521
4.93607
4.96405
4.9892
5.00067
5.03091
5.04752
5.06128
5.0722
5.08026
5.0871
5.08795
5.08624
5.0816
5.07413
5.06384
5.05072
5.03479
5.01602
4.99445
4.97003
4.92819
4.89676
4.88
4.82553
4.78574
4.74316
4.69778
4.64966
4.59875
4.54507
4.48865
4.4295
4.36755
4.30289
4.2355
4.16541
4.09259
4.01709
3.93887
3.85797
3.77441
3.68817
3.5993
3.50775
3.4136
3.31683
3.21741
3.11542
3.01083
2.90366
2.79388
2.68158
2.56674
2.38974
2.32947
2.20706
2.08215
1.89017
1.75912
1.62579
1.49023
1.35269
1.2135
1.07297
0.931458
0.789429
0.647095
0.505005
0.363373
0.222504
0.0826416
-0.0559387
-0.193085
-0.328583
-0.46225
-0.593964
-0.72348
-0.850708
-1.03711
-1.1582
-1.27667
-1.39243
-1.5054
-1.61551
-1.72269
-1.82693
-1.92825
-2.02658
-2.12192
-2.21423
-2.30356
-2.38986
-2.5137
-2.5535
-2.66833
-2.74121
-2.8111
-2.87799
-2.94196
-3.00299
-3.0611
-3.11627
-3.19354
-3.2179
-3.28656
-3.3287
-3.36801
-3.40439
-3.43796
-3.46863
-3.49646
-3.52142
-3.54355
-3.56284
-3.57928
-3.5929
-3.60797
-3.6145
-3.61816
-3.61902
-3.61707
-3.60883
-3.60468
-3.58792
-3.58093
-3.55573
-3.53543
-3.5123
-3.48636
-3.45761
-3.42609
-3.39172
-3.33496
-3.31464
-3.27191
-3.20264
-3.15302
-3.10059
-3.04541
-2.98749
-2.92682
-2.8634
-2.79727
-2.72839
-2.65683
-2.58255
-2.50558
-2.42593
-2.3436
-2.21509
-2.1261
-2.03445
-1.94019
-1.84326
-1.74374
-1.6416
-1.53687
-1.4296
-1.31973
-1.20734
-1.09238
-0.974884
-0.854889
-0.732391
-0.607391
-0.479889
-0.349945
-0.21756
-0.0827332
0.0545349
0.194183
0.336121
0.480286
0.626404
0.7742
0.92334
1.07349
1.22421
1.37509
1.52582
1.67599
1.82538
1.97369
2.12073
2.26624
2.41003
2.552
2.69183
2.8295
2.96481
3.09769
3.22797
3.35565
3.48062
3.60278
3.72211
3.83856
3.95206
4.06253
4.17004
4.27454
4.37598
4.4744
4.56979
4.66217
4.75153
4.83783
4.9617
5.04056
5.11636
5.18924
5.25919
5.29306
5.39011
5.45114
5.50925
5.56445
5.61682
5.66626
5.71277
5.75644
5.79721
5.83511
5.87015
5.90234
5.93164
5.95813
5.98175
6.0025
6.02045
6.03555
6.04782
6.05725
6.06384
6.06763
6.0686
6.06671
6.06201
6.05447
6.04413
6.03094
6.01495
5.99615
5.97452
5.9501
5.92285
5.89282
5.85999
5.82434
5.78592
5.74469
5.70071
5.65393
5.6044
5.55209
5.49704
5.43921
5.37863
5.31534
5.21527
5.18057
5.1091
5.03494
4.95807
4.83774
4.75418
4.7114
4.57907
4.48752
4.39337
4.2966
4.19724
4.09528
3.99069
3.88351
3.77377
3.66147
3.54663
3.42926
3.24847
3.12482
2.99869
2.87009
2.73904
2.60553
2.4696
2.33124
2.19046
2.0473
1.90179
1.75403
1.60403
1.45212
1.29855
1.14368
0.987885
0.831573
0.67514
0.518982
0.363373
0.208588
0.0549316
-0.0973816
-0.248199
-0.397247
-0.544342
-0.689453
-0.832306
-0.972839
-1.1109
-1.2464
-1.37927
-1.5094
-1.63672
-1.76123
-1.88281
-2.00146
-2.11707
-2.22971
-2.33929
-2.44586
-2.54938
-2.64984
-2.74728
-2.84167
-2.93304
-3.02139
-3.10672
-3.18903
-3.26837
-3.38174
-3.41806
-3.48849
-3.58862
-3.62048
-3.68201
-3.74066
-3.79645
-3.8493
-3.89923
-3.94626
-3.99045
-4.03171
-4.07013
-4.10565
-4.13837
-4.18204
-4.19516
-4.21933
-4.2406
-4.25906
-4.27469
-4.29279
-4.29742
-4.30704
-4.30994
-4.3103
-4.30722
-4.30161
-4.29318
-4.28195
-4.26788
-4.25101
-4.23132
-4.20883
-4.1835
-4.1554
-4.12448
-4.09076
-4.05423
-4.01492
-3.97284
-3.92798
-3.88034
-3.82996
-3.77679
-3.72086
-3.6622
-3.6008
-3.53665
-3.46979
-3.40018
-3.32788
-3.25287
-3.17517
-3.09479
-3.01172
-2.92599
-2.83762
-2.70007
-2.65292
-2.55664
-2.45776
-2.35629
-2.19919
-2.09119
-2.03625
-1.86758
-1.75195
-1.63382
-1.57379
-1.38998
-1.26431
-1.1362
-1.00558
-0.872528
-0.73703
-0.599121
-0.458801
-0.316101
-0.171021
-0.0235596
0.12616
0.278137
0.432312
0.588318
0.74588
0.904602
1.06412
1.224
1.38385
1.5433
1.70209
1.85992
2.01657
2.17184
2.32547
2.47729
2.62714
2.7749
2.92041
3.06354
