0
0
0
0
0
0
0
0.000213623
0.000823974
0.00204468
0.00411987
0.0072937
0.0117798
0.0213623
0.0299072
0.0402832
0.0526123
0.0671082
0.0835876
0.102234
0.122864
0.145508
0.170288
0.196777
0.22522
0.271088
0.287231
0.337952
0.373566
0.410583
0.448853
0.488312
0.528839
0.591431
0.634216
0.677704
0.721832
0.766449
0.811493
0.856842
0.902405
0.948059
0.993713
1.03912
1.08435
1.12921
1.17365
1.21756
1.28229
1.3035
1.34531
1.40634
1.44577
1.48416
1.52136
1.55734
1.59198
1.62518
1.65692
1.6871
1.71564
1.74246
1.76749
1.79077
1.8017
1.83154
1.849
1.86438
1.87769
1.88889
1.89798
1.90491
1.90967
1.91226
1.91266
1.91089
1.90421
1.90088
1.88779
1.87643
1.86301
1.8475
1.83005
1.81064
1.78928
1.7662
1.7413
1.71466
1.68637
1.65652
1.62515
1.59235
1.55817
1.52277
1.48618
1.44849
1.40979
1.37021
1.3298
1.28867
1.24689
1.20459
1.1618
1.11868
1.07526
1.03162
0.987915
0.944214
0.900604
0.857208
0.814087
0.771362
0.729126
0.687408
0.646393
0.60614
0.566711
0.528259
0.472504
0.436737
0.402191
0.368958
0.337097
0.321716
0.277863
0.250549
0.224915
0.201019
0.178925
0.149109
0.131653
0.11615
0.1026
0.0911255
0.0817261
0.0743713
0.0691223
0.0660095
0.0649719
0.0660706
0.0692749
0.0745239
0.0819397
0.0913391
0.102692
0.116241
0.140198
0.158386
0.178528
0.200439
0.224121
0.249512
0.27655
0.305115
0.335205
0.3508
0.399597
0.433777
0.469147
0.524231
0.543091
0.581543
0.640808
0.681213
0.722229
0.763794
0.805756
0.848053
0.890564
0.933289
0.976013
0.997375
1.0824
1.10352
1.16632
1.20764
1.24841
1.28857
1.32797
1.36661
1.40433
1.44107
1.47675
1.47675
1.54459
1.57657
1.62195
1.65033
1.67715
1.70236
1.72589
1.74771
1.76773
1.78592
1.80231
1.82336
1.83496
1.8446
1.84869
1.85803
1.86166
1.86325
1.86331
1.85602
1.85303
1.83075
1.81842
1.79626
1.77914
1.76993
1.73953
1.7171
1.69299
1.6673
1.64001
1.61127
1.58109
1.54959
1.51685
1.48291
1.44788
1.41187
1.37494
1.33719
1.29874
1.25964
1.21997
1.17984
1.1394
1.09866
1.05777
1.01675
0.975739
0.934967
0.894348
0.854034
0.814117
0.774689
0.735809
0.69754
0.660004
0.62326
0.587372
0.55246
0.518555
0.485779
0.454132
0.423706
0.394562
0.366821
0.340485
0.315582
0.292236
0.260162
0.250275
0.231781
0.214996
0.199982
0.186676
0.170166
0.165588
0.157898
0.152039
0.146729
0.14563
0.146484
0.149292
0.154022
0.160492
0.168915
0.179291
0.191376
0.205353
0.2211
0.247894
0.267883
0.28949
0.312683
0.337372
0.363525
0.391052
0.419952
0.450073
0.481384
0.513824
0.547272
0.581696
0.63504
0.67157
0.708801
0.746643
0.784973
0.8237
0.862823
0.902161
0.941711
0.981262
1.02081
1.06021
1.0994
1.13828
1.17673
1.21469
1.25208
1.28879
1.32477
1.35989
1.39413
1.42737
1.45956
1.49063
1.53497
1.57635
1.60223
1.62665
1.6496
1.67099
1.6908
1.70895
1.72546
1.74023
1.7533
1.76459
1.77405
1.78174
1.78751
1.79153
1.79361
1.79376
1.79218
1.78864
1.7832
1.776
1.76691
1.75604
1.74341
1.729
1.70419
1.6951
1.67569
1.65469
1.62039
1.5957
1.58286
1.55615
1.5137
1.48392
1.45303
1.43719
1.38824
1.35449
1.31998
1.28479
1.24893
1.21255
1.17572
1.13852
1.10104
1.06345
1.0256
0.987762
0.950012
0.912415
0.875031
0.837921
0.801178
0.764862
0.729065
0.693878
0.659363
0.62558
0.592651
0.560577
0.529449
0.49942
0.470459
0.442688
0.416168
0.39093
0.367035
0.344513
0.313507
0.303925
0.28595
0.269562
0.254822
0.235809
0.225281
0.216492
0.209473
0.204224
0.200745
0.199127
0.199249
0.201202
0.204987
0.21051
0.217865
0.22699
0.237854
0.250427
0.264679
0.280579
0.298126
0.3172
0.33783
0.359924
0.383453
0.408356
0.44812
0.476135
0.50528
0.535522
0.566772
0.598877
0.631836
0.665588
0.700043
0.735077
0.77066
0.806671
0.843048
0.8797
0.916565
0.953522
0.990631
1.02759
1.06445
1.1011
1.13748
1.19135
1.20908
1.26144
1.29559
1.32904
1.36169
1.39349
1.42438
1.45425
1.48306
1.52411
1.5499
1.5744
1.59756
1.61929
1.63956
1.65833
1.67551
1.6911
1.7114
1.71732
1.72787
1.73672
1.74384
1.75119
1.75391
1.75482
1.75397
1.7514
1.74707
1.74097
1.73315
1.72363
1.7124
1.69244
1.68497
1.66885
1.65118
1.63202
1.61139
1.58932
1.56589
1.54117
1.51523
1.47412
1.44531
1.41553
1.3848
1.35321
1.32083
1.28775
1.25403
1.21973
1.18497
1.14981
1.09653
1.0787
1.04282
1.00693
0.953094
0.917297
0.881714
0.864014
0.811401
0.776855
0.742828
0.709351
0.676514
0.64444
0.613159
0.582764
0.553345
0.524902
0.497559
0.471375
0.446381
0.411224
0.389496
0.369171
0.350281
0.332886
0.317017
0.302704
0.289978
0.27887
0.269409
0.261627
0.255524
0.251099
0.247681
0.247528
0.248077
0.250488
0.254578
0.263885
0.272186
0.276947
0.287689
0.306824
0.321503
0.337738
0.346405
0.374603
0.395172
0.417053
0.440247
0.464691
0.490295
0.517029
0.544861
0.588409
0.618561
0.649506
0.681213
0.713562
0.74649
0.779938
0.813782
0.848022
0.882477
0.917145
0.951874
0.986786
1.02155
1.07349
1.0907
1.12494
1.15881
1.20889
1.24164
1.25781
1.28967
1.33615
1.36615
1.39529
1.42349
1.45071
1.47684
1.50186
1.5372
1.54834
1.56967
1.58966
1.61703
1.63345
1.64838
1.6618
1.67365
1.6839
1.6925
1.69952
1.70486
1.70853
1.71051
1.71082
1.70944
1.70642
1.70172
1.69537
1.68738
1.6778
1.6666
1.65387
1.63193
1.61545
1.59753
1.57825
1.55759
1.53568
1.51251
1.48816
1.44958
1.42261
1.39465
1.36575
1.33603
1.30557
1.27444
1.24268
1.21039
1.17761
1.14447
1.11099
1.0773
1.0434
1.00946
0.975525
0.941589
0.907898
0.87439
0.824646
0.791992
0.759766
0.728088
0.697052
0.666656
0.637024
0.594086
0.580231
0.553253
0.527252
0.490295
0.467072
0.445099
0.424438
0.40506
0.387054
0.370453
0.355316
0.341644
0.329498
0.318909
0.309875
0.302429
0.29657
0.292358
0.289703
0.288696
0.289307
0.293213
0.295349
0.304047
0.311829
0.321136
0.332001
0.338013
0.358246
0.373535
0.390228
0.408295
0.417816
0.448334
0.470245
0.493317
0.517517
0.542786
0.569031
0.596252
0.624329
0.653229
0.682861
0.713165
0.74408
0.775513
0.807373
0.855865
0.872192
0.904968
0.937927
0.987366
1.00385
1.0368
1.06958
1.10214
1.15039
1.18204
1.21323
1.22861
1.27383
1.30313
1.33167
1.35938
1.38623
1.41211
1.43701
1.46085
1.48358
1.50519
1.5256
1.5448
1.56271
1.57932
1.59457
1.60846
1.62097
1.63202
1.6416
1.64972
1.65634
1.66147
1.66504
1.66708
1.66757
1.66653
1.66205
1.65979
1.65076
1.64697
1.63831
1.62256
1.61023
1.5965
1.58139
1.56494
1.54721
1.52817
1.50793
1.4754
1.45233
1.44043
1.41589
1.39038
1.36395
1.32281
1.30872
1.28003
1.25073
1.20578
1.17526
1.15988
1.12881
1.08176
1.05026
1.01855
0.986816
0.955322
0.923859
0.892639
0.861725
0.831116
0.800964
0.771301
0.742188
0.713654
0.685822
0.658722
0.632416
0.606903
0.582306
0.558624
0.535919
0.514313
0.493774
0.465088
0.456116
0.439117
0.42334
0.40213
0.389679
0.383972
0.368927
0.360687
0.357117
0.348511
0.346375
0.342255
0.341339
0.341949
0.344055
0.347656
0.352722
0.359253
0.367249
0.376678
0.387543
0.399811
0.413391
0.428284
0.444489
0.461945
0.480621
0.500458
0.532257
0.543365
0.578156
0.59024
0.615082
0.6539
0.667236
0.708252
0.736359
0.765015
0.794159
0.82373
0.853638
0.883789
0.914124
0.944641
0.975159
1.00568
1.0361
1.06635
1.09634
1.12604
1.15536
1.1843
1.21271
1.24057
1.26779
1.29437
1.32022
1.34528
1.36954
1.39288
1.41534
1.43683
1.45728
1.47665
1.49493
1.51208
1.53558
1.54279
1.56256
1.56851
1.57941
1.59329
1.60083
1.60699
1.61176
1.61508
1.61697
1.61746
1.61652
1.61414
1.61035
1.60513
1.59851
1.59052
1.57593
1.5704
1.55835
1.53787
1.53043
1.50623
1.48865
1.46994
1.45016
1.42941
1.40768
1.38498
1.36142
1.33704
1.31189
1.28604
1.25955
1.23245
1.2048
1.1767
1.14822
1.11938
1.07562
1.04623
1.03146
1.00192
0.972382
0.942841
0.898926
0.869904
0.841187
0.812805
0.784851
0.757416
0.73053
0.704285
0.67868
0.653839
0.629761
0.606537
0.584198
0.562836
0.54248
0.523193
0.504974
0.487915
0.472046
0.457397
0.44397
0.42627
0.421021
0.41156
0.399872
0.396667
0.391327
0.385895
0.384033
0.383606
0.384583
0.386963
0.390747
0.395935
0.402496
0.410431
0.419708
0.430298
0.442169
0.455322
0.469696
0.485291
0.502045
0.519897
0.538818
0.558807
0.579803
0.601654
0.62442
0.64801
0.672394
0.69751
0.723267
0.749634
0.790192
0.803955
0.845795
0.859955
0.888428
0.931549
0.96051
0.989563
1.01862
1.04755
1.07635
1.10495
1.13327
1.14731
1.18884
1.21594
1.24252
1.26852
1.29388
1.31851
1.34238
1.36542
1.3876
1.40884
1.42911
1.44839
1.47531
1.49185
1.49969
1.52145
1.52808
1.54614
1.55655
1.56567
1.57349
1.57993
1.58499
1.58871
1.59103
1.59198
1.59155
1.58972
1.58649
1.58191
1.57596
1.56866
1.56003
1.55011
1.53891
1.52646
1.51282
1.49799
1.48203
1.46494
1.44675
1.42758
1.40744
1.37543
1.36432
1.3298
1.30585
1.28116
1.25583
1.22995
1.20352
1.17664
1.14938
1.12177
1.0939
1.06583
