0
0
0
0
0
0
0
0.000366211
0.000640869
0.00158691
0.00454712
0.00604248
0.0124817
0.0153809
0.0266724
0.0313721
0.048645
0.0629272
0.0795288
0.0985107
0.119873
0.143616
0.169739
0.19812
0.22876
0.261566
0.296356
0.333099
0.371643
0.411896
0.453735
0.49707
0.541748
0.587616
0.634613
0.682587
0.731415
0.781006
0.856445
0.881836
0.9328
0.984009
1.06091
1.112
1.16284
1.21326
1.26312
1.31235
1.36078
1.40826
1.45471
1.5
1.54401
1.58661
1.62766
1.66711
1.70483
1.74078
1.77484
1.80682
1.8367
1.87735
1.88974
1.91278
1.93341
1.95972
1.97403
1.98575
1.99484
2.00128
2.005
2.00604
2.00436
2
1.99292
1.98315
1.9707
1.95566
1.93799
1.91779
1.89508
1.86993
1.82776
1.79678
1.76364
1.72836
1.69113
1.65195
1.61096
1.56827
1.52399
1.47821
1.431
1.38254
1.33295
1.28229
1.23074
1.17844
1.12546
1.07199
1.01813
0.96402
0.909821
0.855621
0.801666
0.721405
0.694885
0.616241
0.564819
0.514282
0.464874
0.416687
0.369843
0.302307
0.28064
0.238525
0.198364
0.141785
0.123962
0.0899963
0.0433655
0.0153503
-0.0101624
-0.0331116
-0.0533752
-0.0709534
-0.0858154
-0.0978699
-0.107147
-0.113617
-0.117279
-0.118073
-0.116028
-0.111145
-0.103424
-0.092865
-0.0794983
-0.0633545
-0.0444946
-0.0229492
0.0012207
0.0279541
0.0571899
0.0888367
0.122803
0.159058
0.19751
0.25885
0.280273
0.347412
0.370667
0.44281
0.492767
0.544037
0.596527
0.650116
0.70462
0.759918
0.815857
0.872314
0.929108
0.986145
1.04327
1.10022
1.15695
1.21326
1.26901
1.3241
1.3783
1.43152
1.48364
1.53452
1.58395
1.63187
1.67813
1.72263
1.78577
1.80573
1.84409
1.88019
1.91394
1.94525
1.97403
2.00024
2.03452
2.04459
2.06268
2.078
2.0957
2.104
2.10944
2.11203
2.11179
2.10867
2.10269
2.0939
2.08224
2.06775
2.05045
2.01929
1.99509
1.96823
1.93878
1.9068
1.85425
1.81628
1.77612
1.73376
1.68945
1.64322
1.59528
1.54568
1.4946
1.44211
1.38837
1.3335
1.27765
1.22095
1.16354
1.10556
1.01782
0.988403
0.900146
0.870728
0.782806
0.753662
0.666992
0.610046
0.553925
0.498779
0.444794
0.39209
0.34082
0.291107
0.243134
0.19696
0.131531
0.0905762
0.0709534
0.0156555
-0.0015564
-0.0340881
-0.0779724
-0.103882
-0.127075
-0.147522
-0.165161
-0.179993
-0.191956
-0.201111
-0.207428
-0.210846
-0.211456
-0.209198
-0.204071
-0.196075
-0.185211
-0.171539
-0.154999
-0.13562
-0.113434
-0.0884705
-0.0458984
-0.0141602
0.0201416
0.0569458
0.0961609
0.159302
0.181458
0.251038
0.299805
0.350403
0.402679
0.456451
0.511627
0.567993
0.625488
0.683899
0.743042
0.802795
0.863007
0.923523
0.984161
1.04483
1.10538
1.16562
1.22543
1.28473
1.34332
1.40106
1.45782
1.51346
1.56781
1.62079
1.69727
1.74609
1.79309
1.83801
1.8808
1.90137
1.95947
1.99518
2.02829
2.05881
2.08667
2.11185
2.13425
2.15384
2.17065
2.18463
2.19577
2.20407
2.2095
2.21207
2.21182
2.20868
2.2027
2.18839
2.18216
2.15927
2.14047
2.1188
2.09433
2.0524
2.03702
2.00427
1.96887
1.93091
1.86932
1.82535
1.77911
1.73071
1.6803
1.62805
1.57407
1.51849
1.46146
1.40314
1.34366
1.28317
1.22186
1.15988
1.09738
1.00302
0.971527
0.908539
0.845612
0.751831
0.720795
0.628754
0.568451
0.538666
0.47995
0.422485
0.33902
0.311981
0.23349
0.183563
0.135712
0.0900574
0.0467224
0.00579834
-0.0326233
-0.0684204
-0.101593
-0.13205
-0.15976
-0.184692
-0.206818
-0.226105
-0.242584
-0.256195
-0.266937
-0.274841
-0.279877
-0.282074
-0.279968
-0.277832
-0.267181
-0.2565
-0.250092
-0.226593
-0.207367
-0.185303
-0.1604
-0.132721
-0.102264
-0.0690613
-0.0331726
0.00531006
0.0462952
0.0897217
0.135437
0.18338
0.233307
0.285187
0.338959
0.422668
0.451324
0.539307
0.569214
0.629883
0.722504
0.785126
0.848267
0.911774
0.975494
1.03922
1.10278
1.16605
1.22882
1.29095
1.35229
1.41263
1.47183
1.52975
1.58618
1.64102
1.69412
1.74527
1.79446
1.84158
1.88647
1.94937
1.96912
2.02454
2.05823
2.08923
2.11752
2.14307
2.1658
2.18573
2.21033
2.2171
2.23318
2.24033
2.24283
2.24606
2.24463
2.24036
2.23325
2.22324
2.21042
2.19473
2.17618
2.15482
2.13062
2.10358
2.07376
2.04123
2.00598
1.96805
1.92761
1.8847
1.83945
1.76733
1.71667
1.66406
1.60962
1.55347
1.49579
1.40668
1.34576
1.28387
1.22107
1.15756
1.09354
1.02917
0.964691
0.900146
0.835724
0.771606
0.6763
0.644867
0.58255
0.490845
0.431122
0.372681
0.315704
0.260315
0.206726
0.15509
0.105408
0.0349426
-0.00912476
-0.0507507
-0.0898743
-0.126373
-0.160217
-0.191345
-0.219696
-0.24527
-0.268005
-0.287933
-0.305023
-0.319244
-0.330597
-0.339142
-0.344788
-0.347595
-0.347534
-0.344604
-0.338837
-0.3302
-0.318726
-0.304382
-0.287201
-0.267181
-0.244324
-0.218628
-0.190094
-0.158783
-0.106598
-0.0683899
-0.0275269
0.0158997
0.0618591
0.110199
0.160797
0.213562
0.268372
0.353973
0.383331
0.473694
0.504486
0.598663
0.630585
0.7276
0.760284
0.859131
0.925446
0.991852
1.05826
1.12445
1.19025
1.25546
1.32001
1.38361
1.44617
1.50754
1.56747
1.62585
1.68259
1.7374
1.79025
1.84116
1.8898
1.95844
2.00113
2.04126
2.07877
2.09653
2.14578
2.17514
2.20172
2.22549
2.24643
2.2645
2.27975
2.29218
2.2973
2.30838
2.31219
2.31317
2.31125
2.30649
2.29889
2.28842
2.27512
2.25897
2.23996
2.21811
2.19345
2.15115
2.11945
2.10254
2.06668
2.02808
1.96521
1.9201
1.87253
1.82266
1.77054
1.71646
1.66043
1.60254
1.54303
1.48209
1.41983
1.35641
1.29202
1.22678
1.16086
1.09442
1.02762
0.960663
0.893616
0.826721
0.760132
0.69397
0.628418
0.563629
0.499786
0.437073
0.375641
0.315582
0.257141
0.200378
0.145569
0.0927124
0.0420837
-0.0062561
-0.0522156
-0.0956726
-0.136536
-0.174774
-0.22702
-0.243073
-0.286987
-0.300232
-0.335693
-0.355774
-0.372986
-0.38739
-0.398865
-0.407532
-0.4133
-0.416229
-0.41629
-0.413483
-0.407867
-0.399353
-0.388
-0.37381
-0.35675
-0.336853
-0.314148
-0.274719
-0.244934
-0.212311
-0.17691
-0.138733
-0.0978088
-0.0541992
-0.00799561
0.0407104
0.0918274
0.17276
0.229279
0.28775
0.348145
0.410187
0.473724
0.571533
0.638184
0.705688
0.773926
0.842743
0.911957
0.981293
1.08542
1.15463
1.22345
1.29172
1.35928
1.42593
1.49158
1.556
1.61902
1.7106
1.76932
1.82608
1.85373
1.93332
1.95868
2.03107
2.07614
2.11859
2.15833
2.19531
2.22952
2.26093
2.28949
2.31522
2.33807
2.35809
2.37521
2.3895
2.40091
2.40945
2.41513
2.41794
2.41791
2.41498
2.40924
2.40063
2.38916
2.37488
2.35773
2.33774
2.30246
2.27539
2.24551
2.2128
2.17731
2.13901
2.09793
2.05411
2.00763
1.95856
1.90698
1.82513
1.79675
1.73834
1.64709
1.61578
1.55197
1.48666
1.42004
1.31805
1.2836
1.17917
1.14407
1.03824
0.967438
0.896637
0.826111
0.755981
0.72113
0.617615
0.549744
0.482971
0.41748
0.353485
0.291107
0.230499
0.171875
0.115387
0.0611572
0.00927734
-0.0401306
-0.0870056
-0.131226
-0.17276
-0.211548
-0.247528
-0.280731
-0.311096
-0.351288
-0.374481
-0.38504
-0.403961
-0.427002
-0.438751
-0.447662
-0.453705
-0.456879
-0.457184
-0.45462
-0.449249
-0.440979
-0.429871
-0.407898
-0.389709
-0.368683
-0.344818
-0.318115
-0.288574
-0.256256
-0.2211
-0.183167
-0.142456
-0.098999
-0.0528564
-0.00411987
0.0471497
0.10083
0.156799
0.244812
0.275146
0.368835
0.433319
0.499298
0.566559
0.634918
0.704224
0.774323
0.845001
0.916077
0.987366
1.05865
1.12982
1.20062
1.2709
1.34045
1.40918
1.47678
1.54315
1.60809
1.67148
1.73312
1.82193
1.85049
1.90594
1.95908
2.00977
2.05795
2.12527
2.14639
2.20557
2.24155
2.27472
2.30502
2.33249
2.35712
2.37885
2.39777
2.41376
2.42694
2.43719
2.44464
2.44922
2.45093
2.44977
2.44269
2.4389
2.4292
2.4093
2.39246
2.3728
2.35034
2.32501
2.29688
2.2659
2.23212
2.19553
2.15616
2.11398
2.06909
1.99673
1.94531
1.89142
1.83521
1.77676
1.71634
1.65396
1.58981
1.52411
1.42291
1.354
1.28409
1.21338
1.14203
1.07022
0.998108
0.925842
0.853699
0.781799
0.710327
0.604431
0.534973
0.466553
0.399414
0.33371
0.269653
0.207336
0.146973
0.0887451
0.0327759
-0.0208435
-0.0966187
-0.14389
-0.188507
-0.230377
-0.26947
-0.305786
-0.339264
-0.369904
-0.397705
-0.422607
-0.444672
-0.463837
-0.480194
-0.493622
-0.504211
-0.511932
-0.516815
-0.518799
-0.518738
-0.514252
-0.50766
-0.49826
-0.486023
-0.470917
-0.452972
-0.43222
-0.40863
-0.382202
-0.352936
-0.320862
-0.28598
-0.248291
-0.207794
-0.164551
-0.118561
-0.0698853
-0.0186157
0.0629578
0.120331
0.149811
0.241547
0.305115
0.370361
0.437195
0.505402
0.574799
0.645233
0.716461
0.78833
0.860687
0.933258
1.00601
1.07852
1.15076
1.22253
1.29367
1.36398
1.43332
1.5015
1.56833
1.63373
1.69748
1.7594
1.81946
1.90561
1.93323
1.98669
2.06229
2.1095
2.15408
2.17535
2.23508
2.27142
2.30496
2.33569
2.36353
2.38855
2.41071
2.42999
2.44641
2.45996
2.47067
2.47849
2.48346
2.48557
2.48483
2.48123
2.47476
2.46548
2.4462
2.42981
2.41055
2.38846
2.36356
2.33582
2.30527
2.27188
2.23569
2.17615
2.15491
2.11035
2.06305
1.98712
1.93329
1.90546
1.81839
1.75754
1.69467
1.62988
1.56342
1.49539
1.42599
1.35544
1.2478
1.17508
1.10187
1.02829
0.954559
0.880859
0.807434
0.698059
0.661896
0.554657
0.519379
0.415253
0.347473
0.28125
0.216675
0.154053
0.0933838
