0
-0.000244141
-0.000488281
-0.000732422
-0.00109863
-0.00115967
-0.00115967
-0.00100708
-0.00076294
0.00012207
0.0017395
0.00619507
0.00830078
0.0136719
0.0207214
0.0296326
0.0469666
0.0613403
0.0694275
0.0974426
0.119354
0.143951
0.171265
0.201324
0.217407
0.251617
0.308105
0.34906
0.392609
0.438599
0.486908
0.537354
0.589935
0.644257
0.700287
0.757812
0.81662
0.876556
0.937347
0.99884
1.06082
1.12308
1.18533
1.24753
1.30942
1.37073
1.43124
1.49081
1.54922
1.60623
1.66168
1.71536
1.76712
1.81677
1.88699
1.90921
1.97208
1.99173
2.02905
2.07996
2.09555
2.1246
2.15085
2.17429
2.19485
2.21255
2.23376
2.23938
2.2485
2.25473
2.25876
2.25784
2.25632
2.24744
2.24304
2.22559
2.21042
2.19235
2.17148
2.1478
2.12125
2.09189
2.05969
2.02469
1.98688
1.94626
1.90283
1.85663
1.80762
1.75586
1.70139
1.64426
1.58453
1.52228
1.4577
1.39093
1.3222
1.25165
1.1795
1.10602
1.03143
0.955902
0.87973
0.803131
0.726471
0.649811
0.573456
0.49765
0.38559
0.348755
0.276093
0.170013
0.135529
0.0680237
-0.0292358
-0.0605164
-0.150757
-0.207733
-0.262085
-0.313721
-0.362579
-0.408661
-0.430634
-0.492249
-0.529724
-0.564392
-0.59613
-0.624939
-0.65094
-0.674011
-0.694244
-0.711578
-0.726044
-0.73764
-0.746399
-0.752258
-0.75528
-0.755432
-0.752747
-0.747223
-0.738831
-0.7276
-0.713531
-0.696625
-0.67688
-0.654327
-0.628937
-0.585571
-0.569702
-0.517883
-0.499207
-0.459747
-0.417511
-0.372498
-0.324677
-0.247711
-0.220673
-0.135437
-0.105652
-0.0440063
0.0535889
0.0874939
0.193268
0.229858
0.304993
0.422424
0.462769
0.545105
0.629456
0.715607
0.847534
0.89212
0.981964
1.07248
1.16339
1.29987
1.34521
1.43552
1.56949
1.65738
1.74384
1.82864
1.91153
1.9924
2.07101
2.14725
2.22098
2.29211
2.36053
2.42621
2.48907
2.5491
2.60623
2.66043
2.7117
2.76016
2.80569
2.8483
2.88797
2.92471
2.95859
2.98959
3.01767
3.04291
3.06525
3.08475
3.10135
3.11511
3.12601
3.13406
3.13925
3.1416
3.14111
3.13779
3.13162
3.12259
3.11075
3.0961
3.07858
3.05826
3.0351
3.00912
2.98032
2.94873
2.91431
2.87711
2.8371
2.77185
2.74872
2.70035
2.62259
2.59528
2.50925
2.47919
2.38489
2.35208
2.28442
2.21405
2.14099
2.02628
1.94644
1.90552
1.77875
1.69095
1.64606
1.50769
1.41248
1.31519
1.21597
1.11517
1.01309
0.910034
0.806366
0.702362
0.598419
0.494843
0.391937
0.290039
0.189362
0.09021
-0.00717163
-0.149475
-0.241577
-0.331299
-0.418518
-0.503082
-0.5849
-0.66394
-0.740112
-0.813385
-0.88382
-0.951324
-1.04697
-1.10703
-1.16415
-1.21835
-1.26962
-1.31796
-1.36337
-1.40585
-1.44547
-1.48221
-1.51602
-1.54697
-1.58798
-1.60022
-1.62256
-1.64206
-1.65866
-1.67825
-1.68338
-1.69144
-1.69824
-1.6991
-1.69736
-1.69269
-1.68515
-1.67477
-1.66855
-1.64557
-1.62674
-1.60507
-1.5806
-1.55328
-1.52319
-1.49026
-1.45456
-1.41605
-1.37476
-1.33066
-1.28378
-1.20828
-1.18173
-1.12656
-1.03864
-1.00797
-0.911835
-0.878418
-0.774078
-0.737946
-0.625458
-0.547119
-0.506927
-0.382355
-0.339508
-0.20694
-0.115234
-0.0209045
0.0760193
0.175537
0.277649
0.382263
0.489227
0.598389
0.709473
0.822205
0.936279
1.05133
1.16696
1.28293
1.39874
1.51413
1.62875
1.74237
1.85474
1.96558
2.07458
2.18164
2.3382
2.38922
2.48941
2.58704
2.68198
2.77414
2.90707
2.99203
3.07407
3.15317
3.22934
3.30255
3.37274
3.44
3.50433
3.56567
3.62402
3.67944
3.73193
3.78149
3.82812
3.87195
3.91284
3.95081
3.98596
4.01819
4.04755
4.07404
4.09769
4.11847
4.13641
4.15152
4.16376
4.17316
4.18195
4.18427
4.18378
4.18042
4.17426
4.16522
4.15338
4.13873
4.12125
4.10095
4.07782
4.05188
4.02313
3.99158
3.95721
3.92007
3.88013
3.8374
3.7919
3.74359
3.69254
3.6387
3.58212
3.52277
3.46069
3.39587
3.29352
3.25806
3.14758
3.10941
3.03104
2.94998
2.86624
2.73566
2.64526
2.59909
2.50476
2.35834
2.25742
2.15393
2.10123
1.93924
1.82806
1.71436
1.59824
1.47983
1.35934
1.237
1.11313
0.988129
0.862305
0.736084
0.609863
0.483948
0.358643
0.234283
0.111084
-0.0106812
-0.130798
-0.249084
-0.365295
-0.479279
-0.590912
-0.700043
-0.806549
-0.910339
-1.01135
-1.1095
-1.20471
-1.297
-1.38635
-1.47278
-1.55615
-1.6366
-1.71399
-1.78845
-1.85989
-1.92838
-1.99393
-2.08673
-2.11615
-2.17279
-2.25229
-2.27737
-2.34824
-2.37039
-2.43253
-2.47037
-2.50528
-2.53738
-2.56659
-2.59296
-2.61646
-2.63708
-2.65491
-2.66986
-2.68198
-2.69125
-2.69769
-2.70132
-2.70209
-2.70004
-2.69516
-2.68747
-2.67694
-2.66357
-2.6474
-2.62839
-2.60657
-2.58194
-2.5545
-2.50809
-2.49121
-2.45535
-2.41672
-2.37527
-2.33105
-2.28409
-2.23431
-2.18179
-2.09781
-2.06845
-1.97629
-1.91141
-1.87796
-1.77347
-1.7373
-1.62469
-1.54626
-1.50604
-1.38135
-1.33847
-1.20578
-1.11401
-1.06714
-0.922607
-0.822998
-0.772217
-0.615967
-0.508545
-0.39859
-0.286072
-0.17099
-0.0534058
0.0667114
0.189331
0.314331
0.44165
0.571167
0.702576
0.835602
0.96994
1.17319
1.3093
1.37741
1.51349
1.64917
1.78412
1.98468
2.05093
2.18231
2.44
2.56592
2.68973
2.81128
2.93039
3.047
3.16095
3.27219
3.38062
3.48621
3.58887
3.6886
3.7854
3.87915
3.96994
4.05771
4.14249
4.22427
4.30304
4.37885
4.45166
4.5553
4.62073
4.68323
4.7428
4.79944
4.85315
4.90393
4.95178
4.99673
5.03885
5.07803
5.11438
5.13147
5.16348
5.20618
5.23108
5.25311
5.27231
5.28867
5.30219
5.31287
5.32071
5.32571
5.32791
5.32727
5.32382
5.3175
5.30838
5.29642
5.28165
5.26407
5.24365
5.22046
5.19443
5.16559
5.13394
5.09952
5.06232
5.02231
4.97952
4.93393
4.88556
4.83444
4.78055
4.72391
4.66452
4.60239
4.53751
4.46991
4.3996
4.32657
4.25085
4.17245
4.04984
4.0076
3.92117
3.78653
3.74036
3.64597
3.54895
3.44934
3.29504
3.24231
3.08029
3.02499
2.85529
2.73898
2.62015
2.49878
2.37494
2.2486
2.11978
1.98849
1.8548
1.71872
1.58032
1.43982
1.29736
1.15323
1.00775
0.861328
0.714325
0.567108
0.420044
0.273468
0.127625
-0.0171814
-0.160706
-0.302795
-0.443176
-0.581726
-0.718262
-0.8526
-0.98465
-1.11423
-1.24127
-1.36569
-1.54721
-1.60632
-1.72241
-1.83557
-1.9458
-2.10556
-2.15732
-2.25854
-2.35678
-2.45197
-2.54413
-2.67673
-2.71939
-2.84296
-2.92157
-2.95978
-3.06989
-3.13959
-3.20636
-3.2702
-3.33112
-3.3891
-3.44415
-3.49628
-3.54547
-3.59183
-3.63528
-3.67581
-3.71353
-3.74835
-3.78033
-3.80945
-3.83569
-3.85913
-3.8797
-3.89743
-3.91232
-3.92438
-3.93362
-3.94
-3.94357
-3.94431
-3.94223
-3.93732
-3.92957
-3.91901
-3.90561
-3.8894
-3.87039
-3.84857
-3.82391
-3.78171
-3.76624
-3.73318
-3.69733
-3.65869
-3.59549
-3.57303
-3.52606
-3.47632
-3.4238
-3.33984
-3.31049
-3.21832
-3.18622
-3.12
-3.01553
-2.9425
-2.86679
-2.82794
-2.70731
-2.62354
-2.53711
-2.448
-2.35629
-2.26193
-2.16492
-2.06531
-1.9631
-1.85828
-1.75095
-1.64099
-1.5285
-1.41345
-1.2959
-1.17581
-1.05322
-0.928131
-0.800568
-0.670563
-0.538055
-0.403107
-0.265778
-0.126007
0.0161438
0.160675
0.307526
0.456635
0.60788
0.760986
0.915649
1.14972
1.22809
1.46356
1.54205
1.69864
1.85458
2.00958
2.16339
2.31573
2.54111
2.61526
2.76212
2.9783
3.04919
3.25818
3.32654
3.4613
3.65833
3.78613
3.91101
4.03296
4.09283
4.26791
4.38083
4.49069
4.5975
4.70123
4.80194
4.89957
4.99417
5.08572
5.17422
5.25974
5.34225
5.42172
5.49826
5.57181
5.64236
5.70999
5.77469
5.83646
5.89529
5.9512
6.00418
6.05429
6.10153
6.14584
6.18735
6.22592
6.26166
6.29453
6.32455
6.35172
6.37601
6.40717
6.41614
6.43195
6.44489
6.45905
6.46494
6.46799
6.46823
6.46729
6.46024
6.452
6.44095
6.42706
6.41037
6.39087
6.36856
6.34341
6.31549
6.28476
6.25125
6.2149
6.17581
6.13391
6.08923
6.04181
5.99158
5.9386
5.88287
5.8244
5.73157
5.66626
5.63257
5.56317
5.45398
5.37781
5.29895
5.21741
5.13321
5.04636
4.95685
4.86469
4.76987
4.67245
4.57245
4.46982
4.36459
4.25681
4.14645
4.03354
3.91809
3.80011
3.67963
3.55664
3.43115
3.30319
3.17276
3.03989
2.90457
2.76685
2.62671
2.48416
2.33923
2.19199
2.04233
1.89038
1.73611
1.57971
1.42117
1.26093
1.09921
0.936401
0.772949
0.609192
0.445648
0.282532
0.120178
-0.0411072
-0.201111
-0.359589
-0.516357
-0.671234
-0.823944
-0.974396
-1.12247
-1.26807
-1.41104
-1.55127
-1.68872
-1.82324
-1.95483
-2.14667
-2.27078
-2.39182
-2.4512
-2.62466
-2.73645
-2.84515
-2.95078
-3.05328
-3.15274
-3.24915
-3.3425
-3.43283
-3.52011
-3.6044
-3.6857
-3.76395
-3.83926
-3.91165
-3.98102
-4.04742
-4.1109
-4.17145
-4.22906
-4.28387
-4.33575
-4.3847
-4.43079
-4.474
-4.51431
-4.55179
-4.5864
-4.61813
-4.64703
-4.6731
-4.69629
-4.71667
-4.73422
-4.7489
-4.76077
-4.76981
-4.77603
-4.78003
-4.77997
-4.77771
-4.77261
-4.76471
-4.74756
-4.7326
-4.71484
-4.69427
-4.67087
-4.64468
-4.61569
-4.58389
-4.54929
-4.49216
-4.47171
-4.40625
-4.35913
-4.30927
-4.25659
-4.2012
-4.14307
-4.08218
-4.01855
-3.95221
-3.88315
-3.81137
-3.73688
-3.6597
-3.53891
-3.45505
-3.41211
-3.32425
-3.23376
-3.09302
-3.0448
-2.94641
-2.84543
-2.68906
-2.5816
-2.47159
-2.35901
-2.30176
-2.12625
-2.00607
-1.88339
-1.75824
-1.63062
-1.50049
-1.36792
-1.16449
-1.02588
