0
0
0
0
0
0.000152588
0.000396728
0.000640869
0.000885009
0.00128174
0.00180054
0.00253296
0.003479
0.00466919
0.00692749
0.00778198
0.00976562
0.0132446
0.0158997
0.0188599
0.0220642
0.0255432
0.0292664
0.0332336
0.0396423
0.0418701
0.0489502
0.0539246
0.059082
0.0644531
0.0700378
0.0757751
0.081665
0.0877686
0.0940247
0.100372
0.106964
0.113617
0.120453
0.127411
0.134491
0.141693
0.149017
0.156403
0.163971
0.171539
0.183228
0.19104
0.199005
0.207062
0.215118
0.223236
0.231537
0.239838
0.248138
0.256439
0.264984
0.273529
0.282074
0.290619
0.299164
0.307709
0.316254
0.324799
0.333527
0.342316
0.351105
0.359894
0.368683
0.368683
0.386261
0.39505
0.403687
0.412231
0.420776
0.429321
0.442139
0.450684
0.459229
0.463501
0.476318
0.48468
0.492981
0.501282
0.509583
0.517883
0.526123
0.53418
0.542236
0.550293
0.55835
0.566223
0.574036
0.581848
0.589661
0.59726
0.604828
0.612396
0.619904
0.627228
0.634552
0.641876
0.649017
0.656097
0.663177
0.670135
0.676971
0.683807
0.690521
0.697113
0.70697
0.713318
0.719666
0.725861
0.731964
0.738037
0.743896
0.749756
0.755463
0.761078
0.766632
0.772003
0.777374
0.782532
0.787659
0.795135
0.800018
0.804779
0.809418
0.814026
0.81842
0.822815
0.827057
0.831207
0.835327
0.839233
0.84314
0.846924
0.850586
0.854248
0.857666
0.861084
0.864441
0.867615
0.870789
0.87384
0.87677
0.881134
0.882477
0.886505
0.88916
0.891602
0.894043
0.896484
0.898682
0.900879
0.903076
0.90509
0.907043
0.908997
0.911743
0.913452
0.914307
0.91687
0.918335
0.9198
0.921265
0.922699
0.92392
0.92514
0.926361
0.927582
0.928589
0.929565
0.930542
0.931519
0.932434
0.933167
0.933899
0.934631
0.935364
0.936279
0.936768
0.937256
0.937744
0.938232
0.938721
0.938965
0.939209
0.939453
0.939697
0.939941
0.940186
0.940308
0.940308
0.940308
0.940308
0.940308
0.940308
0.940308
0.940277
0.940033
0.939789
0.939545
0.939301
0.939056
0.938812
0.938568
0.938324
0.93808
0.937744
0.937256
0.936768
0.936035
0.935791
0.935059
0.93457
0.934082
0.933594
0.933105
0.932617
0.932129
0.931641
0.931152
0.930511
0.929413
0.92868
0.927948
0.927216
0.926483
0.925751
0.925018
0.924286
0.923553
0.922821
0.922089
0.921356
0.920624
0.919891
0.919159
0.918427
0.917694
0.916962
0.916229
0.915497
0.914764
0.914032
0.9133
0.912567
0.911835
0.911102
0.91037
0.909637
0.908905
0.908173
0.90744
0.906708
0.905609
0.905243
0.90451
0.903412
0.902679
0.901947
0.901215
0.900482
0.89975
0.899017
0.897919
0.897552
0.89682
0.896088
0.895355
0.894257
0.893524
0.892792
0.892059
0.891327
0.890594
0.889862
0.88913
0.888397
0.887665
0.886932
0.8862
0.885468
0.884735
0.883636
0.882904
0.882172
0.881439
0.880707
0.879974
0.879242
0.878143
0.877777
0.876678
0.875946
0.875214
0.874481
0.873749
0.873016
0.872284
0.871552
0.871033
0.870544
0.869812
0.869568
0.86908
0.868347
0.867859
0.867371
0.866882
0.866394
0.865906
0.865417
0.864929
0.864441
0.863953
0.863464
0.862976
0.862488
0.862
0.861267
0.861023
0.860291
0.859802
0.859314
0.858826
0.858337
0.857849
0.857361
0.856873
0.85614
0.856018
0.855652
0.855408
0.855164
0.854919
0.854675
0.854431
0.854187
0.853943
0.853699
0.853455
0.85321
0.852966
0.852722
0.852478
0.852234
0.85199
0.851746
0.851501
0.851257
0.851013
0.850769
0.850525
0.850281
0.849915
0.84967
0.849426
0.849182
0.848938
0.848694
0.84845
0.848206
0.848114
0.848114
0.848114
0.848114
0.848114
0.848114
0.848114
0.848114
0.848114
0.848114
0.848114
0.848114
0.848114
0.848114
0.848114
0.848114
0.848114
0.848114
0.848114
0.848114
0.848114
0.848114
0.848114
0.848114
0.848114
0.848114
0.848114
0.848114
0.848114
0.848114
0.848114
0.848114
0.848114
0.848114
0.848114
0.848114
0.848114
0.848114
0.848114
0.848114
0.848114
0.848114
0.848114
0.848114
0.848114
0.848114
0.848267
0.848511
0.848633
0.848999
0.849243
0.849487
0.849731
0.849854
0.85022
0.850464
0.850708
0.850952
0.851196
0.85144
0.851685
0.851929
0.852173
0.852417
0.852661
0.852905
0.853149
0.853394
0.853638
0.853882
0.854126
0.85437
0.854736
0.854858
0.855103
0.855347
0.855713
0.855957
0.856201
0.856445
0.856689
0.856934
0.857178
0.857422
0.857666
0.85791
0.858154
0.858398
0.858643
0.858887
0.859131
0.859375
0.859619
0.859863
0.860107
0.860352
0.860596
0.86084
0.861084
0.861328
0.861572
0.861816
0.862061
0.862305
0.862549
0.862793
0.863037
0.863281
0.863525
0.86377
0.864136
0.86438
0.864624
0.864868
0.865112
0.865356
0.865601
0.865845
0.866089
0.866333
0.866577
0.866821
0.867065
0.86731
0.867554
0.867798
0.868042
0.868286
0.86853
0.868774
0.869019
0.869263
0.869507
0.869751
0.869995
0.870239
0.870605
0.87085
0.871094
0.871338
0.871582
0.871826
0.87207
0.872314
0.872559
0.872803
0.873047
0.873291
0.873535
0.873779
0.874023
0.874268
0.874512
0.874756
0.875
0.875244
0.875488
0.875732
0.875977
0.876221
0.876465
0.876709
0.876953
0.877197
0.877441
0.877808
0.878052
0.878296
0.87854
0.878784
0.879028
0.879272
0.879517
0.879761
0.880005
0.880249
0.880493
0.880737
0.880981
0.881226
0.88147
0.881714
0.881958
0.882202
0.882446
0.882812
0.883057
0.883179
0.883545
0.883789
0.884033
0.884277
0.884521
0.884766
0.88501
0.885254
0.885498
0.885742
0.885986
0.88623
0.886475
0.886719
0.886963
0.887207
0.887451
0.887695
0.887939
0.888184
0.888428
0.888672
0.888916
0.88916
0.889404
0.889648
0.889893
0.890137
0.890381
0.890625
0.890869
0.891113
0.891357
0.891602
0.891846
0.892212
0.892334
0.892578
0.892944
0.893066
0.893433
0.893555
0.893799
0.894165
0.894409
0.894653
0.894897
0.895142
0.895386
0.89563
0.895874
0.89624
0.896484
0.896606
0.896851
0.897095
0.897339
0.897705
0.897949
0.898193
0.898438
0.898682
0.898926
0.89917
0.899414
0.899658
0.899902
0.900146
0.900391
0.900635
0.900879
0.901123
0.901367
0.901611
0.901855
0.9021
0.902344
0.902374
0.902374
0.902374
0.902374
0.902374
0.902374
0.902374
0.902374
0.902374
0.902374
0.902374
0.902374
0.902374
0.902374
0.902374
0.902374
0.902374
0.902374
0.902374
0.902374
0.902374
0.902374
0.902374
0.902374
0.902374
0.902374
0.902374
0.902374
0.902374
0.902374
0.902374
0.902374
0.902374
0.902374
0.902374
0.902374
0.902374
0.902374
0.902374
0.902374
0.902374
0.902374
0.902374
0.902374
0.902374
0.902374
0.902374
0.902374
0.902374
0.902374
0.902374
0.902374
0.902374
0.902374
0.902374
0.902374
0.902374
0.902374
0.902374
0.902374
0.902374
0.902374
0.902374
0.902374
0.902374
0.902374
0.902374
0.902374
0.902374
0.902374
0.902374
0.902374
0.902374
0.902374
0.902374
0.902374
0.902374
0.902374
0.902374
0.902374
0.902496
0.90274
0.902985
0.903229
0.903473
0.903717
0.903961
0.904205
0.904449
0.904694
0.904938
0.905182
0.905426
0.90567
0.906036
0.906158
0.906525
0.906769
0.906891
0.907135
0.907501
0.907745
0.90799
0.908234
0.908478
0.908722
0.908966
0.90921
0.909454
0.909698
0.909943
0.910187
0.910431
0.910675
0.910919
0.911163
0.911407
0.911652
0.911896
0.91214
0.912384
0.912628
0.912872
0.913116
0.913361
0.913605
0.913849
0.914093
0.914337
0.914703
0.914948
0.915192
0.915314
0.91568
0.915924
0.916168
0.916412
0.916656
0.916901
0.917145
0.917389
0.917633
0.917877
0.918121
0.918365
0.91861
0.918732
0.918732
0.918732
0.918732
0.918732
0.918732
0.918732
0.918732
0.918732
0.918732
0.918732
0.918732
0.918732
0.918732
0.918732
0.918732
0.918732
0.918732
0.918732
0.918732
0.918732
0.918732
0.918732
0.918732
0.918732
0.918732
0.918732
0.918732
0.918732
0.918732
0.918732
0.918732
0.918732
0.918732
0.918732
0.918732
0.918732
0.918732
0.918732
0.918732
0.918732
0.918732
0.918732
0.918732
0.918732
0.918732
0.918732
0.918732
0.918732
0.918732
0.918732
0.918732
0.918732
0.918732
0.918732
0.918732
0.918732
0.918732
0.918732
0.918732
0.918732
0.918732
0.918732
0.918732
0.918732
0.918732
0.918732
0.918732
0.918732
0.918732
0.918732
0.918732
0.918732
0.918732
0.918732
0.918732
0.918732
0.918732
0.918732
0.918732
0.918732
0.918732
0.918732
0.918732
0.918732
0.918732
0.918732
0.918732
0.918823
0.919067
0.919312
0.919556
0.9198
0.920044
0.920288
0.920532
0.920776
0.921143
0.921265
0.921631
0.921753
0.922119
0.922363
0.922607
0.922852
0.923096
0.92334
0.923584
0.923828
0.924072
0.924316
0.924561
0.924805
0.925049
0.925293
0.925537
0.925903
0.926147
0.92627
0.926514
0.92688
0.927124
0.927368
0.927612
0.927856
0.928101
0.928345
0.928589
0.928833
0.929077
0.929321
0.929565
0.92981
0.930054
0.930298
0.930542
0.930786
0.93103
0.931274
0.931274
0.931274
0.931274
0.931274
0.931274
0.931274
0.931274
0.931274
0.931274
0.931274
0.931274
0.931274
0.931274
0.931274
0.931274
0.931274
0.931274
0.931274
0.931274
0.931274
0.931274
0.931274
0.931274
0.931274
0.931274
0.931274
0.931274
0.931274
0.931274
0.931274
0.931274
0.931274
0.931274
0.931274
0.931274
0.931274
0.931274
0.931274
0.931274
0.931274
0.931274
0.931274
0.931274
0.931274
0.931274
0.931274
0.931274
0.931274
0.931274
0.931274
0.931274
0.931274
0.931274
0.931274
0.931274
0.931274
0.931274
0.931274
0.931274
0.931274
0.931274
0.931274
0.931274
0.931274
0.931274
0.931274
0.931274
0.931274
0.931274
0.931274
0.931274
0.931274
0.931274
0.931274
0.931274
0.931274
0.931274
0.931274
0.931274
0.931274
0.931274
0.931274
0.931274
0.931274
0.931274
