0
0
0
0
0
0
0
0.000183106
0.000640869
0.00231934
0.0032959
0.00778198
0.0124207
0.0152893
0.0265503
0.036438
0.0484924
0.0628662
0.0795898
0.0988159
0.120636
0.145081
0.17218
0.201874
0.234192
0.269012
0.306274
0.345856
0.387665
0.431488
0.477264
0.524933
0.574249
0.625092
0.677277
0.730713
0.785156
0.840515
0.896637
0.953308
1.01038
1.06772
1.12509
1.1824
1.23944
1.29602
1.37973
1.43454
1.48831
1.54089
1.59213
1.64191
1.69
1.73627
1.78058
1.82278
1.86276
1.90036
1.93549
1.96811
1.99808
2.02539
2.04999
2.07178
2.09079
2.10696
2.12033
2.13083
2.13852
2.14331
2.14514
2.14435
2.14056
2.12955
2.11862
2.10483
2.08823
2.06876
2.04645
2.0213
1.99332
1.96252
1.92892
1.89258
1.85352
1.81186
1.76764
1.72098
1.67197
1.62082
1.56757
1.51251
1.45563
1.39719
1.33731
1.27621
1.21408
1.15103
1.08728
1.02301
0.958374
0.893677
0.828979
0.764435
0.700348
0.636841
0.574127
0.51236
0.451752
0.392487
0.334717
0.278687
0.19809
0.172272
0.122253
0.0745239
0.0292053
-0.0340271
-0.0538025
-0.109131
-0.142609
-0.173309
-0.201172
-0.226196
-0.248413
-0.267731
-0.28421
-0.297852
-0.308594
-0.316498
-0.321503
-0.3237
-0.322968
-0.319427
-0.313019
-0.303741
-0.291626
-0.276642
-0.25882
-0.238159
-0.214691
-0.188354
-0.143585
-0.110199
-0.0740051
-0.0350037
0.0067749
0.0513611
0.0986938
0.148712
0.201324
0.256439
0.313934
0.373657
0.435547
0.499298
0.564758
0.631775
0.700104
0.769562
0.839966
0.911133
0.982819
1.05484
1.12695
1.19897
1.27072
1.34198
1.41254
1.48221
1.55078
1.61804
1.68378
1.74783
1.80997
1.87012
1.92804
1.98364
2.0368
2.08743
2.13544
2.18073
2.22327
2.26303
2.29999
2.3501
2.36536
2.39377
2.41928
2.44196
2.47052
2.47864
2.49268
2.50385
2.51215
2.51923
2.52014
2.5199
2.51675
2.51077
2.49646
2.49026
2.47574
2.4584
2.42703
2.40262
2.38934
2.34531
2.31241
2.2767
2.23819
2.19687
2.15274
2.10583
2.05615
2.00369
1.94852
1.89066
1.8302
1.76721
1.70181
1.63416
1.56445
1.4928
1.41931
1.3443
1.26791
1.1904
1.11197
1.03284
0.953217
0.873383
0.793549
0.713837
0.634552
0.555908
0.478149
0.401428
0.326019
0.215759
0.179871
0.109467
0.0412292
-0.0248108
-0.119385
-0.149658
-0.236633
-0.264282
-0.34314
-0.392212
-0.41571
-0.481903
-0.52243
-0.56012
-0.59491
-0.626801
-0.655853
-0.681976
-0.705231
-0.725616
-0.743134
-0.757782
-0.769562
-0.78186
-0.786499
-0.788269
-0.787201
-0.783295
-0.77652
-0.766907
-0.754456
-0.739166
-0.721069
-0.700104
-0.676331
-0.649719
-0.6203
-0.588074
-0.55304
-0.515198
-0.474579
-0.431152
-0.384949
-0.310394
-0.284149
-0.229614
-0.172302
-0.0811462
-0.0169678
0.0499268
0.0843506
0.19162
0.266235
0.34317
0.422333
0.503479
0.586304
0.670685
0.756348
0.843018
0.93045
1.01843
1.10669
1.19495
1.28296
1.37048
1.45728
1.54306
1.62769
1.71085
1.79233
1.87204
1.94962
2.02502
2.09805
2.16861
2.23657
2.30188
2.36444
2.42426
2.48123
2.53531
2.61111
2.63492
2.68033
2.74307
2.76254
2.79929
2.84897
2.86411
2.90512
2.91736
2.94977
2.9678
2.98294
2.99524
3.00467
3.01126
3.01501
3.0159
3.01395
3.00916
3.00153
2.99103
2.97772
2.96161
2.94263
2.92084
2.89621
2.86877
2.83853
2.80548
2.76962
2.73096
2.68948
2.64523
2.59818
2.54837
2.49579
2.44043
2.38232
2.32147
2.22504
2.19153
2.12247
2.05069
1.97623
1.85953
1.81937
1.73718
1.65268
1.52185
1.43231
1.38693
1.29504
1.155
1.06055
0.965515
0.870178
0.774811
0.679718
0.585114
0.491272
0.398468
0.306946
0.216888
0.128632
-9.15526e-05
-0.0419312
-0.163971
-0.242249
-0.317932
-0.390961
-0.461243
-0.528717
-0.593323
-0.65509
-0.713928
-0.769836
-0.822815
-0.872864
-0.920105
-0.964417
-1.0058
-1.04425
-1.07977
-1.11249
-1.14227
-1.16916
-1.19321
-1.21439
-1.2327
-1.24814
-1.26071
-1.27048
-1.27737
-1.28143
-1.28265
-1.28101
-1.27655
-1.26923
-1.25296
-1.24612
-1.22134
-1.20132
-1.17844
-1.15277
-1.13885
-1.09296
-1.05884
-1.02191
-0.982178
-0.939667
-0.894348
-0.846283
-0.795441
-0.741821
-0.685455
-0.626312
-0.564423
-0.499786
-0.432434
-0.362335
-0.289551
-0.21405
-0.135864
-0.0549927
0.0285034
0.114594
0.203186
0.294128
0.43457
0.530609
0.628265
0.727295
0.827393
0.928253
1.02966
1.13123
1.23273
1.33383
1.43427
1.53372
1.63199
1.72879
1.82388
1.91702
2.00812
2.09695
2.18335
2.26721
2.34842
2.42691
2.50259
2.57547
2.64542
2.71243
2.77664
2.83792
2.89615
2.95145
3.00381
3.05325
3.09985
3.14355
3.18433
3.22217
3.25708
3.28918
3.31836
3.3447
3.36813
3.38873
3.40646
3.42136
3.43832
3.44257
3.44891
3.45242
3.45236
3.4509
3.44589
3.43805
3.42737
3.41385
3.39749
3.37833
3.35635
3.33154
3.28906
3.2735
3.2226
3.20422
3.16541
3.10193
3.05612
3.00754
2.95621
2.90207
2.84521
2.78558
2.72321
2.65808
2.59024
2.51968
2.44641
2.37042
2.29175
2.21039
2.12634
2.03967
1.95041
1.85855
1.76428
1.66776
1.56903
1.46854
1.36639
1.26291
1.10583
1.00027
0.894379
0.788422
0.6828
0.577698
0.47345
0.37027
0.268433
0.168182
0.0696716
-0.0267639
-0.121002
-0.212921
-0.302368
-0.389191
-0.473358
-0.554718
-0.633301
-0.708984
-0.781738
-0.851562
-0.918457
-0.982422
-1.04346
-1.10156
-1.15674
-1.20898
-1.2583
-1.30469
-1.34814
-1.3887
-1.42642
-1.46121
-1.49313
-1.52219
-1.54834
-1.57166
-1.5921
-1.6174
-1.62442
-1.63632
-1.64536
-1.65158
-1.65558
-1.65469
-1.65317
-1.64804
-1.64008
-1.6228
-1.60776
-1.5899
-1.56921
-1.54572
-1.51938
-1.49023
-1.47461
-1.42355
-1.38599
-1.34564
-1.30249
-1.25659
-1.20792
-1.15646
-1.10223
-1.04526
-0.985504
-0.923035
-0.857819
-0.789886
-0.719208
-0.645844
-0.569763
-0.490997
-0.409546
-0.282349
-0.238617
-0.14917
-0.0570984
0.0375366
0.184204
0.234314
0.336182
0.440063
0.545776
0.707153
0.816162
0.871002
1.03629
1.14688
1.25729
1.36725
1.47653
1.58487
1.69196
1.79755
1.90143
2.00336
2.10324
2.20087
2.29605
2.38867
2.47867
2.56592
2.65039
2.73199
2.81073
2.88654
2.95941
3.02936
3.09631
3.16028
3.22131
3.27942
3.33459
3.38684
3.43616
3.48254
3.526
3.56659
3.60431
3.6391
3.67105
3.7001
3.72632
3.74963
3.77014
3.78775
3.80252
3.81937
3.82358
3.82983
3.83325
3.83304
3.82938
3.82288
3.81354
3.80136
3.78638
3.76855
3.74792
3.72449
3.69821
3.66913
3.63724
3.60257
3.56506
3.52478
3.48172
3.43585
3.38724
3.33585
3.28168
3.22476
3.16513
3.10269
3.03754
2.96967
2.89908
2.82578
2.74979
2.67108
2.58969
2.50562
2.41888
2.28384
2.19049
2.09454
1.996
1.89493
1.79141
1.68561
1.57782
1.46814
1.3569
1.24438
1.13098
1.017
0.90274
0.788544
0.674713
0.561554
0.44931
0.338318
0.228699
0.120758
0.014679
-0.0893555
-0.191162
-0.290588
-0.387512
-0.481842
-0.573456
-0.662323
-0.748383
-0.831512
-0.911713
-0.988983
-1.06332
-1.13474
-1.20322
-1.26877
-1.3313
-1.39087
-1.44751
-1.50122
-1.552
-1.59985
-1.64484
-1.68695
-1.72614
-1.76242
-1.79587
-1.82639
-1.8541
-1.87891
-1.90088
-1.92847
-1.93625
-1.95529
-1.96024
-1.96799
-1.97287
-1.97495
-1.97418
-1.97058
-1.95987
-1.95486
-1.94278
-1.91931
-1.90015
-1.87817
-1.85336
-1.82578
-1.79535
-1.76215
-1.70706
-1.66684
-1.62384
-1.57806
-1.52951
-1.47818
-1.4241
-1.36725
-1.30765
-1.24533
-1.18027
-1.07755
-1.04193
-0.931091
-0.853821
-0.773865
-0.691223
-0.648895
-0.517914
-0.427277
-0.334015
-0.238129
-0.139587
-0.0384827
0.065155
0.171265
0.279694
0.39032
0.502899
0.617157
0.732758
0.849426
0.966827
1.08466
1.20258
1.32028
1.4375
1.55386
1.66916
1.78314
1.89563
2.00635
2.11511
2.22177
2.32611
2.42804
2.5274
2.62415
2.71814
2.85388
2.89771
2.98315
3.10583
3.14526
3.25906
3.2955
3.40042
3.46671
3.52994
3.59024
3.64761
3.70206
3.75357
3.80215
3.84784
3.89069
3.9306
3.98508
4.01779
4.04764
4.07462
4.09875
4.12
4.13843
4.15402
4.16675
4.17664
4.18372
4.18896
4.1893
4.18784
4.18036
4.17181
4.16046
4.1463
4.1293
4.1095
4.08685
4.0614
4.03314
4.00208
3.9682
3.93155
3.89206
3.84979
3.80478
3.75696
3.70639
3.65305
3.59692
3.53806
3.47647
3.41214
3.34506
3.27527
3.20276
3.12753
3.04962
2.96902
2.88577
2.79984
2.66595
2.62003
2.52612
2.38037
2.33047
2.22876
2.07129
2.01755
1.90817
1.79636
1.68225
1.5072
1.44794
1.26785
1.20718
1.08517
0.90094
0.777893
0.654938
0.53241
0.410645
0.289856
0.170319
0.0522766
-0.0640564
-0.178436
-0.290863
-0.401062
-0.508911
-0.614288
-0.717072
-0.86615
-0.962036
-1.00891
-1.14514
-1.2323
-1.31653
-1.39783
-1.47607
-1.55139
-1.62378
-1.69312
-1.75952
-1.823
-1.88354
-1.96887
-2.02209
-2.07239
-2.11975
-2.16418
-2.20575
-2.24445
-2.28021
-2.31317
-2.3432
-2.37042
-2.39478
-2.41626
-2.43491
-2.45071
-2.46365
-2.47379
-2.48108
-2.4855
-2.48712
-2.4859
-2.48184
-2.47498
-2.46527
-2.45273
-2.43735
-2.41916
-2.39816
-2.37436
-2.33337
-2.30255
-2.28607
-2.25104
-2.2132
-2.15121
-2.10641
-2.08298
-2.00848
-1.95538
-1.9278
-1.84088
-1.81055
-1.71545
-1.64862
-1.57907
-1.50681
-1.43182
-1.35416
-1.2738
-1.19077
-1.10507
-1.01669
-0.92569
-0.832031
-0.686646
-0.586456
-0.483673
-0.378296
-0.270294
-0.15979
-0.0467224
0.0688171
0.246613
0.306976
0.490997
0.615845
0.678802
0.869324
0.933228
