0
0.000488281
0.000976562
0.00146484
0.00195312
0.00244141
0.00308228
0.00396729
0.00540161
0.00753784
0.0106812
0.0150757
0.0209045
0.0283813
0.0377808
0.0491943
0.0628357
0.0788269
0.0972595
0.12973
0.154633
0.182129
0.212219
0.244843
0.279938
0.336975
0.377808
0.420654
0.465454
0.512115
0.560425
0.610199
0.661316
0.713593
0.766937
0.821075
0.875977
0.931396
0.987213
1.0433
1.09946
1.15555
1.21136
1.26678
1.32166
1.4025
1.45523
1.48117
1.55704
1.58163
1.65298
1.69827
1.74161
1.78293
1.82202
1.85876
1.89307
1.9248
1.95395
1.98044
2.00418
2.02518
2.0434
2.05878
2.07135
2.08109
2.08795
2.09198
2.09314
2.09143
2.08353
2.07944
2.06918
2.0484
2.03098
2.01071
1.98761
1.96167
1.93289
1.90131
1.86688
1.82971
1.78979
1.74716
1.70193
1.65421
1.60406
1.55161
1.49704
1.41153
1.35217
1.2912
1.22879
1.16513
1.10043
1.03482
0.935211
0.868286
0.801147
0.7341
0.667328
0.600983
0.535309
0.47049
0.375336
0.313507
0.253174
0.223633
0.137756
0.0830078
0.0304565
-0.0198059
-0.067627
-0.112946
-0.15564
-0.195648
-0.232941
-0.267456
-0.299164
-0.328033
-0.354065
-0.377258
-0.397552
-0.415009
-0.435822
-0.446075
-0.450165
-0.456146
-0.459778
-0.458588
-0.454559
-0.451477
-0.437927
-0.425354
-0.417999
-0.391663
-0.370544
-0.346619
-0.319855
-0.290253
-0.257843
-0.222626
-0.18457
-0.143738
-0.100098
-0.0536804
-0.00448608
0.0474854
0.102142
0.159424
0.219238
0.281494
0.346039
0.412781
0.481506
0.551971
0.624054
0.69754
0.772217
0.84787
0.924316
1.00128
1.07858
1.19467
1.23325
1.31015
1.38651
1.46207
1.57343
1.64606
1.68179
1.78644
1.85382
1.9191
1.98212
2.04272
2.10086
2.1564
2.20926
2.25937
2.32938
2.3725
2.41278
2.4502
2.48474
2.51639
2.5452
2.57108
2.59409
2.61423
2.6315
2.6459
2.66214
2.66937
2.67377
2.67529
2.67395
2.6698
2.66278
2.65292
2.64023
2.62469
2.60632
2.58511
2.5611
2.53424
2.50458
2.47211
2.4368
2.39871
2.35779
2.31409
2.26761
2.21832
2.16629
2.11148
2.02408
1.96237
1.89795
1.83081
1.76108
1.68875
1.61401
1.53702
1.45804
1.37711
1.29456
1.21066
1.1257
1.03989
0.953491
0.866821
0.780151
0.693573
0.607452
0.522034
0.522034
0.354218
0.272247
0.191864
0.113373
0.0368347
-0.0375977
-0.109711
-0.179413
-0.246552
-0.342346
-0.372925
-0.432007
-0.488281
-0.567352
-0.616425
-0.662689
-0.706024
-0.746429
-0.783997
-0.818665
-0.850403
-0.892639
-0.917175
-0.938873
-0.957672
-0.973602
-0.986664
-0.996918
-1.0069
-1.00998
-1.01022
-1.00763
-1.0022
-0.993896
-0.982788
-0.968842
-0.952057
-0.932434
-0.897705
-0.884705
-0.856628
-0.825714
-0.792023
-0.736206
-0.716187
-0.674103
-0.605713
-0.556641
-0.504822
-0.477844
-0.392853
-0.332733
-0.269867
-0.204254
-0.170441
-0.0648804
0.0088501
0.0852661
0.164215
0.245605
0.329315
0.415131
0.502899
0.592285
0.683136
0.775177
0.868164
0.961884
1.05603
1.15045
1.24475
1.33875
1.43219
1.52481
1.61633
1.70654
1.79517
1.88196
1.9668
2.04953
2.12994
2.20795
2.32013
2.39157
2.42624
2.49353
2.55798
2.64929
2.67828
2.73407
2.78693
2.86072
2.90634
2.92807
2.98886
3.00766
3.05966
3.09079
3.11899
3.14435
3.16681
3.19513
3.21045
3.2229
3.23251
3.23926
3.24316
3.24423
3.24246
3.23782
3.23038
3.22012
3.207
3.19107
3.17227
3.15067
3.12625
3.099
3.06897
3.0361
3.00046
2.96198
2.92072
2.87668
2.82983
2.78024
2.70065
2.67273
2.61484
2.5542
2.49078
2.39056
2.35577
2.24741
2.17175
2.09341
2.01239
1.92871
1.84238
1.75348
1.66211
1.56842
1.4726
1.37482
1.27542
1.17462
1.07272
0.970062
0.815277
0.763641
0.660431
0.50647
0.404785
0.30423
0.254456
0.0593262
-0.0354614
-0.128082
-0.218414
-0.306335
-0.391693
-0.474396
-0.554352
-0.669037
-0.741913
-0.811859
-0.878876
-0.942963
-1.00412
-1.06235
-1.11765
-1.17001
-1.21945
-1.26596
-1.30954
-1.35022
-1.38806
-1.42297
-1.46994
-1.49765
-1.52252
-1.54449
-1.56363
-1.5799
-1.59332
-1.60388
-1.6116
-1.61649
-1.61853
-1.61774
-1.61411
-1.60764
-1.59836
-1.58624
-1.57129
-1.5535
-1.5329
-1.52155
-1.48322
-1.45416
-1.4223
-1.38763
-1.35019
-1.30994
-1.24432
-1.19711
-1.14713
-1.09436
-1.03885
-0.98056
-0.919556
-0.855804
-0.789337
-0.720123
-0.648163
-0.573517
-0.456482
-0.375092
-0.291016
-0.204285
-0.114929
-0.0228882
0.0717468
0.168884
0.268463
0.3703
0.474182
0.579895
0.687134
0.795593
0.904968
1.01495
1.12524
1.2355
1.34543
1.45471
1.56308
1.67026
1.776
1.88013
1.9823
2.08249
2.18042
2.276
2.36908
2.45953
2.54724
2.6322
2.71432
2.79355
2.86984
2.94321
3.01364
3.1138
3.14572
3.20731
3.2659
3.32156
3.39957
3.44791
3.49335
3.53595
3.57562
3.61237
3.6463
3.67731
3.71844
3.73071
3.76328
3.7814
3.79669
3.80914
3.81876
3.82553
3.83035
3.83002
3.82684
3.82086
3.81204
3.80038
3.78589
3.76855
3.74841
3.72546
3.69971
3.67114
3.63974
3.58743
3.54904
3.52878
3.46387
3.41714
3.36761
3.31534
3.26028
3.20248
3.14191
3.07861
3.01257
2.90842
2.8356
2.76007
2.68185
2.60095
2.51736
2.43109
2.34216
2.25061
2.15643
2.01019
1.90945
1.80618
1.70041
1.59225
1.48193
1.3696
1.25558
1.14017
1.02368
0.906464
0.788849
0.671204
0.553894
0.437195
0.321381
0.206726
0.0934753
-0.0181274
-0.127869
-0.235596
-0.341095
-0.444183
-0.544769
-0.642761
-0.738037
-0.830536
-0.963928
-1.00696
-1.09082
-1.17175
-1.28748
-1.32458
-1.43146
-1.46558
-1.56354
-1.62518
-1.6839
-1.73969
-1.79254
-1.84247
-1.88947
-1.93353
-1.97467
-2.01297
-2.04837
-2.08087
-2.11053
-2.13733
-2.16125
-2.18234
-2.20056
-2.21594
-2.22849
-2.23819
-2.24503
-2.24905
-2.25027
-2.24863
-2.24414
-2.23682
-2.22668
-2.21375
-2.19797
-2.17938
-2.14618
-2.12054
-2.09207
-2.06082
-2.02673
-1.98987
-1.95023
-1.90778
-1.86255
-1.81454
-1.76376
-1.71024
-1.65393
-1.56433
-1.50116
-1.43527
-1.36664
-1.29532
-1.22128
-1.14453
-1.06509
-0.982971
-0.898163
-0.810699
-0.720612
-0.627869
-0.532501
-0.434509
-0.333923
-0.230743
-0.124939
-0.0166016
0.0942993
0.207611
0.323273
0.441071
0.560822
0.682251
0.805054
0.928925
1.05347
1.17841
1.30334
1.42798
1.552
1.7363
1.85764
1.97751
2.0957
2.21204
2.32632
2.43842
2.54816
2.65543
2.76007
2.86209
2.96133
3.05777
3.15128
3.24185
3.3295
3.41422
3.496
3.57477
3.68738
3.75873
3.79327
3.86017
3.92413
4.01459
4.07123
4.09845
4.1507
4.22357
4.26849
4.31052
4.3497
4.38596
4.4194
4.44992
4.47763
4.50244
4.52441
4.54355
4.55981
4.57324
4.58383
4.59161
4.59653
4.59863
4.5979
4.59433
4.58795
4.5787
4.55957
4.55176
4.53406
4.51355
4.4902
4.46408
4.41962
4.40338
4.35049
4.31174
4.2702
4.22586
4.20267
4.15417
4.10294
4.04892
3.96274
3.93262
3.83817
3.80533
3.70273
3.59402
3.55643
3.47922
3.39932
3.27448
3.1879
3.14362
3.00677
2.91229
2.81516
2.71539
2.61301
2.50809
2.40057
2.29047
2.17783
2.06265
1.94495
1.82477
1.70218
1.51401
1.45023
1.32135
1.19086
0.992859
0.859863
0.726471
0.593048
0.45993
0.327423
0.195801
0.0652771
-0.0639038
-0.191528
-0.379578
-0.441284
-0.563141
-0.682739
-0.799957
-0.971069
-1.08185
-1.18991
-1.29514
-1.39752
-1.49701
-1.59357
-1.6871
-1.77768
-1.86526
-1.94986
-2.03146
-2.11008
-2.18567
-2.29352
-2.36176
-2.39471
-2.45844
-2.51923
-2.60492
-2.65839
-2.70892
-2.75665
-2.80145
-2.84332
-2.88239
-2.91852
-2.95181
-2.98221
-3.0098
-3.03448
-3.05634
-3.07535
-3.09149
-3.1048
-3.1153
-3.12296
-3.12778
-3.12976
-3.12891
-3.12524
-3.11874
-3.10944
-3.09729
-3.08234
-3.06454
-3.04395
-3.02051
-2.99429
-2.96524
-2.93341
-2.89877
-2.86136
-2.82114
-2.77814
-2.73233
-2.68378
-2.63245
-2.55029
-2.49207
-2.43109
-2.3674
-2.33453
-2.23181
-2.15994
-2.12299
-2.00809
-1.96844
-1.84549
-1.76019
-1.67221
-1.5816
-1.48834
-1.39249
-1.29401
-1.19293
-1.08926
-0.982971
-0.818726
-0.762695
-0.648743
-0.473022
-0.352753
-0.22998
-0.104675
0.0230408
0.153168
0.285553
0.420013
0.556366
0.694336
0.833496
0.973572
1.18442
1.25473
1.3952
1.60483
1.67429
1.88101
2.01718
2.15176
2.28464
2.41562
2.54449
2.6712
2.79556
2.91751
3.03696
3.15378
3.26788
3.37921
3.48773
3.64502
3.69598
3.79572
3.89252
3.98633
4.12143
4.16495
4.24979
4.3316
4.41046
4.52307
4.59448
4.62909
4.69601
4.75998
4.85043
4.87912
4.96078
5.01163
5.0596
5.10464
5.14682
5.18613
5.2225
5.25607
5.30106
5.31461
5.3396
5.36172
5.38101
5.4046
5.41107
5.42181
5.42975
5.43488
5.43723
5.43661
5.43323
5.42703
5.418
5.39917
5.39148
5.3642
5.34247
5.31793
5.29059
5.26047
5.22751
5.19177
5.15323
5.11191
5.06778
5.0209
4.97125
4.91882
4.86365
4.80573
4.74506
4.68164
4.61551
4.54663
4.47507
4.40079
4.32382
4.24414
4.1618
4.07678
3.98911
3.89877
3.75833
3.71021
3.56189
3.45975
3.35501
3.24771
3.13785
3.02542
2.91046
2.79297
2.612
2.55045
2.42542
2.29791
2.10208
1.96848
1.83249
1.76364
1.62436
1.41165
1.26779
1.12268
0.976685
0.830231
0.683746
0.537445
0.391693
0.246796
0.102997
-0.0394592
-0.180389
-0.319611
-0.45694
-0.592163
-0.72522
-0.855927
-0.984222
-1.10995
-1.23309
-1.35352
-1.47119
-1.58606
-1.698
-1.80701
-1.91309
-2.01624
-2.11633
-2.21344
-2.30756
-2.39865
-2.48672
-2.57181
-2.65387
-2.73297
