0
0
0
0
0
0
0.000213623
0.000671387
0.00161743
0.00335693
0.006073
0.0100098
0.0154114
0.0224609
0.0313721
0.0422668
0.0553284
0.0706482
0.0882263
0.108093
0.13028
0.154724
0.181396
0.210236
0.241119
0.273956
0.308746
0.345306
0.383575
0.423401
0.464722
0.507416
0.551361
0.596466
0.642609
0.689667
0.737518
0.786072
0.835175
0.884705
0.959595
1.00964
1.03467
1.08472
1.13464
1.20895
1.23349
1.30627
1.35388
1.40063
1.44641
1.49112
1.53464
1.57684
1.61761
1.65689
1.69449
1.73032
1.76437
1.79648
1.82648
1.85437
1.88004
1.90344
1.9245
1.9516
1.96655
1.97897
1.98889
1.99622
2.00095
2.00305
2.00256
1.99951
1.9939
1.98569
1.97491
1.96164
1.94589
1.9277
1.89594
1.88416
1.84549
1.83151
1.78635
1.75375
1.71921
1.68271
1.64444
1.60446
1.56293
1.5199
1.47546
1.42978
1.38293
1.33508
1.28632
1.23676
1.18652
1.13577
1.08463
1.00742
0.981659
0.930145
0.852997
0.80188
0.751221
0.701141
0.651733
0.603149
0.555542
0.508942
0.463531
0.419434
0.376709
0.33548
0.295898
0.258026
0.222015
0.187958
0.155853
0.125793
0.0979004
0.0722351
0.0488281
0.0278015
0.00918579
-0.00698853
-0.0206909
-0.0318298
-0.0404663
-0.0485229
-0.0499268
-0.050293
-0.0472717
-0.0447998
-0.0334778
-0.0284424
-0.00952148
0.00622559
0.0244141
0.0450134
0.0561829
0.0932312
0.120758
0.150421
0.182281
0.198944
0.251862
0.28949
0.328857
0.369904
0.412506
0.456573
0.501984
0.548584
0.596313
0.669739
0.719757
0.770508
0.821777
0.873474
0.925507
0.977753
1.03
1.08218
1.13412
1.21143
1.23697
1.28754
1.36212
1.3866
1.45853
1.48196
1.52795
1.57266
1.616
1.67813
1.7175
1.75507
1.79083
1.82465
1.85626
1.88577
1.91309
1.93802
1.9606
1.98074
1.99838
2.01343
2.02588
2.03574
2.04291
2.04739
2.04919
2.04684
2.04196
2.03439
2.02423
2.01144
1.99606
1.97815
1.95776
1.93497
1.90979
1.88232
1.8526
1.82074
1.78674
1.75073
1.69321
1.65265
1.63171
1.56659
1.54413
1.49814
1.42676
1.37772
1.32767
1.27673
1.22504
1.17273
1.1199
1.06674
0.986572
0.933105
0.8797
0.826569
0.773834
0.721619
0.644562
0.594208
0.5448
0.49649
0.449371
0.403564
0.359192
0.316376
0.255219
0.235748
0.180267
0.145721
0.113251
0.0829773
0.0549927
0.0294189
0.00628662
-0.0143433
-0.0324097
-0.0478516
-0.0606079
-0.0706787
-0.0780334
-0.0826416
-0.0845337
-0.0836792
-0.0800781
-0.073761
-0.0647278
-0.0530396
-0.0387268
-0.0218201
-0.00241089
0.0195007
0.0438232
0.0704651
0.0994263
0.130585
0.16391
0.199188
0.23642
0.275604
0.316589
0.359283
0.403503
0.449219
0.496338
0.569305
0.594208
0.670349
0.722168
0.748352
0.82785
0.854584
0.908356
0.962341
1.01654
1.09769
1.15152
1.20499
1.25797
1.3103
1.36191
1.41257
1.46225
1.5108
1.55807
1.62637
1.64838
1.71188
1.75204
1.77139
1.82651
1.84378
1.89243
1.922
1.94916
1.97388
1.99606
2.01569
2.03262
2.04691
2.05844
2.06726
2.0733
2.07657
2.07709
2.07483
2.06982
2.06207
2.05167
2.03857
2.02286
2.00458
1.98376
1.96045
1.93475
1.90671
1.87637
1.84384
1.80917
1.75333
1.73373
1.67227
1.62912
1.58441
1.53815
1.49054
1.44165
1.3916
1.34045
1.28848
1.23572
1.18231
1.12845
1.07419
1.01974
0.93808
0.883667
0.856567
0.802643
0.749176
0.670135
0.618408
0.592896
0.517883
0.46936
0.42215
0.376373
0.332153
0.289612
0.248901
0.209961
0.173157
0.138428
0.105927
0.0756836
0.0478516
0.0224609
-0.000457764
-0.020813
-0.0385437
-0.0536804
-0.0714111
-0.0759583
-0.0830688
-0.0874939
-0.0892029
-0.086731
-0.0817261
-0.0740662
-0.0637207
-0.0507812
-0.0352478
-0.0171814
0.00338745
0.0263977
0.0517883
0.0795593
0.109558
0.141754
0.176056
0.212311
0.250519
0.290619
0.332428
0.375885
0.443909
0.490936
0.539246
0.588654
0.639069
0.690369
0.742401
0.795074
0.848267
0.901825
0.955627
1.00958
1.09045
1.11731
1.17084
1.25034
1.30261
1.35422
1.40497
1.45477
1.50345
1.55093
1.59705
1.64172
1.68481
1.7262
1.76581
1.80353
1.83911
1.87259
1.90384
1.94632
1.95929
1.99442
2.01465
2.03226
2.04721
2.05948
2.06903
2.07584
2.0799
2.08118
2.07968
2.07544
2.06842
2.05872
2.04633
2.03128
2.01361
1.99341
1.9707
1.94556
1.918
1.87244
1.83932
1.80405
1.76682
1.72763
1.68655
1.64377
1.59933
1.55338
1.50601
1.45737
1.40756
1.35666
1.30487
1.25232
1.17233
1.14542
1.09131
1.00974
0.955292
0.900909
0.846771
0.792999
0.739746
0.687134
0.635284
0.584381
0.534515
0.485809
0.438385
0.392426
0.326416
0.305237
0.264313
0.225128
0.170166
0.136108
0.104248
0.0891724
0.0473328
0.0224304
-3.05177e-05
-0.0199585
-0.0289917
-0.0521851
-0.0643311
-0.073822
-0.0805969
-0.0846863
-0.0860291
-0.0846558
-0.0805664
-0.073761
-0.06427
-0.0521545
-0.0374146
-0.0200806
-0.000183106
0.0222168
0.0470276
0.0741882
0.103668
0.135345
0.169159
0.205048
0.24295
0.282623
0.324127
0.389465
0.434937
0.481812
0.529968
0.579285
0.629578
0.680817
0.732849
0.785553
0.838776
0.892426
0.946381
1.00055
1.05475
1.1088
1.18942
1.24265
1.29535
1.34738
1.39859
1.44888
1.49814
1.5462
1.59296
1.63828
1.70328
1.72409
1.76434
1.8212
1.85648
1.88962
1.92047
1.94897
1.97504
1.9986
2.01959
2.03799
2.05371
2.06671
2.077
2.0845
2.0892
2.09116
2.09033
2.0867
2.08032
2.07123
2.05945
2.04498
2.02789
2.00824
1.98608
1.96149
1.93448
1.90515
1.87357
1.83978
1.80392
1.76596
1.72617
1.68454
1.64124
1.57324
1.54984
1.50198
1.42783
1.37701
1.3252
1.27252
1.21912
1.16513
1.11072
1.05594
1.00101
0.946075
0.891174
0.836548
0.782288
0.701965
0.649292
0.597534
0.546753
0.49707
0.448639
0.401581
0.355988
0.312012
0.269714
0.229279
0.190582
0.154022
0.119507
0.0871887
0.0571289
0.016449
-0.00759888
-0.0187073
-0.0389709
-0.0644836
-0.078186
-0.0892029
-0.0974731
-0.103027
-0.105774
-0.105774
-0.103027
-0.0974731
-0.0892029
-0.0717163
-0.0645447
-0.039032
-0.0187988
0.0039978
0.0292664
0.0569458
0.0869751
0.119232
0.153717
0.190216
0.228821
0.269226
0.311554
0.355591
0.424652
0.448425
0.496979
0.546814
0.597809
0.676178
0.702759
0.78363
0.810883
0.893372
0.948761
1.00439
1.06006
1.11557
1.17087
1.25299
1.30707
1.36038
1.41287
1.46436
1.51468
1.56372
1.61139
1.65753
1.70203
1.74481
1.78571
1.82465
1.86157
1.91287
1.94424
1.97327
1.99985
2.02393
2.0455
2.06442
2.08069
2.09424
2.10504
2.1131
2.11838
2.12085
2.12054
2.1174
2.11148
2.10275
2.09131
2.07712
2.05081
2.02997
2.00659
1.98071
1.95239
1.92172
1.88876
1.85361
1.81638
1.77719
1.71478
1.69312
1.64847
1.60223
1.5545
1.48041
1.45508
1.37747
1.32449
1.27069
1.21622
1.16116
1.10565
1.04984
0.993927
0.938019
0.882141
0.826569
0.771393
0.716766
0.662872
0.609772
0.557648
0.481598
0.432465
0.384735
0.338562
0.294067
0.251343
0.210449
0.1716
0.134888
0.100403
0.0682068
0.0384216
0.0111389
-0.0136108
-0.0357361
-0.0552673
-0.072113
-0.0862427
-0.0976562
-0.106262
-0.112122
-0.115692
-0.114594
-0.113007
-0.104095
-0.0947571
-0.0826721
-0.0679321
-0.0505066
-0.0304871
-0.00793457
0.0170898
0.0445557
0.0743713
0.106476
0.140778
0.177246
0.215698
0.256104
0.298309
0.342255
0.411163
0.458923
0.507996
0.558319
0.609711
0.635773
0.71524
0.769073
0.823486
0.878296
0.93338
0.988556
1.04373
1.09879
1.15356
1.20792
1.26172
1.31482
1.36713
1.41852
1.46881
1.51791
1.56573
1.63477
1.67889
1.72131
1.76196
1.80066
1.8374
1.87216
1.90472
1.93503
1.96298
1.98849
2.01154
2.03201
2.04984
2.065
2.07748
2.08722
2.09421
2.09839
2.09979
2.09839
2.09421
2.08276
2.07758
2.06519
2.04163
2.02264
2.01218
1.97702
1.95053
1.92169
1.8905
1.85715
1.82162
1.78415
1.74472
1.7034
1.66037
1.61569
1.56955
1.52203
1.47321
1.42319
1.37216
1.32016
1.24066
1.21384
1.15976
1.10519
1.02286
0.967682
0.912567
0.857635
0.803009
0.74881
0.695129
0.642212
0.590088
0.53894
0.488922
0.416199
0.369507
0.324341
0.280853
0.239227
0.199554
0.161835
0.12616
0.0926819
0.0467529
0.0326233
0.00619507
-0.0177612
-0.0391541
-0.0663757
-0.0740967
-0.0932922
-0.0983276
-0.109314
-0.11319
-0.114288
-0.11261
-0.108185
-0.100983
-0.0910339
-0.0783997
-0.0631104
-0.0451355
-0.0245972
0.0109558
0.0377502
0.0668945
0.0983582
0.13205
0.167816
0.20578
0.245697
0.287354
0.35321
0.399139
0.446564
0.470825
0.545502
0.596771
0.649017
0.702179
0.756134
0.81073
0.865784
0.921173
0.976837
1.06033
1.11588
1.17114
1.22595
1.28018
1.33374
1.38644
1.4382
1.4888
1.53818
1.58615
1.6326
1.67743
1.72052
1.76166
1.80084
1.83798
1.87292
1.90561
1.93591
1.96381
1.98923
2.01208
2.03235
2.04999
2.06494
2.07721
2.08676
2.09357
2.09766
2.099
2.0976
2.09348
2.08661
2.07706
2.06482
2.0415
2.03244
2.00137
1.97757
1.95132
1.92273
1.89182
1.8587
1.82343
1.78619
1.74701
1.70587
1.66299
1.61847
1.57239
1.5249
1.4761
1.42612
1.37509
1.32312
1.27036
1.21692
1.1629
1.10852
1.05383
0.971558
0.944214
0.889526
0.835144
0.781128
0.701233
0.648834
0.622955
0.546814
0.521973
0.449341
0.402588
0.357391
0.313782
0.271912
0.231995
0.194031
0.15802
0.124237
0.0927124
0.0635071
0.0367126
0.0124207
-0.00930786
-0.0284424
-0.0449524
-0.0587769
-0.0699158
-0.0783386
-0.085907
-0.0870667
-0.0864868
-0.0849304
-0.0762329
-0.0670776
-0.0552673
-0.040863
-0.0238647
-0.00436401
0.0176697
0.0421143
0.0689697
