0
0
0
0
0
0
9.1553e-05
0.000335693
0.000701904
0.00140381
0.00256348
0.00430298
0.00680542
0.0101013
0.0143738
0.022644
0.0259399
0.0333252
0.0418396
0.0514832
0.0680542
0.0804749
0.0870667
0.10849
0.123993
0.140472
0.157928
0.176239
0.195374
0.215332
0.236023
0.257446
0.279541
0.302277
0.325623
0.349518
0.373932
0.398834
0.436951
0.44986
0.489105
0.50235
0.54248
0.556
0.596802
0.624146
0.651703
0.679291
0.706879
0.734467
0.762054
0.789612
0.816956
0.844208
0.871307
0.898163
0.924774
0.951111
0.977142
1.00287
1.0282
1.05316
1.0777
1.10181
1.12543
1.14856
1.1712
1.19333
1.2149
1.24622
1.26636
1.27618
1.29541
1.32306
1.34064
1.35751
1.37372
1.38922
1.40399
1.41803
1.4313
1.44385
1.45563
1.46661
1.47681
1.48624
1.49487
1.50275
1.50977
1.51886
1.52148
1.52618
1.53168
1.53311
1.53625
1.53693
1.53781
1.53745
1.53635
1.53452
1.53195
1.52866
1.52469
1.52002
1.51468
1.5087
1.50208
1.49478
1.48694
1.47849
1.46945
1.45987
1.44977
1.43915
1.42804
1.41644
1.40439
1.39191
1.37241
1.36569
1.35202
1.33801
1.3237
1.30164
1.29416
1.2713
1.25577
1.24005
1.22418
1.2081
1.19196
1.1756
1.15924
1.14288
1.1264
1.1098
1.09323
1.07687
1.06052
1.04416
1.02789
1.01178
0.995789
0.979919
0.964294
0.941132
0.933563
0.918549
0.896484
0.882141
0.868073
0.854279
0.84079
0.827667
0.81485
0.802368
0.790253
0.778503
0.767151
0.756195
0.745636
0.735504
0.7258
0.716522
0.707672
0.69928
0.691345
0.683868
0.676849
0.670288
0.664185
0.658569
0.653381
0.648682
0.64447
0.640717
0.637421
0.634613
0.632294
0.629639
0.628998
0.628052
0.627563
0.627502
0.627899
0.628754
0.630035
0.632751
0.633881
0.637878
0.639404
0.642731
0.648499
0.650604
0.657501
0.662537
0.665192
0.673676
0.679718
0.686096
0.69278
0.699738
0.70697
0.714478
0.722229
0.730225
0.738434
0.746857
0.755463
0.764252
0.773254
0.782379
0.791656
0.801086
0.810608
0.82019
0.829956
0.844604
0.849487
0.859406
0.869415
0.879425
0.89444
0.904449
0.914459
0.924255
0.934021
0.943787
0.953552
0.963074
0.972595
0.981934
0.991211
1.00027
1.00925
1.01804
1.02661
1.03503
1.04324
1.05127
1.05908
1.06665
1.07401
1.08115
1.08807
1.09479
1.10126
1.10751
1.11353
1.11932
1.12488
1.13019
1.13525
1.14008
1.14462
1.14893
1.15295
1.15851
1.16022
1.16495
1.16641
1.17029
1.17255
1.17447
1.17612
1.17749
1.17859
1.17941
1.17996
1.18024
1.18027
1.17999
1.17947
1.17868
1.17764
1.17636
1.1748
1.173
1.17099
1.16873
1.16626
1.16357
1.15909
1.1575
1.15417
1.15067
1.14502
1.14307
1.1369
1.13477
1.13037
1.1235
1.11874
1.11386
1.10886
1.10373
1.09854
1.09317
1.0878
1.08228
1.07666
1.07104
1.06543
1.05966
1.0538
1.04794
1.04208
1.03622
1.03036
1.02451
1.01865
1.01279
1.00693
1.00113
0.995514
0.989899
0.981476
0.978729
0.973358
0.967987
0.960114
0.954987
0.94986
0.944977
0.942535
0.935333
0.930695
0.926056
0.921661
0.919464
0.913055
0.908905
0.904877
0.90097
0.897186
0.893524
0.890015
0.886597
0.883362
0.880219
0.877289
0.874512
0.871857
0.869415
0.867126
0.864014
0.863037
0.860413
0.85965
0.858185
0.856384
0.855408
0.854614
0.853943
0.853455
0.85318
0.853027
0.853027
0.853271
0.853638
0.854126
0.854858
0.855682
0.856659
0.857819
0.85907
0.860535
0.862091
0.8638
0.865631
0.867584
0.86969
0.871887
0.874207
0.876648
0.87915
0.881836
0.884521
0.88739
0.89032
0.894836
0.896423
0.899597
0.902771
0.907776
0.911194
0.914612
0.91803
0.921509
0.925171
0.928833
0.932495
0.936157
0.939819
0.943481
0.947144
0.950806
0.954468
0.95813
0.961792
0.965454
0.968872
0.97229
0.975708
0.979126
0.982483
0.987244
0.988831
0.992004
0.99649
0.997955
1.00089
1.00372
1.00641
1.01044
1.01172
1.01538
1.01782
1.02011
1.02231
1.02451
1.02655
1.0285
1.03046
1.03226
1.03397
1.03568
1.03726
1.03873
1.04019
1.04153
1.04276
1.04398
1.0451
1.04608
1.04706
1.048
1.04874
1.04947
1.0502
1.05069
1.05118
1.05167
1.052
1.05225
1.05249
1.05267
1.05267
1.05267
1.05267
1.05249
1.05225
1.052
1.05176
1.05127
1.05078
1.05029
1.0498
1.04907
1.04797
1.04724
1.04688
1.04553
1.04456
1.04358
1.0426
1.04163
1.04047
1.03925
1.03802
1.0368
1.03558
1.03436
1.03314
1.03171
1.03024
1.02878
1.02731
1.02585
1.02438
1.02292
1.02145
1.01999
1.01852
1.01706
1.01559
1.0134
1.01266
1.0112
1.00974
1.00827
1.00607
1.00461
1.00314
1.00168
1.00021
0.998749
0.997284
0.995819
0.994354
0.992889
0.991425
0.98996
0.987762
0.98703
0.984833
0.983368
0.981903
0.980438
0.978973
0.977509
0.976044
0.974609
0.973389
0.972168
0.970947
0.969727
0.968506
0.967285
0.966064
0.964844
0.963623
0.962402
0.961212
0.960236
0.959259
0.958282
0.956818
0.955841
0.955353
0.953888
0.952911
0.952179
0.951447
0.950714
0.949982
0.949249
0.948517
0.947784
0.947144
0.946655
0.946167
0.945679
0.94519
0.944702
0.944214
0.943787
0.943542
0.943298
0.943054
0.94281
0.942566
0.942322
0.942078
0.942078
0.942078
0.942078
0.942078
0.942078
0.942078
0.942078
0.942322
0.942566
0.94281
0.943054
0.943298
0.943542
0.943787
0.944031
0.944397
0.944885
0.945374
0.945862
0.94635
0.946838
0.947327
0.947815
0.948303
0.948792
0.94928
0.94986
0.950592
0.951324
0.952057
0.952789
0.953522
0.954254
0.955353
0.956085
0.956451
0.95755
0.957916
0.958649
0.959747
0.96048
0.961212
0.961945
0.962677
0.963409
0.964142
0.964874
0.965607
0.966339
0.967072
0.967804
0.968536
0.969269
0.970001
0.970734
0.971466
0.972198
0.972931
0.973663
0.974396
0.975128
0.975861
0.976959
0.977325
0.978058
0.97879
0.979889
0.980408
0.980896
0.981384
0.981628
0.982361
0.982849
0.983337
0.983826
0.984314
0.984802
0.985291
0.985779
0.986267
0.986755
0.987244
0.987732
0.98822
0.988586
0.988831
0.989075
0.989319
0.989563
0.989807
0.990051
0.990295
0.99054
0.990784
0.991028
0.991272
0.991516
0.991882
0.992126
0.992371
0.992615
0.992645
0.992645
0.992645
0.992645
0.992645
0.992645
0.992645
0.992645
0.992645
0.992645
0.992645
0.992645
0.992645
0.992645
0.992645
0.992645
0.992645
0.992645
0.992645
0.992645
0.992645
0.992645
0.992645
0.992279
0.992157
0.991791
0.991547
0.991302
0.991058
0.990814
0.99057
0.990326
0.990082
0.989838
0.989594
0.989349
0.989105
0.988861
0.988617
0.988373
0.988129
0.987885
0.98764
0.987396
0.987152
0.986908
0.986664
0.98642
0.986176
0.985931
0.985687
0.985443
0.985199
0.984955
0.984711
0.984344
0.984222
0.983978
0.983734
0.983368
0.983124
0.98288
0.982635
0.982391
0.982147
0.981903
0.981659
0.981415
0.981171
0.980927
0.980682
0.980438
0.980194
0.97995
0.979706
0.979462
0.979218
0.978973
0.978729
0.978485
0.978241
0.977997
0.977753
0.977509
0.977264
0.97702
0.976654
0.976532
0.976288
0.976044
0.9758
0.975555
0.975433
0.975433
0.975433
0.975433
0.975433
0.975433
0.975433
0.975433
0.975433
0.975433
0.975433
0.975433
0.975433
0.975433
0.975433
0.975433
0.975433
0.975433
0.975433
0.975433
0.975433
0.975433
0.975433
0.975433
0.975433
0.975433
0.975433
0.975433
0.975433
0.975433
0.975433
0.975433
0.975433
0.975433
0.975433
0.975433
0.975433
0.975433
0.975433
0.975433
0.975433
0.975433
0.975433
0.975433
0.975433
0.975433
0.975433
0.975433
0.975433
0.975433
0.975433
0.975647
0.975891
0.976135
0.976379
0.976624
0.97699
0.977234
0.977356
0.977722
0.977966
0.97821
0.978455
0.978699
0.978943
0.979187
0.979431
0.979675
0.979919
0.980164
0.980408
0.980652
0.980896
0.98114
0.981384
0.981628
0.981873
0.982239
0.982361
0.982605
0.982971
0.983215
0.983337
0.983704
0.983948
0.984192
0.984436
0.98468
0.984924
0.985168
0.985413
0.985657
0.985901
0.986145
0.986389
0.98645
0.98645
0.98645
0.98645
0.98645
0.98645
0.98645
0.98645
0.98645
0.98645
0.98645
0.98645
0.98645
0.98645
0.98645
0.98645
0.98645
0.98645
0.98645
0.98645
0.98645
0.98645
0.98645
0.98645
0.98645
0.98645
0.98645
0.98645
0.98645
0.98645
0.98645
0.98645
0.98645
0.98645
0.98645
0.98645
0.98645
0.98645
0.98645
0.98645
0.98645
0.98645
0.98645
0.98645
0.98645
0.98645
0.98645
0.98645
0.98645
0.98645
0.98645
0.98645
0.98645
0.98645
0.98645
0.98645
0.98645
0.98645
0.98645
0.98645
0.98645
0.98645
0.98645
0.98645
0.98645
0.98645
0.98645
0.98645
0.98645
0.98645
0.98645
0.98645
0.98645
0.98645
0.98645
0.98645
0.98645
0.98645
0.98645
0.98645
0.98645
0.98645
0.98645
0.98645
0.98645
0.98645
0.98645
0.98645
0.98645
0.98645
0.98645
0.98645
0.98645
0.98645
0.98645
0.98645
0.98645
0.98645
0.98645
0.98645
0.98645
0.98645
0.98645
0.98645
0.98645
0.98645
0.98645
0.98645
0.98645
0.98645
0.98645
0.98645
0.98645
0.98645
0.98645
0.98645
0.98645
0.98645
0.98645
0.98645
0.98645
0.98645
0.98645
0.98645
0.98645
0.98645
0.98645
0.98645
0.98645
0.98645
0.98645
0.98645
0.98645
0.98645
0.98645
0.98645
0.98645
0.98645
0.98645
0.98645
0.98645
0.98645
0.98645
0.98645
0.98645
0.98645
0.98645
0.98645
0.98645
0.98645
0.98645
0.98645
0.98645
0.98645
0.98645
0.98645
0.98645
0.98645
