0
0
0
0
0
0
0.00012207
0.000366211
0.000854492
0.00238037
0.00418091
0.00540161
0.00857544
0.0127258
0.0211792
0.0284119
0.0325317
0.0418396
0.0584106
0.0646362
0.0854797
0.101074
0.118011
0.13623
0.155731
0.176422
0.198242
0.221191
0.245117
0.27002
0.295868
0.322571
0.350067
0.378326
0.407257
0.436829
0.466949
0.497589
0.528717
0.560303
0.608276
0.62439
0.673187
0.705902
0.73877
0.771729
0.804688
0.837616
0.870331
0.902954
0.935364
0.967499
0.999329
1.03079
1.06189
1.09253
1.12268
1.15231
1.1814
1.20984
1.23764
1.26477
1.2912
1.31689
1.3418
1.36591
1.40048
1.41159
1.43311
1.46368
1.47339
1.49207
1.50977
1.52649
1.54956
1.56363
1.57663
1.58856
1.5994
1.60913
1.61774
1.62524
1.63162
1.6369
1.64105
1.64407
1.64603
1.64685
1.64658
1.64523
1.64279
1.63928
1.63477
1.62915
1.62256
1.61499
1.60645
1.59692
1.58652
1.57516
1.56299
1.54996
1.5361
1.51385
1.49811
1.48999
1.46454
1.45572
1.43765
1.40952
1.39984
1.38013
1.34973
1.32895
1.3078
1.28629
1.26447
1.2424
1.22012
1.19766
1.17502
1.15231
1.12961
1.1069
1.0842
1.06149
1.03879
1.01627
0.993866
0.97168
0.949707
0.928009
0.906616
0.885529
0.864807
0.844452
0.824524
0.805023
0.78598
0.767426
0.749359
0.731812
0.714783
0.698364
0.682495
0.667236
0.652618
0.63858
0.625214
0.612549
0.594818
0.589264
0.578674
0.564117
0.559631
0.547302
0.543579
0.536682
0.52774
0.522766
0.518524
0.515045
0.51236
0.510406
0.509247
0.50885
0.509186
0.510284
0.512115
0.514679
0.517975
0.521942
0.526611
0.531952
0.538025
0.544739
0.552032
0.559967
0.568481
0.577576
0.58725
0.597443
0.608185
0.619415
0.631104
0.643219
0.655792
0.668762
0.682098
0.69577
0.709778
0.724091
0.738678
0.761017
0.776154
0.791534
0.799225
0.822662
0.838348
0.854218
0.870087
0.885956
0.901825
0.917694
0.933533
0.949158
0.964783
0.980194
0.995514
1.01813
1.03296
1.04758
1.06192
1.07599
1.08978
1.1033
1.11649
1.13562
1.14792
1.15985
1.17142
1.18253
1.19321
1.20346
1.21329
1.22263
1.23151
1.23993
1.2478
1.25519
1.26208
1.26846
1.27707
1.27966
1.28668
1.28876
1.29248
1.29568
1.2995
1.30051
1.30212
1.30353
1.3038
1.30356
1.3028
1.30151
1.29974
1.29749
1.29468
1.29141
1.28769
1.28348
1.27881
1.27371
1.26819
1.26224
1.25589
1.24915
1.24203
1.23456
1.22675
1.2186
1.21014
1.20142
1.19238
1.18307
1.17355
1.16379
1.15381
1.14365
1.13333
1.12283
1.11221
1.10147
1.09067
1.07968
1.0632
1.05222
1.04123
1.03024
1.01926
1.00827
0.997284
0.98642
0.975677
0.964996
0.954498
0.944153
0.933929
0.92392
0.914124
0.90451
0.895111
0.885925
0.876984
0.868286
0.859833
0.851654
0.84375
0.836121
0.828827
0.821838
0.815155
0.808807
0.802826
0.79715
0.79187
0.786896
0.780151
0.776123
0.772461
0.769165
0.766235
0.763672
0.761505
0.759705
0.75827
0.757202
0.7565
0.756165
0.756195
0.756592
0.757355
0.758453
0.759918
0.761719
0.763855
0.766357
0.769165
0.772278
0.775696
0.781372
0.785553
0.790009
0.794708
0.799683
0.804901
0.810333
0.81601
0.821899
0.828003
0.83432
0.84079
0.847382
0.854218
0.861145
0.868225
0.875427
0.882751
0.890106
0.901459
0.909027
0.912811
0.92041
0.928223
0.939941
0.947754
0.95166
0.963379
0.970978
0.978546
0.986115
0.993683
1.00101
1.00833
1.0155
1.02258
1.02945
1.03625
1.04285
1.04929
1.05557
1.06168
1.06757
1.07327
1.07883
1.0842
1.08932
1.09427
1.099
1.10571
1.10782
1.11191
1.11758
1.11935
1.12271
1.12729
1.12869
1.13129
1.13474
1.13669
1.13837
1.13977
1.1409
1.14178
1.1424
1.14276
1.14285
1.1427
1.14227
1.1416
1.14069
1.13953
1.13812
1.13647
1.13458
1.13248
1.13013
1.12759
1.12338
1.12192
1.11874
1.11368
1.11002
1.10623
1.10233
1.10025
1.09393
1.08954
1.08499
1.08035
1.07559
1.07071
1.0658
1.06067
1.05554
1.05042
1.0451
1.03973
1.03436
1.02899
1.02362
1.01825
1.01288
1.00482
1.00214
0.996765
0.991425
0.986298
0.978607
0.97348
0.968567
0.963684
0.958801
0.954163
0.949524
0.944977
0.940582
0.934113
0.929962
0.925842
0.921936
0.91803
0.914368
0.910706
0.907288
0.9039
0.900726
0.89621
0.893402
0.890717
0.888275
0.885986
0.88385
0.881897
0.880157
0.878571
0.877167
0.875946
0.874969
0.874146
0.873505
0.873047
0.872742
0.872742
0.872955
0.873352
0.873901
0.874634
0.875549
0.876617
0.877838
0.880005
0.880829
0.882538
0.885406
0.887512
0.889709
0.89212
0.894562
0.897217
0.899902
0.902802
0.905731
0.908813
0.911987
0.915161
0.918549
0.921967
0.925385
0.928955
0.932617
0.936279
0.939941
0.943604
0.947327
0.951233
0.955139
0.959045
0.962952
0.966858
0.970764
0.97467
0.978363
0.982025
0.985687
0.99118
0.993011
0.996521
0.999939
1.00507
1.00833
1.01151
1.01468
1.0177
1.02063
1.02356
1.02631
1.02899
1.03165
1.03531
1.03775
1.03998
1.04218
1.04431
1.04626
1.04822
1.04999
1.0517
1.05408
1.05554
1.05695
1.05817
1.05939
1.06042
1.0614
1.06229
1.06302
1.06375
1.06424
1.06473
1.06506
1.06531
1.06549
1.06549
1.06549
1.06528
1.06503
1.06464
1.06415
1.0636
1.0625
1.06165
1.06067
1.05969
1.05847
1.05725
1.05597
1.0545
1.05304
1.05157
1.04987
1.04816
1.04645
1.04474
1.04279
1.04083
1.03888
1.03693
1.03497
1.03296
1.03076
1.02856
1.02637
1.02417
1.02197
1.01978
1.01758
1.01428
1.01318
1.01099
1.00879
1.00659
1.00439
1.0022
0.998901
0.997803
0.994507
0.993408
0.990112
0.987915
0.98587
0.983917
0.981964
0.980011
0.978058
0.976105
0.974152
0.971222
0.970367
0.967804
0.966949
0.96524
0.962677
0.960968
0.959412
0.957947
0.956482
0.955017
0.953552
0.952148
0.950928
0.949707
0.948486
0.947266
0.946167
0.94519
0.944214
0.942749
0.941956
0.941223
0.940491
0.939758
0.939148
0.93866
0.937927
0.937439
0.937195
0.936951
0.936707
0.936493
0.936493
0.936493
0.936493
0.936554
0.936798
0.937042
0.937286
0.937561
0.938049
0.938538
0.939026
0.939514
0.940186
0.940918
0.94165
0.942383
0.943115
0.944031
0.945007
0.945984
0.94696
0.947937
0.948914
0.950043
0.951263
0.952484
0.954315
0.955536
0.956757
0.957977
0.959198
0.960419
0.96225
0.96347
0.964905
0.96637
0.967834
0.969299
0.970764
0.972229
0.973694
0.975006
0.976227
0.977448
0.978668
0.979889
0.98172
0.982941
0.983551
0.984772
0.985992
0.987823
0.989044
0.990265
0.991486
0.992493
0.993469
0.994446
0.995422
0.996399
0.997375
0.998352
0.999329
1.00031
1.0014
1.00177
1.0025
1.00323
1.00397
1.0047
1.00543
1.00644
1.00668
1.00742
1.0079
1.00839
1.00888
1.00937
1.00986
1.01031
1.01056
1.0108
1.01105
1.01141
1.01154
1.01178
1.01202
1.01227
1.01245
1.01245
1.01245
1.01245
1.01245
1.01245
1.01245
1.01245
1.01245
1.01239
1.01215
1.0119
1.01166
1.01141
1.01117
1.01093
1.01068
1.01044
1.01019
1.00995
1.0097
1.00946
1.00912
1.00864
1.00815
1.00742
1.00693
1.00668
1.00595
1.00546
1.00497
1.00449
1.004
1.00351
1.00302
1.00253
1.00204
1.00156
1.00107
1.00058
1.00009
0.999603
0.999115
0.998627
0.998138
0.99765
0.997162
0.996674
0.996185
0.995697
0.995209
0.994476
0.994232
0.993744
0.993256
0.992767
0.992035
0.991547
0.991302
0.99057
0.990082
0.989594
0.989105
0.988861
0.988373
0.98764
0.987152
0.986664
0.986176
0.985687
0.985199
0.984711
0.984222
0.98349
0.983246
0.982513
0.982025
0.981537
0.981049
0.98056
0.980072
0.979584
0.979248
0.979004
0.978638
0.978394
0.978149
0.977905
0.977661
0.977417
0.977173
0.976929
0.976685
0.97644
0.976074
0.975952
0.975586
0.975342
0.975098
0.974854
0.974609
0.974609
0.974609
0.974609
0.974609
0.974609
0.974609
0.974609
0.974609
0.974609
0.974609
0.974609
0.974609
0.974609
0.974609
0.974609
0.974609
0.974609
0.974609
0.974609
0.974762
0.975006
0.97525
0.975494
0.975739
0.975983
0.976227
0.976471
0.976715
0.976959
0.977203
0.977448
0.977692
0.977936
0.97818
0.978424
0.978668
0.978912
0.979156
0.979401
0.979645
0.979889
0.980133
0.980377
0.980621
0.980865
0.98111
0.981354
0.981598
0.981842
0.982086
0.982452
0.982697
0.982819
0.983063
0.983307
0.983551
0.983917
0.984161
0.984406
0.98465
0.984894
0.985138
0.985382
0.985626
0.98587
0.986115
0.986359
0.986603
0.986847
0.987091
0.987335
0.987579
0.987823
0.988068
0.988312
0.988556
0.9888
0.989044
0.98941
0.989532
0.989899
0.990143
0.990265
0.990631
0.990875
0.991119
0.991364
0.991608
0.991852
0.992096
0.99234
0.992584
0.992828
0.993073
0.993317
0.993561
0.993805
0.993927
0.993927
0.993927
0.993927
0.993927
0.993927
0.993927
0.993927
0.993927
0.993927
0.993927
0.993927
0.993927
0.993927
0.993927
0.993927
0.993927
0.993927
0.993927
0.993927
0.993927
0.993927
0.993927
0.993927
0.993927
0.993927
0.993927
0.993927
0.993927
0.993927
0.993927
0.993927
0.993927
0.993927
0.993927
0.993927
0.993927
0.993927
0.993927
0.993927
0.993927
0.993927
0.993927
0.993927
0.993927
0.993927
0.993927
0.993927
0.993927
0.993927
0.993927
0.993927
0.993927
0.993927
0.993927
0.993927
0.993927
0.993927
0.993927
0.993927
0.993927
0.993927
0.993927
0.993927
0.993927
0.993927
0.993927
0.993927
0.993927
0.993927
0.993927
0.993927
0.993927
