0
0
0
0
0
0
6.10349e-05
0.000305176
0.000732422
0.00222778
0.0039978
0.00515747
0.0101013
0.01474
0.0205994
0.027771
0.0362549
0.0516052
0.0636292
0.0770264
0.0918274
0.108032
0.125519
0.144318
0.164307
0.185486
0.207764
0.231079
0.255371
0.28064
0.306854
0.333893
0.361725
0.390289
0.419556
0.449432
0.479889
0.510895
0.542328
0.590271
0.62265
0.638977
0.671783
0.721344
0.754547
0.78775
0.820953
0.854156
0.887329
0.920288
0.953064
0.985596
1.01782
1.04968
1.08115
1.11215
1.14267
1.17264
1.20197
1.23065
1.2587
1.28604
1.31265
1.35107
1.37564
1.39932
1.42215
1.444
1.46487
1.48477
1.50369
1.52164
1.53848
1.55429
1.56903
1.58267
1.59521
1.60666
1.61697
1.62619
1.63791
1.64124
1.64706
1.65176
1.65674
1.65866
1.65945
1.65915
1.65775
1.65527
1.65173
1.64709
1.64148
1.63477
1.62708
1.61841
1.60876
1.59821
1.58673
1.5744
1.56119
1.54715
1.53232
1.50864
1.49194
1.47458
1.45654
1.43793
1.4187
1.39893
1.37866
1.35794
1.33679
1.31522
1.28226
1.27112
1.24863
1.22589
1.20294
1.16821
1.15662
1.13321
1.09805
1.07462
1.05118
1.02789
1.0047
0.981659
0.958801
0.936157
0.913788
0.891693
0.869904
0.848511
0.827484
0.806885
0.786743
0.76709
0.747925
0.729309
0.711243
0.693756
0.67688
0.660645
0.637512
0.622894
0.615875
0.602325
0.583374
0.577423
0.560699
0.555511
0.545685
0.53244
0.524597
0.517578
0.514343
0.50589
0.501282
0.497467
0.494446
0.492249
0.490845
0.490265
0.490448
0.491425
0.493195
0.495728
0.498993
0.503021
0.507782
0.513245
0.519379
0.526245
0.533783
0.541962
0.550751
0.56015
0.570129
0.580658
0.591736
0.603333
0.615417
0.627991
0.641022
0.65448
0.668304
0.682556
0.697113
0.712006
0.727203
0.742676
0.758392
0.774323
0.790436
0.806763
0.823151
0.839752
0.856354
0.872955
0.889557
0.914551
0.931152
0.947754
0.956055
0.980713
0.997009
1.01312
1.02902
1.04474
1.06021
1.07541
1.09033
1.11212
1.1192
1.13312
1.14667
1.15982
1.17883
1.19098
1.20267
1.2139
1.22464
1.23489
1.24466
1.25394
1.26266
1.2709
1.27856
1.28568
1.29535
1.30112
1.30627
1.31088
1.31494
1.31842
1.32132
1.32367
1.32544
1.32663
1.32727
1.32733
1.32684
1.32581
1.32425
1.32211
1.31946
1.31628
1.31262
1.30841
1.30371
1.29852
1.28992
1.28683
1.28033
1.27338
1.26221
1.25427
1.24594
1.23727
1.2283
1.21896
1.20932
1.1994
1.18924
1.17883
1.16818
1.15735
1.14636
1.13513
1.12381
1.11234
1.10083
1.08325
1.07153
1.05981
1.0481
1.03638
1.0188
1.00708
0.995361
0.983765
0.97229
0.960876
0.949646
0.938568
0.927643
0.916901
0.906403
0.896088
0.880981
0.871216
0.861694
0.852448
0.843475
0.834778
0.826355
0.818237
0.810486
0.80304
0.792511
0.78595
0.779755
0.773926
0.768463
0.763428
0.758759
0.754486
0.750671
0.747223
0.744171
0.741577
0.739349
0.737549
0.736176
0.735199
0.734619
0.734467
0.73468
0.735291
0.736938
0.738525
0.740509
0.742828
0.745544
0.748596
0.752014
0.755768
0.759827
0.764221
0.768951
0.773956
0.779266
0.784851
0.79071
0.796844
0.803192
0.809784
0.81662
0.823669
0.830902
0.838287
0.845856
0.853607
0.86142
0.869476
0.877533
0.885773
0.894073
0.902374
0.910736
0.919281
0.927826
0.936371
0.940643
0.962006
0.974579
0.98288
0.99118
0.9953
1.00336
1.01141
1.01926
1.03082
1.03461
1.04572
1.05289
1.05991
1.06674
1.07333
1.07974
1.08597
1.09198
1.09778
1.10336
1.1087
1.11383
1.11871
1.12332
1.12769
1.13177
1.13562
1.13919
1.14249
1.14551
1.14825
1.15073
1.15289
1.15561
1.15704
1.1582
1.15909
1.15985
1.15997
1.16
1.15973
1.15881
1.15787
1.15668
1.15518
1.15344
1.15143
1.14917
1.14667
1.14395
1.14099
1.13782
1.1326
1.12888
1.12497
1.12082
1.11652
1.11206
1.10742
1.1026
1.09769
1.09256
1.08737
1.082
1.07663
1.07101
1.0654
1.05975
1.05389
1.04803
1.04218
1.03632
1.03046
1.0246
1.01874
1.01288
1.00702
1.00116
0.9953
0.989441
0.983612
0.977997
0.972382
0.966797
0.961426
0.956055
0.950836
0.945709
0.940674
0.935791
0.930939
0.9263
0.921692
0.917297
0.910889
0.906738
0.902802
0.900848
0.895294
0.891815
0.888489
0.885315
0.882385
0.879608
0.877014
0.874634
0.872437
0.870483
0.868713
0.867157
0.865814
0.864655
0.863708
0.862976
0.862457
0.862152
0.86203
0.862122
0.862396
0.862885
0.863586
0.864471
0.865509
0.86673
0.868195
0.869812
0.871582
0.873535
0.87677
0.87915
0.881622
0.884308
0.887115
0.890045
0.893127
0.896301
0.899628
0.903046
0.906555
0.910217
0.915771
0.919678
0.921631
0.923584
0.931641
0.935791
0.939941
0.944092
0.948242
0.952393
0.958862
0.963257
0.967651
0.972015
0.976166
0.980316
0.984467
0.988617
0.992767
0.996826
1.00073
1.00464
1.00854
1.01404
1.0177
1.02118
1.0246
1.02795
1.03113
1.0343
1.03729
1.04022
1.04306
1.04575
1.0484
1.05084
1.05328
1.05554
1.05774
1.06079
1.06274
1.06451
1.06622
1.06778
1.06924
1.07059
1.07181
1.07294
1.0744
1.07477
1.07584
1.07632
1.07675
1.077
1.07712
1.07712
1.07693
1.07669
1.0762
1.07568
1.07495
1.07413
1.07315
1.07205
1.07083
1.06876
1.06729
1.06561
1.0639
1.06104
1.05908
1.05695
1.05475
1.05255
1.05014
1.0477
1.04404
1.0415
1.03882
1.03613
1.03345
1.03076
1.02808
1.02539
1.02271
1.02002
1.01733
1.01465
1.01196
1.00793
1.00525
1.00256
0.999878
0.997192
0.994507
0.991821
0.987823
0.986603
0.984161
0.980499
0.978058
0.975616
0.973175
0.970917
0.968719
0.966522
0.964325
0.962128
0.960022
0.958069
0.956116
0.954163
0.952209
0.950439
0.94873
0.947021
0.945312
0.943756
0.942291
0.940826
0.939362
0.93811
0.93689
0.935669
0.93454
0.933563
0.932587
0.931641
0.930908
0.930176
0.929474
0.928986
0.928497
0.92807
0.927826
0.927582
0.92749
0.92749
0.92749
0.927734
0.927979
0.928345
0.929077
0.929657
0.930389
0.931122
0.932007
0.932983
0.933472
0.934479
0.935699
0.93692
0.938812
0.939545
0.941742
0.943207
0.944733
0.946442
0.947296
0.94986
0.951569
0.953278
0.954987
0.956696
0.958405
0.960327
0.96228
0.964233
0.966187
0.96814
0.970093
0.972046
0.973877
0.97644
0.978149
0.979004
0.981567
0.983276
0.984985
0.986694
0.988403
0.990112
0.991821
0.993378
0.994843
0.996307
0.998505
0.999969
1.00143
1.00284
1.00406
1.00528
1.0065
1.00772
1.00894
1.01013
1.0116
1.01208
1.01355
1.01453
1.0155
1.0163
1.01703
1.01776
1.01849
1.01923
1.01996
1.02051
1.021
1.02148
1.02197
1.02246
1.02295
1.02325
1.0235
1.02374
1.02399
1.02435
1.0246
1.0246
1.0246
1.0246
1.0246
1.0246
1.0246
1.02441
1.02417
1.02393
1.02368
1.02344
1.02319
1.02295
1.02271
1.02222
1.02173
1.02124
1.02075
1.02026
1.01978
1.01904
1.01855
1.01807
1.01743
1.01669
1.01596
1.01523
1.0145
1.0134
1.01266
1.01193
1.0112
1.01047
1.00974
1.009
1.00827
1.00754
1.00681
1.00607
1.00534
1.00461
1.00388
1.00314
1.00241
1.00168
1.00095
1.00021
0.999481
0.998749
0.998016
0.997284
0.996552
0.995453
0.99472
0.993988
0.993622
0.992523
0.991791
0.991425
0.990326
0.989594
0.989227
0.988129
0.987396
0.986664
0.985931
0.985199
0.984467
0.983734
0.983002
0.982269
0.981537
0.980804
0.97998
0.979492
0.979248
0.97876
0.978271
0.977783
0.977051
0.976807
0.976074
0.975586
0.975342
0.974609
0.974121
0.973633
0.973145
0.972839
0.972595
0.972351
0.972107
0.971863
0.971619
0.971375
0.97113
0.970886
0.970642
0.970398
0.970154
0.96991
0.969818
0.969818
0.969818
0.969818
0.969818
0.969818
0.969818
0.969818
0.969818
0.969818
0.969818
0.969818
0.969818
0.969818
0.970032
0.970398
0.970642
0.970886
0.97113
0.971375
0.971619
0.971863
0.972107
0.972351
0.972595
0.972839
0.973083
0.973328
0.973694
0.973816
0.974182
0.974426
0.97467
0.975037
0.975525
0.976013
0.976501
0.97699
0.977478
0.977966
0.978455
0.978943
0.979431
0.979919
0.980408
0.980896
0.981628
0.981873
0.982605
0.982849
0.983582
0.984314
0.984558
0.985046
0.985535
0.986023
0.986755
0.987244
0.987732
0.98822
0.988708
0.989197
0.989685
0.990173
0.990448
0.990692
0.990936
0.99118
0.991425
0.991669
0.991913
0.992157
0.992523
0.992645
0.992889
0.993256
0.993378
0.993744
0.993866
0.99411
0.994476
0.994598
0.994965
0.995209
0.995331
0.995697
0.995941
0.996185
0.996429
0.996674
0.996918
0.997162
0.997192
0.997192
0.997192
0.997192
0.997192
0.997192
0.997192
0.997192
0.997192
0.997192
0.997192
0.997192
0.997192
0.997192
0.997192
0.997192
0.997192
0.997192
0.997192
0.997192
0.997192
0.997192
0.997192
0.997192
0.997192
0.997192
0.997192
0.997192
0.997192
0.997192
0.997192
0.997192
0.997192
0.997192
0.997192
0.997192
0.997192
0.997192
0.996979
0.996735
0.99649
0.996124
0.996002
0.995758
0.995392
0.99527
0.994904
0.994659
0.994415
0.994171
0.993927
0.993683
0.993439
0.993195
0.99295
0.992706
0.992462
0.992218
0.991974
0.99173
0.991486
0.991241
0.990997
0.990753
0.990509
0.990265
0.990021
0.989777
0.989532
0.989166
0.989044
0.9888
0.988556
0.988312
0.988068
0.987701
0.987579
0.987213
0.987213
0.986877
0.986877
0.986877
0.986877
0.986877
0.986877
0.986877
0.986877
0.986877
0.986877
0.986877
0.986877
0.986877
0.986877
