0
0
0
0
0
0
9.1553e-05
0.000335693
0.00076294
0.00161743
0.00305176
0.00521851
0.00827026
0.0123901
0.0177002
0.0242004
0.0321045
0.0413513
0.052002
0.0640869
0.0775757
0.0924683
0.108734
0.126312
0.15506
0.165253
0.186523
0.22052
0.232361
0.269348
0.282166
0.32196
0.335632
0.377838
0.392273
0.4216
0.451599
0.482147
0.513214
0.544739
0.57663
0.608917
0.641479
0.690765
0.723816
0.757019
0.790222
0.823425
0.856628
0.889709
0.922668
0.955383
0.987823
1.01996
1.05173
1.0831
1.11398
1.14438
1.17419
1.20346
1.23206
1.25998
1.28717
1.3136
1.33923
1.36404
1.38803
1.4111
1.44403
1.45453
1.47479
1.49408
1.52109
1.53778
1.54572
1.56082
1.58142
1.58774
1.60501
1.61511
1.62411
1.63196
1.63867
1.64426
1.64868
1.65201
1.65417
1.65521
1.65515
1.65396
1.6517
1.64835
1.64395
1.63849
1.63202
1.62457
1.61615
1.60675
1.59637
1.58511
1.57297
1.55994
1.54611
1.53146
1.51605
1.49991
1.48306
1.46552
1.44739
1.42862
1.4093
1.38947
1.36914
1.34833
1.32712
1.30551
1.2836
1.26132
1.2388
1.21603
1.19308
1.16995
1.13516
1.12347
1.10004
1.06488
1.04169
1.01849
0.995422
0.972473
0.949768
0.927277
0.90509
0.883209
0.861633
0.840485
0.819702
0.799347
0.779449
0.76004
0.74118
0.722839
0.705078
0.687927
0.671356
0.655457
0.640198
0.62561
0.611725
0.598541
0.58609
0.574371
0.563416
0.553223
0.543793
0.535156
0.527283
0.516998
0.513977
0.506073
0.503845
0.5
0.495728
0.49469
0.492798
0.492523
0.493073
0.494354
0.496399
0.499207
0.502777
0.50708
0.512085
0.517822
0.5242
0.531281
0.539062
0.547394
0.556396
0.565948
0.576111
0.586823
0.598053
0.609833
0.622101
0.634796
0.647949
0.661499
0.675446
0.689758
0.704407
0.719391
0.73465
0.750183
0.765961
0.781921
0.798035
0.822571
0.83075
0.855652
0.863953
0.888855
0.905457
0.922058
0.93866
0.955231
0.971588
0.987885
1.004
1.01993
1.03564
1.05115
1.06638
1.08133
1.09598
1.11029
1.1243
1.13791
1.15118
1.16403
1.17648
1.18851
1.2001
1.21121
1.22705
1.23209
1.24643
1.25534
1.25961
1.26773
1.27533
1.28571
1.2919
1.29755
1.30264
1.30716
1.3111
1.31448
1.31729
1.31952
1.3212
1.32227
1.32278
1.32275
1.32217
1.32101
1.31934
1.31714
1.31439
1.31116
1.30737
1.3031
1.29834
1.29312
1.28745
1.28134
1.27481
1.26785
1.2605
1.25278
1.24463
1.23618
1.22733
1.21817
1.20874
1.19901
1.18903
1.17877
1.16827
1.15756
1.14667
1.13562
1.12439
1.11301
1.10153
1.08997
1.07825
1.06653
1.05481
1.04309
1.03137
1.01965
1.00793
0.996216
0.984619
0.973145
0.961731
0.9505
0.933899
0.928436
0.917694
0.907135
0.891663
0.881653
0.871857
0.867065
0.853027
0.848511
0.835297
0.826874
0.818756
0.811005
0.803558
0.796448
0.789703
0.783295
0.777283
0.771637
0.766388
0.761536
0.75705
0.752991
0.749359
0.746094
0.743256
0.740845
0.7388
0.737213
0.736023
0.735199
0.734833
0.734863
0.73526
0.736084
0.737274
0.738861
0.740845
0.743164
0.744476
0.75235
0.758087
0.762329
0.766876
0.771729
0.776917
0.782379
0.788116
0.794098
0.800323
0.806793
0.813477
0.820374
0.827454
0.834778
0.842255
0.849823
0.857635
0.865479
0.873535
0.881592
0.889832
0.898132
0.906433
0.914734
0.923096
0.931641
0.940186
0.94873
0.957245
0.965546
0.973846
0.982147
0.990448
0.998566
1.00662
1.01459
1.02631
1.03009
1.03766
1.04501
1.05222
1.06268
1.0661
1.07275
1.07922
1.08856
1.09451
1.09744
1.10306
1.11108
1.11615
1.12097
1.12555
1.12988
1.13394
1.13773
1.14127
1.14453
1.14752
1.15018
1.15256
1.15466
1.15646
1.15799
1.15921
1.16013
1.16077
1.1611
1.16116
1.16095
1.16043
1.15964
1.15857
1.15723
1.15561
1.15375
1.15164
1.14926
1.14664
1.14377
1.1391
1.13739
1.13388
1.1282
1.12625
1.11996
1.11557
1.11099
1.10629
1.10141
1.09637
1.09125
1.08594
1.08057
1.07507
1.06946
1.06384
1.05807
1.05222
1.04636
1.0405
1.03464
1.02878
1.02292
1.01706
1.0112
1.00534
0.999481
0.993622
0.987762
0.982147
0.973724
0.970917
0.965485
0.960114
0.952209
0.949646
0.944519
0.939575
0.934692
0.927612
0.925293
0.920746
0.914154
0.910004
0.905884
0.901978
0.898193
0.894531
0.891113
0.887817
0.884674
0.881744
0.879028
0.876465
0.874115
0.871948
0.869995
0.868256
0.86673
0.865387
0.864258
0.863342
0.86261
0.862122
0.861847
0.861755
0.861847
0.862152
0.863007
0.863373
0.864777
0.865967
0.86734
0.868866
0.870575
0.872498
0.874542
0.87674
0.87915
0.881653
0.884338
0.887177
0.890106
0.893219
0.896393
0.89975
0.903168
0.906708
0.91037
0.914032
0.917938
0.921844
0.925751
0.931885
0.93396
0.93811
0.942261
0.946411
0.95282
0.957214
0.959412
0.963806
0.968201
0.974792
0.978973
0.981049
0.987274
0.991425
0.995575
0.999512
1.00342
1.00732
1.01108
1.01474
1.0184
1.02185
1.02527
1.02859
1.03177
1.03494
1.0379
1.04083
1.04364
1.04633
1.04898
1.05142
1.05386
1.05609
1.05829
1.06033
1.06229
1.06412
1.06583
1.06744
1.06891
1.07031
1.07153
1.07269
1.07367
1.07458
1.07532
1.07596
1.07645
1.0769
1.07703
1.07706
1.0769
1.07678
1.0762
1.07571
1.07498
1.07419
1.07321
1.07214
1.07092
1.06961
1.06815
1.06662
1.06491
1.0632
1.06125
1.0593
1.05722
1.05502
1.05283
1.05051
1.04807
1.04562
1.04318
1.04068
1.03799
1.03531
1.03262
1.02994
1.02725
1.02457
1.02188
1.0192
1.01651
1.01382
1.01114
1.00845
1.00577
1.00308
1.0004
0.997711
0.995026
0.99234
0.989716
0.987274
0.984833
0.982391
0.97995
0.977509
0.975067
0.972748
0.970551
0.968353
0.966156
0.963959
0.961761
0.959808
0.957855
0.955902
0.953949
0.952057
0.950348
0.948639
0.94693
0.945221
0.943756
0.941559
0.940826
0.939392
0.938171
0.936951
0.93515
0.934662
0.933197
0.932709
0.931793
0.930695
0.929962
0.929382
0.928894
0.928406
0.928101
0.927856
0.927612
0.927612
0.927612
0.927734
0.927979
0.928223
0.92868
0.929169
0.929718
0.93045
0.931183
0.932037
0.933014
0.934479
0.935089
0.93631
0.937531
0.938782
0.940979
0.941711
0.943176
0.945526
0.947235
0.948944
0.950653
0.952362
0.954071
0.95578
0.957489
0.959259
0.961212
0.963165
0.965118
0.967072
0.969025
0.970978
0.972931
0.97467
0.976379
0.978088
0.979797
0.981506
0.983215
0.984924
0.986633
0.988342
0.990051
0.992584
0.993317
0.994781
0.996246
0.997711
0.999908
1.00064
1.00211
1.00339
1.00461
1.00644
1.00705
1.00888
1.00949
1.01105
1.01202
1.01251
1.01398
1.01447
1.0159
1.01663
1.01736
1.0181
1.01883
1.01956
1.02023
1.02072
1.02121
1.0217
1.02219
1.02267
1.02313
1.02338
1.02362
1.02386
1.02411
1.02435
1.0246
1.0246
1.0246
1.0246
1.0246
1.0246
1.0246
1.02454
1.02417
1.02393
1.0238
1.02356
1.02319
1.02295
1.02267
1.02219
1.0217
1.02121
1.02072
1.02023
1.01974
1.01926
1.01877
1.01828
1.01776
1.01703
1.0163
1.01556
1.01483
1.0141
1.01337
1.01263
1.0119
1.01117
1.01044
1.0097
1.00897
1.00824
1.00751
1.00677
1.00604
1.00531
1.00458
1.00385
1.00311
1.00238
1.00165
1.00055
1.00018
0.999451
0.998718
0.997986
0.996887
0.996521
0.995422
0.99469
0.993958
0.993225
0.992493
0.99176
0.991028
0.990295
0.989563
0.988831
0.988098
0.987366
0.986633
0.985901
0.985168
0.984436
0.983704
0.982971
0.982239
0.981506
0.980774
0.980103
0.979614
0.979126
0.978638
0.978149
0.977661
0.977173
0.976685
0.976196
0.975708
0.97522
0.974731
0.973999
0.973755
0.973267
0.972839
0.972473
0.972229
0.971985
0.971741
0.971497
0.971252
0.971008
0.971008
0.970642
0.970154
0.96991
0.969757
0.969757
0.969757
0.969757
0.969757
0.969757
0.969757
0.969757
0.969757
0.969757
0.969757
0.969757
0.969757
0.969757
0.969879
0.970245
0.97049
0.970612
0.970856
0.9711
0.971222
0.971588
0.971832
0.972198
0.972443
0.972687
0.972809
0.973175
0.973419
0.973541
0.973907
0.974152
0.974396
0.97464
0.975006
0.975494
0.975983
0.976471
0.976959
0.977448
0.977936
0.978424
0.978912
0.979401
0.979889
0.980377
0.980865
0.981354
0.981842
0.98233
0.982819
0.983307
0.983795
0.984283
0.984772
0.985504
0.985992
0.986481
0.986969
0.987457
0.987946
0.988434
0.988922
0.98941
0.989899
0.990265
0.990509
0.990753
0.990997
0.991241
0.991486
0.99173
0.991974
0.992218
0.992462
0.992706
0.99295
0.993195
0.993439
0.993683
0.993927
0.994171
0.994415
0.994659
0.994904
0.995148
0.995392
0.995636
0.99588
0.996246
0.996368
0.996735
0.996979
0.997101
0.997101
0.997101
0.997101
0.997101
0.997101
0.997101
0.997101
0.997101
0.997101
0.997101
0.997101
0.997101
0.997101
0.997101
0.997101
0.997101
0.997101
0.997101
0.997101
0.997101
0.997101
0.997101
0.997101
0.997101
0.997101
0.997101
0.997101
0.997101
0.997101
0.997101
0.997101
0.997101
0.997101
0.997101
0.997101
0.997101
0.997101
0.996887
0.996643
0.996399
0.996155
0.995911
0.995667
0.995422
0.995178
0.994934
0.99469
0.994568
0.993958
0.993713
0.993469
0.993103
0.992981
0.992615
0.992493
0.992249
0.991882
0.991638
0.991516
0.99115
0.990906
0.990662
0.990417
0.990173
0.989929
0.989685
0.989441
0.989197
0.988953
0.988708
0.988464
0.98822
0.987976
0.987732
0.987488
0.987244
0.987
0.986847
0.986847
0.986847
0.986847
