0
0
0
0
0
0
0
0.000427246
0.00109863
0.00234985
0.00430298
0.0071106
0.0109253
0.0158386
0.0219727
0.0294189
0.0431519
0.0540466
0.0663452
0.0800476
0.0950928
0.111542
0.129272
0.148285
0.168518
0.201019
0.22403
0.248077
0.273102
0.299042
0.325836
0.353424
0.381775
0.410858
0.440582
0.486237
0.517334
0.548889
0.580841
0.61319
0.645813
0.678711
0.711792
0.744995
0.778198
0.811401
0.844604
0.877808
0.910858
0.943726
0.976349
1.0087
1.05655
1.08792
1.1188
1.1492
1.16418
1.20831
1.23691
1.26483
1.29202
1.31845
1.34409
1.3689
1.39282
1.41589
1.43799
1.4592
1.47946
1.49875
1.51694
1.53415
1.55029
1.56543
1.58606
1.59848
1.6098
1.62003
1.63327
1.64069
1.647
1.65216
1.65622
1.65915
1.66095
1.66165
1.66122
1.65973
1.65714
1.65347
1.64874
1.64301
1.6362
1.62411
1.61484
1.60464
1.59354
1.58151
1.56863
1.5549
1.54034
1.52502
1.50894
1.49213
1.47467
1.4657
1.43781
1.41849
1.39862
1.37823
1.35739
1.33612
1.31448
1.28134
1.27011
1.24753
1.2247
1.20169
1.1669
1.14349
1.13177
1.09662
1.07318
1.04974
1.02655
1.00339
0.980438
0.957703
0.935181
0.901947
0.880157
0.858765
0.837677
0.817047
0.796844
0.777069
0.767365
0.738983
0.720734
0.703064
0.685974
0.669495
0.653656
0.638489
0.616943
0.603455
0.590668
0.578613
0.567322
0.556763
0.546997
0.538025
0.529816
0.5224
0.515747
0.507294
0.502655
0.49881
0.497192
0.49353
0.492706
0.491394
0.491486
0.492371
0.494019
0.49646
0.501495
0.505768
0.510773
0.516479
0.522858
0.529938
0.53772
0.546112
0.555115
0.564728
0.574921
0.585663
0.596954
0.608734
0.621063
0.63382
0.647034
0.660675
0.674713
0.689117
0.703888
0.726624
0.734314
0.757874
0.773865
0.790039
0.806396
0.822906
0.831207
0.856171
0.873016
0.889862
0.906708
0.923553
0.940247
0.956848
0.97345
0.989807
1.00604
1.02213
1.03799
1.05362
1.06897
1.08405
1.10608
1.11328
1.12738
1.14114
1.15448
1.1738
1.18002
1.19809
1.20389
1.22058
1.23114
1.24118
1.2507
1.25974
1.26822
1.27997
1.28711
1.2937
1.29974
1.30521
1.31012
1.31445
1.31821
1.31989
1.32407
1.32611
1.32761
1.32855
1.32889
1.32867
1.32791
1.32663
1.32477
1.32239
1.31946
1.31604
1.31207
1.30762
1.30267
1.29727
1.29141
1.2851
1.27835
1.27118
1.25974
1.25571
1.24738
1.23871
1.22968
1.21558
1.21069
1.20078
1.19058
1.17484
1.16409
1.15311
1.14194
1.13068
1.1192
1.1077
1.09598
1.08426
1.07254
1.06079
1.04883
1.03693
1.02521
1.01349
1.00177
0.990082
0.978607
0.967133
0.955902
0.944763
0.933777
0.923004
0.912415
0.902008
0.891815
0.876984
0.872131
0.862671
0.853455
0.840118
0.831604
0.823395
0.815491
0.807892
0.800659
0.793732
0.787201
0.781006
0.775177
0.769714
0.764679
0.757812
0.753754
0.750092
0.746826
0.743988
0.741547
0.739502
0.737885
0.736237
0.73587
0.735474
0.735596
0.736206
0.737213
0.738556
0.740295
0.742401
0.744904
0.747742
0.750946
0.754486
0.760437
0.764801
0.769501
0.774506
0.779785
0.785339
0.791168
0.797272
0.803619
0.810211
0.817017
0.827576
0.831238
0.838593
0.846161
0.857819
0.865753
0.87381
0.881958
0.890259
0.89856
0.906982
0.915527
0.928345
0.932617
0.945435
0.949707
0.962524
0.971069
0.979553
0.987854
0.996155
1.00436
1.01242
1.02039
1.0282
1.03583
1.04333
1.05066
1.05777
1.06815
1.0715
1.07809
1.08444
1.09061
1.09952
1.10236
1.10791
1.11325
1.11835
1.12552
1.12781
1.13217
1.13626
1.14191
1.14536
1.1485
1.15134
1.1539
1.15619
1.15906
1.16061
1.1619
1.16284
1.16351
1.16388
1.16397
1.16379
1.16333
1.16257
1.16153
1.16022
1.15863
1.15677
1.15466
1.15231
1.14972
1.14688
1.1438
1.14047
1.13693
1.13318
1.12924
1.12509
1.12073
1.11621
1.11154
1.10666
1.10165
1.0939
1.08853
1.08307
1.07745
1.07184
1.06598
1.06012
1.05426
1.04825
1.04214
1.03604
1.02994
1.02383
1.01773
1.01163
1.00552
0.99942
0.993317
0.987457
0.981598
0.975739
0.970032
0.964417
0.958801
0.95343
0.948059
0.942841
0.937714
0.932709
0.927826
0.923065
0.916138
0.911743
0.90744
0.90329
0.899292
0.895416
0.891754
0.888275
0.884949
0.881775
0.878845
0.876099
0.873535
0.871185
0.869019
0.867065
0.865356
0.863831
0.862518
0.86142
0.860535
0.859833
0.859344
0.8591
0.859039
0.859192
0.859528
0.860443
0.860809
0.861786
0.862946
0.864258
0.866608
0.868378
0.870331
0.872498
0.874786
0.877228
0.879883
0.882629
0.885559
0.888611
0.893402
0.89682
0.900269
0.903931
0.907593
0.911438
0.915344
0.91925
0.925476
0.927551
0.931702
0.93808
0.940277
0.946869
0.951263
0.955658
0.960052
0.964447
0.968842
0.975433
0.979828
0.984222
0.988617
0.992828
0.996979
1.00113
1.00525
1.00916
1.01306
1.01691
1.02057
1.02423
1.02945
1.03287
1.03613
1.03931
1.04242
1.04535
1.04828
1.05096
1.05365
1.05618
1.05984
1.06204
1.06424
1.06625
1.06821
1.06998
1.07169
1.07324
1.07471
1.07599
1.07721
1.07822
1.07919
1.07993
1.0806
1.08109
1.08145
1.0817
1.08173
1.08167
1.08142
1.08105
1.08057
1.07986
1.0791
1.07812
1.07709
1.07587
1.07455
1.07309
1.0715
1.06979
1.06702
1.06604
1.06406
1.06186
1.05853
1.05609
1.05365
1.05115
1.04846
1.04578
1.04309
1.04037
1.03745
1.03452
1.03159
1.02866
1.02573
1.0228
1.01987
1.01694
1.01401
1.01108
1.00815
1.00522
1.00229
0.997894
0.994965
0.992218
0.989532
0.986847
0.984161
0.981476
0.97879
0.976196
0.973755
0.971313
0.968872
0.966431
0.96405
0.961853
0.959656
0.957458
0.954224
0.952271
0.950317
0.948364
0.946442
0.944733
0.943024
0.941315
0.939697
0.938232
0.936035
0.934662
0.933441
0.93222
0.931061
0.930084
0.929108
0.928192
0.92746
0.926727
0.925873
0.925385
0.924988
0.924744
0.9245
0.924469
0.924469
0.924591
0.924835
0.92511
0.925598
0.926086
0.926758
0.92749
0.928253
0.92923
0.930206
0.931305
0.932526
0.933746
0.93512
0.936584
0.938049
0.939575
0.941284
0.942993
0.945557
0.946442
0.948395
0.950348
0.953278
0.955231
0.956207
0.959137
0.96109
0.962067
0.964996
0.965973
0.970856
0.972809
0.974762
0.976715
0.978668
0.980621
0.982574
0.984528
0.986481
0.988434
0.990204
0.991913
0.993622
0.995331
0.99704
0.998749
1.00046
1.00192
1.00339
1.00485
1.00632
1.00778
1.00919
1.01041
1.01163
1.01285
1.01407
1.01529
1.01633
1.0173
1.01828
1.01926
1.02023
1.02112
1.02185
1.02258
1.02332
1.02405
1.02478
1.0253
1.02579
1.02628
1.02676
1.02725
1.02765
1.02789
1.02814
1.02838
1.02863
1.02887
1.02896
1.02896
1.02896
1.02896
1.02896
1.02896
1.02872
1.02859
1.02835
1.02811
1.02774
1.0275
1.02719
1.0267
1.02621
1.02573
1.02524
1.02475
1.02426
1.02353
1.02325
1.02252
1.02179
1.02106
1.01996
1.01959
1.01886
1.01776
1.0174
1.0163
1.01556
1.01483
1.0141
1.01331
1.01233
1.01135
1.01038
1.0094
1.00842
1.00745
1.00598
1.005
1.00403
1.00305
1.00208
1.0011
1.00012
0.999146
0.998169
0.997192
0.996216
0.995239
0.993774
0.992798
0.991821
0.990845
0.989899
0.989166
0.988434
0.987701
0.986969
0.986237
0.985504
0.984772
0.983673
0.983307
0.982574
0.981842
0.980743
0.980377
0.979645
0.978912
0.97818
0.977448
0.976807
0.976074
0.97583
0.975098
0.974609
0.974121
0.973633
0.973145
0.972656
0.972168
0.97168
0.971191
0.970612
0.97049
0.970245
0.969879
0.969757
0.969391
0.969147
0.968903
0.968658
0.968414
0.96817
0.967987
0.967987
0.967987
0.967987
0.967987
0.967987
0.967987
0.967987
0.967987
0.967987
0.967987
0.967987
0.96814
0.968384
0.968628
0.968872
0.969238
0.96936
0.969727
0.969971
0.970215
0.970459
0.970703
0.970947
0.971191
0.971436
0.97168
0.972198
0.972687
0.973175
0.973663
0.974152
0.97464
0.975128
0.975861
0.976105
0.976593
0.977325
0.97757
0.978058
0.97879
0.979034
0.979523
0.980255
0.980499
0.981232
0.981476
0.982208
0.982697
0.983185
0.983673
0.984161
0.98465
0.985138
0.985626
0.986115
0.986603
0.987335
0.987823
0.988312
0.9888
0.989044
0.989777
0.990265
0.990753
0.991241
0.99173
0.992218
0.992676
0.99292
0.993286
0.993408
0.993774
0.993896
0.994263
0.994507
0.994629
0.994995
0.995117
0.995483
0.995605
0.995972
0.996216
0.99646
0.996704
0.996948
0.997192
0.997437
0.997681
0.997925
0.998169
0.998413
0.998657
0.998718
0.998718
0.998718
0.998718
0.998718
0.998718
0.998718
0.998718
0.998718
0.998718
0.998718
0.998718
0.998718
0.998718
0.998718
0.998718
0.998718
0.998718
0.998718
0.998718
0.998718
0.998718
0.998718
0.998718
0.998718
0.998718
0.998718
0.998718
0.998718
0.998718
0.998718
0.998718
0.998535
0.998291
0.998047
0.997803
0.997559
0.997314
0.99707
0.996826
0.996582
0.996338
0.996094
0.99585
0.995605
0.995361
0.995117
0.994873
0.994629
0.994385
0.994141
0.993896
0.993652
0.993408
0.993164
0.99292
0.992676
0.992432
0.992188
0.991821
0.991699
0.991333
0.991211
0.990967
0.990601
0.990356
0.990112
0.989868
0.989624
0.98938
0.989136
0.988892
0.988647
0.988403
0.988159
0.987915
0.987671
0.987427
0.987183
0.986938
0.986694
0.986542
0.986542
0.986542
0.986542
0.986542
0.986542
0.986542
0.986542
0.986542
0.986542
0.986542
0.986542
0.986542
0.986542
0.986542
0.986542
0.986542
