0
0
0
0
0
0
0.000366211
0.000488281
0.000976562
0.00256348
0.00338745
0.00564575
0.00881958
0.015564
0.0215759
0.0289001
0.0375671
0.0476379
0.0591125
0.071991
0.0863037
0.10199
0.118988
0.137299
0.15686
0.177582
0.199463
0.222412
0.246338
0.27124
0.297089
0.323792
0.351288
0.379547
0.408478
0.438049
0.46817
0.49881
0.545654
0.561462
0.593323
0.625488
0.674164
0.690521
0.723236
0.755981
0.78894
0.838043
0.870758
0.887024
0.919464
0.967621
0.999359
1.03073
1.06171
1.09222
1.12225
1.15173
1.18063
1.20892
1.23654
1.26343
1.28958
1.31494
1.33948
1.36319
1.38602
1.40793
1.42892
1.44894
1.46799
1.48605
1.50314
1.51917
1.53418
1.54813
1.56104
1.57288
1.58362
1.59329
1.60187
1.60934
1.61572
1.621
1.62518
1.6283
1.63031
1.63126
1.63113
1.62894
1.62616
1.62238
1.61761
1.61179
1.60498
1.59729
1.58862
1.57901
1.56851
1.55716
1.54498
1.53198
1.51822
1.50366
1.48053
1.4642
1.44727
1.42972
1.41162
1.39297
1.37381
1.35419
1.33414
1.31372
1.29291
1.27179
1.2504
1.22876
1.20694
1.18497
1.16278
1.14056
1.11835
1.09598
1.07361
1.05139
1.02917
1.00702
0.974091
0.963226
0.930878
0.920258
0.899139
0.868073
0.85788
0.827881
0.80838
0.789307
0.770691
0.752563
0.734955
0.717896
0.701385
0.685486
0.670135
0.655457
0.641418
0.628021
0.615295
0.603302
0.59201
0.581421
0.571564
0.562469
0.554108
0.546509
0.539673
0.53363
0.52832
0.523773
0.52002
0.517029
0.514801
0.513336
0.512634
0.512695
0.513489
0.515015
0.517273
0.522034
0.523956
0.528351
0.533447
0.539185
0.549011
0.556366
0.560242
0.572845
0.58194
0.591583
0.601776
0.612457
0.623627
0.635254
0.647339
0.659821
0.672668
0.685913
0.699493
0.713348
0.727539
0.741974
0.756622
0.771515
0.794159
0.809448
0.824829
0.840271
0.855896
0.871521
0.887146
0.902771
0.918396
0.934021
0.949402
0.964783
0.980011
0.995148
1.01004
1.02475
1.03925
1.06055
1.0675
1.08795
1.09464
1.10773
1.12674
1.1329
1.14496
1.15662
1.16791
1.18405
1.19427
1.20404
1.21338
1.22223
1.23059
1.23846
1.24585
1.25275
1.25916
1.26505
1.27042
1.27527
1.2796
1.28342
1.28671
1.28946
1.29263
1.29343
1.29504
1.29532
1.29541
1.2948
1.2937
1.29211
1.29114
1.28748
1.28442
1.28091
1.27695
1.27252
1.26767
1.26242
1.25671
1.25064
1.24417
1.23734
1.23013
1.22263
1.21475
1.20657
1.19812
1.18939
1.18042
1.17117
1.16171
1.15204
1.14221
1.1322
1.12198
1.11172
1.10123
1.09073
1.07474
1.06937
1.05862
1.04788
1.03714
1.02103
1.01028
0.999542
0.989014
0.978516
0.962982
0.957855
0.947723
0.937714
0.927948
0.913544
0.908844
0.89505
0.890533
0.881683
0.868835
0.860565
0.852539
0.844788
0.837311
0.830109
0.823212
0.81662
0.810364
0.801575
0.796112
0.791016
0.786255
0.78186
0.777832
0.77417
0.770874
0.767944
0.764252
0.763184
0.761353
0.759918
0.758423
0.758118
0.757751
0.757751
0.758118
0.75882
0.759888
0.762146
0.764038
0.766296
0.76886
0.773315
0.776672
0.780334
0.784302
0.788544
0.79306
0.797821
0.802856
0.808136
0.813629
0.819336
0.825256
0.83136
0.837708
0.844208
0.854248
0.861084
0.868164
0.875244
0.882568
0.889893
0.897308
0.908661
0.912445
0.920013
0.931366
0.938934
0.946503
0.954071
0.961639
0.969208
0.976776
0.984283
0.991608
0.998932
1.00607
1.01315
1.02005
1.02686
1.03345
1.03989
1.0462
1.05231
1.05823
1.064
1.06961
1.07764
1.0802
1.08524
1.09009
1.09473
1.09915
1.10339
1.10742
1.11307
1.11652
1.11816
1.12274
1.12549
1.12799
1.13025
1.13223
1.13397
1.13544
1.13666
1.1376
1.13831
1.13873
1.13892
1.13885
1.13855
1.13797
1.13715
1.13611
1.13483
1.13245
1.13058
1.12961
1.12741
1.12372
1.12103
1.11957
1.11658
1.11172
1.10831
1.10464
1.10086
1.09695
1.09283
1.08865
1.08426
1.07983
1.0752
1.07056
1.06573
1.06085
1.05597
1.05093
1.04581
1.04068
1.03555
1.03043
1.02274
1.02017
1.01505
1.00992
1.00223
0.997101
0.991974
0.986847
0.981842
0.976959
0.969635
0.964874
0.960236
0.955597
0.951111
0.946716
0.942322
0.938171
0.934021
0.929993
0.926086
0.922241
0.918579
0.914948
0.91153
0.908142
0.904968
0.901886
0.898956
0.89621
0.893585
0.891144
0.888885
0.885773
0.884796
0.882202
0.88147
0.880035
0.878296
0.877808
0.876953
0.876007
0.87558
0.875336
0.875336
0.875488
0.875763
0.876251
0.876923
0.877747
0.878723
0.879913
0.881226
0.88269
0.884338
0.886078
0.888031
0.890076
0.892273
0.894623
0.898315
0.901001
0.902344
0.905151
0.909546
0.911011
0.915771
0.918945
0.920563
0.92569
0.929108
0.932526
0.936157
0.939819
0.943481
0.947144
0.950806
0.954468
0.95813
0.961792
0.965454
0.969116
0.972778
0.97644
0.980103
0.983765
0.987244
0.990662
0.99408
0.997498
1.00076
1.00394
1.00711
1.01019
1.01312
1.01605
1.01892
1.02295
1.02429
1.02689
1.02933
1.03177
1.03406
1.03625
1.03845
1.04044
1.04337
1.04517
1.04688
1.04858
1.04935
1.05154
1.05295
1.05417
1.05539
1.05643
1.0574
1.05835
1.05908
1.05981
1.06039
1.06088
1.06134
1.06158
1.06183
1.06192
1.06192
1.06189
1.06165
1.0614
1.06104
1.06055
1.06006
1.05936
1.05862
1.05789
1.05643
1.05545
1.05435
1.05313
1.05191
1.05066
1.04919
1.04773
1.04626
1.04477
1.04221
1.04135
1.03964
1.03793
1.03622
1.03329
1.03232
1.02939
1.02744
1.02548
1.02353
1.02158
1.01962
1.01767
1.01474
1.01279
1.01181
1.00986
1.00693
1.00497
1.00302
1.00107
0.999115
0.997162
0.995209
0.993256
0.991302
0.989349
0.987396
0.984467
0.982513
0.980682
0.978973
0.977264
0.974701
0.972992
0.971283
0.969574
0.967865
0.96637
0.964905
0.96344
0.961243
0.959778
0.959045
0.957062
0.955841
0.95462
0.9534
0.952179
0.951019
0.950043
0.949066
0.94809
0.947113
0.946198
0.945465
0.944733
0.944
0.943268
0.942474
0.94223
0.941742
0.94101
0.940857
0.940613
0.940247
0.940002
0.93988
0.93988
0.93988
0.93988
0.939941
0.940186
0.94043
0.940674
0.940918
0.941315
0.941803
0.942291
0.94278
0.943268
0.943909
0.944641
0.945374
0.946106
0.946838
0.947571
0.948486
0.949463
0.950439
0.951416
0.952393
0.953369
0.954346
0.955322
0.957031
0.958252
0.959473
0.960693
0.961914
0.963135
0.964355
0.965576
0.966797
0.968018
0.969238
0.970459
0.97168
0.9729
0.974121
0.975342
0.977173
0.977783
0.979004
0.980225
0.982056
0.983276
0.983887
0.985596
0.986084
0.987549
0.988525
0.989502
0.990479
0.991455
0.992432
0.993408
0.994385
0.995361
0.996155
0.997253
0.997986
0.998718
0.999451
1.00018
1.00092
1.00165
1.00235
1.00284
1.00333
1.00406
1.0043
1.00479
1.00552
1.00577
1.0065
1.00687
1.00711
1.00735
1.0076
1.00784
1.00809
1.00833
1.00858
1.00882
1.00906
1.00912
1.00912
1.00912
1.00912
1.00912
1.00912
1.00912
1.00912
1.00912
1.00912
1.00912
1.00897
1.00873
1.00848
1.00824
1.008
1.00775
1.00751
1.00726
1.00702
1.00677
1.00653
1.00616
1.00592
1.00568
1.00543
1.00507
1.00458
1.00409
1.0036
1.00311
1.00262
1.00238
1.00165
1.00116
1.00067
1.00018
0.999451
0.998962
0.998718
0.997986
0.997498
0.997009
0.996521
0.996033
0.995544
0.995056
0.994568
0.99408
0.993591
0.993103
0.992615
0.992126
0.991638
0.99115
0.990662
0.990173
0.989929
0.988708
0.98822
0.987732
0.987244
0.986755
0.986267
0.985779
0.985291
0.984802
0.98407
0.983582
0.983093
0.982605
0.982117
0.981628
0.98114
0.980652
0.980347
0.980225
0.97998
0.979736
0.979492
0.979126
0.978882
0.978638
0.978394
0.978271
0.977905
0.977661
0.977417
0.977173
0.976929
0.976685
0.97644
0.976196
0.975952
0.975708
0.975464
0.97522
0.97522
0.97522
0.97522
0.97522
0.97522
0.97522
0.97522
0.97522
0.97522
0.97522
0.97522
0.97522
0.97522
0.97522
0.97522
0.97522
0.97522
0.97522
0.97522
0.97522
0.97522
0.975464
0.975708
0.975952
0.976196
0.97644
0.976685
0.976929
0.977295
0.977539
0.977783
0.978027
0.978271
0.978516
0.97876
0.979004
0.979248
0.979492
0.979736
0.97998
0.980225
0.980469
0.980713
0.981079
0.981201
0.981445
0.981689
0.981934
0.9823
0.982422
0.982666
0.98291
0.983276
0.983521
0.983765
0.983887
0.984253
0.984497
0.984741
0.984985
0.985229
0.985474
0.985718
0.986084
0.986206
0.986572
0.986816
0.987061
0.987305
0.987549
0.987793
0.988037
0.988403
0.988647
0.98877
0.989136
0.98938
0.989624
0.989868
0.990112
0.990479
0.990723
0.990967
0.991211
0.991455
0.991699
0.991943
0.992188
0.992432
0.992676
0.99292
0.993164
0.993317
0.993317
0.993317
0.993317
0.993317
0.993317
0.993317
0.993317
0.993317
0.993317
0.993317
0.993317
0.993317
0.993317
0.993317
0.993317
0.993317
0.993317
0.993317
0.993317
0.993317
0.993317
0.993317
0.993317
0.993317
0.993317
0.993317
0.993317
0.993317
0.993317
0.993317
0.993317
0.993317
0.993317
0.993317
0.993317
0.993317
0.993317
0.993317
0.993317
0.993317
0.993317
0.993317
0.993317
0.993317
0.993317
0.993317
0.993317
0.993317
0.993317
0.993317
0.993317
0.993317
0.993317
0.993317
0.993317
0.993317
0.993317
0.993317
0.993317
0.993317
0.993317
0.993317
0.993317
0.993317
0.993317
0.993317
0.993317
0.993317
0.993317
0.993317
0.993317
0.993317
0.993317
0.993317
0.993317
0.993317
0.993317
0.993317
