0
0
0
0
0
0.000152588
0.000396728
0.000762939
0.00143433
0.00262451
0.00448608
0.00888062
0.013092
0.0184937
0.025177
0.0331421
0.042511
0.0533142
0.0655212
0.0791321
0.0941467
0.119171
0.137482
0.157043
0.177795
0.199707
0.222656
0.246674
0.271667
0.297546
0.32428
0.365845
0.39444
0.423706
0.453552
0.483948
0.514832
0.546112
0.577759
0.609741
0.641998
0.674469
0.707123
0.739838
0.772552
0.821625
0.85434
0.886963
0.919434
0.95166
0.983612
1.01526
1.04654
1.07739
1.10779
1.15234
1.18137
1.19562
1.22366
1.26443
1.27768
1.31619
1.34088
1.36469
1.38763
1.40967
1.43079
1.45093
1.47009
1.48822
1.50531
1.52136
1.53635
1.55026
1.56305
1.57477
1.58536
1.59485
1.60321
1.61047
1.61661
1.62164
1.62555
1.62836
1.63007
1.63068
1.63019
1.62866
1.6261
1.62244
1.6178
1.61218
1.60559
1.59802
1.58948
1.57999
1.56961
1.55835
1.54626
1.53339
1.51971
1.50525
1.49008
1.46597
1.45761
1.43164
1.42267
1.40433
1.37585
1.35626
1.33624
1.31583
1.29501
1.2739
1.2525
1.23087
1.20901
1.18704
1.16483
1.14261
1.12039
1.09818
1.07596
1.05374
1.03152
1.00952
0.98764
0.965942
0.944489
0.923309
0.902435
0.871704
0.861633
0.832001
0.822357
0.803375
0.775757
0.757965
0.740692
0.723999
0.707855
0.692291
0.677368
0.663025
0.649323
0.636292
0.623962
0.606689
0.601288
0.591003
0.581451
0.568451
0.560699
0.55368
0.547394
0.544525
0.537079
0.533051
0.529755
0.527222
0.525421
0.524384
0.524078
0.524506
0.526489
0.528717
0.531647
0.535278
0.539551
0.544464
0.550049
0.556274
0.563141
0.570618
0.578674
0.58728
0.596436
0.60614
0.616333
0.638153
0.64975
0.661743
0.674133
0.68692
0.700043
0.720367
0.727295
0.748413
0.755615
0.777466
0.792297
0.807251
0.822388
0.837524
0.852905
0.875977
0.891357
0.906738
0.922119
0.937469
0.952606
0.967743
0.982666
0.997498
1.01938
1.03372
1.04782
1.06168
1.07526
1.08856
1.10156
1.1142
1.12653
1.13852
1.15576
1.16678
1.1774
1.18759
1.19736
1.20667
1.21552
1.22388
1.23175
1.23914
1.24603
1.25244
1.25836
1.26373
1.27087
1.27496
1.27856
1.28162
1.28415
1.28616
1.28769
1.28867
1.28915
1.28915
1.2886
1.28757
1.28604
1.28403
1.28156
1.27698
1.27335
1.26929
1.26477
1.25986
1.25452
1.24878
1.24265
1.23618
1.22934
1.22214
1.21463
1.20679
1.19867
1.19028
1.18161
1.1727
1.16354
1.15417
1.13974
1.13486
1.11993
1.11493
1.09958
1.08929
1.0788
1.0683
1.0578
1.0473
1.0368
1.02631
1.01581
1.00531
0.994812
0.984467
0.974213
0.96405
0.954041
0.944214
0.929749
0.920319
0.911072
0.902039
0.893219
0.884613
0.876221
0.868073
0.860168
0.848785
0.845123
0.838013
0.831207
0.821533
0.815491
0.809753
0.804321
0.799255
0.794495
0.7901
0.786041
0.782318
0.778992
0.77597
0.773346
0.771057
0.769165
0.767609
0.765961
0.76532
0.765137
0.765106
0.765503
0.766266
0.767365
0.768768
0.770538
0.772614
0.774994
0.776337
0.780762
0.784088
0.787689
0.79364
0.795746
0.800171
0.80484
0.809753
0.817596
0.82309
0.828766
0.831696
0.840729
0.846985
0.853333
0.859924
0.866577
0.873413
0.88028
0.88736
0.89444
0.90155
0.908875
0.916199
0.927185
0.934509
0.941833
0.949158
0.956482
0.963806
0.97113
0.978394
0.985474
0.992554
0.999573
1.00641
1.01324
1.01984
1.02637
1.03271
1.03891
1.04501
1.05087
1.05658
1.06216
1.06754
1.07272
1.07773
1.08258
1.08722
1.09164
1.09589
1.1019
1.10562
1.10913
1.11243
1.11551
1.11835
1.12094
1.12329
1.1254
1.12726
1.12888
1.13022
1.13132
1.13217
1.13278
1.13315
1.13327
1.13312
1.13275
1.13214
1.13129
1.13019
1.12888
1.12735
1.12561
1.12366
1.12146
1.11905
1.11646
1.11224
1.10919
1.10602
1.1026
1.09906
1.0954
1.09152
1.08759
1.08344
1.07925
1.07486
1.07047
1.06586
1.06122
1.05658
1.0517
1.04681
1.04193
1.03461
1.0321
1.02698
1.02185
1.01672
1.0116
1.00403
1.00159
0.996704
0.991821
0.986938
0.982056
0.977356
0.972717
0.965759
0.961334
0.95694
0.952545
0.948364
0.944214
0.940125
0.936218
0.932312
0.928589
0.924927
0.919647
0.916229
0.913025
0.909851
0.906921
0.904053
0.901367
0.898834
0.896393
0.894196
0.892151
0.890228
0.888519
0.886993
0.88562
0.883881
0.882904
0.882172
0.881592
0.881165
0.88092
0.88089
0.881104
0.881439
0.881927
0.88266
0.883484
0.88446
0.885651
0.886932
0.888397
0.890015
0.891724
0.893616
0.896667
0.898865
0.901184
0.903625
0.906128
0.910156
0.912933
0.915863
0.918793
0.921875
0.925049
0.928223
0.931396
0.934814
0.938232
0.94165
0.945068
0.948486
0.953613
0.957245
0.960907
0.964569
0.96817
0.971588
0.975006
0.978424
0.981842
0.986969
0.990356
0.99353
0.996704
0.999878
1.00296
1.00589
1.00882
1.01169
1.01437
1.01706
1.0209
1.02335
1.02579
1.02805
1.03024
1.03244
1.03442
1.03638
1.03833
1.04004
1.04175
1.04343
1.04489
1.04636
1.04773
1.04895
1.05017
1.05173
1.05222
1.05319
1.05429
1.05502
1.05557
1.05606
1.05652
1.05676
1.05701
1.05716
1.05716
1.05716
1.05701
1.05676
1.0563
1.05582
1.05533
1.05475
1.05402
1.05328
1.05249
1.05151
1.05054
1.04956
1.0484
1.04657
1.04535
1.04407
1.0426
1.04114
1.03967
1.03821
1.03668
1.03497
1.03326
1.0307
1.02985
1.02728
1.02557
1.02386
1.022
1.02005
1.0181
1.01614
1.01419
1.01224
1.01028
1.00833
1.00638
1.00443
1.0015
0.999542
0.997589
0.995636
0.993744
0.992035
0.990326
0.987762
0.986053
0.984344
0.982635
0.980927
0.979218
0.977509
0.9758
0.974243
0.972778
0.971313
0.969116
0.967651
0.966187
0.964722
0.963348
0.962128
0.960907
0.959076
0.958466
0.957245
0.956024
0.955048
0.954071
0.952606
0.95163
0.950653
0.94989
0.949158
0.948425
0.947693
0.946625
0.946136
0.945648
0.94516
0.944672
0.944275
0.944031
0.943787
0.943542
0.943298
0.943207
0.943207
0.943207
0.943207
0.943207
0.943512
0.943634
0.944
0.944244
0.944519
0.944763
0.945496
0.945984
0.946472
0.94696
0.94754
0.948273
0.949005
0.949371
0.95047
0.951202
0.951935
0.952728
0.953705
0.954681
0.955658
0.956635
0.957123
0.958588
0.960052
0.961029
0.962006
0.962982
0.963959
0.964935
0.965912
0.966888
0.967865
0.968842
0.969818
0.970795
0.971771
0.972748
0.973724
0.974701
0.975677
0.976654
0.977631
0.978607
0.979584
0.98056
0.981537
0.982513
0.98349
0.984467
0.985443
0.98642
0.987396
0.988373
0.989288
0.990021
0.991119
0.991486
0.992218
0.99295
0.993683
0.994415
0.995514
0.996246
0.996979
0.99762
0.998108
0.998596
0.999084
0.999817
1.00006
1.00055
1.00128
1.00177
1.00226
1.00262
1.00287
1.00311
1.00336
1.0036
1.00385
1.00409
1.00446
1.0047
1.00494
1.00519
1.00519
1.00519
1.00519
1.00519
1.00519
1.00519
1.00519
1.00519
1.00519
1.00519
1.00519
1.00519
1.00513
1.00488
1.00476
1.00439
1.00415
1.00391
1.00366
1.00342
1.00317
1.00293
1.00269
1.00244
1.0022
1.00195
1.00171
1.00146
1.0011
1.00098
1.00073
1.00049
1.00012
0.999725
0.999237
0.998993
0.99826
0.997772
0.997284
0.996796
0.996307
0.995819
0.995331
0.994843
0.99411
0.993866
0.993134
0.992645
0.992401
0.991669
0.99118
0.990692
0.990204
0.989716
0.989227
0.988739
0.988251
0.987762
0.987274
0.986786
0.986053
0.985565
0.985077
0.984589
0.9841
0.983612
0.983124
0.982849
0.982605
0.982361
0.982117
0.981873
0.981628
0.981384
0.98114
0.980774
0.98053
0.980286
0.980042
0.979797
0.979553
0.979309
0.979065
0.978821
0.978577
0.978333
0.978088
0.977844
0.9776
0.977356
0.977112
0.976746
0.976624
0.976593
0.976593
0.976593
0.976593
0.976593
0.976593
0.976593
0.976593
0.976593
0.976593
0.976593
0.976593
0.976593
0.976593
0.976593
0.976593
0.976593
0.976593
0.976593
0.976593
0.976593
0.976593
0.976593
0.976593
0.976593
0.976807
0.977051
0.977295
0.977539
0.977783
0.978027
0.978394
0.978516
0.978882
0.979004
0.97937
0.979614
0.979858
0.980103
0.980347
0.980591
0.980835
0.981079
0.981323
0.981567
0.981812
0.982056
0.9823
0.982544
0.982788
0.983032
0.983276
0.983521
0.983765
0.984009
0.984253
0.984497
0.984741
0.984985
0.985352
0.985596
0.98584
0.986084
0.986328
0.986572
0.986816
0.987061
0.987305
0.987549
0.987793
0.988037
0.988281
0.988525
0.98877
0.989014
0.989258
0.989502
0.989746
0.98999
0.990234
0.990479
0.990723
0.990967
0.991211
0.991577
0.991821
0.992065
0.99231
0.992371
0.992371
0.992371
0.992371
0.992371
0.992371
0.992371
0.992371
0.992371
0.992371
0.992371
0.992371
0.992371
0.992371
0.992371
0.992371
0.992371
0.992371
0.992371
0.992371
0.992371
0.992371
0.992371
0.992371
0.992371
0.992371
0.992371
0.992371
0.992371
0.992371
0.992371
0.992371
0.992371
0.992371
0.992371
0.992371
0.992371
0.992371
0.992371
0.992371
0.992371
0.992371
0.992371
0.992371
0.992371
0.992371
0.992371
0.992371
0.992371
0.992371
0.992371
0.992371
0.992371
0.992371
0.992371
0.992371
0.992371
0.992371
0.992371
0.992371
0.992371
0.992371
0.992371
0.992371
0.992371
0.992371
0.992371
0.992371
0.992371
0.992371
0.992371
0.992371
0.992371
0.992371
0.992371
0.992371
0.992371
0.992371
0.992371
0.992371
0.992371
0.992371
0.992371
0.992371
0.992371
0.992371
0.992371
0.992371
0.992371
0.992371
0.992371
0.992371
0.992371
0.992371
