0
0
0
0
0
6.10349e-05
0.000183105
0.000427246
0.00131226
0.00250244
0.00436401
0.00558472
0.00875854
0.01297
0.0215149
0.0288391
0.0375061
0.0475769
0.059082
0.0719604
0.0862732
0.110291
0.12796
0.146912
0.167053
0.188354
0.210785
0.234222
0.258636
0.284027
0.310303
0.337433
0.365326
0.408478
0.438049
0.468231
0.498932
0.53009
0.561707
0.593628
0.625885
0.658386
0.707458
0.723938
0.756897
0.789856
0.822815
0.871979
0.904572
0.936951
0.969055
1.00085
1.03226
1.06326
1.09378
1.12381
1.15329
1.19641
1.22437
1.25165
1.27823
1.30405
1.3291
1.35336
1.37677
1.39932
1.42093
1.44168
1.47098
1.48929
1.50659
1.52283
1.53802
1.55219
1.56525
1.57721
1.58807
1.59784
1.60648
1.61401
1.62323
1.62796
1.63162
1.63416
1.63562
1.63599
1.63525
1.63348
1.62885
1.62445
1.61908
1.61273
1.60541
1.59711
1.58783
1.57767
1.56659
1.55469
1.54193
1.52835
1.50656
1.49112
1.47498
1.45816
1.44073
1.4227
1.40411
1.38501
1.36542
1.33517
1.31451
1.29349
1.27216
1.25055
1.2287
1.20667
1.18445
1.16208
1.13962
1.11716
1.0947
1.07224
1.04977
1.02734
0.994019
0.983002
0.96106
0.928589
0.917877
0.8862
0.875824
0.855316
0.835175
0.81543
0.786652
0.768036
0.749908
0.73233
0.715302
0.698853
0.682953
0.667694
0.646027
0.632385
0.619415
0.607147
0.595581
0.584747
0.574646
0.565277
0.552643
0.545166
0.538483
0.532562
0.527374
0.52298
0.519379
0.516541
0.513672
0.513123
0.512573
0.513153
0.514465
0.51651
0.519287
0.522736
0.526917
0.531769
0.537292
0.543518
0.550354
0.5578
0.570099
0.579041
0.588531
0.598572
0.609131
0.620178
0.631714
0.643677
0.656067
0.668884
0.688751
0.702423
0.716431
0.730713
0.74527
0.76004
0.775024
0.790161
0.805511
0.828705
0.836517
0.859955
0.87558
0.891205
0.90683
0.922455
0.93808
0.953705
0.969086
0.984436
0.999573
1.01453
1.0293
1.05106
1.06519
1.07904
1.09259
1.10583
1.11871
1.13129
1.14346
1.15527
1.16101
1.18304
1.19342
1.20337
1.21286
1.22189
1.23044
1.23856
1.24615
1.25323
1.25983
1.26593
1.27148
1.27652
1.28101
1.28674
1.28992
1.29129
1.29367
1.2962
1.29724
1.29773
1.29773
1.29718
1.29614
1.29456
1.29248
1.28845
1.28516
1.28143
1.27722
1.27258
1.26752
1.26202
1.2561
1.24979
1.2431
1.23239
1.22864
1.21692
1.20871
1.20023
1.19147
1.18243
1.17316
1.16364
1.1539
1.14401
1.13397
1.12372
1.11337
1.10287
1.09238
1.08163
1.07089
1.06015
1.04404
1.03329
1.02255
1.01181
1.00107
0.990326
0.979767
0.96402
0.953766
0.943573
0.933563
0.923767
0.914124
0.904663
0.895416
0.886383
0.877594
0.869049
0.860779
0.852753
0.845001
0.837524
0.830353
0.823456
0.816925
0.810699
0.804779
0.796539
0.793976
0.789093
0.78241
0.778381
0.77475
0.771454
0.768555
0.765991
0.763824
0.761993
0.760559
0.75946
0.758514
0.758392
0.758545
0.759125
0.76001
0.761292
0.762878
0.764832
0.76712
0.769714
0.772644
0.777588
0.779419
0.785248
0.787323
0.794006
0.798798
0.803833
0.809113
0.814606
0.820312
0.826233
0.832336
0.838684
0.845184
0.851776
0.86203
0.865509
0.872589
0.879669
0.890656
0.89798
0.905396
0.912964
0.920532
0.928101
0.935669
0.943237
0.950806
0.958374
0.965942
0.973389
0.980713
0.988037
0.99527
1.00589
1.0094
1.01624
1.02301
1.03287
1.03604
1.04239
1.05151
1.05444
1.06308
1.06863
1.07132
1.0766
1.08414
1.08893
1.09354
1.09793
1.10211
1.10608
1.10983
1.11505
1.11664
1.11969
1.1225
1.12625
1.12842
1.13034
1.13199
1.13339
1.13452
1.13541
1.13605
1.13641
1.13654
1.13641
1.13605
1.13544
1.13458
1.13348
1.13214
1.13058
1.12878
1.12677
1.12457
1.12213
1.11948
1.11664
1.11365
1.11047
1.10706
1.10352
1.09985
1.09595
1.09195
1.0878
1.08353
1.07693
1.0723
1.06766
1.0629
1.05801
1.05313
1.04816
1.04303
1.03534
1.03021
1.02509
1.01996
1.01483
1.0097
1.00458
0.999451
0.994324
0.986908
0.982025
0.977142
0.972351
0.967712
0.963074
0.958527
0.951935
0.949738
0.945496
0.93927
0.937195
0.931335
0.92746
0.923798
0.920135
0.916718
0.9133
0.911713
0.906982
0.904053
0.901245
0.89856
0.896088
0.893738
0.890564
0.889587
0.886932
0.886108
0.883972
0.883362
0.881744
0.88089
0.880188
0.8797
0.879395
0.879242
0.879364
0.879486
0.880096
0.880341
0.881073
0.882416
0.883514
0.884735
0.886169
0.887695
0.889404
0.891266
0.893219
0.895355
0.897552
0.899933
0.902374
0.904968
0.907654
0.910431
0.914825
0.917786
0.919373
0.924133
0.927307
0.930695
0.934113
0.937531
0.940948
0.946228
0.948059
0.951721
0.955383
0.959045
0.962708
0.96637
0.970032
0.973694
0.977325
0.980743
0.984161
0.989288
0.992706
0.995941
0.999115
1.00229
1.0054
1.00833
1.01126
1.01413
1.01682
1.0195
1.02213
1.02457
1.02701
1.02933
1.03152
1.03372
1.03577
1.03772
1.03967
1.04141
1.04312
1.0448
1.047
1.04773
1.0491
1.05093
1.05154
1.05307
1.05405
1.05453
1.05527
1.056
1.05688
1.05737
1.0578
1.05804
1.05829
1.05838
1.05838
1.05829
1.05804
1.0578
1.0574
1.05692
1.05643
1.05576
1.05502
1.05429
1.05341
1.05243
1.05096
1.05038
1.04855
1.04794
1.04672
1.04465
1.04391
1.04172
1.04099
1.0387
1.03784
1.03613
1.03357
1.03271
1.03015
1.02844
1.02658
1.02463
1.02267
1.02072
1.01877
1.01682
1.01486
1.01291
1.01096
1.009
1.00705
1.0051
1.00314
1.00119
0.999237
0.997284
0.995331
0.993378
0.990448
0.989471
0.986908
0.985199
0.98349
0.981781
0.980072
0.978363
0.976654
0.974945
0.972443
0.97171
0.969513
0.968048
0.966583
0.965118
0.962921
0.961548
0.960327
0.959106
0.957886
0.956665
0.955444
0.954285
0.953308
0.952332
0.951355
0.950378
0.949402
0.948273
0.94754
0.946808
0.946075
0.945435
0.944946
0.944458
0.94397
0.943481
0.943146
0.942902
0.942657
0.942413
0.942169
0.942169
0.942169
0.942169
0.942169
0.942261
0.942627
0.942749
0.943115
0.943359
0.943573
0.944061
0.94455
0.945282
0.94577
0.94635
0.947083
0.947815
0.948547
0.94928
0.950012
0.950745
0.95163
0.952606
0.953583
0.954559
0.955536
0.956512
0.957489
0.958466
0.959442
0.960419
0.961884
0.962921
0.964142
0.965363
0.966583
0.967804
0.969025
0.970245
0.971466
0.973297
0.973907
0.975739
0.976959
0.97757
0.979187
0.979675
0.98114
0.982117
0.982605
0.983582
0.985046
0.986023
0.987
0.987976
0.988953
0.989929
0.990906
0.991882
0.992615
0.993347
0.99408
0.994812
0.995544
0.996277
0.996277
0.997742
0.998474
0.999207
0.999695
1.00018
1.00067
1.00116
1.00165
1.00214
1.00262
1.00311
1.0036
1.00403
1.00427
1.00452
1.00476
1.005
1.00525
1.00549
1.00574
1.00598
1.00623
1.00647
1.00656
1.00656
1.00656
1.00656
1.00656
1.00656
1.00656
1.00656
1.00656
1.00656
1.00656
1.0065
1.00626
1.00601
1.00577
1.00552
1.00528
1.00504
1.00479
1.00455
1.0043
1.00406
1.00381
1.00357
1.00333
1.00308
1.00284
1.00259
1.00235
1.00211
1.00171
1.00122
1.00073
1.00024
0.999756
0.999268
0.998779
0.998291
0.997803
0.997314
0.996826
0.996094
0.99585
0.995117
0.994629
0.994385
0.993896
0.993408
0.992676
0.992432
0.991943
0.991455
0.990723
0.990234
0.989746
0.989258
0.98877
0.988281
0.987793
0.987305
0.986816
0.986084
0.985596
0.985107
0.984619
0.984131
0.983643
0.983154
0.982422
0.982178
0.981598
0.981476
0.981232
0.980988
0.980743
0.980377
0.980133
0.979889
0.979767
0.979401
0.979156
0.978912
0.978668
0.978424
0.97818
0.977814
0.977692
0.977325
0.977081
0.976837
0.976593
0.976349
0.976105
0.975891
0.975891
0.975891
0.975891
0.975891
0.975891
0.975891
0.975891
0.975891
0.975891
0.975891
0.975891
0.975891
0.975891
0.975891
0.975891
0.975891
0.975891
0.975891
0.975891
0.975891
0.975891
0.975891
0.975891
0.976044
0.976288
0.976532
0.976776
0.976898
0.977386
0.977631
0.977875
0.978119
0.978363
0.978607
0.978851
0.979218
0.979462
0.979706
0.97995
0.980194
0.98056
0.980804
0.981049
0.981293
0.981659
0.981903
0.982147
0.982269
0.982635
0.982758
0.983124
0.983246
0.983612
0.983856
0.9841
0.984344
0.984589
0.984833
0.985077
0.985321
0.985565
0.985809
0.986053
0.986298
0.986542
0.986786
0.98703
0.987274
0.98764
0.987762
0.988007
0.988251
0.988495
0.988739
0.988983
0.989349
0.989471
0.989838
0.990082
0.990326
0.99057
0.990814
0.991058
0.991302
0.991547
0.991791
0.992035
0.992279
0.992523
0.992706
0.992706
0.992706
0.992706
0.992706
0.992706
0.992706
0.992706
0.992706
0.992706
0.992706
0.992706
0.992706
0.992706
0.992706
0.992706
0.992706
0.992706
0.992706
0.992706
0.992706
0.992706
0.992706
0.992706
0.992706
0.992706
0.992706
0.992706
0.992706
0.992706
0.992706
0.992706
0.992706
0.992706
0.992706
0.992706
0.992706
0.992706
0.992706
0.992706
0.992706
0.992706
0.992706
0.992706
0.992706
0.992706
0.992706
0.992706
0.992706
0.992706
0.992706
0.992706
0.992706
0.992706
0.992706
0.992706
0.992706
0.992706
0.992706
0.992706
0.992706
0.992706
0.992706
0.992706
0.992706
0.992706
0.992706
0.992706
0.992706
0.992706
0.992706
0.992706
0.992706
0.992706
0.992706
0.992706
0.992706
0.992706
0.992706
0.992706
0.992706
0.992706
0.992706
0.992706
0.992706
0.992706
0.992706
0.992706
0.992706
0.992706
0.992706
0.992706
0.992706
0.992706
