0
0
0
0
0
0.000274658
0.000396728
0.00076294
0.00143433
0.00344849
0.00570679
0.00888062
0.013092
0.0184937
0.025177
0.0331421
0.042511
0.0533142
0.0655212
0.0791321
0.0941162
0.110474
0.128143
0.147095
0.167267
0.188599
0.21106
0.234558
0.259094
0.284546
0.310883
0.351959
0.38028
0.409302
0.438965
0.469208
0.499969
0.531219
0.562866
0.59491
0.627228
0.65979
0.692505
0.725464
0.758423
0.791382
0.824341
0.857239
0.889954
0.922485
0.954803
0.986847
1.01849
1.04977
1.08063
1.11099
1.14084
1.1701
1.19879
1.2406
1.25418
1.28079
1.30667
1.33176
1.36783
1.39078
1.40195
1.43399
1.45413
1.4733
1.49149
1.50021
1.52481
1.53992
1.55392
1.56686
1.57867
1.58939
1.59897
1.60745
1.61481
1.62106
1.62619
1.63019
1.63312
1.63492
1.63565
1.63528
1.63275
1.62976
1.62573
1.6207
1.61459
1.60751
1.59952
1.59061
1.58072
1.56998
1.55838
1.54593
1.53265
1.51859
1.50378
1.48828
1.47205
1.45517
1.43768
1.41962
1.401
1.3819
1.3623
1.34225
1.32184
1.29047
1.27985
1.25842
1.22577
1.2038
1.18158
1.17047
1.1369
1.11444
1.09198
1.06952
1.04718
1.02496
1.00287
0.980927
0.959198
0.937714
0.916504
0.895599
0.875
0.854767
0.8349
0.805878
0.796417
0.777832
0.759705
0.742096
0.716675
0.708466
0.684723
0.669617
0.662323
0.648193
0.634674
0.615692
0.603851
0.598206
0.582336
0.572662
0.563721
0.555511
0.548035
0.541321
0.53537
0.530182
0.525757
0.522095
0.519226
0.51709
0.515717
0.515076
0.515198
0.516083
0.5177
0.52002
0.523071
0.526825
0.533722
0.536346
0.545319
0.552032
0.555634
0.567352
0.575897
0.584991
0.594666
0.604858
0.61554
0.626709
0.638306
0.65036
0.662842
0.67569
0.688873
0.702423
0.716248
0.730347
0.74472
0.759338
0.77417
0.789154
0.804291
0.81958
0.834961
0.850342
0.865845
0.88147
0.897095
0.91272
0.928131
0.943512
0.958893
0.974091
0.989227
1.00412
1.01889
1.03345
1.04779
1.06189
1.07571
1.08926
1.10251
1.11545
1.12802
1.14026
1.15213
1.16364
1.17474
1.18546
1.19574
1.2056
1.215
1.22821
1.23239
1.2442
1.24789
1.25491
1.26141
1.2674
1.27286
1.28009
1.28424
1.28787
1.29099
1.29355
1.29556
1.29706
1.29803
1.29849
1.29843
1.29736
1.29675
1.29517
1.29419
1.28906
1.28577
1.28198
1.27774
1.27307
1.26797
1.26245
1.2565
1.25018
1.24347
1.23639
1.22894
1.21716
1.20892
1.20035
1.1915
1.1824
1.17307
1.16348
1.15372
1.14371
1.13354
1.11801
1.11276
1.10226
1.08615
1.08078
1.06467
1.0592
1.04822
1.03174
1.02625
1.01007
0.999329
0.988586
0.978027
0.967529
0.957184
0.94693
0.93692
0.927063
0.917358
0.907867
0.89859
0.889526
0.880707
0.872101
0.863739
0.855652
0.847809
0.840271
0.833038
0.82608
0.819427
0.810028
0.807068
0.801361
0.796021
0.791016
0.786346
0.782043
0.778076
0.772827
0.769775
0.76709
0.764771
0.762817
0.76123
0.76001
0.759155
0.758667
0.758545
0.758759
0.759369
0.760284
0.761597
0.763214
0.765167
0.768768
0.770111
0.773041
0.776306
0.779846
0.783691
0.790009
0.794556
0.799347
0.804382
0.809662
0.812378
0.817993
0.823853
0.832947
0.836121
0.845764
0.852356
0.859192
0.866058
0.869598
0.880219
0.887512
0.894836
0.902161
0.909576
0.917145
0.924713
0.932281
0.93985
0.947418
0.954987
0.962555
0.969971
0.977295
0.984619
0.991943
0.999023
1.0061
1.01303
1.01987
1.02982
1.03311
1.04263
1.04874
1.05179
1.05765
1.06616
1.07159
1.07687
1.082
1.08688
1.09158
1.0961
1.1004
1.10452
1.10843
1.11209
1.11551
1.11871
1.12167
1.12439
1.12686
1.12906
1.13187
1.13269
1.13474
1.13528
1.13657
1.13684
1.13724
1.13739
1.1373
1.13669
1.13596
1.13498
1.13379
1.13235
1.13068
1.12878
1.12668
1.12436
1.12186
1.11917
1.11624
1.11313
1.10986
1.10645
1.10278
1.09903
1.09512
1.09103
1.08688
1.08249
1.07581
1.07349
1.06885
1.06165
1.0592
1.05188
1.04935
1.04166
1.03653
1.0314
1.02628
1.02115
1.01602
1.01089
1.00577
1.00064
0.995514
0.990387
0.985413
0.98053
0.975647
0.970795
0.966156
0.961517
0.956909
0.952515
0.94812
0.943848
0.939697
0.935547
0.931641
0.927734
0.92215
0.920319
0.916779
0.911652
0.910065
0.906891
0.90387
0.90094
0.898254
0.895691
0.89325
0.889954
0.888
0.8862
0.884552
0.883087
0.881836
0.880737
0.879822
0.879089
0.878571
0.878204
0.877991
0.877991
0.878174
0.87851
0.878998
0.8797
0.880524
0.8815
0.88269
0.884003
0.885468
0.887115
0.888824
0.890778
0.892792
0.894989
0.897278
0.899719
0.902222
0.904907
0.907593
0.910522
0.913452
0.916443
0.919617
0.922791
0.925995
0.929413
0.932831
0.936249
0.939667
0.943207
0.946869
0.950531
0.954193
0.957855
0.961517
0.965179
0.970673
0.974335
0.977997
0.981506
0.984924
0.988342
0.99176
0.995178
0.998383
1.00156
1.00632
1.00928
1.01221
1.01514
1.01785
1.02054
1.02322
1.02567
1.02811
1.03052
1.03271
1.03491
1.03702
1.03897
1.04092
1.04272
1.04529
1.04614
1.04764
1.04984
1.05112
1.05234
1.05405
1.05453
1.05551
1.0564
1.05713
1.05786
1.05838
1.05911
1.0593
1.05954
1.05988
1.05988
1.05988
1.05975
1.05951
1.05927
1.05881
1.05832
1.0578
1.05707
1.05634
1.05557
1.05411
1.05362
1.05206
1.05145
1.04962
1.0484
1.04773
1.04553
1.0448
1.0426
1.04102
1.03931
1.0376
1.03589
1.03418
1.03247
1.03064
1.02869
1.02673
1.02478
1.02283
1.02087
1.01892
1.01697
1.01404
1.01208
1.01013
1.00818
1.00623
1.00427
1.00232
1.00037
0.998413
0.99646
0.994507
0.992554
0.990601
0.988647
0.986694
0.984894
0.983185
0.981476
0.979767
0.978058
0.976349
0.97464
0.972931
0.971222
0.969635
0.96817
0.966705
0.96524
0.963776
0.961578
0.960846
0.959473
0.958252
0.957031
0.955811
0.95459
0.953369
0.952271
0.951294
0.949829
0.949341
0.948364
0.947113
0.946747
0.945648
0.944916
0.944183
0.943695
0.943207
0.942719
0.94223
0.941864
0.94162
0.941376
0.94101
0.940887
0.940887
0.940887
0.940887
0.940887
0.941132
0.941254
0.94162
0.941864
0.942169
0.942657
0.943146
0.943634
0.944122
0.944641
0.945374
0.946106
0.946838
0.947571
0.948303
0.949036
0.949982
0.950958
0.951935
0.9534
0.953888
0.954865
0.955841
0.957306
0.957794
0.959503
0.960724
0.961945
0.963165
0.964386
0.965607
0.966827
0.968048
0.969269
0.97049
0.97171
0.972931
0.974152
0.975372
0.976593
0.977814
0.979034
0.980255
0.981476
0.982697
0.983673
0.98465
0.985626
0.986603
0.987579
0.988556
0.989532
0.990509
0.991974
0.992462
0.993927
0.994354
0.995087
0.996185
0.996552
0.997284
0.998383
0.999115
0.999847
1.00058
1.00125
1.00174
1.00247
1.00296
1.00345
1.00394
1.00443
1.00491
1.0054
1.00589
1.00613
1.00638
1.00662
1.00687
1.00711
1.00735
1.0076
1.00784
1.00809
1.00812
1.00812
1.00812
1.00812
1.00812
1.00812
1.00812
1.00812
1.00812
1.00812
1.00812
1.00793
1.00769
1.00745
1.0072
1.00696
1.00671
1.00647
1.00623
1.00598
1.00562
1.00537
1.00513
1.00488
1.00464
1.00439
1.00415
1.00378
1.0033
1.00281
1.00232
1.00183
1.00134
1.00085
1.00037
0.999634
0.99939
0.998657
0.998169
0.997681
0.997192
0.996704
0.996216
0.995728
0.995239
0.994751
0.994263
0.993774
0.993286
0.992798
0.99231
0.991821
0.991333
0.990845
0.990356
0.989868
0.98938
0.988892
0.988403
0.987915
0.987427
0.986938
0.98645
0.985962
0.985229
0.984985
0.984497
0.983765
0.983276
0.982788
0.9823
0.981812
0.981323
0.980927
0.980682
0.980438
0.980194
0.97995
0.979706
0.979462
0.979218
0.978973
0.978729
0.978485
0.978241
0.977997
0.977753
0.977509
0.977264
0.97702
0.976776
0.976532
0.976288
0.976044
0.975677
0.975555
0.975494
0.975494
0.975494
0.975494
0.975494
0.975494
0.975494
0.975494
0.975494
0.975494
0.975494
0.975494
0.975494
0.975494
0.975494
0.975494
0.975494
0.975494
0.975494
0.975494
0.975494
0.975494
0.975555
0.9758
0.976044
0.97641
0.976654
0.976776
0.97702
0.977386
0.977631
0.977875
0.978119
0.978363
0.978607
0.978851
0.979095
0.97934
0.979584
0.979828
0.980072
0.980316
0.98056
0.980804
0.981049
0.981415
0.981659
0.981781
0.982025
0.982269
0.982513
0.982758
0.983002
0.983246
0.983612
0.983856
0.9841
0.984344
0.984589
0.984833
0.985077
0.985321
0.985565
0.985809
0.986053
0.986298
0.986542
0.986786
0.98703
0.987274
0.987518
0.987762
0.988007
0.988251
0.988495
0.988739
0.988983
0.989227
0.989471
0.989716
0.98996
0.990204
0.990448
0.990814
0.990936
0.991302
0.991547
0.991791
0.992035
0.992279
0.992523
0.992767
0.993011
0.993042
0.993042
0.993042
0.993042
0.993042
0.993042
0.993042
0.993042
0.993042
0.993042
0.993042
0.993042
0.993042
0.993042
0.993042
0.993042
0.993042
0.993042
0.993042
0.993042
0.993042
0.993042
0.993042
0.993042
0.993042
0.993042
0.993042
0.993042
0.993042
0.993042
0.993042
0.993042
0.993042
0.993042
0.993042
0.993042
0.993042
0.993042
0.993042
0.993042
0.993042
0.993042
0.993042
0.993042
0.993042
0.993042
0.993042
0.993042
0.993042
0.993042
0.993042
0.993042
0.993042
0.993042
0.993042
0.993042
0.993042
0.993042
0.993042
0.993042
0.993042
0.993042
0.993042
0.993042
0.993042
0.993042
0.993042
0.993042
0.993042
0.993042
0.993042
0.993042
0.993042
0.993042
0.993042
0.993042
0.993042
0.993042
