0
0
0
0
0
0.00012207
0.000244141
0.000732422
0.00140381
0.00259399
0.00445557
0.00714111
0.0108032
0.0184631
0.021637
0.0331116
0.0424805
0.0532837
0.0654907
0.0791016
0.0941162
0.110474
0.128143
0.147064
0.167206
0.188507
0.210907
0.234344
0.258759
0.284088
0.310303
0.337311
0.365082
0.393524
0.422607
0.452301
0.482513
0.513214
0.544342
0.591736
0.623718
0.655945
0.688416
0.720978
0.753693
0.786407
0.819122
0.851746
0.884216
0.932587
0.964508
0.980377
1.01181
1.05826
1.08865
1.11853
1.14786
1.17664
1.20474
1.23221
1.25894
1.28491
1.31012
1.33447
1.358
1.38062
1.40234
1.4231
1.44287
1.46167
1.47949
1.49628
1.51202
1.5267
1.54031
1.55286
1.5643
1.57465
1.58389
1.59204
1.59909
1.60501
1.60986
1.61359
1.61624
1.6178
1.61829
1.61771
1.61612
1.61343
1.60977
1.60513
1.59952
1.59293
1.58536
1.57687
1.56747
1.55722
1.54611
1.53418
1.52142
1.5079
1.49365
1.47873
1.46307
1.44675
1.42987
1.40344
1.39435
1.37579
1.35678
1.32745
1.3074
1.28699
1.26627
1.24524
1.224
1.20251
1.18088
1.15915
1.13733
1.11536
1.09338
1.07141
1.04965
1.02792
1.00632
0.984863
0.963623
0.942627
0.921906
0.901459
0.871399
0.851807
0.832642
0.813873
0.795563
0.777679
0.760315
0.743469
0.719177
0.703705
0.68158
0.667603
0.654205
0.641479
0.629395
0.612549
0.607269
0.592499
0.583527
0.575256
0.567719
0.560913
0.55484
0.5495
0.544891
0.541016
0.537872
0.535492
0.533295
0.532928
0.532715
0.533234
0.534485
0.536407
0.540619
0.54425
0.548615
0.553619
0.559204
0.56543
0.572266
0.579681
0.591888
0.600708
0.605316
0.619873
0.624969
0.640991
0.652222
0.663849
0.675903
0.688293
0.70108
0.714172
0.727539
0.74118
0.755096
0.769226
0.783569
0.798035
0.812683
0.827423
0.849762
0.864655
0.879547
0.89444
0.909332
0.924225
0.939117
0.953857
0.968506
0.983002
0.997375
1.01154
1.02551
1.03928
1.05948
1.06607
1.07907
1.09177
1.1102
1.12207
1.13364
1.14484
1.15567
1.16614
1.17624
1.18588
1.19513
1.20392
1.21228
1.22018
1.22763
1.23459
1.24106
1.24704
1.25253
1.25751
1.26196
1.26593
1.26941
1.27234
1.27478
1.27673
1.27814
1.27905
1.27951
1.27921
1.27841
1.27713
1.27536
1.27313
1.27045
1.26733
1.26376
1.25977
1.25534
1.25055
1.24533
1.23975
1.23376
1.22745
1.22076
1.21378
1.20648
1.19888
1.19101
1.18286
1.17447
1.16583
1.15698
1.14795
1.13867
1.12924
1.11972
1.10995
1.10019
1.09018
1.08017
1.07016
1.05481
1.04456
1.0343
1.02405
1.01379
1.0036
0.993591
0.983582
0.96875
0.963867
0.949402
0.939911
0.930634
0.926056
0.912598
0.903839
0.895294
0.886963
0.878845
0.870972
0.863312
0.855896
0.848755
0.841858
0.835236
0.828949
0.822937
0.81723
0.811798
0.804291
0.799713
0.795441
0.791534
0.787964
0.784698
0.78183
0.779266
0.777069
0.775238
0.773132
0.772156
0.771545
0.77124
0.771332
0.771729
0.772461
0.773529
0.774902
0.777588
0.778656
0.781006
0.78363
0.786591
0.791534
0.795166
0.799103
0.803284
0.807709
0.812378
0.817261
0.822388
0.827728
0.833252
0.838959
0.844818
0.850891
0.857086
0.863434
0.869904
0.876495
0.883179
0.890015
0.896851
0.903748
0.910828
0.917908
0.924988
0.932068
0.939148
0.946228
0.953308
0.960388
0.967468
0.977997
0.984833
0.988251
0.995087
1.005
1.0083
1.01471
1.02414
1.03024
1.03616
1.04196
1.04758
1.05301
1.05832
1.06345
1.06836
1.07312
1.07773
1.08212
1.0863
1.09033
1.09229
1.09598
1.1012
1.10437
1.10733
1.11005
1.11255
1.11481
1.11682
1.11862
1.12018
1.12149
1.12256
1.12338
1.12399
1.12436
1.12448
1.12439
1.12405
1.1235
1.12274
1.12177
1.12054
1.11911
1.11746
1.11563
1.11362
1.1102
1.10898
1.10504
1.10364
1.10071
1.0976
1.09439
1.08926
1.08743
1.08191
1.078
1.0741
1.06995
1.0658
1.06149
1.0571
1.05051
1.0459
1.04126
1.03662
1.03198
1.02734
1.02271
1.01807
1.01111
1.00647
1.00183
0.997192
0.992554
0.988068
0.983673
0.979279
0.974884
0.970612
0.966461
0.960236
0.956268
0.952362
0.948456
0.944733
0.941071
0.937408
0.93399
0.930573
0.927277
0.924103
0.92099
0.91806
0.915161
0.912476
0.909851
0.90741
0.90509
0.902893
0.900879
0.898956
0.897247
0.895691
0.894257
0.893036
0.891449
0.890961
0.889862
0.889618
0.889008
0.888763
0.888763
0.888855
0.889099
0.889557
0.890106
0.890839
0.891724
0.8927
0.89389
0.895142
0.896606
0.898132
0.899841
0.901611
0.903564
0.905579
0.908875
0.909973
0.913605
0.916046
0.918701
0.921387
0.924072
0.926941
0.929871
0.9328
0.93573
0.94046
0.943634
0.946808
0.949982
0.953156
0.956329
0.959503
0.962677
0.967438
0.970612
0.973785
0.976959
0.980133
0.983307
0.98645
0.98938
0.99231
0.995239
0.998169
1.00085
1.00488
1.00623
1.01004
1.01248
1.01492
1.01724
1.01944
1.02164
1.02374
1.02667
1.02765
1.02957
1.03128
1.03384
1.03543
1.0369
1.03836
1.0397
1.04092
1.04214
1.04327
1.04425
1.04523
1.04648
1.04721
1.04758
1.04822
1.04871
1.04944
1.04974
1.04999
1.05023
1.05029
1.05029
1.05029
1.05014
1.0499
1.04965
1.04935
1.04886
1.04837
1.04788
1.04718
1.04645
1.04572
1.04498
1.04401
1.04254
1.04156
1.04108
1.03931
1.03809
1.03687
1.03564
1.03442
1.03299
1.03152
1.03006
1.02859
1.02713
1.02567
1.0242
1.02274
1.02118
1.01947
1.01776
1.01605
1.01434
1.01263
1.01093
1.00922
1.00751
1.0058
1.00409
1.00238
1.00067
0.998962
0.997253
0.995544
0.993835
0.992126
0.990417
0.9888
0.986603
0.98587
0.984406
0.982941
0.981476
0.979279
0.978546
0.976349
0.974884
0.973419
0.972015
0.970795
0.969574
0.968353
0.967133
0.965912
0.965302
0.96347
0.96228
0.961304
0.960327
0.959351
0.957886
0.956909
0.955933
0.95517
0.954437
0.953705
0.952972
0.95224
0.951508
0.950775
0.950287
0.949799
0.94931
0.948822
0.948547
0.948303
0.948059
0.947815
0.947571
0.947418
0.947418
0.947418
0.947418
0.947418
0.947418
0.947601
0.947845
0.94809
0.948334
0.948578
0.948822
0.949493
0.949738
0.950226
0.951202
0.951691
0.952179
0.95285
0.953583
0.954315
0.955048
0.95578
0.956512
0.957245
0.957977
0.95871
0.959442
0.960327
0.961304
0.96228
0.963257
0.964722
0.965698
0.966675
0.967651
0.968628
0.969604
0.970581
0.971558
0.972046
0.973022
0.973999
0.975464
0.97644
0.977417
0.978394
0.97937
0.980347
0.981323
0.9823
0.983276
0.984131
0.984863
0.985596
0.986328
0.987061
0.987793
0.988525
0.989258
0.98999
0.990723
0.991455
0.992188
0.99292
0.993652
0.994171
0.994659
0.995148
0.995636
0.996124
0.996857
0.997101
0.997833
0.998077
0.998566
0.999054
0.999542
0.999786
1.00003
1.0004
1.00064
1.00089
1.00113
1.00137
1.00162
1.00186
1.00211
1.00247
1.00256
1.00256
1.00256
1.00256
1.00256
1.00256
1.00256
1.00256
1.00256
1.00256
1.00256
1.00256
1.00256
1.00256
1.00256
1.00241
1.00217
1.00192
1.00168
1.00143
1.00119
1.00095
1.0007
1.00046
1.00021
0.999969
0.999725
0.999481
0.999237
0.998993
0.998749
0.998383
0.99826
0.997894
0.99765
0.997406
0.997162
0.99704
0.996674
0.996429
0.996185
0.995941
0.995697
0.995453
0.995331
0.994812
0.994324
0.993835
0.993103
0.992615
0.992126
0.991638
0.99115
0.990662
0.990173
0.989685
0.989197
0.988708
0.98822
0.987732
0.987244
0.986816
0.986572
0.986206
0.986084
0.98584
0.985596
0.985229
0.984985
0.984741
0.984497
0.984253
0.984009
0.983765
0.983521
0.983154
0.983032
0.982788
0.982544
0.9823
0.981934
0.981812
0.981445
0.981323
0.980957
0.980835
0.980469
0.980225
0.97998
0.979736
0.979492
0.979248
0.979004
0.97876
0.978516
0.978271
0.978241
0.978241
0.978241
0.978241
0.978241
0.978241
0.978241
0.978241
0.978241
0.978241
0.978241
0.978241
0.978241
0.978241
0.978241
0.978241
0.978241
0.978241
0.978241
0.978241
0.978241
0.978241
0.978241
0.978241
0.978241
0.978241
0.978241
0.978241
0.978241
0.978241
0.978455
0.978699
0.979065
0.979187
0.979553
0.979797
0.980042
0.980286
0.98053
0.980774
0.981018
0.981262
0.981628
0.981873
0.982117
0.982361
0.982605
0.982849
0.983093
0.983337
0.983582
0.983826
0.98407
0.984436
0.984558
0.984802
0.985046
0.985291
0.985535
0.985901
0.986145
0.986389
0.986511
0.986877
0.987122
0.987366
0.98761
0.987854
0.988098
0.988342
0.988586
0.988831
0.989075
0.989319
0.989563
0.989807
0.990051
0.990295
0.99054
0.990784
0.991028
0.991272
0.991516
0.99176
0.992004
0.992035
0.992035
0.992035
0.992035
0.992035
0.992035
0.992035
0.992035
0.992035
0.992035
0.992035
0.992035
0.992035
0.992035
0.992035
0.992035
0.992035
0.992035
0.992035
0.992035
0.992035
0.992035
0.992035
0.992035
0.992035
0.992035
0.992035
0.992035
0.992035
0.992035
0.992035
0.992035
0.992035
0.992035
0.992035
0.992035
0.992035
0.992035
0.992035
0.992035
0.992035
0.992035
0.992035
0.992035
0.992035
0.992035
0.992035
0.992035
0.992035
0.992035
0.992035
0.992035
0.992035
0.992035
0.992035
0.992035
0.992035
0.992035
0.992035
0.992035
0.992035
0.992035
0.992035
0.992035
0.992035
0.992035
0.992035
0.992035
0.992035
0.992035
0.992035
0.992035
0.992035
0.992035
0.992035
0.992035
0.992035
0.992035
0.992035
0.992035
0.992035
0.992035
0.992035
0.992035
0.992035
0.992035
0.992035
0.992035
0.992035
0.992035
