0
0
0
0
0
3.05177e-05
0.000152588
0.000610352
0.00088501
0.00180054
0.0043335
0.0055542
0.0106812
0.0129395
0.0215149
0.0288391
0.0375061
0.0475769
0.059082
0.071991
0.0863037
0.10199
0.118988
0.137238
0.156708
0.177307
0.199036
0.221741
0.257599
0.282593
0.30838
0.321533
0.362061
0.389862
0.418182
0.44696
0.476135
0.505646
0.535461
0.565491
0.595703
0.625977
0.65625
0.686523
0.716797
0.731934
0.777008
0.806793
0.836365
0.865601
0.894531
0.923065
0.951172
0.978821
1.00595
1.03253
1.05853
1.08389
1.09631
1.14441
1.16742
1.1897
1.21124
1.23199
1.25195
1.27109
1.28937
1.30682
1.32336
1.33902
1.35379
1.36758
1.3866
1.39246
1.40344
1.41351
1.42267
1.43457
1.43805
1.44434
1.44971
1.4541
1.45761
1.46017
1.46188
1.46268
1.46222
1.46167
1.45871
1.45569
1.45389
1.4473
1.44199
1.43594
1.42917
1.42172
1.41364
1.40488
1.39557
1.38565
1.37521
1.36423
1.35275
1.34085
1.32852
1.31573
1.30261
1.28912
1.27533
1.26126
1.24692
1.23233
1.21756
1.20264
1.1875
1.17233
1.15695
1.14157
1.12619
1.11081
1.09543
1.08005
1.06467
1.04193
1.03436
1.01199
1.00464
0.990021
0.968567
0.954559
0.940796
0.927338
0.914215
0.901398
0.895111
0.87677
0.86499
0.853607
0.842651
0.832062
0.82193
0.812225
0.802979
0.794189
0.785858
0.777985
0.770599
0.763702
0.757294
0.751373
0.745941
0.740997
0.736542
0.732574
0.729095
0.726105
0.723602
0.721588
0.720062
0.719025
0.718445
0.718323
0.718994
0.719452
0.720673
0.723267
0.725555
0.72821
0.731262
0.734711
0.738495
0.742645
0.747131
0.751923
0.757019
0.762451
0.768127
0.774078
0.780273
0.786713
0.793365
0.800201
0.807281
0.814514
0.821869
0.829437
0.837067
0.844879
0.852692
0.860748
0.868805
0.876862
0.884918
0.893097
0.901398
0.909698
0.917877
0.925934
0.93399
0.942047
0.950104
0.957947
0.965759
0.973419
0.984711
0.988373
0.995667
1.00626
1.00967
1.01645
1.02304
1.02939
1.0386
1.04153
1.04733
1.05292
1.06085
1.06589
1.06833
1.07532
1.07968
1.08383
1.08774
1.08957
1.09479
1.09793
1.10083
1.10345
1.10583
1.10794
1.1098
1.11139
1.11273
1.1138
1.11462
1.1152
1.11554
1.11563
1.11548
1.11508
1.11444
1.11359
1.11252
1.11124
1.10974
1.10803
1.10611
1.104
1.10175
1.0993
1.09665
1.09387
1.09094
1.08783
1.08466
1.08127
1.07785
1.07422
1.07056
1.06677
1.06287
1.05896
1.05499
1.04877
1.04462
1.04047
1.03632
1.03217
1.02802
1.02386
1.01971
1.01556
1.01141
1.00726
1.00317
0.999268
0.995361
0.991455
0.987549
0.983826
0.980164
0.976501
0.972839
0.969391
0.965973
0.962555
0.959229
0.956055
0.952881
0.949738
0.946808
0.943878
0.940979
0.938293
0.935608
0.933044
0.930603
0.928192
0.924896
0.922821
0.920868
0.919067
0.917358
0.915833
0.914368
0.913116
0.911926
0.91095
0.910065
0.909332
0.908752
0.908264
0.90799
0.907776
0.907776
0.907837
0.908081
0.908386
0.908875
0.909424
0.910156
0.910919
0.912384
0.913452
0.914062
0.915894
0.917328
0.918793
0.920288
0.921997
0.923706
0.925415
0.927338
0.929291
0.931244
0.933197
0.935272
0.937469
0.939667
0.941864
0.944061
0.946259
0.948456
0.950653
0.95285
0.955048
0.957245
0.959442
0.961639
0.963837
0.966034
0.968231
0.970184
0.973114
0.974091
0.976044
0.977997
0.97995
0.982544
0.983398
0.985107
0.986816
0.989319
0.990784
0.991516
0.993713
0.994446
0.99649
0.997711
0.998932
1.00015
1.00076
1.00235
1.00333
1.0043
1.00528
1.00616
1.0069
1.00763
1.00836
1.00909
1.0097
1.01019
1.01068
1.01117
1.01166
1.01205
1.01242
1.01254
1.01279
1.01315
1.01328
1.01334
1.01334
1.01334
1.01334
1.01334
1.01331
1.01306
1.01282
1.01257
1.01233
1.01208
1.01184
1.0116
1.0112
1.01071
1.01022
1.00974
1.00925
1.00876
1.00827
1.00754
1.00729
1.00681
1.00616
1.00543
1.00433
1.00397
1.00287
1.0025
1.00177
1.00067
0.999939
0.999207
0.998474
0.997742
0.997009
0.996277
0.995544
0.995178
0.99408
0.993347
0.992615
0.991882
0.99115
0.990417
0.989685
0.988953
0.98822
0.987488
0.986389
0.985657
0.985291
0.984192
0.983459
0.982727
0.981995
0.981262
0.98053
0.979797
0.979065
0.978333
0.9776
0.976868
0.976135
0.975403
0.97467
0.973938
0.973206
0.972473
0.971802
0.971313
0.970825
0.970337
0.969849
0.96936
0.968872
0.968384
0.967896
0.967407
0.966675
0.966431
0.965942
0.965454
0.964966
0.964722
0.964478
0.964233
0.963989
0.963745
0.963501
0.963257
0.963013
0.962769
0.962524
0.96228
0.96228
0.96228
0.96228
0.96228
0.96228
0.96228
0.96228
0.96228
0.96228
0.96228
0.96228
0.96228
0.96228
0.962524
0.962769
0.963013
0.963257
0.963501
0.963867
0.963989
0.964233
0.964478
0.964722
0.965088
0.96521
0.965454
0.965698
0.966064
0.966309
0.966431
0.966797
0.967041
0.967163
0.967529
0.967773
0.96814
0.968628
0.969116
0.969604
0.970093
0.970581
0.971069
0.971558
0.972046
0.972534
0.973022
0.973511
0.973999
0.974487
0.974976
0.975464
0.975952
0.97644
0.976929
0.977295
0.977539
0.977783
0.978027
0.978271
0.978516
0.97876
0.979004
0.979248
0.979492
0.979736
0.97998
0.980225
0.980469
0.980713
0.980957
0.981323
0.981445
0.981812
0.982056
0.9823
0.982544
0.982788
0.983032
0.983276
0.983521
0.983765
0.984009
0.984253
0.984497
0.984741
0.984985
0.985229
0.985443
0.985443
0.985443
0.985443
0.985443
0.985443
0.985443
0.985443
0.985443
0.985443
0.985443
0.985443
0.985443
0.985443
0.985443
0.985443
0.985443
0.985443
0.985443
0.985443
0.985443
0.985443
0.985443
0.985443
0.985443
0.985443
0.985443
0.985443
0.985443
0.985443
0.985443
0.985443
0.985443
0.985443
0.985443
0.985443
0.985443
0.985443
0.985443
0.985443
0.985443
0.985443
0.985443
0.985443
0.985443
0.985443
0.985443
0.985443
0.985443
0.985443
0.985443
0.985443
0.985443
0.985443
0.985443
0.985443
0.985443
0.985443
0.985443
0.985443
0.985443
0.985443
0.985443
0.985443
0.985443
0.985443
0.985443
0.985443
0.985443
0.985443
0.985443
0.985443
0.985443
0.985443
0.985443
0.985443
0.985443
0.985443
0.985443
0.985443
0.985443
0.985443
0.985443
0.985443
0.985443
0.985443
0.985443
0.985443
0.985443
0.985443
0.985443
0.985443
0.985443
0.985443
0.985443
0.985443
0.985443
0.985443
0.985443
0.985443
0.985443
0.985443
0.985443
0.985443
0.985443
0.985443
0.985443
0.985443
0.985443
0.985443
0.985443
0.985443
0.985443
0.985443
0.985443
0.985443
0.985443
0.985443
0.985443
0.985443
0.985443
0.985443
0.985443
0.985443
0.985443
0.985443
0.985443
0.985443
0.985443
0.985443
0.985443
0.985443
0.985443
0.985443
0.985443
0.985443
0.985443
0.985443
0.985443
0.985443
0.985443
0.985443
0.985443
0.985443
0.985443
0.985443
0.985443
0.985443
0.985443
0.985443
0.985443
0.985443
0.985443
0.985443
0.985443
0.985443
0.985443
0.985443
0.985443
0.985443
0.985443
0.985443
0.985443
0.985443
0.985443
0.985443
0.985443
0.985443
0.985443
0.985443
0.985443
0.985443
0.985443
0.985443
0.985443
0.985443
0.985443
0.985443
0.985443
0.985443
0.985443
0.985443
0.985443
0.985443
0.985443
0.985443
0.985443
0.985443
0.985443
0.985443
0.985443
0.985443
0.985443
0.985443
0.985443
0.985443
0.985443
0.985443
0.985443
0.985443
0.985443
0.985443
0.985443
0.985443
0.985443
0.985443
0.985443
0.985443
0.985443
0.985443
0.985443
0.985443
0.985443
0.985443
0.985443
0.985443
0.985443
0.985443
0.985443
0.985443
0.985443
0.985443
0.985443
0.985443
0.985443
0.985443
0.985443
0.985443
0.985443
0.985443
0.985443
0.985443
0.985443
0.985443
0.985443
0.985443
0.985443
0.985443
0.985443
0.985443
0.985443
0.985443
0.985443
0.985443
0.985443
0.985443
0.985443
0.985443
0.985443
0.985443
0.985443
0.985443
0.985443
0.985443
0.985443
0.985443
0.985443
0.985443
0.985443
0.985443
0.985443
0.985443
0.985443
0.985443
0.985443
0.985443
0.985443
0.985443
0.985443
0.985443
0.985443
0.985443
0.985443
0.985443
0.985443
0.985443
0.985443
0.985443
0.985443
0.985443
0.985443
0.985443
0.985443
0.985443
0.985443
0.985443
0.985443
0.985443
0.985443
0.985443
0.985443
0.985443
0.985443
0.985443
0.985443
0.985443
0.985443
0.985443
0.985443
0.985443
0.985443
0.985443
0.985443
0.985443
0.985443
0.985443
0.985443
0.985443
0.985443
0.985443
0.985443
0.985443
0.985443
0.985443
0.985443
0.985443
0.985443
0.985443
0.985443
0.985443
0.985443
0.985443
0.985443
0.985443
0.985443
0.985443
0.985443
0.985443
0.985443
0.985443
0.985443
0.985443
0.985443
0.985443
0.985443
0.985443
0.985443
0.985443
0.985443
0.985443
0.985443
0.985443
0.985443
0.985443
0.985443
0.985596
0.98584
0.986084
0.98645
0.986694
0.986938
0.987183
0.987427
0.987671
0.987915
0.988159
0.988403
0.98877
0.989014
0.989258
0.98941
0.98941
0.98941
0.98941
0.98941
0.98941
0.98941
0.98941
0.98941
0.98941
0.98941
0.98941
0.98941
0.98941
0.98941
0.98941
0.98941
0.98941
0.98941
0.98941
0.98941
0.98941
0.98941
0.98941
0.98941
0.98941
0.98941
0.98941
0.98941
0.98941
0.98941
0.98941
0.98941
0.98941
0.98941
0.98941
0.98941
0.98941
0.98941
0.98941
0.98941
0.98941
0.98941
0.98941
0.98941
0.98941
0.98941
0.98941
0.98941
0.98941
0.98941
0.98941
0.98941
0.98941
0.98941
0.98941
0.98941
0.98941
0.98941
0.98941
0.98941
0.98941
0.98941
0.98941
0.98941
0.98941
