0
0
0
0
0
0
0.00012207
0.000366211
0.000854492
0.00177002
0.00326538
0.00552368
0.00869751
0.0129089
0.0183105
0.0288086
0.0374756
0.0475464
0.0590515
0.0719604
0.0862732
0.101959
0.118958
0.137207
0.156677
0.177277
0.199005
0.22171
0.245392
0.269989
0.295441
0.321625
0.348511
0.362213
0.404114
0.432739
0.461792
0.491211
0.520966
0.550995
0.581268
0.611725
0.642242
0.67276
0.688019
0.733795
0.764221
0.794495
0.824524
0.854279
0.883759
0.912903
0.94162
0.96994
0.997772
1.03854
1.05185
1.078
1.10352
1.14056
1.15256
1.17599
1.19864
1.22052
1.25183
1.27167
1.29062
1.30869
1.3259
1.34213
1.35751
1.37192
1.38535
1.3978
1.40927
1.41977
1.42929
1.43784
1.4454
1.452
1.4577
1.46246
1.46448
1.46906
1.47101
1.47202
1.47214
1.47137
1.46863
1.46576
1.46207
1.45758
1.45233
1.44632
1.43961
1.43216
1.41977
1.41531
1.401
1.39075
1.37994
1.36859
1.35675
1.34442
1.33167
1.31851
1.30499
1.29114
1.27695
1.26248
1.2478
1.23291
1.21777
1.20251
1.18713
1.17163
1.15601
1.14038
1.12476
1.10913
1.09351
1.07788
1.05463
1.04694
1.03162
1.01648
1.00153
0.979431
0.972198
0.957886
0.93692
0.930084
0.910034
0.903503
0.890686
0.872131
0.86026
0.848755
0.837646
0.826996
0.816742
0.806915
0.797546
0.788635
0.780212
0.772278
0.764832
0.757874
0.751404
0.745422
0.73999
0.735046
0.730591
0.724854
0.723206
0.720276
0.717834
0.715088
0.714417
0.713135
0.71286
0.713043
0.713684
0.714783
0.716309
0.718262
0.720612
0.723389
0.726593
0.730133
0.73407
0.738342
0.742981
0.747955
0.753204
0.758759
0.764587
0.770721
0.7771
0.783691
0.790527
0.797577
0.80484
0.812256
0.819824
0.827576
0.835388
0.843414
0.851471
0.859619
0.86792
0.876221
0.884521
0.892822
0.901123
0.909424
0.921875
0.926025
0.938477
0.942627
0.950714
0.962799
0.970673
0.978485
0.9823
0.993591
1.00092
1.00452
1.0116
1.02185
1.02515
1.03482
1.04102
1.047
1.0528
1.05838
1.06375
1.06888
1.07379
1.07846
1.08292
1.08713
1.09106
1.09476
1.09821
1.10138
1.10562
1.1069
1.10928
1.11139
1.11322
1.11551
1.11612
1.11716
1.11795
1.11847
1.11877
1.11868
1.11856
1.11777
1.11694
1.11591
1.11465
1.11319
1.11148
1.10959
1.10751
1.10526
1.10281
1.10016
1.09738
1.09445
1.09131
1.0881
1.08469
1.08121
1.07755
1.07385
1.06995
1.06604
1.06204
1.05789
1.05374
1.04959
1.04538
1.04099
1.03659
1.0322
1.0278
1.02341
1.01682
1.01242
1.01031
1.00409
0.999939
0.995789
0.991638
0.98761
0.983704
0.979797
0.975891
0.972168
0.968506
0.964844
0.961273
0.957855
0.954437
0.95108
0.947906
0.944733
0.941681
0.938751
0.935822
0.933136
0.93045
0.927948
0.925507
0.923218
0.921021
0.919006
0.917053
0.915314
0.913666
0.912201
0.910858
0.909637
0.908112
0.907654
0.906921
0.906281
0.905609
0.905365
0.905243
0.905243
0.905396
0.90564
0.906067
0.906555
0.907257
0.90799
0.908905
0.909882
0.91098
0.912201
0.913452
0.914917
0.916382
0.917969
0.919678
0.921387
0.923218
0.925171
0.927124
0.929077
0.931244
0.933441
0.935638
0.937836
0.940033
0.942261
0.944702
0.947144
0.949585
0.952026
0.954468
0.956909
0.959351
0.96167
0.963867
0.966064
0.968262
0.970459
0.972656
0.974854
0.976959
0.978912
0.981842
0.982819
0.984772
0.986633
0.988342
0.990906
0.992615
0.994232
0.995697
0.997162
0.998627
1.00009
1.00131
1.00253
1.00375
1.00497
1.00601
1.00699
1.00797
1.00894
1.00983
1.01056
1.01129
1.01202
1.01276
1.01331
1.01379
1.01428
1.01477
1.01526
1.0155
1.01575
1.01599
1.01624
1.01648
1.01654
1.01654
1.01654
1.01654
1.01654
1.01639
1.01614
1.0159
1.01578
1.01541
1.01517
1.01505
1.01447
1.01398
1.01349
1.013
1.01251
1.01202
1.01154
1.01105
1.0105
1.00977
1.00903
1.0083
1.00757
1.00684
1.0061
1.00537
1.005
1.00391
1.00317
1.00244
1.00171
1.00098
1.00024
0.999512
0.997925
0.99646
0.995483
0.994507
0.99353
0.992554
0.991577
0.990112
0.989136
0.988159
0.987183
0.986206
0.985229
0.984253
0.983276
0.982483
0.98175
0.981018
0.980286
0.979553
0.978821
0.977722
0.97699
0.976257
0.975525
0.974792
0.973694
0.973328
0.972229
0.971863
0.970764
0.970032
0.969299
0.968781
0.968292
0.967804
0.967316
0.966827
0.966339
0.965851
0.965363
0.964874
0.964386
0.963898
0.963409
0.963104
0.96286
0.962616
0.962372
0.962128
0.961884
0.961639
0.961395
0.961151
0.960785
0.960663
0.960632
0.960632
0.960632
0.960632
0.960632
0.960632
0.960632
0.960632
0.960632
0.960632
0.960632
0.960785
0.961029
0.961273
0.961517
0.961761
0.962006
0.96225
0.962494
0.962738
0.962982
0.963226
0.96347
0.963715
0.963959
0.964203
0.964447
0.964691
0.964935
0.965424
0.965912
0.9664
0.966888
0.967377
0.967865
0.968597
0.968842
0.96933
0.969818
0.970306
0.971039
0.971283
0.971771
0.97226
0.972748
0.973236
0.973969
0.974457
0.974701
0.975433
0.975922
0.97641
0.976898
0.977386
0.977875
0.978363
0.978851
0.979218
0.979462
0.979706
0.97995
0.980194
0.980438
0.980682
0.980927
0.981171
0.981415
0.981659
0.981903
0.982147
0.982391
0.982635
0.98288
0.983124
0.983368
0.983612
0.983856
0.9841
0.984344
0.984589
0.984833
0.985077
0.985321
0.985565
0.985809
0.985962
0.985962
0.985962
0.985962
0.985962
0.985962
0.985962
0.985962
0.985962
0.985962
0.985962
0.985962
0.985962
0.985962
0.985962
0.985962
0.985962
0.985962
0.985962
0.985962
0.985962
0.985962
0.985962
0.985962
0.985962
0.985962
0.985962
0.985962
0.985962
0.985962
0.985962
0.985962
0.985962
0.985962
0.985962
0.985962
0.985962
0.985962
0.985962
0.985962
0.985962
0.985962
0.985962
0.985962
0.985962
0.985962
0.985962
0.985901
0.985535
0.985291
0.985046
0.984802
0.984558
0.984314
0.98407
0.983826
0.983582
0.983337
0.983093
0.982849
0.982605
0.982361
0.982117
0.981873
0.981628
0.981384
0.98114
0.980896
0.980896
0.980896
0.980896
0.980896
0.980896
0.980896
0.980896
0.980896
0.980896
0.980896
0.980896
0.980896
0.980896
0.980896
0.980896
0.980896
0.980896
0.980896
0.980896
0.980896
0.980896
0.980896
0.980896
0.980896
0.980896
0.980896
0.980896
0.980896
0.980896
0.980896
0.980896
0.980896
0.980896
0.980896
0.980896
0.980896
0.980896
0.980896
0.980896
0.980896
0.980896
0.980896
0.980896
0.980896
0.980896
0.980896
0.980896
0.980896
0.980896
0.980896
0.980896
0.980896
0.980896
0.980896
0.980896
0.980896
0.980896
0.980896
0.980896
0.980896
0.980896
0.980896
0.980896
0.980896
0.980896
0.980896
0.980896
0.980896
0.980896
0.980896
0.980896
0.980896
0.980896
0.980896
0.980896
0.980896
0.980896
0.980896
0.980896
0.980896
0.980896
0.980896
0.980896
0.980896
0.980896
0.980896
0.980896
0.980896
0.980896
0.980896
0.980896
0.980896
0.980896
0.980896
0.980896
0.980896
0.980896
0.980896
0.980896
0.980896
0.980896
0.980896
0.980896
0.980896
0.980896
0.980896
0.980896
0.980896
0.980896
0.980896
0.980927
0.981171
0.981415
0.981659
0.981903
0.982147
0.982391
0.982635
0.98288
0.983124
0.983368
0.983612
0.983856
0.9841
0.984344
0.984589
0.984833
0.985077
0.985321
0.985565
0.985809
0.985992
0.985992
0.985992
0.985992
0.985992
0.985992
0.985992
0.985992
0.985992
0.985992
0.985992
0.985992
0.985992
0.985992
0.985992
0.985992
0.985992
0.985992
0.985992
0.985992
0.985992
0.985992
0.985992
0.985992
0.985992
0.985992
0.985992
0.985992
0.985992
0.985992
0.985992
0.985992
0.985992
0.985992
0.985992
0.985992
0.985992
0.985992
0.985992
0.985992
0.985992
0.985992
0.985992
0.985992
0.985992
0.985992
0.985992
0.985992
0.985992
0.985992
0.985992
0.985992
0.985992
0.985992
0.985992
0.985992
0.985992
0.985992
0.985992
0.985992
0.985992
0.985992
0.985992
0.985992
0.985992
0.985992
0.985992
0.985992
0.985992
0.985992
0.985992
0.985992
0.985992
0.985992
0.985992
0.985992
0.985992
0.985992
0.985992
0.985992
0.985992
0.985992
0.985992
0.985992
0.985992
0.985992
0.985992
0.985992
0.985992
0.985992
0.985992
0.985992
0.985992
0.985992
0.985992
0.985992
0.985992
0.985992
0.985992
0.985992
0.985992
0.985992
0.985992
0.985992
0.985992
0.985992
0.985992
0.985992
0.985992
0.985992
0.985992
0.985992
0.985992
0.985992
0.985992
0.985992
0.985992
0.985992
0.985992
0.985992
0.985992
0.985992
0.985992
0.985992
0.985992
0.985992
0.985992
0.985992
0.985992
0.985992
0.985992
0.985992
0.985992
0.985992
0.985992
0.985992
0.985992
0.985992
0.985992
0.985992
0.985992
0.985992
0.985992
0.985992
0.985992
0.985992
0.985992
0.985992
0.985992
0.985992
0.985992
0.985992
0.985992
0.985992
0.985992
0.985992
0.985992
0.985992
0.985992
0.985992
0.985992
0.985992
0.985992
0.985992
0.985992
0.985992
0.985992
0.985992
0.985992
0.985992
0.985992
0.985992
0.985992
0.985992
0.985992
0.985992
0.985992
0.985992
0.985992
0.985992
0.985992
0.985992
0.985992
0.985992
0.985992
0.985992
0.985992
0.985992
0.985992
0.985992
0.985992
0.985992
0.985992
0.985992
0.985992
0.985992
0.985992
0.985992
0.985992
0.985992
0.985992
0.985992
0.985992
0.985992
0.985992
0.985992
0.985992
0.985992
0.985992
0.985992
0.985992
0.985992
0.985992
0.985992
0.985992
0.985992
0.986206
0.98645
0.986694
0.986938
0.987183
0.987549
0.987793
0.987915
0.988159
0.988403
0.98877
0.988892
0.989136
0.989502
0.989624
0.989868
0.989868
