0
0
0
0
0
9.15526e-05
0.000335693
0.000823974
0.0017395
0.00323486
0.00549316
0.00866699
0.0128784
0.0182495
0.0249329
0.0328979
0.0422668
0.0530701
0.0652466
0.0788269
0.093811
0.118805
0.127777
0.156525
0.166687
0.187897
0.221588
0.233307
0.257477
0.282532
0.30835
0.34848
0.376038
0.404175
0.432861
0.447388
0.476715
0.521393
0.551544
0.581909
0.627686
0.658356
0.689117
0.719727
0.750244
0.78064
0.810852
0.84079
0.870453
0.89978
0.928711
0.957214
0.985229
1.01276
1.05295
1.07904
1.10446
1.12924
1.15332
1.18811
1.21033
1.23175
1.25238
1.27216
1.29108
1.30908
1.32617
1.34232
1.35757
1.37186
1.38516
1.40329
1.41415
1.42404
1.43295
1.44089
1.44797
1.45407
1.4592
1.46512
1.46793
1.46976
1.47073
1.47083
1.47
1.46835
1.46582
1.46249
1.45834
1.4534
1.44769
1.44125
1.43411
1.42627
1.41776
1.4086
1.39374
1.38309
1.37192
1.36026
1.34811
1.33551
1.32245
1.30902
1.29523
1.28113
1.25943
1.25208
1.23718
1.22205
1.20676
1.19138
1.17581
1.15237
1.13675
1.12894
1.11331
1.09769
1.07425
1.06656
1.05118
1.02838
1.01343
0.998657
0.9841
0.969788
0.95575
0.941986
0.928497
0.908905
0.896271
0.883972
0.87204
0.860474
0.849335
0.838562
0.828217
0.813538
0.808868
0.799866
0.787231
0.779419
0.772034
0.765137
0.758728
0.752869
0.747498
0.742615
0.73822
0.734314
0.729401
0.726776
0.72464
0.722931
0.72171
0.720978
0.720703
0.720886
0.721497
0.722565
0.72406
0.727051
0.729584
0.732483
0.735779
0.73941
0.743408
0.747742
0.752441
0.757416
0.762695
0.76825
0.774078
0.780151
0.789734
0.796387
0.803223
0.810303
0.817535
0.82489
0.836243
0.840057
0.851776
0.859589
0.867645
0.875702
0.883759
0.891815
0.899872
0.907928
0.915985
0.924042
0.932098
0.939911
0.947723
0.955536
0.963104
0.970673
0.981689
0.988861
0.995941
1.00278
1.00949
1.01605
1.0224
1.02853
1.03448
1.04025
1.04584
1.05121
1.05637
1.06131
1.06607
1.07062
1.07492
1.07901
1.08286
1.08817
1.0914
1.09439
1.09714
1.09964
1.1019
1.10388
1.10562
1.10712
1.10837
1.10934
1.11008
1.11057
1.11081
1.11072
1.11038
1.10983
1.10907
1.10809
1.10687
1.10544
1.10382
1.10202
1.10007
1.09787
1.0943
1.09305
1.09036
1.08609
1.08463
1.07996
1.07672
1.0733
1.06989
1.06625
1.06259
1.05893
1.05505
1.05115
1.04724
1.04333
1.03943
1.03552
1.03162
1.02771
1.0238
1.0199
1.01599
1.01208
1.00818
1.00427
1.00037
0.996674
0.993011
0.989349
0.983856
0.982025
0.976898
0.975189
0.970062
0.966736
0.963562
0.960388
0.957214
0.954254
0.951324
0.948395
0.945618
0.944275
0.940247
0.937775
0.935333
0.932953
0.930756
0.928558
0.926605
0.924652
0.922913
0.921204
0.919708
0.918243
0.917023
0.915833
0.914856
0.913574
0.913208
0.912354
0.911896
0.911774
0.911469
0.911469
0.91153
0.911774
0.912079
0.912567
0.913086
0.913818
0.914551
0.915985
0.916962
0.918182
0.919403
0.920685
0.92215
0.923615
0.92514
0.926849
0.928558
0.930267
0.933105
0.934082
0.937012
0.938965
0.940918
0.942963
0.94516
0.947357
0.949554
0.951752
0.953949
0.956146
0.958344
0.960419
0.963348
0.965302
0.967255
0.969208
0.971161
0.974091
0.975952
0.977661
0.97937
0.981079
0.982788
0.984497
0.985992
0.987457
0.988922
0.990387
0.991852
0.993103
0.994324
0.995544
0.996765
0.997986
0.998962
0.999939
1.0014
1.00189
1.0032
1.00357
1.00467
1.0054
1.00613
1.00677
1.00726
1.00775
1.008
1.00873
1.00922
1.00946
1.00983
1.01007
1.01031
1.01056
1.01065
1.01065
1.01065
1.01065
1.01065
1.01065
1.01056
1.01031
1.01007
1.00983
1.00958
1.00934
1.00897
1.00873
1.00827
1.00778
1.00729
1.00681
1.00632
1.00583
1.00534
1.00485
1.00436
1.00388
1.00339
1.00287
1.00214
1.0014
1.00067
0.999939
0.99884
0.998474
0.997742
0.997009
0.996277
0.995544
0.994446
0.993713
0.992981
0.992249
0.991516
0.990784
0.990051
0.989319
0.988586
0.987488
0.986755
0.986023
0.985291
0.984558
0.983826
0.983093
0.982361
0.981628
0.980896
0.979797
0.979065
0.978699
0.9776
0.976868
0.976135
0.975403
0.97467
0.973938
0.973297
0.972809
0.972321
0.971832
0.971344
0.970856
0.970123
0.969879
0.969391
0.968903
0.968414
0.967682
0.967438
0.966949
0.966461
0.966095
0.965729
0.965607
0.965363
0.964996
0.964874
0.964508
0.964386
0.96402
0.963776
0.963654
0.963287
0.963104
0.963104
0.963104
0.963104
0.963104
0.963104
0.963104
0.963104
0.963104
0.963104
0.963104
0.963104
0.963104
0.963104
0.963196
0.96344
0.963684
0.963928
0.964172
0.964417
0.964661
0.964905
0.965271
0.965515
0.965759
0.965881
0.966248
0.96637
0.966614
0.96698
0.967102
0.967346
0.967712
0.967957
0.968201
0.968445
0.968689
0.968933
0.969177
0.969421
0.969543
0.96991
0.970154
0.970398
0.970642
0.97113
0.971619
0.972107
0.972595
0.973083
0.973572
0.97406
0.974518
0.974762
0.975006
0.97525
0.975494
0.975739
0.975983
0.976227
0.976471
0.976715
0.976959
0.977203
0.97757
0.977692
0.977936
0.97818
0.978424
0.97879
0.979034
0.979279
0.979523
0.979767
0.980011
0.980255
0.980499
0.980743
0.980988
0.981232
0.981476
0.98172
0.981964
0.98233
0.982452
0.982819
0.983063
0.983307
0.983551
0.983673
0.984039
0.984283
0.984528
0.984772
0.984955
0.984955
0.984955
0.984955
0.984955
0.984955
0.984955
0.984955
0.984955
0.984955
0.984955
0.984955
0.984955
0.984955
0.984955
0.984955
0.984955
0.984955
0.984955
0.984955
0.984955
0.984955
0.984955
0.984955
0.984955
0.984955
0.984955
0.984955
0.984955
0.984955
0.984955
0.984955
0.984955
0.984955
0.984955
0.984955
0.984955
0.984955
0.984955
0.984955
0.984955
0.984955
0.984955
0.984955
0.984955
0.984955
0.984955
0.984955
0.984955
0.984955
0.984955
0.984955
0.984955
0.984955
0.984955
0.984955
0.984955
0.984955
0.984955
0.984955
0.984955
0.984955
0.984955
0.984955
0.984955
0.984955
0.984955
0.984955
0.984955
0.984955
0.984955
0.984955
0.984955
0.984955
0.984955
0.984955
0.984955
0.984955
0.984955
0.984955
0.984955
0.984955
0.984955
0.984955
0.984955
0.984955
0.984955
0.984955
0.984955
0.984955
0.984955
0.984955
0.984955
0.984955
0.984955
0.984955
0.984955
0.984955
0.984955
0.984955
0.984955
0.984955
0.984955
0.984955
0.984955
0.984955
0.984955
0.984955
0.984955
0.984955
0.984955
0.984955
0.984955
0.984955
0.984955
0.984955
0.984955
0.984955
0.984955
0.984955
0.984955
0.984955
0.984955
0.984955
0.984955
0.984955
0.984955
0.984955
0.984955
0.984955
0.984955
0.984955
0.984955
0.984955
0.984955
0.984955
0.984955
0.984955
0.984955
0.984955
0.984955
0.984955
0.984955
0.984955
0.984955
0.984955
0.984955
0.984955
0.984955
0.984955
0.984955
0.984955
0.984955
0.984955
0.984955
0.984955
0.984955
0.984955
0.984955
0.984955
0.984955
0.984955
0.984955
0.984955
0.984955
0.984955
0.984955
0.984955
0.984955
0.984955
0.984955
0.984955
0.984955
0.984955
0.984955
0.984955
0.984955
0.984955
0.984955
0.984955
0.984955
0.984955
0.984955
0.984955
0.984955
0.984955
0.984955
0.984955
0.984955
0.984955
0.984955
0.984955
0.984955
0.984955
0.984955
0.984955
0.984955
0.984955
0.984955
0.984955
0.984955
0.984955
0.984955
0.984955
0.984955
0.984955
0.984955
0.984955
0.984955
0.984955
0.984955
0.984955
0.984955
0.984955
0.984955
0.984955
0.984955
0.984955
0.984955
0.984955
0.984955
0.984955
0.984955
0.984955
0.984955
0.984955
0.984955
0.984955
0.984955
0.984955
0.984955
0.984955
0.984955
0.984955
0.984955
0.984955
0.984955
0.984955
0.984955
0.984955
0.984955
0.984955
0.984955
0.984955
0.984955
0.984955
0.984955
0.984955
0.984955
0.984955
0.984955
0.984955
0.984955
0.984955
0.984955
0.984955
0.984955
0.984955
0.984955
0.984955
0.984955
0.984955
0.984955
0.984955
0.984955
0.984955
0.984955
0.984955
0.984955
0.984955
0.984955
0.984955
0.984955
0.984955
0.984955
0.984955
0.984955
0.984955
0.984955
0.984955
0.984955
0.984955
0.984955
0.984955
0.984955
0.984955
0.984955
0.984955
0.984955
0.984955
0.984955
0.984955
0.984955
0.984955
0.984955
0.984955
0.984955
0.984955
0.984955
0.984955
0.984955
0.984955
0.984955
0.984955
0.984955
0.984955
0.984955
0.984955
0.984955
0.984955
0.984955
0.984955
0.984955
0.984955
0.984955
0.984955
0.984955
0.984955
0.984955
0.984955
0.985016
0.985138
0.985504
0.985748
0.985992
0.986237
0.986603
0.986847
0.986969
0.987335
0.987579
0.987823
0.988068
0.988312
0.988556
0.9888
0.988892
0.988892
0.988892
0.988892
0.988892
0.988892
0.988892
0.988892
0.988892
0.988892
0.988892
0.988892
0.988892
0.988892
0.988892
0.988892
0.988892
0.988892
0.988892
0.988892
0.988892
0.988892
0.988892
0.988892
0.988892
0.988892
0.988892
0.988892
0.988892
0.988892
0.988892
0.988892
0.988892
0.988892
0.988892
0.988892
0.988892
0.988892
0.988892
0.988892
0.988892
0.988892
0.988892
0.988892
0.988892
0.988892
0.988892
0.988892
0.988892
0.988892
0.988892
0.988892
0.988892
0.988892
0.988892
0.988892
0.988892
0.988892
0.988892
0.988892
0.988892
0.988892
0.988892
0.988892
0.988892
0.988892
0.988892
0.988892
0.988892
0.988892
0.988892
0.988892
0.988892
0.988892
0.988892
0.988892
0.988892
0.988892
0.988892
0.988892
0.988892
0.988892
0.988892
0.988892
0.988892
0.988892
0.988892
0.988892
0.988892
0.988892
0.988892
0.988892
0.988892
0.988892
0.988892
0.988892
0.988892
