0
0
0
0
0
0
0.000122071
0.000366211
0.000854492
0.00244141
0.00430298
0.00698853
0.0106506
0.0154419
0.0214539
0.0287781
0.0374451
0.0475159
0.059021
0.0718994
0.0861816
0.101837
0.118835
0.137054
0.156525
0.177124
0.198822
0.221527
0.245209
0.269745
0.295074
0.321198
0.348022
0.375458
0.403473
0.431976
0.460907
0.490234
0.519867
0.564789
0.595001
0.610138
0.640411
0.685822
0.716095
0.731232
0.776428
0.806305
0.835938
0.865234
0.894165
0.922699
0.950806
0.978424
1.00552
1.03207
1.05798
1.08325
1.10788
1.13184
1.15506
1.17755
1.19928
1.22021
1.24033
1.25964
1.27808
1.29565
1.31238
1.32822
1.34311
1.35025
1.37021
1.38242
1.39365
1.40396
1.41336
1.42178
1.42932
1.43591
1.44159
1.44635
1.45178
1.45312
1.4552
1.45667
1.45673
1.45618
1.4538
1.45261
1.44778
1.44577
1.44122
1.43298
1.42661
1.41956
1.41177
1.40344
1.39444
1.38489
1.37476
1.36407
1.35291
1.34128
1.32919
1.31671
1.30386
1.29062
1.27707
1.26324
1.24915
1.2348
1.22028
1.2056
1.1907
1.17578
1.16064
1.14551
1.13037
1.11523
1.1001
1.08496
1.06992
1.05502
1.04022
1.02557
1.01114
0.996887
0.982849
0.962219
0.955505
0.935699
0.922852
0.916534
0.898102
0.886261
0.874756
0.863647
0.852936
0.842621
0.832733
0.823273
0.81424
0.805664
0.797546
0.789886
0.782684
0.77597
0.769714
0.7612
0.756134
0.751526
0.747375
0.743713
0.740509
0.737762
0.735504
0.733673
0.73233
0.731445
0.730988
0.730988
0.731384
0.732239
0.734283
0.735168
0.738434
0.741058
0.74408
0.747406
0.751129
0.755157
0.759491
0.76416
0.769104
0.774323
0.779816
0.785553
0.791504
0.797668
0.804016
0.810608
0.817352
0.824219
0.831299
0.83844
0.845764
0.853088
0.860626
0.868195
0.875763
0.883331
0.890961
0.898773
0.906586
0.914398
0.922058
0.933411
0.937195
0.948547
0.955963
0.959625
0.970551
0.974091
0.98465
0.991486
0.998169
1.00473
1.01108
1.01724
1.02325
1.02908
1.0347
1.04013
1.04538
1.05045
1.0553
1.05994
1.06436
1.06857
1.0726
1.07639
1.07996
1.08331
1.08643
1.08929
1.09192
1.0943
1.09647
1.09839
1.1008
1.1015
1.10269
1.10364
1.10434
1.10495
1.10507
1.10498
1.10486
1.10443
1.10342
1.10245
1.10129
1.09995
1.09842
1.09671
1.09479
1.09274
1.09055
1.08813
1.08563
1.08295
1.08014
1.07721
1.07416
1.07098
1.06775
1.06433
1.06091
1.0574
1.05374
1.05008
1.04642
1.04276
1.03906
1.03516
1.03125
1.02734
1.02344
1.01953
1.01569
1.01202
1.00836
1.00287
0.999207
0.995544
0.991882
0.988434
0.985016
0.981598
0.97818
0.974823
0.971649
0.968475
0.965302
0.962219
0.95929
0.95636
0.95343
0.950714
0.948029
0.945343
0.942841
0.940399
0.937958
0.93576
0.933563
0.930481
0.929504
0.926727
0.925873
0.923431
0.922699
0.920624
0.919403
0.918823
0.917358
0.916565
0.915833
0.915314
0.914825
0.914551
0.914307
0.914307
0.914307
0.914551
0.914795
0.915253
0.915741
0.916382
0.917114
0.917908
0.918396
0.921021
0.922241
0.923462
0.924896
0.926361
0.927826
0.929443
0.931152
0.932861
0.935425
0.936371
0.938324
0.940277
0.94223
0.944183
0.947113
0.94809
0.950043
0.952972
0.953949
0.956879
0.957855
0.959808
0.963715
0.964691
0.967621
0.969574
0.971405
0.973114
0.974823
0.976532
0.978241
0.97995
0.981598
0.983063
0.984528
0.985992
0.987457
0.988922
0.990143
0.991364
0.992584
0.993805
0.995026
0.996002
0.996979
0.997955
0.998932
0.999908
1.00067
1.0014
1.00214
1.00323
1.00394
1.00443
1.00491
1.0054
1.00589
1.00638
1.0069
1.00702
1.00739
1.00763
1.00787
1.00812
1.00821
1.00821
1.00821
1.00821
1.00821
1.00821
1.00821
1.00806
1.00781
1.00757
1.00732
1.00708
1.00684
1.00659
1.00635
1.0061
1.00568
1.00519
1.0047
1.00421
1.00372
1.00323
1.00275
1.00226
1.00177
1.00128
1.00079
1.00031
0.999817
0.999237
0.998505
0.997772
0.99704
0.996307
0.995575
0.994843
0.99411
0.993011
0.992645
0.991547
0.990814
0.990082
0.989349
0.988617
0.987885
0.987152
0.98642
0.985687
0.984955
0.984222
0.983856
0.982758
0.982391
0.981293
0.98056
0.979828
0.979095
0.978363
0.977631
0.976898
0.976166
0.975433
0.974792
0.974304
0.973816
0.973328
0.972839
0.972351
0.971863
0.971375
0.970886
0.970398
0.96991
0.969421
0.968933
0.968445
0.967957
0.967468
0.967224
0.966614
0.96637
0.966248
0.966003
0.965637
0.965393
0.965149
0.965027
0.964661
0.964539
0.964172
0.96405
0.963715
0.963715
0.963715
0.963715
0.963715
0.963715
0.963715
0.963715
0.963715
0.963715
0.963715
0.963715
0.963715
0.963715
0.963715
0.963837
0.964081
0.964325
0.964569
0.964813
0.965057
0.965302
0.965546
0.96579
0.966034
0.966278
0.966522
0.966766
0.96701
0.967255
0.967499
0.967743
0.967987
0.968353
0.968475
0.968719
0.969086
0.96933
0.969452
0.969696
0.96994
0.970306
0.970551
0.970795
0.971039
0.971283
0.971527
0.971771
0.972015
0.97226
0.972504
0.972748
0.972992
0.973236
0.97348
0.973724
0.973969
0.974213
0.974457
0.974701
0.974945
0.975189
0.975433
0.975677
0.975922
0.976166
0.97641
0.976654
0.976898
0.977142
0.977509
0.977631
0.977875
0.978119
0.978363
0.978729
0.978851
0.979218
0.979462
0.979584
0.97995
0.980194
0.980438
0.980682
0.980927
0.981171
0.981415
0.981659
0.981903
0.982147
0.982391
0.982635
0.98288
0.983124
0.983368
0.983612
0.983856
0.9841
0.984344
0.984467
0.984467
0.984467
0.984467
0.984467
0.984467
0.984467
0.984467
0.984467
0.984467
0.984467
0.984467
0.984467
0.984467
0.984467
0.984467
0.984467
0.984467
0.984467
0.984467
0.984467
0.984467
0.984467
0.984467
0.984467
0.984467
0.984467
0.984467
0.984467
0.984467
0.984467
0.984467
0.984467
0.984467
0.984467
0.984467
0.984467
0.984467
0.984467
0.984467
0.984467
0.984467
0.984467
0.984467
0.984467
0.984467
0.984467
0.984467
0.984467
0.984467
0.984467
0.984467
0.984467
0.984467
0.984467
0.984467
0.984467
0.984467
0.984467
0.984467
0.984467
0.984467
0.984467
0.984467
0.984467
0.984467
0.984467
0.984467
0.984467
0.984467
0.984467
0.984467
0.984467
0.984467
0.984467
0.984467
0.984467
0.984467
0.984467
0.984467
0.984467
0.984467
0.984467
0.984467
0.984467
0.984467
0.984467
0.984467
0.984467
0.984467
0.984467
0.984467
0.984467
0.984467
0.984467
0.984467
0.984467
0.984467
0.984467
0.984467
0.984467
0.984467
0.984467
0.984467
0.984467
0.984467
0.984467
0.984467
0.984467
0.984467
0.984467
0.984467
0.984467
0.984467
0.984467
0.984467
0.984467
0.984467
0.984467
0.984467
0.984467
0.984467
0.984467
0.984467
0.984467
0.984467
0.984467
0.984467
0.984467
0.984467
0.984467
0.984467
0.984467
0.984467
0.984467
0.984467
0.984467
0.984467
0.984467
0.984467
0.984467
0.984467
0.984467
0.984467
0.984467
0.984467
0.984467
0.984467
0.984467
0.984467
0.984467
0.984467
0.984467
0.984467
0.984467
0.984467
0.984467
0.984467
0.984467
0.984467
0.984467
0.984467
0.984467
0.984467
0.984467
0.984467
0.984467
0.984467
0.984467
0.984467
0.984467
0.984467
0.984467
0.984467
0.984467
0.984467
0.984467
0.984467
0.984467
0.984467
0.984467
0.984467
0.984467
0.984467
0.984467
0.984467
0.984467
0.984467
0.984467
0.984467
0.984467
0.984467
0.984467
0.984467
0.984467
0.984467
0.984467
0.984467
0.984467
0.984467
0.984467
0.984467
0.984467
0.984467
0.984467
0.984467
0.984467
0.984467
0.984467
0.984467
0.984467
0.984467
0.984467
0.984467
0.984467
0.984467
0.984467
0.984467
0.984467
0.984467
0.984467
0.984467
0.984467
0.984467
0.984467
0.984467
0.984467
0.984467
0.984467
0.984467
0.984467
0.984467
0.984467
0.984467
0.984467
0.984467
0.984467
0.984467
0.984467
0.984467
0.984467
0.984467
0.984467
0.984467
0.984467
0.984467
0.984467
0.984467
0.984467
0.984467
0.984467
0.984467
0.984467
0.984467
0.984467
0.984467
0.984467
0.984467
0.984467
0.984467
0.984467
0.984467
0.984467
0.984467
0.984467
0.984467
0.984467
0.984467
0.984467
0.984467
0.984467
0.984467
0.984467
0.984467
0.984467
0.984467
0.984467
0.984467
0.984467
0.984467
0.984467
0.984467
0.984467
0.984467
0.984467
0.984467
0.984467
0.984467
0.984467
0.984467
0.984467
0.984467
0.984467
0.984467
0.984467
0.984467
0.984467
0.984467
0.984467
0.984467
0.984467
0.984467
0.984467
0.984558
0.984802
0.985046
0.985291
0.985535
0.985779
0.986023
0.986267
0.986511
0.986755
0.987
0.987244
0.98761
0.987732
0.987976
0.98822
0.988464
0.988678
0.988678
0.988678
0.988678
0.988678
0.988678
0.988678
0.988678
0.988678
0.988678
0.988678
0.988678
0.988678
0.988678
0.988678
0.988678
0.988678
0.988678
0.988678
0.988678
0.988678
0.988678
0.988678
0.988678
0.988678
0.988678
0.988678
0.988678
0.988678
0.988678
0.988678
0.988678
0.988678
0.988678
0.988678
0.988678
0.988678
0.988678
0.988678
0.988678
0.988678
0.988678
0.988678
0.988678
0.988678
0.988678
0.988678
0.988678
0.988678
0.988678
0.988678
0.988678
0.988678
0.988678
0.988678
0.988678
0.988678
0.988678
0.988678
0.988678
0.988678
0.988678
0.988678
0.988678
0.988678
0.988678
0.988678
0.988678
0.988678
0.988678
0.988678
0.988678
0.988678
0.988678
0.988678
0.988678
0.988678
0.988678
0.988678
0.988678
0.988678
0.988678
0.988678
0.988678
0.988678
0.988678
0.988678
0.988678
0.988678
0.988678
0.988678
0.988678
0.988678
0.988678
0.988678
0.988678
0.988678
0.988678
0.988678
0.988678
0.988678
0.988678
