0
0
0
0
0
9.1553e-05
0.000335693
0.000823975
0.00170898
0.00320435
0.00546265
0.00863647
0.0128479
0.0213928
0.0249023
0.0328674
0.0422363
0.05896
0.0718384
0.0788269
0.101837
0.118835
0.137085
0.156555
0.177155
0.198883
0.221588
0.24527
0.269867
0.295319
0.321472
0.348358
0.375854
0.403931
0.432495
0.461487
0.490875
0.520569
0.550537
0.580719
0.62619
0.641449
0.671967
0.702484
0.732819
0.763092
0.793152
0.822998
0.867249
0.896332
0.925018
0.953278
0.98111
1.00839
1.03513
1.07413
1.08679
1.12378
1.13574
1.15912
1.19281
1.21426
1.23492
1.25476
1.27371
1.29184
1.30905
1.32541
1.34085
1.36227
1.3754
1.3876
1.39883
1.40909
1.41846
1.42688
1.43433
1.4408
1.44632
1.45096
1.45462
1.4574
1.45923
1.46021
1.4603
1.4588
1.45789
1.45544
1.45218
1.44812
1.44333
1.43472
1.4281
1.42081
1.41287
1.4043
1.39505
1.39023
1.37491
1.36404
1.35269
1.34085
1.32855
1.30942
1.30283
1.28256
1.26868
1.25452
1.24011
1.22546
1.21063
1.19571
1.173
1.15784
1.14246
1.12708
1.11169
1.08862
1.07346
1.05832
1.04327
1.02838
1.0137
0.999207
0.984924
0.970886
0.957123
0.943634
0.93045
0.917572
0.904999
0.892761
0.88089
0.869354
0.852783
0.842194
0.832031
0.822296
0.812988
0.804108
0.795685
0.787689
0.783875
0.773163
0.766571
0.760468
0.754852
0.749725
0.745087
0.740936
0.737274
0.7341
0.732697
0.728271
0.726746
0.725708
0.725098
0.724976
0.725281
0.726013
0.727173
0.72876
0.730743
0.734436
0.737396
0.740723
0.744415
0.748444
0.752777
0.757477
0.762451
0.767731
0.773285
0.779083
0.788269
0.794647
0.797943
0.808075
0.815063
0.818604
0.829498
0.836884
0.844452
0.848236
0.859772
0.867584
0.87149
0.883209
0.891022
0.894928
0.906647
0.910553
0.922272
0.926178
0.937897
0.945496
0.94928
0.956848
0.967896
0.975159
0.982239
0.989197
0.996033
1.00262
1.00909
1.01541
1.02151
1.02744
1.03317
1.03873
1.0441
1.04922
1.05417
1.0589
1.06345
1.06778
1.0719
1.07581
1.07947
1.08292
1.08612
1.08908
1.09183
1.09433
1.09659
1.0986
1.10037
1.1019
1.10318
1.10422
1.10504
1.10562
1.10596
1.10608
1.10599
1.10568
1.1048
1.10443
1.10345
1.10165
1.10092
1.09854
1.09769
1.09573
1.09256
1.09146
1.0878
1.08646
1.08377
1.07944
1.07797
1.07483
1.07004
1.06662
1.0632
1.05966
1.056
1.05234
1.04868
1.04492
1.04102
1.03711
1.0332
1.0293
1.02539
1.02148
1.01758
1.01562
1.0098
1.00613
1.00247
0.99881
0.995148
0.991486
0.987915
0.982788
0.97937
0.977661
0.972656
0.969482
0.967896
0.963135
0.961609
0.957214
0.954285
0.95282
0.948761
0.946075
0.943481
0.94104
0.938599
0.93634
0.934143
0.932007
0.930054
0.928131
0.926422
0.924713
0.923248
0.921783
0.920563
0.919373
0.918396
0.91748
0.916748
0.916077
0.915588
0.915192
0.914948
0.914795
0.914795
0.914856
0.9151
0.915375
0.915863
0.916351
0.917053
0.918152
0.91864
0.919617
0.920593
0.921783
0.923004
0.924957
0.92569
0.927887
0.928619
0.931122
0.932831
0.933685
0.936249
0.938202
0.940155
0.942108
0.944061
0.946014
0.947968
0.949921
0.951874
0.953827
0.95578
0.957733
0.959686
0.960663
0.963593
0.966522
0.968475
0.970398
0.972107
0.973816
0.975525
0.977234
0.978943
0.980652
0.982147
0.983612
0.985077
0.986542
0.988007
0.989319
0.99054
0.99176
0.992981
0.994202
0.9953
0.996277
0.997253
0.99823
0.999207
1.00009
1.00082
1.00156
1.00266
1.00302
1.004
1.00424
1.00497
1.00546
1.00595
1.0062
1.00674
1.00699
1.00723
1.00748
1.00772
1.00784
1.00809
1.00809
1.00809
1.00809
1.00809
1.00809
1.00809
1.008
1.00775
1.00751
1.00726
1.00702
1.00677
1.00653
1.00629
1.00604
1.00568
1.00519
1.0047
1.00421
1.00372
1.00299
1.00275
1.00226
1.00153
1.00128
1.00055
1.00006
0.999817
0.999329
0.99823
0.997498
0.996765
0.996399
0.9953
0.994568
0.993835
0.993103
0.992371
0.991638
0.990906
0.990173
0.989441
0.988708
0.987976
0.987244
0.986511
0.985779
0.985046
0.984314
0.983582
0.982849
0.982117
0.981384
0.980652
0.979919
0.979187
0.978455
0.977722
0.97699
0.976257
0.975525
0.974945
0.974457
0.973969
0.97348
0.972992
0.972504
0.972015
0.971527
0.971039
0.970551
0.970062
0.969574
0.969086
0.968597
0.968109
0.967621
0.967133
0.966827
0.966461
0.966339
0.966095
0.965729
0.965607
0.96524
0.965118
0.964874
0.96463
0.964264
0.964142
0.963776
0.963654
0.963654
0.963654
0.963654
0.963654
0.963654
0.963654
0.963654
0.963654
0.963654
0.963654
0.963654
0.963654
0.963654
0.963654
0.963837
0.964081
0.964325
0.964569
0.964813
0.965057
0.965302
0.965546
0.96579
0.966034
0.966278
0.9664
0.966766
0.96701
0.967255
0.967499
0.967743
0.968109
0.968231
0.968475
0.968719
0.968964
0.96933
0.969574
0.969818
0.970062
0.970306
0.970551
0.970795
0.971039
0.971283
0.971527
0.971771
0.972015
0.97226
0.972504
0.972748
0.972992
0.973236
0.97348
0.973724
0.973969
0.974213
0.974457
0.974701
0.974945
0.975189
0.975433
0.975677
0.975922
0.976166
0.97641
0.976654
0.976898
0.977142
0.977509
0.977631
0.977997
0.978119
0.978363
0.978607
0.978851
0.979095
0.97934
0.979706
0.979828
0.980194
0.980438
0.980682
0.980927
0.981171
0.981415
0.981659
0.981903
0.982147
0.982391
0.982758
0.98288
0.983246
0.983368
0.983612
0.983978
0.9841
0.984467
0.984558
0.984558
0.984558
0.984558
0.984558
0.984558
0.984558
0.984558
0.984558
0.984558
0.984558
0.984558
0.984558
0.984558
0.984558
0.984558
0.984558
0.984558
0.984558
0.984558
0.984558
0.984558
0.984558
0.984558
0.984558
0.984558
0.984558
0.984558
0.984558
0.984558
0.984558
0.984558
0.984558
0.984558
0.984558
0.984558
0.984558
0.984558
0.984558
0.984558
0.984558
0.984558
0.984558
0.984558
0.984558
0.984558
0.984558
0.984558
0.984558
0.984558
0.984558
0.984558
0.984558
0.984558
0.984558
0.984558
0.984558
0.984558
0.984558
0.984558
0.984558
0.984558
0.984558
0.984558
0.984558
0.984558
0.984558
0.984558
0.984558
0.984558
0.984558
0.984558
0.984558
0.984558
0.984558
0.984558
0.984558
0.984558
0.984558
0.984558
0.984558
0.984558
0.984558
0.984558
0.984558
0.984558
0.984558
0.984558
0.984558
0.984558
0.984558
0.984558
0.984558
0.984558
0.984558
0.984558
0.984558
0.984558
0.984558
0.984558
0.984558
0.984558
0.984558
0.984558
0.984558
0.984558
0.984558
0.984558
0.984558
0.984558
0.984558
0.984558
0.984558
0.984558
0.984558
0.984558
0.984558
0.984558
0.984558
0.984558
0.984558
0.984558
0.984558
0.984558
0.984558
0.984558
0.984558
0.984558
0.984558
0.984558
0.984558
0.984558
0.984558
0.984558
0.984558
0.984558
0.984558
0.984558
0.984558
0.984558
0.984558
0.984558
0.984558
0.984558
0.984558
0.984558
0.984558
0.984558
0.984558
0.984558
0.984558
0.984558
0.984558
0.984558
0.984558
0.984558
0.984558
0.984558
0.984558
0.984558
0.984558
0.984558
0.984558
0.984558
0.984558
0.984558
0.984558
0.984558
0.984558
0.984558
0.984558
0.984558
0.984558
0.984558
0.984558
0.984558
0.984558
0.984558
0.984558
0.984558
0.984558
0.984558
0.984558
0.984558
0.984558
0.984558
0.984558
0.984558
0.984558
0.984558
0.984558
0.984558
0.984558
0.984558
0.984558
0.984558
0.984558
0.984558
0.984558
0.984558
0.984558
0.984558
0.984558
0.984558
0.984558
0.984558
0.984558
0.984558
0.984558
0.984558
0.984558
0.984558
0.984558
0.984558
0.984558
0.984558
0.984558
0.984558
0.984558
0.984558
0.984558
0.984558
0.984558
0.984558
0.984558
0.984558
0.984558
0.984558
0.984558
0.984558
0.984558
0.984558
0.984558
0.984558
0.984558
0.984558
0.984558
0.984558
0.984558
0.984558
0.984558
0.984558
0.984558
0.984558
0.984558
0.984558
0.984558
0.984558
0.984558
0.984558
0.984558
0.984558
0.984558
0.984558
0.984558
0.984558
0.984558
0.984558
0.984558
0.984558
0.984558
0.984558
0.984558
0.984558
0.984558
0.984558
0.984558
0.984558
0.984558
0.984558
0.984558
0.984558
0.984558
0.984558
0.984558
0.984558
0.984558
0.984558
0.984558
0.984558
0.984558
0.984558
0.984558
0.984558
0.984558
0.984558
0.984558
0.984558
0.984558
0.984558
0.984558
0.984558
0.984558
0.984558
0.984558
0.984558
0.984558
0.984558
0.984558
0.984558
0.984558
0.984558
0.984558
0.984558
0.984558
0.984558
0.984558
0.98468
0.984924
0.985168
0.985413
0.985657
0.985901
0.986145
0.986389
0.986633
0.986877
0.987122
0.987366
0.98761
0.987854
0.988098
0.988342
0.988586
0.98877
0.98877
0.98877
0.98877
0.98877
0.98877
0.98877
0.98877
0.98877
0.98877
0.98877
0.98877
0.98877
0.98877
0.98877
0.98877
0.98877
0.98877
0.98877
0.98877
0.98877
0.98877
0.98877
0.98877
0.98877
0.98877
0.98877
0.98877
0.98877
0.98877
0.98877
0.98877
0.98877
0.98877
0.98877
0.98877
0.98877
0.98877
0.98877
0.98877
0.98877
0.98877
0.98877
0.98877
0.98877
0.98877
0.98877
0.98877
0.98877
0.98877
0.98877
0.98877
0.98877
0.98877
0.98877
0.98877
0.98877
0.98877
0.98877
0.98877
0.98877
0.98877
0.98877
0.98877
0.98877
0.98877
0.98877
0.98877
0.98877
0.98877
0.98877
0.98877
0.98877
0.98877
0.98877
0.98877
0.98877
0.98877
0.98877
0.98877
0.98877
0.98877
0.98877
0.98877
0.98877
0.98877
0.98877
0.98877
0.98877
0.98877
0.98877
0.98877
0.98877
0.98877
0.98877
0.98877
0.98877
0.98877
0.98877
