0
0
0
0
0
0
0.000244141
0.000579834
0.00125122
0.00244141
0.00430298
0.00698853
0.0106506
0.0154419
0.0214539
0.0287781
0.0374451
0.0475159
0.059021
0.0718994
0.0861816
0.101807
0.118774
0.136993
0.156464
0.177032
0.19873
0.221436
0.245087
0.269623
0.307922
0.321045
0.347839
0.375214
0.403168
0.43161
0.46051
0.504456
0.534241
0.564026
0.594238
0.624512
0.654785
0.685059
0.715332
0.745483
0.775269
0.805054
0.834351
0.863403
0.892151
0.920471
0.948303
0.975647
1.00244
1.01562
1.05426
1.07928
1.10358
1.1272
1.15009
1.17224
1.19354
1.21411
1.23389
1.25281
1.27094
1.28821
1.30457
1.32001
1.33459
1.34827
1.36108
1.37292
1.38391
1.39392
1.40302
1.41119
1.41846
1.4248
1.4303
1.43488
1.43854
1.44135
1.44324
1.44427
1.44452
1.44385
1.44147
1.44025
1.43719
1.43127
1.42889
1.42072
1.41766
1.41101
1.39978
1.39575
1.38275
1.37335
1.3634
1.35297
1.3476
1.33063
1.31885
1.30664
1.29401
1.28107
1.26788
1.25427
1.2406
1.2265
1.21234
1.19806
1.18341
1.16876
1.15411
1.13947
1.12482
1.11017
1.09552
1.08087
1.06622
1.05157
1.03735
1.02319
1.00903
0.995361
0.974976
0.961792
0.9552
0.936096
0.923706
0.911499
0.89978
0.888367
0.877258
0.866516
0.856262
0.846375
0.836853
0.827759
0.819092
0.810852
0.803101
0.795776
0.78894
0.782532
0.776611
0.771118
0.766113
0.761597
0.757507
0.753906
0.752197
0.747986
0.745728
0.743896
0.742493
0.741516
0.741028
0.740967
0.741272
0.742004
0.743103
0.744568
0.746521
0.748779
0.751343
0.754272
0.757629
0.76123
0.765137
0.76947
0.773926
0.78125
0.783875
0.789246
0.7948
0.800659
0.80658
0.812927
0.819275
0.825806
0.83606
0.839478
0.846313
0.853455
0.864441
0.868103
0.879089
0.882751
0.893738
0.901062
0.908386
0.91571
0.923035
0.930359
0.937683
0.945007
0.952332
0.959534
0.96637
0.973206
0.980042
0.986633
0.992981
0.999329
1.00549
1.01135
1.01721
1.02283
1.03088
1.03357
1.04095
1.0434
1.04816
1.05475
1.05908
1.06104
1.06689
1.07043
1.07385
1.07709
1.08002
1.08282
1.08527
1.08771
1.08966
1.09161
1.09308
1.09454
1.09558
1.09607
1.09723
1.09772
1.09796
1.09796
1.0979
1.09741
1.09692
1.09607
1.09509
1.09406
1.09259
1.09113
1.08948
1.08752
1.08557
1.0835
1.08105
1.07861
1.07617
1.07336
1.07043
1.0675
1.06458
1.06158
1.05817
1.05475
1.05133
1.04791
1.04279
1.04108
1.03766
1.03253
1.02911
1.0257
1.02228
1.01886
1.01544
1.01202
1.00861
1.00519
1.00177
0.998352
0.994934
0.991516
0.988098
0.98468
0.982971
0.979919
0.97406
0.97113
0.968201
0.965271
0.962341
0.959412
0.956604
0.954163
0.951721
0.94928
0.946838
0.944397
0.941956
0.939819
0.93689
0.934937
0.932983
0.93103
0.929382
0.927917
0.926453
0.924988
0.924255
0.921204
0.920227
0.919556
0.919067
0.918579
0.918091
0.917908
0.917908
0.917908
0.917908
0.918091
0.918579
0.919067
0.919556
0.920044
0.920898
0.921875
0.922852
0.923828
0.924805
0.926636
0.927368
0.928833
0.93103
0.932495
0.933228
0.934692
0.936157
0.937927
0.940857
0.94281
0.944763
0.946716
0.948669
0.950623
0.952576
0.954529
0.956482
0.958435
0.960388
0.962341
0.964294
0.966248
0.968201
0.970154
0.971924
0.973389
0.974854
0.976318
0.977783
0.979248
0.980713
0.982178
0.983643
0.985107
0.986572
0.98877
0.989319
0.990295
0.991272
0.992249
0.993713
0.99469
0.995178
0.996643
0.99762
0.998596
0.999573
1.00006
1.00055
1.00104
1.00153
1.00201
1.0025
1.00299
1.00348
1.00397
1.00446
1.00494
1.00543
1.00543
1.00543
1.00543
1.00543
1.00543
1.00543
1.00543
1.00543
1.00543
1.00543
1.00543
1.00543
1.00543
1.00543
1.00543
1.00494
1.0047
1.00397
1.00348
1.00299
1.0025
1.00201
1.00153
1.00104
1.00055
1.00006
0.999573
0.999084
0.998596
0.998108
0.997375
0.996887
0.996399
0.995911
0.995422
0.994934
0.994446
0.993958
0.993469
0.992737
0.992249
0.99176
0.991272
0.990784
0.990051
0.989807
0.989319
0.988831
0.988342
0.98761
0.987122
0.986877
0.986389
0.985657
0.985168
0.984924
0.984436
0.983704
0.983215
0.982727
0.982239
0.98175
0.981262
0.980774
0.980286
0.979797
0.979309
0.978821
0.978088
0.9776
0.977356
0.976624
0.976135
0.975647
0.975159
0.97467
0.974182
0.973694
0.973206
0.972717
0.972229
0.971741
0.971497
0.970764
0.970276
0.969788
0.969299
0.968811
0.968323
0.967834
0.967346
0.966858
0.96637
0.965881
0.965881
0.965881
0.965881
0.965881
0.965881
0.965881
0.965881
0.965881
0.965881
0.965881
0.965881
0.965881
0.965881
0.965881
0.965881
0.965881
0.965881
0.965881
0.965881
0.965881
0.965881
0.965881
0.965881
0.965881
0.965881
0.965881
0.965881
0.965881
0.965881
0.965881
0.965881
0.965881
0.965881
0.965881
0.965881
0.966248
0.966736
0.967224
0.967712
0.968201
0.968689
0.969421
0.96991
0.970398
0.970886
0.971375
0.971863
0.972107
0.972839
0.973328
0.973816
0.974304
0.974792
0.975281
0.975769
0.976257
0.976746
0.977234
0.977966
0.97821
0.978699
0.979431
0.979919
0.980408
0.980652
0.981384
0.981873
0.982361
0.982849
0.983337
0.983521
0.983521
0.983521
0.983521
0.983521
0.983521
0.983521
0.983521
0.983521
0.983521
0.983521
0.983521
0.983521
0.983521
0.983521
0.983521
0.983521
0.983521
0.983521
0.983521
0.983521
0.983521
0.983521
0.983521
0.983521
0.983521
0.983521
0.983521
0.983521
0.983521
0.983521
0.983521
0.983521
0.983521
0.983521
0.983521
0.983521
0.983521
0.983521
0.983521
0.983521
0.983521
0.983521
0.983521
0.983521
0.983521
0.983521
0.983521
0.983521
0.983521
0.983521
0.983521
0.983521
0.983521
0.983521
0.983521
0.983521
0.983521
0.983521
0.983521
0.983521
0.983521
0.983521
0.983521
0.983521
0.983521
0.983521
0.983521
0.983521
0.983521
0.983521
0.983521
0.983521
0.983521
0.983521
0.983521
0.983521
0.983521
0.983521
0.983521
0.983521
0.983521
0.983521
0.983521
0.983521
0.983521
0.983521
0.983521
0.983521
0.983521
0.983521
0.983521
0.983521
0.983521
0.983521
0.983521
0.983521
0.983521
0.983521
0.983521
0.983521
0.983521
0.983521
0.983521
0.983521
0.983521
0.983521
0.983521
0.983521
0.983521
0.983521
0.983521
0.983521
0.983521
0.983521
0.983521
0.983521
0.983521
0.983521
0.983521
0.983521
0.983521
0.983521
0.983521
0.983521
0.983521
0.983521
0.983521
0.983521
0.983521
0.983521
0.983521
0.983521
0.983521
0.983521
0.983521
0.983521
0.983521
0.983521
0.983521
0.983521
0.983521
0.983521
0.983521
0.983521
0.983521
0.983521
0.983521
0.983521
0.983521
0.983521
0.983521
0.983521
0.983521
0.983521
0.983521
0.983521
0.983521
0.983521
0.983521
0.983521
0.983521
0.983521
0.983521
0.983521
0.983521
0.983521
0.983521
0.983521
0.983521
0.983521
0.983521
0.983521
0.983521
0.983521
0.983521
0.983521
0.983521
0.983521
0.983521
0.983521
0.983521
0.983521
0.983521
0.983521
0.983521
0.983521
0.983521
0.983521
0.983521
0.983521
0.983521
0.983521
0.983521
0.983521
0.983521
0.983521
0.983521
0.983521
0.983521
0.983521
0.983521
0.983521
0.983521
0.983521
0.983521
0.983521
0.983521
0.983521
0.983521
0.983521
0.983521
0.983521
0.983521
0.983521
0.983521
0.983521
0.983521
0.983521
0.983521
0.983521
0.983521
0.983521
0.983521
0.983521
0.983521
0.983521
0.983521
0.983521
0.983521
0.983521
0.983521
0.983521
0.983521
0.983521
0.983521
0.983521
0.983521
0.983521
0.983521
0.983521
0.983521
0.983521
0.983521
0.983521
0.983521
0.983521
0.983521
0.983521
0.983521
0.983521
0.983521
0.983521
0.983521
0.983521
0.983521
0.983521
0.983521
0.983521
0.983521
0.983521
0.983521
0.983521
0.983521
0.983521
0.983521
0.983521
0.983521
0.983521
0.983521
0.983521
0.983521
0.983521
0.983521
0.983521
0.983521
0.983521
0.983521
0.983521
0.983521
0.983521
0.983521
0.983521
0.983521
0.983521
0.983521
0.983521
0.983521
0.983521
0.983521
0.983521
0.983521
0.983521
0.983521
0.983521
0.983521
0.983521
0.983521
0.983521
0.983521
0.983521
0.983521
0.983521
0.983521
0.983521
0.983521
0.983521
0.983521
0.983521
0.983521
0.983521
0.983521
0.983521
0.983521
0.983521
0.983521
0.983521
0.983521
0.983521
0.983521
0.983521
0.983521
0.983521
0.983521
0.983521
0.983521
0.983521
0.983521
0.983521
0.983521
0.983521
0.983521
0.983521
0.983521
0.983521
0.983521
0.983521
0.983521
0.983521
0.983521
0.983521
0.983521
0.983521
0.983521
0.983521
0.983521
0.983521
0.983521
0.983521
0.983521
0.983521
0.983521
0.983521
0.983521
0.983521
0.983521
0.983521
0.983521
0.983521
0.983521
0.983521
0.983521
0.983521
0.983521
0.983521
0.983521
0.983521
0.983521
0.983521
0.983521
0.983521
0.983521
0.983521
0.983521
0.983521
0.983521
0.983521
0.983521
0.983521
0.983521
0.983521
0.983521
0.983521
0.983521
0.983521
0.983521
0.983521
0.983521
0.983521
0.983521
0.983521
0.983521
0.983521
0.983521
0.983521
0.983521
0.983521
0.983521
0.983521
0.983521
0.983521
0.983521
0.983521
0.983521
0.983521
0.983521
0.983521
0.983521
0.983521
0.983521
0.983521
0.983521
0.983521
0.983521
0.983521
0.983521
0.983521
0.983521
0.983521
0.983521
0.983521
0.983521
0.983521
0.983521
0.983521
0.983521
0.983521
0.983521
0.983521
0.983521
0.983521
0.983521
0.983521
0.983521
0.983521
0.983521
0.983521
0.983521
0.983521
0.983521
0.983521
0.983521
0.983521
0.983521
0.983521
0.983521
0.983521
0.983521
0.983521
0.983521
0.983521
