0
0
0
0
0
0
0
0.000366211
0.00109863
0.00238037
0.0045166
0.00756836
0.0115967
0.0169067
0.0234985
0.0313721
0.0405884
0.0512695
0.0633545
0.0768433
0.0917358
0.10791
0.125427
0.144165
0.164124
0.185181
0.207275
0.230347
0.254395
0.279297
0.304993
0.331482
0.358582
0.386292
0.400391
0.443359
0.472595
0.51709
0.531982
0.562195
0.592468
0.622742
0.668884
0.684265
0.715027
0.7453
0.775574
0.82074
0.850525
0.865295
0.909058
0.937744
0.966003
0.993774
1.021
1.04767
1.07373
1.09912
1.12378
1.14777
1.17096
1.19336
1.21503
1.23584
1.2558
1.2749
1.29309
1.31042
1.32678
1.34222
1.35675
1.3703
1.38885
1.39459
1.40533
1.41962
1.42792
1.43524
1.44159
1.44708
1.4516
1.45514
1.45782
1.45953
1.46039
1.46033
1.45941
1.4577
1.45508
1.45172
1.44757
1.44263
1.43695
1.43054
1.42346
1.41577
1.40735
1.39832
1.38873
1.37854
1.36224
1.35663
1.34491
1.33276
1.32019
1.30719
1.28705
1.28021
1.26624
1.25208
1.23022
1.21558
1.20056
1.18542
1.17029
1.15515
1.14001
1.12488
1.11731
1.0946
1.07947
1.06433
1.04919
1.03455
1.0199
1.00537
0.991211
0.977112
0.96344
0.94989
0.936707
0.91748
0.90509
0.898987
0.887146
0.87561
0.85907
0.853699
0.843384
0.828674
0.819397
0.810608
0.806396
0.794373
0.786987
0.780029
0.77356
0.767578
0.762085
0.75708
0.752563
0.748535
0.744995
0.741943
0.739319
0.737183
0.735535
0.734314
0.733582
0.733276
0.733398
0.733948
0.734924
0.736328
0.738159
0.740356
0.742859
0.745789
0.749146
0.752747
0.756653
0.760986
0.765564
0.770447
0.775635
0.781006
0.786743
0.792603
0.798828
0.805176
0.815063
0.818481
0.825317
0.832275
0.8396
0.850586
0.854248
0.861572
0.869141
0.876953
0.884766
0.896484
0.900391
0.912109
0.919922
0.927734
0.935547
0.943115
0.950439
0.957764
0.965088
0.972412
0.979431
0.986267
0.993103
0.999756
1.0061
1.01245
1.01849
1.02435
1.03021
1.03558
1.04095
1.04614
1.05347
1.05591
1.0603
1.0647
1.06879
1.07269
1.07642
1.08154
1.08313
1.08606
1.09015
1.09259
1.09473
1.09668
1.09839
1.09985
1.10107
1.10205
1.10278
1.10327
1.10358
1.10358
1.10345
1.10297
1.10248
1.10156
1.10059
1.09937
1.0979
1.09644
1.09454
1.09259
1.09064
1.0882
1.08575
1.08331
1.08057
1.07764
1.07471
1.07178
1.0686
1.06519
1.05322
1.0498
1.04614
1.04224
1.03833
1.03442
1.03052
1.02661
1.02271
1.0188
1.01489
1.01099
1.00726
1.00555
1.00043
0.997009
0.993591
0.990173
0.986755
0.983337
0.979919
0.976501
0.973328
0.968933
0.966003
0.963074
0.960144
0.957214
0.954285
0.95166
0.949219
0.946777
0.944336
0.941895
0.939453
0.937317
0.935364
0.933411
0.931458
0.929504
0.927856
0.926392
0.924927
0.923462
0.92218
0.921204
0.919739
0.91925
0.918457
0.917969
0.91748
0.916992
0.916748
0.916748
0.916748
0.916748
0.917114
0.917603
0.917847
0.918335
0.918823
0.920166
0.920654
0.922119
0.922607
0.923584
0.925476
0.926208
0.928406
0.929871
0.931335
0.9328
0.933533
0.936096
0.938049
0.940002
0.941956
0.943909
0.945862
0.947815
0.949768
0.951721
0.953674
0.955627
0.957581
0.959534
0.961487
0.96344
0.965393
0.967346
0.969299
0.971252
0.973206
0.97467
0.976135
0.9776
0.979797
0.98053
0.981995
0.983459
0.984924
0.987122
0.987854
0.990051
0.99115
0.992126
0.993103
0.99408
0.995056
0.996033
0.997009
0.997986
0.998962
0.999939
1.00092
1.0014
1.00189
1.00238
1.00287
1.00336
1.00409
1.00433
1.00482
1.00531
1.00604
1.00653
1.00677
1.00677
1.00677
1.00677
1.00677
1.00677
1.00677
1.00677
1.00677
1.00677
1.00677
1.00677
1.00677
1.00677
1.00677
1.00665
1.00616
1.00568
1.00519
1.0047
1.00421
1.00372
1.00299
1.0025
1.00201
1.00153
1.00104
1.00055
1.00006
0.999573
0.999084
0.998596
0.998108
0.997375
0.997131
0.996643
0.996155
0.995422
0.994934
0.99469
0.993958
0.993469
0.992981
0.992493
0.992249
0.991516
0.991028
0.99054
0.990051
0.989563
0.989075
0.988586
0.988098
0.987366
0.987122
0.986389
0.986145
0.985413
0.984924
0.984436
0.983948
0.983459
0.982971
0.982483
0.981995
0.981506
0.981018
0.98053
0.980042
0.979553
0.979065
0.978577
0.978088
0.9776
0.977112
0.976624
0.976135
0.975647
0.975159
0.97467
0.974182
0.973694
0.973206
0.972717
0.972229
0.971741
0.971252
0.970764
0.970276
0.969788
0.969299
0.968811
0.968079
0.967834
0.967346
0.966614
0.96637
0.96637
0.96637
0.96637
0.96637
0.96637
0.96637
0.96637
0.96637
0.96637
0.96637
0.96637
0.96637
0.96637
0.96637
0.96637
0.96637
0.96637
0.96637
0.96637
0.96637
0.96637
0.96637
0.96637
0.96637
0.96637
0.96637
0.96637
0.96637
0.96637
0.96637
0.96637
0.96637
0.96637
0.96637
0.96637
0.967041
0.967285
0.968018
0.968506
0.968994
0.969482
0.969971
0.970459
0.970947
0.971436
0.971924
0.972412
0.9729
0.973389
0.973877
0.974365
0.974854
0.975342
0.97583
0.976318
0.976807
0.977295
0.977783
0.978271
0.97876
0.979248
0.979736
0.980225
0.980713
0.981201
0.981689
0.982178
0.982666
0.983154
0.983643
0.984131
0.984192
0.984192
0.984192
0.984192
0.984192
0.984192
0.984192
0.984192
0.984192
0.984192
0.984192
0.984192
0.984192
0.984192
0.984192
0.984192
0.984192
0.984192
0.984192
0.984192
0.984192
0.984192
0.984192
0.984192
0.984192
0.984192
0.984192
0.984192
0.984192
0.984192
0.984192
0.984192
0.984192
0.984192
0.984192
0.984192
0.984192
0.984192
0.984192
0.984192
0.984192
0.984192
0.984192
0.984192
0.984192
0.984192
0.984192
0.984192
0.984192
0.984192
0.984192
0.984192
0.984192
0.984192
0.984192
0.984192
0.984192
0.984192
0.984192
0.984192
0.984192
0.984192
0.984192
0.984192
0.984192
0.984192
0.984192
0.984192
0.984192
0.984192
0.984192
0.984192
0.984192
0.984192
0.984192
0.984192
0.984192
0.984192
0.984192
0.984192
0.984192
0.984192
0.984192
0.984192
0.984192
0.984192
0.984192
0.984192
0.984192
0.984192
0.984192
0.984192
0.984192
0.984192
0.984192
0.984192
0.984192
0.984192
0.984192
0.984192
0.984192
0.984192
0.984192
0.984192
0.984192
0.984192
0.984192
0.984192
0.984192
0.984192
0.984192
0.984192
0.984192
0.984192
0.984192
0.984192
0.984192
0.984192
0.984192
0.984192
0.984192
0.984192
0.984192
0.984192
0.984192
0.984192
0.984192
0.984192
0.984192
0.984192
0.984192
0.984192
0.984192
0.984192
0.984192
0.984192
0.984192
0.984192
0.984192
0.984192
0.984192
0.984192
0.984192
0.984192
0.984192
0.984192
0.984192
0.984192
0.984192
0.984192
0.984192
0.984192
0.984192
0.984192
0.984192
0.984192
0.984192
0.984192
0.984192
0.984192
0.984192
0.984192
0.984192
0.984192
0.984192
0.984192
0.984192
0.984192
0.984192
0.984192
0.984192
0.984192
0.984192
0.984192
0.984192
0.984192
0.984192
0.984192
0.984192
0.984192
0.984192
0.984192
0.984192
0.984192
0.984192
0.984192
0.984192
0.984192
0.984192
0.984192
0.984192
0.984192
0.984192
0.984192
0.984192
0.984192
0.984192
0.984192
0.984192
0.984192
0.984192
0.984192
0.984192
0.984192
0.984192
0.984192
0.984192
0.984192
0.984192
0.984192
0.984192
0.984192
0.984192
0.984192
0.984192
0.984192
0.984192
0.984192
0.984192
0.984192
0.984192
0.984192
0.984192
0.984192
0.984192
0.984192
0.984192
0.984192
0.984192
0.984192
0.984192
0.984192
0.984192
0.984192
0.984192
0.984192
0.984192
0.984192
0.984192
0.984192
0.984192
0.984192
0.984192
0.984192
0.984192
0.984192
0.984192
0.984192
0.984192
0.984192
0.984192
0.984192
0.984192
0.984192
0.984192
0.984192
0.984192
0.984192
0.984192
0.984192
0.984192
0.984192
0.984192
0.984192
0.984192
0.984192
0.984192
0.984192
0.984192
0.984192
0.984192
0.984192
0.984192
0.984192
0.984192
0.984192
0.984192
0.984192
0.984192
0.984192
0.984192
0.984192
0.984192
0.984192
0.984192
0.984192
0.984192
0.984192
0.984192
0.984192
0.984192
0.984192
0.984192
0.984192
0.984192
0.984192
0.984192
0.984192
0.984192
0.984192
0.984192
0.984192
0.984192
0.984192
0.984192
0.984192
0.984192
0.984192
0.984192
0.984192
0.984192
0.984192
0.984192
0.984192
0.984192
0.984192
0.984192
0.984192
0.984192
0.984192
0.984192
0.984192
0.984192
0.984192
0.984192
0.984192
0.984192
0.984192
0.984192
0.984192
0.984192
0.984192
0.984192
0.984192
0.984192
0.984192
0.984192
0.984192
0.984192
0.984192
0.984192
0.984192
0.984192
0.984192
0.984192
0.984192
0.984192
0.984192
0.984192
0.984192
0.984192
0.984192
0.984192
0.984192
0.984192
0.984192
0.984192
0.984192
0.984192
0.984192
0.984192
0.984192
0.984192
0.984192
0.984192
0.984192
0.984192
0.984192
0.984192
0.984192
0.984192
0.984192
0.984192
0.984192
0.984192
0.984192
0.984192
0.984192
0.984192
0.984192
0.984192
0.984192
0.984192
0.984192
0.984192
0.984192
0.984192
0.984192
0.984192
0.984192
0.984192
0.984192
0.984192
0.984192
0.984192
0.984192
0.984192
0.984192
0.984192
0.984192
0.984192
0.984192
0.984192
0.984192
0.984192
0.984192
0.984192
0.984192
0.984192
0.984192
0.984192
0.984192
0.984192
0.984192
0.984192
0.984192
0.984192
0.984192
0.984192
0.984192
0.984192
0.984192
0.984192
0.984192
0.984192
0.984192
0.984192
0.984192
0.984192
0.984192
0.984192
0.984192
0.984192
0.984192
0.984192
0.984192
0.984192
0.984192
0.984192
0.984192
0.984192
0.984192
0.984192
0.984192
0.984192
0.984192
0.984192
0.984192
0.984192
0.984192
