0
0
0
0
0
0
0
0.00012207
0.000610352
0.00164795
0.00335693
0.00592041
0.00946045
0.0140991
0.0200195
0.0272827
0.0358276
0.0457764
0.0633545
0.0768433
0.0841064
0.0996704
0.125427
0.144226
0.164185
0.185242
0.207336
0.230408
0.254395
0.279236
0.304871
0.331116
0.358093
0.38562
0.413635
0.442139
0.485657
0.515015
0.5448
0.574585
0.604736
0.63501
0.665283
0.710693
0.740906
0.755798
0.785583
0.829895
0.85907
0.887878
0.91626
0.944214
0.97168
0.998596
1.0249
1.0506
1.07568
1.1001
1.12384
1.14691
1.18005
1.20123
1.22156
1.24115
1.25989
1.27777
1.2948
1.31091
1.32617
1.34052
1.35394
1.36639
1.37793
1.38855
1.39819
1.40692
1.41473
1.42468
1.42755
1.43475
1.43842
1.44116
1.44305
1.44409
1.44427
1.44354
1.44202
1.43976
1.43665
1.4328
1.42816
1.41992
1.41357
1.41016
1.40283
1.39484
1.38177
1.37231
1.36743
1.35193
1.341
1.32959
1.31781
1.3056
1.29297
1.28009
1.26691
1.25336
1.23969
1.22571
1.21155
1.19739
1.18292
1.16827
1.15363
1.13898
1.117
1.10968
1.09503
1.07306
1.05865
1.04449
1.03033
1.0163
1.00262
0.988953
0.975769
0.962646
0.949951
0.931335
0.925232
0.907593
0.896301
0.885254
0.874573
0.864319
0.854431
0.84491
0.835815
0.827087
0.81488
0.810974
0.803589
0.793335
0.787048
0.781189
0.775818
0.770935
0.766479
0.762512
0.758972
0.75592
0.753296
0.75116
0.749451
0.748169
0.747314
0.746887
0.746887
0.747314
0.748657
0.74939
0.751892
0.752869
0.755249
0.757935
0.760864
0.765991
0.767944
0.771851
0.778381
0.78064
0.787964
0.793213
0.798584
0.80426
0.80719
0.81604
0.822388
0.828735
0.835083
0.841919
0.848755
0.855591
0.862427
0.869263
0.876587
0.883911
0.894897
0.89856
0.905884
0.913208
0.920532
0.931519
0.938721
0.945557
0.948975
0.955811
0.966064
0.972839
0.979187
0.985535
0.991882
0.997925
1.00378
1.00964
1.01514
1.02051
1.02588
1.03326
1.03571
1.04047
1.04706
1.04926
1.05536
1.05731
1.06299
1.06641
1.06812
1.07281
1.07574
1.07843
1.08087
1.08319
1.08514
1.08612
1.08856
1.08929
1.08929
1.09259
1.09308
1.09357
1.09369
1.09369
1.09369
1.09302
1.09253
1.09161
1.09064
1.0896
1.08813
1.08667
1.08508
1.08313
1.08118
1.07922
1.07684
1.0744
1.07196
1.06952
1.06665
1.06372
1.06079
1.05786
1.05493
1.052
1.04858
1.04517
1.04175
1.03833
1.03491
1.03149
1.02808
1.02466
1.02124
1.01782
1.0144
1.01099
1.00757
1.00415
1.00073
0.997314
0.994019
0.989624
0.988159
0.983765
0.980835
0.977905
0.974976
0.972046
0.969116
0.966187
0.963623
0.961182
0.95874
0.95752
0.953857
0.951416
0.948975
0.94574
0.943787
0.941833
0.940857
0.938904
0.935974
0.934509
0.933044
0.93158
0.930115
0.928711
0.927734
0.926758
0.925781
0.924805
0.924255
0.923767
0.923279
0.922791
0.922546
0.922546
0.922546
0.922546
0.922546
0.923035
0.923523
0.924011
0.9245
0.924988
0.925476
0.926941
0.927917
0.928406
0.929871
0.930847
0.93219
0.933655
0.93512
0.936584
0.938049
0.939514
0.940979
0.942444
0.943909
0.945374
0.946838
0.948303
0.949768
0.951233
0.952698
0.954163
0.955627
0.957092
0.958557
0.960022
0.961487
0.962952
0.964417
0.965881
0.967346
0.968811
0.971741
0.973206
0.97467
0.976135
0.9776
0.979065
0.98053
0.981628
0.982605
0.983582
0.984558
0.985535
0.986511
0.987488
0.988464
0.989441
0.990417
0.991394
0.992371
0.993347
0.994202
0.994446
0.994934
0.995422
0.995911
0.996399
0.997131
0.997375
0.997864
0.998352
0.99884
0.999573
0.999817
1.00031
1.00037
1.00037
1.00037
1.00037
1.00037
1.00037
1.00037
1.00037
1.00037
1.00037
1.00037
1.00037
1.00037
1.00037
1.00037
1.00037
1.00037
1.00037
1
0.999512
0.999023
0.998535
0.998047
0.997559
0.99707
0.996582
0.996094
0.995605
0.995117
0.994629
0.994141
0.993408
0.993164
0.992432
0.991943
0.991455
0.990967
0.990479
0.98999
0.989502
0.989014
0.988525
0.988037
0.987549
0.987061
0.986572
0.986084
0.985596
0.985107
0.984619
0.984131
0.983643
0.983154
0.982666
0.982178
0.981689
0.981201
0.980713
0.980225
0.979736
0.979248
0.97876
0.978271
0.977783
0.977295
0.976807
0.976074
0.97583
0.975342
0.974854
0.974365
0.973633
0.973389
0.972656
0.972168
0.971924
0.971191
0.970703
0.969971
0.969482
0.968994
0.968506
0.968018
0.967529
0.967468
0.967468
0.967468
0.967468
0.967468
0.967468
0.967468
0.967468
0.967468
0.967468
0.967468
0.967468
0.967468
0.967468
0.967468
0.967468
0.967468
0.967468
0.967468
0.967468
0.967468
0.967468
0.967468
0.967468
0.967468
0.967468
0.967468
0.967468
0.967468
0.967468
0.967468
0.967468
0.967468
0.967468
0.967468
0.967468
0.967468
0.967468
0.967468
0.967468
0.967468
0.967712
0.968201
0.968689
0.969177
0.969666
0.970154
0.970642
0.97113
0.971619
0.972107
0.972595
0.973083
0.973572
0.97406
0.974548
0.975037
0.975525
0.976013
0.976746
0.977234
0.977478
0.977966
0.978455
0.979187
0.979675
0.979919
0.980652
0.98114
0.981628
0.982117
0.982605
0.982788
0.982788
0.982788
0.982788
0.982788
0.982788
0.982788
0.982788
0.982788
0.982788
0.982788
0.982788
0.982788
0.982788
0.982788
0.982788
0.982788
0.982788
0.982788
0.982788
0.982788
0.982788
0.982788
0.982788
0.982788
0.982788
0.982788
0.982788
0.982788
0.982788
0.982788
0.982788
0.982788
0.982788
0.982788
0.982788
0.982788
0.982788
0.982788
0.982788
0.982788
0.982788
0.982788
0.982788
0.982788
0.982788
0.982788
0.982788
0.982788
0.982788
0.982788
0.982788
0.982788
0.982788
0.982788
0.982788
0.982788
0.982788
0.982788
0.982788
0.982788
0.982788
0.982788
0.982788
0.982788
0.982788
0.982788
0.982788
0.982788
0.982788
0.982788
0.982788
0.982788
0.982788
0.982788
0.982788
0.982788
0.982788
0.982788
0.982788
0.982788
0.982788
0.982788
0.982788
0.982788
0.982788
0.982788
0.982788
0.982788
0.982788
0.982788
0.982788
0.982788
0.982788
0.982788
0.982788
0.982788
0.982788
0.982788
0.982788
0.982788
0.982788
0.982788
0.982788
0.982788
0.982788
0.982788
0.982788
0.982788
0.982788
0.982788
0.982788
0.982788
0.982788
0.982788
0.982788
0.982788
0.982788
0.982788
0.982788
0.982788
0.982788
0.982788
0.982788
0.982788
0.982788
0.982788
0.982788
0.982788
0.982788
0.982788
0.982788
0.982788
0.982788
0.982788
0.982788
0.982788
0.982788
0.982788
0.982788
0.982788
0.982788
0.982788
0.982788
0.982788
0.982788
0.982788
0.982788
0.982788
0.982788
0.982788
0.982788
0.982788
0.982788
0.982788
0.982788
0.982788
0.982788
0.982788
0.982788
0.982788
0.982788
0.982788
0.982788
0.982788
0.982788
0.982788
0.982788
0.982788
0.982788
0.982788
0.982788
0.982788
0.982788
0.982788
0.982788
0.982788
0.982788
0.982788
0.982788
0.982788
0.982788
0.982788
0.982788
0.982788
0.982788
0.982788
0.982788
0.982788
0.982788
0.982788
0.982788
0.982788
0.982788
0.982788
0.982788
0.982788
0.982788
0.982788
0.982788
0.982788
0.982788
0.982788
0.982788
0.982788
0.982788
0.982788
0.982788
0.982788
0.982788
0.982788
0.982788
0.982788
0.982788
0.982788
0.982788
0.982788
0.982788
0.982788
0.982788
0.982788
0.982788
0.982788
0.982788
0.982788
0.982788
0.982788
0.982788
0.982788
0.982788
0.982788
0.982788
0.982788
0.982788
0.982788
0.982788
0.982788
0.982788
0.982788
0.982788
0.982788
0.982788
0.982788
0.982788
0.982788
0.982788
0.982788
0.982788
0.982788
0.982788
0.982788
0.982788
0.982788
0.982788
0.982788
0.982788
0.982788
0.982788
0.982788
0.982788
0.982788
0.982788
0.982788
0.982788
0.982788
0.982788
0.982788
0.982788
0.982788
0.982788
0.982788
0.982788
0.982788
0.982788
0.982788
0.982788
0.982788
0.982788
0.982788
0.982788
0.982788
0.982788
0.982788
0.982788
0.982788
0.982788
0.982788
0.982788
0.982788
0.982788
0.982788
0.982788
0.982788
0.982788
0.982788
0.982788
0.982788
0.982788
0.982788
0.982788
0.982788
0.982788
0.982788
0.982788
0.982788
0.982788
0.982788
0.982788
0.982788
0.982788
0.982788
0.982788
0.982788
0.982788
0.982788
0.982788
0.982788
0.982788
0.982788
0.982788
0.982788
0.982788
0.982788
0.982788
0.982788
0.982788
0.982788
0.982788
0.982788
0.982788
0.982788
0.982788
0.982788
0.982788
0.982788
0.982788
0.982788
0.982788
0.982788
0.982788
0.982788
0.982788
0.982788
0.982788
0.982788
0.982788
0.982788
0.982788
0.982788
0.982788
0.982788
0.982788
0.982788
0.982788
0.982788
0.982788
0.982788
0.982788
0.982788
0.982788
0.982788
0.982788
0.982788
0.982788
0.982788
0.982788
0.982788
0.982788
0.982788
0.982788
0.982788
0.982788
0.982788
0.982788
0.982788
0.982788
0.982788
0.982788
0.982788
0.982788
0.982788
0.982788
0.982788
0.982788
0.982788
0.982788
0.982788
0.982788
0.982788
0.982788
0.982788
0.982788
0.982788
0.982788
0.982788
0.982788
0.982788
0.982788
0.982788
0.982788
0.982788
0.982788
0.982788
0.982788
0.982788
0.982788
0.982788
0.982788
0.982788
0.982788
0.982788
0.982788
0.982788
0.982788
0.982788
0.982788
0.982788
0.982788
0.982788
0.982788
0.982788
0.982788
0.982788
0.982788
0.982788
0.982788
0.982788
0.982788
0.982788
0.982788
0.982788
0.982788
0.982788
0.982788
0.982788
0.982788
0.982788
0.982788
0.982788
0.982788
0.982788
0.982788
0.982788
0.982788
0.982788
0.982788
0.982788
0.982788
0.982788
0.982788
0.982788
0.982788
0.982788
0.982788
0.982788
0.982788
0.982788
0.983521
0.984009
0.984497
