0
0
0
0
0
0
0
0.000366211
0.00109863
0.00238037
0.0045166
0.00756836
0.0115967
0.0169067
0.0234985
0.0313721
0.0405884
0.0512695
0.0633545
0.0768433
0.0917358
0.10791
0.125427
0.144226
0.164185
0.185303
0.207458
0.230652
0.254761
0.292542
0.305481
0.332031
0.359192
0.401123
0.429749
0.444153
0.48822
0.518005
0.548035
0.578308
0.608582
0.638855
0.669128
0.699402
0.729675
0.759949
0.775085
0.819824
0.849365
0.878601
0.90741
0.935791
0.963745
0.991211
1.01813
1.04443
1.07013
1.09521
1.13153
1.15479
1.16614
1.19904
1.21997
1.24017
1.25946
1.27789
1.29541
1.31201
1.32776
1.34253
1.35632
1.36914
1.3811
1.39209
1.4021
1.41113
1.41919
1.42627
1.4325
1.43774
1.44208
1.4455
1.448
1.44965
1.45038
1.45026
1.44855
1.44757
1.44495
1.44159
1.43506
1.43256
1.42694
1.41724
1.40991
1.40601
1.39337
1.38422
1.37451
1.36938
1.35352
1.34229
1.33057
1.31842
1.30591
1.29309
1.27991
1.26636
1.25269
1.23859
1.22443
1.21008
1.20276
1.18079
1.16614
1.15149
1.13684
1.12219
1.10754
1.0929
1.07825
1.0636
1.04169
1.03461
1.02045
1.00629
0.992615
0.97229
0.959106
0.952515
0.939819
0.921204
0.90918
0.897461
0.891846
0.875305
0.869934
0.854553
0.844788
0.835449
0.826538
0.818054
0.809998
0.802429
0.795288
0.788574
0.782349
0.776611
0.771301
0.766479
0.762085
0.758179
0.754761
0.75177
0.749268
0.747192
0.745544
0.744385
0.743652
0.743286
0.743347
0.743835
0.744751
0.746094
0.747742
0.749756
0.752197
0.75647
0.758118
0.763428
0.765381
0.769409
0.776062
0.783386
0.78595
0.791321
0.799744
0.805603
0.808533
0.817993
0.824341
0.830872
0.837708
0.841125
0.851379
0.858215
0.86554
0.872864
0.880188
0.887512
0.894836
0.902161
0.909485
0.916809
0.924133
0.931458
0.938782
0.945801
0.952637
0.959473
0.966309
0.973145
0.979492
0.98584
0.992188
0.998291
1.00415
1.01001
1.01562
1.021
1.02637
1.03387
1.03632
1.04346
1.04565
1.05005
1.05634
1.05829
1.06219
1.0658
1.06921
1.07404
1.07697
1.07843
1.08099
1.08466
1.08661
1.08856
1.09015
1.09161
1.09277
1.09375
1.09454
1.09528
1.09546
1.09546
1.09509
1.0946
1.09399
1.09302
1.09204
1.09076
1.08929
1.08783
1.086
1.08405
1.08209
1.0799
1.07623
1.07379
1.07123
1.06683
1.0639
1.06097
1.05804
1.05493
1.05151
1.0481
1.04468
1.04126
1.03784
1.03442
1.03101
1.02588
1.02246
1.01904
1.01562
1.01221
1.00879
1.00537
1.00195
0.998535
0.995117
0.990723
0.987793
0.986328
0.981934
0.979004
0.976074
0.974609
0.970215
0.967285
0.964661
0.962219
0.959778
0.957336
0.953674
0.952454
0.950012
0.946655
0.944702
0.942749
0.940796
0.938843
0.93689
0.935242
0.933777
0.932312
0.930847
0.929382
0.928223
0.927246
0.92627
0.925293
0.924438
0.92395
0.923462
0.922974
0.922485
0.922424
0.922424
0.922424
0.922424
0.922546
0.923035
0.923523
0.924011
0.9245
0.92511
0.926086
0.927063
0.928528
0.929504
0.930481
0.931091
0.932556
0.934753
0.936218
0.937683
0.939148
0.940613
0.942078
0.943542
0.945007
0.946472
0.947937
0.949402
0.950867
0.952332
0.953796
0.955261
0.957458
0.958923
0.960388
0.961853
0.963318
0.964783
0.966248
0.967712
0.969177
0.970642
0.972107
0.973572
0.975037
0.976501
0.977966
0.979431
0.980896
0.9823
0.983276
0.984253
0.985229
0.986206
0.987671
0.988647
0.989624
0.990601
0.991577
0.992554
0.99353
0.994507
0.995117
0.995605
0.996094
0.996582
0.996826
0.998047
0.998535
0.999023
0.999756
1
1.00049
1.00098
1.00134
1.00134
1.00134
1.00134
1.00134
1.00134
1.00134
1.00134
1.00134
1.00134
1.00134
1.00134
1.00134
1.00134
1.00134
1.00134
1.00134
1.00134
1.00104
1.00055
1.00006
0.999573
0.999084
0.998596
0.998108
0.99762
0.997131
0.996643
0.996155
0.995667
0.994934
0.99469
0.994202
0.993713
0.992981
0.992493
0.992004
0.991516
0.991028
0.99054
0.990051
0.989563
0.989075
0.988586
0.988098
0.98761
0.987122
0.986633
0.986145
0.985657
0.985168
0.98468
0.984192
0.983704
0.983215
0.982483
0.982239
0.98175
0.981018
0.980774
0.980042
0.979553
0.979065
0.978577
0.978088
0.9776
0.977112
0.976624
0.976135
0.975647
0.975159
0.97467
0.974182
0.973694
0.973206
0.972717
0.972229
0.971741
0.971252
0.970764
0.970276
0.969788
0.969299
0.968811
0.968323
0.967834
0.967468
0.967468
0.967468
0.967468
0.967468
0.967468
0.967468
0.967468
0.967468
0.967468
0.967468
0.967468
0.967468
0.967468
0.967468
0.967468
0.967468
0.967468
0.967468
0.967468
0.967468
0.967468
0.967468
0.967468
0.967468
0.967468
0.967468
0.967468
0.967468
0.967468
0.967468
0.967468
0.967468
0.967468
0.967468
0.967468
0.967468
0.967468
0.967468
0.967468
0.967468
0.967651
0.96814
0.968628
0.969116
0.969604
0.970093
0.970581
0.971069
0.971558
0.972046
0.972534
0.973022
0.973511
0.973999
0.974487
0.974976
0.975464
0.975952
0.97644
0.976929
0.977417
0.977905
0.978638
0.978882
0.97937
0.980103
0.980347
0.981079
0.981323
0.981812
0.982544
0.983032
0.983154
0.983154
0.983154
0.983154
0.983154
0.983154
0.983154
0.983154
0.983154
0.983154
0.983154
0.983154
0.983154
0.983154
0.983154
0.983154
0.983154
0.983154
0.983154
0.983154
0.983154
0.983154
0.983154
0.983154
0.983154
0.983154
0.983154
0.983154
0.983154
0.983154
0.983154
0.983154
0.983154
0.983154
0.983154
0.983154
0.983154
0.983154
0.983154
0.983154
0.983154
0.983154
0.983154
0.983154
0.983154
0.983154
0.983154
0.983154
0.983154
0.983154
0.983154
0.983154
0.983154
0.983154
0.983154
0.983154
0.983154
0.983154
0.983154
0.983154
0.983154
0.983154
0.983154
0.983154
0.983154
0.983154
0.983154
0.983154
0.983154
0.983154
0.983154
0.983154
0.983154
0.983154
0.983154
0.983154
0.983154
0.983154
0.983154
0.983154
0.983154
0.983154
0.983154
0.983154
0.983154
0.983154
0.983154
0.983154
0.983154
0.983154
0.983154
0.983154
0.983154
0.983154
0.983154
0.983154
0.983154
0.983154
0.983154
0.983154
0.983154
0.983154
0.983154
0.983154
0.983154
0.983154
0.983154
0.983154
0.983154
0.983154
0.983154
0.983154
0.983154
0.983154
0.983154
0.983154
0.983154
0.983154
0.983154
0.983154
0.983154
0.983154
0.983154
0.983154
0.983154
0.983154
0.983154
0.983154
0.983154
0.983154
0.983154
0.983154
0.983154
0.983154
0.983154
0.983154
0.983154
0.983154
0.983154
0.983154
0.983154
0.983154
0.983154
0.983154
0.983154
0.983154
0.983154
0.983154
0.983154
0.983154
0.983154
0.983154
0.983154
0.983154
0.983154
0.983154
0.983154
0.983154
0.983154
0.983154
0.983154
0.983154
0.983154
0.983154
0.983154
0.983154
0.983154
0.983154
0.983154
0.983154
0.983154
0.983154
0.983154
0.983154
0.983154
0.983154
0.983154
0.983154
0.983154
0.983154
0.983154
0.983154
0.983154
0.983154
0.983154
0.983154
0.983154
0.983154
0.983154
0.983154
0.983154
0.983154
0.983154
0.983154
0.983154
0.983154
0.983154
0.983154
0.983154
0.983154
0.983154
0.983154
0.983154
0.983154
0.983154
0.983154
0.983154
0.983154
0.983154
0.983154
0.983154
0.983154
0.983154
0.983154
0.983154
0.983154
0.983154
0.983154
0.983154
0.983154
0.983154
0.983154
0.983154
0.983154
0.983154
0.983154
0.983154
0.983154
0.983154
0.983154
0.983154
0.983154
0.983154
0.983154
0.983154
0.983154
0.983154
0.983154
0.983154
0.983154
0.983154
0.983154
0.983154
0.983154
0.983154
0.983154
0.983154
0.983154
0.983154
0.983154
0.983154
0.983154
0.983154
0.983154
0.983154
0.983154
0.983154
0.983154
0.983154
0.983154
0.983154
0.983154
0.983154
0.983154
0.983154
0.983154
0.983154
0.983154
0.983154
0.983154
0.983154
0.983154
0.983154
0.983154
0.983154
0.983154
0.983154
0.983154
0.983154
0.983154
0.983154
0.983154
0.983154
0.983154
0.983154
0.983154
0.983154
0.983154
0.983154
0.983154
0.983154
0.983154
0.983154
0.983154
0.983154
0.983154
0.983154
0.983154
0.983154
0.983154
0.983154
0.983154
0.983154
0.983154
0.983154
0.983154
0.983154
0.983154
0.983154
0.983154
0.983154
0.983154
0.983154
0.983154
0.983154
0.983154
0.983154
0.983154
0.983154
0.983154
0.983154
0.983154
0.983154
0.983154
0.983154
0.983154
0.983154
0.983154
0.983154
0.983154
0.983154
0.983154
0.983154
0.983154
0.983154
0.983154
0.983154
0.983154
0.983154
0.983154
0.983154
0.983154
0.983154
0.983154
0.983154
0.983154
0.983154
0.983154
0.983154
0.983154
0.983154
0.983154
0.983154
0.983154
0.983154
0.983154
0.983154
0.983154
0.983154
0.983154
0.983154
0.983154
0.983154
0.983154
0.983154
0.983154
0.983154
0.983154
0.983154
0.983154
0.983154
0.983154
0.983154
0.983154
0.983154
0.983154
0.983154
0.983154
0.983154
0.983154
0.983154
0.983154
0.983154
0.983154
0.983154
0.983154
0.983154
0.983154
0.983154
0.983154
0.983154
0.983154
0.983154
0.983154
0.983154
0.983154
0.983154
0.983154
0.983154
0.983154
0.983154
0.983154
0.983154
0.983154
0.983154
0.983154
0.983154
0.983154
0.983154
0.983154
0.983154
0.983154
0.983154
0.983154
0.983154
0.983154
0.983154
0.983154
0.983154
0.983154
0.983154
0.983154
0.983154
0.983154
0.983154
0.983154
0.983154
0.983154
0.983154
0.983154
0.983154
0.983154
0.983154
0.983154
0.983154
0.983154
0.983154
0.983154
0.983154
0.983154
0.983154
0.983154
0.983154
0.983154
0.983154
0.983154
0.983154
0.983154
0.983154
0.983154
0.983154
0.983154
0.983154
0.983154
0.983154
0.983154
0.983154
0.983154
