0
0
0
0
0
0
0
0.000366211
0.000366211
0.00592041
0.00946045
0.0140991
0.0200195
0.0234985
0.0313721
0.0457764
0.0512695
0.0698853
0.0768433
0.0996704
0.116516
0.134644
0.154053
0.174561
0.196167
0.21875
0.24231
0.266785
0.291992
0.318054
0.344727
0.372009
0.385925
0.428162
0.45697
0.486084
0.515381
0.560059
0.589844
0.604736
0.649841
0.67981
0.709595
0.73938
0.769104
0.798401
0.827515
0.856323
0.884644
0.912598
0.940063
0.967041
0.993469
1.01923
1.04443
1.06903
1.0929
1.11609
1.13855
1.16028
1.18121
1.20142
1.22076
1.23932
1.25708
1.27393
1.28992
1.30505
1.31934
1.33905
1.34515
1.36218
1.36743
1.3772
1.3902
1.39771
1.4043
1.41003
1.41486
1.41882
1.42194
1.42413
1.42548
1.42603
1.42572
1.42456
1.42267
1.41998
1.41656
1.41241
1.40753
1.40198
1.39581
1.38898
1.38147
1.37341
1.36029
1.35565
1.34601
1.33069
1.31995
1.30872
1.29712
1.29126
1.27301
1.26044
1.24774
1.23462
1.22144
1.20813
1.19446
1.18079
1.16711
1.15344
1.13977
1.1261
1.11243
1.09875
1.08508
1.07141
1.05774
1.04431
1.03113
1.01794
1.005
0.99231
0.979736
0.967529
0.955444
0.943726
0.926575
0.920959
0.910095
0.899414
0.88916
0.87439
0.86499
0.860352
0.84729
0.838989
0.831177
0.82373
0.816711
0.810059
0.803833
0.798035
0.792664
0.787781
0.783325
0.779297
0.775696
0.772522
0.769775
0.766479
0.764832
0.76355
0.762634
0.762146
0.762146
0.762512
0.763184
0.764221
0.765686
0.767517
0.769653
0.772095
0.774963
0.778015
0.781433
0.787109
0.791199
0.795593
0.800171
0.802612
0.809998
0.815369
0.82074
0.826416
0.832275
0.838135
0.844177
0.850525
0.856873
0.86322
0.869568
0.875916
0.88269
0.892944
0.896362
0.903198
0.910034
0.91687
0.923706
0.930542
0.940308
0.943481
0.949829
0.956177
0.962524
0.971863
0.977722
0.983582
0.989441
0.994995
1.00037
1.00574
1.01086
1.01575
1.02063
1.02527
1.02966
1.03406
1.03815
1.04205
1.04596
1.0495
1.05292
1.05634
1.05927
1.06219
1.065
1.06744
1.06989
1.07202
1.07397
1.07587
1.07733
1.0788
1.08044
1.08142
1.08209
1.08258
1.08282
1.08301
1.08301
1.08276
1.08228
1.08179
1.08093
1.07996
1.07898
1.07764
1.07617
1.07471
1.07306
1.07111
1.06915
1.0672
1.065
1.06256
1.06012
1.05768
1.05524
1.05145
1.04999
1.04706
1.04413
1.0412
1.0368
1.03534
1.03241
1.02802
1.02509
1.02216
1.01923
1.0163
1.01337
1.01044
1.00751
1.00458
1.00165
0.998718
0.995789
0.992859
0.990112
0.987671
0.985229
0.982788
0.980347
0.977905
0.975464
0.973022
0.970581
0.96814
0.965698
0.963257
0.961304
0.959351
0.957397
0.955444
0.953491
0.951538
0.948608
0.946716
0.945251
0.944519
0.943054
0.940857
0.939392
0.937927
0.936707
0.93573
0.934753
0.933777
0.9328
0.931824
0.931274
0.930786
0.930298
0.92981
0.929321
0.929199
0.929199
0.929199
0.929199
0.929199
0.929504
0.929993
0.930481
0.930969
0.931458
0.931946
0.9328
0.933777
0.934753
0.93573
0.937195
0.938171
0.93866
0.940125
0.941528
0.942993
0.944458
0.945923
0.947388
0.948853
0.950317
0.951782
0.953247
0.954712
0.956177
0.957642
0.959106
0.960571
0.962036
0.963501
0.964966
0.966431
0.967896
0.96936
0.970825
0.972168
0.973145
0.974121
0.975098
0.976074
0.977051
0.978027
0.979004
0.97998
0.980957
0.981934
0.98291
0.984375
0.985352
0.986328
0.987305
0.988159
0.988647
0.989136
0.989624
0.990112
0.990601
0.991089
0.991577
0.992065
0.992554
0.993042
0.99353
0.994019
0.994507
0.994995
0.995483
0.995789
0.995789
0.995789
0.995789
0.995789
0.995789
0.995789
0.995789
0.995789
0.995789
0.995789
0.995789
0.995789
0.995789
0.995789
0.995789
0.995789
0.995789
0.995789
0.995789
0.995789
0.995789
0.995544
0.995056
0.994568
0.99408
0.993591
0.993103
0.992615
0.992126
0.991638
0.99115
0.990662
0.990173
0.989685
0.989197
0.988708
0.98822
0.987732
0.987244
0.986511
0.986267
0.985535
0.985291
0.984558
0.984314
0.983826
0.983337
0.982849
0.982117
0.981628
0.981384
0.980652
0.980164
0.979675
0.979187
0.978699
0.97821
0.977722
0.977234
0.976746
0.976257
0.975769
0.975281
0.974792
0.974304
0.973816
0.973328
0.972839
0.972351
0.971863
0.971375
0.970886
0.970398
0.96991
0.969421
0.969238
0.969238
0.969238
0.969238
0.969238
0.969238
0.969238
0.969238
0.969238
0.969238
0.969238
0.969238
0.969238
0.969238
0.969238
0.969238
0.969238
0.969238
0.969238
0.969238
0.969238
0.969238
0.969238
0.969238
0.969238
0.969238
0.969238
0.969238
0.969238
0.969238
0.969238
0.969238
0.969238
0.969238
0.969238
0.969238
0.969238
0.969238
0.969238
0.969238
0.969238
0.969238
0.969238
0.969238
0.969238
0.969238
0.969238
0.969238
0.969238
0.969238
0.969238
0.969238
0.969299
0.969543
0.970032
0.97052
0.971008
0.971741
0.972229
0.972717
0.973206
0.973694
0.974182
0.97467
0.975159
0.975647
0.976135
0.976624
0.977112
0.9776
0.978088
0.978577
0.979065
0.979553
0.980042
0.98053
0.981018
0.98114
0.98114
0.98114
0.98114
0.98114
0.98114
0.98114
0.98114
0.98114
0.98114
0.98114
0.98114
0.98114
0.98114
0.98114
0.98114
0.98114
0.98114
0.98114
0.98114
0.98114
0.98114
0.98114
0.98114
0.98114
0.98114
0.98114
0.98114
0.98114
0.98114
0.98114
0.98114
0.98114
0.98114
0.98114
0.98114
0.98114
0.98114
0.98114
0.98114
0.98114
0.98114
0.98114
0.98114
0.98114
0.98114
0.98114
0.98114
0.98114
0.98114
0.98114
0.98114
0.98114
0.98114
0.98114
0.98114
0.98114
0.98114
0.98114
0.98114
0.98114
0.98114
0.98114
0.98114
0.98114
0.98114
0.98114
0.98114
0.98114
0.98114
0.98114
0.98114
0.98114
0.98114
0.98114
0.98114
0.98114
0.98114
0.98114
0.98114
0.98114
0.98114
0.98114
0.98114
0.98114
0.98114
0.98114
0.98114
0.98114
0.98114
0.98114
0.98114
0.98114
0.98114
0.98114
0.98114
0.98114
0.98114
0.98114
0.98114
0.98114
0.98114
0.98114
0.98114
0.98114
0.98114
0.98114
0.98114
0.98114
0.98114
0.98114
0.98114
0.98114
0.98114
0.98114
0.98114
0.98114
0.98114
0.98114
0.98114
0.98114
0.98114
0.98114
0.98114
0.98114
0.98114
0.98114
0.98114
0.98114
0.98114
0.98114
0.98114
0.98114
0.98114
0.98114
0.98114
0.98114
0.98114
0.98114
0.98114
0.98114
0.98114
0.98114
0.98114
0.98114
0.98114
0.98114
0.98114
0.98114
0.98114
0.98114
0.98114
0.98114
0.98114
0.98114
0.98114
0.98114
0.98114
0.98114
0.98114
0.98114
0.98114
0.98114
0.98114
0.98114
0.98114
0.98114
0.98114
0.98114
0.98114
0.98114
0.98114
0.98114
0.98114
0.98114
0.98114
0.98114
0.98114
0.98114
0.98114
0.98114
0.98114
0.98114
0.98114
0.98114
0.98114
0.98114
0.98114
0.98114
0.98114
0.98114
0.98114
0.98114
0.98114
0.98114
0.98114
0.98114
0.98114
0.98114
0.98114
0.98114
0.98114
0.98114
0.98114
0.98114
0.98114
0.98114
0.98114
0.98114
0.98114
0.98114
0.98114
0.98114
0.98114
0.98114
0.98114
0.98114
0.98114
0.98114
0.98114
0.98114
0.98114
0.98114
0.98114
0.98114
0.98114
0.98114
0.98114
0.98114
0.98114
0.98114
0.98114
0.98114
0.98114
0.98114
0.98114
0.98114
0.98114
0.98114
0.98114
0.98114
0.98114
0.98114
0.98114
0.98114
0.98114
0.98114
0.98114
0.98114
0.98114
0.98114
0.98114
0.98114
0.98114
0.98114
0.98114
0.98114
0.98114
0.98114
0.98114
0.98114
0.98114
0.98114
0.98114
0.98114
0.98114
0.98114
0.98114
0.98114
0.98114
0.98114
0.98114
0.98114
0.98114
0.98114
0.98114
0.98114
0.98114
0.98114
0.98114
0.98114
0.98114
0.98114
0.98114
0.98114
0.98114
0.98114
0.98114
0.98114
0.98114
0.98114
0.98114
0.98114
0.98114
0.98114
0.98114
0.98114
0.98114
0.98114
0.98114
0.98114
0.98114
0.98114
0.98114
0.98114
0.98114
0.98114
0.98114
0.98114
0.98114
0.98114
0.98114
0.98114
0.98114
0.98114
0.98114
0.98114
0.98114
0.98114
0.98114
0.98114
0.98114
0.98114
0.98114
0.98114
0.98114
0.98114
0.98114
0.98114
0.98114
0.98114
0.98114
0.98114
0.98114
0.98114
0.98114
0.98114
0.98114
0.98114
0.98114
0.98114
0.98114
0.98114
0.98114
0.98114
0.98114
0.98114
0.98114
0.98114
0.98114
0.98114
0.98114
0.98114
0.98114
0.98114
0.98114
0.98114
0.98114
0.981201
0.981689
0.981934
0.982666
0.983154
0.983643
0.984131
0.984375
0.985107
0.985596
0.986084
0.986572
0.986633
0.986633
0.986633
0.986633
0.986633
0.986633
0.986633
0.986633
0.986633
0.986633
0.986633
0.986633
0.986633
0.986633
0.986633
0.986633
0.986633
0.986633
0.986633
0.986633
0.986633
0.986633
0.986633
0.986633
0.986633
0.986633
0.986633
0.986633
0.986633
0.986633
0.986633
0.986633
0.986633
0.986633
0.986633
0.986633
0.986633
0.986633
0.986633
0.986633
0.986633
0.986633
0.986633
0.986633
0.986633
0.986633
0.986633
0.986633
0.986633
0.986633
0.986633
0.986633
0.986633
0.986633
0.986633
0.986633
0.986633
0.986633
0.986633
0.986633
0.986633
0.986633
0.986633
0.986633
0.986633
0.986633
0.986633
0.986633
0.986633
0.986633
0.986633
0.986633
0.986633
0.986633
0.986633
0.986633
0.986633
0.986633
0.986633
0.986633
0.986633
0.986633
0.986633
0.986633
0.986633
0.986633
0.986633
0.986633
0.986633
0.986633
0.986633
0.986633
0.986633
0.986633
