0
0
0
0
0
0
0
0.000366211
0.00109863
0.00238037
0.0045166
0.00756836
0.0115967
0.0169067
0.0234985
0.0313721
0.0405884
0.0512695
0.0698853
0.0841064
0.0917358
0.116516
0.134644
0.154053
0.174622
0.196228
0.218933
0.242554
0.26709
0.292419
0.331848
0.358948
0.386597
0.414795
0.44342
0.472473
0.50177
0.531494
0.561279
0.591064
0.621216
0.666626
0.696655
0.72644
0.756226
0.786011
0.815308
0.844482
0.887573
0.901733
0.929749
0.957336
0.997803
1.02405
1.04968
1.07471
1.099
1.12268
1.14557
1.16772
1.18903
1.20959
1.22931
1.24817
1.26617
1.28333
1.30737
1.32227
1.33624
1.3493
1.36151
1.3728
1.38318
1.39264
1.40509
1.41223
1.41547
1.42377
1.42816
1.4317
1.43433
1.4353
1.43689
1.43695
1.43616
1.43451
1.43213
1.42896
1.42279
1.41772
1.41205
1.40558
1.3985
1.39087
1.38263
1.37378
1.36438
1.3493
1.34399
1.32751
1.31598
1.30408
1.29187
1.27917
1.2663
1.25311
1.23975
1.22607
1.2124
1.19836
1.1842
1.17004
1.1488
1.14172
1.12048
1.10632
1.09216
1.078
1.06384
1.04968
1.03577
1.01526
1.00842
0.995056
0.981873
0.962585
0.949951
0.937744
0.92572
0.914001
0.90271
0.891663
0.88092
0.870667
0.855835
0.846497
0.837585
0.829041
0.820923
0.813171
0.805847
0.799011
0.792664
0.786743
0.78125
0.776245
0.771667
0.767517
0.763855
0.759155
0.756592
0.754456
0.752747
0.751465
0.75061
0.750183
0.750183
0.75061
0.751404
0.752563
0.754089
0.756042
0.758362
0.762451
0.765564
0.768982
0.772827
0.776794
0.781189
0.785767
0.790649
0.795776
0.803833
0.80957
0.81543
0.82135
0.827698
0.834045
0.840393
0.847046
0.853882
0.860718
0.867554
0.87439
0.884644
0.888062
0.898315
0.905151
0.911987
0.918823
0.925659
0.932495
0.939331
0.946167
0.953003
0.959839
0.969604
0.975952
0.9823
0.988525
0.994385
1.00024
1.00604
1.01141
1.01678
1.02209
1.02698
1.0343
1.03876
1.04315
1.04755
1.05145
1.05536
1.05908
1.0625
1.06592
1.06897
1.0719
1.07465
1.07709
1.07953
1.08148
1.08344
1.08502
1.08649
1.08771
1.08868
1.08954
1.09027
1.09052
1.09058
1.09058
1.09039
1.0899
1.08942
1.0885
1.08801
1.08649
1.08502
1.08356
1.08112
1.07916
1.07721
1.07526
1.07281
1.07037
1.06793
1.06549
1.06122
1.05829
1.05536
1.05243
1.0495
1.04657
1.04364
1.04071
1.0376
1.03418
1.03076
1.02734
1.02222
1.0188
1.01538
1.01245
1.00952
1.00659
1.00366
1.00073
0.996338
0.993408
0.990479
0.987549
0.984619
0.981689
0.97876
0.97583
0.973267
0.970825
0.968384
0.964722
0.96228
0.959839
0.957397
0.954956
0.95282
0.950867
0.948914
0.945984
0.944031
0.942078
0.940308
0.938843
0.937378
0.935913
0.934448
0.932983
0.931824
0.930847
0.929871
0.928406
0.927551
0.927063
0.926575
0.926086
0.925598
0.925415
0.925415
0.925415
0.925415
0.925598
0.926086
0.926575
0.927063
0.927551
0.928101
0.929077
0.930054
0.931519
0.932495
0.933472
0.934448
0.935852
0.937317
0.938782
0.940247
0.941711
0.943176
0.945374
0.946838
0.948303
0.949768
0.951233
0.952698
0.954163
0.955627
0.957825
0.95929
0.960754
0.962219
0.963684
0.965149
0.966614
0.968079
0.969543
0.971008
0.972473
0.973938
0.976135
0.9776
0.97876
0.979736
0.980713
0.981689
0.983154
0.984131
0.985107
0.986084
0.987061
0.988037
0.989014
0.98999
0.990967
0.992126
0.992615
0.993103
0.993591
0.994324
0.994812
0.9953
0.995789
0.996277
0.996765
0.997253
0.997742
0.998474
0.99884
0.99884
0.99884
0.99884
0.99884
0.99884
0.99884
0.99884
0.99884
0.99884
0.99884
0.99884
0.99884
0.99884
0.99884
0.99884
0.99884
0.99884
0.998779
0.998291
0.997803
0.997314
0.996582
0.996094
0.995605
0.995117
0.994385
0.993896
0.993408
0.99292
0.992432
0.992188
0.991455
0.990967
0.990479
0.98999
0.989502
0.98877
0.988281
0.987793
0.987305
0.986816
0.986328
0.98584
0.985107
0.984619
0.984131
0.983643
0.983154
0.982666
0.981934
0.981689
0.980957
0.980469
0.97998
0.979492
0.979004
0.978271
0.977783
0.977295
0.976807
0.976318
0.97583
0.975342
0.974854
0.974365
0.973877
0.973145
0.972656
0.972168
0.97168
0.971191
0.970703
0.969971
0.969482
0.968994
0.968506
0.968079
0.968079
0.968079
0.968079
0.968079
0.968079
0.968079
0.968079
0.968079
0.968079
0.968079
0.968079
0.968079
0.968079
0.968079
0.968079
0.968079
0.968079
0.968079
0.968079
0.968079
0.968079
0.968079
0.968079
0.968079
0.968079
0.968079
0.968079
0.968079
0.968079
0.968079
0.968079
0.968079
0.968079
0.968079
0.968079
0.968079
0.968079
0.968079
0.968079
0.968079
0.968079
0.968079
0.968079
0.968506
0.968994
0.969482
0.970215
0.970703
0.971191
0.97168
0.972168
0.972656
0.973145
0.973633
0.974121
0.974609
0.975098
0.975586
0.976074
0.976562
0.977295
0.977783
0.978271
0.97876
0.979248
0.979736
0.980469
0.980957
0.981445
0.981934
0.982056
0.982056
0.982056
0.982056
0.982056
0.982056
0.982056
0.982056
0.982056
0.982056
0.982056
0.982056
0.982056
0.982056
0.982056
0.982056
0.982056
0.982056
0.982056
0.982056
0.982056
0.982056
0.982056
0.982056
0.982056
0.982056
0.982056
0.982056
0.982056
0.982056
0.982056
0.982056
0.982056
0.982056
0.982056
0.982056
0.982056
0.982056
0.982056
0.982056
0.982056
0.982056
0.982056
0.982056
0.982056
0.982056
0.982056
0.982056
0.982056
0.982056
0.982056
0.982056
0.982056
0.982056
0.982056
0.982056
0.982056
0.982056
0.982056
0.982056
0.982056
0.982056
0.982056
0.982056
0.982056
0.982056
0.982056
0.982056
0.982056
0.982056
0.982056
0.982056
0.982056
0.982056
0.982056
0.982056
0.982056
0.982056
0.982056
0.982056
0.982056
0.982056
0.982056
0.982056
0.982056
0.982056
0.982056
0.982056
0.982056
0.982056
0.982056
0.982056
0.982056
0.982056
0.982056
0.982056
0.982056
0.982056
0.982056
0.982056
0.982056
0.982056
0.982056
0.982056
0.982056
0.982056
0.982056
0.982056
0.982056
0.982056
0.982056
0.982056
0.982056
0.982056
0.982056
0.982056
0.982056
0.982056
0.982056
0.982056
0.982056
0.982056
0.982056
0.982056
0.982056
0.982056
0.982056
0.982056
0.982056
0.982056
0.982056
0.982056
0.982056
0.982056
0.982056
0.982056
0.982056
0.982056
0.982056
0.982056
0.982056
0.982056
0.982056
0.982056
0.982056
0.982056
0.982056
0.982056
0.982056
0.982056
0.982056
0.982056
0.982056
0.982056
0.982056
0.982056
0.982056
0.982056
0.982056
0.982056
0.982056
0.982056
0.982056
0.982056
0.982056
0.982056
0.982056
0.982056
0.982056
0.982056
0.982056
0.982056
0.982056
0.982056
0.982056
0.982056
0.982056
0.982056
0.982056
0.982056
0.982056
0.982056
0.982056
0.982056
0.982056
0.982056
0.982056
0.982056
0.982056
0.982056
0.982056
0.982056
0.982056
0.982056
0.982056
0.982056
0.982056
0.982056
0.982056
0.982056
0.982056
0.982056
0.982056
0.982056
0.982056
0.982056
0.982056
0.982056
0.982056
0.982056
0.982056
0.982056
0.982056
0.982056
0.982056
0.982056
0.982056
0.982056
0.982056
0.982056
0.982056
0.982056
0.982056
0.982056
0.982056
0.982056
0.982056
0.982056
0.982056
0.982056
0.982056
0.982056
0.982056
0.982056
0.982056
0.982056
0.982056
0.982056
0.982056
0.982056
0.982056
0.982056
0.982056
0.982056
0.982056
0.982056
0.982056
0.982056
0.982056
0.982056
0.982056
0.982056
0.982056
0.982056
0.982056
0.982056
0.982056
0.982056
0.982056
0.982056
0.982056
0.982056
0.982056
0.982056
0.982056
0.982056
0.982056
0.982056
0.982056
0.982056
0.982056
0.982056
0.982056
0.982056
0.982056
0.982056
0.982056
0.982056
0.982056
0.982056
0.982056
0.982056
0.982056
0.982056
0.982056
0.982056
0.982056
0.982056
0.982056
0.982056
0.982056
0.982056
0.982056
0.982056
0.982056
0.982056
0.982056
0.982056
0.982056
0.982056
0.982056
0.982056
0.982056
0.982056
0.982056
0.982056
0.982056
0.982056
0.982056
0.982056
0.982056
0.982056
0.982056
0.982056
0.982056
0.982056
0.982056
0.982056
0.982056
0.982056
0.982056
0.982056
0.982056
0.982056
0.982056
0.982056
0.982056
0.982056
0.982056
0.982056
0.982056
0.982056
0.982056
0.982056
0.982056
0.982056
0.982056
0.982056
0.982056
0.982056
0.982056
0.982056
0.982056
0.982056
0.982056
0.982056
0.982056
0.982056
0.982056
0.982056
0.982056
0.982056
0.982056
0.982056
0.982056
0.982056
0.982056
0.982056
0.982056
0.982056
0.982056
0.982056
0.982056
0.982056
0.982056
0.982056
0.982056
0.982056
0.982056
0.982056
0.982056
0.982056
0.982056
0.982056
0.982056
0.982056
0.982056
0.982056
0.982056
0.982056
0.982056
0.982056
0.982056
0.982056
0.982056
0.982056
0.982056
0.982056
0.982056
0.982056
0.982056
0.982056
0.982056
0.982056
0.982056
0.982056
0.982056
0.982056
0.982056
0.982056
0.982056
0.982056
0.982544
0.983032
0.983521
0.984009
0.984497
0.984985
0.985474
0.985962
0.98645
0.986938
0.987305
0.987305
0.987305
0.987305
0.987305
0.987305
0.987305
0.987305
0.987305
0.987305
0.987305
0.987305
0.987305
0.987305
0.987305
0.987305
0.987305
0.987305
0.987305
0.987305
0.987305
0.987305
0.987305
0.987305
0.987305
0.987305
0.987305
0.987305
0.987305
0.987305
0.987305
0.987305
0.987305
0.987305
0.987305
0.987305
0.987305
0.987305
0.987305
0.987305
0.987305
0.987305
0.987305
0.987305
0.987305
0.987305
0.987305
0.987305
0.987305
0.987305
0.987305
0.987305
0.987305
0.987305
0.987305
0.987305
0.987305
0.987305
0.987305
0.987305
0.987305
0.987305
0.987305
0.987305
0.987305
