0
0
0
0
0
0
0
0.000122071
0.000366211
0.00109863
0.00238037
0.0045166
0.00946045
0.0140991
0.0200195
0.0272827
0.0358276
0.0457764
0.0571289
0.0768433
0.0917358
0.10791
0.125427
0.144226
0.164185
0.185242
0.207336
0.230408
0.254395
0.279236
0.30481
0.344482
0.371704
0.399475
0.427795
0.456543
0.485718
0.515076
0.544861
0.574646
0.604614
0.634888
0.665161
0.695435
0.72522
0.755005
0.784729
0.814026
0.84314
0.886169
0.90033
0.942139
0.96936
0.996094
1.02228
1.04785
1.07275
1.09698
1.12061
1.14337
1.16541
1.18665
1.20709
1.22668
1.24548
1.27197
1.2804
1.30432
1.31915
1.33307
1.34607
1.35815
1.36938
1.37964
1.38904
1.39746
1.40503
1.41455
1.4173
1.4198
1.42761
1.43115
1.43243
1.43286
1.43243
1.43121
1.4292
1.42645
1.42285
1.41614
1.41077
1.40472
1.39807
1.39075
1.38281
1.37427
1.36517
1.35559
1.34027
1.32947
1.31824
1.30658
1.29456
1.27588
1.26953
1.25653
1.24335
1.22302
1.20935
1.19556
1.1814
1.16724
1.15308
1.13892
1.12476
1.1106
1.09644
1.08228
1.06812
1.05408
1.04041
1.02673
1.00653
0.993347
0.986755
0.96759
0.955017
0.94281
0.930847
0.919128
0.907837
0.89679
0.886047
0.875793
0.865845
0.856262
0.847046
0.838257
0.829895
0.82196
0.814453
0.807373
0.80072
0.794495
0.788696
0.783386
0.778503
0.772095
0.770142
0.766602
0.76355
0.760925
0.757751
0.756226
0.755127
0.754395
0.754089
0.75415
0.754639
0.755554
0.756836
0.758423
0.760376
0.762756
0.765442
0.768372
0.773499
0.777344
0.781372
0.785767
0.790344
0.795227
0.800293
0.805664
0.811035
0.816895
0.825684
0.831909
0.838257
0.844604
0.850952
0.857727
0.864563
0.871399
0.878235
0.885071
0.891907
0.898743
0.905579
0.912415
0.91925
0.926086
0.932922
0.939758
0.946594
0.95343
0.960144
0.966492
0.972839
0.982361
0.988403
0.994263
1.00012
1.0058
1.01117
1.01654
1.02417
1.02905
1.03394
1.03613
1.04272
1.047
1.0509
1.05481
1.05835
1.06177
1.06506
1.06799
1.07092
1.07343
1.07587
1.078
1.07996
1.08246
1.08392
1.08508
1.08606
1.08691
1.0874
1.08765
1.08795
1.08795
1.08777
1.08728
1.08679
1.08594
1.08496
1.08398
1.08258
1.08112
1.07965
1.07782
1.07587
1.07391
1.0719
1.06946
1.06702
1.06458
1.06091
1.05798
1.05505
1.05212
1.04919
1.04626
1.04333
1.04041
1.03748
1.03455
1.03162
1.02869
1.02576
1.02283
1.0199
1.01697
1.01404
1.01111
1.00818
1.00525
1.00232
0.99939
0.99646
0.99353
0.990601
0.987671
0.984741
0.981812
0.979187
0.976746
0.974304
0.971863
0.969421
0.96698
0.964539
0.962097
0.959656
0.957214
0.9552
0.953247
0.951294
0.949341
0.947388
0.945435
0.943481
0.941772
0.940308
0.938843
0.936646
0.935181
0.933716
0.932739
0.931763
0.930786
0.92981
0.928833
0.928284
0.927795
0.927307
0.926575
0.926453
0.926453
0.926453
0.926453
0.926453
0.92688
0.927124
0.927856
0.928345
0.928589
0.929565
0.930542
0.931519
0.932495
0.933472
0.934448
0.935425
0.936646
0.93811
0.939575
0.94104
0.942505
0.94397
0.945435
0.946899
0.948364
0.950562
0.952026
0.953491
0.954956
0.956421
0.957886
0.959351
0.960815
0.96228
0.963745
0.96521
0.967407
0.96814
0.970337
0.971802
0.973267
0.974731
0.976196
0.977661
0.978638
0.979614
0.980591
0.981567
0.983032
0.983521
0.984985
0.985962
0.986938
0.987915
0.988892
0.989868
0.990845
0.991577
0.992065
0.992798
0.993286
0.993774
0.994263
0.994751
0.995239
0.995728
0.996216
0.996704
0.997192
0.997681
0.998169
0.998474
0.998474
0.998474
0.998474
0.998474
0.998474
0.998474
0.998474
0.998474
0.998474
0.998474
0.998474
0.998474
0.998474
0.998474
0.998474
0.998474
0.998474
0.998474
0.998108
0.99762
0.997131
0.996643
0.996155
0.995667
0.995178
0.99469
0.993958
0.993469
0.992981
0.992493
0.992004
0.991516
0.991028
0.99054
0.990051
0.989563
0.988831
0.988342
0.987854
0.987366
0.986877
0.986389
0.985901
0.985413
0.984924
0.984192
0.983704
0.983215
0.982727
0.982239
0.98175
0.981262
0.98053
0.980042
0.979553
0.979065
0.978577
0.978088
0.9776
0.976868
0.976624
0.976135
0.975647
0.975159
0.974426
0.974182
0.973694
0.973206
0.972717
0.971985
0.971497
0.971008
0.97052
0.970032
0.969543
0.969055
0.968567
0.968506
0.968506
0.968506
0.968506
0.968506
0.968506
0.968506
0.968506
0.968506
0.968506
0.968506
0.968506
0.968506
0.968506
0.968506
0.968506
0.968506
0.968506
0.968506
0.968506
0.968506
0.968506
0.968506
0.968506
0.968506
0.968506
0.968506
0.968506
0.968506
0.968506
0.968506
0.968506
0.968506
0.968506
0.968506
0.968506
0.968506
0.968506
0.968506
0.968506
0.968506
0.968506
0.968506
0.968506
0.968506
0.968506
0.968811
0.969299
0.970032
0.97052
0.971008
0.971497
0.971985
0.972473
0.972961
0.97345
0.973938
0.974426
0.974915
0.975647
0.976135
0.976624
0.977112
0.9776
0.978088
0.978577
0.979065
0.979553
0.980042
0.980774
0.981262
0.98175
0.981934
0.981934
0.981934
0.981934
0.981934
0.981934
0.981934
0.981934
0.981934
0.981934
0.981934
0.981934
0.981934
0.981934
0.981934
0.981934
0.981934
0.981934
0.981934
0.981934
0.981934
0.981934
0.981934
0.981934
0.981934
0.981934
0.981934
0.981934
0.981934
0.981934
0.981934
0.981934
0.981934
0.981934
0.981934
0.981934
0.981934
0.981934
0.981934
0.981934
0.981934
0.981934
0.981934
0.981934
0.981934
0.981934
0.981934
0.981934
0.981934
0.981934
0.981934
0.981934
0.981934
0.981934
0.981934
0.981934
0.981934
0.981934
0.981934
0.981934
0.981934
0.981934
0.981934
0.981934
0.981934
0.981934
0.981934
0.981934
0.981934
0.981934
0.981934
0.981934
0.981934
0.981934
0.981934
0.981934
0.981934
0.981934
0.981934
0.981934
0.981934
0.981934
0.981934
0.981934
0.981934
0.981934
0.981934
0.981934
0.981934
0.981934
0.981934
0.981934
0.981934
0.981934
0.981934
0.981934
0.981934
0.981934
0.981934
0.981934
0.981934
0.981934
0.981934
0.981934
0.981934
0.981934
0.981934
0.981934
0.981934
0.981934
0.981934
0.981934
0.981934
0.981934
0.981934
0.981934
0.981934
0.981934
0.981934
0.981934
0.981934
0.981934
0.981934
0.981934
0.981934
0.981934
0.981934
0.981934
0.981934
0.981934
0.981934
0.981934
0.981934
0.981934
0.981934
0.981934
0.981934
0.981934
0.981934
0.981934
0.981934
0.981934
0.981934
0.981934
0.981934
0.981934
0.981934
0.981934
0.981934
0.981934
0.981934
0.981934
0.981934
0.981934
0.981934
0.981934
0.981934
0.981934
0.981934
0.981934
0.981934
0.981934
0.981934
0.981934
0.981934
0.981934
0.981934
0.981934
0.981934
0.981934
0.981934
0.981934
0.981934
0.981934
0.981934
0.981934
0.981934
0.981934
0.981934
0.981934
0.981934
0.981934
0.981934
0.981934
0.981934
0.981934
0.981934
0.981934
0.981934
0.981934
0.981934
0.981934
0.981934
0.981934
0.981934
0.981934
0.981934
0.981934
0.981934
0.981934
0.981934
0.981934
0.981934
0.981934
0.981934
0.981934
0.981934
0.981934
0.981934
0.981934
0.981934
0.981934
0.981934
0.981934
0.981934
0.981934
0.981934
0.981934
0.981934
0.981934
0.981934
0.981934
0.981934
0.981934
0.981934
0.981934
0.981934
0.981934
0.981934
0.981934
0.981934
0.981934
0.981934
0.981934
0.981934
0.981934
0.981934
0.981934
0.981934
0.981934
0.981934
0.981934
0.981934
0.981934
0.981934
0.981934
0.981934
0.981934
0.981934
0.981934
0.981934
0.981934
0.981934
0.981934
0.981934
0.981934
0.981934
0.981934
0.981934
0.981934
0.981934
0.981934
0.981934
0.981934
0.981934
0.981934
0.981934
0.981934
0.981934
0.981934
0.981934
0.981934
0.981934
0.981934
0.981934
0.981934
0.981934
0.981934
0.981934
0.981934
0.981934
0.981934
0.981934
0.981934
0.981934
0.981934
0.981934
0.981934
0.981934
0.981934
0.981934
0.981934
0.981934
0.981934
0.981934
0.981934
0.981934
0.981934
0.981934
0.981934
0.981934
0.981934
0.981934
0.981934
0.981934
0.981934
0.981934
0.981934
0.981934
0.981934
0.981934
0.981934
0.981934
0.981934
0.981934
0.981934
0.981934
0.981934
0.981934
0.981934
0.981934
0.981934
0.981934
0.981934
0.981934
0.981934
0.981934
0.981934
0.981934
0.981934
0.981934
0.981934
0.981934
0.981934
0.981934
0.981934
0.981934
0.981934
0.981934
0.981934
0.981934
0.981934
0.981934
0.981934
0.981934
0.981934
0.981934
0.981934
0.981934
0.981934
0.981934
0.981934
0.981934
0.981934
0.981934
0.981934
0.981934
0.981934
0.981934
0.981934
0.981934
0.981934
0.981934
0.981934
0.981934
0.981934
0.981934
0.981934
0.981934
0.981934
0.981934
0.981934
0.981934
0.981934
0.981934
0.981934
0.981934
0.981934
0.981934
0.981934
0.981934
0.981934
0.981934
0.981934
0.981934
0.981934
0.981934
0.981934
0.981934
0.981934
0.981934
0.981934
0.981934
0.981934
0.981934
0.981934
0.981934
0.981995
0.982483
0.982971
0.983459
0.983948
0.984436
0.984924
0.985413
0.985901
0.986389
0.986877
0.986938
0.986938
0.986938
0.986938
0.986938
0.986938
0.986938
0.986938
0.986938
0.986938
0.986938
0.986938
0.986938
0.986938
0.986938
0.986938
0.986938
0.986938
0.986938
0.986938
0.986938
0.986938
0.986938
0.986938
0.986938
0.986938
0.986938
0.986938
0.986938
0.986938
0.986938
0.986938
0.986938
0.986938
0.986938
0.986938
0.986938
0.986938
0.986938
0.986938
0.986938
0.986938
0.986938
0.986938
0.986938
0.986938
0.986938
0.986938
0.986938
0.986938
0.986938
0.986938
0.986938
0.986938
0.986938
0.986938
0.986938
0.986938
0.986938
0.986938
0.986938
0.986938
