0
0
0
0
0
0
0
0.000366211
0.00109863
0.00238037
0.0045166
0.00756836
0.0115967
0.0169067
0.0234985
0.0313721
0.0405884
0.0512695
0.0633545
0.0768433
0.0917358
0.10791
0.125427
0.144226
0.164185
0.185303
0.218933
0.242615
0.267151
0.29248
0.318604
0.345459
0.372925
0.40094
0.429443
0.458374
0.487671
0.517334
0.562012
0.592285
0.622559
0.652832
0.683105
0.713379
0.743347
0.773132
0.817383
0.846558
0.875366
0.903748
0.931702
0.959229
0.986267
1.01276
1.05133
1.06384
1.10046
1.12408
1.14691
1.16907
1.19037
1.21094
1.23065
1.24951
1.26752
1.29291
1.30878
1.32373
1.33777
1.35095
1.36322
1.37457
1.38495
1.39447
1.40302
1.41058
1.42029
1.4256
1.42999
1.43353
1.43616
1.43787
1.43872
1.43878
1.43726
1.43524
1.4325
1.42889
1.42456
1.41949
1.41376
1.40729
1.40021
1.38843
1.37982
1.37067
1.36096
1.35077
1.34009
1.32898
1.31744
1.30554
1.29333
1.28064
1.26776
1.25458
1.24115
1.22748
1.21375
1.19958
1.18542
1.17126
1.1571
1.14252
1.12787
1.11322
1.09857
1.08411
1.04871
1.03455
1.02063
1.00012
0.986694
0.973511
0.960571
0.947876
0.935547
0.923462
0.911743
0.900391
0.889404
0.878723
0.868469
0.858643
0.849182
0.840149
0.831482
0.823242
0.81543
0.808105
0.801208
0.785767
0.780396
0.775452
0.770996
0.766968
0.763367
0.760193
0.757446
0.754211
0.753357
0.751953
0.750977
0.750427
0.750488
0.750977
0.751953
0.753296
0.754944
0.756958
0.759399
0.763611
0.765198
0.768616
0.774292
0.778442
0.782837
0.787598
0.79248
0.797729
0.803101
0.808716
0.814575
0.820435
0.826721
0.833069
0.839417
0.845947
0.852783
0.863037
0.869873
0.876709
0.883545
0.890381
0.897217
0.904053
0.910889
0.917725
0.924561
0.931396
0.938232
0.945068
0.951904
0.95874
0.965149
0.971497
0.981018
0.987183
0.993042
0.998901
1.0047
1.01007
1.01544
1.02319
1.02563
1.03052
1.03748
1.04187
1.04626
1.05017
1.05408
1.0578
1.06122
1.06616
1.06909
1.07202
1.07446
1.0769
1.07898
1.08093
1.0827
1.08417
1.08606
1.08704
1.08783
1.08832
1.08881
1.08881
1.08881
1.08856
1.08807
1.08759
1.08667
1.08569
1.08466
1.08319
1.08173
1.08026
1.07831
1.07635
1.0744
1.0722
1.06976
1.06732
1.06488
1.06091
1.05798
1.05652
1.05359
1.05066
1.04626
1.04333
1.04041
1.03748
1.03406
1.03064
1.02722
1.0238
1.02209
1.01697
1.01373
1.0108
1.00787
1.00494
1.00201
0.999084
0.996155
0.99469
0.990295
0.987366
0.984436
0.981506
0.978577
0.975647
0.971924
0.970703
0.968262
0.96582
0.963379
0.959717
0.958496
0.954834
0.953735
0.951782
0.948853
0.946899
0.944946
0.942993
0.941101
0.939636
0.938171
0.936707
0.935242
0.933044
0.932068
0.931091
0.930115
0.929138
0.928223
0.927734
0.927246
0.926758
0.92627
0.925964
0.925964
0.925964
0.925964
0.925964
0.926514
0.926758
0.927246
0.927734
0.928223
0.929321
0.92981
0.931274
0.932251
0.932739
0.934204
0.935181
0.936523
0.937988
0.939453
0.940918
0.942383
0.943848
0.945312
0.946777
0.948242
0.949707
0.951172
0.952637
0.954102
0.955566
0.957031
0.958496
0.959961
0.961426
0.962891
0.964355
0.96582
0.967285
0.96875
0.970215
0.97168
0.973145
0.974609
0.976074
0.977539
0.978577
0.979553
0.981018
0.981506
0.982483
0.983459
0.984436
0.985413
0.986877
0.987366
0.988342
0.989319
0.990295
0.991699
0.992188
0.992432
0.993164
0.993652
0.994141
0.994629
0.995117
0.995605
0.996094
0.996582
0.99707
0.997559
0.998047
0.998535
0.998718
0.998718
0.998718
0.998718
0.998718
0.998718
0.998718
0.998718
0.998718
0.998718
0.998718
0.998718
0.998718
0.998718
0.998718
0.998718
0.998718
0.998718
0.998718
0.998596
0.998108
0.99762
0.997131
0.996643
0.996155
0.995667
0.995178
0.99469
0.994202
0.993469
0.993225
0.992737
0.992004
0.99176
0.991028
0.990784
0.990295
0.989807
0.989075
0.988586
0.988098
0.987854
0.987122
0.986877
0.986145
0.985657
0.985168
0.98468
0.984192
0.983704
0.982971
0.982727
0.982239
0.98175
0.981262
0.98053
0.980286
0.979797
0.979309
0.978577
0.978088
0.977844
0.977112
0.976868
0.976135
0.975891
0.975159
0.97467
0.974182
0.973694
0.973206
0.972717
0.972229
0.971741
0.971252
0.970764
0.970276
0.969543
0.969299
0.968811
0.968323
0.968262
0.968262
0.968262
0.968262
0.968262
0.968262
0.968262
0.968262
0.968262
0.968262
0.968262
0.968262
0.968262
0.968262
0.968262
0.968262
0.968262
0.968262
0.968262
0.968262
0.968262
0.968262
0.968262
0.968262
0.968262
0.968262
0.968262
0.968262
0.968262
0.968262
0.968262
0.968262
0.968262
0.968262
0.968262
0.968262
0.968262
0.968262
0.968262
0.968262
0.968262
0.968262
0.968262
0.968262
0.968262
0.968262
0.96875
0.969238
0.969727
0.970459
0.970703
0.971191
0.971924
0.972412
0.972656
0.973389
0.973633
0.974365
0.974854
0.975342
0.97583
0.976074
0.976807
0.977295
0.977783
0.978271
0.97876
0.979248
0.979736
0.980225
0.980713
0.981201
0.981689
0.982178
0.982178
0.982178
0.982178
0.982178
0.982178
0.982178
0.982178
0.982178
0.982178
0.982178
0.982178
0.982178
0.982178
0.982178
0.982178
0.982178
0.982178
0.982178
0.982178
0.982178
0.982178
0.982178
0.982178
0.982178
0.982178
0.982178
0.982178
0.982178
0.982178
0.982178
0.982178
0.982178
0.982178
0.982178
0.982178
0.982178
0.982178
0.982178
0.982178
0.982178
0.982178
0.982178
0.982178
0.982178
0.982178
0.982178
0.982178
0.982178
0.982178
0.982178
0.982178
0.982178
0.982178
0.982178
0.982178
0.982178
0.982178
0.982178
0.982178
0.982178
0.982178
0.982178
0.982178
0.982178
0.982178
0.982178
0.982178
0.982178
0.982178
0.982178
0.982178
0.982178
0.982178
0.982178
0.982178
0.982178
0.982178
0.982178
0.982178
0.982178
0.982178
0.982178
0.982178
0.982178
0.982178
0.982178
0.982178
0.982178
0.982178
0.982178
0.982178
0.982178
0.982178
0.982178
0.982178
0.982178
0.982178
0.982178
0.982178
0.982178
0.982178
0.982178
0.982178
0.982178
0.982178
0.982178
0.982178
0.982178
0.982178
0.982178
0.982178
0.982178
0.982178
0.982178
0.982178
0.982178
0.982178
0.982178
0.982178
0.982178
0.982178
0.982178
0.982178
0.982178
0.982178
0.982178
0.982178
0.982178
0.982178
0.982178
0.982178
0.982178
0.982178
0.982178
0.982178
0.982178
0.982178
0.982178
0.982178
0.982178
0.982178
0.982178
0.982178
0.982178
0.982178
0.982178
0.982178
0.982178
0.982178
0.982178
0.982178
0.982178
0.982178
0.982178
0.982178
0.982178
0.982178
0.982178
0.982178
0.982178
0.982178
0.982178
0.982178
0.982178
0.982178
0.982178
0.982178
0.982178
0.982178
0.982178
0.982178
0.982178
0.982178
0.982178
0.982178
0.982178
0.982178
0.982178
0.982178
0.982178
0.982178
0.982178
0.982178
0.982178
0.982178
0.982178
0.982178
0.982178
0.982178
0.982178
0.982178
0.982178
0.982178
0.982178
0.982178
0.982178
0.982178
0.982178
0.982178
0.982178
0.982178
0.982178
0.982178
0.982178
0.982178
0.982178
0.982178
0.982178
0.982178
0.982178
0.982178
0.982178
0.982178
0.982178
0.982178
0.982178
0.982178
0.982178
0.982178
0.982178
0.982178
0.982178
0.982178
0.982178
0.982178
0.982178
0.982178
0.982178
0.982178
0.982178
0.982178
0.982178
0.982178
0.982178
0.982178
0.982178
0.982178
0.982178
0.982178
0.982178
0.982178
0.982178
0.982178
0.982178
0.982178
0.982178
0.982178
0.982178
0.982178
0.982178
0.982178
0.982178
0.982178
0.982178
0.982178
0.982178
0.982178
0.982178
0.982178
0.982178
0.982178
0.982178
0.982178
0.982178
0.982178
0.982178
0.982178
0.982178
0.982178
0.982178
0.982178
0.982178
0.982178
0.982178
0.982178
0.982178
0.982178
0.982178
0.982178
0.982178
0.982178
0.982178
0.982178
0.982178
0.982178
0.982178
0.982178
0.982178
0.982178
0.982178
0.982178
0.982178
0.982178
0.982178
0.982178
0.982178
0.982178
0.982178
0.982178
0.982178
0.982178
0.982178
0.982178
0.982178
0.982178
0.982178
0.982178
0.982178
0.982178
0.982178
0.982178
0.982178
0.982178
0.982178
0.982178
0.982178
0.982178
0.982178
0.982178
0.982178
0.982178
0.982178
0.982178
0.982178
0.982178
0.982178
0.982178
0.982178
0.982178
0.982178
0.982178
0.982178
0.982178
0.982178
0.982178
0.982178
0.982178
0.982178
0.982178
0.982178
0.982178
0.982178
0.982178
0.982178
0.982178
0.982178
0.982178
0.982178
0.982178
0.982178
0.982178
0.982178
0.982178
0.982178
0.982178
0.982178
0.982178
0.982178
0.982178
0.982178
0.982178
0.982178
0.982178
0.982178
0.982178
0.982178
0.982178
0.982178
0.982178
0.982178
0.982178
0.982178
0.982178
0.982178
0.982178
0.982178
0.982178
0.982178
0.982178
0.982178
0.982178
0.982178
0.982178
0.982178
0.982178
0.982178
0.982178
0.982178
0.982178
0.982178
0.982178
0.982178
0.982178
0.982178
0.982178
0.982178
0.982178
0.982178
0.982178
0.982178
0.982178
0.982178
0.982178
0.982178
0.982178
0.982178
0.982178
0.982178
0.982178
0.982178
0.982178
0.982666
0.983154
0.983643
0.984131
0.984619
0.985352
0.98584
0.986328
0.986816
0.987305
0.987366
0.987366
0.987366
0.987366
0.987366
0.987366
0.987366
0.987366
0.987366
0.987366
0.987366
0.987366
0.987366
0.987366
0.987366
0.987366
0.987366
0.987366
0.987366
0.987366
0.987366
0.987366
0.987366
0.987366
0.987366
0.987366
0.987366
0.987366
0.987366
0.987366
0.987366
0.987366
0.987366
0.987366
0.987366
0.987366
0.987366
0.987366
0.987366
0.987366
0.987366
0.987366
0.987366
0.987366
0.987366
0.987366
0.987366
