0
0
0
0
0
0
0
0.000366211
0.000610352
0.0045166
0.00756836
0.0115967
0.0169067
0.0234985
0.0358276
0.0457764
0.0512695
0.0633545
0.0768433
0.0996704
0.116516
0.134644
0.154053
0.174561
0.207336
0.218811
0.242371
0.266846
0.304993
0.33136
0.358398
0.37207
0.399902
0.442566
0.45697
0.500671
0.529968
0.559753
0.589539
0.619324
0.649109
0.678894
0.708679
0.738342
0.767639
0.796875
0.825684
0.854187
0.882324
0.910034
0.937256
0.963989
0.990173
1.01575
1.04077
1.06506
1.08875
1.11169
1.13391
1.1554
1.17615
1.19604
1.21515
1.23346
1.25085
1.26746
1.2832
1.29803
1.31195
1.32501
1.33716
1.34845
1.35883
1.36835
1.37689
1.38458
1.39142
1.39734
1.4024
1.40662
1.40997
1.41248
1.41418
1.41498
1.41504
1.41431
1.41278
1.41052
1.4057
1.40375
1.39929
1.39136
1.38843
1.37854
1.37494
1.36334
1.35492
1.34595
1.33649
1.3266
1.31628
1.30554
1.29431
1.28278
1.271
1.25879
1.2464
1.2337
1.22095
1.20776
1.19458
1.1814
1.16785
1.15417
1.1405
1.12683
1.11316
1.09949
1.08582
1.07214
1.05896
1.04578
1.03259
1.01959
1.0069
0.994202
0.981995
0.969788
0.958008
0.952148
0.92395
0.913208
0.902832
0.8927
0.882935
0.873596
0.864563
0.855896
0.847595
0.839783
0.832336
0.825317
0.818665
0.812439
0.806641
0.80127
0.796387
0.791931
0.787842
0.78418
0.77948
0.776855
0.774658
0.772827
0.771423
0.770447
0.769897
0.769714
0.769836
0.770325
0.771301
0.772583
0.774109
0.776062
0.77832
0.780823
0.783752
0.786926
0.790344
0.794067
0.797974
0.802246
0.806641
0.81134
0.816223
0.821228
0.826599
0.83197
0.837463
0.843323
0.849182
0.857971
0.861084
0.870605
0.873779
0.880127
0.889648
0.892822
0.902344
0.908691
0.915039
0.921387
0.927734
0.934082
0.94043
0.943604
0.953125
0.959412
0.965271
0.97113
0.97699
0.982849
0.98822
0.993591
0.998962
1.00409
1.00897
1.01385
1.01855
1.02295
1.02734
1.03156
1.03546
1.03937
1.04309
1.04822
1.04993
1.05316
1.05756
1.06049
1.06293
1.06537
1.06763
1.06958
1.07153
1.07312
1.07458
1.07593
1.0769
1.07788
1.07849
1.07898
1.07935
1.07935
1.07935
1.0791
1.07861
1.07812
1.07733
1.07635
1.07538
1.07416
1.07269
1.07123
1.06976
1.06781
1.06586
1.0639
1.06195
1.05963
1.05719
1.05475
1.05231
1.04987
1.04742
1.04358
1.04211
1.03918
1.03479
1.03333
1.0304
1.02747
1.02454
1.02161
1.01868
1.01428
1.01282
1.00989
1.00549
1.00403
0.999634
0.996704
0.994019
0.991577
0.989136
0.986694
0.984253
0.981812
0.97937
0.976929
0.974487
0.972046
0.969604
0.967163
0.964966
0.963013
0.96106
0.959106
0.957153
0.9552
0.953247
0.951294
0.949341
0.947876
0.946411
0.944946
0.943481
0.942017
0.940552
0.939087
0.938049
0.936584
0.935608
0.93512
0.933655
0.932922
0.932434
0.931946
0.931458
0.930969
0.930603
0.930603
0.930603
0.930603
0.930603
0.930603
0.93103
0.931763
0.932007
0.932739
0.933228
0.933838
0.934814
0.935791
0.936768
0.937744
0.938721
0.939697
0.940674
0.94165
0.942627
0.943909
0.945374
0.946838
0.948303
0.949768
0.951233
0.952698
0.954163
0.955627
0.957092
0.958557
0.960022
0.961487
0.962952
0.964417
0.965881
0.967346
0.968811
0.969971
0.970947
0.971924
0.9729
0.973877
0.974854
0.97583
0.976807
0.977783
0.97876
0.979736
0.980713
0.981689
0.982666
0.983643
0.984619
0.985596
0.986511
0.987
0.987488
0.987976
0.988464
0.988953
0.989441
0.989929
0.990417
0.990906
0.991394
0.991882
0.992615
0.992859
0.993347
0.993835
0.994324
0.994507
0.994507
0.994507
0.994507
0.994507
0.994507
0.994507
0.994507
0.994507
0.994507
0.994507
0.994507
0.994507
0.994507
0.994507
0.994507
0.994507
0.994507
0.994507
0.994507
0.994507
0.994507
0.994507
0.994141
0.993652
0.993164
0.992676
0.992188
0.991699
0.991211
0.990723
0.990234
0.989746
0.989258
0.98877
0.988037
0.987793
0.987061
0.986816
0.986084
0.985596
0.985107
0.984619
0.984375
0.983643
0.983154
0.982666
0.982178
0.981689
0.981201
0.980713
0.980225
0.979736
0.979248
0.97876
0.978271
0.977783
0.977295
0.976807
0.976318
0.97583
0.975342
0.974854
0.974365
0.973877
0.973389
0.9729
0.972412
0.971924
0.971436
0.970947
0.970459
0.969971
0.969543
0.969543
0.969543
0.969543
0.969543
0.969543
0.969543
0.969543
0.969543
0.969543
0.969543
0.969543
0.969543
0.969543
0.969543
0.969543
0.969543
0.969543
0.969543
0.969543
0.969543
0.969543
0.969543
0.969543
0.969543
0.969543
0.969543
0.969543
0.969543
0.969543
0.969543
0.969543
0.969543
0.969543
0.969543
0.969543
0.969543
0.969543
0.969543
0.969543
0.969543
0.969543
0.969543
0.969543
0.969543
0.969543
0.969543
0.969543
0.969543
0.969543
0.969543
0.969543
0.969543
0.969543
0.969543
0.969543
0.969543
0.969971
0.970459
0.970947
0.971436
0.971924
0.972412
0.9729
0.973389
0.973877
0.974365
0.974854
0.975342
0.97583
0.976318
0.976807
0.977295
0.977783
0.978271
0.97876
0.979248
0.97998
0.980469
0.980957
0.981445
0.981445
0.981445
0.981445
0.981445
0.981445
0.981445
0.981445
0.981445
0.981445
0.981445
0.981445
0.981445
0.981445
0.981445
0.981445
0.981445
0.981445
0.981445
0.981445
0.981445
0.981445
0.981445
0.981445
0.981445
0.981445
0.981445
0.981445
0.981445
0.981445
0.981445
0.981445
0.981445
0.981445
0.981445
0.981445
0.981445
0.981445
0.981445
0.981445
0.981445
0.981445
0.981445
0.981445
0.981445
0.981445
0.981445
0.981445
0.981445
0.981445
0.981445
0.981445
0.981445
0.981445
0.981445
0.981445
0.981445
0.981445
0.981445
0.981445
0.981445
0.981445
0.981445
0.981445
0.981445
0.981445
0.981445
0.981445
0.981445
0.981445
0.981445
0.981445
0.981445
0.981445
0.981445
0.981445
0.981445
0.981445
0.981445
0.981445
0.981445
0.981445
0.981445
0.981445
0.981445
0.981445
0.981445
0.981445
0.981445
0.981445
0.981445
0.981445
0.981445
0.981445
0.981445
0.981445
0.981445
0.981445
0.981445
0.981445
0.981445
0.981445
0.981445
0.981445
0.981445
0.981445
0.981445
0.981445
0.981445
0.981445
0.981445
0.981445
0.981445
0.981445
0.981445
0.981445
0.981445
0.981445
0.981445
0.981445
0.981445
0.981445
0.981445
0.981445
0.981445
0.981445
0.981445
0.981445
0.981445
0.981445
0.981445
0.981445
0.981445
0.981445
0.981445
0.981445
0.981445
0.981445
0.981445
0.981445
0.981445
0.981445
0.981445
0.981445
0.981445
0.981445
0.981445
0.981445
0.981445
0.981445
0.981445
0.981445
0.981445
0.981445
0.981445
0.981445
0.981445
0.981445
0.981445
0.981445
0.981445
0.981445
0.981445
0.981445
0.981445
0.981445
0.981445
0.981445
0.981445
0.981445
0.981445
0.981445
0.981445
0.981445
0.981445
0.981445
0.981445
0.981445
0.981445
0.981445
0.981445
0.981445
0.981445
0.981445
0.981445
0.981445
0.981445
0.981445
0.981445
0.981445
0.981445
0.981445
0.981445
0.981445
0.981445
0.981445
0.981445
0.981445
0.981445
0.981445
0.981445
0.981445
0.981445
0.981445
0.981445
0.981445
0.981445
0.981445
0.981445
0.981445
0.981445
0.981445
0.981445
0.981445
0.981445
0.981445
0.981445
0.981445
0.981445
0.981445
0.981445
0.981445
0.981445
0.981445
0.981445
0.981445
0.981445
0.981445
0.981445
0.981445
0.981445
0.981445
0.981445
0.981445
0.981445
0.981445
0.981445
0.981445
0.981445
0.981445
0.981445
0.981445
0.981445
0.981445
0.981445
0.981445
0.981445
0.981445
0.981445
0.981445
0.981445
0.981445
0.981445
0.981445
0.981445
0.981445
0.981445
0.981445
0.981445
0.981445
0.981445
0.981445
0.981445
0.981445
0.981445
0.981445
0.981445
0.981445
0.981445
0.981445
0.981445
0.981445
0.981445
0.981445
0.981445
0.981445
0.981445
0.981445
0.981445
0.981445
0.981445
0.981445
0.981445
0.981445
0.981445
0.981445
0.981445
0.981445
0.981445
0.981445
0.981445
0.981445
0.981445
0.981445
0.981445
0.981445
0.981445
0.981445
0.981445
0.981445
0.981445
0.981445
0.981445
0.981445
0.981445
0.981445
0.981445
0.981445
0.981445
0.981445
0.981445
0.981445
0.981445
0.981445
0.981445
0.981445
0.981445
0.981445
0.981445
0.981445
0.981445
0.981445
0.981445
0.981445
0.981445
0.981445
0.981445
0.981445
0.981445
0.981445
0.981445
0.981445
0.981445
0.981445
0.981445
0.981445
0.981445
0.981445
0.981445
0.981445
0.981445
0.981445
0.981445
0.981445
0.981445
0.981445
0.981445
0.981445
0.981445
0.981445
0.981445
0.981445
0.981445
0.981445
0.981445
0.981445
0.981445
0.981445
0.981445
0.981445
0.981445
0.981445
0.981445
0.981445
0.981445
0.981445
0.981445
0.981445
0.981445
0.981445
0.981445
0.981445
0.981445
0.981445
0.981445
0.981445
0.981445
0.981445
0.98175
0.982239
0.982727
0.983215
0.983704
0.984192
0.98468
0.985168
0.985657
0.986145
0.986633
0.986694
0.986694
0.986694
0.986694
0.986694
0.986694
0.986694
0.986694
0.986694
0.986694
0.986694
0.986694
0.986694
0.986694
0.986694
0.986694
0.986694
0.986694
0.986694
0.986694
0.986694
0.986694
0.986694
0.986694
0.986694
0.986694
0.986694
0.986694
0.986694
0.986694
0.986694
0.986694
0.986694
0.986694
0.986694
0.986694
0.986694
0.986694
0.986694
0.986694
0.986694
0.986694
0.986694
0.986694
0.986694
0.986694
0.986694
0.986694
0.986694
0.986694
0.986694
0.986694
0.986694
0.986694
0.986694
0.986694
0.986694
0.986694
0.986694
0.986694
0.986694
0.986694
0.986694
0.986694
0.986694
0.986694
0.986694
0.986694
0.986694
0.986694
0.986694
0.986694
0.986694
0.986694
0.986694
