0
0
0
0
0
0
0
0.000366211
0.00109863
0.00238037
0.0045166
0.00756836
0.0115967
0.0169067
0.0272827
0.0313721
0.0405884
0.0512695
0.0633545
0.0841064
0.0996704
0.116516
0.134644
0.154053
0.185242
0.207336
0.230408
0.254456
0.279297
0.304932
0.331177
0.358154
0.385681
0.413696
0.456543
0.470947
0.514832
0.52948
0.574158
0.603943
0.633728
0.663513
0.693298
0.723083
0.752869
0.782166
0.811401
0.84021
0.868652
0.896729
0.924377
0.951477
0.991211
1.01691
1.04205
1.06659
1.09033
1.11346
1.1358
1.15747
1.17828
1.19824
1.21741
1.23572
1.25311
1.26965
1.28528
1.30005
1.3205
1.32684
1.34454
1.34998
1.36499
1.3739
1.3819
1.38898
1.39514
1.40039
1.40479
1.40833
1.41101
1.41284
1.41388
1.41406
1.41339
1.41199
1.40979
1.40686
1.4032
1.39886
1.3938
1.38812
1.38177
1.37482
1.36731
1.35925
1.35065
1.33685
1.32703
1.31677
1.30603
1.29498
1.28363
1.27191
1.25983
1.24762
1.23505
1.22235
1.20953
1.19635
1.18317
1.16998
1.1568
1.14337
1.1297
1.11603
1.10236
1.0824
1.06921
1.05603
1.04285
1.02979
1.01709
1.00439
0.992004
0.979797
0.967834
0.956116
0.944763
0.933533
0.922791
0.912231
0.901978
0.892212
0.88269
0.873535
0.864746
0.856384
0.848389
0.840759
0.833496
0.82666
0.820312
0.814331
0.808777
0.80365
0.798889
0.794556
0.790649
0.787231
0.78418
0.781555
0.77832
0.776672
0.775452
0.774597
0.774109
0.774048
0.774353
0.774963
0.77594
0.777344
0.778992
0.780945
0.783325
0.785889
0.788818
0.792053
0.795471
0.795471
0.803162
0.807434
0.811829
0.816467
0.82135
0.826233
0.831543
0.836914
0.842285
0.847961
0.85675
0.85968
0.86554
0.871399
0.877686
0.884033
0.890381
0.896729
0.903076
0.912598
0.915771
0.925293
0.931641
0.937988
0.944336
0.950439
0.956299
0.962158
0.968018
0.973877
0.979431
0.984802
0.990173
0.995544
1.00043
1.00531
1.01019
1.01465
1.01904
1.02344
1.02747
1.03137
1.03528
1.03888
1.0423
1.04572
1.04883
1.05176
1.05469
1.05731
1.05975
1.06219
1.06427
1.06622
1.06885
1.07031
1.07178
1.07275
1.07373
1.07452
1.07501
1.0755
1.07568
1.07568
1.07568
1.07526
1.07477
1.07428
1.07336
1.0719
1.07141
1.0694
1.06793
1.0672
1.06482
1.06287
1.06091
1.05896
1.05701
1.05475
1.05231
1.04987
1.04742
1.04498
1.04254
1.0401
1.03766
1.03522
1.03156
1.03033
1.02667
1.02545
1.02179
1.01935
1.01691
1.01447
1.01202
1.00958
1.00714
1.00592
1.00226
0.999817
0.997375
0.994934
0.992493
0.990051
0.98761
0.985168
0.982727
0.980286
0.977844
0.975403
0.97345
0.971497
0.969543
0.96759
0.965637
0.963684
0.961731
0.959778
0.957825
0.955872
0.954224
0.952759
0.951294
0.949829
0.947632
0.946899
0.944702
0.943298
0.94281
0.941345
0.940369
0.939392
0.938416
0.937439
0.936584
0.935852
0.935364
0.934875
0.934387
0.933899
0.933777
0.933777
0.933777
0.933777
0.933777
0.933777
0.934204
0.934692
0.935181
0.935669
0.936157
0.936646
0.937195
0.938171
0.939148
0.940125
0.941101
0.942078
0.943054
0.944031
0.945007
0.945984
0.94696
0.947937
0.948914
0.950378
0.951355
0.951843
0.953308
0.954285
0.955261
0.956238
0.957214
0.958191
0.959656
0.960632
0.961609
0.962585
0.963562
0.964539
0.965515
0.966492
0.967468
0.968445
0.96991
0.970886
0.971375
0.972839
0.973328
0.974792
0.975769
0.976746
0.977722
0.979187
0.979675
0.980652
0.981628
0.982605
0.983521
0.984009
0.984497
0.984985
0.985474
0.985962
0.98645
0.986938
0.987427
0.987915
0.988403
0.988892
0.98938
0.989868
0.990112
0.991333
0.991821
0.991943
0.991943
0.991943
0.991943
0.991943
0.991943
0.991943
0.991943
0.991943
0.991943
0.991943
0.991943
0.991943
0.991943
0.991943
0.991943
0.991943
0.991943
0.991943
0.991943
0.991943
0.991943
0.991943
0.991943
0.991943
0.991943
0.991882
0.991394
0.990906
0.990417
0.989685
0.989197
0.988708
0.98822
0.987732
0.987244
0.986755
0.986267
0.985779
0.985291
0.984802
0.984314
0.983826
0.983337
0.982849
0.982361
0.981873
0.981384
0.980896
0.980408
0.979919
0.979431
0.978943
0.978455
0.977966
0.977234
0.97699
0.976501
0.976013
0.975525
0.974792
0.974304
0.973816
0.973328
0.972839
0.972351
0.971863
0.971375
0.971252
0.971252
0.971252
0.971252
0.971252
0.971252
0.971252
0.971252
0.971252
0.971252
0.971252
0.971252
0.971252
0.971252
0.971252
0.971252
0.971252
0.971252
0.971252
0.971252
0.971252
0.971252
0.971252
0.971252
0.971252
0.971252
0.971252
0.971252
0.971252
0.971252
0.971252
0.971252
0.971252
0.971252
0.971252
0.971252
0.971252
0.971252
0.971252
0.971252
0.971252
0.971252
0.971252
0.971252
0.971252
0.971252
0.971252
0.971252
0.971252
0.971252
0.971252
0.971252
0.971252
0.971252
0.971252
0.971252
0.971252
0.971252
0.971252
0.971252
0.971252
0.971252
0.971252
0.971252
0.971252
0.971252
0.971252
0.971252
0.971252
0.971252
0.971252
0.971252
0.971497
0.971985
0.972473
0.972961
0.97345
0.973938
0.974426
0.974915
0.975647
0.976135
0.976624
0.977112
0.9776
0.978088
0.978577
0.979065
0.979797
0.980042
0.98053
0.980713
0.980713
0.980713
0.980713
0.980713
0.980713
0.980713
0.980713
0.980713
0.980713
0.980713
0.980713
0.980713
0.980713
0.980713
0.980713
0.980713
0.980713
0.980713
0.980713
0.980713
0.980713
0.980713
0.980713
0.980713
0.980713
0.980713
0.980713
0.980713
0.980713
0.980713
0.980713
0.980713
0.980713
0.980713
0.980713
0.980713
0.980713
0.980713
0.980713
0.980713
0.980713
0.980713
0.980713
0.980713
0.980713
0.980713
0.980713
0.980713
0.980713
0.980713
0.980713
0.980713
0.980713
0.980713
0.980713
0.980713
0.980713
0.980713
0.980713
0.980713
0.980713
0.980713
0.980713
0.980713
0.980713
0.980713
0.980713
0.980713
0.980713
0.980713
0.980713
0.980713
0.980713
0.980713
0.980713
0.980713
0.980713
0.980713
0.980713
0.980713
0.980713
0.980713
0.980713
0.980713
0.980713
0.980713
0.980713
0.980713
0.980713
0.980713
0.980713
0.980713
0.980713
0.980713
0.980713
0.980713
0.980713
0.980713
0.980713
0.980713
0.980713
0.980713
0.980713
0.980713
0.980713
0.980713
0.980713
0.980713
0.980713
0.980713
0.980713
0.980713
0.980713
0.980713
0.980713
0.980713
0.980713
0.980713
0.980713
0.980713
0.980713
0.980713
0.980713
0.980713
0.980713
0.980713
0.980713
0.980713
0.980713
0.980713
0.980713
0.980713
0.980713
0.980713
0.980713
0.980713
0.980713
0.980713
0.980713
0.980713
0.980713
0.980713
0.980713
0.980713
0.980713
0.980713
0.980713
0.980713
0.980713
0.980713
0.980713
0.980713
0.980713
0.980713
0.980713
0.980713
0.980713
0.980713
0.980713
0.980713
0.980713
0.980713
0.980713
0.980713
0.980713
0.980713
0.980713
0.980713
0.980713
0.980713
0.980713
0.980713
0.980713
0.980713
0.980713
0.980713
0.980713
0.980713
0.980713
0.980713
0.980713
0.980713
0.980713
0.980713
0.980713
0.980713
0.980713
0.980713
0.980713
0.980713
0.980713
0.980713
0.980713
0.980713
0.980713
0.980713
0.980713
0.980713
0.980713
0.980713
0.980713
0.980713
0.980713
0.980713
0.980713
0.980713
0.980713
0.980713
0.980713
0.980713
0.980713
0.980713
0.980713
0.980713
0.980713
0.980713
0.980713
0.980713
0.980713
0.980713
0.980713
0.980713
0.980713
0.980713
0.980713
0.980713
0.980713
0.980713
0.980713
0.980713
0.980713
0.980713
0.980713
0.980713
0.980713
0.980713
0.980713
0.980713
0.980713
0.980713
0.980713
0.980713
0.980713
0.980713
0.980713
0.980713
0.980713
0.980713
0.980713
0.980713
0.980713
0.980713
0.980713
0.980713
0.980713
0.980713
0.980713
0.980713
0.980713
0.980713
0.980713
0.980713
0.980713
0.980713
0.980713
0.980713
0.980713
0.980713
0.980713
0.980713
0.980713
0.980713
0.980713
0.980713
0.980713
0.980713
0.980713
0.980713
0.980713
0.980713
0.980713
0.980713
0.980713
0.980713
0.980713
0.980713
0.980713
0.980713
0.980713
0.980713
0.980713
0.980713
0.980713
0.980713
0.980713
0.980713
0.980713
0.980713
0.980713
0.980713
0.980713
0.980713
0.980713
0.980713
0.980713
0.980713
0.980713
0.980713
0.980713
0.980713
0.980713
0.980713
0.980713
0.980713
0.980713
0.980713
0.980713
0.980713
0.980713
0.980713
0.980713
0.980713
0.981018
0.981506
0.981995
0.982483
0.982971
0.983459
0.983948
0.984192
0.98468
0.985657
0.986145
0.986145
0.986145
0.986145
0.986145
0.986145
0.986145
0.986145
0.986145
0.986145
0.986145
0.986145
0.986145
0.986145
0.986145
0.986145
0.986145
0.986145
0.986145
0.986145
0.986145
0.986145
0.986145
0.986145
0.986145
0.986145
0.986145
0.986145
0.986145
0.986145
0.986145
0.986145
0.986145
0.986145
0.986145
0.986145
0.986145
0.986145
0.986145
0.986145
0.986145
0.986145
0.986145
0.986145
0.986145
0.986145
0.986145
0.986145
0.986145
0.986145
0.986145
0.986145
0.986145
0.986145
0.986145
0.986145
0.986145
0.986145
0.986145
0.986145
0.986145
0.986145
0.986145
0.986145
0.986145
0.986145
0.986145
0.986145
0.986145
0.986145
0.986145
0.986145
0.986145
0.986145
0.986145
0.986145
0.986145
0.986145
0.986145
0.986145
0.986145
0.986145
0.986145
0.986145
0.986145
0.986145
0.986145
0.986145
0.986145
0.986145
0.986145
0.986145
0.986145
0.986145
0.986145
0.986145
0.986145
0.986145
0.986145
0.986145
0.986145
0.986145
0.986145
0.986145
0.986145
0.986145
0.986145
0.986145
0.986145
0.986145
0.986145
0.986145
0.986145
0.986145
0.986145
0.986145
0.986145
0.986145
0.986145
0.986145
0.986145
