0
0
0
0
0
0
0
0
0.000366211
0.00109863
0.00238037
0.0045166
0.00756836
0.0115967
0.0169067
0.0234985
0.0313721
0.0405884
0.0512695
0.0633545
0.0768433
0.0917358
0.10791
0.125427
0.144226
0.164185
0.185242
0.218811
0.23053
0.266968
0.279541
0.31842
0.331726
0.358826
0.386475
0.414673
0.457764
0.487061
0.516541
0.546326
0.576111
0.591187
0.636597
0.66687
0.697144
0.727051
0.756836
0.78656
0.815857
0.84491
0.873657
0.901978
0.92981
0.957214
0.984009
1.01025
1.03595
1.04858
1.08545
1.10913
1.13214
1.15436
1.17578
1.19647
1.21631
1.23535
1.2536
1.27094
1.28735
1.30292
1.31757
1.33136
1.34418
1.35614
1.36713
1.37714
1.38629
1.39819
1.40173
1.41095
1.41595
1.4201
1.42328
1.4256
1.42706
1.42773
1.42749
1.42645
1.42468
1.42206
1.4187
1.41461
1.40985
1.40717
1.39813
1.39136
1.38391
1.38
1.36737
1.36292
1.34869
1.33862
1.32812
1.3172
1.30591
1.29419
1.2821
1.2699
1.2572
1.24451
1.23132
1.21155
1.2049
1.18439
1.16388
1.15704
1.14337
1.1297
1.11603
1.10236
1.08185
1.07501
1.06134
1.0481
1.03491
1.01532
1.00897
0.996277
0.977783
0.965637
0.953918
0.942322
0.936707
0.920166
0.909485
0.899231
0.889282
0.879639
0.870361
0.861572
0.853149
0.845093
0.837402
0.830139
0.823303
0.816895
0.810913
0.805359
0.800232
0.795471
0.791138
0.787231
0.783813
0.780762
0.778137
0.775879
0.774048
0.772583
0.771606
0.770996
0.770752
0.770813
0.771301
0.772156
0.773315
0.775757
0.776733
0.780151
0.781372
0.785706
0.789001
0.79071
0.796326
0.800293
0.804688
0.809082
0.811462
0.818787
0.823914
0.829285
0.834656
0.840271
0.84613
0.85199
0.857849
0.863831
0.870178
0.876526
0.882874
0.889221
0.895569
0.901917
0.908264
0.914612
0.924133
0.927307
0.936829
0.940002
0.949524
0.955688
0.961548
0.967407
0.973267
0.979126
0.984497
0.989868
0.995239
1.00037
1.00525
1.01013
1.01483
1.01923
1.02362
1.02789
1.0318
1.03571
1.03949
1.04291
1.04633
1.04962
1.05255
1.05548
1.05823
1.06067
1.06311
1.06525
1.0672
1.06915
1.07068
1.07214
1.07349
1.07446
1.07544
1.07611
1.07684
1.07709
1.07709
1.07709
1.07672
1.07623
1.07599
1.07538
1.07391
1.07294
1.07172
1.07098
1.06879
1.06732
1.06543
1.06348
1.06152
1.05957
1.0575
1.05505
1.05261
1.05017
1.04773
1.04529
1.04163
1.04041
1.03796
1.03552
1.03308
1.02893
1.026
1.02307
1.02014
1.01868
1.01428
1.01178
1.00934
1.0069
1.00446
1.00201
0.999573
0.997131
0.99469
0.992249
0.989807
0.987366
0.984924
0.982483
0.980042
0.9776
0.975159
0.972839
0.970886
0.968933
0.96698
0.965027
0.963074
0.961121
0.959167
0.957214
0.955261
0.953369
0.951172
0.950439
0.948242
0.94751
0.946045
0.943848
0.942383
0.941284
0.940796
0.939331
0.938354
0.937378
0.936401
0.935547
0.935059
0.93457
0.934082
0.933594
0.933105
0.932861
0.932861
0.932861
0.932861
0.932861
0.932983
0.933228
0.93396
0.934204
0.934692
0.935181
0.935669
0.936646
0.937134
0.93811
0.939575
0.940063
0.941528
0.942505
0.943481
0.944458
0.945435
0.946411
0.947388
0.948364
0.949341
0.950317
0.951294
0.952271
0.953247
0.954224
0.9552
0.956177
0.957153
0.95813
0.959106
0.960083
0.960571
0.962036
0.963013
0.963989
0.965454
0.966431
0.967407
0.968384
0.96936
0.970337
0.971313
0.97229
0.973267
0.974243
0.97522
0.976196
0.977173
0.978149
0.979126
0.980103
0.981079
0.982056
0.983032
0.983582
0.98407
0.984558
0.985046
0.985535
0.986023
0.986511
0.987
0.987488
0.987976
0.988464
0.988953
0.989441
0.990173
0.990417
0.99115
0.991638
0.992126
0.992126
0.992126
0.992126
0.992126
0.992126
0.992126
0.992126
0.992126
0.992126
0.992126
0.992126
0.992126
0.992126
0.992126
0.992126
0.992126
0.992126
0.992126
0.992126
0.992126
0.992126
0.992126
0.992126
0.992126
0.992126
0.992126
0.992126
0.991638
0.99115
0.990662
0.990173
0.989685
0.989197
0.988708
0.98822
0.987732
0.987244
0.986755
0.986023
0.985779
0.985291
0.984802
0.984314
0.983582
0.983337
0.982605
0.982117
0.981628
0.98114
0.980896
0.980164
0.979675
0.979187
0.978699
0.97821
0.977722
0.977234
0.976746
0.976257
0.975769
0.975281
0.974792
0.974304
0.973816
0.973328
0.972839
0.972351
0.971863
0.971375
0.970886
0.970886
0.970886
0.970886
0.970886
0.970886
0.970886
0.970886
0.970886
0.970886
0.970886
0.970886
0.970886
0.970886
0.970886
0.970886
0.970886
0.970886
0.970886
0.970886
0.970886
0.970886
0.970886
0.970886
0.970886
0.970886
0.970886
0.970886
0.970886
0.970886
0.970886
0.970886
0.970886
0.970886
0.970886
0.970886
0.970886
0.970886
0.970886
0.970886
0.970886
0.970886
0.970886
0.970886
0.970886
0.970886
0.970886
0.970886
0.970886
0.970886
0.970886
0.970886
0.970886
0.970886
0.970886
0.970886
0.970886
0.970886
0.970886
0.970886
0.970886
0.970886
0.970886
0.970886
0.970886
0.970886
0.970886
0.970886
0.970886
0.97113
0.971619
0.972107
0.972595
0.973083
0.973572
0.97406
0.974792
0.975281
0.975525
0.976013
0.976501
0.97699
0.977722
0.977966
0.978699
0.979187
0.979675
0.980164
0.980652
0.98114
0.981201
0.981201
0.981201
0.981201
0.981201
0.981201
0.981201
0.981201
0.981201
0.981201
0.981201
0.981201
0.981201
0.981201
0.981201
0.981201
0.981201
0.981201
0.981201
0.981201
0.981201
0.981201
0.981201
0.981201
0.981201
0.981201
0.981201
0.981201
0.981201
0.981201
0.981201
0.981201
0.981201
0.981201
0.981201
0.981201
0.981201
0.981201
0.981201
0.981201
0.981201
0.981201
0.981201
0.981201
0.981201
0.981201
0.981201
0.981201
0.981201
0.981201
0.981201
0.981201
0.981201
0.981201
0.981201
0.981201
0.981201
0.981201
0.981201
0.981201
0.981201
0.981201
0.981201
0.981201
0.981201
0.981201
0.981201
0.981201
0.981201
0.981201
0.981201
0.981201
0.981201
0.981201
0.981201
0.981201
0.981201
0.981201
0.981201
0.981201
0.981201
0.981201
0.981201
0.981201
0.981201
0.981201
0.981201
0.981201
0.981201
0.981201
0.981201
0.981201
0.981201
0.981201
0.981201
0.981201
0.981201
0.981201
0.981201
0.981201
0.981201
0.981201
0.981201
0.981201
0.981201
0.981201
0.981201
0.981201
0.981201
0.981201
0.981201
0.981201
0.981201
0.981201
0.981201
0.981201
0.981201
0.981201
0.981201
0.981201
0.981201
0.981201
0.981201
0.981201
0.981201
0.981201
0.981201
0.981201
0.981201
0.981201
0.981201
0.981201
0.981201
0.981201
0.981201
0.981201
0.981201
0.981201
0.981201
0.981201
0.981201
0.981201
0.981201
0.981201
0.981201
0.981201
0.981201
0.981201
0.981201
0.981201
0.981201
0.981201
0.981201
0.981201
0.981201
0.981201
0.981201
0.981201
0.981201
0.981201
0.981201
0.981201
0.981201
0.981201
0.981201
0.981201
0.981201
0.981201
0.981201
0.981201
0.981201
0.981201
0.981201
0.981201
0.981201
0.981201
0.981201
0.981201
0.981201
0.981201
0.981201
0.981201
0.981201
0.981201
0.981201
0.981201
0.981201
0.981201
0.981201
0.981201
0.981201
0.981201
0.981201
0.981201
0.981201
0.981201
0.981201
0.981201
0.981201
0.981201
0.981201
0.981201
0.981201
0.981201
0.981201
0.981201
0.981201
0.981201
0.981201
0.981201
0.981201
0.981201
0.981201
0.981201
0.981201
0.981201
0.981201
0.981201
0.981201
0.981201
0.981201
0.981201
0.981201
0.981201
0.981201
0.981201
0.981201
0.981201
0.981201
0.981201
0.981201
0.981201
0.981201
0.981201
0.981201
0.981201
0.981201
0.981201
0.981201
0.981201
0.981201
0.981201
0.981201
0.981201
0.981201
0.981201
0.981201
0.981201
0.981201
0.981201
0.981201
0.981201
0.981201
0.981201
0.981201
0.981201
0.981201
0.981201
0.981201
0.981201
0.981201
0.981201
0.981201
0.981201
0.981201
0.981201
0.981201
0.981201
0.981201
0.981201
0.981201
0.981201
0.981201
0.981201
0.981201
0.981201
0.981201
0.981201
0.981201
0.981201
0.981201
0.981201
0.981201
0.981201
0.981201
0.981201
0.981201
0.981201
0.981201
0.981201
0.981201
0.981201
0.981201
0.981201
0.981201
0.981201
0.981201
0.981201
0.981201
0.981201
0.981201
0.981201
0.981201
0.981201
0.981201
0.981201
0.981201
0.981201
0.981201
0.981201
0.981201
0.981201
0.981201
0.981201
0.981201
0.981201
0.981201
0.981201
0.981201
0.981201
0.981201
0.981201
0.981201
0.981201
0.981201
0.981201
0.981201
0.981201
0.981201
0.981201
0.981201
0.981201
0.981201
0.981201
0.981201
0.981201
0.981201
0.981201
0.981201
0.981201
0.981201
0.981201
0.981201
0.981201
0.981201
0.981201
0.981201
0.981201
0.981201
0.981201
0.981201
0.981201
0.981384
0.981873
0.982361
0.982849
0.983337
0.983826
0.984314
0.984802
0.985291
0.985779
0.986267
0.986328
0.986328
0.986328
0.986328
0.986328
0.986328
0.986328
0.986328
0.986328
0.986328
0.986328
0.986328
0.986328
0.986328
0.986328
0.986328
0.986328
0.986328
0.986328
0.986328
0.986328
0.986328
0.986328
0.986328
0.986328
0.986328
0.986328
0.986328
0.986328
0.986328
0.986328
0.986328
0.986328
0.986328
0.986328
0.986328
0.986328
0.986328
0.986328
0.986328
0.986328
0.986328
0.986328
0.986328
0.986328
0.986328
0.986328
0.986328
0.986328
0.986328
0.986328
0.986328
0.986328
0.986328
0.986328
0.986328
0.986328
0.986328
0.986328
0.986328
0.986328
0.986328
0.986328
0.986328
0.986328
0.986328
0.986328
0.986328
0.986328
0.986328
0.986328
0.986328
0.986328
0.986328
0.986328
0.986328
0.986328
0.986328
0.986328
0.986328
0.986328
0.986328
0.986328
0.986328
0.986328
