0
0
0
0
0
0
0
0.000366211
0.000610352
0.00238037
0.0045166
0.00756836
0.0115967
0.0169067
0.0234985
0.0313721
0.0405884
0.0512695
0.0633545
0.0768433
0.0917358
0.10791
0.125427
0.144165
0.164124
0.18512
0.207214
0.230286
0.254272
0.279114
0.304749
0.331055
0.358093
0.385681
0.427917
0.442322
0.471252
0.515259
0.545044
0.574829
0.589722
0.619873
0.665283
0.695374
0.725159
0.754944
0.784546
0.813843
0.842834
0.871521
0.89978
0.927612
0.954895
0.981628
1.00781
1.03345
1.05847
1.08276
1.10638
1.12927
1.15143
1.17273
1.1933
1.21307
1.23193
1.25
1.26721
1.28357
1.30634
1.31348
1.32709
1.34576
1.35712
1.36749
1.37231
1.38135
1.39307
1.39978
1.40552
1.4104
1.41437
1.41748
1.41968
1.42102
1.42157
1.42126
1.4201
1.41821
1.41553
1.41388
1.40796
1.40314
1.39758
1.39142
1.38464
1.3772
1.3692
1.36505
1.34692
1.34204
1.33203
1.31616
1.30505
1.29358
1.2818
1.26959
1.25714
1.24445
1.23151
1.21832
1.20514
1.19159
1.17792
1.16425
1.15057
1.1369
1.12323
1.10956
1.09589
1.08221
1.06854
1.05505
1.04187
1.02869
1.01569
1.00299
0.984192
0.978088
0.965881
0.954163
0.942566
0.931335
0.915039
0.904602
0.894409
0.884644
0.875244
0.86615
0.857422
0.849121
0.841248
0.833801
0.826721
0.820068
0.813843
0.808044
0.802673
0.797791
0.793335
0.789307
0.785706
0.782471
0.778442
0.777283
0.77533
0.773132
0.772644
0.771667
0.771484
0.771667
0.772156
0.773132
0.774414
0.776001
0.777954
0.780273
0.782776
0.78717
0.790588
0.794128
0.798035
0.802063
0.806458
0.810913
0.815796
0.820679
0.825806
0.831177
0.836548
0.845032
0.850891
0.85675
0.86261
0.868652
0.875
0.881348
0.887695
0.894043
0.900391
0.906738
0.913086
0.922607
0.925781
0.935303
0.94165
0.947998
0.953857
0.959717
0.965576
0.971436
0.977112
0.982483
0.987854
0.993225
0.99823
1.00311
1.008
1.01483
1.01923
1.02362
1.02759
1.03149
1.0354
1.03894
1.04407
1.04736
1.05029
1.05322
1.05603
1.05847
1.06091
1.06311
1.06506
1.06781
1.06927
1.07074
1.07184
1.07281
1.07379
1.07428
1.07477
1.07507
1.07507
1.07507
1.07452
1.07428
1.07349
1.07251
1.07153
1.07056
1.06921
1.06775
1.06628
1.06482
1.06287
1.06091
1.05896
1.05701
1.05389
1.05145
1.04901
1.04657
1.04413
1.04169
1.03925
1.0368
1.03314
1.03192
1.02826
1.02582
1.02338
1.02094
1.01849
1.01605
1.01361
1.01117
1.00873
1.00629
1.00385
1.00018
0.998962
0.996521
0.99408
0.990417
0.989197
0.985535
0.983093
0.980652
0.97821
0.975952
0.973999
0.972046
0.970093
0.96814
0.966187
0.964233
0.961304
0.960327
0.957397
0.955627
0.954163
0.952698
0.951233
0.949768
0.948303
0.946838
0.945374
0.944153
0.943176
0.9422
0.941223
0.940247
0.93927
0.937805
0.937561
0.937073
0.936584
0.935852
0.935364
0.934875
0.934814
0.934814
0.934814
0.934814
0.934814
0.934814
0.93512
0.935608
0.936096
0.936584
0.937073
0.937561
0.938049
0.93927
0.940247
0.941223
0.9422
0.943176
0.944153
0.945129
0.946106
0.947083
0.948059
0.949036
0.9505
0.950989
0.952454
0.952942
0.954407
0.955383
0.95636
0.957336
0.958313
0.95929
0.960266
0.961243
0.962219
0.963196
0.964172
0.965149
0.966125
0.967102
0.968079
0.969055
0.970032
0.971497
0.971985
0.972961
0.973938
0.974915
0.976379
0.977356
0.978333
0.979309
0.980286
0.981262
0.981689
0.982422
0.98291
0.983398
0.983887
0.984375
0.984863
0.985352
0.98584
0.986328
0.986816
0.987305
0.987793
0.988281
0.989014
0.989502
0.98999
0.990479
0.990967
0.990967
0.990967
0.990967
0.990967
0.990967
0.990967
0.990967
0.990967
0.990967
0.990967
0.990967
0.990967
0.990967
0.990967
0.990967
0.990967
0.990967
0.990967
0.990967
0.990967
0.990967
0.990967
0.990967
0.990967
0.990967
0.990967
0.990906
0.990173
0.989685
0.989197
0.988708
0.98822
0.987732
0.987244
0.987
0.986267
0.985779
0.985291
0.984558
0.98407
0.983582
0.983093
0.982605
0.982117
0.981628
0.98114
0.980652
0.980164
0.979675
0.979187
0.978699
0.97821
0.977722
0.977234
0.976746
0.976257
0.975769
0.975281
0.974792
0.974304
0.973816
0.973328
0.972839
0.972351
0.971863
0.971741
0.971741
0.971741
0.971741
0.971741
0.971741
0.971741
0.971741
0.971741
0.971741
0.971741
0.971741
0.971741
0.971741
0.971741
0.971741
0.971741
0.971741
0.971741
0.971741
0.971741
0.971741
0.971741
0.971741
0.971741
0.971741
0.971741
0.971741
0.971741
0.971741
0.971741
0.971741
0.971741
0.971741
0.971741
0.971741
0.971741
0.971741
0.971741
0.971741
0.971741
0.971741
0.971741
0.971741
0.971741
0.971741
0.971741
0.971741
0.971741
0.971741
0.971741
0.971741
0.971741
0.971741
0.971741
0.971741
0.971741
0.971741
0.971741
0.971741
0.971741
0.971741
0.971741
0.971741
0.971741
0.971741
0.971741
0.971741
0.971741
0.971741
0.971741
0.971741
0.971741
0.971741
0.971741
0.971741
0.971741
0.971741
0.971741
0.971802
0.97229
0.972778
0.973267
0.973755
0.974243
0.974731
0.97522
0.975708
0.976196
0.976929
0.977173
0.977661
0.978882
0.97937
0.979858
0.980347
0.980774
0.980774
0.980774
0.980774
0.980774
0.980774
0.980774
0.980774
0.980774
0.980774
0.980774
0.980774
0.980774
0.980774
0.980774
0.980774
0.980774
0.980774
0.980774
0.980774
0.980774
0.980774
0.980774
0.980774
0.980774
0.980774
0.980774
0.980774
0.980774
0.980774
0.980774
0.980774
0.980774
0.980774
0.980774
0.980774
0.980774
0.980774
0.980774
0.980774
0.980774
0.980774
0.980774
0.980774
0.980774
0.980774
0.980774
0.980774
0.980774
0.980774
0.980774
0.980774
0.980774
0.980774
0.980774
0.980774
0.980774
0.980774
0.980774
0.980774
0.980774
0.980774
0.980774
0.980774
0.980774
0.980774
0.980774
0.980774
0.980774
0.980774
0.980774
0.980774
0.980774
0.980774
0.980774
0.980774
0.980774
0.980774
0.980774
0.980774
0.980774
0.980774
0.980774
0.980774
0.980774
0.980774
0.980774
0.980774
0.980774
0.980774
0.980774
0.980774
0.980774
0.980774
0.980774
0.980774
0.980774
0.980774
0.980774
0.980774
0.980774
0.980774
0.980774
0.980774
0.980774
0.980774
0.980774
0.980774
0.980774
0.980774
0.980774
0.980774
0.980774
0.980774
0.980774
0.980774
0.980774
0.980774
0.980774
0.980774
0.980774
0.980774
0.980774
0.980774
0.980774
0.980774
0.980774
0.980774
0.980774
0.980774
0.980774
0.980774
0.980774
0.980774
0.980774
0.980774
0.980774
0.980774
0.980774
0.980774
0.980774
0.980774
0.980774
0.980774
0.980774
0.980774
0.980774
0.980774
0.980774
0.980774
0.980774
0.980774
0.980774
0.980774
0.980774
0.980774
0.980774
0.980774
0.980774
0.980774
0.980774
0.980774
0.980774
0.980774
0.980774
0.980774
0.980774
0.980774
0.980774
0.980774
0.980774
0.980774
0.980774
0.980774
0.980774
0.980774
0.980774
0.980774
0.980774
0.980774
0.980774
0.980774
0.980774
0.980774
0.980774
0.980774
0.980774
0.980774
0.980774
0.980774
0.980774
0.980774
0.980774
0.980774
0.980774
0.980774
0.980774
0.980774
0.980774
0.980774
0.980774
0.980774
0.980774
0.980774
0.980774
0.980774
0.980774
0.980774
0.980774
0.980774
0.980774
0.980774
0.980774
0.980774
0.980774
0.980774
0.980774
0.980774
0.980774
0.980774
0.980774
0.980774
0.980774
0.980774
0.980774
0.980774
0.980774
0.980774
0.980774
0.980774
0.980774
0.980774
0.980774
0.980774
0.980774
0.980774
0.980774
0.980774
0.980774
0.980774
0.980774
0.980774
0.980774
0.980774
0.980774
0.980774
0.980774
0.980774
0.980774
0.980774
0.980774
0.980774
0.980774
0.980774
0.980774
0.980774
0.980774
0.980774
0.980774
0.980774
0.980774
0.980774
0.980774
0.980774
0.980774
0.980774
0.980774
0.980774
0.980774
0.980774
0.980774
0.980774
0.980774
0.980774
0.980774
0.980774
0.980774
0.980774
0.980774
0.980774
0.980774
0.980774
0.980774
0.980774
0.980774
0.980774
0.980774
0.980774
0.980774
0.980774
0.980774
0.980774
0.980774
0.980774
0.980774
0.980774
0.980774
0.980774
0.980774
0.980774
0.980774
0.980774
0.980774
0.980774
0.980774
0.980774
0.980774
0.980774
0.980774
0.980774
0.980774
0.980774
0.980774
0.980774
0.980774
0.980774
0.980774
0.980774
0.980774
0.980774
0.980774
0.980835
0.981323
0.981812
0.9823
0.983032
0.983276
0.983765
0.984253
0.984741
0.985474
0.985718
0.986206
0.98645
0.98645
0.98645
0.98645
0.98645
0.98645
0.98645
0.98645
0.98645
0.98645
0.98645
0.98645
0.98645
0.98645
0.98645
0.98645
0.98645
0.98645
0.98645
0.98645
0.98645
0.98645
0.98645
0.98645
0.98645
0.98645
0.98645
0.98645
0.98645
0.98645
0.98645
0.98645
0.98645
0.98645
0.98645
0.98645
0.98645
0.98645
0.98645
0.98645
0.98645
0.98645
0.98645
0.98645
0.98645
0.98645
0.98645
0.98645
0.98645
0.98645
0.98645
0.98645
0.98645
0.98645
0.98645
0.98645
0.98645
0.98645
0.98645
0.98645
0.98645
0.98645
0.98645
0.98645
0.98645
0.98645
0.98645
0.98645
0.98645
0.98645
0.98645
0.98645
0.98645
0.98645
0.98645
0.98645
0.98645
0.98645
0.98645
0.98645
0.98645
0.98645
0.98645
0.98645
0.98645
0.98645
0.98645
0.98645
0.98645
0.98645
0.98645
0.98645
0.98645
0.98645
0.98645
0.98645
0.98645
0.98645
0.98645
0.98645
0.98645
0.98645
0.98645
0.98645
0.98645
0.98645
0.98645
0.98645
0.98645
0.98645
0.98645
0.98645
0.98645
0.98645
0.98645
0.98645
0.98645
0.98645
0.98645
0.98645
0.98645
