0
0
0
0
0
0
0
0.000366211
0.00109863
0.00238037
0.0045166
0.00756836
0.0115967
0.0169067
0.0234985
0.0313721
0.0405884
0.0512695
0.0633545
0.0768433
0.0917358
0.10791
0.134644
0.144226
0.164185
0.185303
0.207458
0.242554
0.26709
0.279663
0.318481
0.345215
0.37262
0.400574
0.428955
0.457764
0.487
0.516357
0.546143
0.575928
0.605713
0.635498
0.665283
0.695068
0.724854
0.754639
0.783936
0.813171
0.84198
0.870483
0.898621
0.940002
0.953552
0.993408
1.00635
1.04443
1.05682
1.09296
1.10468
1.13867
1.14966
1.17096
1.20154
1.2113
1.23926
1.24817
1.27356
1.28943
1.30438
1.31842
1.33154
1.34375
1.35504
1.36542
1.37488
1.38342
1.39099
1.39764
1.40338
1.40826
1.41223
1.41534
1.41754
1.41888
1.41943
1.41919
1.41803
1.41614
1.41351
1.41016
1.40607
1.40131
1.39581
1.38971
1.383
1.3717
1.36353
1.3548
1.34552
1.33575
1.3255
1.31482
1.30371
1.2923
1.28644
1.26837
1.25604
1.24335
1.23059
1.21741
1.20422
1.19092
1.17725
1.16357
1.1499
1.13623
1.12256
1.10889
1.09521
1.08154
1.06787
1.0545
1.04132
1.02814
1.0152
1.0025
0.989868
0.971558
0.965515
0.953796
0.9422
0.925415
0.920044
0.904236
0.899109
0.88916
0.874878
0.865784
0.861389
0.852905
0.840881
0.833435
0.826355
0.819702
0.813416
0.807556
0.802185
0.797241
0.792725
0.788635
0.784973
0.781738
0.77887
0.776428
0.774475
0.772888
0.771729
0.770935
0.770508
0.770508
0.770874
0.771606
0.772644
0.774109
0.775879
0.779114
0.780334
0.783081
0.786011
0.789429
0.792908
0.798767
0.800842
0.807434
0.812134
0.817017
0.822021
0.827393
0.832764
0.838257
0.844116
0.849976
0.855835
0.861694
0.868042
0.87439
0.880737
0.887085
0.893433
0.902954
0.909302
0.912476
0.918823
0.925171
0.931519
0.94104
0.944214
0.950562
0.956482
0.965271
0.97113
0.97699
0.982422
0.987793
0.990479
0.998352
1.00323
1.00568
1.01294
1.01733
1.02173
1.02606
1.02997
1.03387
1.03778
1.0412
1.04462
1.04797
1.0509
1.05383
1.05664
1.05908
1.06152
1.06372
1.06567
1.06763
1.06921
1.07068
1.07208
1.07306
1.07404
1.07501
1.07526
1.07587
1.07587
1.07587
1.07587
1.07538
1.07489
1.07391
1.07343
1.07196
1.07086
1.0694
1.06793
1.06647
1.06476
1.06281
1.06085
1.0589
1.05695
1.05463
1.05219
1.04974
1.0473
1.04486
1.04242
1.03998
1.03754
1.0351
1.03265
1.03021
1.02777
1.02533
1.02289
1.01923
1.01801
1.01556
1.0119
1.00946
1.00824
1.0058
1.00336
1.00092
0.997253
0.994812
0.992371
0.99115
0.987488
0.985046
0.982605
0.980164
0.977722
0.975281
0.973328
0.971375
0.969421
0.968445
0.965515
0.963562
0.961609
0.959656
0.957703
0.95575
0.954224
0.952759
0.951294
0.949829
0.948364
0.946899
0.945435
0.94397
0.942871
0.941406
0.940918
0.939941
0.938965
0.937988
0.937012
0.936401
0.935669
0.935425
0.934937
0.934204
0.933777
0.933777
0.933777
0.933777
0.933777
0.933777
0.933838
0.934326
0.934814
0.935303
0.935791
0.936279
0.936768
0.937378
0.938354
0.939331
0.940796
0.941284
0.942749
0.943726
0.944214
0.945679
0.946167
0.947632
0.948608
0.949585
0.950562
0.951538
0.952515
0.953491
0.954468
0.955444
0.956421
0.957397
0.958374
0.959351
0.960327
0.961304
0.96228
0.963257
0.964233
0.96521
0.966187
0.967163
0.96814
0.969116
0.970093
0.971069
0.972046
0.973022
0.973999
0.974976
0.975952
0.976929
0.977905
0.978882
0.979858
0.981323
0.981812
0.982727
0.983215
0.983948
0.984436
0.984924
0.985413
0.985901
0.986389
0.986877
0.987366
0.987854
0.988342
0.988831
0.989319
0.989807
0.990295
0.990784
0.991272
0.99176
0.991821
0.991821
0.991821
0.991821
0.991821
0.991821
0.991821
0.991821
0.991821
0.991821
0.991821
0.991821
0.991821
0.991821
0.991821
0.991821
0.991821
0.991821
0.991821
0.991821
0.991821
0.991821
0.991821
0.991821
0.991821
0.991821
0.991821
0.991455
0.990967
0.990479
0.98999
0.989502
0.989014
0.988525
0.988037
0.987549
0.987061
0.986816
0.985596
0.985107
0.984619
0.984131
0.983643
0.983154
0.982666
0.982178
0.981689
0.981201
0.980713
0.980225
0.979736
0.979248
0.97876
0.978271
0.977783
0.977295
0.976807
0.976318
0.97583
0.975342
0.974854
0.974121
0.973877
0.973389
0.9729
0.972168
0.971924
0.971191
0.97113
0.97113
0.97113
0.97113
0.97113
0.97113
0.97113
0.97113
0.97113
0.97113
0.97113
0.97113
0.97113
0.97113
0.97113
0.97113
0.97113
0.97113
0.97113
0.97113
0.97113
0.97113
0.97113
0.97113
0.97113
0.97113
0.97113
0.97113
0.97113
0.97113
0.97113
0.97113
0.97113
0.97113
0.97113
0.97113
0.97113
0.97113
0.97113
0.97113
0.97113
0.97113
0.97113
0.97113
0.97113
0.97113
0.97113
0.97113
0.97113
0.97113
0.97113
0.97113
0.97113
0.97113
0.97113
0.97113
0.97113
0.97113
0.97113
0.97113
0.97113
0.97113
0.97113
0.97113
0.97113
0.97113
0.97113
0.97113
0.97113
0.97113
0.97113
0.971558
0.971802
0.97229
0.972778
0.973511
0.973999
0.974487
0.974976
0.975464
0.975952
0.97644
0.976929
0.977417
0.977905
0.978394
0.978882
0.97937
0.979858
0.980347
0.980835
0.980957
0.980957
0.980957
0.980957
0.980957
0.980957
0.980957
0.980957
0.980957
0.980957
0.980957
0.980957
0.980957
0.980957
0.980957
0.980957
0.980957
0.980957
0.980957
0.980957
0.980957
0.980957
0.980957
0.980957
0.980957
0.980957
0.980957
0.980957
0.980957
0.980957
0.980957
0.980957
0.980957
0.980957
0.980957
0.980957
0.980957
0.980957
0.980957
0.980957
0.980957
0.980957
0.980957
0.980957
0.980957
0.980957
0.980957
0.980957
0.980957
0.980957
0.980957
0.980957
0.980957
0.980957
0.980957
0.980957
0.980957
0.980957
0.980957
0.980957
0.980957
0.980957
0.980957
0.980957
0.980957
0.980957
0.980957
0.980957
0.980957
0.980957
0.980957
0.980957
0.980957
0.980957
0.980957
0.980957
0.980957
0.980957
0.980957
0.980957
0.980957
0.980957
0.980957
0.980957
0.980957
0.980957
0.980957
0.980957
0.980957
0.980957
0.980957
0.980957
0.980957
0.980957
0.980957
0.980957
0.980957
0.980957
0.980957
0.980957
0.980957
0.980957
0.980957
0.980957
0.980957
0.980957
0.980957
0.980957
0.980957
0.980957
0.980957
0.980957
0.980957
0.980957
0.980957
0.980957
0.980957
0.980957
0.980957
0.980957
0.980957
0.980957
0.980957
0.980957
0.980957
0.980957
0.980957
0.980957
0.980957
0.980957
0.980957
0.980957
0.980957
0.980957
0.980957
0.980957
0.980957
0.980957
0.980957
0.980957
0.980957
0.980957
0.980957
0.980957
0.980957
0.980957
0.980957
0.980957
0.980957
0.980957
0.980957
0.980957
0.980957
0.980957
0.980957
0.980957
0.980957
0.980957
0.980957
0.980957
0.980957
0.980957
0.980957
0.980957
0.980957
0.980957
0.980957
0.980957
0.980957
0.980957
0.980957
0.980957
0.980957
0.980957
0.980957
0.980957
0.980957
0.980957
0.980957
0.980957
0.980957
0.980957
0.980957
0.980957
0.980957
0.980957
0.980957
0.980957
0.980957
0.980957
0.980957
0.980957
0.980957
0.980957
0.980957
0.980957
0.980957
0.980957
0.980957
0.980957
0.980957
0.980957
0.980957
0.980957
0.980957
0.980957
0.980957
0.980957
0.980957
0.980957
0.980957
0.980957
0.980957
0.980957
0.980957
0.980957
0.980957
0.980957
0.980957
0.980957
0.980957
0.980957
0.980957
0.980957
0.980957
0.980957
0.980957
0.980957
0.980957
0.980957
0.980957
0.980957
0.980957
0.980957
0.980957
0.980957
0.980957
0.980957
0.980957
0.980957
0.980957
0.980957
0.980957
0.980957
0.980957
0.980957
0.980957
0.980957
0.980957
0.980957
0.980957
0.980957
0.980957
0.980957
0.980957
0.980957
0.980957
0.980957
0.980957
0.980957
0.980957
0.980957
0.980957
0.980957
0.980957
0.980957
0.980957
0.980957
0.980957
0.980957
0.980957
0.980957
0.980957
0.980957
0.980957
0.980957
0.980957
0.980957
0.980957
0.980957
0.980957
0.980957
0.980957
0.980957
0.980957
0.980957
0.980957
0.980957
0.980957
0.980957
0.980957
0.980957
0.980957
0.980957
0.980957
0.980957
0.980957
0.980957
0.980957
0.980957
0.980957
0.980957
0.980957
0.980957
0.980957
0.980957
0.980957
0.980957
0.980957
0.980957
0.980957
0.980957
0.980957
0.980957
0.980957
0.980957
0.980957
0.980957
0.980957
0.980957
0.980957
0.980957
0.980957
0.980957
0.980957
0.980957
0.980957
0.980957
0.980957
0.980957
0.980957
0.980957
0.980957
0.980957
0.980957
0.980957
0.980957
0.981201
0.981689
0.982178
0.982666
0.983154
0.983643
0.984131
0.984619
0.985107
0.985596
0.986084
0.986572
0.986633
0.986633
0.986633
0.986633
0.986633
0.986633
0.986633
0.986633
0.986633
0.986633
0.986633
0.986633
0.986633
0.986633
0.986633
0.986633
0.986633
0.986633
0.986633
0.986633
0.986633
0.986633
0.986633
0.986633
0.986633
0.986633
0.986633
0.986633
0.986633
0.986633
0.986633
0.986633
0.986633
0.986633
0.986633
0.986633
0.986633
0.986633
0.986633
0.986633
0.986633
0.986633
0.986633
0.986633
0.986633
0.986633
0.986633
0.986633
0.986633
0.986633
0.986633
0.986633
0.986633
0.986633
0.986633
0.986633
0.986633
0.986633
0.986633
0.986633
0.986633
0.986633
0.986633
0.986633
0.986633
0.986633
0.986633
0.986633
0.986633
0.986633
0.986633
0.986633
0.986633
0.986633
0.986633
0.986633
0.986633
0.986633
0.986633
0.986633
0.986633
0.986633
0.986633
0.986633
0.986633
0.986633
0.986633
0.986633
0.986633
0.986633
0.986633
0.986633
0.986633
0.986633
0.986633
0.986633
0.986633
0.986633
0.986633
0.986633
