0
0
0
0
0
0
0
0
0.000610352
0.00164795
0.00335693
0.00592041
0.00946045
0.0115967
0.0200195
0.0272827
0.0358276
0.0457764
0.0571289
0.0698853
0.0841064
0.0996704
0.116516
0.134644
0.153992
0.1745
0.196045
0.218628
0.242126
0.266479
0.291626
0.317566
0.357666
0.385132
0.413086
0.441406
0.470215
0.499268
0.528564
0.557861
0.587585
0.617371
0.647156
0.676758
0.706055
0.735352
0.764465
0.793274
0.821838
0.850098
0.87793
0.905396
0.932434
0.958984
0.984985
1.0105
1.0354
1.05963
1.08331
1.10626
1.12854
1.15009
1.1709
1.20074
1.21027
1.23761
1.25482
1.27118
1.28668
1.30133
1.31506
1.32788
1.33984
1.35083
1.36096
1.37012
1.37842
1.3858
1.39227
1.39783
1.40247
1.40625
1.40918
1.41125
1.41248
1.4129
1.41248
1.41125
1.40924
1.40656
1.40308
1.39661
1.39142
1.38562
1.37915
1.37207
1.36835
1.35626
1.3476
1.33838
1.32874
1.31866
1.30817
1.2973
1.28607
1.27448
1.2627
1.25049
1.23828
1.22559
1.21289
1.20007
1.18689
1.17371
1.16052
1.14734
1.13416
1.12097
1.10779
1.0946
1.08142
1.06824
1.05518
1.04248
1.02979
1.01715
1.00494
0.992737
0.980896
0.969177
0.957764
0.946533
0.935669
0.924927
0.914673
0.899719
0.894836
0.885498
0.87207
0.863586
0.855408
0.847595
0.840271
0.833313
0.826721
0.820496
0.814697
0.809326
0.804382
0.799866
0.795776
0.792053
0.788757
0.785828
0.783386
0.781372
0.779724
0.778442
0.777527
0.777039
0.776978
0.777222
0.777771
0.778748
0.78009
0.781677
0.78363
0.78595
0.788452
0.791382
0.794495
0.797913
0.801575
0.805481
0.80957
0.813965
0.820862
0.825745
0.830627
0.835938
0.841309
0.84668
0.852234
0.858093
0.863953
0.869812
0.875671
0.881531
0.88739
0.893311
0.899658
0.906006
0.915527
0.921631
0.92749
0.93335
0.939209
0.945068
0.947998
0.956787
0.962646
0.968018
0.973389
0.97876
0.984131
0.989014
0.993896
0.998779
1.00342
1.00781
1.01221
1.01654
1.02045
1.02631
1.03003
1.03345
1.03687
1.04022
1.04315
1.04608
1.04901
1.05145
1.05389
1.05634
1.05829
1.06024
1.06213
1.0636
1.06506
1.06635
1.06732
1.0683
1.06903
1.06952
1.07001
1.07013
1.07013
1.07013
1.06976
1.06927
1.06879
1.06805
1.06708
1.0661
1.06512
1.06366
1.06219
1.06073
1.05927
1.05841
1.05548
1.05353
1.05157
1.04962
1.04767
1.04565
1.04321
1.03955
1.03711
1.03589
1.03345
1.03101
1.02734
1.02612
1.02368
1.02124
1.0188
1.01514
1.0127
1.01147
1.00781
1.00537
1.00293
1.00049
0.998047
0.995605
0.993164
0.990723
0.988281
0.98584
0.983521
0.981567
0.979614
0.977661
0.975708
0.973755
0.971802
0.969849
0.967896
0.965942
0.963989
0.962036
0.959412
0.958679
0.957214
0.955017
0.954285
0.952087
0.950623
0.949158
0.947693
0.946594
0.945618
0.944641
0.943665
0.942688
0.941711
0.940735
0.939758
0.939209
0.938721
0.938232
0.937744
0.937256
0.936768
0.936279
0.936157
0.936157
0.936157
0.936157
0.936157
0.936157
0.936279
0.936768
0.937256
0.937744
0.938232
0.938721
0.939209
0.939697
0.940186
0.940979
0.941956
0.942932
0.943909
0.944885
0.94635
0.946838
0.947815
0.948792
0.949768
0.951233
0.951721
0.952698
0.954163
0.955139
0.956116
0.957092
0.958069
0.959045
0.960022
0.960999
0.961975
0.962952
0.963928
0.964905
0.965881
0.966858
0.967834
0.968811
0.969788
0.970764
0.971741
0.972229
0.973694
0.97467
0.975647
0.976624
0.9776
0.978577
0.979553
0.980347
0.981079
0.981323
0.981812
0.9823
0.983032
0.983521
0.984009
0.984497
0.984985
0.985474
0.985962
0.98645
0.986938
0.987427
0.987915
0.988403
0.988892
0.98938
0.989868
0.990112
0.990112
0.990112
0.990112
0.990112
0.990112
0.990112
0.990112
0.990112
0.990112
0.990112
0.990112
0.990112
0.990112
0.990112
0.990112
0.990112
0.990112
0.990112
0.990112
0.990112
0.990112
0.990112
0.990112
0.990112
0.990112
0.990112
0.990112
0.990112
0.990112
0.990112
0.989685
0.989197
0.988708
0.98822
0.987732
0.987488
0.986755
0.986267
0.985779
0.985291
0.984802
0.984314
0.983826
0.983337
0.982849
0.982361
0.981873
0.981384
0.980896
0.980408
0.979919
0.979431
0.978699
0.978455
0.977966
0.977234
0.97699
0.976501
0.975769
0.975525
0.975037
0.974548
0.97406
0.973328
0.972839
0.972595
0.972595
0.972595
0.972595
0.972595
0.972595
0.972595
0.972595
0.972595
0.972595
0.972595
0.972595
0.972595
0.972595
0.972595
0.972595
0.972595
0.972595
0.972595
0.972595
0.972595
0.972595
0.972595
0.972595
0.972595
0.972595
0.972595
0.972595
0.972595
0.972595
0.972595
0.972595
0.972595
0.972595
0.972595
0.972595
0.972595
0.972595
0.972595
0.972595
0.972595
0.972595
0.972595
0.972595
0.972595
0.972595
0.972595
0.972595
0.972595
0.972595
0.972595
0.972595
0.972595
0.972595
0.972595
0.972595
0.972595
0.972595
0.972595
0.972595
0.972595
0.972595
0.972595
0.972595
0.972595
0.972595
0.972595
0.972595
0.972595
0.972595
0.972595
0.972595
0.972595
0.972595
0.972595
0.972595
0.972595
0.972595
0.972595
0.972595
0.972595
0.972595
0.972595
0.972595
0.972595
0.972595
0.972595
0.972595
0.972595
0.972595
0.9729
0.973389
0.973633
0.974121
0.974609
0.975342
0.97583
0.976318
0.976807
0.977295
0.977783
0.978271
0.97876
0.979248
0.979736
0.980225
0.980713
0.980713
0.980713
0.980713
0.980713
0.980713
0.980713
0.980713
0.980713
0.980713
0.980713
0.980713
0.980713
0.980713
0.980713
0.980713
0.980713
0.980713
0.980713
0.980713
0.980713
0.980713
0.980713
0.980713
0.980713
0.980713
0.980713
0.980713
0.980713
0.980713
0.980713
0.980713
0.980713
0.980713
0.980713
0.980713
0.980713
0.980713
0.980713
0.980713
0.980713
0.980713
0.980713
0.980713
0.980713
0.980713
0.980713
0.980713
0.980713
0.980713
0.980713
0.980713
0.980713
0.980713
0.980713
0.980713
0.980713
0.980713
0.980713
0.980713
0.980713
0.980713
0.980713
0.980713
0.980713
0.980713
0.980713
0.980713
0.980713
0.980713
0.980713
0.980713
0.980713
0.980713
0.980713
0.980713
0.980713
0.980713
0.980713
0.980713
0.980713
0.980713
0.980713
0.980713
0.980713
0.980713
0.980713
0.980713
0.980713
0.980713
0.980713
0.980713
0.980713
0.980713
0.980713
0.980713
0.980713
0.980713
0.980713
0.980713
0.980713
0.980713
0.980713
0.980713
0.980713
0.980713
0.980713
0.980713
0.980713
0.980713
0.980713
0.980713
0.980713
0.980713
0.980713
0.980713
0.980713
0.980713
0.980713
0.980713
0.980713
0.980713
0.980713
0.980713
0.980713
0.980713
0.980713
0.980713
0.980713
0.980713
0.980713
0.980713
0.980713
0.980713
0.980713
0.980713
0.980713
0.980713
0.980713
0.980713
0.980713
0.980713
0.980713
0.980713
0.980713
0.980713
0.980713
0.980713
0.980713
0.980713
0.980713
0.980713
0.980713
0.980713
0.980713
0.980713
0.980713
0.980713
0.980713
0.980713
0.980713
0.980713
0.980713
0.980713
0.980713
0.980713
0.980713
0.980713
0.980713
0.980713
0.980713
0.980713
0.980713
0.980713
0.980713
0.980713
0.980713
0.980713
0.980713
0.980713
0.980713
0.980713
0.980713
0.980713
0.980713
0.980713
0.980713
0.980713
0.980713
0.980713
0.980713
0.980713
0.980713
0.980713
0.980713
0.980713
0.980713
0.980713
0.980713
0.980713
0.980713
0.980713
0.980713
0.980713
0.980713
0.980713
0.980713
0.980713
0.980713
0.980713
0.980713
0.980713
0.980713
0.980713
0.980713
0.980713
0.980713
0.980713
0.980713
0.980713
0.980713
0.980713
0.980713
0.980713
0.980713
0.980713
0.980713
0.980713
0.980713
0.980713
0.980713
0.980713
0.980713
0.980713
0.980713
0.980713
0.980713
0.980713
0.980713
0.980713
0.980713
0.980713
0.980713
0.980713
0.980713
0.980713
0.980713
0.980713
0.980713
0.980713
0.980713
0.980713
0.980713
0.980713
0.980713
0.980713
0.980713
0.980713
0.980713
0.980713
0.980713
0.980713
0.980713
0.980713
0.980713
0.980713
0.980713
0.980713
0.980713
0.980713
0.980713
0.980713
0.980713
0.980713
0.980713
0.980713
0.980713
0.980713
0.980713
0.980713
0.980713
0.980713
0.980713
0.980713
0.980713
0.980713
0.980713
0.980713
0.980713
0.980713
0.980713
0.980713
0.980713
0.980713
0.980713
0.980713
0.980713
0.980713
0.980713
0.980713
0.980713
0.980713
0.980713
0.980713
0.980713
0.980713
0.980713
0.980713
0.981384
0.981628
0.982117
0.982605
0.983093
0.983582
0.98407
0.984802
0.985046
0.985535
0.986267
0.986328
0.986328
0.986328
0.986328
0.986328
0.986328
0.986328
0.986328
0.986328
0.986328
0.986328
0.986328
0.986328
0.986328
0.986328
0.986328
0.986328
0.986328
0.986328
0.986328
0.986328
0.986328
0.986328
0.986328
0.986328
0.986328
0.986328
0.986328
0.986328
0.986328
0.986328
0.986328
0.986328
0.986328
0.986328
0.986328
0.986328
0.986328
0.986328
0.986328
0.986328
0.986328
0.986328
0.986328
0.986328
0.986328
0.986328
0.986328
0.986328
0.986328
0.986328
0.986328
0.986328
0.986328
0.986328
0.986328
0.986328
0.986328
0.986328
0.986328
0.986328
0.986328
0.986328
0.986328
0.986328
0.986328
0.986328
0.986328
0.986328
0.986328
0.986328
0.986328
0.986328
0.986328
0.986328
0.986328
0.986328
0.986328
0.986328
0.986328
0.986328
0.986328
0.986328
0.986328
0.986328
0.986328
0.986328
0.986328
0.986328
0.986328
0.986328
0.986328
0.986328
0.986328
0.986328
0.986328
0.986328
0.986328
0.986328
0.986328
0.986328
0.986328
0.986328
0.986328
0.986328
0.986328
0.986328
0.986328
0.986328
0.986328
0.986328
0.986328
0.986328
0.986328
0.986328
0.986328
0.986328
0.986328
