0
0
0
0
0
0
0
0.000366211
0.00109863
0.00238037
0.0045166
0.00756836
0.0115967
0.0169067
0.0234985
0.0313721
0.0405884
0.0512695
0.0633545
0.0768433
0.0917358
0.116516
0.125427
0.144226
0.164185
0.185242
0.21875
0.230408
0.254456
0.279297
0.304932
0.344727
0.358337
0.385925
0.414001
0.456909
0.486023
0.51532
0.545044
0.574829
0.604614
0.634399
0.664185
0.69397
0.723755
0.753418
0.782715
0.811829
0.840637
0.868958
0.896912
0.924438
0.951416
0.977905
1.00378
1.02905
1.05371
1.07776
1.10101
1.12366
1.14545
1.17676
1.19659
1.21564
1.23389
1.25122
1.2677
1.28333
1.29803
1.31183
1.32471
1.33667
1.34766
1.35773
1.36688
1.37512
1.38245
1.38885
1.39435
1.39899
1.40271
1.40558
1.40765
1.40887
1.40924
1.40833
1.40759
1.40564
1.40295
1.39954
1.39307
1.39062
1.3822
1.37573
1.36871
1.36115
1.35303
1.34436
1.33521
1.32556
1.31549
1.30505
1.29425
1.28302
1.27148
1.25977
1.24756
1.23535
1.22266
1.21631
1.19714
1.18396
1.17078
1.15759
1.14441
1.13123
1.11804
1.10486
1.09167
1.07849
1.05872
1.05231
1.03326
1.02692
1.0144
0.996094
0.984192
0.972473
0.96106
0.949829
0.939026
0.928406
0.918152
0.908264
0.898621
0.889343
0.880493
0.871948
0.86377
0.855957
0.848633
0.841675
0.835083
0.828857
0.822998
0.817627
0.812622
0.807983
0.803772
0.799927
0.796509
0.793518
0.790894
0.788635
0.786743
0.785278
0.784241
0.783508
0.783081
0.783203
0.783447
0.784607
0.785767
0.787231
0.789124
0.791199
0.79364
0.796387
0.799316
0.802673
0.806091
0.809937
0.813843
0.818115
0.82251
0.827026
0.831909
0.836792
0.841797
0.849854
0.852539
0.85791
0.863342
0.869202
0.877991
0.88385
0.889709
0.895569
0.901428
0.907288
0.913147
0.919006
0.924866
0.930725
0.936584
0.942444
0.948303
0.953979
0.959351
0.964722
0.970093
0.975464
0.980408
0.985291
0.990173
0.994995
0.99939
1.00378
1.00818
1.01227
1.01617
1.02008
1.02386
1.02728
1.0307
1.03412
1.03711
1.04004
1.04443
1.04688
1.0481
1.05176
1.05389
1.05585
1.0578
1.05957
1.06104
1.0625
1.06378
1.06476
1.06573
1.06653
1.06702
1.0675
1.06781
1.06781
1.06781
1.06769
1.0672
1.06671
1.06622
1.06531
1.06433
1.06335
1.06232
1.06085
1.05939
1.05792
1.05646
1.05481
1.05286
1.0509
1.04895
1.047
1.04504
1.04309
1.04114
1.03912
1.03668
1.03424
1.03058
1.02814
1.02692
1.02448
1.02203
1.01959
1.01593
1.01349
1.01105
1.00983
1.00616
1.00372
1.00128
0.99884
0.996399
0.993958
0.991699
0.989746
0.987793
0.98584
0.983887
0.981934
0.97998
0.978027
0.976074
0.974121
0.972168
0.970215
0.968262
0.966309
0.964417
0.962952
0.961487
0.960022
0.958557
0.95636
0.955627
0.954163
0.952698
0.951233
0.949341
0.948853
0.947876
0.946899
0.945923
0.944458
0.94397
0.942993
0.94165
0.941406
0.940674
0.940186
0.939697
0.939453
0.938721
0.938232
0.93811
0.93811
0.93811
0.93811
0.93811
0.93811
0.93811
0.938171
0.93866
0.939392
0.939636
0.940125
0.940613
0.941345
0.941833
0.942078
0.942566
0.943298
0.944092
0.945068
0.946045
0.947021
0.94751
0.948975
0.949951
0.950928
0.951904
0.952881
0.953857
0.954834
0.955811
0.956787
0.957764
0.95874
0.959717
0.960693
0.96167
0.962646
0.964111
0.9646
0.965576
0.967041
0.967529
0.968994
0.969971
0.970947
0.971924
0.972412
0.973877
0.974854
0.97583
0.976807
0.977783
0.978394
0.978882
0.97937
0.979858
0.980347
0.980835
0.981323
0.981812
0.9823
0.982788
0.983276
0.983765
0.984253
0.984741
0.985229
0.985962
0.986206
0.986694
0.987183
0.987671
0.988403
0.988831
0.988831
0.988831
0.988831
0.988831
0.988831
0.988831
0.988831
0.988831
0.988831
0.988831
0.988831
0.988831
0.988831
0.988831
0.988831
0.988831
0.988831
0.988831
0.988831
0.988831
0.988831
0.988831
0.988831
0.988831
0.988831
0.988831
0.988831
0.988831
0.988831
0.988831
0.988831
0.988831
0.988831
0.988831
0.988586
0.987854
0.98761
0.986877
0.986389
0.985901
0.985413
0.985168
0.984436
0.983948
0.983459
0.982971
0.982483
0.981995
0.981506
0.981018
0.98053
0.980042
0.979553
0.979065
0.978577
0.978088
0.9776
0.976868
0.976624
0.976135
0.975647
0.975159
0.974426
0.973938
0.97345
0.97345
0.97345
0.97345
0.97345
0.97345
0.97345
0.97345
0.97345
0.97345
0.97345
0.97345
0.97345
0.97345
0.97345
0.97345
0.97345
0.97345
0.97345
0.97345
0.97345
0.97345
0.97345
0.97345
0.97345
0.97345
0.97345
0.97345
0.97345
0.97345
0.97345
0.97345
0.97345
0.97345
0.97345
0.97345
0.97345
0.97345
0.97345
0.97345
0.97345
0.97345
0.97345
0.97345
0.97345
0.97345
0.97345
0.97345
0.97345
0.97345
0.97345
0.97345
0.97345
0.97345
0.97345
0.97345
0.97345
0.97345
0.97345
0.97345
0.97345
0.97345
0.97345
0.97345
0.97345
0.97345
0.97345
0.97345
0.97345
0.97345
0.97345
0.97345
0.97345
0.97345
0.97345
0.97345
0.97345
0.97345
0.97345
0.97345
0.97345
0.97345
0.97345
0.97345
0.97345
0.97345
0.97345
0.97345
0.97345
0.97345
0.97345
0.97345
0.97345
0.97345
0.97345
0.97345
0.97345
0.97345
0.97345
0.97345
0.97345
0.97345
0.97345
0.97345
0.97345
0.97345
0.97345
0.97345
0.973938
0.974426
0.97467
0.975403
0.975647
0.976135
0.976624
0.977112
0.977844
0.978333
0.978821
0.979309
0.979797
0.980286
0.980774
0.981262
0.981323
0.981323
0.981323
0.981323
0.981323
0.981323
0.981323
0.981323
0.981323
0.981323
0.981323
0.981323
0.981323
0.981323
0.981323
0.981323
0.981323
0.981323
0.981323
0.981323
0.981323
0.981323
0.981323
0.981323
0.981323
0.981323
0.981323
0.981323
0.981323
0.981323
0.981323
0.981323
0.981323
0.981323
0.981323
0.981323
0.981323
0.981323
0.981323
0.981323
0.981323
0.981323
0.981323
0.981323
0.981323
0.981323
0.981323
0.981323
0.981323
0.981323
0.981323
0.981323
0.981323
0.981323
0.981323
0.981323
0.981323
0.981323
0.981323
0.981323
0.981323
0.981323
0.981323
0.981323
0.981323
0.981323
0.981323
0.981323
0.981323
0.981323
0.981323
0.981323
0.981323
0.981323
0.981323
0.981323
0.981323
0.981323
0.981323
0.981323
0.981323
0.981323
0.981323
0.981323
0.981323
0.981323
0.981323
0.981323
0.981323
0.981323
0.981323
0.981323
0.981323
0.981323
0.981323
0.981323
0.981323
0.981323
0.981323
0.981323
0.981323
0.981323
0.981323
0.981323
0.981323
0.981323
0.981323
0.981323
0.981323
0.981323
0.981323
0.981323
0.981323
0.981323
0.981323
0.981323
0.981323
0.981323
0.981323
0.981323
0.981323
0.981323
0.981323
0.981323
0.981323
0.981323
0.981323
0.981323
0.981323
0.981323
0.981323
0.981323
0.981323
0.981323
0.981323
0.981323
0.981323
0.981323
0.981323
0.981323
0.981323
0.981323
0.981323
0.981323
0.981323
0.981323
0.981323
0.981323
0.981323
0.981323
0.981323
0.981323
0.981323
0.981323
0.981323
0.981323
0.981323
0.981323
0.981323
0.981323
0.981323
0.981323
0.981323
0.981323
0.981323
0.981323
0.981323
0.981323
0.981323
0.981323
0.981323
0.981323
0.981323
0.981323
0.981323
0.981323
0.981323
0.981323
0.981323
0.981323
0.981323
0.981323
0.981323
0.981323
0.981323
0.981323
0.981323
0.981323
0.981323
0.981323
0.981323
0.981323
0.981323
0.981323
0.981323
0.981323
0.981323
0.981323
0.981323
0.981323
0.981323
0.981323
0.981323
0.981323
0.981323
0.981323
0.981323
0.981323
0.981323
0.981323
0.981323
0.981323
0.981323
0.981323
0.981323
0.981323
0.981323
0.981323
0.981323
0.981323
0.981323
0.981323
0.981323
0.981323
0.981323
0.981323
0.981323
0.981323
0.981323
0.981323
0.981323
0.981323
0.981323
0.981323
0.981323
0.981323
0.981323
0.981323
0.981323
0.981323
0.981323
0.981323
0.981323
0.981323
0.981323
0.981323
0.981323
0.981323
0.981323
0.981323
0.981323
0.981323
0.981323
0.981323
0.981323
0.981323
0.981323
0.981323
0.981323
0.981323
0.981323
0.981323
0.981323
0.981323
0.981323
0.981323
0.981323
0.981323
0.981323
0.981323
0.981323
0.981323
0.981323
0.981323
0.981323
0.981323
0.981323
0.981323
0.981323
0.981323
0.981323
0.981323
0.981323
0.981323
0.981323
0.981323
0.981323
0.981323
0.981323
0.981323
0.981323
0.981323
0.981323
0.981323
0.981323
0.981323
0.981323
0.981323
0.981323
0.981323
0.981323
0.981323
0.981323
0.981323
0.981323
0.981323
0.981323
0.981323
0.981323
0.981323
0.981323
0.981323
0.981323
0.981323
0.981323
0.981323
0.981323
0.981323
0.981323
0.981323
0.981323
0.981323
0.981323
0.981323
0.981323
0.981323
0.981323
0.981445
0.981934
0.982422
0.98291
0.983398
0.983887
0.984375
0.984863
0.985352
0.98584
0.986267
0.986267
0.986267
0.986267
0.986267
0.986267
0.986267
0.986267
0.986267
0.986267
0.986267
0.986267
0.986267
0.986267
0.986267
0.986267
0.986267
0.986267
0.986267
0.986267
0.986267
0.986267
0.986267
0.986267
0.986267
0.986267
0.986267
0.986267
0.986267
0.986267
0.986267
0.986267
0.986267
0.986267
0.986267
0.986267
0.986267
0.986267
0.986267
0.986267
0.986267
0.986267
0.986267
0.986267
0.986267
0.986267
0.986267
0.986267
0.986267
0.986267
0.986267
0.986267
0.986267
0.986267
0.986267
0.986267
0.986267
0.986267
0.986267
0.986267
0.986267
0.986267
0.986267
0.986267
0.986267
0.986267
0.986267
0.986267
0.986267
0.986267
0.986267
0.986267
0.986267
0.986267
0.986267
0.986267
0.986267
0.986267
0.986267
0.986267
0.986267
0.986267
0.986267
0.986267
