0
0
0
0
0
0
0
0.00012207
0.000610352
0.00164795
0.00335693
0.00592041
0.00946045
0.0140991
0.0200195
0.0272827
0.0358276
0.0457764
0.0571289
0.0698853
0.0841064
0.10791
0.116516
0.144165
0.164124
0.18512
0.196045
0.230225
0.25415
0.27887
0.304382
0.330505
0.357239
0.384521
0.412292
0.440491
0.468933
0.497742
0.526733
0.55603
0.585327
0.614624
0.658569
0.673218
0.717163
0.746338
0.775146
0.803894
0.832214
0.860229
0.887878
0.9151
0.941833
0.980957
1.00629
1.03101
1.05511
1.07855
1.10126
1.12329
1.14453
1.16498
1.18469
1.20355
1.22156
1.23871
1.26288
1.27789
1.29205
1.3053
1.31769
1.32916
1.33972
1.34943
1.3623
1.36615
1.37317
1.38202
1.38684
1.39081
1.39392
1.39612
1.39752
1.39819
1.39801
1.39709
1.39539
1.39288
1.38971
1.3858
1.38123
1.37604
1.37024
1.36377
1.35675
1.34918
1.34113
1.33258
1.32355
1.31409
1.30426
1.29401
1.28333
1.27234
1.26111
1.24945
1.23773
1.22559
1.21338
1.20093
1.18823
1.17554
1.16284
1.14349
1.1369
1.12372
1.11053
1.09082
1.07812
1.06543
1.05273
1.04004
1.03375
1.01544
1.00323
0.991455
0.979736
0.968384
0.957153
0.94635
0.935669
0.920288
0.910522
0.901001
0.891724
0.882935
0.874451
0.866333
0.858582
0.851257
0.84436
0.83783
0.831726
0.825989
0.820618
0.815735
0.811279
0.80719
0.803467
0.80011
0.79718
0.794678
0.792542
0.790771
0.789368
0.788391
0.787781
0.787476
0.787476
0.787964
0.789185
0.789734
0.791931
0.793884
0.796021
0.798462
0.801208
0.805725
0.809143
0.812683
0.816589
0.820496
0.82489
0.829285
0.833862
0.838745
0.843628
0.848511
0.853882
0.859253
0.864624
0.869995
0.875366
0.881226
0.887085
0.892944
0.898804
0.904663
0.910522
0.916382
0.922241
0.928101
0.93396
0.939819
0.945679
0.951355
0.956726
0.962097
0.967468
0.975525
0.980469
0.985352
0.990234
0.995117
0.999512
1.00391
1.0083
1.01239
1.01825
1.02216
1.0257
1.02911
1.03253
1.03571
1.03864
1.04156
1.04431
1.04675
1.04919
1.05157
1.05353
1.05548
1.05737
1.05884
1.0603
1.06177
1.06274
1.06372
1.0647
1.06543
1.06592
1.06622
1.06622
1.06622
1.0661
1.06561
1.06512
1.06464
1.06378
1.06281
1.06183
1.06085
1.05945
1.05798
1.05579
1.05505
1.05359
1.05072
1.04974
1.04681
1.04584
1.04291
1.04193
1.039
1.03705
1.0351
1.03314
1.0307
1.02826
1.02582
1.02338
1.02094
1.01727
1.01605
1.01239
1.01117
1.00751
1.00507
1.00262
1.00018
0.998962
0.996033
0.99408
0.992126
0.990173
0.98822
0.986267
0.984314
0.981384
0.979431
0.978455
0.975525
0.973572
0.971619
0.969666
0.967712
0.966125
0.964661
0.963196
0.961731
0.960266
0.958801
0.957336
0.955872
0.954407
0.952942
0.951782
0.950806
0.949829
0.948853
0.947876
0.946899
0.945923
0.944946
0.94397
0.943481
0.942993
0.942505
0.942017
0.941528
0.94104
0.940552
0.940063
0.939819
0.939819
0.939819
0.939819
0.939819
0.939819
0.939819
0.939819
0.939819
0.939941
0.94043
0.941162
0.94165
0.942139
0.942627
0.943115
0.943359
0.944092
0.94458
0.945068
0.945312
0.946045
0.946411
0.947876
0.948853
0.949829
0.950806
0.952271
0.953247
0.954224
0.9552
0.956177
0.957153
0.95813
0.959106
0.960083
0.961548
0.962036
0.963013
0.963989
0.965454
0.966431
0.966919
0.968384
0.96936
0.970337
0.971313
0.97229
0.973267
0.974243
0.97522
0.976135
0.976624
0.977112
0.9776
0.978088
0.978577
0.979065
0.979309
0.98053
0.981018
0.981506
0.981995
0.982727
0.982971
0.983459
0.983948
0.98468
0.984924
0.985413
0.985901
0.986633
0.987122
0.98761
0.987732
0.987732
0.987732
0.987732
0.987732
0.987732
0.987732
0.987732
0.987732
0.987732
0.987732
0.987732
0.987732
0.987732
0.987732
0.987732
0.987732
0.987732
0.987732
0.987732
0.987732
0.987732
0.987732
0.987732
0.987732
0.987732
0.987732
0.987732
0.987732
0.987732
0.987732
0.987732
0.987732
0.987732
0.987732
0.987732
0.987732
0.987732
0.987671
0.987183
0.986694
0.986206
0.985474
0.985229
0.984497
0.984009
0.983521
0.983032
0.982544
0.982056
0.981567
0.981079
0.980591
0.980103
0.979614
0.978882
0.978394
0.977905
0.977417
0.976929
0.97644
0.975952
0.975464
0.974976
0.97467
0.97467
0.97467
0.97467
0.97467
0.97467
0.97467
0.97467
0.97467
0.97467
0.97467
0.97467
0.97467
0.97467
0.97467
0.97467
0.97467
0.97467
0.97467
0.97467
0.97467
0.97467
0.97467
0.97467
0.97467
0.97467
0.97467
0.97467
0.97467
0.97467
0.97467
0.97467
0.97467
0.97467
0.97467
0.97467
0.97467
0.97467
0.97467
0.97467
0.97467
0.97467
0.97467
0.97467
0.97467
0.97467
0.97467
0.97467
0.97467
0.97467
0.97467
0.97467
0.97467
0.97467
0.97467
0.97467
0.97467
0.97467
0.97467
0.97467
0.97467
0.97467
0.97467
0.97467
0.97467
0.97467
0.97467
0.97467
0.97467
0.97467
0.97467
0.97467
0.97467
0.97467
0.97467
0.97467
0.97467
0.97467
0.97467
0.97467
0.97467
0.97467
0.97467
0.97467
0.97467
0.97467
0.97467
0.97467
0.97467
0.97467
0.97467
0.97467
0.97467
0.97467
0.97467
0.97467
0.97467
0.97467
0.97467
0.97467
0.97467
0.97467
0.97467
0.97467
0.97467
0.97467
0.97467
0.97467
0.97467
0.97467
0.97467
0.97467
0.97467
0.97467
0.97467
0.97467
0.97467
0.97467
0.97467
0.97467
0.97467
0.97467
0.97467
0.97467
0.97467
0.97467
0.97467
0.97467
0.97467
0.97467
0.974976
0.975464
0.975952
0.97644
0.976929
0.977417
0.977905
0.978394
0.978882
0.97937
0.979858
0.980347
0.980835
0.981323
0.981628
0.981628
0.981628
0.981628
0.981628
0.981628
0.981628
0.981628
0.981628
0.981628
0.981628
0.981628
0.981628
0.981628
0.981628
0.981628
0.981628
0.981628
0.981628
0.981628
0.981628
0.981628
0.981628
0.981628
0.981628
0.981628
0.981628
0.981628
0.981628
0.981628
0.981628
0.981628
0.981628
0.981628
0.981628
0.981628
0.981628
0.981628
0.981628
0.981628
0.981628
0.981628
0.981628
0.981628
0.981628
0.981628
0.981628
0.981628
0.981628
0.981628
0.981628
0.981628
0.981628
0.981628
0.981628
0.981628
0.981628
0.981628
0.981628
0.981628
0.981628
0.981628
0.981628
0.981628
0.981628
0.981628
0.981628
0.981628
0.981628
0.981628
0.981628
0.981628
0.981628
0.981628
0.981628
0.981628
0.981628
0.981628
0.981628
0.981628
0.981628
0.981628
0.981628
0.981628
0.981628
0.981628
0.981628
0.981628
0.981628
0.981628
0.981628
0.981628
0.981628
0.981628
0.981628
0.981628
0.981628
0.981628
0.981628
0.981628
0.981628
0.981628
0.981628
0.981628
0.981628
0.981628
0.981628
0.981628
0.981628
0.981628
0.981628
0.981628
0.981628
0.981628
0.981628
0.981628
0.981628
0.981628
0.981628
0.981628
0.981628
0.981628
0.981628
0.981628
0.981628
0.981628
0.981628
0.981628
0.981628
0.981628
0.981628
0.981628
0.981628
0.981628
0.981628
0.981628
0.981628
0.981628
0.981628
0.981628
0.981628
0.981628
0.981628
0.981628
0.981628
0.981628
0.981628
0.981628
0.981628
0.981628
0.981628
0.981628
0.981628
0.981628
0.981628
0.981628
0.981628
0.981628
0.981628
0.981628
0.981628
0.981628
0.981628
0.981628
0.981628
0.981628
0.981628
0.981628
0.981628
0.981628
0.981628
0.981628
0.981628
0.981628
0.981628
0.981628
0.981628
0.981628
0.981628
0.981628
0.981628
0.981628
0.981628
0.981628
0.981628
0.981628
0.981628
0.981628
0.981628
0.981628
0.981628
0.981628
0.981628
0.981628
0.981628
0.981628
0.981628
0.981628
0.981628
0.981628
0.981628
0.981628
0.981628
0.981628
0.981628
0.981628
0.981628
0.981628
0.981628
0.981628
0.981628
0.981628
0.981628
0.981628
0.981628
0.981628
0.981628
0.981628
0.981628
0.981628
0.981628
0.981628
0.981628
0.981628
0.981628
0.981628
0.981628
0.981628
0.981628
0.981628
0.981628
0.981628
0.981628
0.981628
0.981628
0.981628
0.981628
0.981628
0.981628
0.981628
0.981628
0.981628
0.981628
0.981628
0.981628
0.981628
0.981628
0.981628
0.981628
0.981628
0.981628
0.981628
0.981628
0.981628
0.981628
0.981628
0.981628
0.981628
0.981628
0.981628
0.981628
0.981628
0.981628
0.981628
0.981628
0.981628
0.981628
0.981628
0.981628
0.981628
0.981628
0.981628
0.981628
0.981628
0.981628
0.981628
0.981628
0.981628
0.981628
0.981628
0.981628
0.981628
0.981628
0.981628
0.981628
0.981628
0.981628
0.981628
0.981628
0.981628
0.981628
0.981628
0.981628
0.981628
0.981628
0.981628
0.981628
0.981628
0.981628
0.981628
0.981628
0.981628
0.981628
0.981628
0.981628
0.981628
0.981628
0.981628
0.981628
0.981628
0.981628
0.981628
0.981628
0.981628
0.981628
0.981628
0.981628
0.981628
0.981628
0.981628
0.981934
0.982422
0.98291
0.983398
0.983887
0.984375
0.984863
0.985352
0.98584
0.986328
0.987061
0.987061
0.987061
0.987061
0.987061
0.987061
0.987061
0.987061
0.987061
0.987061
0.987061
0.987061
0.987061
0.987061
0.987061
0.987061
0.987061
0.987061
0.987061
0.987061
0.987061
0.987061
0.987061
0.987061
0.987061
0.987061
0.987061
0.987061
0.987061
0.987061
0.987061
0.987061
0.987061
0.987061
0.987061
0.987061
0.987061
0.987061
0.987061
0.987061
0.987061
0.987061
0.987061
0.987061
0.987061
0.987061
0.987061
0.987061
0.987061
0.987061
0.987061
0.987061
0.987061
0.987061
0.987061
0.987061
0.987061
0.987061
0.987061
0.987061
0.987061
0.987061
0.987061
0.987061
0.987061
0.987061
0.987061
0.987061
0.987061
0.987061
0.987061
0.987061
0.987061
0.987061
0.987061
