0
0
0
0
0
0
0
0.00012207
0.000610352
0.00238037
0.00335693
0.00592041
0.00946045
0.0140991
0.0234985
0.0272827
0.0358276
0.0457764
0.0571289
0.0768433
0.0841064
0.0996704
0.116516
0.134644
0.164062
0.185059
0.195923
0.22998
0.253845
0.278503
0.303955
0.330078
0.356812
0.384094
0.411865
0.440002
0.468384
0.497192
0.540649
0.555298
0.584595
0.613892
0.643188
0.687134
0.716248
0.745056
0.773865
0.802185
0.830383
0.858215
0.885559
0.912537
0.939026
0.977783
1.00287
1.0274
1.05121
1.0744
1.09686
1.11859
1.13953
1.15973
1.17908
1.19763
1.21539
1.23224
1.24823
1.27063
1.28448
1.29742
1.30945
1.32062
1.33093
1.34039
1.34894
1.35663
1.3634
1.37195
1.37439
1.38037
1.38196
1.38452
1.38678
1.38715
1.38733
1.38666
1.38531
1.3819
1.38043
1.37689
1.37042
1.3653
1.35962
1.35333
1.34644
1.33905
1.33118
1.32281
1.31403
1.30475
1.29504
1.28497
1.2746
1.25842
1.24719
1.23578
1.22406
1.21228
1.20007
1.18787
1.17566
1.16321
1.15051
1.13782
1.12512
1.10608
1.09338
1.08081
1.0686
1.0564
1.04419
1.0321
1.02039
1.00867
0.997314
0.986084
0.975098
0.958984
0.94873
0.938538
0.928772
0.91925
0.909973
0.901123
0.892517
0.884216
0.876343
0.868774
0.861511
0.85144
0.845154
0.839294
0.833801
0.828674
0.823914
0.819519
0.815613
0.812073
0.808899
0.806091
0.80365
0.801636
0.799988
0.798645
0.797363
0.796875
0.796875
0.79718
0.797729
0.797729
0.800659
0.802307
0.80426
0.806519
0.80896
0.811768
0.814697
0.817993
0.821411
0.825134
0.829041
0.833008
0.837402
0.843994
0.848694
0.853577
0.858459
0.863342
0.871216
0.873901
0.881958
0.884644
0.887329
0.900757
0.906128
0.911499
0.91687
0.924927
0.930298
0.935669
0.94104
0.946411
0.951782
0.957153
0.962158
0.967041
0.971924
0.976807
0.983704
0.988098
0.992493
0.996887
1.00079
1.0047
1.00861
1.01233
1.01575
1.01917
1.02258
1.02557
1.0285
1.03143
1.03424
1.03668
1.03912
1.04156
1.04364
1.04559
1.04755
1.04944
1.0509
1.05237
1.0545
1.05499
1.05646
1.05743
1.05792
1.05865
1.05914
1.05963
1.05969
1.05969
1.05969
1.05963
1.05914
1.05865
1.05817
1.05768
1.0567
1.05573
1.05475
1.05377
1.0528
1.05139
1.04993
1.04846
1.047
1.04553
1.04407
1.0426
1.04102
1.03906
1.03711
1.03516
1.0332
1.03027
1.0293
1.02734
1.02539
1.02344
1.02148
1.01855
1.01758
1.01562
1.01367
1.01172
1.00879
1.00781
1.00488
1.00391
1.00195
0.999023
0.99707
0.995117
0.993164
0.991211
0.989258
0.987305
0.985352
0.983398
0.981445
0.979492
0.977539
0.975586
0.97406
0.972595
0.970398
0.968933
0.967468
0.966003
0.964539
0.963074
0.961609
0.960144
0.958679
0.957214
0.956116
0.955139
0.953674
0.952698
0.951721
0.950745
0.950256
0.948792
0.947327
0.946716
0.946228
0.94574
0.945251
0.944763
0.944275
0.943787
0.943298
0.94281
0.942749
0.942749
0.942749
0.942749
0.942749
0.942749
0.942749
0.942749
0.942749
0.943115
0.943604
0.944092
0.94458
0.945068
0.945801
0.946045
0.946533
0.947021
0.947754
0.947998
0.948486
0.948975
0.949463
0.949951
0.950684
0.951477
0.952454
0.95343
0.954407
0.955383
0.95636
0.957336
0.958313
0.95929
0.960266
0.961243
0.962219
0.963196
0.964172
0.965149
0.966125
0.967102
0.968079
0.969055
0.97052
0.971497
0.972473
0.973145
0.973633
0.974121
0.974609
0.975098
0.975586
0.976074
0.976562
0.977051
0.977539
0.978027
0.978516
0.979004
0.979492
0.97998
0.980469
0.980957
0.981445
0.981934
0.982422
0.98291
0.983398
0.983887
0.984619
0.984863
0.985352
0.986084
0.986084
0.986084
0.986084
0.986084
0.986084
0.986084
0.986084
0.986084
0.986084
0.986084
0.986084
0.986084
0.986084
0.986084
0.986084
0.986084
0.986084
0.986084
0.986084
0.986084
0.986084
0.986084
0.986084
0.986084
0.986084
0.986084
0.986084
0.986084
0.986084
0.986084
0.986084
0.986084
0.986084
0.986084
0.986084
0.986084
0.986084
0.986084
0.986084
0.986084
0.986084
0.986084
0.986084
0.986084
0.986084
0.985718
0.985229
0.984741
0.984253
0.983765
0.983276
0.982788
0.982056
0.981567
0.981079
0.980591
0.980103
0.979614
0.979126
0.978638
0.978149
0.977661
0.977173
0.976685
0.976196
0.975708
0.975647
0.975647
0.975647
0.975647
0.975647
0.975647
0.975647
0.975647
0.975647
0.975647
0.975647
0.975647
0.975647
0.975647
0.975647
0.975647
0.975647
0.975647
0.975647
0.975647
0.975647
0.975647
0.975647
0.975647
0.975647
0.975647
0.975647
0.975647
0.975647
0.975647
0.975647
0.975647
0.975647
0.975647
0.975647
0.975647
0.975647
0.975647
0.975647
0.975647
0.975647
0.975647
0.975647
0.975647
0.975647
0.975647
0.975647
0.975647
0.975647
0.975647
0.975647
0.975647
0.975647
0.975647
0.975647
0.975647
0.975647
0.975647
0.975647
0.975647
0.975647
0.975647
0.975647
0.975647
0.975647
0.975647
0.975647
0.975647
0.975647
0.975647
0.975647
0.975647
0.975647
0.975647
0.975647
0.975647
0.975647
0.975647
0.975647
0.975647
0.975647
0.975647
0.975647
0.975647
0.975647
0.975647
0.975647
0.975647
0.975647
0.975647
0.975647
0.975647
0.975647
0.975647
0.975647
0.975647
0.975647
0.975647
0.975647
0.975647
0.975647
0.975647
0.975647
0.975647
0.975647
0.975647
0.975647
0.975647
0.975647
0.975647
0.975647
0.975647
0.975647
0.975647
0.975647
0.975647
0.975647
0.975647
0.975647
0.975647
0.975647
0.975647
0.975647
0.975647
0.975647
0.975647
0.975647
0.975647
0.975647
0.975647
0.975647
0.975647
0.975647
0.975647
0.975647
0.975647
0.975647
0.975647
0.975647
0.975647
0.975647
0.975647
0.975647
0.975647
0.975647
0.975647
0.975647
0.975647
0.975647
0.975647
0.975647
0.975647
0.975647
0.975647
0.975647
0.975647
0.975647
0.975647
0.975647
0.975647
0.975647
0.975952
0.976685
0.977173
0.977661
0.978149
0.978638
0.979126
0.979614
0.980103
0.980591
0.981079
0.981567
0.982056
0.982239
0.982239
0.982239
0.982239
0.982239
0.982239
0.982239
0.982239
0.982239
0.982239
0.982239
0.982239
0.982239
0.982239
0.982239
0.982239
0.982239
0.982239
0.982239
0.982239
0.982239
0.982239
0.982239
0.982239
0.982239
0.982239
0.982239
0.982239
0.982239
0.982239
0.982239
0.982239
0.982239
0.982239
0.982239
0.982239
0.982239
0.982239
0.982239
0.982239
0.982239
0.982239
0.982239
0.982239
0.982239
0.982239
0.982239
0.982239
0.982239
0.982239
0.982239
0.982239
0.982239
0.982239
0.982239
0.982239
0.982239
0.982239
0.982239
0.982239
0.982239
0.982239
0.982239
0.982239
0.982239
0.982239
0.982239
0.982239
0.982239
0.982239
0.982239
0.982239
0.982239
0.982239
0.982239
0.982239
0.982239
0.982239
0.982239
0.982239
0.982239
0.982239
0.982239
0.982239
0.982239
0.982239
0.982239
0.982239
0.982239
0.982239
0.982239
0.982239
0.982239
0.982239
0.982239
0.982239
0.982239
0.982239
0.982239
0.982239
0.982239
0.982239
0.982239
0.982239
0.982239
0.982239
0.982239
0.982239
0.982239
0.982239
0.982239
0.982239
0.982239
0.982239
0.982239
0.982239
0.982239
0.982239
0.982239
0.982239
0.982239
0.982239
0.982239
0.982239
0.982239
0.982239
0.982239
0.982239
0.982239
0.982239
0.982239
0.982239
0.982239
0.982239
0.982239
0.982239
0.982239
0.982239
0.982239
0.982239
0.982239
0.982239
0.982239
0.982239
0.982239
0.982239
0.982239
0.982239
0.982239
0.982239
0.982239
0.982239
0.982239
0.982239
0.982239
0.982239
0.982239
0.982239
0.982239
0.982239
0.982239
0.982239
0.982239
0.982239
0.982239
0.982239
0.982239
0.982239
0.982239
0.982239
0.982239
0.982239
0.982239
0.982239
0.982239
0.982239
0.982239
0.982239
0.982239
0.982239
0.982239
0.982239
0.982239
0.982239
0.982239
0.982239
0.982239
0.982239
0.982239
0.982239
0.982239
0.982239
0.982239
0.982239
0.982239
0.982239
0.982239
0.982239
0.982239
0.982239
0.982239
0.982239
0.982239
0.982239
0.982239
0.982239
0.982239
0.982239
0.982239
0.982239
0.982239
0.982239
0.982239
0.982239
0.982239
0.982239
0.982239
0.982239
0.982239
0.982239
0.982239
0.982239
0.982239
0.982239
0.982239
0.982239
0.982239
0.982239
0.982239
0.982239
0.982239
0.982239
0.982239
0.982239
0.982239
0.982239
0.982239
0.982239
0.982239
0.982239
0.982239
0.982239
0.982239
0.982239
0.982239
0.982239
0.982239
0.982239
0.982239
0.982239
0.982239
0.982239
0.982239
0.982239
0.982239
0.982239
0.982239
0.982239
0.982239
0.982239
0.982239
0.982239
0.982239
0.982239
0.982239
0.982239
0.982239
0.982239
0.982239
0.982239
0.982239
0.982239
0.982239
0.982239
0.982239
0.982239
0.982239
0.982239
0.982239
0.982239
0.982239
0.982239
0.982239
0.982239
0.982239
0.982239
0.982239
0.982239
0.982239
0.982239
0.982239
0.982239
0.982239
0.982239
0.982239
0.982239
0.982239
0.982239
0.982239
0.982239
0.982239
0.982239
0.982239
0.982239
0.982239
0.982239
0.982239
0.982239
0.982239
0.982239
0.982239
0.982239
0.982239
0.982239
0.982239
0.982239
0.982239
0.982239
0.982239
0.982239
0.982239
0.982239
0.982239
0.982239
0.982239
0.982239
0.982239
0.982239
0.982239
0.982239
0.982239
0.982239
0.982239
0.982239
0.982239
0.982239
0.982239
0.982239
0.982239
0.982666
0.98291
0.983643
0.983887
0.984619
0.985107
0.985596
0.986084
0.986328
0.987061
0.987305
0.987305
0.987305
0.987305
0.987305
0.987305
0.987305
0.987305
0.987305
0.987305
0.987305
0.987305
0.987305
0.987305
0.987305
0.987305
0.987305
0.987305
0.987305
0.987305
0.987305
0.987305
0.987305
