0
0
0
0
0
0
0
0.00012207
0.000610351
0.00164795
0.00335693
0.00592041
0.0115967
0.0169067
0.0234985
0.0313721
0.0405884
0.0512695
0.0633545
0.0768433
0.0917358
0.10791
0.125427
0.144104
0.164001
0.184998
0.20697
0.229919
0.253723
0.278381
0.303772
0.329895
0.356567
0.38385
0.411621
0.439819
0.468384
0.497192
0.526428
0.555725
0.585022
0.614685
0.64447
0.674133
0.70343
0.747375
0.762024
0.790833
0.819519
0.847839
0.889587
0.903259
0.930298
0.956848
0.982849
1.02075
1.03308
1.05725
1.08081
1.11475
1.13647
1.15741
1.17761
1.19696
1.21552
1.23322
1.25006
1.26599
1.28107
1.29523
1.30853
1.32086
1.33234
1.34283
1.35242
1.36505
1.36884
1.37567
1.38165
1.38678
1.3927
1.39563
1.39771
1.39893
1.39935
1.39905
1.39789
1.396
1.39331
1.38995
1.38586
1.38116
1.37579
1.36975
1.36316
1.35602
1.34833
1.34009
1.33136
1.32214
1.3125
1.30243
1.29199
1.28125
1.27002
1.25861
1.24689
1.23492
1.22272
1.20404
1.19769
1.185
1.1723
1.15295
1.13977
1.12659
1.1134
1.10022
1.08722
1.07452
1.06183
1.04913
1.03046
1.01825
1.00616
0.994446
0.982788
0.971558
0.960388
0.949646
0.93396
0.928833
0.909241
0.899963
0.890991
0.882324
0.874023
0.862305
0.858643
0.851501
0.841553
0.835388
0.829651
0.82428
0.821838
0.814941
0.810852
0.80719
0.803894
0.800964
0.798523
0.796448
0.794739
0.793335
0.792358
0.791809
0.791565
0.791626
0.792114
0.792908
0.793945
0.79541
0.797119
0.799072
0.801453
0.803955
0.806885
0.809875
0.813293
0.816711
0.820618
0.824524
0.830933
0.83313
0.837524
0.842346
0.847229
0.854553
0.859802
0.865173
0.867859
0.87323
0.878601
0.883972
0.892029
0.894836
0.900696
0.906555
0.912415
0.921204
0.927002
0.932373
0.937744
0.943115
0.948486
0.953857
0.959229
0.9646
0.969482
0.974365
0.979248
0.984131
0.988525
0.99292
0.997314
1.00153
1.00543
1.00739
1.01324
1.01672
1.02014
1.02356
1.02679
1.02972
1.03265
1.03558
1.03802
1.04047
1.04291
1.0451
1.04706
1.04901
1.0509
1.05237
1.05383
1.05597
1.05646
1.05743
1.05841
1.05933
1.06006
1.0603
1.06091
1.06091
1.06091
1.06091
1.06055
1.06006
1.05957
1.05865
1.05768
1.0567
1.05573
1.05475
1.05341
1.05194
1.05121
1.04901
1.04755
1.04535
1.04462
1.04272
1.04077
1.03784
1.03589
1.03394
1.03198
1.03003
1.02808
1.02612
1.02417
1.02222
1.02026
1.01831
1.01636
1.0144
1.01245
1.0105
1.00854
1.00659
1.00464
1.00269
1.00073
0.998779
0.996826
0.994873
0.99292
0.98999
0.988037
0.987061
0.985107
0.982178
0.980225
0.978271
0.976318
0.974365
0.972839
0.971375
0.96991
0.968445
0.96698
0.965515
0.96405
0.962585
0.961121
0.959656
0.958191
0.956726
0.9552
0.954224
0.953247
0.952271
0.951294
0.950317
0.949341
0.948364
0.947388
0.946655
0.946167
0.945435
0.94519
0.944702
0.94397
0.943481
0.942993
0.942505
0.942505
0.942505
0.942505
0.942505
0.942505
0.942505
0.942505
0.942505
0.942505
0.942749
0.943237
0.943726
0.944214
0.944702
0.94519
0.945923
0.946411
0.946899
0.947388
0.947876
0.948364
0.948853
0.949341
0.949829
0.950378
0.951355
0.952332
0.953308
0.954285
0.95575
0.956726
0.957703
0.958679
0.959656
0.960632
0.961609
0.962585
0.963562
0.964539
0.965515
0.966492
0.967468
0.968445
0.969421
0.970398
0.971375
0.972351
0.973328
0.973816
0.974304
0.974792
0.975281
0.975769
0.976257
0.97699
0.977478
0.977966
0.978455
0.978943
0.979431
0.979919
0.980408
0.980896
0.981384
0.981873
0.982361
0.982849
0.983337
0.983826
0.984314
0.984802
0.985291
0.985779
0.986267
0.986389
0.986389
0.986389
0.986389
0.986389
0.986389
0.986389
0.986389
0.986389
0.986389
0.986389
0.986389
0.986389
0.986389
0.986389
0.986389
0.986389
0.986389
0.986389
0.986389
0.986389
0.986389
0.986389
0.986389
0.986389
0.986389
0.986389
0.986389
0.986389
0.986389
0.986389
0.986389
0.986389
0.986389
0.986389
0.986389
0.986389
0.986389
0.986389
0.986389
0.986389
0.986389
0.986389
0.986389
0.986084
0.985596
0.985107
0.984863
0.984131
0.983643
0.983154
0.982666
0.982178
0.981689
0.981201
0.980713
0.980225
0.979736
0.979248
0.97876
0.978271
0.977783
0.977295
0.976807
0.976318
0.976196
0.976196
0.976196
0.976196
0.976196
0.976196
0.976196
0.976196
0.976196
0.976196
0.976196
0.976196
0.976196
0.976196
0.976196
0.976196
0.976196
0.976196
0.976196
0.976196
0.976196
0.976196
0.976196
0.976196
0.976196
0.976196
0.976196
0.976196
0.976196
0.976196
0.976196
0.976196
0.976196
0.976196
0.976196
0.976196
0.976196
0.976196
0.976196
0.976196
0.976196
0.976196
0.976196
0.976196
0.976196
0.976196
0.976196
0.976196
0.976196
0.976196
0.976196
0.976196
0.976196
0.976196
0.976196
0.976196
0.976196
0.976196
0.976196
0.976196
0.976196
0.976196
0.976196
0.976196
0.976196
0.976196
0.976196
0.976196
0.976196
0.976196
0.976196
0.976196
0.976196
0.976196
0.976196
0.976196
0.976196
0.976196
0.976196
0.976196
0.976196
0.976196
0.976196
0.976196
0.976196
0.976196
0.976196
0.976196
0.976196
0.976196
0.976196
0.976196
0.976196
0.976196
0.976196
0.976196
0.976196
0.976196
0.976196
0.976196
0.976196
0.976196
0.976196
0.976196
0.976196
0.976196
0.976196
0.976196
0.976196
0.976196
0.976196
0.976196
0.976196
0.976196
0.976196
0.976196
0.976196
0.976196
0.976196
0.976196
0.976196
0.976196
0.976196
0.976196
0.976196
0.976196
0.976196
0.976196
0.976196
0.976196
0.976196
0.976196
0.976196
0.976196
0.976196
0.976196
0.976196
0.976196
0.976196
0.976196
0.976196
0.976196
0.976196
0.976196
0.976196
0.976196
0.976196
0.976196
0.976196
0.976196
0.976196
0.976196
0.976196
0.976196
0.976196
0.976196
0.976196
0.976196
0.976196
0.976196
0.976196
0.976196
0.976196
0.976196
0.976196
0.976196
0.976196
0.976196
0.976196
0.976196
0.976196
0.976196
0.976196
0.976624
0.977112
0.9776
0.978088
0.978577
0.979065
0.979553
0.980042
0.980774
0.981262
0.981506
0.982239
0.982727
0.98291
0.98291
0.98291
0.98291
0.98291
0.98291
0.98291
0.98291
0.98291
0.98291
0.98291
0.98291
0.98291
0.98291
0.98291
0.98291
0.98291
0.98291
0.98291
0.98291
0.98291
0.98291
0.98291
0.98291
0.98291
0.98291
0.98291
0.98291
0.98291
0.98291
0.98291
0.98291
0.98291
0.98291
0.98291
0.98291
0.98291
0.98291
0.98291
0.98291
0.98291
0.98291
0.98291
0.98291
0.98291
0.98291
0.98291
0.98291
0.98291
0.98291
0.98291
0.98291
0.98291
0.98291
0.98291
0.98291
0.98291
0.98291
0.98291
0.98291
0.98291
0.98291
0.98291
0.98291
0.98291
0.98291
0.98291
0.98291
0.98291
0.98291
0.98291
0.98291
0.98291
0.98291
0.98291
0.98291
0.98291
0.98291
0.98291
0.98291
0.98291
0.98291
0.98291
0.98291
0.98291
0.98291
0.98291
0.98291
0.98291
0.98291
0.98291
0.98291
0.98291
0.98291
0.98291
0.98291
0.98291
0.98291
0.98291
0.98291
0.98291
0.98291
0.98291
0.98291
0.98291
0.98291
0.98291
0.98291
0.98291
0.98291
0.98291
0.98291
0.98291
0.98291
0.98291
0.98291
0.98291
0.98291
0.98291
0.98291
0.98291
0.98291
0.98291
0.98291
0.98291
0.98291
0.98291
0.98291
0.98291
0.98291
0.98291
0.98291
0.98291
0.98291
0.98291
0.98291
0.98291
0.98291
0.98291
0.98291
0.98291
0.98291
0.98291
0.98291
0.98291
0.98291
0.98291
0.98291
0.98291
0.98291
0.98291
0.98291
0.98291
0.98291
0.98291
0.98291
0.98291
0.98291
0.98291
0.98291
0.98291
0.98291
0.98291
0.98291
0.98291
0.98291
0.98291
0.98291
0.98291
0.98291
0.98291
0.98291
0.98291
0.98291
0.98291
0.98291
0.98291
0.98291
0.98291
0.98291
0.98291
0.98291
0.98291
0.98291
0.98291
0.98291
0.98291
0.98291
0.98291
0.98291
0.98291
0.98291
0.98291
0.98291
0.98291
0.98291
0.98291
0.98291
0.98291
0.98291
0.98291
0.98291
0.98291
0.98291
0.98291
0.98291
0.98291
0.98291
0.98291
0.98291
0.98291
0.98291
0.98291
0.98291
0.98291
0.98291
0.98291
0.98291
0.98291
0.98291
0.98291
0.98291
0.98291
0.98291
0.98291
0.98291
0.98291
0.98291
0.98291
0.98291
0.98291
0.98291
0.98291
0.98291
0.98291
0.98291
0.98291
0.98291
0.98291
0.98291
0.98291
0.98291
0.98291
0.98291
0.98291
0.98291
0.98291
0.98291
0.98291
0.98291
0.98291
0.98291
0.98291
0.98291
0.98291
0.98291
0.98291
0.98291
0.98291
0.98291
0.98291
0.98291
0.98291
0.98291
0.98291
0.98291
0.98291
0.98291
0.98291
0.98291
0.98291
0.98291
0.98291
0.98291
0.98291
0.98291
0.98291
0.98291
0.98291
0.98291
0.98291
0.98291
0.98291
0.98291
0.98291
0.98291
0.98291
0.98291
0.98291
0.98291
0.98291
0.98291
0.98291
0.98291
0.98291
0.98291
0.98291
0.98291
0.98291
0.98291
0.98291
0.98291
0.98291
0.98291
0.98291
0.98291
0.98291
0.98291
0.98291
0.98291
0.98291
0.98291
0.98291
0.98291
0.98291
0.98291
0.98291
0.98291
0.98291
0.98291
0.98291
0.98291
0.98291
0.98291
0.98291
0.98291
0.98291
0.98291
0.98291
0.98291
0.98291
0.98291
0.98291
0.98291
0.98291
0.98291
0.98291
0.98291
0.98291
0.98291
0.98291
0.98291
0.98291
0.98291
0.98291
0.98291
0.98291
0.98291
0.98291
0.98291
0.98291
0.98291
0.98291
0.98291
0.98291
0.98291
0.98291
0.98291
0.98291
