0
0
0
0
0
0
0
0.00012207
0.000610352
0.00238037
0.0045166
0.00756836
0.0115967
0.0169067
0.0234985
0.0313721
0.0405884
0.0512695
0.0633545
0.0768433
0.0996704
0.10791
0.134644
0.154053
0.174561
0.196167
0.21875
0.24231
0.266663
0.291809
0.317688
0.344238
0.371338
0.398926
0.426941
0.455322
0.484131
0.513
0.542297
0.586243
0.61554
0.644836
0.674133
0.70343
0.732422
0.775635
0.803955
0.832031
0.859741
0.900452
0.913818
0.940063
0.978455
0.990906
1.01544
1.05096
1.06244
1.0849
1.10663
1.13776
1.15753
1.17651
1.19476
1.20355
1.22864
1.25183
1.26624
1.27972
1.29236
1.30414
1.31506
1.32507
1.33423
1.34247
1.34985
1.35638
1.362
1.36676
1.37073
1.37384
1.37695
1.37762
1.37836
1.3783
1.37677
1.37592
1.37366
1.37073
1.36713
1.36053
1.35535
1.34961
1.34332
1.33643
1.32904
1.32117
1.31287
1.30408
1.29486
1.28528
1.27545
1.2652
1.25464
1.2439
1.23279
1.22156
1.21008
1.19836
1.18665
1.1748
1.1626
1.15039
1.13818
1.12598
1.11377
1.10156
1.08325
1.07104
1.0589
1.04718
1.03546
1.02374
1.01239
1.00116
0.990051
0.979309
0.968628
0.958374
0.948242
0.938477
0.928955
0.919678
0.910828
0.902222
0.893921
0.886047
0.878479
0.871216
0.86438
0.85791
0.848816
0.845886
0.840515
0.833069
0.828674
0.824585
0.822632
0.817444
0.815979
0.811951
0.809692
0.807739
0.806274
0.805603
0.80426
0.803772
0.80365
0.803772
0.804016
0.805115
0.806152
0.807617
0.809265
0.811218
0.813477
0.815918
0.818665
0.821594
0.824768
0.828186
0.831604
0.83551
0.839417
0.843445
0.847839
0.852234
0.856628
0.86377
0.866211
0.871094
0.878418
0.883301
0.888489
0.89386
0.899231
0.907288
0.912659
0.91803
0.923401
0.928772
0.934143
0.939514
0.94458
0.949463
0.954346
0.959229
0.964111
0.968872
0.973267
0.977661
0.982056
0.98645
0.990356
0.994263
0.998169
1.00201
1.00543
1.00885
1.01398
1.01556
1.01849
1.02289
1.02582
1.02832
1.03076
1.03198
1.03564
1.03662
1.03955
1.04053
1.04248
1.0448
1.04553
1.04773
1.04895
1.04993
1.0509
1.05188
1.05255
1.05304
1.05353
1.05402
1.05414
1.05414
1.05414
1.05414
1.05389
1.05341
1.05292
1.05243
1.05194
1.05115
1.05017
1.04919
1.04822
1.04675
1.04578
1.0451
1.04364
1.04144
1.04071
1.03925
1.03778
1.03558
1.03412
1.03265
1.03192
1.02954
1.02759
1.02563
1.02368
1.02173
1.01978
1.01685
1.01489
1.01294
1.01099
1.00903
1.00708
1.00513
1.00317
1.00122
0.999268
0.997314
0.994385
0.993408
0.991455
0.988525
0.986572
0.98468
0.983215
0.98175
0.980286
0.978088
0.976624
0.975159
0.973694
0.972229
0.970764
0.969299
0.967834
0.96637
0.964172
0.962708
0.961426
0.960449
0.959473
0.958496
0.95752
0.956543
0.955566
0.95459
0.953613
0.952637
0.95166
0.950806
0.950317
0.949585
0.949097
0.949097
0.94812
0.947632
0.947144
0.946655
0.946167
0.945801
0.945801
0.945801
0.945801
0.945801
0.945801
0.945801
0.945801
0.945801
0.945801
0.945801
0.945862
0.946594
0.946838
0.947327
0.948059
0.948547
0.949036
0.949524
0.950012
0.9505
0.950989
0.951721
0.951965
0.952698
0.953186
0.953674
0.954163
0.954651
0.955139
0.955627
0.95636
0.956848
0.957336
0.957825
0.958313
0.958801
0.95929
0.959778
0.960266
0.960754
0.961243
0.961731
0.962463
0.962708
0.96344
0.963928
0.964417
0.964905
0.965393
0.965881
0.96637
0.966858
0.967346
0.967834
0.968323
0.968811
0.969299
0.969788
0.97052
0.971008
0.971252
0.971985
0.972229
0.972961
0.97345
0.973694
0.974426
0.974915
0.975403
0.975891
0.976379
0.976868
0.977356
0.977844
0.978333
0.978821
0.979309
0.980042
0.98053
0.981018
0.981506
0.981995
0.982483
0.982971
0.983459
0.983948
0.983948
0.983948
0.983948
0.983948
0.983948
0.983948
0.983948
0.983948
0.983948
0.983948
0.983948
0.983948
0.983948
0.983948
0.983948
0.983948
0.983948
0.983948
0.983948
0.983948
0.983948
0.983948
0.983948
0.983948
0.983948
0.983948
0.983948
0.983948
0.983948
0.983948
0.983948
0.983948
0.983948
0.983948
0.983948
0.983948
0.983948
0.983948
0.983948
0.983948
0.983948
0.983948
0.983948
0.983948
0.983948
0.983948
0.983948
0.983948
0.983948
0.983948
0.983948
0.983948
0.983948
0.983948
0.983948
0.983948
0.983948
0.983948
0.983948
0.983948
0.983948
0.983948
0.983948
0.983948
0.983948
0.983948
0.983948
0.983948
0.983948
0.983948
0.983948
0.983948
0.983948
0.983948
0.983948
0.983948
0.983948
0.983948
0.983948
0.983948
0.983948
0.983948
0.983948
0.983948
0.983948
0.983948
0.983948
0.983948
0.983948
0.983948
0.983948
0.983948
0.983948
0.983948
0.983948
0.983948
0.983948
0.983948
0.983948
0.983948
0.983948
0.983948
0.983948
0.983948
0.983948
0.983948
0.983948
0.983948
0.983948
0.983948
0.983948
0.983948
0.983948
0.983948
0.983948
0.983948
0.983948
0.983948
0.983948
0.983948
0.983948
0.983948
0.983948
0.983948
0.983948
0.983948
0.983948
0.983948
0.983948
0.983948
0.983948
0.983948
0.983948
0.983948
0.983948
0.983948
0.983948
0.983948
0.983948
0.983948
0.983948
0.983948
0.983948
0.983948
0.983948
0.983948
0.983948
0.983948
0.983948
0.983948
0.983948
0.983948
0.983948
0.983948
0.983948
0.983948
0.983948
0.983948
0.983948
0.983948
0.983948
0.983948
0.983948
0.983948
0.983948
0.983948
0.983948
0.983948
0.983948
0.983948
0.983948
0.983948
0.983948
0.983948
0.983948
0.983948
0.983948
0.983948
0.983948
0.983948
0.983948
0.983948
0.983948
0.983948
0.983948
0.983948
0.983948
0.983948
0.983948
0.983948
0.983948
0.983948
0.983948
0.983948
0.983948
0.983948
0.983948
0.983948
0.983948
0.983948
0.983948
0.983948
0.983948
0.983948
0.983948
0.983948
0.983948
0.983948
0.983948
0.983948
0.983948
0.983948
0.983948
0.983948
0.983948
0.983948
0.983948
0.983948
0.983948
0.983948
0.983948
0.983948
0.983948
0.983948
0.983948
0.983948
0.983948
0.983948
0.983948
0.983948
0.983948
0.983948
0.983948
0.983948
0.983948
0.983948
0.983948
0.983948
0.983948
0.983948
0.983948
0.983948
0.983948
0.983948
0.983948
0.983948
0.983948
0.983948
0.983948
0.983948
0.983948
0.983948
0.983948
0.983948
0.983948
0.983948
0.983948
0.983948
0.983948
0.983948
0.983948
0.983948
0.983948
0.983948
0.983948
0.983948
0.983948
0.983948
0.983948
0.983948
0.983948
0.983948
0.983948
0.983948
0.983948
0.983948
0.983948
0.983948
0.983948
0.983948
0.983948
0.983948
0.983948
0.983948
0.983948
0.983948
0.983948
0.983948
0.983948
0.983948
0.983948
0.983948
0.983948
0.983948
0.983948
0.983948
0.983948
0.983948
0.983948
0.983948
0.983948
0.983948
0.983948
0.983948
0.983948
0.983948
0.983948
0.983948
0.983948
0.983948
0.983948
0.983948
0.983948
0.983948
0.983948
0.983948
0.983948
0.983948
0.983948
0.983948
0.983948
0.983948
0.983948
0.983948
0.983948
0.983948
0.983948
0.983948
0.983948
0.983948
0.983948
0.983948
0.983948
0.983948
0.983948
0.983948
0.983948
0.983948
0.983948
0.983948
0.983948
0.983948
0.983948
0.983948
0.983948
0.983948
0.983948
0.983948
0.983948
0.983948
0.983948
0.983948
0.983948
0.983948
0.983948
0.983948
0.983948
0.983948
0.983948
0.983948
0.983948
0.983948
0.983948
0.983948
0.983948
0.983948
0.983948
0.983948
0.983948
0.983948
0.983948
0.983948
0.983948
0.983948
0.983948
0.983948
0.983948
0.983948
0.983948
0.983948
0.983948
0.983948
0.983948
0.983948
0.983948
0.983948
0.983948
0.983948
0.983948
0.983948
0.983948
0.983948
0.983948
0.983948
0.983948
0.983948
0.983948
0.983948
0.983948
0.983948
0.983948
0.983948
0.983948
0.983948
0.983948
0.983948
0.983948
0.983948
0.983948
0.983948
0.983948
0.983948
0.983948
0.983948
0.983948
0.983948
0.983948
0.983948
0.983948
0.983948
0.983948
0.983948
0.983948
0.983948
0.983948
0.983948
0.983948
0.983948
0.983948
0.983948
0.983948
0.983948
0.983948
0.983948
0.983948
0.983948
0.983948
0.983948
0.983948
0.983948
0.983948
0.983948
0.983948
0.983948
0.983948
0.983948
0.983948
0.983948
0.983948
0.983948
0.983948
0.983948
0.983948
0.983948
0.983948
0.983948
0.983948
0.983948
0.983948
0.983948
0.983948
0.983948
0.983948
0.983948
0.983948
0.983948
0.983948
0.983948
0.983948
0.983948
0.983948
0.983948
0.983948
0.983948
0.983948
0.983948
0.983948
0.983948
0.983948
0.983948
0.983948
0.983948
0.983948
0.983948
0.983948
0.983948
0.983948
0.983948
0.983948
0.983948
0.983948
0.983948
0.983948
0.983948
0.983948
0.983948
0.983948
0.983948
0.983948
0.983948
0.983948
0.983948
0.983948
0.983948
0.983948
0.983948
0.983948
0.983948
0.983948
0.983948
0.983948
0.983948
0.983948
0.983948
0.983948
0.983948
0.983948
0.983948
0.983948
0.983948
0.983948
0.983948
0.983948
0.983948
0.983948
0.983948
0.983948
0.983948
0.983948
0.983948
0.983948
0.983948
0.983948
0.983948
0.983948
0.983948
0.983948
0.983948
0.983948
0.983948
0.983948
0.983948
0.983948
0.983948
0.983948
0.983948
0.983948
0.983948
0.983948
0.983948
0.983948
0.983948
0.983948
0.983948
0.983948
0.983948
0.983948
0.983948
0.983948
0.983948
0.983948
0.983948
0.983948
0.983948
0.983948
0.983948
0.983948
0.983948
0.983948
0.983948
0.983948
0.983948
0.983948
0.983948
0.983948
0.983948
0.983948
0.983948
0.983948
0.983948
0.983948
0.983948
0.983948
0.983948
0.983948
0.983948
0.983948
0.983948
0.983948
0.983948
0.983948
0.983948
0.983948
0.983948
0.983948
0.983948
0.983948
0.983948
