0
0
0
0
0
0
0
0.000366211
0.00109863
0.00238037
0.0045166
0.00756836
0.0115967
0.0169067
0.0234985
0.0313721
0.0457764
0.0512695
0.0633545
0.0768433
0.0917358
0.116516
0.134644
0.153992
0.1745
0.196106
0.218689
0.242249
0.266602
0.304626
0.317627
0.357605
0.384949
0.412781
0.441101
0.469727
0.498535
0.527649
0.571594
0.600891
0.630188
0.659485
0.688782
0.717712
0.746521
0.789246
0.803406
0.831299
0.872498
0.899353
0.925781
0.951599
0.976868
1.00159
1.0257
1.04913
1.0719
1.09406
1.11542
1.13611
1.15594
1.17505
1.19336
1.21088
1.23566
1.24347
1.25848
1.27271
1.29242
1.30444
1.31561
1.32593
1.33539
1.34393
1.35162
1.35846
1.36444
1.36957
1.37561
1.3786
1.37982
1.38159
1.38263
1.38269
1.38177
1.38104
1.37769
1.37457
1.37085
1.36646
1.36139
1.35577
1.34955
1.34277
1.33551
1.3277
1.3194
1.31067
1.30615
1.29199
1.2821
1.27185
1.25586
1.24487
1.23364
1.22211
1.21039
1.19867
1.18646
1.17426
1.16205
1.14984
1.13763
1.11932
1.10712
1.10101
1.0827
1.0705
1.05829
1.04633
1.02875
1.01703
1.01141
1.00018
0.983643
0.9729
0.962463
0.952209
0.942322
0.932556
0.923218
0.914062
0.905273
0.8927
0.888672
0.880859
0.873474
0.866394
0.859619
0.853271
0.84729
0.841675
0.833984
0.831543
0.827087
0.822998
0.817566
0.814392
0.811584
0.809143
0.807129
0.80542
0.804016
0.80304
0.802429
0.802124
0.802124
0.802551
0.803223
0.804199
0.805542
0.807068
0.809021
0.811096
0.813538
0.816162
0.819092
0.822205
0.825623
0.829041
0.8349
0.836853
0.84314
0.847534
0.851929
0.854187
0.85907
0.863953
0.868835
0.873718
0.878784
0.884155
0.892212
0.897583
0.902954
0.908325
0.913696
0.919067
0.924438
0.92981
0.935181
0.940552
0.945923
0.951294
0.956238
0.961121
0.966003
0.970886
0.975769
0.980164
0.984558
0.988953
0.993286
0.997192
1.0011
1.005
1.00873
1.01215
1.01727
1.01898
1.0235
1.02643
1.02789
1.03204
1.03448
1.03693
1.03937
1.04138
1.04333
1.04529
1.04712
1.04858
1.05005
1.05225
1.05322
1.05371
1.05518
1.05603
1.05652
1.05701
1.0575
1.0578
1.0578
1.0578
1.0578
1.05737
1.05688
1.0564
1.05591
1.05524
1.05426
1.05328
1.05231
1.05084
1.04974
1.04828
1.04681
1.04535
1.04388
1.04242
1.04095
1.03949
1.03802
1.03613
1.03418
1.03223
1.03027
1.02832
1.02637
1.02441
1.02246
1.02051
1.01855
1.0166
1.01465
1.0127
1.01074
1.00879
1.00684
1.00488
1.00293
1.00098
0.999023
0.996094
0.995117
0.993164
0.990234
0.989258
0.986328
0.984375
0.982422
0.980469
0.978699
0.977234
0.975769
0.974304
0.972839
0.970642
0.96991
0.967712
0.966248
0.964783
0.963318
0.961853
0.960388
0.958984
0.958008
0.957031
0.956055
0.955078
0.954102
0.953125
0.952148
0.951172
0.950195
0.949219
0.948547
0.947815
0.947327
0.946838
0.94635
0.945862
0.945374
0.944885
0.944397
0.944092
0.944092
0.944092
0.944092
0.944092
0.944092
0.944092
0.944092
0.944092
0.944092
0.944153
0.944641
0.945129
0.945618
0.946106
0.946594
0.947327
0.947571
0.948059
0.948547
0.949036
0.949768
0.950012
0.9505
0.950989
0.951477
0.952209
0.952698
0.953186
0.953796
0.954773
0.95575
0.956726
0.957703
0.958679
0.959656
0.960632
0.961609
0.962585
0.963562
0.964539
0.965515
0.966492
0.967468
0.968933
0.96991
0.97052
0.971008
0.971497
0.971985
0.972473
0.972961
0.97345
0.973938
0.974426
0.974915
0.975403
0.975891
0.976379
0.976868
0.977356
0.977844
0.978333
0.978821
0.979309
0.980042
0.980286
0.981018
0.981506
0.981995
0.982483
0.982971
0.983459
0.983948
0.984436
0.984924
0.984985
0.984985
0.984985
0.984985
0.984985
0.984985
0.984985
0.984985
0.984985
0.984985
0.984985
0.984985
0.984985
0.984985
0.984985
0.984985
0.984985
0.984985
0.984985
0.984985
0.984985
0.984985
0.984985
0.984985
0.984985
0.984985
0.984985
0.984985
0.984985
0.984985
0.984985
0.984985
0.984985
0.984985
0.984985
0.984985
0.984985
0.984985
0.984985
0.984985
0.984985
0.984985
0.984985
0.984985
0.984985
0.984985
0.984985
0.984985
0.984985
0.984985
0.984985
0.984985
0.984985
0.984985
0.984741
0.984253
0.983765
0.983276
0.982788
0.9823
0.981812
0.981079
0.980835
0.980103
0.979614
0.979126
0.978638
0.978149
0.977661
0.977173
0.976746
0.976746
0.976746
0.976746
0.976746
0.976746
0.976746
0.976746
0.976746
0.976746
0.976746
0.976746
0.976746
0.976746
0.976746
0.976746
0.976746
0.976746
0.976746
0.976746
0.976746
0.976746
0.976746
0.976746
0.976746
0.976746
0.976746
0.976746
0.976746
0.976746
0.976746
0.976746
0.976746
0.976746
0.976746
0.976746
0.976746
0.976746
0.976746
0.976746
0.976746
0.976746
0.976746
0.976746
0.976746
0.976746
0.976746
0.976746
0.976746
0.976746
0.976746
0.976746
0.976746
0.976746
0.976746
0.976746
0.976746
0.976746
0.976746
0.976746
0.976746
0.976746
0.976746
0.976746
0.976746
0.976746
0.976746
0.976746
0.976746
0.976746
0.976746
0.976746
0.976746
0.976746
0.976746
0.976746
0.976746
0.976746
0.976746
0.976746
0.976746
0.976746
0.976746
0.976746
0.976746
0.976746
0.976746
0.976746
0.976746
0.976746
0.976746
0.976746
0.976746
0.976746
0.976746
0.976746
0.976746
0.976746
0.976746
0.976746
0.976746
0.976746
0.976746
0.976746
0.976746
0.976746
0.976746
0.976746
0.976746
0.976746
0.976746
0.976746
0.976746
0.976746
0.976746
0.976746
0.976746
0.976746
0.976746
0.976746
0.976746
0.976746
0.976746
0.976746
0.976746
0.976746
0.976746
0.976746
0.976746
0.976746
0.976746
0.976746
0.976746
0.976746
0.976746
0.976746
0.976746
0.976746
0.976746
0.976746
0.976746
0.976746
0.976746
0.976746
0.976746
0.976746
0.976746
0.976746
0.976746
0.976746
0.976746
0.976746
0.976746
0.976746
0.976746
0.976746
0.976746
0.976746
0.976746
0.976746
0.976746
0.976746
0.976746
0.976746
0.976746
0.976746
0.976746
0.976746
0.976746
0.976746
0.976746
0.976746
0.976746
0.976746
0.976746
0.976746
0.976746
0.976746
0.976746
0.976746
0.976746
0.976746
0.976746
0.976746
0.976746
0.976746
0.976746
0.976746
0.976746
0.97699
0.977478
0.977966
0.978455
0.978943
0.979431
0.979919
0.980408
0.980896
0.981384
0.981873
0.982361
0.982849
0.983154
0.983154
0.983154
0.983154
0.983154
0.983154
0.983154
0.983154
0.983154
0.983154
0.983154
0.983154
0.983154
0.983154
0.983154
0.983154
0.983154
0.983154
0.983154
0.983154
0.983154
0.983154
0.983154
0.983154
0.983154
0.983154
0.983154
0.983154
0.983154
0.983154
0.983154
0.983154
0.983154
0.983154
0.983154
0.983154
0.983154
0.983154
0.983154
0.983154
0.983154
0.983154
0.983154
0.983154
0.983154
0.983154
0.983154
0.983154
0.983154
0.983154
0.983154
0.983154
0.983154
0.983154
0.983154
0.983154
0.983154
0.983154
0.983154
0.983154
0.983154
0.983154
0.983154
0.983154
0.983154
0.983154
0.983154
0.983154
0.983154
0.983154
0.983154
0.983154
0.983154
0.983154
0.983154
0.983154
0.983154
0.983154
0.983154
0.983154
0.983154
0.983154
0.983154
0.983154
0.983154
0.983154
0.983154
0.983154
0.983154
0.983154
0.983154
0.983154
0.983154
0.983154
0.983154
0.983154
0.983154
0.983154
0.983154
0.983154
0.983154
0.983154
0.983154
0.983154
0.983154
0.983154
0.983154
0.983154
0.983154
0.983154
0.983154
0.983154
0.983154
0.983154
0.983154
0.983154
0.983154
0.983154
0.983154
0.983154
0.983154
0.983154
0.983154
0.983154
0.983154
0.983154
0.983154
0.983154
0.983154
0.983154
0.983154
0.983154
0.983154
0.983154
0.983154
0.983154
0.983154
0.983154
0.983154
0.983154
0.983154
0.983154
0.983154
0.983154
0.983154
0.983154
0.983154
0.983154
0.983154
0.983154
0.983154
0.983154
0.983154
0.983154
0.983154
0.983154
0.983154
0.983154
0.983154
0.983154
0.983154
0.983154
0.983154
0.983154
0.983154
0.983154
0.983154
0.983154
0.983154
0.983154
0.983154
0.983154
0.983154
0.983154
0.983154
0.983154
0.983154
0.983154
0.983154
0.983154
0.983154
0.983154
0.983154
0.983154
0.983154
0.983154
0.983154
0.983154
0.983154
0.983154
0.983154
0.983154
0.983154
0.983154
0.983154
0.983154
0.983154
0.983154
0.983154
0.983154
0.983154
0.983154
0.983154
0.983154
0.983154
0.983154
0.983154
0.983154
0.983154
0.983154
0.983154
0.983154
0.983154
0.983154
0.983154
0.983154
0.983154
0.983154
0.983154
0.983154
0.983154
0.983154
0.983154
0.983154
0.983154
0.983154
0.983154
0.983154
0.983154
0.983154
0.983154
0.983154
0.983154
0.983154
0.983154
0.983154
0.983154
0.983154
0.983154
0.983154
0.983154
0.983154
0.983154
0.983154
0.983154
0.983154
0.983154
0.983154
0.983154
0.983154
0.983154
0.983154
0.983154
0.983154
0.983154
0.983154
0.983154
0.983154
0.983154
0.983154
0.983154
0.983154
0.983154
0.983154
0.983154
0.983154
0.983154
0.983154
0.983154
0.983154
0.983154
0.983154
0.983154
0.983154
0.983154
0.983154
0.983154
0.983154
0.983154
0.983154
0.983154
0.983154
0.983154
0.983154
0.983154
0.983154
0.983154
0.983154
0.983154
0.983154
0.983154
0.983154
0.983154
0.983154
0.983154
0.983154
0.983154
0.983154
0.983154
0.983154
0.983154
0.983154
0.983154
0.983154
0.983154
0.983154
0.983154
0.983154
0.983154
0.983154
0.983154
0.983154
0.983154
0.983154
0.983154
0.983154
0.983154
0.983154
0.983154
0.983154
0.983154
0.983154
0.983154
0.983154
0.983154
0.983154
0.983154
0.983154
0.983154
0.983154
0.983154
0.983154
0.983154
0.983154
0.983154
0.983154
0.983154
