0
0
0
0
0
0
0
0.00012207
0.00109863
0.00238037
0.0045166
0.00756836
0.0115967
0.0169067
0.0234985
0.0313721
0.0405884
0.0512695
0.0633545
0.0768433
0.0917358
0.10791
0.125427
0.144104
0.174377
0.184998
0.218506
0.242004
0.254089
0.291504
0.317444
0.344055
0.371216
0.398926
0.427063
0.455627
0.484436
0.513672
0.542969
0.572266
0.602051
0.631836
0.661621
0.690918
0.720215
0.763916
0.792725
0.807068
0.849426
0.863342
0.904541
0.931396
0.957703
0.983459
1.00861
1.03314
1.05695
1.08014
1.10254
1.12421
1.15515
1.1651
1.18439
1.21167
1.22882
1.24518
1.26062
1.26801
1.28894
1.30182
1.31378
1.32489
1.33508
1.34442
1.35284
1.36383
1.37006
1.37543
1.38
1.38367
1.38654
1.38855
1.38977
1.3902
1.38989
1.38873
1.38684
1.38422
1.37897
1.37469
1.36969
1.36407
1.35785
1.35107
1.34369
1.33582
1.32745
1.31866
1.30939
1.29474
1.28961
1.27386
1.263
1.25177
1.2403
1.22858
1.21674
1.20453
1.19232
1.18011
1.16772
1.15503
1.14233
1.12329
1.1106
1.0979
1.08521
1.07281
1.06061
1.0484
1.03619
1.02429
1.01257
1.00085
0.989624
0.978394
0.962158
0.956787
0.941345
0.931335
0.926453
0.912231
0.907593
0.894348
0.890137
0.87793
0.870178
0.862854
0.855896
0.849304
0.843079
0.837219
0.831848
0.826843
0.822205
0.817932
0.814026
0.810547
0.807434
0.804688
0.802307
0.800354
0.798767
0.797485
0.796509
0.796021
0.795837
0.795898
0.796387
0.79718
0.79895
0.800415
0.802368
0.804443
0.806885
0.809509
0.812439
0.815552
0.81897
0.82251
0.828369
0.830322
0.836792
0.841187
0.845703
0.850586
0.855469
0.860352
0.865356
0.870728
0.876099
0.88147
0.886841
0.892212
0.897583
0.902954
0.908325
0.913696
0.921753
0.924438
0.932495
0.937866
0.943237
0.945923
0.953979
0.961792
0.966675
0.971558
0.97644
0.981323
0.985779
0.990173
0.994568
0.998962
1.00293
1.00684
1.01074
1.01453
1.01794
1.02136
1.02478
1.02789
1.03082
1.03375
1.03668
1.03912
1.04156
1.04279
1.04718
1.04913
1.05109
1.0528
1.05499
1.05573
1.05719
1.05865
1.05914
1.06012
1.06104
1.06128
1.06201
1.06213
1.06213
1.06213
1.06201
1.06152
1.06104
1.06055
1.05939
1.05841
1.05743
1.05646
1.05597
1.05389
1.05243
1.05096
1.04877
1.04803
1.04657
1.04376
1.04181
1.03986
1.0379
1.03595
1.034
1.03204
1.03009
1.02814
1.02618
1.02325
1.0213
1.02032
1.0174
1.01544
1.01349
1.01154
1.00958
1.00763
1.00568
1.00372
1.00177
0.999817
0.996887
0.994934
0.992981
0.992004
0.989075
0.987122
0.985168
0.983215
0.981262
0.979309
0.977356
0.975403
0.97345
0.971863
0.970398
0.968933
0.967468
0.966003
0.964539
0.963074
0.961609
0.960144
0.958679
0.957214
0.95575
0.954529
0.953552
0.952576
0.951599
0.950623
0.949646
0.948669
0.947693
0.946716
0.94574
0.945251
0.944763
0.944275
0.943787
0.943054
0.94281
0.942322
0.941833
0.941345
0.941345
0.941345
0.941345
0.941345
0.941345
0.941345
0.941345
0.941345
0.941345
0.941772
0.942261
0.942749
0.943237
0.943726
0.944214
0.944702
0.94519
0.945679
0.946167
0.946655
0.947144
0.947388
0.948364
0.949219
0.950195
0.951172
0.952148
0.953125
0.954102
0.955078
0.956055
0.957031
0.958008
0.958984
0.959961
0.960938
0.961914
0.962891
0.963867
0.964844
0.96582
0.966797
0.967773
0.96875
0.970215
0.970703
0.97168
0.972656
0.974121
0.975098
0.975708
0.976196
0.976685
0.977173
0.977661
0.978149
0.978638
0.979126
0.979614
0.980103
0.980591
0.981323
0.981812
0.982056
0.982788
0.983276
0.983765
0.984253
0.984741
0.985229
0.985718
0.986206
0.986694
0.987183
0.987427
0.987427
0.987427
0.987427
0.987427
0.987427
0.987427
0.987427
0.987427
0.987427
0.987427
0.987427
0.987427
0.987427
0.987427
0.987427
0.987427
0.987427
0.987427
0.987427
0.987427
0.987427
0.987427
0.987427
0.987427
0.987427
0.987427
0.987427
0.987427
0.987427
0.987427
0.987427
0.987427
0.987427
0.987427
0.987427
0.987427
0.987427
0.987427
0.987427
0.987122
0.986633
0.986145
0.985657
0.985168
0.98468
0.984192
0.983704
0.983215
0.982727
0.982239
0.981506
0.981018
0.98053
0.980042
0.979553
0.979065
0.978577
0.978088
0.977356
0.976868
0.976379
0.975891
0.975403
0.975037
0.975037
0.975037
0.975037
0.975037
0.975037
0.975037
0.975037
0.975037
0.975037
0.975037
0.975037
0.975037
0.975037
0.975037
0.975037
0.975037
0.975037
0.975037
0.975037
0.975037
0.975037
0.975037
0.975037
0.975037
0.975037
0.975037
0.975037
0.975037
0.975037
0.975037
0.975037
0.975037
0.975037
0.975037
0.975037
0.975037
0.975037
0.975037
0.975037
0.975037
0.975037
0.975037
0.975037
0.975037
0.975037
0.975037
0.975037
0.975037
0.975037
0.975037
0.975037
0.975037
0.975037
0.975037
0.975037
0.975037
0.975037
0.975037
0.975037
0.975037
0.975037
0.975037
0.975037
0.975037
0.975037
0.975037
0.975037
0.975037
0.975037
0.975037
0.975037
0.975037
0.975037
0.975037
0.975037
0.975037
0.975037
0.975037
0.975037
0.975037
0.975037
0.975037
0.975037
0.975037
0.975037
0.975037
0.975037
0.975037
0.975037
0.975037
0.975037
0.975037
0.975037
0.975037
0.975037
0.975037
0.975037
0.975037
0.975037
0.975037
0.975037
0.975037
0.975037
0.975037
0.975037
0.975037
0.975037
0.975037
0.975037
0.975037
0.975037
0.975037
0.975037
0.975037
0.975037
0.975037
0.975037
0.975037
0.975037
0.975037
0.975037
0.975037
0.975037
0.975037
0.975037
0.975037
0.975037
0.975037
0.975037
0.975037
0.975037
0.975037
0.975037
0.975037
0.975037
0.975037
0.975037
0.975281
0.975769
0.976257
0.976746
0.977234
0.977966
0.978455
0.978699
0.979431
0.979919
0.980408
0.980896
0.981384
0.98175
0.98175
0.98175
0.98175
0.98175
0.98175
0.98175
0.98175
0.98175
0.98175
0.98175
0.98175
0.98175
0.98175
0.98175
0.98175
0.98175
0.98175
0.98175
0.98175
0.98175
0.98175
0.98175
0.98175
0.98175
0.98175
0.98175
0.98175
0.98175
0.98175
0.98175
0.98175
0.98175
0.98175
0.98175
0.98175
0.98175
0.98175
0.98175
0.98175
0.98175
0.98175
0.98175
0.98175
0.98175
0.98175
0.98175
0.98175
0.98175
0.98175
0.98175
0.98175
0.98175
0.98175
0.98175
0.98175
0.98175
0.98175
0.98175
0.98175
0.98175
0.98175
0.98175
0.98175
0.98175
0.98175
0.98175
0.98175
0.98175
0.98175
0.98175
0.98175
0.98175
0.98175
0.98175
0.98175
0.98175
0.98175
0.98175
0.98175
0.98175
0.98175
0.98175
0.98175
0.98175
0.98175
0.98175
0.98175
0.98175
0.98175
0.98175
0.98175
0.98175
0.98175
0.98175
0.98175
0.98175
0.98175
0.98175
0.98175
0.98175
0.98175
0.98175
0.98175
0.98175
0.98175
0.98175
0.98175
0.98175
0.98175
0.98175
0.98175
0.98175
0.98175
0.98175
0.98175
0.98175
0.98175
0.98175
0.98175
0.98175
0.98175
0.98175
0.98175
0.98175
0.98175
0.98175
0.98175
0.98175
0.98175
0.98175
0.98175
0.98175
0.98175
0.98175
0.98175
0.98175
0.98175
0.98175
0.98175
0.98175
0.98175
0.98175
0.98175
0.98175
0.98175
0.98175
0.98175
0.98175
0.98175
0.98175
0.98175
0.98175
0.98175
0.98175
0.98175
0.98175
0.98175
0.98175
0.98175
0.98175
0.98175
0.98175
0.98175
0.98175
0.98175
0.98175
0.98175
0.98175
0.98175
0.98175
0.98175
0.98175
0.98175
0.98175
0.98175
0.98175
0.98175
0.98175
0.98175
0.98175
0.98175
0.98175
0.98175
0.98175
0.98175
0.98175
0.98175
0.98175
0.98175
0.98175
0.98175
0.98175
0.98175
0.98175
0.98175
0.98175
0.98175
0.98175
0.98175
0.98175
0.98175
0.98175
0.98175
0.98175
0.98175
0.98175
0.98175
0.98175
0.98175
0.98175
0.98175
0.98175
0.98175
0.98175
0.98175
0.98175
0.98175
0.98175
0.98175
0.98175
0.98175
0.98175
0.98175
0.98175
0.98175
0.98175
0.98175
0.98175
0.98175
0.98175
0.98175
0.98175
0.98175
0.98175
0.98175
0.98175
0.98175
0.98175
0.98175
0.98175
0.98175
0.98175
0.98175
0.98175
0.98175
0.98175
0.98175
0.98175
0.98175
0.98175
0.98175
0.98175
0.98175
0.98175
0.98175
0.98175
0.98175
0.98175
0.98175
0.98175
0.98175
0.98175
0.98175
0.98175
0.98175
0.98175
0.98175
0.98175
0.98175
0.98175
0.98175
0.98175
0.98175
0.98175
0.98175
0.98175
0.98175
0.98175
0.98175
0.98175
0.98175
0.98175
0.98175
0.98175
0.98175
0.98175
0.98175
0.98175
0.98175
0.98175
0.98175
0.98175
0.98175
0.98175
0.98175
0.98175
0.98175
0.98175
0.98175
0.98175
0.98175
0.98175
0.98175
0.98175
0.98175
0.98175
0.98175
0.98175
0.98175
0.98175
0.98175
0.98175
0.98175
0.98175
0.98175
0.98175
0.98175
0.98175
0.98175
0.98175
0.982117
0.982605
0.983093
0.983582
0.98407
0.984558
0.985046
0.985535
0.986023
0.986511
0.986572
0.986572
0.986572
0.986572
0.986572
0.986572
0.986572
0.986572
0.986572
0.986572
0.986572
0.986572
0.986572
0.986572
0.986572
0.986572
0.986572
0.986572
0.986572
0.986572
0.986572
0.986572
0.986572
0.986572
0.986572
0.986572
0.986572
0.986572
0.986572
0.986572
0.986572
0.986572
0.986572
0.986572
0.986572
0.986572
0.986572
0.986572
0.986572
0.986572
0.986572
0.986572
0.986572
0.986572
0.986572
0.986572
0.986572
0.986572
0.986572
0.986572
0.986572
0.986572
0.986572
0.986572
0.986572
0.986572
0.986572
0.986572
0.986572
0.986572
0.986572
0.986572
0.986572
0.986572
