0
0
0
0
0
0
0
0.00012207
0.000610352
0.00164795
0.00238037
0.0115967
0.0169067
0.0234985
0.0313721
0.0405884
0.0512695
0.0633545
0.0841064
0.0996704
0.116516
0.134644
0.154053
0.174561
0.196167
0.21875
0.242249
0.266602
0.291748
0.317505
0.343994
0.384705
0.39856
0.426453
0.454773
0.497864
0.526672
0.555908
0.585205
0.614502
0.643799
0.673096
0.701904
0.730713
0.759216
0.787537
0.815369
0.842896
0.869995
0.896667
0.922852
0.948486
0.973572
0.998108
1.02197
1.04523
1.06787
1.08972
1.11096
1.13141
1.15112
1.1701
1.18829
1.20563
1.22217
1.23792
1.25281
1.26685
1.28003
1.29236
1.30383
1.31439
1.3241
1.33295
1.341
1.34814
1.35443
1.35986
1.3645
1.36823
1.37122
1.37341
1.37482
1.37549
1.37531
1.37372
1.3728
1.36908
1.36578
1.36176
1.35712
1.35193
1.34613
1.33972
1.33276
1.32532
1.31744
1.30908
1.30029
1.29108
1.28149
1.27161
1.25616
1.25079
1.24005
1.22894
1.21771
1.20044
1.19458
1.18286
1.17114
1.15924
1.14093
1.12872
1.12262
1.11041
1.09821
1.08038
1.06866
1.06281
1.04523
1.03387
1.02264
1.01141
1.00067
0.989929
0.979553
0.969299
0.959412
0.949646
0.945007
0.922485
0.918213
0.905884
0.898071
0.890564
0.883362
0.876526
0.870056
0.863892
0.858093
0.852722
0.847717
0.843079
0.838745
0.834839
0.83136
0.828186
0.825317
0.822876
0.819824
0.818237
0.816956
0.815979
0.81543
0.815063
0.815063
0.81543
0.815918
0.816895
0.818726
0.819458
0.821167
0.824097
0.825317
0.828979
0.831848
0.834778
0.837952
0.84137
0.844788
0.848572
0.852478
0.856384
0.860413
0.864807
0.869202
0.873596
0.877991
0.882507
0.88739
0.892273
0.897156
0.902039
0.906921
0.911804
0.916687
0.92157
0.926453
0.931335
0.936218
0.941101
0.945984
0.950867
0.957947
0.960144
0.964539
0.97113
0.973328
0.979736
0.983643
0.985596
0.991455
0.9953
0.998718
1.00214
1.00555
1.00891
1.01184
1.01624
1.0177
1.02051
1.02295
1.02539
1.02905
1.03015
1.0321
1.03406
1.03601
1.03857
1.03931
1.04077
1.04297
1.04358
1.04504
1.04602
1.047
1.04767
1.04816
1.04865
1.04913
1.0495
1.0495
1.0495
1.0495
1.0495
1.04932
1.04883
1.04834
1.04785
1.04736
1.04688
1.04596
1.04498
1.04401
1.04303
1.04205
1.04108
1.0401
1.03882
1.03735
1.03589
1.03442
1.03296
1.03149
1.03003
1.02856
1.0271
1.02563
1.02417
1.02271
1.02124
1.01978
1.01758
1.01685
1.01495
1.013
1.01105
1.00812
1.00714
1.00519
1.00323
1.00128
0.998352
0.996521
0.995789
0.994324
0.992859
0.990662
0.989197
0.988464
0.987
0.984802
0.983337
0.981873
0.980408
0.978943
0.97821
0.976013
0.974548
0.973083
0.971619
0.970154
0.968689
0.967224
0.965759
0.964478
0.963501
0.962524
0.961548
0.960571
0.960083
0.958618
0.957642
0.956665
0.9552
0.954712
0.953735
0.952576
0.952332
0.951599
0.951355
0.950867
0.950134
0.94989
0.949402
0.948914
0.948425
0.947693
0.94751
0.94751
0.94751
0.94751
0.94751
0.94751
0.94751
0.94751
0.94751
0.94751
0.94751
0.94751
0.947571
0.948059
0.948547
0.949036
0.949524
0.950012
0.9505
0.950989
0.951477
0.951965
0.952454
0.952942
0.95343
0.953918
0.954407
0.954895
0.955383
0.955872
0.95636
0.956848
0.957336
0.957825
0.958313
0.958801
0.95929
0.959778
0.960266
0.960754
0.961243
0.961731
0.962463
0.962708
0.963196
0.963684
0.964172
0.964661
0.965393
0.965881
0.96637
0.966858
0.967346
0.967834
0.968323
0.968811
0.969299
0.969788
0.970276
0.970764
0.971252
0.971741
0.972229
0.972717
0.973206
0.973694
0.974182
0.97467
0.975403
0.975647
0.976135
0.976868
0.977112
0.977844
0.978088
0.978577
0.979309
0.979797
0.980286
0.98053
0.981018
0.98175
0.981995
0.982727
0.983215
0.983459
0.983459
0.983459
0.983459
0.983459
0.983459
0.983459
0.983459
0.983459
0.983459
0.983459
0.983459
0.983459
0.983459
0.983459
0.983459
0.983459
0.983459
0.983459
0.983459
0.983459
0.983459
0.983459
0.983459
0.983459
0.983459
0.983459
0.983459
0.983459
0.983459
0.983459
0.983459
0.983459
0.983459
0.983459
0.983459
0.983459
0.983459
0.983459
0.983459
0.983459
0.983459
0.983459
0.983459
0.983459
0.983459
0.983459
0.983459
0.983459
0.983459
0.983459
0.983459
0.983459
0.983459
0.983459
0.983459
0.983459
0.983459
0.983459
0.983459
0.983459
0.983459
0.983459
0.983459
0.983459
0.983459
0.983459
0.983459
0.983459
0.983459
0.983459
0.983459
0.983459
0.983459
0.983459
0.983459
0.983459
0.983459
0.983459
0.983459
0.983459
0.983459
0.983459
0.983459
0.983459
0.983459
0.983459
0.983459
0.983459
0.983459
0.983459
0.983459
0.983459
0.983459
0.983459
0.983459
0.983459
0.983459
0.983459
0.983459
0.983459
0.983459
0.983459
0.983459
0.983459
0.983459
0.983459
0.983459
0.983459
0.983459
0.983459
0.983459
0.983459
0.983459
0.983459
0.983459
0.983459
0.983459
0.983459
0.983459
0.983459
0.983459
0.983459
0.983459
0.983459
0.983459
0.983459
0.983459
0.983459
0.983459
0.983459
0.983459
0.983459
0.983459
0.983459
0.983459
0.983459
0.983459
0.983459
0.983459
0.983459
0.983459
0.983459
0.983459
0.983459
0.983459
0.983459
0.983459
0.983459
0.983459
0.983459
0.983459
0.983459
0.983459
0.983459
0.983459
0.983459
0.983459
0.983459
0.983459
0.983459
0.983459
0.983459
0.983459
0.983459
0.983459
0.983459
0.983459
0.983459
0.983459
0.983459
0.983459
0.983459
0.983459
0.983459
0.983459
0.983459
0.983459
0.983459
0.983459
0.983459
0.983459
0.983459
0.983459
0.983459
0.983459
0.983459
0.983459
0.983459
0.983459
0.983459
0.983459
0.983459
0.983459
0.983459
0.983459
0.983459
0.983459
0.983459
0.983459
0.983459
0.983459
0.983459
0.983459
0.983459
0.983459
0.983459
0.983459
0.983459
0.983459
0.983459
0.983459
0.983459
0.983459
0.983459
0.983459
0.983459
0.983459
0.983459
0.983459
0.983459
0.983459
0.983459
0.983459
0.983459
0.983459
0.983459
0.983459
0.983459
0.983459
0.983459
0.983459
0.983459
0.983459
0.983459
0.983459
0.983459
0.983459
0.983459
0.983459
0.983459
0.983459
0.983459
0.983459
0.983459
0.983459
0.983459
0.983459
0.983459
0.983459
0.983459
0.983459
0.983459
0.983459
0.983459
0.983459
0.983459
0.983459
0.983459
0.983459
0.983459
0.983459
0.983459
0.983459
0.983459
0.983459
0.983459
0.983459
0.983459
0.983459
0.983459
0.983459
0.983459
0.983459
0.983459
0.983459
0.983459
0.983459
0.983459
0.983459
0.983459
0.983459
0.983459
0.983459
0.983459
0.983459
0.983459
0.983459
0.983459
0.983459
0.983459
0.983459
0.983459
0.983459
0.983459
0.983459
0.983459
0.983459
0.983459
0.983459
0.983459
0.983459
0.983459
0.983459
0.983459
0.983459
0.983459
0.983459
0.983459
0.983459
0.983459
0.983459
0.983459
0.983459
0.983459
0.983459
0.983459
0.983459
0.983459
0.983459
0.983459
0.983459
0.983459
0.983459
0.983459
0.983459
0.983459
0.983459
0.983459
0.983459
0.983459
0.983459
0.983459
0.983459
0.983459
0.983459
0.983459
0.983459
0.983459
0.983459
0.983459
0.983459
0.983459
0.983459
0.983459
0.983459
0.983459
0.983459
0.983459
0.983459
0.983459
0.983459
0.983459
0.983459
0.983459
0.983459
0.983459
0.983459
0.983459
0.983459
0.983459
0.983459
0.983459
0.983459
0.983459
0.983459
0.983459
0.983459
0.983459
0.983459
0.983459
0.983459
0.983459
0.983459
0.983459
0.983459
0.983459
0.983459
0.983459
0.983459
0.983459
0.983459
0.983459
0.983459
0.983459
0.983459
0.983459
0.983459
0.983459
0.983459
0.983459
0.983459
0.983459
0.983459
0.983459
0.983459
0.983459
0.983459
0.983459
0.983459
0.983459
0.983459
0.983459
0.983459
0.983459
0.983459
0.983459
0.983459
0.983459
0.983459
0.983459
0.983459
0.983459
0.983459
0.983459
0.983459
0.983459
0.983459
0.983459
0.983459
0.983459
0.983459
0.983459
0.983459
0.983459
0.983459
0.983459
0.983459
0.983459
0.983459
0.983459
0.983459
0.983459
0.983459
0.983459
0.983459
0.983459
0.983459
0.983459
0.983459
0.983459
0.983459
0.983459
0.983459
0.983459
0.983459
0.983459
0.983459
0.983459
0.983459
0.983459
0.983459
0.983459
0.983459
0.983459
0.983459
0.983459
0.983459
0.983459
0.983459
0.983459
0.983459
0.983459
0.983459
0.983459
0.983459
0.983459
0.983459
0.983459
0.983459
0.983459
0.983459
0.983459
0.983459
0.983459
0.983459
0.983459
0.983459
0.983459
0.983459
0.983459
0.983459
0.983459
0.983459
0.983459
0.983459
0.983459
0.983459
0.983459
0.983459
0.983459
0.983459
0.983459
0.983459
0.983459
0.983459
0.983459
0.983459
0.983459
0.983459
0.983459
0.983459
0.983459
0.983459
0.983459
0.983459
0.983459
0.983459
0.983459
0.983459
0.983459
0.983459
0.983459
0.983459
0.983459
0.983459
0.983459
0.983459
0.983459
0.983459
0.983459
0.983459
0.983459
0.983459
0.983459
0.983459
0.983459
0.983459
0.983459
0.983459
0.983459
0.983459
0.983459
0.983459
0.983459
0.983459
0.983459
0.983459
0.983459
0.983459
0.983459
0.983459
0.983459
0.983459
0.983459
0.983459
0.983459
0.983459
0.983459
0.983459
0.983459
0.983459
0.983459
0.983459
0.983459
0.983459
0.983459
0.983459
0.983459
0.983459
0.983459
0.983459
0.983459
0.983459
0.983459
0.983459
0.983459
0.983459
0.983459
0.983459
0.983459
0.983459
0.983459
0.983459
0.983459
0.983459
0.983459
0.983459
0.983459
0.983459
0.983459
0.983459
0.983459
0.983459
0.983459
0.983459
0.983459
0.983459
0.983459
0.983459
0.983459
0.983459
0.983459
0.983459
0.983459
0.983459
