0
0
0
0
0
0
0
0
0.000366211
0.00109863
0.00109863
0.00756836
0.00946045
0.0140991
0.0234985
0.0313721
0.0405884
0.0457764
0.0571289
0.0768433
0.0917358
0.0996704
0.125427
0.144104
0.153931
0.184998
0.20697
0.229919
0.253662
0.278259
0.303589
0.32959
0.356201
0.383301
0.383301
0.467102
0.495605
0.524414
0.553223
0.582031
0.61084
0.639648
0.668457
0.697266
0.726074
0.754395
0.796509
0.824219
0.851562
0.878418
0.904846
0.930847
0.956299
0.981201
1.00549
1.02917
1.05225
1.07452
1.09619
1.117
1.13721
1.15656
1.17517
1.19293
1.20984
1.22595
1.24127
1.25568
1.26923
1.28192
1.29376
1.30475
1.31952
1.32404
1.33246
1.34003
1.34668
1.3551
1.35748
1.3634
1.36499
1.36853
1.36981
1.37048
1.3703
1.36945
1.3678
1.36554
1.36249
1.35883
1.35461
1.34973
1.34424
1.3382
1.33167
1.32458
1.31702
1.30902
1.3006
1.29181
1.28253
1.27289
1.263
1.25275
1.24225
1.23151
1.22046
1.20923
1.198
1.18628
1.1687
1.16284
1.15112
1.13928
1.12708
1.10876
1.09656
1.09064
1.07306
1.06134
1.04962
1.0379
1.02661
1.01538
1.00421
0.993469
0.982727
0.972412
0.962158
0.952332
0.942566
0.933289
0.924194
0.915405
0.906982
0.898804
0.890991
0.883545
0.872986
0.869568
0.860046
0.854187
0.851379
0.843506
0.841064
0.834229
0.8302
0.826477
0.82312
0.82019
0.817627
0.815369
0.813416
0.811951
0.810791
0.809875
0.809387
0.809204
0.809265
0.809998
0.810974
0.811462
0.812866
0.814392
0.816345
0.819641
0.822083
0.82489
0.82782
0.830994
0.834412
0.83783
0.841736
0.845642
0.851746
0.85614
0.858337
0.864929
0.867126
0.872009
0.879333
0.881775
0.886658
0.891541
0.896423
0.903748
0.906189
0.911072
0.918396
0.923279
0.928162
0.933044
0.937927
0.94281
0.947693
0.952576
0.957458
0.962097
0.966492
0.970886
0.975281
0.979675
0.983643
0.987549
0.991455
0.995361
0.99884
1.00226
1.00568
1.00909
1.01208
1.01501
1.01794
1.02087
1.02338
1.02582
1.02826
1.0307
1.03271
1.03467
1.03662
1.03857
1.0401
1.04156
1.04376
1.0451
1.04559
1.04657
1.04755
1.04895
1.04919
1.04968
1.05017
1.0509
1.05103
1.05103
1.05103
1.05103
1.05096
1.05048
1.04999
1.0495
1.04901
1.04852
1.04767
1.04669
1.04572
1.04474
1.04376
1.04279
1.04181
1.04041
1.03894
1.03674
1.03601
1.03455
1.03235
1.03162
1.03015
1.02869
1.02722
1.02576
1.02429
1.02283
1.0202
1.01825
1.01727
1.01532
1.01337
1.01044
1.00848
1.00751
1.00458
1.00262
1.00067
0.998718
0.996765
0.994812
0.99292
0.991455
0.98999
0.988525
0.987061
0.985596
0.984131
0.982666
0.981201
0.979736
0.978271
0.976807
0.975342
0.973877
0.972412
0.970947
0.969482
0.968018
0.966553
0.965088
0.963806
0.96283
0.961853
0.960876
0.9599
0.958923
0.957947
0.95697
0.955994
0.955017
0.954041
0.953064
0.952148
0.95166
0.951172
0.950684
0.950195
0.949707
0.949219
0.94873
0.947998
0.947754
0.947266
0.946838
0.946838
0.946838
0.946838
0.946838
0.946838
0.946838
0.946838
0.946838
0.946838
0.946838
0.946838
0.947021
0.94751
0.947998
0.948242
0.948975
0.949463
0.949951
0.950439
0.950928
0.951416
0.951904
0.952393
0.952881
0.953369
0.953857
0.954346
0.954834
0.955322
0.955811
0.956299
0.956543
0.957275
0.957764
0.958252
0.95874
0.959229
0.959717
0.960205
0.960693
0.961182
0.96167
0.962158
0.962646
0.963135
0.963623
0.964111
0.9646
0.965088
0.965576
0.966064
0.966553
0.967041
0.967529
0.968018
0.968506
0.968994
0.969482
0.969971
0.970459
0.970947
0.971436
0.971924
0.972412
0.9729
0.973633
0.973877
0.974609
0.975098
0.975586
0.97583
0.976562
0.977051
0.977539
0.978027
0.978516
0.979004
0.979492
0.97998
0.980469
0.980957
0.981445
0.981934
0.982422
0.98291
0.983398
0.983459
0.983459
0.983459
0.983459
0.983459
0.983459
0.983459
0.983459
0.983459
0.983459
0.983459
0.983459
0.983459
0.983459
0.983459
0.983459
0.983459
0.983459
0.983459
0.983459
0.983459
0.983459
0.983459
0.983459
0.983459
0.983459
0.983459
0.983459
0.983459
0.983459
0.983459
0.983459
0.983459
0.983459
0.983459
0.983459
0.983459
0.983459
0.983459
0.983459
0.983459
0.983459
0.983459
0.983459
0.983459
0.983459
0.983459
0.983459
0.983459
0.983459
0.983459
0.983459
0.983459
0.983459
0.983459
0.983459
0.983459
0.983459
0.983459
0.983459
0.983459
0.983459
0.983459
0.983459
0.983459
0.983459
0.983459
0.983459
0.983459
0.983459
0.983459
0.983459
0.983459
0.983459
0.983459
0.983459
0.983459
0.983459
0.983459
0.983459
0.983459
0.983459
0.983459
0.983459
0.983459
0.983459
0.983459
0.983459
0.983459
0.983459
0.983459
0.983459
0.983459
0.983459
0.983459
0.983459
0.983459
0.983459
0.983459
0.983459
0.983459
0.983459
0.983459
0.983459
0.983459
0.983459
0.983459
0.983459
0.983459
0.983459
0.983459
0.983459
0.983459
0.983459
0.983459
0.983459
0.983459
0.983459
0.983459
0.983459
0.983459
0.983459
0.983459
0.983459
0.983459
0.983459
0.983459
0.983459
0.983459
0.983459
0.983459
0.983459
0.983459
0.983459
0.983459
0.983459
0.983459
0.983459
0.983459
0.983459
0.983459
0.983459
0.983459
0.983459
0.983459
0.983459
0.983459
0.983459
0.983459
0.983459
0.983459
0.983459
0.983459
0.983459
0.983459
0.983459
0.983459
0.983459
0.983459
0.983459
0.983459
0.983459
0.983459
0.983459
0.983459
0.983459
0.983459
0.983459
0.983459
0.983459
0.983459
0.983459
0.983459
0.983459
0.983459
0.983459
0.983459
0.983459
0.983459
0.983459
0.983459
0.983459
0.983459
0.983459
0.983459
0.983459
0.983459
0.983459
0.983459
0.983459
0.983459
0.983459
0.983459
0.983459
0.983459
0.983459
0.983459
0.983459
0.983459
0.983459
0.983459
0.983459
0.983459
0.983459
0.983459
0.983459
0.983459
0.983459
0.983459
0.983459
0.983459
0.983459
0.983459
0.983459
0.983459
0.983459
0.983459
0.983459
0.983459
0.983459
0.983459
0.983459
0.983459
0.983459
0.983459
0.983459
0.983459
0.983459
0.983459
0.983459
0.983459
0.983459
0.983459
0.983459
0.983459
0.983459
0.983459
0.983459
0.983459
0.983459
0.983459
0.983459
0.983459
0.983459
0.983459
0.983459
0.983459
0.983459
0.983459
0.983459
0.983459
0.983459
0.983459
0.983459
0.983459
0.983459
0.983459
0.983459
0.983459
0.983459
0.983459
0.983459
0.983459
0.983459
0.983459
0.983459
0.983459
0.983459
0.983459
0.983459
0.983459
0.983459
0.983459
0.983459
0.983459
0.983459
0.983459
0.983459
0.983459
0.983459
0.983459
0.983459
0.983459
0.983459
0.983459
0.983459
0.983459
0.983459
0.983459
0.983459
0.983459
0.983459
0.983459
0.983459
0.983459
0.983459
0.983459
0.983459
0.983459
0.983459
0.983459
0.983459
0.983459
0.983459
0.983459
0.983459
0.983459
0.983459
0.983459
0.983459
0.983459
0.983459
0.983459
0.983459
0.983459
0.983459
0.983459
0.983459
0.983459
0.983459
0.983459
0.983459
0.983459
0.983459
0.983459
0.983459
0.983459
0.983459
0.983459
0.983459
0.983459
0.983459
0.983459
0.983459
0.983459
0.983459
0.983459
0.983459
0.983459
0.983459
0.983459
0.983459
0.983459
0.983459
0.983459
0.983459
0.983459
0.983459
0.983459
0.983459
0.983459
0.983459
0.983459
0.983459
0.983459
0.983459
0.983459
0.983459
0.983459
0.983459
0.983459
0.983459
0.983459
0.983459
0.983459
0.983459
0.983459
0.983459
0.983459
0.983459
0.983459
0.983459
0.983459
0.983459
0.983459
0.983459
0.983459
0.983459
0.983459
0.983459
0.983459
0.983459
0.983459
0.983459
0.983459
0.983459
0.983459
0.983459
0.983459
0.983459
0.983459
0.983459
0.983459
0.983459
0.983459
0.983459
0.983459
0.983459
0.983459
0.983459
0.983459
0.983459
0.983459
0.983459
0.983459
0.983459
0.983459
0.983459
0.983459
0.983459
0.983459
0.983459
0.983459
0.983459
0.983459
0.983459
0.983459
0.983459
0.983459
0.983459
0.983459
0.983459
0.983459
0.983459
0.983459
0.983459
0.983459
0.983459
0.983459
0.983459
0.983459
0.983459
0.983459
0.983459
0.983459
0.983459
0.983459
0.983459
0.983459
0.983459
0.983459
0.983459
0.983459
0.983459
0.983459
0.983459
0.983459
0.983459
0.983459
0.983459
0.983459
0.983459
0.983459
0.983459
0.983459
0.983459
0.983459
0.983459
0.983459
0.983459
0.983459
0.983459
0.983459
0.983459
0.983459
0.983459
0.983459
0.983459
0.983459
0.983459
0.983459
0.983459
0.983459
0.983459
0.983459
0.983459
0.983459
0.983459
0.983459
0.983459
0.983459
0.983459
0.983459
0.983459
0.983459
0.983459
0.983459
0.983459
0.983459
0.983459
0.983459
0.983459
0.983459
0.983459
0.983459
0.983459
0.983459
0.983459
0.983459
0.983459
0.983459
0.983459
0.983459
0.983459
0.983459
0.983459
0.983459
0.983459
0.983459
0.983459
0.983459
0.983459
0.983459
0.983459
0.983459
0.983459
0.983459
0.983459
0.983459
0.983459
0.983459
0.983459
0.983459
0.983459
0.983459
0.983459
0.983459
0.983459
0.983459
0.983459
0.983459
0.983459
0.983459
0.983459
0.983459
0.983459
0.983459
0.983459
0.983459
0.983459
0.983459
0.983459
0.983459
0.983459
0.983459
0.983459
0.983459
0.983459
0.983459
0.983459
0.983459
0.983459
0.983459
0.983459
0.983459
0.983459
0.983459
0.983459
0.983459
0.983459
0.983459
0.983459
0.983459
0.983459
0.983459
0.983459
0.983459
0.983459
0.983459
0.983459
0.983459
0.983459
0.983459
0.983459
0.983459
0.983459
0.983459
0.983459
0.983459
0.983459
0.983459
0.983459
0.983459
0.983459
0.983459
0.983459
0.983459
0.983459
0.983459
0.983459
0.983459
0.983459
