0
0
0
0
0
0
0
0.00012207
0.000366211
0.00164795
0.00238037
0.0045166
0.00946045
0.0140991
0.0200195
0.0272827
0.0358276
0.0457764
0.0571289
0.0698853
0.0841064
0.0996704
0.116516
0.134644
0.153992
0.174438
0.195923
0.218384
0.241821
0.266052
0.291138
0.316833
0.343201
0.370178
0.397644
0.425476
0.453796
0.482361
0.525574
0.540039
0.569336
0.598633
0.62793
0.671875
0.700684
0.729492
0.758057
0.786377
0.814331
0.841919
0.86908
0.895752
0.921936
0.947571
0.972595
0.997009
1.02075
1.04388
1.07733
1.08807
1.10913
1.12939
1.15845
1.17682
1.1944
1.21118
1.21924
1.24219
1.25647
1.2699
1.28241
1.29407
1.30487
1.31482
1.32385
1.33203
1.33936
1.34589
1.3515
1.35626
1.36023
1.36469
1.36658
1.36725
1.36816
1.36786
1.36676
1.36499
1.36255
1.35938
1.35565
1.35126
1.34625
1.3407
1.33459
1.32794
1.3208
1.31317
1.30511
1.29663
1.28778
1.2785
1.26398
1.25385
1.24872
1.23279
1.22198
1.21075
1.19952
1.18811
1.17639
1.16467
1.15295
1.14124
1.12366
1.1178
1.10608
1.09436
1.08264
1.07092
1.0592
1.04224
1.03662
1.02539
1.00909
1.00372
0.987915
0.977661
0.967651
0.957886
0.948364
0.939087
0.930176
0.921387
0.913086
0.905029
0.897217
0.889893
0.882812
0.876038
0.86969
0.863708
0.858032
0.852661
0.847778
0.843201
0.838928
0.835022
0.831543
0.828308
0.825378
0.822937
0.820801
0.818909
0.817444
0.816345
0.815247
0.815002
0.814819
0.81488
0.815369
0.816528
0.817566
0.819031
0.819763
0.821655
0.824768
0.827209
0.829773
0.832703
0.835632
0.838989
0.842407
0.845947
0.849854
0.85376
0.857666
0.862
0.866394
0.870789
0.875183
0.8797
0.887024
0.889465
0.894348
0.89679
0.904114
0.908997
0.913879
0.918762
0.923645
0.928528
0.933411
0.938293
0.943176
0.948059
0.9552
0.959595
0.963989
0.968384
0.972778
0.977112
0.981018
0.984924
0.988831
0.992737
0.996155
0.999573
1.00299
1.00641
1.00934
1.01227
1.0152
1.01807
1.02051
1.02295
1.02539
1.02777
1.02972
1.03168
1.03363
1.03558
1.03705
1.03851
1.03998
1.04144
1.04248
1.04346
1.04443
1.04541
1.04608
1.04657
1.04706
1.04755
1.04803
1.04803
1.04803
1.04803
1.04803
1.04797
1.04749
1.047
1.04651
1.04602
1.04553
1.04486
1.04388
1.04291
1.04193
1.04095
1.03998
1.039
1.03802
1.03662
1.03516
1.03369
1.03223
1.03076
1.0293
1.02783
1.02637
1.02417
1.02344
1.02197
1.02051
1.01831
1.01758
1.01611
1.01465
1.01318
1.01172
1.01025
1.00879
1.00732
1.00586
1.00439
1.00293
1.00146
1
0.998535
0.99707
0.994873
0.993408
0.991943
0.990479
0.989014
0.987549
0.986084
0.984619
0.983154
0.981689
0.980225
0.97876
0.977295
0.97583
0.974365
0.9729
0.971436
0.969971
0.968506
0.967041
0.965881
0.964905
0.963928
0.962952
0.961975
0.96051
0.960022
0.958557
0.957581
0.956604
0.955627
0.954651
0.953857
0.953369
0.952881
0.952393
0.951904
0.951172
0.950684
0.950195
0.949707
0.949219
0.948608
0.948608
0.948608
0.948608
0.948608
0.948608
0.948608
0.948608
0.948608
0.948608
0.948608
0.948608
0.948608
0.948975
0.949463
0.949951
0.950439
0.950928
0.951416
0.951904
0.952393
0.952881
0.953369
0.953857
0.954346
0.954834
0.955322
0.955811
0.956299
0.956787
0.957275
0.958008
0.958496
0.958984
0.959473
0.959961
0.960449
0.960938
0.961426
0.961914
0.962402
0.962891
0.963379
0.963867
0.964355
0.964844
0.965332
0.96582
0.966309
0.966797
0.967285
0.967773
0.968262
0.96875
0.969482
0.969971
0.970459
0.970947
0.971436
0.971924
0.972656
0.9729
0.973389
0.974121
0.974609
0.975098
0.975586
0.976074
0.976562
0.977051
0.977539
0.978027
0.97876
0.979004
0.979492
0.97998
0.980469
0.981201
0.981689
0.981934
0.982666
0.98291
0.983215
0.983215
0.983215
0.983215
0.983215
0.983215
0.983215
0.983215
0.983215
0.983215
0.983215
0.983215
0.983215
0.983215
0.983215
0.983215
0.983215
0.983215
0.983215
0.983215
0.983215
0.983215
0.983215
0.983215
0.983215
0.983215
0.983215
0.983215
0.983215
0.983215
0.983215
0.983215
0.983215
0.983215
0.983215
0.983215
0.983215
0.983215
0.983215
0.983215
0.983215
0.983215
0.983215
0.983215
0.983215
0.983215
0.983215
0.983215
0.983215
0.983215
0.983215
0.983215
0.983215
0.983215
0.983215
0.983215
0.983215
0.983215
0.983215
0.983215
0.983215
0.983215
0.983215
0.983215
0.983215
0.983215
0.983215
0.983215
0.983215
0.983215
0.983215
0.983215
0.983215
0.983215
0.983215
0.983215
0.983215
0.983215
0.983215
0.983215
0.983215
0.983215
0.983215
0.983215
0.983215
0.983215
0.983215
0.983215
0.983215
0.983215
0.983215
0.983215
0.983215
0.983215
0.983215
0.983215
0.983215
0.983215
0.983215
0.983215
0.983215
0.983215
0.983215
0.983215
0.983215
0.983215
0.983215
0.983215
0.983215
0.983215
0.983215
0.983215
0.983215
0.983215
0.983215
0.983215
0.983215
0.983215
0.983215
0.983215
0.983215
0.983215
0.983215
0.983215
0.983215
0.983215
0.983215
0.983215
0.983215
0.983215
0.983215
0.983215
0.983215
0.983215
0.983215
0.983215
0.983215
0.983215
0.983215
0.983215
0.983215
0.983215
0.983215
0.983215
0.983215
0.983215
0.983215
0.983215
0.983215
0.983215
0.983215
0.983215
0.983215
0.983215
0.983215
0.983215
0.983215
0.983215
0.983215
0.983215
0.983215
0.983215
0.983215
0.983215
0.983215
0.983215
0.983215
0.983215
0.983215
0.983215
0.983215
0.983215
0.983215
0.983215
0.983215
0.983215
0.983215
0.983215
0.983215
0.983215
0.983215
0.983215
0.983215
0.983215
0.983215
0.983215
0.983215
0.983215
0.983215
0.983215
0.983215
0.983215
0.983215
0.983215
0.983215
0.983215
0.983215
0.983215
0.983215
0.983215
0.983215
0.983215
0.983215
0.983215
0.983215
0.983215
0.983215
0.983215
0.983215
0.983215
0.983215
0.983215
0.983215
0.983215
0.983215
0.983215
0.983215
0.983215
0.983215
0.983215
0.983215
0.983215
0.983215
0.983215
0.983215
0.983215
0.983215
0.983215
0.983215
0.983215
0.983215
0.983215
0.983215
0.983215
0.983215
0.983215
0.983215
0.983215
0.983215
0.983215
0.983215
0.983215
0.983215
0.983215
0.983215
0.983215
0.983215
0.983215
0.983215
0.983215
0.983215
0.983215
0.983215
0.983215
0.983215
0.983215
0.983215
0.983215
0.983215
0.983215
0.983215
0.983215
0.983215
0.983215
0.983215
0.983215
0.983215
0.983215
0.983215
0.983215
0.983215
0.983215
0.983215
0.983215
0.983215
0.983215
0.983215
0.983215
0.983215
0.983215
0.983215
0.983215
0.983215
0.983215
0.983215
0.983215
0.983215
0.983215
0.983215
0.983215
0.983215
0.983215
0.983215
0.983215
0.983215
0.983215
0.983215
0.983215
0.983215
0.983215
0.983215
0.983215
0.983215
0.983215
0.983215
0.983215
0.983215
0.983215
0.983215
0.983215
0.983215
0.983215
0.983215
0.983215
0.983215
0.983215
0.983215
0.983215
0.983215
0.983215
0.983215
0.983215
0.983215
0.983215
0.983215
0.983215
0.983215
0.983215
0.983215
0.983215
0.983215
0.983215
0.983215
0.983215
0.983215
0.983215
0.983215
0.983215
0.983215
0.983215
0.983215
0.983215
0.983215
0.983215
0.983215
0.983215
0.983215
0.983215
0.983215
0.983215
0.983215
0.983215
0.983215
0.983215
0.983215
0.983215
0.983215
0.983215
0.983215
0.983215
0.983215
0.983215
0.983215
0.983215
0.983215
0.983215
0.983215
0.983215
0.983215
0.983215
0.983215
0.983215
0.983215
0.983215
0.983215
0.983215
0.983215
0.983215
0.983215
0.983215
0.983215
0.983215
0.983215
0.983215
0.983215
0.983215
0.983215
0.983215
0.983215
0.983215
0.983215
0.983215
0.983215
0.983215
0.983215
0.983215
0.983215
0.983215
0.983215
0.983215
0.983215
0.983215
0.983215
0.983215
0.983215
0.983215
0.983215
0.983215
0.983215
0.983215
0.983215
0.983215
0.983215
0.983215
0.983215
0.983215
0.983215
0.983215
0.983215
0.983215
0.983215
0.983215
0.983215
0.983215
0.983215
0.983215
0.983215
0.983215
0.983215
0.983215
0.983215
0.983215
0.983215
0.983215
0.983215
0.983215
0.983215
0.983215
0.983215
0.983215
0.983215
0.983215
0.983215
0.983215
0.983215
0.983215
0.983215
0.983215
0.983215
0.983215
0.983215
0.983215
0.983215
0.983215
0.983215
0.983215
0.983215
0.983215
0.983215
0.983215
0.983215
0.983215
0.983215
0.983215
0.983215
0.983215
0.983215
0.983215
0.983215
0.983215
0.983215
0.983215
0.983215
0.983215
0.983215
0.983215
0.983215
0.983215
0.983215
0.983215
0.983215
0.983215
0.983215
0.983215
0.983215
0.983215
0.983215
0.983215
0.983215
0.983215
0.983215
0.983215
0.983215
0.983215
0.983215
0.983215
0.983215
0.983215
0.983215
0.983215
0.983215
0.983215
0.983215
0.983215
0.983215
0.983215
0.983215
0.983215
0.983215
0.983215
0.983215
0.983215
0.983215
0.983215
0.983215
0.983215
0.983215
0.983215
0.983215
0.983215
0.983215
0.983215
0.983215
0.983215
0.983215
0.983215
0.983215
0.983215
0.983215
0.983215
0.983215
0.983215
0.983215
0.983215
0.983215
0.983215
0.983215
0.983215
0.983215
0.983215
0.983215
0.983215
0.983215
0.983215
0.983215
0.983215
0.983215
0.983215
0.983215
0.983215
0.983215
0.983215
0.983215
0.983215
0.983215
0.983215
0.983215
0.983215
0.983215
0.983215
0.983215
0.983215
0.983215
0.983215
0.983215
0.983215
0.983215
0.983215
0.983215
0.983215
0.983215
0.983215
0.983215
0.983215
0.983215
0.983215
0.983337
0.983826
0.984314
0.984802
0.985535
0.985779
0.986511
0.986755
0.987244
0.987793
0.987793
0.987793
0.987793
0.987793
0.987793
0.987793
0.987793
0.987793
0.987793
