0
0
0
0
0
0
0
0.000366211
0.00109863
0.00164795
0.00335693
0.00592041
0.00946045
0.0169067
0.0200195
0.0313721
0.0405884
0.0512695
0.0633545
0.0768433
0.0917358
0.10791
0.125427
0.144104
0.164001
0.184937
0.206909
0.229797
0.25354
0.278137
0.303406
0.329407
0.356018
0.383118
0.410706
0.438721
0.467041
0.495789
0.524597
0.553772
0.583069
0.612366
0.641663
0.670959
0.700256
0.729065
0.757874
0.800537
0.814697
0.842529
0.883606
0.910461
0.936768
0.949707
0.97522
1.01233
1.03638
1.05963
1.08228
1.10406
1.12518
1.14551
1.16498
1.18372
1.20154
1.21857
1.23474
1.25006
1.26447
1.27795
1.29059
1.30231
1.31317
1.32312
1.33215
1.34033
1.3476
1.35687
1.35956
1.36426
1.3681
1.37115
1.37415
1.37476
1.37543
1.37524
1.37439
1.3717
1.37048
1.36572
1.36169
1.35706
1.35187
1.34607
1.33966
1.33276
1.32538
1.3175
1.3092
1.30042
1.29126
1.28174
1.27197
1.26172
1.25128
1.24054
1.22961
1.21838
1.20715
1.1955
1.18378
1.17206
1.16034
1.14862
1.1366
1.12439
1.11218
1.1004
1.08868
1.07697
1.06525
1.05353
1.04205
1.03082
1.01959
1.00867
0.997925
0.987244
0.97699
0.966736
0.95697
0.947205
0.937927
0.928772
0.919983
0.911499
0.903198
0.895386
0.887817
0.880493
0.873657
0.863953
0.860901
0.855042
0.849609
0.844482
0.837463
0.835266
0.829285
0.825867
0.822754
0.818726
0.817505
0.815491
0.813049
0.81189
0.810974
0.81073
0.810303
0.810364
0.810852
0.811584
0.812561
0.813965
0.815491
0.817444
0.819519
0.82196
0.824463
0.827393
0.830322
0.833679
0.837097
0.840698
0.844604
0.848511
0.8526
0.856995
0.861389
0.865784
0.870361
0.875244
0.880127
0.88501
0.889893
0.894775
0.899658
0.904541
0.909424
0.914307
0.919373
0.924255
0.929138
0.934021
0.938904
0.943787
0.948669
0.955994
0.958435
0.963318
0.967712
0.972107
0.976501
0.980896
0.985046
0.988953
0.994812
0.998718
1.0022
1.00562
1.00732
1.01245
1.01538
1.01831
1.02124
1.02405
1.02649
1.02893
1.03137
1.03363
1.03558
1.03754
1.03851
1.0412
1.04266
1.04413
1.04559
1.04675
1.04822
1.04871
1.04968
1.0506
1.05084
1.05157
1.05206
1.05206
1.05206
1.05206
1.05206
1.05182
1.05133
1.05084
1.05035
1.04987
1.04919
1.04822
1.04724
1.04626
1.04529
1.04431
1.04333
1.04205
1.04059
1.03912
1.03766
1.03619
1.03473
1.03326
1.0318
1.03033
1.02887
1.0274
1.02594
1.02448
1.02264
1.02069
1.01874
1.01678
1.01483
1.01288
1.01093
1.00897
1.00702
1.00507
1.00311
1.00116
0.999207
0.997253
0.9953
0.993347
0.991394
0.989624
0.987427
0.986694
0.985229
0.983032
0.9823
0.980103
0.978638
0.977173
0.975708
0.974243
0.972778
0.971313
0.969849
0.968384
0.966919
0.965454
0.963989
0.962891
0.961914
0.960938
0.959961
0.958984
0.958008
0.957031
0.956055
0.955078
0.954102
0.953125
0.952148
0.95166
0.950928
0.950684
0.950195
0.949707
0.949219
0.948486
0.947998
0.94751
0.947021
0.946899
0.946899
0.946899
0.946899
0.946899
0.946899
0.946899
0.946899
0.946899
0.946899
0.946899
0.946899
0.947266
0.947754
0.948242
0.94873
0.949219
0.949707
0.950195
0.950684
0.951172
0.95166
0.952148
0.952637
0.953125
0.953613
0.954102
0.95459
0.955078
0.955566
0.956299
0.956543
0.957031
0.957764
0.958008
0.95874
0.959229
0.959717
0.960205
0.960693
0.961182
0.96167
0.962158
0.962646
0.963135
0.963623
0.964111
0.9646
0.965088
0.965576
0.966064
0.966553
0.967041
0.967529
0.968018
0.968506
0.968994
0.969482
0.969971
0.970459
0.970947
0.971436
0.971924
0.972412
0.9729
0.973389
0.974121
0.974609
0.975098
0.975586
0.97583
0.976318
0.976807
0.977539
0.978027
0.978516
0.97876
0.979492
0.97998
0.980469
0.980957
0.981445
0.981934
0.982422
0.98291
0.983398
0.983398
0.983398
0.983398
0.983398
0.983398
0.983398
0.983398
0.983398
0.983398
0.983398
0.983398
0.983398
0.983398
0.983398
0.983398
0.983398
0.983398
0.983398
0.983398
0.983398
0.983398
0.983398
0.983398
0.983398
0.983398
0.983398
0.983398
0.983398
0.983398
0.983398
0.983398
0.983398
0.983398
0.983398
0.983398
0.983398
0.983398
0.983398
0.983398
0.983398
0.983398
0.983398
0.983398
0.983398
0.983398
0.983398
0.983398
0.983398
0.983398
0.983398
0.983398
0.983398
0.983398
0.983398
0.983398
0.983398
0.983398
0.983398
0.983398
0.983398
0.983398
0.983398
0.983398
0.983398
0.983398
0.983398
0.983398
0.983398
0.983398
0.983398
0.983398
0.983398
0.983398
0.983398
0.983398
0.983398
0.983398
0.983398
0.983398
0.983398
0.983398
0.983398
0.983398
0.983398
0.983398
0.983398
0.983398
0.983398
0.983398
0.983398
0.983398
0.983398
0.983398
0.983398
0.983398
0.983398
0.983398
0.983398
0.983398
0.983398
0.983398
0.983398
0.983398
0.983398
0.983398
0.983398
0.983398
0.983398
0.983398
0.983398
0.983398
0.983398
0.983398
0.983398
0.983398
0.983398
0.983398
0.983398
0.983398
0.983398
0.983398
0.983398
0.983398
0.983398
0.983398
0.983398
0.983398
0.983398
0.983398
0.983398
0.983398
0.983398
0.983398
0.983398
0.983398
0.983398
0.983398
0.983398
0.983398
0.983398
0.983398
0.983398
0.983398
0.983398
0.983398
0.983398
0.983398
0.983398
0.983398
0.983398
0.983398
0.983398
0.983398
0.983398
0.983398
0.983398
0.983398
0.983398
0.983398
0.983398
0.983398
0.983398
0.983398
0.983398
0.983398
0.983398
0.983398
0.983398
0.983398
0.983398
0.983398
0.983398
0.983398
0.983398
0.983398
0.983398
0.983398
0.983398
0.983398
0.983398
0.983398
0.983398
0.983398
0.983398
0.983398
0.983398
0.983398
0.983398
0.983398
0.983398
0.983398
0.983398
0.983398
0.983398
0.983398
0.983398
0.983398
0.983398
0.983398
0.983398
0.983398
0.983398
0.983398
0.983398
0.983398
0.983398
0.983398
0.983398
0.983398
0.983398
0.983398
0.983398
0.983398
0.983398
0.983398
0.983398
0.983398
0.983398
0.983398
0.983398
0.983398
0.983398
0.983398
0.983398
0.983398
0.983398
0.983398
0.983398
0.983398
0.983398
0.983398
0.983398
0.983398
0.983398
0.983398
0.983398
0.983398
0.983398
0.983398
0.983398
0.983398
0.983398
0.983398
0.983398
0.983398
0.983398
0.983398
0.983398
0.983398
0.983398
0.983398
0.983398
0.983398
0.983398
0.983398
0.983398
0.983398
0.983398
0.983398
0.983398
0.983398
0.983398
0.983398
0.983398
0.983398
0.983398
0.983398
0.983398
0.983398
0.983398
0.983398
0.983398
0.983398
0.983398
0.983398
0.983398
0.983398
0.983398
0.983398
0.983398
0.983398
0.983398
0.983398
0.983398
0.983398
0.983398
0.983398
0.983398
0.983398
0.983398
0.983398
0.983398
0.983398
0.983398
0.983398
0.983398
0.983398
0.983398
0.983398
0.983398
0.983398
0.983398
0.983398
0.983398
0.983398
0.983398
0.983398
0.983398
0.983398
0.983398
0.983398
0.983398
0.983398
0.983398
0.983398
0.983398
0.983398
0.983398
0.983398
0.983398
0.983398
0.983398
0.983398
0.983398
0.983398
0.983398
0.983398
0.983398
0.983398
0.983398
0.983398
0.983398
0.983398
0.983398
0.983398
0.983398
0.983398
0.983398
0.983398
0.983398
0.983398
0.983398
0.983398
0.983398
0.983398
0.983398
0.983398
0.983398
0.983398
0.983398
0.983398
0.983398
0.983398
0.983398
0.983398
0.983398
0.983398
0.983398
0.983398
0.983398
0.983398
0.983398
0.983398
0.983398
0.983398
0.983398
0.983398
0.983398
0.983398
0.983398
0.983398
0.983398
0.983398
0.983398
0.983398
0.983398
0.983398
0.983398
0.983398
0.983398
0.983398
0.983398
0.983398
0.983398
0.983398
0.983398
0.983398
0.983398
0.983398
0.983398
0.983398
0.983398
0.983398
0.983398
0.983398
0.983398
0.983398
0.983398
0.983398
0.983398
0.983398
0.983398
0.983398
0.983398
0.983398
0.983398
0.983398
0.983398
0.983398
0.983398
0.983398
0.983398
0.983398
0.983398
0.983398
0.983398
0.983398
0.983398
0.983398
0.983398
0.983398
0.983398
0.983398
0.983398
0.983398
0.983398
0.983398
0.983398
0.983398
0.983398
0.983398
0.983398
0.983398
0.983398
0.983398
0.983398
0.983398
0.983398
0.983398
0.983398
0.983398
0.983398
0.983398
0.983398
0.983398
0.983398
0.983398
0.983398
0.983398
0.983398
0.983398
0.983398
0.983398
0.983398
0.983398
0.983398
0.983398
0.983398
0.983398
0.983398
0.983398
0.983398
0.983398
0.983398
0.983398
0.983398
0.983398
0.983398
0.983398
0.983398
0.983398
0.983398
0.983398
0.983398
0.983398
0.983398
0.983398
0.983398
0.983398
0.983398
0.983398
0.983398
0.983398
0.983398
0.983398
0.983398
0.983398
0.983398
0.983398
0.983398
0.983398
0.983398
0.983398
0.983398
0.983398
0.983398
0.983398
0.983398
0.983398
0.983398
0.983398
0.983398
0.983398
0.983398
0.983398
0.983398
0.983398
0.983398
0.983398
0.983398
0.983398
0.983398
0.983398
0.983398
0.983398
0.983398
0.983398
0.983398
0.983398
0.983398
0.983398
0.983398
0.983398
0.983398
0.983398
0.983398
0.983398
0.983398
0.983398
0.983398
0.983398
0.983398
0.983398
0.983398
0.983398
0.983398
0.983398
0.983398
0.983398
0.983398
0.983398
0.983398
0.983398
0.983398
0.983398
0.983398
0.983398
0.983398
0.983398
0.983398
0.983398
0.983398
0.983398
0.983398
0.983398
0.983398
0.983398
0.983398
0.983398
0.983398
0.983398
0.983398
0.983398
0.983398
0.983398
0.983398
0.983398
0.983398
0.983398
0.983398
0.983398
0.983398
0.983398
0.983398
0.983398
0.983398
0.983398
0.983398
0.983398
0.983398
0.983398
0.983398
0.983398
0.983398
0.983398
0.983398
0.983398
0.983398
0.983398
0.983398
0.983398
0.983398
0.983398
