0
0
0
0
0
0
0
0.00012207
0.000610352
0.00164795
0.00335693
0.00592041
0.00946045
0.0140991
0.0200195
0.0272827
0.0358276
0.0457764
0.0571289
0.0698853
0.0841064
0.10791
0.125427
0.134644
0.153992
0.174438
0.207031
0.22998
0.241821
0.253845
0.303894
0.329956
0.356628
0.38385
0.411499
0.439575
0.467896
0.496704
0.525513
0.554443
0.58374
0.613037
0.642334
0.671143
0.699951
0.72876
0.75708
0.785339
0.813171
0.840637
0.867737
0.894409
0.920593
0.946289
0.958984
1.02008
1.0434
1.0661
1.0882
1.1095
1.13019
1.15979
1.16931
1.18768
1.2052
1.22198
1.24548
1.25287
1.26703
1.28662
1.29858
1.3042
1.31982
1.32458
1.33765
1.34521
1.35193
1.35779
1.36285
1.367
1.37036
1.37299
1.37469
1.37561
1.37585
1.37531
1.37402
1.37201
1.36932
1.36603
1.362
1.35736
1.35211
1.34631
1.3399
1.33301
1.32556
1.31769
1.30933
1.30054
1.29132
1.28174
1.27185
1.2616
1.25104
1.2403
1.22357
1.21234
1.20062
1.1889
1.17719
1.16534
1.15314
1.14093
1.12872
1.12262
1.10431
1.0921
1.08618
1.0686
1.05688
1.04517
1.03943
1.02258
1.01141
1.00067
0.989929
0.979553
0.969299
0.959412
0.949646
0.940308
0.931091
0.922302
0.913757
0.905457
0.897644
0.890076
0.882751
0.875916
0.869324
0.863037
0.857178
0.851685
0.846497
0.841614
0.837219
0.83313
0.829346
0.825928
0.822937
0.819031
0.81781
0.815857
0.814209
0.812805
0.811401
0.811157
0.81073
0.810791
0.811035
0.811523
0.812988
0.813599
0.815796
0.817749
0.818726
0.822205
0.824646
0.827576
0.830505
0.833801
0.837219
0.840759
0.844666
0.848572
0.852539
0.859131
0.863525
0.86792
0.872559
0.877441
0.882324
0.887207
0.89209
0.896973
0.901855
0.906738
0.911621
0.916504
0.921387
0.92627
0.931152
0.936035
0.940918
0.945801
0.950684
0.955566
0.960266
0.964661
0.971252
0.97345
0.980042
0.982056
0.985962
0.991821
0.993774
0.997559
1.00269
1.0061
1.00952
1.01111
1.0155
1.01843
1.02136
1.02386
1.02631
1.02875
1.03119
1.03314
1.0351
1.03705
1.039
1.04047
1.04193
1.0434
1.04486
1.04584
1.04681
1.04779
1.04877
1.04956
1.0498
1.05029
1.05078
1.05103
1.05103
1.05103
1.05103
1.05103
1.0506
1.04987
1.04962
1.04889
1.0484
1.04742
1.04645
1.04547
1.04449
1.04352
1.04254
1.0415
1.04004
1.03857
1.03711
1.03564
1.03418
1.03271
1.03125
1.02979
1.02832
1.02686
1.02539
1.02393
1.02246
1.021
1.0191
1.01715
1.0152
1.01324
1.01129
1.00934
1.00739
1.00543
1.00348
1.00153
0.999573
0.99762
0.995667
0.993713
0.991821
0.990356
0.988892
0.987427
0.985962
0.984497
0.9823
0.980835
0.980103
0.978638
0.977173
0.974976
0.973511
0.972046
0.971313
0.969116
0.967651
0.966187
0.964722
0.963989
0.96228
0.961304
0.960327
0.959351
0.958374
0.957397
0.956421
0.955444
0.954468
0.953491
0.952026
0.95166
0.951172
0.950684
0.949951
0.949707
0.948975
0.948486
0.947998
0.94751
0.947266
0.946533
0.946533
0.946533
0.946533
0.946533
0.946533
0.946533
0.946533
0.946533
0.946533
0.946533
0.946533
0.946533
0.947021
0.94751
0.947998
0.948486
0.948975
0.949463
0.950195
0.950439
0.950928
0.95166
0.951904
0.952393
0.953125
0.953369
0.953857
0.95459
0.955078
0.955566
0.956055
0.956543
0.957031
0.95752
0.958008
0.958496
0.958984
0.959473
0.959961
0.960449
0.960938
0.961426
0.961914
0.962402
0.962891
0.963379
0.963867
0.964355
0.964844
0.965332
0.96582
0.966309
0.966797
0.967285
0.967773
0.968262
0.96875
0.969238
0.969727
0.970215
0.970703
0.971191
0.97168
0.972412
0.972656
0.973145
0.973633
0.974121
0.974854
0.975098
0.975586
0.976074
0.976807
0.977295
0.977539
0.978027
0.978516
0.979248
0.979736
0.980225
0.980713
0.981201
0.981689
0.982178
0.982666
0.983154
0.983643
0.983704
0.983704
0.983704
0.983704
0.983704
0.983704
0.983704
0.983704
0.983704
0.983704
0.983704
0.983704
0.983704
0.983704
0.983704
0.983704
0.983704
0.983704
0.983704
0.983704
0.983704
0.983704
0.983704
0.983704
0.983704
0.983704
0.983704
0.983704
0.983704
0.983704
0.983704
0.983704
0.983704
0.983704
0.983704
0.983704
0.983704
0.983704
0.983704
0.983704
0.983704
0.983704
0.983704
0.983704
0.983704
0.983704
0.983704
0.983704
0.983704
0.983704
0.983704
0.983704
0.983704
0.983704
0.983704
0.983704
0.983704
0.983704
0.983704
0.983704
0.983704
0.983704
0.983704
0.983704
0.983704
0.983704
0.983704
0.983704
0.983704
0.983704
0.983704
0.983704
0.983704
0.983704
0.983704
0.983704
0.983704
0.983704
0.983704
0.983704
0.983704
0.983704
0.983704
0.983704
0.983704
0.983704
0.983704
0.983704
0.983704
0.983704
0.983704
0.983704
0.983704
0.983704
0.983704
0.983704
0.983704
0.983704
0.983704
0.983704
0.983704
0.983704
0.983704
0.983704
0.983704
0.983704
0.983704
0.983704
0.983704
0.983704
0.983704
0.983704
0.983704
0.983704
0.983704
0.983704
0.983704
0.983704
0.983704
0.983704
0.983704
0.983704
0.983704
0.983704
0.983704
0.983704
0.983704
0.983704
0.983704
0.983704
0.983704
0.983704
0.983704
0.983704
0.983704
0.983704
0.983704
0.983704
0.983704
0.983704
0.983704
0.983704
0.983704
0.983704
0.983704
0.983704
0.983704
0.983704
0.983704
0.983704
0.983704
0.983704
0.983704
0.983704
0.983704
0.983704
0.983704
0.983704
0.983704
0.983704
0.983704
0.983704
0.983704
0.983704
0.983704
0.983704
0.983704
0.983704
0.983704
0.983704
0.983704
0.983704
0.983704
0.983704
0.983704
0.983704
0.983704
0.983704
0.983704
0.983704
0.983704
0.983704
0.983704
0.983704
0.983704
0.983704
0.983704
0.983704
0.983704
0.983704
0.983704
0.983704
0.983704
0.983704
0.983704
0.983704
0.983704
0.983704
0.983704
0.983704
0.983704
0.983704
0.983704
0.983704
0.983704
0.983704
0.983704
0.983704
0.983704
0.983704
0.983704
0.983704
0.983704
0.983704
0.983704
0.983704
0.983704
0.983704
0.983704
0.983704
0.983704
0.983704
0.983704
0.983704
0.983704
0.983704
0.983704
0.983704
0.983704
0.983704
0.983704
0.983704
0.983704
0.983704
0.983704
0.983704
0.983704
0.983704
0.983704
0.983704
0.983704
0.983704
0.983704
0.983704
0.983704
0.983704
0.983704
0.983704
0.983704
0.983704
0.983704
0.983704
0.983704
0.983704
0.983704
0.983704
0.983704
0.983704
0.983704
0.983704
0.983704
0.983704
0.983704
0.983704
0.983704
0.983704
0.983704
0.983704
0.983704
0.983704
0.983704
0.983704
0.983704
0.983704
0.983704
0.983704
0.983704
0.983704
0.983704
0.983704
0.983704
0.983704
0.983704
0.983704
0.983704
0.983704
0.983704
0.983704
0.983704
0.983704
0.983704
0.983704
0.983704
0.983704
0.983704
0.983704
0.983704
0.983704
0.983704
0.983704
0.983704
0.983704
0.983704
0.983704
0.983704
0.983704
0.983704
0.983704
0.983704
0.983704
0.983704
0.983704
0.983704
0.983704
0.983704
0.983704
0.983704
0.983704
0.983704
0.983704
0.983704
0.983704
0.983704
0.983704
0.983704
0.983704
0.983704
0.983704
0.983704
0.983704
0.983704
0.983704
0.983704
0.983704
0.983704
0.983704
0.983704
0.983704
0.983704
0.983704
0.983704
0.983704
0.983704
0.983704
0.983704
0.983704
0.983704
0.983704
0.983704
0.983704
0.983704
0.983704
0.983704
0.983704
0.983704
0.983704
0.983704
0.983704
0.983704
0.983704
0.983704
0.983704
0.983704
0.983704
0.983704
0.983704
0.983704
0.983704
0.983704
0.983704
0.983704
0.983704
0.983704
0.983704
0.983704
0.983704
0.983704
0.983704
0.983704
0.983704
0.983704
0.983704
0.983704
0.983704
0.983704
0.983704
0.983704
0.983704
0.983704
0.983704
0.983704
0.983704
0.983704
0.983704
0.983704
0.983704
0.983704
0.983704
0.983704
0.983704
0.983704
0.983704
0.983704
0.983704
0.983704
0.983704
0.983704
0.983704
0.983704
0.983704
0.983704
0.983704
0.983704
0.983704
0.983704
0.983704
0.983704
0.983704
0.983704
0.983704
0.983704
0.983704
0.983704
0.983704
0.983704
0.983704
0.983704
0.983704
0.983704
0.983704
0.983704
0.983704
0.983704
0.983704
0.983704
0.983704
0.983704
0.983704
0.983704
0.983704
0.983704
0.983704
0.983704
0.983704
0.983704
0.983704
0.983704
0.983704
0.983704
0.983704
0.983704
0.983704
0.983704
0.983704
0.983704
0.983704
0.983704
0.983704
0.983704
0.983704
0.983704
0.983704
0.983704
0.983704
0.983704
0.983704
0.983704
0.983704
0.983704
0.983704
0.983704
0.983704
0.983704
0.983704
0.983704
0.983704
0.983704
0.983704
0.983704
0.983704
0.983704
0.983704
0.983704
0.983704
0.983704
0.983704
0.983704
0.983704
0.983704
0.983704
0.983704
0.983704
0.983704
0.983704
0.983704
0.983704
0.983704
0.983704
0.983704
0.983704
0.983704
0.983704
0.983704
0.983704
0.983704
0.983704
0.983704
0.983704
0.983704
0.983704
0.983704
0.983704
0.983704
0.983704
0.983704
0.983704
0.983704
0.983704
0.983704
0.983704
0.983704
0.983704
0.983704
0.983704
0.983704
0.983704
0.983704
0.983704
0.983704
0.983704
0.983704
0.983704
0.983704
0.983704
0.983704
0.983704
0.983704
0.983704
0.983704
0.983704
0.983704
0.983704
0.983704
0.983704
0.983704
0.983704
0.983704
0.983704
0.983704
0.983704
0.983704
0.983704
0.983704
0.983704
0.983704
0.983704
0.983704
0.983704
0.983704
0.983704
0.983704
0.983704
0.983704
0.983704
0.983704
0.983704
0.983704
0.983704
0.983704
0.983704
0.983704
0.983704
0.983704
0.983704
0.983704
0.983704
0.983704
0.983704
0.983704
0.983704
0.983704
0.983704
0.983704
0.983704
0.983704
0.983704
0.983704
0.983704
0.983704
0.983704
0.983704
