0
0
0
0
0
0
0
0.000427246
0.0012207
0.00274658
0.00506592
0.010437
0.0154419
0.0217285
0.0294189
0.0435181
0.0547485
0.0673828
0.0814819
0.0968628
0.113525
0.122375
0.150696
0.171021
0.192383
0.214722
0.237976
0.262146
0.287048
0.312683
0.338867
0.365601
0.392822
0.420471
0.448486
0.476807
0.505371
0.53418
0.577393
0.591797
0.63501
0.663818
0.692627
0.721436
0.749817
0.792053
0.805969
0.847229
0.874146
0.900635
0.926575
0.951965
0.976746
0.988953
1.02448
1.04724
1.06934
1.09064
1.11121
1.13098
1.14996
1.16809
1.18542
1.20184
1.21741
1.23212
1.24597
1.25891
1.271
1.28223
1.2926
1.30212
1.31073
1.31848
1.32544
1.33154
1.33685
1.34131
1.34497
1.34784
1.34998
1.35132
1.35199
1.35187
1.35107
1.34955
1.34735
1.34454
1.34106
1.33698
1.33234
1.32709
1.32135
1.31506
1.30829
1.30103
1.29327
1.2851
1.27655
1.2677
1.25842
1.2439
1.23901
1.22363
1.21313
1.20239
1.19165
1.18042
1.16919
1.15796
1.14673
1.1355
1.12427
1.10742
1.09619
1.08496
1.07373
1.0625
1.05127
1.04041
1.02429
1.01892
1.00348
0.993225
0.983459
0.973694
0.964294
0.955017
0.946106
0.937317
0.928955
0.920715
0.908997
0.901672
0.894592
0.887756
0.881348
0.875183
0.866638
0.863953
0.858826
0.854004
0.849609
0.843567
0.841736
0.838318
0.835266
0.831299
0.830078
0.828064
0.825562
0.824829
0.823303
0.822693
0.822266
0.822266
0.82251
0.822998
0.823853
0.824829
0.826233
0.828613
0.830566
0.832642
0.835083
0.837524
0.840454
0.843384
0.846497
0.849915
0.853333
0.856873
0.860779
0.866638
0.870544
0.874756
0.87915
0.883545
0.887939
0.892334
0.896729
0.901123
0.905518
0.909912
0.914734
0.919617
0.924194
0.928589
0.932983
0.937378
0.941772
0.946167
0.950562
0.954956
0.959351
0.963501
0.967407
0.971313
0.977173
0.980957
0.984375
0.987793
0.991211
0.994629
0.99762
1.00055
1.00201
1.00641
1.01025
1.01147
1.01392
1.01636
1.01868
1.02063
1.02258
1.02551
1.02728
1.02875
1.03021
1.03168
1.03314
1.03424
1.03522
1.03619
1.03766
1.03833
1.03882
1.03931
1.03979
1.04028
1.04041
1.04041
1.04041
1.04041
1.04041
1.04004
1.03955
1.03906
1.03857
1.03809
1.03735
1.03699
1.03552
1.03455
1.03357
1.03259
1.03162
1.03064
1.02966
1.02869
1.02686
1.02612
1.02393
1.02246
1.021
1.02026
1.0188
1.01733
1.01514
1.0144
1.01221
1.01074
1.00928
1.00781
1.00708
1.00488
1.00342
1.00195
1.00049
0.999023
0.997559
0.996094
0.993896
0.992432
0.990967
0.989502
0.988037
0.986572
0.985107
0.983643
0.982178
0.980713
0.978516
0.977051
0.975586
0.974121
0.972656
0.971191
0.969727
0.968018
0.967041
0.966064
0.965088
0.964111
0.963135
0.962158
0.961182
0.960205
0.95874
0.958252
0.957275
0.955811
0.955322
0.954468
0.953979
0.953735
0.953003
0.952515
0.952026
0.951538
0.95105
0.950562
0.950073
0.949585
0.949097
0.948975
0.948975
0.948975
0.948975
0.948975
0.948975
0.948975
0.948975
0.948975
0.948975
0.948975
0.948975
0.948975
0.948975
0.949463
0.949951
0.950439
0.951172
0.95166
0.952148
0.952637
0.953125
0.953613
0.954346
0.954834
0.955322
0.955811
0.956299
0.956787
0.957275
0.957764
0.958252
0.95874
0.959229
0.959717
0.960205
0.960693
0.961182
0.96167
0.962158
0.962646
0.963135
0.963623
0.964111
0.964355
0.965088
0.965576
0.966064
0.966553
0.967285
0.967773
0.968262
0.96875
0.968994
0.969727
0.970215
0.970703
0.971191
0.97168
0.972168
0.972656
0.973145
0.973633
0.974121
0.974609
0.975098
0.97583
0.976074
0.976562
0.977051
0.977783
0.978027
0.978271
0.979492
0.97998
0.980469
0.980591
0.980591
0.980591
0.980591
0.980591
0.980591
0.980591
0.980591
0.980591
0.980591
0.980591
0.980591
0.980591
0.980591
0.980591
0.980591
0.980591
0.980591
0.980591
0.980591
0.980591
0.980591
0.980591
0.980591
0.980591
0.980591
0.980591
0.980591
0.980591
0.980591
0.980591
0.980591
0.980591
0.980591
0.980591
0.980591
0.980591
0.980591
0.980591
0.980591
0.980591
0.980591
0.980591
0.980591
0.980591
0.980591
0.980591
0.980591
0.980591
0.980591
0.980591
0.980591
0.980591
0.980591
0.980591
0.980591
0.980591
0.980591
0.980591
0.980591
0.980591
0.980591
0.980591
0.980591
0.980591
0.980591
0.980591
0.980591
0.980591
0.980591
0.980591
0.980591
0.980591
0.980591
0.980591
0.980591
0.980591
0.980591
0.980591
0.980591
0.980591
0.980591
0.980591
0.980591
0.980591
0.980591
0.980591
0.980591
0.980591
0.980591
0.980591
0.980591
0.980591
0.980591
0.980591
0.980591
0.980591
0.980591
0.980591
0.980591
0.980591
0.980591
0.980591
0.980591
0.980591
0.980591
0.980591
0.980591
0.980591
0.980591
0.980591
0.980591
0.980591
0.980591
0.980591
0.980591
0.980591
0.980591
0.980591
0.980591
0.980591
0.980591
0.980591
0.980591
0.980591
0.980591
0.980591
0.980591
0.980591
0.980591
0.980591
0.980591
0.980591
0.980591
0.980591
0.980591
0.980591
0.980591
0.980591
0.980591
0.980591
0.980591
0.980591
0.980591
0.980591
0.980591
0.980591
0.980591
0.980591
0.980591
0.980591
0.980591
0.980591
0.980591
0.980591
0.980591
0.980591
0.980591
0.980591
0.980591
0.980591
0.980591
0.980591
0.980591
0.980591
0.980591
0.980591
0.980591
0.980591
0.980591
0.980591
0.980591
0.980591
0.980591
0.980591
0.980591
0.980591
0.980591
0.980591
0.980591
0.980591
0.980591
0.980591
0.980591
0.980591
0.980591
0.980591
0.980591
0.980591
0.980591
0.980591
0.980591
0.980591
0.980591
0.980591
0.980591
0.980591
0.980591
0.980591
0.980591
0.980591
0.980591
0.980591
0.980591
0.980591
0.980591
0.980591
0.980591
0.980591
0.980591
0.980591
0.980591
0.980591
0.980591
0.980591
0.980591
0.980591
0.980591
0.980591
0.980591
0.980591
0.980591
0.980591
0.980591
0.980591
0.980591
0.980591
0.980591
0.980591
0.980591
0.980591
0.980591
0.980591
0.980591
0.980591
0.980591
0.980591
0.980591
0.980591
0.980591
0.980591
0.980591
0.980591
0.980591
0.980591
0.980591
0.980591
0.980591
0.980591
0.980591
0.980591
0.980591
0.980591
0.980591
0.980591
0.980591
0.980591
0.980591
0.980591
0.980591
0.980591
0.980591
0.980591
0.980591
0.980591
0.980591
0.980591
0.980591
0.980591
0.980591
0.980591
0.980591
0.980591
0.980591
0.980591
0.980591
0.980591
0.980591
0.980591
0.980591
0.980591
0.980591
0.980591
0.980591
0.980591
0.980591
0.980591
0.980591
0.980591
0.980591
0.980591
0.980591
0.980591
0.980591
0.980591
0.980591
0.980591
0.980591
0.980591
0.980591
0.980591
0.980591
0.980591
0.980591
0.980591
0.980591
0.980591
0.980591
0.980591
0.980591
0.980591
0.980591
0.980591
0.980591
0.980591
0.980591
0.980591
0.980591
0.980591
0.980591
0.980591
0.980591
0.980591
0.980591
0.980591
0.980591
0.980591
0.980591
0.980591
0.980591
0.980591
0.980591
0.980591
0.980591
0.980591
0.980591
0.980591
0.980591
0.980591
0.980591
0.980591
0.980591
0.980591
0.980591
0.980591
0.980591
0.980591
0.980591
0.980591
0.980591
0.980591
0.980591
0.980591
0.980591
0.980591
0.980591
0.980591
0.980591
0.980591
0.980591
0.980591
0.980591
0.980591
0.980591
0.980591
0.980591
0.980591
0.980591
0.980591
0.980591
0.980591
0.980591
0.980591
0.980591
0.980591
0.980591
0.980591
0.980591
0.980591
0.980591
0.980591
0.980591
0.980591
0.980591
0.980591
0.980591
0.980591
0.980591
0.980591
0.980591
0.980591
0.980591
0.980591
0.980591
0.980591
0.980591
0.980591
0.980591
0.980591
0.980591
0.980591
0.980591
0.980591
0.980591
0.980591
0.980591
0.980591
0.980591
0.980591
0.980591
0.980591
0.980591
0.980591
0.980591
0.980591
0.980591
0.980591
0.980591
0.980591
0.980591
0.980591
0.980591
0.980591
0.980591
0.980591
0.980591
0.980591
0.980591
0.980591
0.980591
0.980591
0.980591
0.980591
0.980591
0.980591
0.980591
0.980591
0.980591
0.980591
0.980591
0.980591
0.980591
0.980591
0.980957
0.981445
0.981934
0.982422
0.98291
0.983398
0.984131
0.984619
0.984863
0.985596
0.985596
0.98584
0.98584
0.98584
0.98584
0.98584
0.98584
0.98584
0.98584
0.98584
0.98584
0.98584
0.98584
0.98584
0.98584
0.98584
0.98584
0.98584
0.98584
0.98584
0.98584
0.98584
0.98584
0.98584
0.98584
0.98584
0.98584
0.98584
0.98584
0.98584
0.98584
0.98584
0.98584
0.98584
0.98584
0.98584
0.98584
0.98584
0.98584
0.98584
0.98584
0.98584
0.98584
0.98584
0.98584
0.98584
0.98584
0.98584
0.98584
0.98584
0.98584
0.98584
0.98584
0.98584
0.98584
0.98584
0.98584
0.98584
0.98584
0.98584
0.98584
0.98584
0.98584
0.98584
0.98584
0.98584
0.98584
0.98584
0.98584
0.98584
0.98584
0.98584
0.98584
0.98584
0.98584
0.98584
0.98584
0.98584
0.98584
0.98584
0.98584
0.98584
0.98584
0.98584
0.98584
0.98584
0.98584
0.98584
0.98584
0.98584
0.98584
0.98584
0.98584
0.98584
0.98584
0.98584
0.98584
0.98584
0.98584
0.98584
0.98584
0.98584
0.98584
0.98584
0.98584
0.98584
0.98584
0.98584
0.98584
0.98584
0.98584
0.98584
0.98584
0.98584
0.98584
0.98584
0.98584
0.98584
0.98584
0.98584
0.98584
0.98584
0.98584
0.98584
0.98584
0.98584
0.98584
0.98584
0.98584
0.98584
0.98584
0.98584
0.98584
0.98584
0.98584
0.98584
0.98584
0.98584
0.98584
0.98584
0.98584
0.98584
0.98584
0.98584
0.98584
0.98584
0.98584
0.98584
0.98584
0.98584
0.98584
0.98584
0.98584
0.98584
0.98584
0.98584
