0
0
0
0
0
0
0
0.00012207
0.000610351
0.00164795
0.00335693
0.00592041
0.00946045
0.0140991
0.0200195
0.0272827
0.0358276
0.0458374
0.0571899
0.0699463
0.0841675
0.0997314
0.116577
0.134705
0.153992
0.174438
0.195923
0.218384
0.253784
0.265991
0.303772
0.316711
0.343018
0.369873
0.411133
0.425049
0.467346
0.495789
0.524597
0.553406
0.582214
0.611023
0.639832
0.66864
0.697327
0.725647
0.753845
0.781677
0.809082
0.836121
0.862732
0.888855
0.91449
0.939575
0.964111
0.988098
1.01141
1.03412
1.05621
1.07751
1.09821
1.1181
1.13733
1.1557
1.17334
1.1983
1.20624
1.22156
1.24286
1.24957
1.26843
1.27991
1.29059
1.30042
1.30939
1.3175
1.32477
1.33124
1.33685
1.34161
1.34558
1.34875
1.35114
1.35278
1.35358
1.3537
1.35303
1.35175
1.34967
1.34698
1.34369
1.33759
1.33527
1.3302
1.32458
1.31842
1.31177
1.30463
1.29315
1.28491
1.27631
1.2674
1.25812
1.24854
1.24365
1.22858
1.21832
1.20776
1.19702
1.18628
1.17542
1.16418
1.15295
1.14172
1.13049
1.11926
1.10803
1.0968
1.08557
1.07434
1.06348
1.05273
1.04199
1.03125
1.021
1.01074
1.00055
0.990784
0.981018
0.971619
0.962341
0.953369
0.94458
0.936096
0.923767
0.915955
0.908386
0.901062
0.894165
0.887512
0.881165
0.875244
0.869568
0.864197
0.859314
0.852478
0.848389
0.846436
0.842896
0.838196
0.835449
0.833008
0.830994
0.829285
0.82782
0.826355
0.82605
0.825562
0.825439
0.825745
0.826233
0.827209
0.828247
0.829712
0.831238
0.833191
0.835205
0.837646
0.841431
0.842896
0.84729
0.848816
0.853943
0.857361
0.860962
0.864868
0.868774
0.872681
0.876648
0.88324
0.887634
0.892029
0.896423
0.900818
0.905212
0.909607
0.914001
0.920593
0.924988
0.929382
0.933777
0.938171
0.942566
0.94696
0.951355
0.95575
0.959778
0.963684
0.96759
0.971497
0.975403
0.980713
0.982422
0.987549
0.990967
0.99408
0.997009
0.999939
1.00287
1.00696
1.00818
1.01184
1.01306
1.0155
1.01862
1.01959
1.02252
1.0235
1.02539
1.02686
1.02832
1.03052
1.03198
1.03296
1.03394
1.03491
1.03589
1.03674
1.03723
1.03772
1.03821
1.0387
1.03918
1.03918
1.03918
1.03918
1.03918
1.03918
1.03906
1.03857
1.03809
1.0376
1.03711
1.03662
1.03613
1.03564
1.03467
1.03369
1.03271
1.03174
1.03076
1.02979
1.02881
1.02734
1.02686
1.02588
1.02478
1.02332
1.02112
1.01965
1.01819
1.01672
1.01526
1.01379
1.01233
1.01086
1.0094
1.00793
1.00647
1.005
1.00354
1.00208
1.00061
0.999146
0.996948
0.996216
0.994751
0.993286
0.991821
0.990356
0.988892
0.987427
0.985962
0.984497
0.983032
0.980835
0.97937
0.978638
0.977173
0.974976
0.973816
0.972839
0.971863
0.971375
0.968933
0.967468
0.96698
0.966003
0.965027
0.96405
0.963074
0.961609
0.961121
0.960144
0.959167
0.958496
0.957764
0.95752
0.957031
0.956299
0.955811
0.955322
0.954834
0.954346
0.953857
0.953369
0.952881
0.952393
0.952209
0.952209
0.952209
0.952209
0.952209
0.952209
0.952209
0.952209
0.952209
0.952209
0.952209
0.952209
0.952209
0.952209
0.952209
0.952271
0.952759
0.953247
0.953735
0.954224
0.954712
0.9552
0.955688
0.956177
0.956665
0.957153
0.957642
0.95813
0.958618
0.959106
0.959595
0.960083
0.960571
0.96106
0.961548
0.962036
0.962524
0.963013
0.963501
0.963989
0.964478
0.96521
0.965454
0.965942
0.966431
0.966919
0.967407
0.96814
0.968628
0.969116
0.969604
0.970093
0.970581
0.971313
0.971558
0.972046
0.972778
0.973267
0.973755
0.974243
0.974731
0.97522
0.975708
0.976196
0.976685
0.977173
0.977661
0.978149
0.978638
0.979126
0.979858
0.980347
0.980835
0.981262
0.981262
0.981262
0.981262
0.981262
0.981262
0.981262
0.981262
0.981262
0.981262
0.981262
0.981262
0.981262
0.981262
0.981262
0.981262
0.981262
0.981262
0.981262
0.981262
0.981262
0.981262
0.981262
0.981262
0.981262
0.981262
0.981262
0.981262
0.981262
0.981262
0.981262
0.981262
0.981262
0.981262
0.981262
0.981262
0.981262
0.981262
0.981262
0.981262
0.981262
0.981262
0.981262
0.981262
0.981262
0.981262
0.981262
0.981262
0.981262
0.981262
0.981262
0.981262
0.981262
0.981262
0.981262
0.981262
0.981262
0.981262
0.981262
0.981262
0.981262
0.981262
0.981262
0.981262
0.981262
0.981262
0.981262
0.981262
0.981262
0.981262
0.981262
0.981262
0.981262
0.981262
0.981262
0.981262
0.981262
0.981262
0.981262
0.981262
0.981262
0.981262
0.981262
0.981262
0.981262
0.981262
0.981262
0.981262
0.981262
0.981262
0.981262
0.981262
0.981262
0.981262
0.981262
0.981262
0.981262
0.981262
0.981262
0.981262
0.981262
0.981262
0.981262
0.981262
0.981262
0.981262
0.981262
0.981262
0.981262
0.981262
0.981262
0.981262
0.981262
0.981262
0.981262
0.981262
0.981262
0.981262
0.981262
0.981262
0.981262
0.981262
0.981262
0.981262
0.981262
0.981262
0.981262
0.981262
0.981262
0.981262
0.981262
0.981262
0.981262
0.981262
0.981262
0.981262
0.981262
0.981262
0.981262
0.981262
0.981262
0.981262
0.981262
0.981262
0.981262
0.981262
0.981262
0.981262
0.981262
0.981262
0.981262
0.981262
0.981262
0.981262
0.981262
0.981262
0.981262
0.981262
0.981262
0.981262
0.981262
0.981262
0.981262
0.981262
0.981262
0.981262
0.981262
0.981262
0.981262
0.981262
0.981262
0.981262
0.981262
0.981262
0.981262
0.981262
0.981262
0.981262
0.981262
0.981262
0.981262
0.981262
0.981262
0.981262
0.981262
0.981262
0.981262
0.981262
0.981262
0.981262
0.981262
0.981262
0.981262
0.981262
0.981262
0.981262
0.981262
0.981262
0.981262
0.981262
0.981262
0.981262
0.981262
0.981262
0.981262
0.981262
0.981262
0.981262
0.981262
0.981262
0.981262
0.981262
0.981262
0.981262
0.981262
0.981262
0.981262
0.981262
0.981262
0.981262
0.981262
0.981262
0.981262
0.981262
0.981262
0.981262
0.981262
0.981262
0.981262
0.981262
0.981262
0.981262
0.981262
0.981262
0.981262
0.981262
0.981262
0.981262
0.981262
0.981262
0.981262
0.981262
0.981262
0.981262
0.981262
0.981262
0.981262
0.981262
0.981262
0.981262
0.981262
0.981262
0.981262
0.981262
0.981262
0.981262
0.981262
0.981262
0.981262
0.981262
0.981262
0.981262
0.981262
0.981262
0.981262
0.981262
0.981262
0.981262
0.981262
0.981262
0.981262
0.981262
0.981262
0.981262
0.981262
0.981262
0.981262
0.981262
0.981262
0.981262
0.981262
0.981262
0.981262
0.981262
0.981262
0.981262
0.981262
0.981262
0.981262
0.981262
0.981262
0.981262
0.981262
0.981262
0.981262
0.981262
0.981262
0.981262
0.981262
0.981262
0.981262
0.981262
0.981262
0.981262
0.981262
0.981262
0.981262
0.981262
0.981262
0.981262
0.981262
0.981262
0.981262
0.981262
0.981262
0.981262
0.981262
0.981262
0.981262
0.981262
0.981262
0.981262
0.981262
0.981262
0.981262
0.981262
0.981262
0.981262
0.981262
0.981262
0.981262
0.981262
0.981262
0.981262
0.981262
0.981262
0.981262
0.981262
0.981262
0.981262
0.981262
0.981262
0.981262
0.981262
0.981262
0.981262
0.981262
0.981262
0.981262
0.981262
0.981262
0.981262
0.981262
0.981262
0.981262
0.981262
0.981262
0.981262
0.981262
0.981262
0.981262
0.981262
0.981262
0.981262
0.981262
0.981262
0.981262
0.981262
0.981262
0.981262
0.981262
0.981262
0.981262
0.981262
0.981262
0.981262
0.981262
0.981262
0.981262
0.981262
0.981262
0.981262
0.981262
0.981262
0.981262
0.981262
0.981262
0.981262
0.981262
0.981262
0.981262
0.981262
0.981262
0.981262
0.981262
0.981262
0.981262
0.981262
0.981262
0.981262
0.981262
0.981262
0.981262
0.981262
0.981262
0.981262
0.981262
0.981262
0.981262
0.981262
0.981262
0.981262
0.981262
0.981262
0.981262
0.981262
0.981262
0.981262
0.981262
0.981262
0.981262
0.981262
0.981262
0.981262
0.981262
0.981262
0.981262
0.981262
0.981262
0.981262
0.981262
0.981262
0.981262
0.981262
0.981262
0.981262
0.981262
0.981262
0.981262
0.981262
0.981262
0.981262
0.981262
0.981262
0.981262
0.981262
0.981262
0.981262
0.981262
0.981262
0.981262
0.981262
0.981262
0.981628
0.982117
0.982605
0.983093
0.983582
0.98407
0.984558
0.985046
0.985535
0.986267
0.986511
0.986633
0.986633
0.986633
0.986633
0.986633
0.986633
0.986633
0.986633
0.986633
0.986633
0.986633
0.986633
0.986633
0.986633
0.986633
0.986633
0.986633
0.986633
0.986633
0.986633
0.986633
0.986633
0.986633
0.986633
0.986633
0.986633
0.986633
0.986633
0.986633
0.986633
0.986633
0.986633
0.986633
0.986633
0.986633
0.986633
0.986633
0.986633
0.986633
0.986633
0.986633
0.986633
0.986633
0.986633
0.986633
0.986633
0.986633
0.986633
0.986633
0.986633
0.986633
0.986633
0.986633
0.986633
0.986633
0.986633
0.986633
0.986633
0.986633
0.986633
0.986633
0.986633
0.986633
0.986633
0.986633
0.986633
0.986633
0.986633
0.986633
0.986633
0.986633
0.986633
0.986633
0.986633
0.986633
0.986633
0.986633
0.986633
0.986633
0.986633
0.986633
0.986633
0.986633
0.986633
0.986633
0.986633
0.986633
0.986633
0.986633
0.986633
0.986633
0.986633
0.986633
0.986633
0.986633
0.986633
0.986633
0.986633
0.986633
0.986633
0.986633
0.986633
0.986633
0.986633
0.986633
0.986633
0.986633
0.986633
0.986633
0.986633
0.986633
0.986633
0.986633
0.986633
0.986633
0.986633
0.986633
0.986633
0.986633
0.986633
0.986633
0.986633
0.986633
0.986633
0.986633
0.986633
0.986633
0.986633
0.986633
0.986633
0.986633
0.986633
0.986633
0.986633
0.986633
0.986633
0.986633
0.986633
0.986633
0.986633
0.986633
0.986633
0.986633
0.986633
0.986633
