0
0
0
0
0
0
0
0.00012207
0.000610352
0.00164795
0.00335693
0.00592041
0.00946045
0.0140991
0.0200195
0.0272827
0.0358276
0.0457764
0.0571289
0.0768433
0.0917358
0.0996704
0.125427
0.134644
0.153931
0.184998
0.20697
0.218323
0.253662
0.278259
0.290833
0.329529
0.356079
0.369507
0.410583
0.438416
0.466675
0.494995
0.523682
0.55249
0.581299
0.610107
0.638916
0.667725
0.696167
0.724487
0.752563
0.780396
0.807739
0.834778
0.861389
0.887512
0.913147
0.938232
0.962769
0.974792
1.01001
1.03271
1.05475
1.07605
1.09674
1.11658
1.14508
1.15417
1.17194
1.18884
1.20502
1.2204
1.23492
1.24866
1.2616
1.27936
1.29016
1.30017
1.30927
1.31757
1.32507
1.33466
1.34003
1.3446
1.34833
1.35132
1.35352
1.35492
1.35559
1.35541
1.35461
1.35303
1.34943
1.3479
1.34436
1.34021
1.33545
1.33014
1.32104
1.31439
1.30725
1.29968
1.29169
1.28754
1.27448
1.26526
1.2558
1.24603
1.2359
1.2204
1.20966
1.19891
1.18793
1.1767
1.16547
1.15424
1.14301
1.13177
1.12054
1.10931
1.09808
1.08685
1.07562
1.06439
1.05353
1.04279
1.03204
1.02155
1.01129
1.00104
0.991211
0.976562
0.971924
0.958008
0.953552
0.940369
0.932007
0.923767
0.915955
0.908325
0.901001
0.894043
0.887329
0.880981
0.875
0.869324
0.863953
0.859009
0.85437
0.850037
0.84613
0.842529
0.839233
0.836304
0.83252
0.830505
0.828735
0.827271
0.826172
0.825317
0.824829
0.824646
0.824646
0.825134
0.825745
0.827209
0.828613
0.830078
0.832031
0.833984
0.837585
0.840027
0.842957
0.845886
0.848999
0.852417
0.855835
0.859375
0.863281
0.867188
0.871094
0.875
0.879333
0.883728
0.888123
0.892517
0.896912
0.901306
0.905701
0.910095
0.91449
0.918884
0.923279
0.927673
0.934265
0.936462
0.940857
0.945251
0.949646
0.956238
0.958435
0.964783
0.968689
0.972595
0.976501
0.980408
0.98407
0.987488
0.992615
0.994324
0.999207
1.00067
1.0036
1.00653
1.00946
1.01202
1.01569
1.01813
1.02057
1.02155
1.02448
1.02643
1.02838
1.02997
1.03143
1.0329
1.03436
1.03571
1.03668
1.03815
1.03864
1.03998
1.04047
1.04095
1.0412
1.04193
1.0423
1.0423
1.0423
1.0423
1.0423
1.04211
1.04163
1.04114
1.04065
1.04016
1.03967
1.03918
1.03833
1.03687
1.03638
1.0354
1.03442
1.03345
1.03198
1.03101
1.03003
1.02863
1.02716
1.0257
1.0235
1.02203
1.02057
1.0191
1.01764
1.01617
1.01471
1.01324
1.01178
1.00958
1.00812
1.00665
1.00519
1.00372
1.00226
1.00079
0.999329
0.997131
0.996399
0.994202
0.992737
0.991272
0.989807
0.98761
0.986877
0.985413
0.983948
0.982483
0.980286
0.979553
0.978088
0.975891
0.975159
0.972961
0.971558
0.971069
0.969604
0.968628
0.967651
0.966675
0.965698
0.964233
0.963257
0.96228
0.961304
0.960327
0.959351
0.958374
0.957397
0.956787
0.956299
0.955566
0.955322
0.95459
0.954346
0.953613
0.953369
0.952881
0.952148
0.951904
0.951416
0.950989
0.950989
0.950989
0.950989
0.950989
0.950989
0.950989
0.950989
0.950989
0.950989
0.950989
0.950989
0.950989
0.950989
0.951599
0.952087
0.952332
0.95282
0.953552
0.954041
0.954529
0.955017
0.955505
0.955994
0.956482
0.95697
0.957458
0.957947
0.958435
0.958923
0.959412
0.960144
0.960632
0.961121
0.961609
0.962097
0.962585
0.963074
0.963562
0.96405
0.964539
0.965027
0.965515
0.966003
0.966492
0.96698
0.967712
0.967957
0.968445
0.969177
0.969421
0.970154
0.970642
0.970886
0.971375
0.971863
0.972595
0.973083
0.973572
0.97406
0.974548
0.975037
0.975525
0.976013
0.976501
0.977234
0.977722
0.977966
0.978455
0.979187
0.979675
0.980164
0.980652
0.98114
0.981628
0.981812
0.981812
0.981812
0.981812
0.981812
0.981812
0.981812
0.981812
0.981812
0.981812
0.981812
0.981812
0.981812
0.981812
0.981812
0.981812
0.981812
0.981812
0.981812
0.981812
0.981812
0.981812
0.981812
0.981812
0.981812
0.981812
0.981812
0.981812
0.981812
0.981812
0.981812
0.981812
0.981812
0.981812
0.981812
0.981812
0.981812
0.981812
0.981812
0.981812
0.981812
0.981812
0.981812
0.981812
0.981812
0.981812
0.981812
0.981812
0.981812
0.981812
0.981812
0.981812
0.981812
0.981812
0.981812
0.981812
0.981812
0.981812
0.981812
0.981812
0.981812
0.981812
0.981812
0.981812
0.981812
0.981812
0.981812
0.981812
0.981812
0.981812
0.981812
0.981812
0.981812
0.981812
0.981812
0.981812
0.981812
0.981812
0.981812
0.981812
0.981812
0.981812
0.981812
0.981812
0.981812
0.981812
0.981812
0.981812
0.981812
0.981812
0.981812
0.981812
0.981812
0.981812
0.981812
0.981812
0.981812
0.981812
0.981812
0.981812
0.981812
0.981812
0.981812
0.981812
0.981812
0.981812
0.981812
0.981812
0.981812
0.981812
0.981812
0.981812
0.981812
0.981812
0.981812
0.981812
0.981812
0.981812
0.981812
0.981812
0.981812
0.981812
0.981812
0.981812
0.981812
0.981812
0.981812
0.981812
0.981812
0.981812
0.981812
0.981812
0.981812
0.981812
0.981812
0.981812
0.981812
0.981812
0.981812
0.981812
0.981812
0.981812
0.981812
0.981812
0.981812
0.981812
0.981812
0.981812
0.981812
0.981812
0.981812
0.981812
0.981812
0.981812
0.981812
0.981812
0.981812
0.981812
0.981812
0.981812
0.981812
0.981812
0.981812
0.981812
0.981812
0.981812
0.981812
0.981812
0.981812
0.981812
0.981812
0.981812
0.981812
0.981812
0.981812
0.981812
0.981812
0.981812
0.981812
0.981812
0.981812
0.981812
0.981812
0.981812
0.981812
0.981812
0.981812
0.981812
0.981812
0.981812
0.981812
0.981812
0.981812
0.981812
0.981812
0.981812
0.981812
0.981812
0.981812
0.981812
0.981812
0.981812
0.981812
0.981812
0.981812
0.981812
0.981812
0.981812
0.981812
0.981812
0.981812
0.981812
0.981812
0.981812
0.981812
0.981812
0.981812
0.981812
0.981812
0.981812
0.981812
0.981812
0.981812
0.981812
0.981812
0.981812
0.981812
0.981812
0.981812
0.981812
0.981812
0.981812
0.981812
0.981812
0.981812
0.981812
0.981812
0.981812
0.981812
0.981812
0.981812
0.981812
0.981812
0.981812
0.981812
0.981812
0.981812
0.981812
0.981812
0.981812
0.981812
0.981812
0.981812
0.981812
0.981812
0.981812
0.981812
0.981812
0.981812
0.981812
0.981812
0.981812
0.981812
0.981812
0.981812
0.981812
0.981812
0.981812
0.981812
0.981812
0.981812
0.981812
0.981812
0.981812
0.981812
0.981812
0.981812
0.981812
0.981812
0.981812
0.981812
0.981812
0.981812
0.981812
0.981812
0.981812
0.981812
0.981812
0.981812
0.981812
0.981812
0.981812
0.981812
0.981812
0.981812
0.981812
0.981812
0.981812
0.981812
0.981812
0.981812
0.981812
0.981812
0.981812
0.981812
0.981812
0.981812
0.981812
0.981812
0.981812
0.981812
0.981812
0.981812
0.981812
0.981812
0.981812
0.981812
0.981812
0.981812
0.981812
0.981812
0.981812
0.981812
0.981812
0.981812
0.981812
0.981812
0.981812
0.981812
0.981812
0.981812
0.981812
0.981812
0.981812
0.981812
0.981812
0.981812
0.981812
0.981812
0.981812
0.981812
0.981812
0.981812
0.981812
0.981812
0.981812
0.981812
0.981812
0.981812
0.981812
0.981812
0.981812
0.981812
0.981812
0.981812
0.981812
0.981812
0.981812
0.981812
0.981812
0.981812
0.981812
0.981812
0.981812
0.981812
0.981812
0.981812
0.981812
0.981812
0.981812
0.981812
0.981812
0.981812
0.981812
0.981812
0.981812
0.981812
0.981812
0.981812
0.981812
0.981812
0.981812
0.981812
0.981812
0.981812
0.981812
0.981812
0.981812
0.981812
0.981812
0.981812
0.981812
0.981812
0.981812
0.981812
0.981812
0.981812
0.981812
0.981812
0.981812
0.981812
0.981812
0.981812
0.981812
0.981812
0.981812
0.981812
0.981812
0.981812
0.981812
0.981812
0.981812
0.981812
0.981812
0.981812
0.981812
0.981812
0.981812
0.981812
0.981812
0.981812
0.981812
0.981812
0.981812
0.981812
0.981812
0.981812
0.981812
0.981812
0.981812
0.981812
0.981812
0.981812
0.981812
0.981812
0.981812
0.981812
0.981812
0.981812
0.981812
0.981812
0.981812
0.981812
0.981812
0.981812
0.981812
0.981812
0.981812
0.981812
0.981812
0.981812
0.981812
0.981812
0.981812
0.981812
0.981812
0.981812
0.981812
0.981812
0.981812
0.981812
0.981812
0.981812
0.981812
0.981812
0.981812
0.981812
0.981812
0.981812
0.981812
0.981812
0.981812
0.981812
0.981812
0.981812
0.981812
0.981812
0.981812
0.981812
0.981812
0.981812
0.981812
0.9823
0.982788
0.983521
0.984009
0.984497
0.984985
0.985474
0.985962
0.98645
0.986938
0.987
0.987
0.987
0.987
0.987
0.987
0.987
0.987
0.987
0.987
0.987
0.987
0.987
0.987
0.987
0.987
0.987
0.987
0.987
0.987
0.987
0.987
0.987
0.987
0.987
0.987
0.987
0.987
0.987
0.987
0.987
0.987
0.987
0.987
0.987
0.987
0.987
0.987
0.987
0.987
0.987
0.987
0.987
0.987
0.987
0.987
0.987
0.987
0.987
0.987
0.987
0.987
0.987
0.987
0.987
0.987
0.987
0.987
0.987
0.987
0.987
0.987
0.987
0.987
0.987
0.987
0.987
0.987
0.987
0.987
0.987
0.987
0.987
0.987
0.987
0.987
0.987
0.987
0.987
0.987
0.987
0.987
0.987
0.987
0.987
0.987
0.987
0.987
0.987
0.987
0.987
0.987
0.987
0.987
0.987
0.987
0.987
0.987
0.987
0.987
0.987
0.987
0.987
0.987
0.987
0.987
0.987
0.987
0.987
0.987
0.987
0.987
0.987
0.987
0.987
0.987
