0
0
0
0
0
0
0
0.00012207
0.000610352
0.00164795
0.00335693
0.00592041
0.00946045
0.0140991
0.0200195
0.0272827
0.0358276
0.0457764
0.0571289
0.0768433
0.0917358
0.10791
0.125427
0.144165
0.164062
0.185059
0.207031
0.22998
0.253723
0.27832
0.303589
0.316528
0.35614
0.38324
0.410767
0.43866
0.481201
0.51001
0.524414
0.567932
0.597229
0.626526
0.655823
0.684937
0.713745
0.742554
0.770935
0.799133
0.826965
0.86792
0.881348
0.907837
0.946594
0.971741
0.996277
1.02008
1.04327
1.0658
1.08759
1.10864
1.13873
1.15778
1.17603
1.19336
1.20984
1.21777
1.23303
1.25427
1.27344
1.28516
1.29602
1.30115
1.31512
1.32336
1.33075
1.33728
1.34296
1.34778
1.35187
1.35504
1.35834
1.35907
1.35986
1.35999
1.35876
1.35706
1.35596
1.35168
1.34802
1.34375
1.33887
1.33618
1.32733
1.3208
1.31378
1.30627
1.29834
1.29004
1.28125
1.27209
1.26263
1.25287
1.23761
1.22723
1.21649
1.20575
1.19458
1.18335
1.17212
1.16089
1.14954
1.13782
1.1261
1.11438
1.10272
1.09149
1.07465
1.06342
1.05219
1.04114
1.03577
1.01965
1.00916
0.998901
0.988647
0.978882
0.969116
0.959778
0.9505
0.94165
0.932922
0.920471
0.916504
0.904907
0.897583
0.890625
0.883911
0.877563
0.871582
0.865906
0.860535
0.855652
0.851074
0.846802
0.842896
0.839355
0.836121
0.833191
0.829529
0.828552
0.825867
0.824402
0.823425
0.822693
0.822205
0.822144
0.822266
0.822754
0.823486
0.824463
0.826477
0.828064
0.830017
0.832031
0.834473
0.836914
0.839783
0.842712
0.845764
0.849182
0.8526
0.858093
0.860046
0.863953
0.869812
0.874146
0.87854
0.882935
0.887329
0.891724
0.896118
0.900635
0.905518
0.912842
0.917725
0.922607
0.92749
0.932373
0.937195
0.941589
0.945984
0.950378
0.954773
0.959167
0.963562
0.967712
0.973572
0.975525
0.979431
0.985046
0.988464
0.990173
0.9953
0.998657
1.00159
1.00452
1.00745
1.01038
1.01288
1.01532
1.01776
1.0202
1.02234
1.02429
1.02625
1.0282
1.03003
1.03149
1.03296
1.03442
1.03589
1.03699
1.03796
1.03894
1.03992
1.04083
1.04132
1.04181
1.04254
1.04279
1.04315
1.04315
1.04315
1.04315
1.04315
1.04297
1.04248
1.04199
1.0415
1.04102
1.04053
1.04004
1.03912
1.03815
1.03717
1.03619
1.03522
1.03424
1.03326
1.03229
1.03131
1.02991
1.02844
1.02698
1.02551
1.02405
1.02258
1.02112
1.01892
1.01819
1.01672
1.01526
1.01379
1.0116
1.01013
1.00867
1.0072
1.00574
1.00427
1.00281
1.00134
0.999878
0.998413
0.996948
0.995483
0.994019
0.992554
0.991089
0.989624
0.988159
0.986694
0.985229
0.983032
0.981567
0.980103
0.978638
0.977173
0.975708
0.974243
0.972778
0.971313
0.969971
0.968994
0.968018
0.967041
0.966064
0.9646
0.963623
0.962646
0.96167
0.961182
0.959717
0.95874
0.957764
0.956787
0.956055
0.955566
0.955078
0.95459
0.954102
0.953613
0.953125
0.952637
0.952148
0.95166
0.951172
0.950684
0.950195
0.950195
0.950195
0.950195
0.950195
0.950195
0.950195
0.950195
0.950195
0.950195
0.950195
0.950195
0.950195
0.950195
0.950317
0.950806
0.951294
0.951782
0.952271
0.953003
0.953247
0.953735
0.954224
0.954956
0.955444
0.955688
0.956421
0.956909
0.957397
0.957886
0.958374
0.958862
0.959351
0.959839
0.960327
0.960815
0.961304
0.961792
0.962524
0.963013
0.963501
0.963989
0.964478
0.964966
0.965454
0.965942
0.966675
0.966919
0.967651
0.96814
0.968628
0.969116
0.969849
0.970337
0.970825
0.971313
0.971802
0.97229
0.972778
0.973267
0.973755
0.974487
0.974976
0.975464
0.975952
0.97644
0.976929
0.977417
0.977905
0.978394
0.978882
0.979614
0.980103
0.980591
0.981079
0.981567
0.982056
0.982361
0.982361
0.982361
0.982361
0.982361
0.982361
0.982361
0.982361
0.982361
0.982361
0.982361
0.982361
0.982361
0.982361
0.982361
0.982361
0.982361
0.982361
0.982361
0.982361
0.982361
0.982361
0.982361
0.982361
0.982361
0.982361
0.982361
0.982361
0.982361
0.982361
0.982361
0.982361
0.982361
0.982361
0.982361
0.982361
0.982361
0.982361
0.982361
0.982361
0.982361
0.982361
0.982361
0.982361
0.982361
0.982361
0.982361
0.982361
0.982361
0.982361
0.982361
0.982361
0.982361
0.982361
0.982361
0.982361
0.982361
0.982361
0.982361
0.982361
0.982361
0.982361
0.982361
0.982361
0.982361
0.982361
0.982361
0.982361
0.982361
0.982361
0.982361
0.982361
0.982361
0.982361
0.982361
0.982361
0.982361
0.982361
0.982361
0.982361
0.982361
0.982361
0.982361
0.982361
0.982361
0.982361
0.982361
0.982361
0.982361
0.982361
0.982361
0.982361
0.982361
0.982361
0.982361
0.982361
0.982361
0.982361
0.982361
0.982361
0.982361
0.982361
0.982361
0.982361
0.982361
0.982361
0.982361
0.982361
0.982361
0.982361
0.982361
0.982361
0.982361
0.982361
0.982361
0.982361
0.982361
0.982361
0.982361
0.982361
0.982361
0.982361
0.982361
0.982361
0.982361
0.982361
0.982361
0.982361
0.982361
0.982361
0.982361
0.982361
0.982361
0.982361
0.982361
0.982361
0.982361
0.982361
0.982361
0.982361
0.982361
0.982361
0.982361
0.982361
0.982361
0.982361
0.982361
0.982361
0.982361
0.982361
0.982361
0.982361
0.982361
0.982361
0.982361
0.982361
0.982361
0.982361
0.982361
0.982361
0.982361
0.982361
0.982361
0.982361
0.982361
0.982361
0.982361
0.982361
0.982361
0.982361
0.982361
0.982361
0.982361
0.982361
0.982361
0.982361
0.982361
0.982361
0.982361
0.982361
0.982361
0.982361
0.982361
0.982361
0.982361
0.982361
0.982361
0.982361
0.982361
0.982361
0.982361
0.982361
0.982361
0.982361
0.982361
0.982361
0.982361
0.982361
0.982361
0.982361
0.982361
0.982361
0.982361
0.982361
0.982361
0.982361
0.982361
0.982361
0.982361
0.982361
0.982361
0.982361
0.982361
0.982361
0.982361
0.982361
0.982361
0.982361
0.982361
0.982361
0.982361
0.982361
0.982361
0.982361
0.982361
0.982361
0.982361
0.982361
0.982361
0.982361
0.982361
0.982361
0.982361
0.982361
0.982361
0.982361
0.982361
0.982361
0.982361
0.982361
0.982361
0.982361
0.982361
0.982361
0.982361
0.982361
0.982361
0.982361
0.982361
0.982361
0.982361
0.982361
0.982361
0.982361
0.982361
0.982361
0.982361
0.982361
0.982361
0.982361
0.982361
0.982361
0.982361
0.982361
0.982361
0.982361
0.982361
0.982361
0.982361
0.982361
0.982361
0.982361
0.982361
0.982361
0.982361
0.982361
0.982361
0.982361
0.982361
0.982361
0.982361
0.982361
0.982361
0.982361
0.982361
0.982361
0.982361
0.982361
0.982361
0.982361
0.982361
0.982361
0.982361
0.982361
0.982361
0.982361
0.982361
0.982361
0.982361
0.982361
0.982361
0.982361
0.982361
0.982361
0.982361
0.982361
0.982361
0.982361
0.982361
0.982361
0.982361
0.982361
0.982361
0.982361
0.982361
0.982361
0.982361
0.982361
0.982361
0.982361
0.982361
0.982361
0.982361
0.982361
0.982361
0.982361
0.982361
0.982361
0.982361
0.982361
0.982361
0.982361
0.982361
0.982361
0.982361
0.982361
0.982361
0.982361
0.982361
0.982361
0.982361
0.982361
0.982361
0.982361
0.982361
0.982361
0.982361
0.982361
0.982361
0.982361
0.982361
0.982361
0.982361
0.982361
0.982361
0.982361
0.982361
0.982361
0.982361
0.982361
0.982361
0.982361
0.982361
0.982361
0.982361
0.982361
0.982361
0.982361
0.982361
0.982361
0.982361
0.982361
0.982361
0.982361
0.982361
0.982361
0.982361
0.982361
0.982361
0.982361
0.982361
0.982361
0.982361
0.982361
0.982361
0.982361
0.982361
0.982361
0.982361
0.982361
0.982361
0.982361
0.982361
0.982361
0.982361
0.982361
0.982361
0.982361
0.982361
0.982361
0.982361
0.982361
0.982361
0.982361
0.982361
0.982361
0.982361
0.982361
0.982361
0.982361
0.982361
0.982361
0.982361
0.982361
0.982361
0.982361
0.982361
0.982361
0.982361
0.982361
0.982361
0.982361
0.982361
0.982361
0.982361
0.982361
0.982361
0.982361
0.982361
0.982361
0.982361
0.982361
0.982361
0.982361
0.982361
0.982361
0.982361
0.982361
0.982361
0.982361
0.982361
0.982361
0.982361
0.982361
0.982361
0.982361
0.982361
0.982361
0.982361
0.982361
0.982361
0.982361
0.982361
0.982361
0.982361
0.982361
0.982361
0.982361
0.982361
0.982361
0.982361
0.982361
0.982361
0.982361
0.982361
0.982361
0.982361
0.982361
0.982361
0.982361
0.982361
0.982361
0.982361
0.982361
0.982361
0.982361
0.982361
0.982361
0.982361
0.982361
0.982361
0.982361
0.982361
0.982361
0.982361
0.982361
0.982361
0.982361
0.982361
0.982361
0.982361
0.982361
0.982361
0.982361
0.982361
0.982361
0.982361
0.982361
0.982361
0.982361
0.982361
0.982361
0.982361
0.982361
0.982361
0.982361
0.982361
0.982788
0.983276
0.983765
0.984253
0.984741
0.985229
0.985718
0.985962
0.985962
0.987366
0.987366
0.987366
0.987366
0.987366
0.987366
0.987366
0.987366
0.987366
0.987366
0.987366
0.987366
0.987366
0.987366
0.987366
0.987366
0.987366
0.987366
0.987366
0.987366
0.987366
0.987366
0.987366
0.987366
0.987366
0.987366
0.987366
0.987366
0.987366
0.987366
0.987366
0.987366
0.987366
0.987366
0.987366
0.987366
0.987366
0.987366
0.987366
0.987366
0.987366
0.987366
0.987366
0.987366
0.987366
0.987366
0.987366
0.987366
0.987366
0.987366
0.987366
0.987366
0.987366
0.987366
0.987366
0.987366
0.987366
0.987366
0.987366
0.987366
0.987366
0.987366
0.987366
0.987366
0.987366
0.987366
0.987366
0.987366
0.987366
0.987366
0.987366
0.987366
0.987366
0.987366
0.987366
0.987366
0.987366
0.987366
0.987366
0.987366
0.987366
0.987366
0.987366
0.987366
0.987366
0.987366
0.987366
0.987366
0.987366
0.987366
