0
0
0
0
0
0
0
0
0.000366211
0.00109863
0.00238037
0.0045166
0.00756836
0.0115967
0.0200195
0.0234985
0.0313721
0.0406494
0.0513306
0.0700073
0.0769653
0.0918579
0.116638
0.134766
0.154114
0.174622
0.196167
0.21875
0.242188
0.266418
0.291504
0.3172
0.343506
0.370361
0.397705
0.425537
0.453674
0.481995
0.51062
0.539429
0.568237
0.597046
0.625854
0.654663
0.697632
0.711792
0.740112
0.768005
0.795654
0.836426
0.849854
0.876282
0.902222
0.940063
0.9646
0.976624
1.01178
1.03442
1.05634
1.07758
1.09802
1.11774
1.1366
1.15472
1.17206
1.18848
1.2041
1.21887
1.23279
1.24579
1.25793
1.26923
1.27972
1.28931
1.29803
1.30206
1.31299
1.31915
1.32458
1.32922
1.33307
1.33618
1.33844
1.34003
1.34082
1.34094
1.34033
1.33911
1.33722
1.33466
1.33148
1.32562
1.32343
1.3158
1.31305
1.30713
1.2973
1.29016
1.28265
1.27472
1.26642
1.25769
1.24872
1.23944
1.22986
1.22009
1.21008
1.19983
1.18958
1.17896
1.16821
1.15747
1.14673
1.13599
1.12524
1.1145
1.10376
1.09302
1.08228
1.07153
1.06079
1.05029
1.04004
1.02466
1.01965
1.00989
1.00012
0.986023
0.976746
0.97229
0.959106
0.950684
0.942383
0.934509
0.926758
0.919434
0.912292
0.905457
0.902222
0.892822
0.886963
0.88147
0.876221
0.871338
0.866821
0.862549
0.858643
0.855164
0.851929
0.848999
0.846436
0.844116
0.842163
0.840515
0.839111
0.838135
0.837341
0.836853
0.83667
0.83667
0.837097
0.837585
0.838562
0.839539
0.841003
0.842468
0.84436
0.846313
0.848511
0.850952
0.853394
0.856262
0.859192
0.862122
0.865417
0.868835
0.872253
0.875671
0.879517
0.885376
0.889282
0.893188
0.897095
0.899048
0.905457
0.909851
0.914246
0.91864
0.920837
0.927429
0.931824
0.936218
0.940613
0.942688
0.948547
0.952454
0.95636
0.960266
0.964172
0.968079
0.971558
0.974976
0.978394
0.981812
0.985229
0.98822
0.99115
0.99408
0.997009
0.999817
1.00226
1.0047
1.00714
1.00958
1.01178
1.01471
1.01569
1.01862
1.01959
1.02118
1.02264
1.02411
1.02631
1.02704
1.02814
1.02911
1.03009
1.03156
1.03204
1.03296
1.0332
1.03394
1.03442
1.03491
1.03516
1.03516
1.03516
1.03516
1.03516
1.03516
1.03503
1.03455
1.03406
1.03357
1.03308
1.03259
1.0321
1.03162
1.03094
1.02997
1.02899
1.02802
1.02704
1.02606
1.02509
1.02362
1.02313
1.02167
1.02118
1.0202
1.01874
1.01758
1.01611
1.01465
1.01318
1.01172
1.01025
1.00879
1.00732
1.00586
1.00439
1.00293
1.00146
1
0.998535
0.99707
0.995605
0.994141
0.992676
0.991211
0.989746
0.988281
0.986816
0.985352
0.983154
0.982422
0.980957
0.979065
0.978577
0.9776
0.976624
0.975159
0.97467
0.973694
0.972229
0.971252
0.970276
0.969299
0.968323
0.967346
0.96637
0.965393
0.964417
0.96344
0.962463
0.961487
0.960815
0.960327
0.959839
0.959351
0.958862
0.958374
0.957886
0.957397
0.956909
0.956421
0.955933
0.955444
0.954956
0.954468
0.953979
0.953857
0.953857
0.953857
0.953857
0.953857
0.953857
0.953857
0.953857
0.953857
0.953857
0.953857
0.953857
0.953857
0.953857
0.953857
0.953857
0.953857
0.954224
0.954712
0.9552
0.955688
0.956177
0.956665
0.957153
0.957642
0.95813
0.958618
0.959106
0.959595
0.960083
0.960571
0.96106
0.961548
0.962036
0.962769
0.963013
0.963501
0.963989
0.964478
0.96521
0.965454
0.965942
0.966675
0.967163
0.967651
0.967896
0.968628
0.969116
0.969604
0.970093
0.970581
0.971069
0.971558
0.972046
0.972534
0.973022
0.973511
0.973999
0.974487
0.974976
0.975464
0.975952
0.97644
0.976929
0.977417
0.977905
0.978394
0.978882
0.97937
0.979858
0.980286
0.980286
0.980286
0.980286
0.980286
0.980286
0.980286
0.980286
0.980286
0.980286
0.980286
0.980286
0.980286
0.980286
0.980286
0.980286
0.980286
0.980286
0.980286
0.980286
0.980286
0.980286
0.980286
0.980286
0.980286
0.980286
0.980286
0.980286
0.980286
0.980286
0.980286
0.980286
0.980286
0.980286
0.980286
0.980286
0.980286
0.980286
0.980286
0.980286
0.980286
0.980286
0.980286
0.980286
0.980286
0.980286
0.980286
0.980286
0.980286
0.980286
0.980286
0.980286
0.980286
0.980286
0.980286
0.980286
0.980286
0.980286
0.980286
0.980286
0.980286
0.980286
0.980286
0.980286
0.980286
0.980286
0.980286
0.980286
0.980286
0.980286
0.980286
0.980286
0.980286
0.980286
0.980286
0.980286
0.980286
0.980286
0.980286
0.980286
0.980286
0.980286
0.980286
0.980286
0.980286
0.980286
0.980286
0.980286
0.980286
0.980286
0.980286
0.980286
0.980286
0.980286
0.980286
0.980286
0.980286
0.980286
0.980286
0.980286
0.980286
0.980286
0.980286
0.980286
0.980286
0.980286
0.980286
0.980286
0.980286
0.980286
0.980286
0.980286
0.980286
0.980286
0.980286
0.980286
0.980286
0.980286
0.980286
0.980286
0.980286
0.980286
0.980286
0.980286
0.980286
0.980286
0.980286
0.980286
0.980286
0.980286
0.980286
0.980286
0.980286
0.980286
0.980286
0.980286
0.980286
0.980286
0.980286
0.980286
0.980286
0.980286
0.980286
0.980286
0.980286
0.980286
0.980286
0.980286
0.980286
0.980286
0.980286
0.980286
0.980286
0.980286
0.980286
0.980286
0.980286
0.980286
0.980286
0.980286
0.980286
0.980286
0.980286
0.980286
0.980286
0.980286
0.980286
0.980286
0.980286
0.980286
0.980286
0.980286
0.980286
0.980286
0.980286
0.980286
0.980286
0.980286
0.980286
0.980286
0.980286
0.980286
0.980286
0.980286
0.980286
0.980286
0.980286
0.980286
0.980286
0.980286
0.980286
0.980286
0.980286
0.980286
0.980286
0.980286
0.980286
0.980286
0.980286
0.980286
0.980286
0.980286
0.980286
0.980286
0.980286
0.980286
0.980286
0.980286
0.980286
0.980286
0.980286
0.980286
0.980286
0.980286
0.980286
0.980286
0.980286
0.980286
0.980286
0.980286
0.980286
0.980286
0.980286
0.980286
0.980286
0.980286
0.980286
0.980286
0.980286
0.980286
0.980286
0.980286
0.980286
0.980286
0.980286
0.980286
0.980286
0.980286
0.980286
0.980286
0.980286
0.980286
0.980286
0.980286
0.980286
0.980286
0.980286
0.980286
0.980286
0.980286
0.980286
0.980286
0.980286
0.980286
0.980286
0.980286
0.980286
0.980286
0.980286
0.980286
0.980286
0.980286
0.980286
0.980286
0.980286
0.980286
0.980286
0.980286
0.980286
0.980286
0.980286
0.980286
0.980286
0.980286
0.980286
0.980286
0.980286
0.980286
0.980286
0.980286
0.980286
0.980286
0.980286
0.980286
0.980286
0.980286
0.980286
0.980286
0.980286
0.980286
0.980286
0.980286
0.980286
0.980286
0.980286
0.980286
0.980286
0.980286
0.980286
0.980286
0.980286
0.980286
0.980286
0.980286
0.980286
0.980286
0.980286
0.980286
0.980286
0.980286
0.980286
0.980286
0.980286
0.980286
0.980286
0.980286
0.980286
0.980286
0.980286
0.980286
0.980286
0.980286
0.980286
0.980286
0.980286
0.980286
0.980286
0.980286
0.980286
0.980286
0.980286
0.980286
0.980286
0.980286
0.980286
0.980286
0.980286
0.980286
0.980286
0.980286
0.980286
0.980286
0.980286
0.980286
0.980286
0.980286
0.980286
0.980286
0.980286
0.980286
0.980286
0.980286
0.980286
0.980286
0.980286
0.980286
0.980286
0.980286
0.980286
0.980286
0.980286
0.980286
0.980286
0.980286
0.980286
0.980286
0.980286
0.980286
0.980286
0.980286
0.980286
0.980286
0.980286
0.980286
0.980286
0.980286
0.980286
0.980286
0.980286
0.980286
0.980286
0.980286
0.980286
0.980286
0.980286
0.980286
0.980286
0.980286
0.980286
0.980286
0.980286
0.980286
0.980286
0.980286
0.980286
0.980286
0.980286
0.980286
0.980286
0.980286
0.980286
0.980286
0.980286
0.980286
0.980286
0.980286
0.980286
0.980286
0.980286
0.980286
0.980347
0.980835
0.981323
0.981812
0.9823
0.982788
0.983276
0.983765
0.984253
0.984741
0.985229
0.985718
0.98584
0.98584
0.98584
0.98584
0.98584
0.98584
0.98584
0.98584
0.98584
0.98584
0.98584
0.98584
0.98584
0.98584
0.98584
0.98584
0.98584
0.98584
0.98584
0.98584
0.98584
0.98584
0.98584
0.98584
0.98584
0.98584
0.98584
0.98584
0.98584
0.98584
0.98584
0.98584
0.98584
0.98584
0.98584
0.98584
0.98584
0.98584
0.98584
0.98584
0.98584
0.98584
0.98584
0.98584
0.98584
0.98584
0.98584
0.98584
0.98584
0.98584
0.98584
0.98584
0.98584
0.98584
0.98584
0.98584
0.98584
0.98584
0.98584
0.98584
0.98584
0.98584
0.98584
0.98584
0.98584
0.98584
0.98584
0.98584
0.98584
0.98584
0.98584
0.98584
0.98584
0.98584
0.98584
0.98584
0.98584
0.98584
0.98584
0.98584
0.98584
0.98584
0.98584
0.98584
0.98584
0.98584
0.98584
0.98584
0.98584
0.98584
0.98584
0.98584
0.98584
0.98584
0.98584
0.98584
0.98584
0.98584
0.98584
0.98584
0.98584
0.98584
0.98584
0.98584
0.98584
0.98584
0.98584
0.98584
0.98584
0.98584
0.98584
0.98584
0.98584
0.98584
0.98584
0.98584
0.98584
0.98584
0.98584
0.98584
0.98584
0.98584
0.98584
0.98584
0.98584
0.98584
0.98584
0.98584
0.98584
0.98584
0.98584
0.98584
0.98584
0.98584
0.98584
0.98584
0.98584
0.98584
0.98584
0.98584
0.98584
0.98584
0.98584
0.98584
0.98584
0.98584
0.98584
0.98584
0.98584
0.98584
0.98584
0.98584
0.98584
0.98584
0.98584
0.98584
0.98584
0.98584
0.98584
0.98584
0.98584
0.98584
0.98584
0.98584
0.98584
0.98584
0.98584
0.98584
0.98584
0.98584
0.98584
0.98584
0.98584
0.98584
0.98584
0.98584
0.98584
0.98584
0.98584
0.98584
0.98584
0.98584
0.98584
0.98584
0.98584
0.98584
0.98584
