0
0
0
0
0
0
0
0.00012207
0.000610352
0.00164795
0.00335693
0.00592041
0.00946045
0.0140991
0.0200195
0.0272827
0.0358276
0.0457764
0.0633545
0.0698853
0.0841064
0.0996704
0.116516
0.134644
0.153931
0.174377
0.195862
0.229858
0.241638
0.265808
0.303467
0.316406
0.356018
0.383057
0.410522
0.424438
0.466614
0.494934
0.52356
0.552368
0.581177
0.609985
0.638794
0.667358
0.695679
0.723999
0.751831
0.77948
0.806824
0.833679
0.860168
0.886169
0.911682
0.936707
0.961182
0.985046
1.0083
1.03094
1.05292
1.07422
1.09485
1.11469
1.13385
1.15222
1.16986
1.18671
1.20264
1.21783
1.23224
1.24573
1.26447
1.27032
1.2865
1.29144
1.30078
1.30927
1.31689
1.32678
1.32965
1.33478
1.341
1.34271
1.34656
1.34821
1.349
1.34918
1.34857
1.34729
1.34534
1.34271
1.33948
1.33563
1.33112
1.32605
1.3205
1.31439
1.3078
1.30072
1.29321
1.28534
1.27704
1.26831
1.25928
1.25
1.2403
1.23053
1.22028
1.21002
1.19409
1.18872
1.17798
1.16724
1.15607
1.14484
1.13361
1.12238
1.10553
1.0943
1.08868
1.0777
1.06696
1.05084
1.0401
1.02985
1.01959
1.00946
0.999695
0.989929
0.980591
0.971313
0.962402
0.953613
0.945251
0.937012
0.929199
0.921631
0.914307
0.90741
0.900696
0.894348
0.888367
0.882629
0.877258
0.872192
0.867371
0.862976
0.858887
0.855042
0.851624
0.848511
0.845642
0.843201
0.841003
0.83905
0.837585
0.836304
0.834961
0.834473
0.834229
0.834229
0.834351
0.835083
0.835999
0.836975
0.838379
0.839844
0.841675
0.843628
0.845825
0.848267
0.850708
0.853638
0.856567
0.859497
0.862915
0.866333
0.869751
0.87323
0.877136
0.881042
0.884949
0.888855
0.892761
0.89679
0.901184
0.905579
0.909973
0.914368
0.918762
0.923157
0.927551
0.931946
0.93634
0.940735
0.945129
0.949219
0.953125
0.957031
0.960938
0.964844
0.96875
0.972412
0.97583
0.979248
0.982666
0.987671
0.990601
0.992065
0.99646
0.99939
1.00201
1.00323
1.00568
1.00934
1.01056
1.01056
1.01666
1.02057
1.02209
1.02356
1.02502
1.02649
1.02795
1.02893
1.02991
1.03088
1.03186
1.03271
1.0332
1.03369
1.03418
1.03467
1.0351
1.0351
1.0351
1.0351
1.0351
1.0351
1.0351
1.03436
1.03387
1.03339
1.0329
1.03241
1.03192
1.03143
1.0307
1.02972
1.02875
1.02777
1.02679
1.02582
1.02484
1.02386
1.02289
1.02191
1.02094
1.01996
1.01898
1.01801
1.01691
1.01544
1.01398
1.01251
1.01105
1.00958
1.00812
1.00665
1.00519
1.00372
1.00226
1.00079
0.999329
0.997864
0.996399
0.994934
0.993469
0.992004
0.99054
0.989075
0.98761
0.986145
0.98468
0.983215
0.98175
0.980286
0.979126
0.978149
0.977173
0.976196
0.974731
0.973755
0.973267
0.971802
0.970825
0.969849
0.968872
0.967896
0.966919
0.965942
0.964966
0.963989
0.963013
0.962036
0.96106
0.960388
0.9599
0.959412
0.958923
0.958435
0.957703
0.957458
0.956726
0.956482
0.95575
0.955261
0.954773
0.954285
0.953796
0.953552
0.953552
0.953552
0.953552
0.953552
0.953552
0.953552
0.953552
0.953552
0.953552
0.953552
0.953552
0.953552
0.953552
0.953552
0.953552
0.953552
0.953735
0.954224
0.954712
0.9552
0.955688
0.956177
0.956665
0.957153
0.957886
0.958374
0.958862
0.959351
0.959839
0.960327
0.960815
0.961304
0.961792
0.96228
0.962769
0.963257
0.963745
0.964478
0.964722
0.965454
0.965942
0.966431
0.966919
0.967651
0.96814
0.968628
0.969116
0.969604
0.970093
0.970581
0.971313
0.971558
0.972046
0.972778
0.973022
0.973755
0.974243
0.974731
0.97522
0.975708
0.976196
0.976685
0.977173
0.977661
0.978149
0.978638
0.979126
0.979614
0.980103
0.980347
0.980347
0.980347
0.980347
0.980347
0.980347
0.980347
0.980347
0.980347
0.980347
0.980347
0.980347
0.980347
0.980347
0.980347
0.980347
0.980347
0.980347
0.980347
0.980347
0.980347
0.980347
0.980347
0.980347
0.980347
0.980347
0.980347
0.980347
0.980347
0.980347
0.980347
0.980347
0.980347
0.980347
0.980347
0.980347
0.980347
0.980347
0.980347
0.980347
0.980347
0.980347
0.980347
0.980347
0.980347
0.980347
0.980347
0.980347
0.980347
0.980347
0.980347
0.980347
0.980347
0.980347
0.980347
0.980347
0.980347
0.980347
0.980347
0.980347
0.980347
0.980347
0.980347
0.980347
0.980347
0.980347
0.980347
0.980347
0.980347
0.980347
0.980347
0.980347
0.980347
0.980347
0.980347
0.980347
0.980347
0.980347
0.980347
0.980347
0.980347
0.980347
0.980347
0.980347
0.980347
0.980347
0.980347
0.980347
0.980347
0.980347
0.980347
0.980347
0.980347
0.980347
0.980347
0.980347
0.980347
0.980347
0.980347
0.980347
0.980347
0.980347
0.980347
0.980347
0.980347
0.980347
0.980347
0.980347
0.980347
0.980347
0.980347
0.980347
0.980347
0.980347
0.980347
0.980347
0.980347
0.980347
0.980347
0.980347
0.980347
0.980347
0.980347
0.980347
0.980347
0.980347
0.980347
0.980347
0.980347
0.980347
0.980347
0.980347
0.980347
0.980347
0.980347
0.980347
0.980347
0.980347
0.980347
0.980347
0.980347
0.980347
0.980347
0.980347
0.980347
0.980347
0.980347
0.980347
0.980347
0.980347
0.980347
0.980347
0.980347
0.980347
0.980347
0.980347
0.980347
0.980347
0.980347
0.980347
0.980347
0.980347
0.980347
0.980347
0.980347
0.980347
0.980347
0.980347
0.980347
0.980347
0.980347
0.980347
0.980347
0.980347
0.980347
0.980347
0.980347
0.980347
0.980347
0.980347
0.980347
0.980347
0.980347
0.980347
0.980347
0.980347
0.980347
0.980347
0.980347
0.980347
0.980347
0.980347
0.980347
0.980347
0.980347
0.980347
0.980347
0.980347
0.980347
0.980347
0.980347
0.980347
0.980347
0.980347
0.980347
0.980347
0.980347
0.980347
0.980347
0.980347
0.980347
0.980347
0.980347
0.980347
0.980347
0.980347
0.980347
0.980347
0.980347
0.980347
0.980347
0.980347
0.980347
0.980347
0.980347
0.980347
0.980347
0.980347
0.980347
0.980347
0.980347
0.980347
0.980347
0.980347
0.980347
0.980347
0.980347
0.980347
0.980347
0.980347
0.980347
0.980347
0.980347
0.980347
0.980347
0.980347
0.980347
0.980347
0.980347
0.980347
0.980347
0.980347
0.980347
0.980347
0.980347
0.980347
0.980347
0.980347
0.980347
0.980347
0.980347
0.980347
0.980347
0.980347
0.980347
0.980347
0.980347
0.980347
0.980347
0.980347
0.980347
0.980347
0.980347
0.980347
0.980347
0.980347
0.980347
0.980347
0.980347
0.980347
0.980347
0.980347
0.980347
0.980347
0.980347
0.980347
0.980347
0.980347
0.980347
0.980347
0.980347
0.980347
0.980347
0.980347
0.980347
0.980347
0.980347
0.980347
0.980347
0.980347
0.980347
0.980347
0.980347
0.980347
0.980347
0.980347
0.980347
0.980347
0.980347
0.980347
0.980347
0.980347
0.980347
0.980347
0.980347
0.980347
0.980347
0.980347
0.980347
0.980347
0.980347
0.980347
0.980347
0.980347
0.980347
0.980347
0.980347
0.980347
0.980347
0.980347
0.980347
0.980347
0.980347
0.980347
0.980347
0.980347
0.980347
0.980347
0.980347
0.980347
0.980347
0.980347
0.980347
0.980347
0.980347
0.980347
0.980347
0.980347
0.980347
0.980347
0.980347
0.980347
0.980347
0.980347
0.980347
0.980347
0.980347
0.980347
0.980347
0.980347
0.980347
0.980347
0.980347
0.980347
0.980347
0.980347
0.980347
0.980347
0.980347
0.980347
0.980347
0.980347
0.980347
0.980347
0.980347
0.980347
0.980347
0.980347
0.980347
0.980347
0.980347
0.980347
0.980347
0.980347
0.980347
0.980347
0.980347
0.980347
0.980347
0.980347
0.980347
0.980347
0.980347
0.980347
0.980347
0.980347
0.980347
0.980347
0.980347
0.980347
0.980347
0.980347
0.980347
0.980347
0.980347
0.980347
0.980347
0.980347
0.980347
0.980347
0.980347
0.980347
0.980347
0.980347
0.980347
0.980591
0.981079
0.981567
0.982056
0.982544
0.983032
0.983521
0.984009
0.984497
0.984985
0.985474
0.985535
0.985535
0.985535
0.985535
0.985535
0.985535
0.985535
0.985535
0.985535
0.985535
0.985535
0.985535
0.985535
0.985535
0.985535
0.985535
0.985535
0.985535
0.985535
0.985535
0.985535
0.985535
0.985535
0.985535
0.985535
0.985535
0.985535
0.985535
0.985535
0.985535
0.985535
0.985535
0.985535
0.985535
0.985535
0.985535
0.985535
0.985535
0.985535
0.985535
0.985535
0.985535
0.985535
0.985535
0.985535
0.985535
0.985535
0.985535
0.985535
0.985535
0.985535
0.985535
0.985535
0.985535
0.985535
0.985535
0.985535
0.985535
0.985535
0.985535
0.985535
0.985535
0.985535
0.985535
0.985535
0.985535
0.985535
0.985535
0.985535
0.985535
0.985535
0.985535
0.985535
0.985535
0.985535
0.985535
0.985535
0.985535
0.985535
0.985535
0.985535
0.985535
0.985535
0.985535
0.985535
0.985535
0.985535
0.985535
0.985535
0.985535
0.985535
0.985535
0.985535
0.985535
0.985535
0.985535
0.985535
0.985535
0.985535
0.985535
0.985535
0.985535
0.985535
0.985535
0.985535
0.985535
0.985535
0.985535
0.985535
0.985535
0.985535
0.985535
0.985535
0.985535
0.985535
0.985535
0.985535
0.985535
0.985535
0.985535
0.985535
0.985535
0.985535
0.985535
0.985535
0.985535
0.985535
0.985535
0.985535
0.985535
0.985535
0.985535
0.985535
0.985535
0.985535
0.985535
0.985535
0.985535
0.985535
0.985535
0.985535
0.985535
0.985535
0.985535
0.985535
0.985535
0.985535
0.985535
0.985535
0.985535
0.985535
0.985535
0.985535
0.985535
0.985535
0.985535
0.985535
0.985535
0.985535
0.985535
0.985535
0.985535
0.985535
0.985535
0.985535
0.985535
0.985535
0.985535
0.985535
0.985535
0.985535
0.985535
0.985535
0.985535
0.985535
0.985535
0.985535
0.985535
0.985535
0.985535
0.985535
0.985535
0.985535
0.985535
0.985535
