0
0
0
0
0
0
0
0.000122071
0.000610352
0.00238037
0.00335693
0.00756836
0.00946045
0.0169067
0.0234985
0.0313721
0.0405884
0.0512695
0.0633545
0.0768433
0.0917358
0.10791
0.125427
0.144043
0.163879
0.184753
0.206604
0.229431
0.253113
0.277588
0.302734
0.328491
0.354858
0.381714
0.409058
0.436829
0.464844
0.493164
0.521545
0.550354
0.579163
0.607971
0.63678
0.665588
0.694214
0.722534
0.764771
0.778687
0.820007
0.833618
0.873657
0.886841
0.925476
0.950562
0.975098
0.999023
1.02228
1.04486
1.06665
1.08783
1.10815
1.12775
1.14655
1.16449
1.18164
1.19794
1.21338
1.22797
1.2417
1.25458
1.26654
1.27765
1.2879
1.2973
1.30981
1.31354
1.32349
1.32642
1.33386
1.33594
1.341
1.34229
1.34503
1.34589
1.34607
1.34546
1.34418
1.34222
1.3396
1.33636
1.33258
1.32812
1.32312
1.31763
1.31158
1.30505
1.2981
1.29071
1.2829
1.27466
1.26611
1.25732
1.24805
1.23865
1.22888
1.21899
1.20874
1.19849
1.18799
1.17725
1.1665
1.15576
1.14502
1.13397
1.11713
1.11151
1.09467
1.08392
1.07855
1.06781
1.05707
1.04095
1.0307
1.02557
1.01025
1.00537
0.995605
0.981323
0.976685
0.967407
0.958618
0.94574
0.937439
0.933411
0.921692
0.914368
0.907166
0.90033
0.893799
0.887512
0.881653
0.876099
0.870789
0.865906
0.861328
0.857056
0.853149
0.849609
0.846375
0.843445
0.840942
0.838684
0.836731
0.835205
0.833862
0.832886
0.832275
0.831787
0.831787
0.831909
0.832397
0.833618
0.834656
0.835388
0.836853
0.838562
0.841492
0.843811
0.846252
0.847473
0.848816
0.85614
0.859497
0.862915
0.866333
0.869812
0.873718
0.877625
0.879578
0.885437
0.889343
0.893677
0.898071
0.902466
0.909058
0.911255
0.915649
0.920044
0.924438
0.928833
0.933228
0.939819
0.944214
0.946411
0.950378
0.954285
0.960144
0.96405
0.967957
0.97168
0.975098
0.978516
0.981934
0.985352
0.988464
0.991394
0.994324
0.997253
1.00012
1.00256
1.005
1.00745
1.00989
1.01208
1.01404
1.01599
1.01794
1.0199
1.02155
1.02301
1.02448
1.02594
1.0274
1.02856
1.02954
1.03101
1.03198
1.03296
1.03345
1.03369
1.03418
1.03491
1.0354
1.03564
1.03564
1.03564
1.03564
1.03564
1.03564
1.03552
1.03503
1.03455
1.03406
1.03357
1.03308
1.03259
1.0321
1.03143
1.03046
1.02948
1.02802
1.02753
1.02655
1.02557
1.0246
1.02313
1.02216
1.02118
1.02069
1.01923
1.01807
1.0166
1.01514
1.01367
1.01221
1.01074
1.00928
1.00781
1.00635
1.00488
1.00342
1.00195
1.00049
0.999023
0.997559
0.996094
0.994629
0.993164
0.991699
0.990234
0.98877
0.987305
0.98584
0.984375
0.98291
0.981445
0.97998
0.978943
0.977966
0.976501
0.976013
0.975037
0.97406
0.973083
0.972107
0.970642
0.969666
0.968689
0.967712
0.966736
0.965759
0.964783
0.964294
0.96283
0.961853
0.960876
0.960388
0.9599
0.959412
0.958923
0.958435
0.957947
0.957458
0.95697
0.956482
0.956482
0.955505
0.954773
0.954285
0.953796
0.953796
0.953796
0.953796
0.953796
0.953796
0.953796
0.953796
0.953796
0.953796
0.953796
0.953796
0.953796
0.953796
0.953796
0.953796
0.953796
0.953796
0.954102
0.95459
0.955078
0.955566
0.956055
0.956543
0.957031
0.95752
0.958008
0.958496
0.959229
0.959473
0.959961
0.960449
0.961182
0.96167
0.961914
0.962646
0.963135
0.963623
0.964111
0.9646
0.965088
0.965576
0.966064
0.966553
0.967041
0.967529
0.968018
0.968506
0.968994
0.969482
0.969971
0.970459
0.970947
0.971436
0.971924
0.972412
0.9729
0.973389
0.973877
0.974365
0.975098
0.975586
0.97583
0.976562
0.977051
0.977539
0.978027
0.978516
0.979004
0.979492
0.97998
0.980469
0.98053
0.98053
0.98053
0.98053
0.98053
0.98053
0.98053
0.98053
0.98053
0.98053
0.98053
0.98053
0.98053
0.98053
0.98053
0.98053
0.98053
0.98053
0.98053
0.98053
0.98053
0.98053
0.98053
0.98053
0.98053
0.98053
0.98053
0.98053
0.98053
0.98053
0.98053
0.98053
0.98053
0.98053
0.98053
0.98053
0.98053
0.98053
0.98053
0.98053
0.98053
0.98053
0.98053
0.98053
0.98053
0.98053
0.98053
0.98053
0.98053
0.98053
0.98053
0.98053
0.98053
0.98053
0.98053
0.98053
0.98053
0.98053
0.98053
0.98053
0.98053
0.98053
0.98053
0.98053
0.98053
0.98053
0.98053
0.98053
0.98053
0.98053
0.98053
0.98053
0.98053
0.98053
0.98053
0.98053
0.98053
0.98053
0.98053
0.98053
0.98053
0.98053
0.98053
0.98053
0.98053
0.98053
0.98053
0.98053
0.98053
0.98053
0.98053
0.98053
0.98053
0.98053
0.98053
0.98053
0.98053
0.98053
0.98053
0.98053
0.98053
0.98053
0.98053
0.98053
0.98053
0.98053
0.98053
0.98053
0.98053
0.98053
0.98053
0.98053
0.98053
0.98053
0.98053
0.98053
0.98053
0.98053
0.98053
0.98053
0.98053
0.98053
0.98053
0.98053
0.98053
0.98053
0.98053
0.98053
0.98053
0.98053
0.98053
0.98053
0.98053
0.98053
0.98053
0.98053
0.98053
0.98053
0.98053
0.98053
0.98053
0.98053
0.98053
0.98053
0.98053
0.98053
0.98053
0.98053
0.98053
0.98053
0.98053
0.98053
0.98053
0.98053
0.98053
0.98053
0.98053
0.98053
0.98053
0.98053
0.98053
0.98053
0.98053
0.98053
0.98053
0.98053
0.98053
0.98053
0.98053
0.98053
0.98053
0.98053
0.98053
0.98053
0.98053
0.98053
0.98053
0.98053
0.98053
0.98053
0.98053
0.98053
0.98053
0.98053
0.98053
0.98053
0.98053
0.98053
0.98053
0.98053
0.98053
0.98053
0.98053
0.98053
0.98053
0.98053
0.98053
0.98053
0.98053
0.98053
0.98053
0.98053
0.98053
0.98053
0.98053
0.98053
0.98053
0.98053
0.98053
0.98053
0.98053
0.98053
0.98053
0.98053
0.98053
0.98053
0.98053
0.98053
0.98053
0.98053
0.98053
0.98053
0.98053
0.98053
0.98053
0.98053
0.98053
0.98053
0.98053
0.98053
0.98053
0.98053
0.98053
0.98053
0.98053
0.98053
0.98053
0.98053
0.98053
0.98053
0.98053
0.98053
0.98053
0.98053
0.98053
0.98053
0.98053
0.98053
0.98053
0.98053
0.98053
0.98053
0.98053
0.98053
0.98053
0.98053
0.98053
0.98053
0.98053
0.98053
0.98053
0.98053
0.98053
0.98053
0.98053
0.98053
0.98053
0.98053
0.98053
0.98053
0.98053
0.98053
0.98053
0.98053
0.98053
0.98053
0.98053
0.98053
0.98053
0.98053
0.98053
0.98053
0.98053
0.98053
0.98053
0.98053
0.98053
0.98053
0.98053
0.98053
0.98053
0.98053
0.98053
0.98053
0.98053
0.98053
0.98053
0.98053
0.98053
0.98053
0.98053
0.98053
0.98053
0.98053
0.98053
0.98053
0.98053
0.98053
0.98053
0.98053
0.98053
0.98053
0.98053
0.98053
0.98053
0.98053
0.98053
0.98053
0.98053
0.98053
0.98053
0.98053
0.98053
0.98053
0.98053
0.98053
0.98053
0.98053
0.98053
0.98053
0.98053
0.98053
0.98053
0.98053
0.98053
0.98053
0.98053
0.98053
0.98053
0.98053
0.98053
0.98053
0.98053
0.98053
0.98053
0.98053
0.98053
0.98053
0.98053
0.98053
0.98053
0.98053
0.98053
0.98053
0.98053
0.98053
0.98053
0.98053
0.98053
0.98053
0.98053
0.98053
0.98053
0.98053
0.98053
0.98053
0.98053
0.98053
0.98053
0.98053
0.98053
0.98053
0.98053
0.98053
0.98053
0.98053
0.98053
0.98053
0.98053
0.98053
0.98053
0.98053
0.98053
0.98053
0.98053
0.98053
0.98053
0.98053
0.98053
0.98053
0.98053
0.98053
0.98053
0.98053
0.98053
0.98053
0.98053
0.98053
0.98053
0.98053
0.98053
0.98053
0.98053
0.98053
0.98053
0.98053
0.98053
0.98053
0.98053
0.98053
0.98053
0.98053
0.98053
0.98053
0.98053
0.98053
0.98053
0.98053
0.98053
0.980774
0.981262
0.98175
0.982239
0.982727
0.983215
0.983704
0.984192
0.98468
0.985168
0.985657
0.985657
0.985657
0.985657
0.985657
0.985657
0.985657
0.985657
0.985657
0.985657
0.985657
0.985657
0.985657
0.985657
0.985657
0.985657
0.985657
0.985657
0.985657
0.985657
0.985657
0.985657
0.985657
0.985657
0.985657
0.985657
0.985657
0.985657
0.985657
0.985657
0.985657
0.985657
0.985657
0.985657
0.985657
0.985657
0.985657
0.985657
0.985657
0.985657
0.985657
0.985657
0.985657
0.985657
0.985657
0.985657
0.985657
0.985657
0.985657
0.985657
0.985657
0.985657
0.985657
0.985657
0.985657
0.985657
0.985657
0.985657
0.985657
0.985657
0.985657
0.985657
0.985657
0.985657
0.985657
0.985657
0.985657
0.985657
0.985657
0.985657
0.985657
0.985657
0.985657
0.985657
0.985657
0.985657
0.985657
0.985657
0.985657
0.985657
0.985657
0.985657
0.985657
0.985657
0.985657
0.985657
0.985657
0.985657
0.985657
0.985657
0.985657
0.985657
0.985657
0.985657
0.985657
0.985657
0.985657
0.985657
0.985657
0.985657
0.985657
0.985657
0.985657
0.985657
0.985657
0.985657
0.985657
0.985657
0.985657
0.985657
0.985657
0.985657
0.985657
0.985657
0.985657
0.985657
0.985657
0.985657
0.985657
0.985657
0.985657
0.985657
0.985657
0.985657
0.985657
0.985657
0.985657
0.985657
0.985657
0.985657
0.985657
0.985657
0.985657
0.985657
0.985657
0.985657
0.985657
0.985657
0.985657
0.985657
0.985657
0.985657
0.985657
0.985657
0.985657
0.985657
0.985657
0.985657
0.985657
0.985657
0.985657
0.985657
0.985657
0.985657
0.985657
0.985657
0.985657
0.985657
0.985657
0.985657
0.985657
0.985657
0.985657
0.985657
0.985657
0.985657
0.985657
0.985657
0.985657
0.985657
0.985657
0.985657
0.985657
0.985657
0.985657
0.985657
0.985657
0.985657
0.985657
0.985657
