0
0
0
0
0
0
0
0.000427246
0.0012207
0.00274658
0.00506592
0.00836182
0.0128174
0.0184326
0.0253906
0.0384521
0.0489502
0.0609131
0.0742798
0.0814819
0.105042
0.122375
0.140991
0.160828
0.181702
0.203674
0.226562
0.250305
0.274902
0.300171
0.326172
0.352722
0.379761
0.407288
0.43512
0.46344
0.491821
0.52063
0.549438
0.578247
0.607056
0.635864
0.664673
0.693481
0.721802
0.750122
0.777954
0.805542
0.832764
0.859558
0.885925
0.911743
0.937012
0.961731
0.985901
1.00946
1.03229
1.0545
1.07599
1.10681
1.1264
1.1452
1.16321
1.18048
1.1969
1.21246
1.22717
1.24103
1.25397
1.26599
1.27716
1.28741
1.29681
1.30536
1.31653
1.31982
1.32587
1.33099
1.33722
1.34039
1.34277
1.34442
1.34491
1.34546
1.34485
1.34363
1.34167
1.33905
1.33582
1.33203
1.32758
1.32257
1.31409
1.3078
1.30444
1.29742
1.28998
1.28217
1.26959
1.2608
1.25165
1.24231
1.23254
1.22272
1.21246
1.20221
1.19171
1.18097
1.17023
1.15948
1.14337
1.13214
1.12091
1.10968
1.09845
1.08746
1.07672
1.06598
1.05524
1.04449
1.03406
1.0238
1.01355
1.0036
0.993835
0.984192
0.974915
0.965637
0.956848
0.948059
0.939758
0.931519
0.923706
0.916077
0.908752
0.898376
0.891846
0.885559
0.8797
0.874146
0.868835
0.863953
0.859375
0.855103
0.851196
0.847656
0.844421
0.841492
0.838989
0.836731
0.834778
0.833252
0.831421
0.830933
0.830261
0.829773
0.829773
0.830139
0.830627
0.831543
0.83252
0.833984
0.835449
0.837341
0.839294
0.841553
0.843994
0.846497
0.849426
0.852356
0.855408
0.858826
0.862244
0.865662
0.869446
0.873352
0.877258
0.881165
0.885071
0.889221
0.893616
0.89801
0.902405
0.906799
0.911194
0.915588
0.919983
0.924377
0.928772
0.933167
0.937561
0.941956
0.94635
0.950623
0.954529
0.958435
0.962341
0.968201
0.970154
0.973755
0.978882
0.9823
0.985718
0.988892
0.991821
0.994751
0.997681
1.00055
1.00299
1.00543
1.00787
1.01031
1.01245
1.0144
1.01636
1.01831
1.02026
1.02173
1.02319
1.02466
1.02612
1.02747
1.02844
1.02942
1.0304
1.03137
1.03229
1.03278
1.03326
1.034
1.03424
1.03473
1.03485
1.03485
1.03485
1.03485
1.03485
1.03485
1.03455
1.03406
1.03333
1.03284
1.03235
1.03186
1.03137
1.03064
1.02966
1.02869
1.02771
1.02673
1.02576
1.02478
1.0238
1.02283
1.02185
1.02087
1.0199
1.0188
1.01733
1.01587
1.0144
1.01294
1.01147
1.01001
1.00854
1.00708
1.00488
1.00342
1.00269
1.00049
0.999756
0.997559
0.996094
0.994629
0.993164
0.991699
0.990234
0.98877
0.987305
0.98584
0.984375
0.98291
0.981445
0.97998
0.978516
0.977051
0.975586
0.974365
0.973389
0.971924
0.971436
0.970459
0.969482
0.968018
0.967529
0.966064
0.965576
0.9646
0.963623
0.962646
0.961182
0.960693
0.959229
0.958252
0.957397
0.956909
0.956421
0.955933
0.955444
0.954956
0.954468
0.953979
0.953491
0.953003
0.952515
0.952026
0.951538
0.95105
0.950867
0.950867
0.950867
0.950867
0.950867
0.950867
0.950867
0.950867
0.950867
0.950867
0.950867
0.950867
0.950867
0.950867
0.950867
0.950989
0.951477
0.951965
0.952454
0.952942
0.95343
0.953918
0.954407
0.954895
0.955383
0.955872
0.95636
0.956848
0.957336
0.957825
0.958313
0.958801
0.959534
0.959778
0.96051
0.960754
0.961487
0.961731
0.962463
0.962952
0.96344
0.963928
0.964417
0.964905
0.965393
0.965881
0.96637
0.966858
0.967346
0.967834
0.968323
0.968811
0.969299
0.969788
0.970276
0.970764
0.971252
0.971741
0.972229
0.972717
0.973206
0.973694
0.974182
0.97467
0.975159
0.975647
0.976379
0.976868
0.977112
0.977844
0.978333
0.978821
0.979309
0.979553
0.979553
0.979553
0.979553
0.979553
0.979553
0.979553
0.979553
0.979553
0.979553
0.979553
0.979553
0.979553
0.979553
0.979553
0.979553
0.979553
0.979553
0.979553
0.979553
0.979553
0.979553
0.979553
0.979553
0.979553
0.979553
0.979553
0.979553
0.979553
0.979553
0.979553
0.979553
0.979553
0.979553
0.979553
0.979553
0.979553
0.979553
0.979553
0.979553
0.979553
0.979553
0.979553
0.979553
0.979553
0.979553
0.979553
0.979553
0.979553
0.979553
0.979553
0.979553
0.979553
0.979553
0.979553
0.979553
0.979553
0.979553
0.979553
0.979553
0.979553
0.979553
0.979553
0.979553
0.979553
0.979553
0.979553
0.979553
0.979553
0.979553
0.979553
0.979553
0.979553
0.979553
0.979553
0.979553
0.979553
0.979553
0.979553
0.979553
0.979553
0.979553
0.979553
0.979553
0.979553
0.979553
0.979553
0.979553
0.979553
0.979553
0.979553
0.979553
0.979553
0.979553
0.979553
0.979553
0.979553
0.979553
0.979553
0.979553
0.979553
0.979553
0.979553
0.979553
0.979553
0.979553
0.979553
0.979553
0.979553
0.979553
0.979553
0.979553
0.979553
0.979553
0.979553
0.979553
0.979553
0.979553
0.979553
0.979553
0.979553
0.979553
0.979553
0.979553
0.979553
0.979553
0.979553
0.979553
0.979553
0.979553
0.979553
0.979553
0.979553
0.979553
0.979553
0.979553
0.979553
0.979553
0.979553
0.979553
0.979553
0.979553
0.979553
0.979553
0.979553
0.979553
0.979553
0.979553
0.979553
0.979553
0.979553
0.979553
0.979553
0.979553
0.979553
0.979553
0.979553
0.979553
0.979553
0.979553
0.979553
0.979553
0.979553
0.979553
0.979553
0.979553
0.979553
0.979553
0.979553
0.979553
0.979553
0.979553
0.979553
0.979553
0.979553
0.979553
0.979553
0.979553
0.979553
0.979553
0.979553
0.979553
0.979553
0.979553
0.979553
0.979553
0.979553
0.979553
0.979553
0.979553
0.979553
0.979553
0.979553
0.979553
0.979553
0.979553
0.979553
0.979553
0.979553
0.979553
0.979553
0.979553
0.979553
0.979553
0.979553
0.979553
0.979553
0.979553
0.979553
0.979553
0.979553
0.979553
0.979553
0.979553
0.979553
0.979553
0.979553
0.979553
0.979553
0.979553
0.979553
0.979553
0.979553
0.979553
0.979553
0.979553
0.979553
0.979553
0.979553
0.979553
0.979553
0.979553
0.979553
0.979553
0.979553
0.979553
0.979553
0.979553
0.979553
0.979553
0.979553
0.979553
0.979553
0.979553
0.979553
0.979553
0.979553
0.979553
0.979553
0.979553
0.979553
0.979553
0.979553
0.979553
0.979553
0.979553
0.979553
0.979553
0.979553
0.979553
0.979553
0.979553
0.979553
0.979553
0.979553
0.979553
0.979553
0.979553
0.979553
0.979553
0.979553
0.979553
0.979553
0.979553
0.979553
0.979553
0.979553
0.979553
0.979553
0.979553
0.979553
0.979553
0.979553
0.979553
0.979553
0.979553
0.979553
0.979553
0.979553
0.979553
0.979553
0.979553
0.979553
0.979553
0.979553
0.979553
0.979553
0.979553
0.979553
0.979553
0.979553
0.979553
0.979553
0.979553
0.979553
0.979553
0.979553
0.979553
0.979553
0.979553
0.979553
0.979553
0.979553
0.979553
0.979553
0.979553
0.979553
0.979553
0.979553
0.979553
0.979553
0.979553
0.979553
0.979553
0.979553
0.979553
0.979553
0.979553
0.979553
0.979553
0.979553
0.979553
0.979553
0.979553
0.979553
0.979553
0.979553
0.979553
0.979553
0.979553
0.979553
0.979553
0.979553
0.979553
0.979553
0.979553
0.979553
0.979553
0.979553
0.979553
0.979553
0.979553
0.979553
0.979553
0.979553
0.979553
0.979553
0.979553
0.979553
0.979553
0.979553
0.979553
0.979553
0.979553
0.979553
0.979553
0.979553
0.979553
0.979553
0.979553
0.979553
0.979553
0.979553
0.979553
0.979553
0.979553
0.979553
0.979553
0.979553
0.979553
0.979553
0.979553
0.979553
0.979553
0.979553
0.979553
0.979553
0.979553
0.979553
0.979553
0.979553
0.979553
0.979553
0.979553
0.979553
0.979553
0.979553
0.979553
0.979553
0.979553
0.979553
0.979553
0.979553
0.979553
0.979553
0.979553
0.979614
0.980103
0.980591
0.981079
0.981567
0.982056
0.982544
0.983032
0.983521
0.984253
0.984741
0.985229
0.985229
0.985229
0.985229
0.985229
0.985229
0.985229
0.985229
0.985229
0.985229
0.985229
0.985229
0.985229
0.985229
0.985229
0.985229
0.985229
0.985229
0.985229
0.985229
0.985229
0.985229
0.985229
0.985229
0.985229
0.985229
0.985229
0.985229
0.985229
0.985229
0.985229
0.985229
0.985229
0.985229
0.985229
0.985229
0.985229
0.985229
0.985229
0.985229
0.985229
0.985229
0.985229
0.985229
0.985229
0.985229
0.985229
0.985229
0.985229
0.985229
0.985229
0.985229
0.985229
0.985229
0.985229
0.985229
0.985229
0.985229
0.985229
0.985229
0.985229
0.985229
0.985229
0.985229
0.985229
0.985229
0.985229
0.985229
0.985229
0.985229
0.985229
0.985229
0.985229
0.985229
0.985229
0.985229
0.985229
0.985229
0.985229
0.985229
0.985229
0.985229
0.985229
0.985229
0.985229
0.985229
0.985229
0.985229
0.985229
0.985229
0.985229
0.985229
0.985229
0.985229
0.985229
0.985229
0.985229
0.985229
0.985229
0.985229
0.985229
0.985229
0.985229
0.985229
0.985229
0.985229
0.985229
0.985229
0.985229
0.985229
0.985229
0.985229
0.985229
0.985229
0.985229
0.985229
0.985229
0.985229
0.985229
0.985229
0.985229
0.985229
0.985229
0.985229
0.985229
0.985229
0.985229
0.985229
0.985229
0.985229
0.985229
0.985229
0.985229
0.985229
0.985229
0.985229
0.985229
0.985229
0.985229
0.985229
0.985229
0.985229
0.985229
0.985229
0.985229
0.985229
0.985229
0.985229
0.985229
0.985229
0.985229
0.985229
0.985229
0.985229
0.985229
0.985229
0.985229
0.985229
0.985229
0.985229
0.985229
0.985229
0.985229
0.985229
0.985229
0.985229
0.985229
0.985229
0.985229
0.985229
0.985229
0.985229
0.985229
0.985229
0.985229
0.985229
0.985229
0.985229
0.985229
0.985229
0.985229
0.985229
0.985229
0.985229
0.985229
0.985229
0.985229
0.985229
0.985229
0.985229
0.985229
0.985229
