0
0
0
0
0
0
0
0.00012207
0.000610352
0.00238037
0.0045166
0.00756836
0.0115967
0.0169067
0.0234985
0.0313721
0.0405884
0.0512695
0.0633545
0.0768433
0.0917358
0.10791
0.125427
0.144043
0.163879
0.184753
0.206604
0.22937
0.253052
0.277527
0.302673
0.32843
0.354797
0.381653
0.408997
0.436768
0.464783
0.493103
0.521423
0.550232
0.579041
0.607849
0.636658
0.665466
0.693787
0.722107
0.750183
0.778015
0.805481
0.832642
0.859375
0.88562
0.911377
0.949097
0.961365
0.997314
1.00903
1.03186
1.06488
1.07556
1.09631
1.12598
1.1355
1.15387
1.17151
1.19641
1.21198
1.22668
1.23376
1.2536
1.26575
1.27704
1.28748
1.297
1.30573
1.3136
1.32062
1.32678
1.33209
1.33661
1.34027
1.34314
1.34528
1.34656
1.34717
1.34698
1.34619
1.3446
1.34106
1.3396
1.33411
1.33197
1.32733
1.31934
1.31641
1.31012
1.29987
1.29248
1.28467
1.27643
1.26782
1.25897
1.24969
1.24023
1.23047
1.22052
1.21027
1.20001
1.18945
1.17871
1.16797
1.15723
1.14648
1.13574
1.125
1.11426
1.10352
1.09277
1.08203
1.07129
1.06061
1.05035
1.0401
1.02985
1.02002
1.01025
1.00067
0.991394
0.982117
0.973328
0.964539
0.956177
0.947876
0.940063
0.936157
0.924988
0.917847
0.911011
0.904541
0.898254
0.892395
0.88678
0.881409
0.876465
0.871704
0.86731
0.863281
0.859436
0.856018
0.852905
0.849976
0.847534
0.845276
0.843323
0.841736
0.840332
0.839355
0.838379
0.838135
0.838013
0.838013
0.838684
0.839417
0.839905
0.841614
0.843079
0.843811
0.84668
0.847656
0.851074
0.852295
0.860535
0.863464
0.86676
0.870178
0.873596
0.877014
0.880676
0.884583
0.888489
0.892395
0.896301
0.900208
0.904114
0.90802
0.911926
0.915833
0.919739
0.923645
0.927551
0.931458
0.935364
0.93927
0.945129
0.947083
0.952942
0.954895
0.960754
0.964233
0.967651
0.971069
0.974487
0.977905
0.981201
0.984131
0.987061
0.98999
0.99292
0.995667
0.998108
1.00055
1.00299
1.00543
1.00763
1.00958
1.01154
1.01349
1.01642
1.01715
1.01935
1.02081
1.02155
1.02374
1.02478
1.02527
1.02673
1.02771
1.02869
1.02942
1.02991
1.0304
1.03088
1.03137
1.03186
1.03204
1.03204
1.03204
1.03204
1.03204
1.03204
1.03204
1.03162
1.03113
1.03064
1.03015
1.02966
1.02917
1.02869
1.0282
1.02765
1.02667
1.0257
1.02472
1.02325
1.02277
1.02179
1.02081
1.01984
1.01837
1.0174
1.01691
1.01544
1.01447
1.01349
1.01251
1.01154
1.01056
1.00909
1.00763
1.00616
1.0047
1.00323
1.00177
1.00031
0.99884
0.997375
0.995178
0.994446
0.992981
0.990784
0.990051
0.988586
0.986389
0.985046
0.98407
0.983093
0.982117
0.98114
0.980164
0.979187
0.97821
0.977722
0.976257
0.975281
0.974304
0.973328
0.972351
0.971375
0.970398
0.969421
0.968445
0.967468
0.966492
0.965515
0.964539
0.963562
0.962524
0.96228
0.961792
0.961304
0.960571
0.960327
0.959839
0.959106
0.958862
0.958374
0.957886
0.957397
0.956665
0.956177
0.955688
0.9552
0.9552
0.9552
0.9552
0.9552
0.9552
0.9552
0.9552
0.9552
0.9552
0.9552
0.9552
0.9552
0.9552
0.9552
0.9552
0.9552
0.9552
0.9552
0.955261
0.95575
0.956238
0.956726
0.957214
0.957703
0.958191
0.958679
0.959412
0.959656
0.960144
0.960876
0.961121
0.961853
0.962341
0.96283
0.963318
0.963806
0.964294
0.964783
0.965271
0.965759
0.966248
0.966736
0.967224
0.967712
0.968201
0.968689
0.969177
0.969666
0.970154
0.970642
0.97113
0.971619
0.972107
0.972595
0.973083
0.973572
0.97406
0.974548
0.975037
0.975525
0.976013
0.976501
0.97699
0.977478
0.977966
0.978455
0.978943
0.979431
0.979919
0.980103
0.980103
0.980103
0.980103
0.980103
0.980103
0.980103
0.980103
0.980103
0.980103
0.980103
0.980103
0.980103
0.980103
0.980103
0.980103
0.980103
0.980103
0.980103
0.980103
0.980103
0.980103
0.980103
0.980103
0.980103
0.980103
0.980103
0.980103
0.980103
0.980103
0.980103
0.980103
0.980103
0.980103
0.980103
0.980103
0.980103
0.980103
0.980103
0.980103
0.980103
0.980103
0.980103
0.980103
0.980103
0.980103
0.980103
0.980103
0.980103
0.980103
0.980103
0.980103
0.980103
0.980103
0.980103
0.980103
0.980103
0.980103
0.980103
0.980103
0.980103
0.980103
0.980103
0.980103
0.980103
0.980103
0.980103
0.980103
0.980103
0.980103
0.980103
0.980103
0.980103
0.980103
0.980103
0.980103
0.980103
0.980103
0.980103
0.980103
0.980103
0.980103
0.980103
0.980103
0.980103
0.980103
0.980103
0.980103
0.980103
0.980103
0.980103
0.980103
0.980103
0.980103
0.980103
0.980103
0.980103
0.980103
0.980103
0.980103
0.980103
0.980103
0.980103
0.980103
0.980103
0.980103
0.980103
0.980103
0.980103
0.980103
0.980103
0.980103
0.980103
0.980103
0.980103
0.980103
0.980103
0.980103
0.980103
0.980103
0.980103
0.980103
0.980103
0.980103
0.980103
0.980103
0.980103
0.980103
0.980103
0.980103
0.980103
0.980103
0.980103
0.980103
0.980103
0.980103
0.980103
0.980103
0.980103
0.980103
0.980103
0.980103
0.980103
0.980103
0.980103
0.980103
0.980103
0.980103
0.980103
0.980103
0.980103
0.980103
0.980103
0.980103
0.980103
0.980103
0.980103
0.980103
0.980103
0.980103
0.980103
0.980103
0.980103
0.980103
0.980103
0.980103
0.980103
0.980103
0.980103
0.980103
0.980103
0.980103
0.980103
0.980103
0.980103
0.980103
0.980103
0.980103
0.980103
0.980103
0.980103
0.980103
0.980103
0.980103
0.980103
0.980103
0.980103
0.980103
0.980103
0.980103
0.980103
0.980103
0.980103
0.980103
0.980103
0.980103
0.980103
0.980103
0.980103
0.980103
0.980103
0.980103
0.980103
0.980103
0.980103
0.980103
0.980103
0.980103
0.980103
0.980103
0.980103
0.980103
0.980103
0.980103
0.980103
0.980103
0.980103
0.980103
0.980103
0.980103
0.980103
0.980103
0.980103
0.980103
0.980103
0.980103
0.980103
0.980103
0.980103
0.980103
0.980103
0.980103
0.980103
0.980103
0.980103
0.980103
0.980103
0.980103
0.980103
0.980103
0.980103
0.980103
0.980103
0.980103
0.980103
0.980103
0.980103
0.980103
0.980103
0.980103
0.980103
0.980103
0.980103
0.980103
0.980103
0.980103
0.980103
0.980103
0.980103
0.980103
0.980103
0.980103
0.980103
0.980103
0.980103
0.980103
0.980103
0.980103
0.980103
0.980103
0.980103
0.980103
0.980103
0.980103
0.980103
0.980103
0.980103
0.980103
0.980103
0.980103
0.980103
0.980103
0.980103
0.980103
0.980103
0.980103
0.980103
0.980103
0.980103
0.980103
0.980103
0.980103
0.980103
0.980103
0.980103
0.980103
0.980103
0.980103
0.980103
0.980103
0.980103
0.980103
0.980103
0.980103
0.980103
0.980103
0.980103
0.980103
0.980103
0.980103
0.980103
0.980103
0.980103
0.980103
0.980103
0.980103
0.980103
0.980103
0.980103
0.980103
0.980103
0.980103
0.980103
0.980103
0.980103
0.980103
0.980103
0.980103
0.980103
0.980103
0.980103
0.980103
0.980103
0.980103
0.980103
0.980103
0.980103
0.980103
0.980103
0.980103
0.980103
0.980103
0.980103
0.980103
0.980103
0.980103
0.980103
0.980103
0.980103
0.980103
0.980103
0.980103
0.980103
0.980103
0.980103
0.980103
0.980103
0.980103
0.980103
0.980103
0.980103
0.980103
0.980103
0.980103
0.980103
0.980103
0.980103
0.980103
0.980103
0.980103
0.980103
0.980103
0.980103
0.980103
0.980103
0.980103
0.980103
0.980103
0.980103
0.980103
0.980103
0.980103
0.980103
0.980103
0.980103
0.980103
0.980103
0.980103
0.980103
0.980103
0.980103
0.980103
0.980103
0.980103
0.980103
0.980103
0.980103
0.980103
0.98053
0.981018
0.981506
0.981995
0.982483
0.982971
0.983459
0.983948
0.984436
0.984924
0.985352
0.985352
0.985352
0.985352
0.985352
0.985352
0.985352
0.985352
0.985352
0.985352
0.985352
0.985352
0.985352
0.985352
0.985352
0.985352
0.985352
0.985352
0.985352
0.985352
0.985352
0.985352
0.985352
0.985352
0.985352
0.985352
0.985352
0.985352
0.985352
0.985352
0.985352
0.985352
0.985352
0.985352
0.985352
0.985352
0.985352
0.985352
0.985352
0.985352
0.985352
0.985352
0.985352
0.985352
0.985352
0.985352
0.985352
0.985352
0.985352
0.985352
0.985352
0.985352
0.985352
0.985352
0.985352
0.985352
0.985352
0.985352
0.985352
0.985352
0.985352
0.985352
0.985352
0.985352
0.985352
0.985352
0.985352
0.985352
0.985352
0.985352
0.985352
0.985352
0.985352
0.985352
0.985352
0.985352
0.985352
0.985352
0.985352
0.985352
0.985352
0.985352
0.985352
0.985352
0.985352
0.985352
0.985352
0.985352
0.985352
0.985352
0.985352
0.985352
0.985352
0.985352
0.985352
0.985352
0.985352
0.985352
0.985352
0.985352
0.985352
0.985352
0.985352
0.985352
0.985352
0.985352
0.985352
0.985352
0.985352
0.985352
0.985352
0.985352
0.985352
0.985352
0.985352
0.985352
0.985352
0.985352
0.985352
0.985352
0.985352
0.985352
0.985352
0.985352
0.985352
0.985352
0.985352
0.985352
0.985352
0.985352
0.985352
0.985352
0.985352
0.985352
0.985352
0.985352
0.985352
0.985352
0.985352
0.985352
0.985352
0.985352
0.985352
0.985352
0.985352
0.985352
0.985352
0.985352
0.985352
0.985352
0.985352
0.985352
0.985352
0.985352
0.985352
0.985352
0.985352
0.985352
0.985352
0.985352
0.985352
0.985352
0.985352
0.985352
0.985352
0.985352
0.985352
0.985352
0.985352
0.985352
0.985352
0.985352
0.985352
0.985352
0.985352
0.985352
0.985352
0.985352
0.985352
0.985352
0.985352
0.985352
0.985352
0.985352
0.985352
0.985352
0.985352
0.985352
0.985352
0.985352
0.985352
0.985352
0.985352
0.985352
0.985352
0.985352
0.985352
0.985352
0.985352
0.985352
0.985352
