0
0
0
0
0
0
0
0.00012207
0.00109863
0.00238037
0.00335693
0.00592041
0.00946045
0.0140991
0.0234985
0.0313721
0.0405884
0.0512695
0.0633545
0.0768433
0.0917358
0.10791
0.125427
0.144104
0.164001
0.184937
0.206909
0.229797
0.25354
0.278137
0.303345
0.329224
0.355713
0.38269
0.410095
0.437927
0.466064
0.494385
0.522888
0.551697
0.580505
0.609314
0.652527
0.680969
0.695129
0.737488
0.76532
0.792847
0.820068
0.833496
0.873169
0.898987
0.924255
0.948914
0.973022
0.99646
1.01923
1.04132
1.06262
1.08325
1.08325
1.11273
1.14923
1.16626
1.1825
1.19788
1.2124
1.22614
1.23907
1.25122
1.26263
1.27313
1.28284
1.29175
1.30353
1.30701
1.31342
1.31903
1.32379
1.32947
1.33221
1.33429
1.33557
1.33594
1.336
1.336
1.33362
1.33142
1.32861
1.3252
1.32117
1.31659
1.31146
1.30585
1.29657
1.29315
1.28613
1.27869
1.27087
1.25848
1.25409
1.2453
1.23145
1.22681
1.2171
1.20245
1.1922
1.18195
1.17169
1.16144
1.1507
1.13995
1.12921
1.11847
1.10773
1.09698
1.08667
1.07642
1.06616
1.05591
1.04584
1.03607
1.02631
1.01672
1.00745
0.998169
0.989258
0.980469
0.971863
0.963562
0.955383
0.947571
0.93988
0.932556
0.925415
0.918579
0.912048
0.905701
0.89978
0.894043
0.886047
0.883606
0.878723
0.874329
0.870178
0.864502
0.862793
0.859558
0.855286
0.854065
0.850708
0.848755
0.848022
0.846008
0.845032
0.84436
0.843872
0.843811
0.843811
0.844299
0.844849
0.845825
0.846802
0.848267
0.849731
0.851562
0.853516
0.855591
0.858032
0.860474
0.863098
0.866028
0.868958
0.871887
0.875244
0.878662
0.88208
0.885498
0.890808
0.892761
0.896667
0.900574
0.90448
0.910339
0.914246
0.918152
0.922058
0.925964
0.929871
0.933777
0.937683
0.941589
0.945496
0.949402
0.953186
0.956604
0.960022
0.96344
0.966858
0.970276
0.973511
0.97644
0.97937
0.9823
0.985229
0.986694
0.99054
0.994202
0.996643
0.999084
1.00128
1.00323
1.00519
1.00714
1.00909
1.01099
1.01245
1.01465
1.01538
1.01685
1.01892
1.0199
1.02087
1.02185
1.02283
1.0238
1.02454
1.02502
1.02551
1.026
1.02649
1.02698
1.02734
1.02734
1.02734
1.02734
1.02734
1.02734
1.02734
1.02734
1.02698
1.02649
1.026
1.02551
1.02478
1.02454
1.02405
1.02332
1.02307
1.02258
1.02167
1.0202
1.01971
1.01825
1.01776
1.01678
1.01532
1.01483
1.01337
1.01239
1.01141
1.01044
1.00946
1.00848
1.00751
1.00653
1.00555
1.00458
1.0036
1.00262
1.00165
1.00067
0.999695
0.998718
0.997742
0.996765
0.995789
0.994812
0.993835
0.992859
0.991882
0.990417
0.989929
0.988953
0.987976
0.986511
0.985535
0.984558
0.983582
0.982605
0.981628
0.980652
0.979675
0.978699
0.977722
0.976746
0.975769
0.974792
0.973816
0.972839
0.971863
0.970886
0.96991
0.968933
0.967957
0.96698
0.966003
0.96521
0.964722
0.964233
0.963745
0.963257
0.962769
0.96228
0.961792
0.961304
0.960815
0.960327
0.959839
0.959351
0.958862
0.958374
0.957886
0.957397
0.95697
0.95697
0.95697
0.95697
0.95697
0.95697
0.95697
0.95697
0.95697
0.95697
0.95697
0.95697
0.95697
0.95697
0.95697
0.95697
0.95697
0.95697
0.95697
0.95697
0.95697
0.957092
0.957581
0.958313
0.958801
0.959045
0.959534
0.960266
0.960754
0.961243
0.961731
0.962219
0.962708
0.963196
0.963684
0.964172
0.964661
0.965149
0.965637
0.966125
0.966614
0.967102
0.96759
0.968079
0.968567
0.969055
0.969543
0.970032
0.97052
0.971008
0.971741
0.971985
0.972717
0.972961
0.97345
0.974182
0.974426
0.975159
0.975647
0.976135
0.976624
0.977112
0.9776
0.978088
0.978577
0.979065
0.97937
0.97937
0.97937
0.97937
0.97937
0.97937
0.97937
0.97937
0.97937
0.97937
0.97937
0.97937
0.97937
0.97937
0.97937
0.97937
0.97937
0.97937
0.97937
0.97937
0.97937
0.97937
0.97937
0.97937
0.97937
0.97937
0.97937
0.97937
0.97937
0.97937
0.97937
0.97937
0.97937
0.97937
0.97937
0.97937
0.97937
0.97937
0.97937
0.97937
0.97937
0.97937
0.97937
0.97937
0.97937
0.97937
0.97937
0.97937
0.97937
0.97937
0.97937
0.97937
0.97937
0.97937
0.97937
0.97937
0.97937
0.97937
0.97937
0.97937
0.97937
0.97937
0.97937
0.97937
0.97937
0.97937
0.97937
0.97937
0.97937
0.97937
0.97937
0.97937
0.97937
0.97937
0.97937
0.97937
0.97937
0.97937
0.97937
0.97937
0.97937
0.97937
0.97937
0.97937
0.97937
0.97937
0.97937
0.97937
0.97937
0.97937
0.97937
0.97937
0.97937
0.97937
0.97937
0.97937
0.97937
0.97937
0.97937
0.97937
0.97937
0.97937
0.97937
0.97937
0.97937
0.97937
0.97937
0.97937
0.97937
0.97937
0.97937
0.97937
0.97937
0.97937
0.97937
0.97937
0.97937
0.97937
0.97937
0.97937
0.97937
0.97937
0.97937
0.97937
0.97937
0.97937
0.97937
0.97937
0.97937
0.97937
0.97937
0.97937
0.97937
0.97937
0.97937
0.97937
0.97937
0.97937
0.97937
0.97937
0.97937
0.97937
0.97937
0.97937
0.97937
0.97937
0.97937
0.97937
0.97937
0.97937
0.97937
0.97937
0.97937
0.97937
0.97937
0.97937
0.97937
0.97937
0.97937
0.97937
0.97937
0.97937
0.97937
0.97937
0.97937
0.97937
0.97937
0.97937
0.97937
0.97937
0.97937
0.97937
0.97937
0.97937
0.97937
0.97937
0.97937
0.97937
0.97937
0.97937
0.97937
0.97937
0.97937
0.97937
0.97937
0.97937
0.97937
0.97937
0.97937
0.97937
0.97937
0.97937
0.97937
0.97937
0.97937
0.97937
0.97937
0.97937
0.97937
0.97937
0.97937
0.97937
0.97937
0.97937
0.97937
0.97937
0.97937
0.97937
0.97937
0.97937
0.97937
0.97937
0.97937
0.97937
0.97937
0.97937
0.97937
0.97937
0.97937
0.97937
0.97937
0.97937
0.97937
0.97937
0.97937
0.97937
0.97937
0.97937
0.97937
0.97937
0.97937
0.97937
0.97937
0.97937
0.97937
0.97937
0.97937
0.97937
0.97937
0.97937
0.97937
0.97937
0.97937
0.97937
0.97937
0.97937
0.97937
0.97937
0.97937
0.97937
0.97937
0.97937
0.97937
0.97937
0.97937
0.97937
0.97937
0.97937
0.97937
0.97937
0.97937
0.97937
0.97937
0.97937
0.97937
0.97937
0.97937
0.97937
0.97937
0.97937
0.97937
0.97937
0.97937
0.97937
0.97937
0.97937
0.97937
0.97937
0.97937
0.97937
0.97937
0.97937
0.97937
0.97937
0.97937
0.97937
0.97937
0.97937
0.97937
0.97937
0.97937
0.97937
0.97937
0.97937
0.97937
0.97937
0.97937
0.97937
0.97937
0.97937
0.97937
0.97937
0.97937
0.97937
0.97937
0.97937
0.97937
0.97937
0.97937
0.97937
0.97937
0.97937
0.97937
0.97937
0.97937
0.97937
0.97937
0.97937
0.97937
0.97937
0.97937
0.97937
0.97937
0.97937
0.97937
0.97937
0.97937
0.97937
0.97937
0.97937
0.97937
0.97937
0.97937
0.97937
0.97937
0.97937
0.97937
0.97937
0.97937
0.97937
0.97937
0.97937
0.97937
0.97937
0.97937
0.97937
0.97937
0.97937
0.97937
0.97937
0.97937
0.97937
0.97937
0.97937
0.97937
0.97937
0.97937
0.97937
0.97937
0.97937
0.97937
0.97937
0.97937
0.979614
0.980103
0.980591
0.981079
0.981567
0.982056
0.982544
0.983276
0.983521
0.984009
0.984741
0.984985
0.984985
0.984985
0.984985
0.984985
0.984985
0.984985
0.984985
0.984985
0.984985
0.984985
0.984985
0.984985
0.984985
0.984985
0.984985
0.984985
0.984985
0.984985
0.984985
0.984985
0.984985
0.984985
0.984985
0.984985
0.984985
0.984985
0.984985
0.984985
0.984985
0.984985
0.984985
0.984985
0.984985
0.984985
0.984985
0.984985
0.984985
0.984985
0.984985
0.984985
0.984985
0.984985
0.984985
0.984985
0.984985
0.984985
0.984985
0.984985
0.984985
0.984985
0.984985
0.984985
0.984985
0.984985
0.984985
0.984985
0.984985
0.984985
0.984985
0.984985
0.984985
0.984985
0.984985
0.984985
0.984985
0.984985
0.984985
0.984985
0.984985
0.984985
0.984985
0.984985
0.984985
0.984985
0.984985
0.984985
0.984985
0.984985
0.984985
0.984985
0.984985
0.984985
0.984985
0.984985
0.984985
0.984985
0.984985
0.984985
0.984985
0.984985
0.984985
0.984985
0.984985
0.984985
0.984985
0.984985
0.984985
0.984985
0.984985
0.984985
0.984985
0.984985
0.984985
0.984985
0.984985
0.984985
0.984985
0.984985
0.984985
0.984985
0.984985
0.984985
0.984985
0.984985
0.984985
0.984985
0.984985
0.984985
0.984985
0.984985
0.984985
0.984985
0.984985
0.984985
0.984985
0.984985
0.984985
0.984985
0.984985
0.984985
0.984985
0.984985
0.984985
0.984985
0.984985
0.984985
0.984985
0.984985
0.984985
0.984985
0.984985
0.984985
0.984985
0.984985
0.984985
0.984985
0.984985
0.984985
0.984985
0.984985
0.984985
0.984985
0.984985
0.984985
0.984985
0.984985
0.984985
0.984985
0.984985
0.984985
0.984985
0.984985
0.984985
0.984985
0.984985
0.984985
0.984985
0.984985
0.984985
0.984985
0.984985
0.984985
0.984985
0.984985
0.984985
0.984985
0.984985
0.984985
0.984985
0.984985
0.984985
0.984985
0.984985
0.984985
0.984985
0.984985
0.984985
0.984985
0.984985
0.984985
0.984985
0.984985
0.984985
0.984985
0.984985
0.984985
0.984985
0.984985
0.984985
0.984985
0.984985
0.984985
0.984985
0.984985
0.984985
0.984985
0.984985
0.984985
0.984985
0.984985
0.984985
0.984985
0.984985
0.984985
0.984985
0.984985
0.984985
0.984985
0.984985
0.984985
0.984985
0.984985
0.984985
0.984985
0.984985
0.984985
0.984985
0.984985
0.984985
0.984985
0.984985
0.984985
0.984985
0.984985
0.984985
