0
0
0
0
0
0
0
0.000122071
0.000610352
0.00164795
0.00335693
0.00592041
0.00946045
0.0140991
0.0234985
0.0272827
0.0358276
0.0458374
0.0634155
0.0769043
0.0917969
0.107971
0.125488
0.144165
0.164062
0.184998
0.20697
0.229797
0.25354
0.278137
0.303345
0.329224
0.355713
0.38269
0.410095
0.437927
0.466064
0.508545
0.522949
0.566162
0.609375
0.638184
0.666992
0.695374
0.723694
0.751648
0.779358
0.806641
0.833435
0.859741
0.885498
0.910706
0.935303
0.959351
0.982666
1.00537
1.03815
1.05908
1.07935
1.09882
1.11755
1.13556
1.15277
1.16107
1.18469
1.19946
1.21338
1.23267
1.24445
1.25543
1.2655
1.27478
1.28326
1.29431
1.29761
1.30621
1.30865
1.31299
1.31793
1.31915
1.3219
1.32269
1.32288
1.32227
1.32104
1.31921
1.31665
1.31183
1.30786
1.30334
1.29834
1.29285
1.28687
1.28046
1.27362
1.26636
1.25873
1.25085
1.24255
1.23401
1.22522
1.21613
1.20685
1.19739
1.18762
1.17297
1.16803
1.15778
1.14752
1.13727
1.12701
1.11676
1.10651
1.09625
1.08087
1.07574
1.06036
1.05048
1.04559
1.03094
1.0213
1.01202
1.00275
0.98938
0.984985
0.976379
0.963928
0.955994
0.948181
0.940796
0.933533
0.926697
0.920044
0.913696
0.907715
0.901917
0.896545
0.891479
0.886597
0.882202
0.878052
0.874146
0.870667
0.867371
0.864441
0.861816
0.859375
0.856445
0.855652
0.853516
0.853027
0.852051
0.851196
0.850952
0.850891
0.851135
0.851379
0.851868
0.852783
0.854309
0.855774
0.857239
0.85907
0.861023
0.862976
0.865417
0.867859
0.8703
0.873169
0.876099
0.879028
0.881958
0.885254
0.888672
0.89209
0.897217
0.898926
0.902344
0.907715
0.909668
0.915527
0.91748
0.921387
0.925293
0.931152
0.935059
0.938965
0.942871
0.946411
0.949829
0.953247
0.956665
0.960083
0.963501
0.966919
0.970032
0.972961
0.975891
0.978821
0.98175
0.984558
0.987
0.989441
0.991882
0.994324
0.996765
0.998718
1.00067
1.0036
1.00458
1.00653
1.00824
1.0097
1.01117
1.01263
1.0141
1.01617
1.01666
1.01764
1.01862
1.02008
1.02057
1.02191
1.0224
1.02289
1.02338
1.02386
1.02435
1.02484
1.02509
1.02509
1.02509
1.02509
1.02509
1.02509
1.02509
1.02509
1.02472
1.02423
1.02374
1.02325
1.02277
1.02228
1.02179
1.02106
1.02057
1.02032
1.01929
1.01831
1.01733
1.01636
1.01538
1.0144
1.01343
1.01245
1.01147
1.0105
1.00952
1.00854
1.00757
1.00659
1.00562
1.00464
1.00366
1.00269
1.00171
1.00073
0.999756
0.998291
0.997803
0.996338
0.995361
0.994385
0.993408
0.992432
0.991455
0.990479
0.989502
0.988525
0.987549
0.986572
0.985107
0.984131
0.983154
0.982178
0.981201
0.980225
0.979248
0.978271
0.977295
0.976318
0.975342
0.974365
0.973389
0.972412
0.971436
0.970459
0.969482
0.968506
0.967041
0.966125
0.965637
0.965149
0.964661
0.964172
0.963684
0.963196
0.962463
0.962219
0.961731
0.960999
0.96051
0.960022
0.959534
0.959045
0.958557
0.958069
0.957581
0.95752
0.95752
0.95752
0.95752
0.95752
0.95752
0.95752
0.95752
0.95752
0.95752
0.95752
0.95752
0.95752
0.95752
0.95752
0.95752
0.95752
0.95752
0.95752
0.95752
0.95752
0.957825
0.958313
0.958801
0.95929
0.959778
0.960266
0.960754
0.961243
0.961731
0.962219
0.962708
0.963196
0.963928
0.964172
0.964905
0.965149
0.965881
0.96637
0.966858
0.967346
0.967834
0.968323
0.968811
0.969299
0.969788
0.970276
0.970764
0.971497
0.971741
0.972229
0.972717
0.97345
0.973938
0.974426
0.974915
0.975403
0.975891
0.976379
0.976868
0.977356
0.977844
0.978577
0.97876
0.97876
0.97876
0.97876
0.97876
0.97876
0.97876
0.97876
0.97876
0.97876
0.97876
0.97876
0.97876
0.97876
0.97876
0.97876
0.97876
0.97876
0.97876
0.97876
0.97876
0.97876
0.97876
0.97876
0.97876
0.97876
0.97876
0.97876
0.97876
0.97876
0.97876
0.97876
0.97876
0.97876
0.97876
0.97876
0.97876
0.97876
0.97876
0.97876
0.97876
0.97876
0.97876
0.97876
0.97876
0.97876
0.97876
0.97876
0.97876
0.97876
0.97876
0.97876
0.97876
0.97876
0.97876
0.97876
0.97876
0.97876
0.97876
0.97876
0.97876
0.97876
0.97876
0.97876
0.97876
0.97876
0.97876
0.97876
0.97876
0.97876
0.97876
0.97876
0.97876
0.97876
0.97876
0.97876
0.97876
0.97876
0.97876
0.97876
0.97876
0.97876
0.97876
0.97876
0.97876
0.97876
0.97876
0.97876
0.97876
0.97876
0.97876
0.97876
0.97876
0.97876
0.97876
0.97876
0.97876
0.97876
0.97876
0.97876
0.97876
0.97876
0.97876
0.97876
0.97876
0.97876
0.97876
0.97876
0.97876
0.97876
0.97876
0.97876
0.97876
0.97876
0.97876
0.97876
0.97876
0.97876
0.97876
0.97876
0.97876
0.97876
0.97876
0.97876
0.97876
0.97876
0.97876
0.97876
0.97876
0.97876
0.97876
0.97876
0.97876
0.97876
0.97876
0.97876
0.97876
0.97876
0.97876
0.97876
0.97876
0.97876
0.97876
0.97876
0.97876
0.97876
0.97876
0.97876
0.97876
0.97876
0.97876
0.97876
0.97876
0.97876
0.97876
0.97876
0.97876
0.97876
0.97876
0.97876
0.97876
0.97876
0.97876
0.97876
0.97876
0.97876
0.97876
0.97876
0.97876
0.97876
0.97876
0.97876
0.97876
0.97876
0.97876
0.97876
0.97876
0.97876
0.97876
0.97876
0.97876
0.97876
0.97876
0.97876
0.97876
0.97876
0.97876
0.97876
0.97876
0.97876
0.97876
0.97876
0.97876
0.97876
0.97876
0.97876
0.97876
0.97876
0.97876
0.97876
0.97876
0.97876
0.97876
0.97876
0.97876
0.97876
0.97876
0.97876
0.97876
0.97876
0.97876
0.97876
0.97876
0.97876
0.97876
0.97876
0.97876
0.97876
0.97876
0.97876
0.97876
0.97876
0.97876
0.97876
0.97876
0.97876
0.97876
0.97876
0.97876
0.97876
0.97876
0.97876
0.97876
0.97876
0.97876
0.97876
0.97876
0.97876
0.97876
0.97876
0.97876
0.97876
0.97876
0.97876
0.97876
0.97876
0.97876
0.97876
0.97876
0.97876
0.97876
0.97876
0.97876
0.97876
0.97876
0.97876
0.97876
0.97876
0.97876
0.97876
0.97876
0.97876
0.97876
0.97876
0.97876
0.97876
0.97876
0.97876
0.97876
0.97876
0.97876
0.97876
0.97876
0.97876
0.97876
0.97876
0.97876
0.97876
0.97876
0.97876
0.97876
0.97876
0.97876
0.97876
0.97876
0.97876
0.97876
0.97876
0.97876
0.97876
0.97876
0.97876
0.97876
0.97876
0.97876
0.97876
0.97876
0.97876
0.97876
0.97876
0.97876
0.97876
0.97876
0.97876
0.97876
0.97876
0.97876
0.97876
0.97876
0.97876
0.97876
0.97876
0.97876
0.97876
0.97876
0.97876
0.97876
0.97876
0.97876
0.97876
0.97876
0.97876
0.97876
0.97876
0.97876
0.97876
0.97876
0.97876
0.97876
0.97876
0.97876
0.97876
0.97876
0.97876
0.97876
0.97876
0.97876
0.97876
0.97876
0.979126
0.979614
0.980103
0.980835
0.981079
0.981812
0.982056
0.982788
0.983276
0.983765
0.984253
0.984436
0.984436
0.984436
0.984436
0.984436
0.984436
0.984436
0.984436
0.984436
0.984436
0.984436
0.984436
0.984436
0.984436
0.984436
0.984436
0.984436
0.984436
0.984436
0.984436
0.984436
0.984436
0.984436
0.984436
0.984436
0.984436
0.984436
0.984436
0.984436
0.984436
0.984436
0.984436
0.984436
0.984436
0.984436
0.984436
0.984436
0.984436
0.984436
0.984436
0.984436
0.984436
0.984436
0.984436
0.984436
0.984436
0.984436
0.984436
0.984436
0.984436
0.984436
0.984436
0.984436
0.984436
0.984436
0.984436
0.984436
0.984436
0.984436
0.984436
0.984436
0.984436
0.984436
0.984436
0.984436
0.984436
0.984436
0.984436
0.984436
0.984436
0.984436
0.984436
0.984436
0.984436
0.984436
0.984436
0.984436
0.984436
0.984436
0.984436
0.984436
0.984436
0.984436
0.984436
0.984436
0.984436
0.984436
0.984436
0.984436
0.984436
0.984436
0.984436
0.984436
0.984436
0.984436
0.984436
0.984436
0.984436
0.984436
0.984436
0.984436
0.984436
0.984436
0.984436
0.984436
0.984436
0.984436
0.984436
0.984436
0.984436
0.984436
0.984436
0.984436
0.984436
0.984436
0.984436
0.984436
0.984436
0.984436
0.984436
0.984436
0.984436
0.984436
0.984436
0.984436
0.984436
0.984436
0.984436
0.984436
0.984436
0.984436
0.984436
0.984436
0.984436
0.984436
0.984436
0.984436
0.984436
0.984436
0.984436
0.984436
0.984436
0.984436
0.984436
0.984436
0.984436
0.984436
0.984436
0.984436
0.984436
0.984436
0.984436
0.984436
0.984436
0.984436
0.984436
0.984436
0.984436
0.984436
0.984436
0.984436
0.984436
0.984436
0.984436
0.984436
0.984436
0.984436
0.984436
0.984436
0.984436
0.984436
0.984436
0.984436
0.984436
0.984436
0.984436
0.984436
0.984436
0.984436
0.984436
0.984436
0.984436
0.984436
0.984436
0.984436
0.984436
0.984436
0.984436
0.984436
0.984436
0.984436
0.984436
0.984436
0.984436
0.984436
0.984436
0.984436
0.984436
0.984436
0.984436
0.984436
0.984436
0.984436
0.984436
0.984436
0.984436
0.984436
0.984436
0.984436
0.984436
0.984436
0.984436
0.984436
0.984436
0.984436
0.984436
0.984436
0.984436
0.984436
0.984436
0.984436
0.984436
0.984436
0.984436
0.984436
0.984436
0.984436
0.984436
0.984436
0.984436
0.984436
0.984436
0.984436
0.984436
0.984436
0.984436
0.984436
0.984436
0.984436
0.984436
0.984436
0.984436
0.984436
0.984436
0.984436
0.984436
0.984436
0.984436
0.984436
0.984436
0.984436
0.984436
0.984436
0.984436
0.984436
0.984436
0.984436
0.984436
0.984436
0.984436
0.984436
0.984436
0.984436
0.984436
0.984436
0.984436
0.984436
0.984436
0.984436
