0
0
0
0
0
0
0
0.00012207
0.000610352
0.00164795
0.00335693
0.00592041
0.00756836
0.0140991
0.0200195
0.0272827
0.0358276
0.0457764
0.0571289
0.0698853
0.0841064
0.0996704
0.116516
0.134644
0.153931
0.174377
0.195862
0.218323
0.241638
0.265808
0.29071
0.316345
0.342529
0.369263
0.396484
0.424133
0.451965
0.480286
0.508606
0.537231
0.56604
0.594849
0.623657
0.666443
0.694763
0.723022
0.750854
0.778442
0.805725
0.832581
0.858948
0.884827
0.910156
0.934875
0.959045
0.982605
1.00543
1.02765
1.04919
1.07001
1.09009
1.10944
1.12805
1.14587
1.1629
1.1792
1.19464
1.20929
1.22314
1.23615
1.24829
1.25964
1.27014
1.27985
1.2887
1.29675
1.30396
1.31036
1.31598
1.3208
1.32489
1.32812
1.33063
1.33234
1.33337
1.33368
1.33331
1.33221
1.33051
1.32819
1.32513
1.32153
1.31738
1.31012
1.30463
1.29865
1.29547
1.28528
1.27795
1.27411
1.25372
1.24493
1.2359
1.22662
1.21704
1.20728
1.19739
1.18713
1.17688
1.1615
1.15637
1.14587
1.13513
1.12439
1.11365
1.10291
1.08746
1.07721
1.07208
1.0567
1.05157
1.04156
1.02692
1.02203
1.00787
0.998596
0.993958
0.980774
0.972168
0.968018
0.955688
0.947876
0.940247
0.932922
0.925903
0.919067
0.912659
0.906433
0.900574
0.89502
0.889709
0.884827
0.880188
0.875793
0.871887
0.868164
0.864746
0.861694
0.858887
0.856445
0.854248
0.852295
0.850769
0.849365
0.848389
0.847595
0.847107
0.846863
0.846863
0.847168
0.847656
0.84845
0.849426
0.850647
0.852112
0.853638
0.855591
0.857544
0.859741
0.862183
0.864624
0.86731
0.870239
0.873169
0.876099
0.879456
0.882874
0.886292
0.889709
0.894958
0.898865
0.902771
0.906677
0.910583
0.91449
0.918396
0.922302
0.926208
0.930115
0.934021
0.937927
0.941833
0.94574
0.949646
0.953491
0.956909
0.960327
0.963745
0.967163
0.970581
0.973938
0.976868
0.979797
0.982727
0.985657
0.988586
0.992249
0.99469
0.995911
0.999573
1.00183
1.00378
1.00574
1.00769
1.00964
1.01147
1.01294
1.0144
1.01587
1.01733
1.0188
1.01984
1.02081
1.02179
1.02277
1.02374
1.02466
1.02539
1.02563
1.02612
1.02661
1.02734
1.02759
1.02771
1.02771
1.02771
1.02771
1.02771
1.02771
1.02771
1.02728
1.02679
1.02631
1.02582
1.02533
1.02509
1.02411
1.02362
1.02313
1.0224
1.02142
1.02045
1.01947
1.01849
1.01752
1.01654
1.01556
1.01459
1.01361
1.01263
1.01166
1.01068
1.0097
1.00873
1.00775
1.00677
1.0058
1.00482
1.00385
1.00287
1.00189
1.00092
0.999939
0.998962
0.997986
0.996521
0.995544
0.994568
0.993591
0.992615
0.991638
0.990662
0.989685
0.988708
0.987732
0.986755
0.985779
0.984802
0.983826
0.982849
0.981873
0.980896
0.979919
0.978943
0.977966
0.97699
0.976013
0.974548
0.97406
0.972595
0.972107
0.97113
0.969666
0.969177
0.967712
0.966736
0.965759
0.965271
0.964355
0.964111
0.963623
0.962891
0.962402
0.961914
0.96167
0.960938
0.960449
0.960205
0.959473
0.958984
0.958496
0.958008
0.95752
0.957031
0.956787
0.956787
0.956787
0.956787
0.956787
0.956787
0.956787
0.956787
0.956787
0.956787
0.956787
0.956787
0.956787
0.956787
0.956787
0.956787
0.956787
0.956787
0.956787
0.956787
0.956787
0.957275
0.957764
0.958252
0.95874
0.959229
0.959717
0.960205
0.960693
0.961182
0.96167
0.962158
0.962646
0.963135
0.963623
0.964111
0.9646
0.965088
0.965576
0.966064
0.966553
0.967041
0.967529
0.968018
0.96875
0.968994
0.969482
0.969971
0.970459
0.971191
0.971436
0.971924
0.972412
0.9729
0.973633
0.974121
0.974365
0.974854
0.975342
0.976074
0.976562
0.977051
0.977539
0.978027
0.978516
0.979004
0.979492
0.979919
0.979919
0.979919
0.979919
0.979919
0.979919
0.979919
0.979919
0.979919
0.979919
0.979919
0.979919
0.979919
0.979919
0.979919
0.979919
0.979919
0.979919
0.979919
0.979919
0.979919
0.979919
0.979919
0.979919
0.979919
0.979919
0.979919
0.979919
0.979919
0.979919
0.979919
0.979919
0.979919
0.979919
0.979919
0.979919
0.979919
0.979919
0.979919
0.979919
0.979919
0.979919
0.979919
0.979919
0.979919
0.979919
0.979919
0.979919
0.979919
0.979919
0.979919
0.979919
0.979919
0.979919
0.979919
0.979919
0.979919
0.979919
0.979919
0.979919
0.979919
0.979919
0.979919
0.979919
0.979919
0.979919
0.979919
0.979919
0.979919
0.979919
0.979919
0.979919
0.979919
0.979919
0.979919
0.979919
0.979919
0.979919
0.979919
0.979919
0.979919
0.979919
0.979919
0.979919
0.979919
0.979919
0.979919
0.979919
0.979919
0.979919
0.979919
0.979919
0.979919
0.979919
0.979919
0.979919
0.979919
0.979919
0.979919
0.979919
0.979919
0.979919
0.979919
0.979919
0.979919
0.979919
0.979919
0.979919
0.979919
0.979919
0.979919
0.979919
0.979919
0.979919
0.979919
0.979919
0.979919
0.979919
0.979919
0.979919
0.979919
0.979919
0.979919
0.979919
0.979919
0.979919
0.979919
0.979919
0.979919
0.979919
0.979919
0.979919
0.979919
0.979919
0.979919
0.979919
0.979919
0.979919
0.979919
0.979919
0.979919
0.979919
0.979919
0.979919
0.979919
0.979919
0.979919
0.979919
0.979919
0.979919
0.979919
0.979919
0.979919
0.979919
0.979919
0.979919
0.979919
0.979919
0.979919
0.979919
0.979919
0.979919
0.979919
0.979919
0.979919
0.979919
0.979919
0.979919
0.979919
0.979919
0.979919
0.979919
0.979919
0.979919
0.979919
0.979919
0.979919
0.979919
0.979919
0.979919
0.979919
0.979919
0.979919
0.979919
0.979919
0.979919
0.979919
0.979919
0.979919
0.979919
0.979919
0.979919
0.979919
0.979919
0.979919
0.979919
0.979919
0.979919
0.979919
0.979919
0.979919
0.979919
0.979919
0.979919
0.979919
0.979919
0.979919
0.979919
0.979919
0.979919
0.979919
0.979919
0.979919
0.979919
0.979919
0.979919
0.979919
0.979919
0.979919
0.979919
0.979919
0.979919
0.979919
0.979919
0.979919
0.979919
0.979919
0.979919
0.979919
0.979919
0.979919
0.979919
0.979919
0.979919
0.979919
0.979919
0.979919
0.979919
0.979919
0.979919
0.979919
0.979919
0.979919
0.979919
0.979919
0.979919
0.979919
0.979919
0.979919
0.979919
0.979919
0.979919
0.979919
0.979919
0.979919
0.979919
0.979919
0.979919
0.979919
0.979919
0.979919
0.979919
0.979919
0.979919
0.979919
0.979919
0.979919
0.979919
0.979919
0.979919
0.979919
0.979919
0.979919
0.979919
0.979919
0.979919
0.979919
0.979919
0.979919
0.979919
0.979919
0.979919
0.979919
0.979919
0.979919
0.979919
0.979919
0.979919
0.979919
0.979919
0.979919
0.979919
0.979919
0.979919
0.979919
0.979919
0.979919
0.979919
0.979919
0.979919
0.979919
0.979919
0.979919
0.979919
0.979919
0.979919
0.979919
0.979919
0.979919
0.979919
0.979919
0.979919
0.979919
0.979919
0.979919
0.979919
0.979919
0.979919
0.979919
0.979919
0.979919
0.979919
0.979919
0.979919
0.979919
0.979919
0.979919
0.979919
0.979919
0.979919
0.979919
0.979919
0.979919
0.979919
0.979919
0.979919
0.979919
0.979919
0.979919
0.979919
0.979919
0.979919
0.979919
0.979919
0.979919
0.979919
0.979919
0.979919
0.979919
0.979919
0.979919
0.979919
0.979919
0.979919
0.979919
0.979919
0.979919
0.979919
0.979919
0.979919
0.979919
0.979919
0.979919
0.979919
0.979919
0.979919
0.979919
0.979919
0.979919
0.979919
0.979919
0.979919
0.979919
0.979919
0.979919
0.979919
0.979919
0.979919
0.979919
0.979919
0.979919
0.979919
0.979919
0.979919
0.979919
0.979919
0.980408
0.980896
0.981384
0.981873
0.982361
0.982849
0.983337
0.983826
0.984314
0.984802
0.984924
0.984924
0.984924
0.984924
0.984924
0.984924
0.984924
0.984924
0.984924
0.984924
0.984924
0.984924
0.984924
0.984924
0.984924
0.984924
0.984924
0.984924
0.984924
0.984924
0.984924
0.984924
0.984924
0.984924
0.984924
0.984924
0.984924
0.984924
0.984924
0.984924
0.984924
0.984924
0.984924
0.984924
0.984924
0.984924
0.984924
0.984924
0.984924
0.984924
0.984924
0.984924
0.984924
0.984924
0.984924
0.984924
0.984924
0.984924
0.984924
0.984924
0.984924
0.984924
0.984924
0.984924
0.984924
0.984924
0.984924
0.984924
0.984924
0.984924
0.984924
0.984924
0.984924
0.984924
0.984924
0.984924
0.984924
0.984924
0.984924
0.984924
0.984924
0.984924
0.984924
0.984924
0.984924
0.984924
0.984924
0.984924
0.984924
0.984924
0.984924
0.984924
0.984924
0.984924
0.984924
0.984924
0.984924
0.984924
0.984924
0.984924
0.984924
0.984924
0.984924
0.984924
0.984924
0.984924
0.984924
0.984924
0.984924
0.984924
0.984924
0.984924
0.984924
0.984924
0.984924
0.984924
0.984924
0.984924
0.984924
0.984924
0.984924
0.984924
0.984924
0.984924
0.984924
0.984924
0.984924
0.984924
0.984924
0.984924
0.984924
0.984924
0.984924
0.984924
0.984924
0.984924
0.984924
0.984924
0.984924
0.984924
0.984924
0.984924
0.984924
0.984924
0.984924
0.984924
0.984924
0.984924
0.984924
0.984924
0.984924
0.984924
0.984924
0.984924
0.984924
0.984924
0.984924
0.984924
0.984924
0.984924
0.984924
0.984924
0.984924
0.984924
0.984924
0.984924
0.984924
0.984924
0.984924
0.984924
0.984924
0.984924
0.984924
0.984924
0.984924
0.984924
0.984924
0.984924
0.984924
0.984924
0.984924
0.984924
0.984924
0.984924
0.984924
0.984924
0.984924
0.984924
0.984924
0.984924
0.984924
0.984924
0.984924
0.984924
0.984924
0.984924
0.984924
0.984924
0.984924
0.984924
0.984924
0.984924
0.984924
0.984924
0.984924
0.984924
0.984924
0.984924
0.984924
0.984924
0.984924
0.984924
0.984924
0.984924
0.984924
0.984924
0.984924
0.984924
0.984924
0.984924
0.984924
0.984924
0.984924
