0
0
0
0
0
0
0
0
0.000366211
0.00164795
0.00335693
0.00592041
0.00946045
0.0140991
0.0200195
0.0272827
0.0358276
0.0458374
0.0571899
0.0699463
0.0841675
0.0997314
0.116577
0.134705
0.153992
0.174438
0.195923
0.218384
0.241699
0.265869
0.290833
0.316467
0.342651
0.369385
0.396606
0.424255
0.452148
0.480469
0.508789
0.537476
0.580688
0.609497
0.623901
0.66687
0.68103
0.723511
0.751343
0.778992
0.806274
0.83313
0.859497
0.885376
0.910706
0.935486
0.959656
0.983276
1.00616
1.02838
1.04993
1.07074
1.09082
1.11011
1.12872
1.14655
1.16357
1.17975
1.19513
1.20972
1.22351
1.23645
1.2486
1.25989
1.27039
1.28003
1.28888
1.29694
1.30408
1.31049
1.3161
1.32092
1.32501
1.32825
1.33075
1.33246
1.3335
1.3338
1.33344
1.33234
1.32953
1.32831
1.32532
1.32172
1.31757
1.31287
1.30481
1.29883
1.29236
1.28546
1.27814
1.27039
1.26227
1.25391
1.24512
1.23608
1.22681
1.21722
1.20746
1.19757
1.18732
1.17706
1.16681
1.15643
1.14569
1.13495
1.12421
1.11346
1.10272
1.09198
1.08124
1.07098
1.06073
1.04022
1.03033
1.02057
1.0108
1.00146
0.992188
0.983093
0.974304
0.965637
0.953186
0.949219
0.937561
0.930237
0.926575
0.919678
0.912964
0.903503
0.897644
0.892029
0.886658
0.881775
0.877075
0.872681
0.86499
0.861572
0.858521
0.855713
0.853271
0.851135
0.849182
0.847717
0.846436
0.845459
0.844849
0.84436
0.84436
0.844421
0.84491
0.845459
0.846436
0.848206
0.848938
0.850403
0.852234
0.855164
0.857483
0.859924
0.862366
0.865234
0.866699
0.871094
0.874207
0.877625
0.881042
0.88446
0.887878
0.891541
0.895447
0.899353
0.903259
0.907166
0.911072
0.914978
0.918884
0.922791
0.926697
0.930603
0.934509
0.938416
0.942322
0.946228
0.950134
0.954041
0.957703
0.961121
0.966248
0.969666
0.971375
0.974792
0.979309
0.982239
0.983704
0.986633
0.990967
0.993408
0.99585
0.99707
0.999512
1.00305
1.005
1.00696
1.00891
1.01086
1.01276
1.01422
1.01569
1.01715
1.01862
1.02008
1.02118
1.02216
1.02313
1.02411
1.02509
1.026
1.02649
1.02698
1.02747
1.02795
1.02844
1.02893
1.02899
1.02899
1.02899
1.02899
1.02899
1.02899
1.02893
1.02869
1.02795
1.02771
1.02722
1.02649
1.026
1.02551
1.02502
1.02454
1.02368
1.02271
1.02173
1.02075
1.01978
1.01929
1.01782
1.01685
1.01587
1.01489
1.01392
1.01294
1.01196
1.01099
1.01001
1.00903
1.00806
1.00659
1.0061
1.00513
1.00415
1.00269
1.0022
1.00122
0.999756
0.999268
0.998291
0.996826
0.99585
0.994873
0.993896
0.99292
0.991943
0.990967
0.98999
0.989014
0.988037
0.987061
0.986084
0.985107
0.984131
0.983154
0.982178
0.981201
0.980225
0.979248
0.978271
0.977295
0.976318
0.975342
0.974365
0.973389
0.972412
0.971436
0.970459
0.969482
0.968506
0.967529
0.966553
0.965576
0.9646
0.96405
0.963562
0.963074
0.962585
0.962097
0.961609
0.961121
0.960632
0.960144
0.959656
0.958923
0.958679
0.958191
0.957458
0.957214
0.956482
0.956299
0.956299
0.956299
0.956299
0.956299
0.956299
0.956299
0.956299
0.956299
0.956299
0.956299
0.956299
0.956299
0.956299
0.956299
0.956299
0.956299
0.956299
0.956299
0.956299
0.956726
0.957214
0.957703
0.958191
0.958679
0.959167
0.959656
0.960144
0.960632
0.961365
0.961609
0.962097
0.96283
0.963074
0.963806
0.964294
0.964539
0.965027
0.965515
0.966248
0.966492
0.96698
0.967468
0.967957
0.968689
0.969177
0.969666
0.970154
0.970642
0.97113
0.971619
0.972107
0.972595
0.973083
0.973572
0.97406
0.974548
0.975037
0.975525
0.976013
0.976501
0.97699
0.977478
0.977966
0.978455
0.978943
0.979431
0.979797
0.979797
0.979797
0.979797
0.979797
0.979797
0.979797
0.979797
0.979797
0.979797
0.979797
0.979797
0.979797
0.979797
0.979797
0.979797
0.979797
0.979797
0.979797
0.979797
0.979797
0.979797
0.979797
0.979797
0.979797
0.979797
0.979797
0.979797
0.979797
0.979797
0.979797
0.979797
0.979797
0.979797
0.979797
0.979797
0.979797
0.979797
0.979797
0.979797
0.979797
0.979797
0.979797
0.979797
0.979797
0.979797
0.979797
0.979797
0.979797
0.979797
0.979797
0.979797
0.979797
0.979797
0.979797
0.979797
0.979797
0.979797
0.979797
0.979797
0.979797
0.979797
0.979797
0.979797
0.979797
0.979797
0.979797
0.979797
0.979797
0.979797
0.979797
0.979797
0.979797
0.979797
0.979797
0.979797
0.979797
0.979797
0.979797
0.979797
0.979797
0.979797
0.979797
0.979797
0.979797
0.979797
0.979797
0.979797
0.979797
0.979797
0.979797
0.979797
0.979797
0.979797
0.979797
0.979797
0.979797
0.979797
0.979797
0.979797
0.979797
0.979797
0.979797
0.979797
0.979797
0.979797
0.979797
0.979797
0.979797
0.979797
0.979797
0.979797
0.979797
0.979797
0.979797
0.979797
0.979797
0.979797
0.979797
0.979797
0.979797
0.979797
0.979797
0.979797
0.979797
0.979797
0.979797
0.979797
0.979797
0.979797
0.979797
0.979797
0.979797
0.979797
0.979797
0.979797
0.979797
0.979797
0.979797
0.979797
0.979797
0.979797
0.979797
0.979797
0.979797
0.979797
0.979797
0.979797
0.979797
0.979797
0.979797
0.979797
0.979797
0.979797
0.979797
0.979797
0.979797
0.979797
0.979797
0.979797
0.979797
0.979797
0.979797
0.979797
0.979797
0.979797
0.979797
0.979797
0.979797
0.979797
0.979797
0.979797
0.979797
0.979797
0.979797
0.979797
0.979797
0.979797
0.979797
0.979797
0.979797
0.979797
0.979797
0.979797
0.979797
0.979797
0.979797
0.979797
0.979797
0.979797
0.979797
0.979797
0.979797
0.979797
0.979797
0.979797
0.979797
0.979797
0.979797
0.979797
0.979797
0.979797
0.979797
0.979797
0.979797
0.979797
0.979797
0.979797
0.979797
0.979797
0.979797
0.979797
0.979797
0.979797
0.979797
0.979797
0.979797
0.979797
0.979797
0.979797
0.979797
0.979797
0.979797
0.979797
0.979797
0.979797
0.979797
0.979797
0.979797
0.979797
0.979797
0.979797
0.979797
0.979797
0.979797
0.979797
0.979797
0.979797
0.979797
0.979797
0.979797
0.979797
0.979797
0.979797
0.979797
0.979797
0.979797
0.979797
0.979797
0.979797
0.979797
0.979797
0.979797
0.979797
0.979797
0.979797
0.979797
0.979797
0.979797
0.979797
0.979797
0.979797
0.979797
0.979797
0.979797
0.979797
0.979797
0.979797
0.979797
0.979797
0.979797
0.979797
0.979797
0.979797
0.979797
0.979797
0.979797
0.979797
0.979797
0.979797
0.979797
0.979797
0.979797
0.979797
0.979797
0.979797
0.979797
0.979797
0.979797
0.979797
0.979797
0.979797
0.979797
0.979797
0.979797
0.979797
0.979797
0.979797
0.979797
0.979797
0.979797
0.979797
0.979797
0.979797
0.979797
0.979797
0.979797
0.979797
0.979797
0.979797
0.979797
0.979797
0.979797
0.979797
0.979797
0.979797
0.979797
0.979797
0.979797
0.979797
0.979797
0.979797
0.979797
0.979797
0.979797
0.979797
0.979797
0.979797
0.979797
0.979797
0.979797
0.979797
0.979797
0.979797
0.979797
0.979797
0.979797
0.979797
0.979797
0.979797
0.979797
0.979797
0.979797
0.979797
0.979797
0.979797
0.979797
0.979797
0.979797
0.979797
0.979797
0.979797
0.979797
0.979797
0.979797
0.979797
0.979797
0.979797
0.979797
0.979797
0.979797
0.979797
0.979797
0.979797
0.979797
0.979797
0.979797
0.979797
0.979797
0.979797
0.979797
0.979797
0.979797
0.979797
0.979797
0.979797
0.979797
0.979797
0.979797
0.979797
0.980225
0.980713
0.981201
0.981689
0.982178
0.982666
0.983154
0.983643
0.984131
0.984619
0.985046
0.985046
0.985046
0.985046
0.985046
0.985046
0.985046
0.985046
0.985046
0.985046
0.985046
0.985046
0.985046
0.985046
0.985046
0.985046
0.985046
0.985046
0.985046
0.985046
0.985046
0.985046
0.985046
0.985046
0.985046
0.985046
0.985046
0.985046
0.985046
0.985046
0.985046
0.985046
0.985046
0.985046
0.985046
0.985046
0.985046
0.985046
0.985046
0.985046
0.985046
0.985046
0.985046
0.985046
0.985046
0.985046
0.985046
0.985046
0.985046
0.985046
0.985046
0.985046
0.985046
0.985046
0.985046
0.985046
0.985046
0.985046
0.985046
0.985046
0.985046
0.985046
0.985046
0.985046
0.985046
0.985046
0.985046
0.985046
0.985046
0.985046
0.985046
0.985046
0.985046
0.985046
0.985046
0.985046
0.985046
0.985046
0.985046
0.985046
0.985046
0.985046
0.985046
0.985046
0.985046
0.985046
0.985046
0.985046
0.985046
0.985046
0.985046
0.985046
0.985046
0.985046
0.985046
0.985046
0.985046
0.985046
0.985046
0.985046
0.985046
0.985046
0.985046
0.985046
0.985046
0.985046
0.985046
0.985046
0.985046
0.985046
0.985046
0.985046
0.985046
0.985046
0.985046
0.985046
0.985046
0.985046
0.985046
0.985046
0.985046
0.985046
0.985046
0.985046
0.985046
0.985046
0.985046
0.985046
0.985046
0.985046
0.985046
0.985046
0.985046
0.985046
0.985046
0.985046
0.985046
0.985046
0.985046
0.985046
0.985046
0.985046
0.985046
0.985046
0.985046
0.985046
0.985046
0.985046
0.985046
0.985046
0.985046
0.985046
0.985046
0.985046
0.985046
0.985046
0.985046
0.985046
0.985046
0.985046
0.985046
0.985046
0.985046
0.985046
0.985046
0.985046
0.985046
0.985046
0.985046
0.985046
0.985046
0.985046
0.985046
0.985046
0.985046
0.985046
0.985046
0.985046
0.985046
0.985046
0.985046
0.985046
0.985046
0.985046
0.985046
0.985046
0.985046
0.985046
0.985046
0.985046
0.985046
0.985046
0.985046
0.985046
0.985046
0.985046
0.985046
0.985046
0.985046
0.985046
0.985046
0.985046
0.985046
0.985046
0.985046
0.985046
0.985046
0.985046
0.985046
0.985046
0.985046
0.985046
0.985046
0.985046
0.985046
0.985046
0.985046
0.985046
