0
0
0
0
0
0
0
0.00012207
0.000610352
0.00164795
0.00335693
0.00592041
0.00946045
0.0140991
0.0200195
0.0272827
0.0358276
0.0457764
0.0571289
0.0698853
0.0841064
0.0996704
0.116516
0.134644
0.153931
0.174316
0.206909
0.229797
0.25354
0.278137
0.303345
0.329224
0.355713
0.382629
0.409973
0.437683
0.465515
0.493774
0.522095
0.550415
0.578735
0.607056
0.621216
0.663696
0.691528
0.71936
0.746765
0.773926
0.800781
0.827148
0.853088
0.878601
0.891113
0.92804
0.951843
0.975037
0.997681
1.01959
1.04083
1.0614
1.08124
1.10034
1.11865
1.13617
1.15295
1.16888
1.18408
1.19843
1.21191
1.22461
1.23651
1.24756
1.25775
1.26721
1.27582
1.28363
1.29065
1.29681
1.30225
1.30469
1.31079
1.31396
1.31732
1.31805
1.31927
1.31927
1.3186
1.31732
1.31537
1.31281
1.30963
1.30591
1.30164
1.29688
1.29163
1.28589
1.27966
1.27301
1.26599
1.25867
1.25085
1.24274
1.23444
1.22571
1.21692
1.20764
1.19836
1.18884
1.17908
1.16931
1.15955
1.14941
1.13916
1.12891
1.11353
1.1084
1.09814
1.08789
1.07764
1.06281
1.05792
1.04327
1.03839
1.02423
1.01495
1.00574
0.996948
0.988159
0.979675
0.971375
0.963318
0.955505
0.947937
0.940613
0.933655
0.926819
0.920471
0.914246
0.908386
0.902771
0.8974
0.892456
0.887695
0.883301
0.879211
0.875305
0.871826
0.86853
0.865601
0.862976
0.860535
0.858521
0.856628
0.855164
0.853882
0.852905
0.852173
0.851685
0.851501
0.851501
0.851807
0.852295
0.853027
0.854004
0.855164
0.856628
0.859009
0.859985
0.862915
0.865173
0.867615
0.870056
0.872742
0.875671
0.878601
0.881531
0.884644
0.888062
0.891479
0.894897
0.898315
0.901733
0.905151
0.908813
0.91272
0.916626
0.920532
0.924438
0.928345
0.932251
0.936157
0.940063
0.94397
0.947388
0.950806
0.954224
0.957642
0.96106
0.964478
0.967896
0.970947
0.973877
0.976807
0.981201
0.982666
0.985413
0.987854
0.990295
0.993958
0.995178
0.997559
0.999512
1.00146
1.00439
1.00635
1.00732
1.00891
1.01038
1.01257
1.01404
1.0155
1.01666
1.01764
1.01862
1.01959
1.02057
1.02155
1.02222
1.02271
1.02319
1.02368
1.02417
1.02466
1.02515
1.02515
1.02515
1.02515
1.02515
1.02515
1.02515
1.02515
1.02502
1.02454
1.02405
1.02356
1.02307
1.02258
1.02209
1.02161
1.02112
1.02063
1.02014
1.01935
1.01788
1.0174
1.01642
1.01544
1.01447
1.013
1.01202
1.01154
1.01007
1.00909
1.00812
1.00714
1.00616
1.00519
1.00421
1.00323
1.00226
1.00128
1.00031
0.999329
0.998352
0.997375
0.996399
0.995422
0.994446
0.993469
0.992493
0.991516
0.99054
0.989563
0.988586
0.98761
0.986633
0.985657
0.98468
0.983704
0.982727
0.98175
0.980774
0.979309
0.978821
0.977844
0.976868
0.976379
0.974426
0.97345
0.972961
0.971985
0.971008
0.969543
0.969055
0.968079
0.967102
0.966125
0.96521
0.964966
0.964478
0.963989
0.963501
0.962769
0.962524
0.962036
0.961548
0.960815
0.960327
0.959839
0.959351
0.958862
0.958374
0.957886
0.957397
0.957214
0.957214
0.957214
0.957214
0.957214
0.957214
0.957214
0.957214
0.957214
0.957214
0.957214
0.957214
0.957214
0.957214
0.957214
0.957214
0.957214
0.957214
0.957214
0.957214
0.957214
0.957214
0.957642
0.95813
0.958618
0.959106
0.959595
0.960083
0.960571
0.96106
0.961548
0.962036
0.962524
0.963013
0.963501
0.963989
0.964478
0.964966
0.965454
0.965942
0.966431
0.966919
0.967407
0.967896
0.968628
0.968872
0.96936
0.969849
0.970337
0.971069
0.971313
0.971802
0.97229
0.973022
0.973511
0.973755
0.974487
0.974976
0.975464
0.975952
0.97644
0.976929
0.977417
0.977905
0.978394
0.978882
0.97937
0.97937
0.97937
0.97937
0.97937
0.97937
0.97937
0.97937
0.97937
0.97937
0.97937
0.97937
0.97937
0.97937
0.97937
0.97937
0.97937
0.97937
0.97937
0.97937
0.97937
0.97937
0.97937
0.97937
0.97937
0.97937
0.97937
0.97937
0.97937
0.97937
0.97937
0.97937
0.97937
0.97937
0.97937
0.97937
0.97937
0.97937
0.97937
0.97937
0.97937
0.97937
0.97937
0.97937
0.97937
0.97937
0.97937
0.97937
0.97937
0.97937
0.97937
0.97937
0.97937
0.97937
0.97937
0.97937
0.97937
0.97937
0.97937
0.97937
0.97937
0.97937
0.97937
0.97937
0.97937
0.97937
0.97937
0.97937
0.97937
0.97937
0.97937
0.97937
0.97937
0.97937
0.97937
0.97937
0.97937
0.97937
0.97937
0.97937
0.97937
0.97937
0.97937
0.97937
0.97937
0.97937
0.97937
0.97937
0.97937
0.97937
0.97937
0.97937
0.97937
0.97937
0.97937
0.97937
0.97937
0.97937
0.97937
0.97937
0.97937
0.97937
0.97937
0.97937
0.97937
0.97937
0.97937
0.97937
0.97937
0.97937
0.97937
0.97937
0.97937
0.97937
0.97937
0.97937
0.97937
0.97937
0.97937
0.97937
0.97937
0.97937
0.97937
0.97937
0.97937
0.97937
0.97937
0.97937
0.97937
0.97937
0.97937
0.97937
0.97937
0.97937
0.97937
0.97937
0.97937
0.97937
0.97937
0.97937
0.97937
0.97937
0.97937
0.97937
0.97937
0.97937
0.97937
0.97937
0.97937
0.97937
0.97937
0.97937
0.97937
0.97937
0.97937
0.97937
0.97937
0.97937
0.97937
0.97937
0.97937
0.97937
0.97937
0.97937
0.97937
0.97937
0.97937
0.97937
0.97937
0.97937
0.97937
0.97937
0.97937
0.97937
0.97937
0.97937
0.97937
0.97937
0.97937
0.97937
0.97937
0.97937
0.97937
0.97937
0.97937
0.97937
0.97937
0.97937
0.97937
0.97937
0.97937
0.97937
0.97937
0.97937
0.97937
0.97937
0.97937
0.97937
0.97937
0.97937
0.97937
0.97937
0.97937
0.97937
0.97937
0.97937
0.97937
0.97937
0.97937
0.97937
0.97937
0.97937
0.97937
0.97937
0.97937
0.97937
0.97937
0.97937
0.97937
0.97937
0.97937
0.97937
0.97937
0.97937
0.97937
0.97937
0.97937
0.97937
0.97937
0.97937
0.97937
0.97937
0.97937
0.97937
0.97937
0.97937
0.97937
0.97937
0.97937
0.97937
0.97937
0.97937
0.97937
0.97937
0.97937
0.97937
0.97937
0.97937
0.97937
0.97937
0.97937
0.97937
0.97937
0.97937
0.97937
0.97937
0.97937
0.97937
0.97937
0.97937
0.97937
0.97937
0.97937
0.97937
0.97937
0.97937
0.97937
0.97937
0.97937
0.97937
0.97937
0.97937
0.97937
0.97937
0.97937
0.97937
0.97937
0.97937
0.97937
0.97937
0.97937
0.97937
0.97937
0.97937
0.97937
0.97937
0.97937
0.97937
0.97937
0.97937
0.97937
0.97937
0.97937
0.97937
0.97937
0.97937
0.97937
0.97937
0.97937
0.97937
0.97937
0.97937
0.97937
0.97937
0.97937
0.97937
0.97937
0.97937
0.97937
0.97937
0.97937
0.97937
0.97937
0.97937
0.97937
0.97937
0.97937
0.97937
0.97937
0.97937
0.97937
0.97937
0.97937
0.97937
0.97937
0.97937
0.97937
0.97937
0.97937
0.97937
0.97937
0.97937
0.97937
0.97937
0.97937
0.97937
0.97937
0.97937
0.97937
0.97937
0.97937
0.97937
0.97937
0.97937
0.97937
0.97937
0.97937
0.97937
0.97937
0.97937
0.97937
0.97937
0.97937
0.97937
0.97937
0.97937
0.97937
0.97937
0.97937
0.97937
0.97937
0.97937
0.97937
0.97937
0.97937
0.979797
0.980286
0.980774
0.981262
0.98175
0.982239
0.982727
0.983215
0.983704
0.984192
0.98468
0.984741
0.984741
0.984741
0.984741
0.984741
0.984741
0.984741
0.984741
0.984741
0.984741
0.984741
0.984741
0.984741
0.984741
0.984741
0.984741
0.984741
0.984741
0.984741
0.984741
0.984741
0.984741
0.984741
0.984741
0.984741
0.984741
0.984741
0.984741
0.984741
0.984741
0.984741
0.984741
0.984741
0.984741
0.984741
0.984741
0.984741
0.984741
0.984741
0.984741
0.984741
0.984741
0.984741
0.984741
0.984741
0.984741
0.984741
0.984741
0.984741
0.984741
0.984741
0.984741
0.984741
0.984741
0.984741
0.984741
0.984741
0.984741
0.984741
0.984741
0.984741
0.984741
0.984741
0.984741
0.984741
0.984741
0.984741
0.984741
0.984741
0.984741
0.984741
0.984741
0.984741
0.984741
0.984741
0.984741
0.984741
0.984741
0.984741
0.984741
0.984741
0.984741
0.984741
0.984741
0.984741
0.984741
0.984741
0.984741
0.984741
0.984741
0.984741
0.984741
0.984741
0.984741
0.984741
0.984741
0.984741
0.984741
0.984741
0.984741
0.984741
0.984741
0.984741
0.984741
0.984741
0.984741
0.984741
0.984741
0.984741
0.984741
0.984741
0.984741
0.984741
0.984741
0.984741
0.984741
0.984741
0.984741
0.984741
0.984741
0.984741
0.984741
0.984741
0.984741
0.984741
0.984741
0.984741
0.984741
0.984741
0.984741
0.984741
0.984741
0.984741
0.984741
0.984741
0.984741
0.984741
0.984741
0.984741
0.984741
0.984741
0.984741
0.984741
0.984741
0.984741
0.984741
0.984741
0.984741
0.984741
0.984741
0.984741
0.984741
0.984741
0.984741
0.984741
0.984741
0.984741
0.984741
0.984741
0.984741
0.984741
0.984741
0.984741
0.984741
0.984741
0.984741
0.984741
0.984741
0.984741
0.984741
0.984741
0.984741
0.984741
0.984741
0.984741
0.984741
0.984741
0.984741
0.984741
0.984741
0.984741
0.984741
0.984741
0.984741
0.984741
0.984741
0.984741
0.984741
0.984741
0.984741
0.984741
0.984741
0.984741
0.984741
0.984741
0.984741
0.984741
0.984741
0.984741
0.984741
0.984741
0.984741
0.984741
0.984741
0.984741
0.984741
0.984741
0.984741
0.984741
0.984741
0.984741
0.984741
0.984741
0.984741
0.984741
0.984741
0.984741
0.984741
0.984741
0.984741
0.984741
0.984741
0.984741
0.984741
0.984741
0.984741
0.984741
0.984741
0.984741
0.984741
0.984741
0.984741
0.984741
0.984741
