0
0
0
0
0
0.000244141
0.000488281
0.00100708
0.00192261
0.00341797
0.00567627
0.0088501
0.015625
0.021637
0.0289612
0.0376282
0.047699
0.0654907
0.0791016
0.0941162
0.110474
0.128143
0.147095
0.167236
0.188538
0.210968
0.234406
0.25882
0.28421
0.310455
0.337524
0.365356
0.39389
0.437897
0.467987
0.498566
0.529633
0.561096
0.592926
0.625061
0.65744
0.689972
0.722687
0.755402
0.788116
0.820831
0.853516
0.885986
0.918274
0.950317
0.982056
1.01343
1.0444
1.07498
1.1199
1.14917
1.16357
1.20587
1.23325
1.25989
1.28577
1.31085
1.33514
1.34698
1.38116
1.4028
1.42355
1.44333
1.46213
1.47992
1.49664
1.51233
1.52698
1.54056
1.55304
1.56445
1.57474
1.58395
1.59204
1.59903
1.60489
1.60968
1.61334
1.61594
1.6174
1.6178
1.61713
1.61542
1.61267
1.60889
1.60413
1.59839
1.59167
1.58398
1.57538
1.56589
1.55551
1.53839
1.53226
1.51941
1.50583
1.48407
1.46872
1.45273
1.4361
1.41885
1.40106
1.38275
1.36395
1.33493
1.32504
1.31506
1.25348
1.23242
1.21118
1.1897
1.16815
1.14642
1.12469
1.10297
1.08124
1.05951
1.03778
1.01617
0.99469
0.973419
0.952332
0.931458
0.910858
0.890533
0.870605
0.841339
0.822327
0.803741
0.785583
0.785583
0.74231
0.725922
0.717926
0.694824
0.680145
0.666107
0.65271
0.639984
0.627899
0.616486
0.605774
0.595795
0.586517
0.577972
0.57016
0.56311
0.553955
0.546478
0.542419
0.54068
0.53656
0.535553
0.53363
0.533356
0.53363
0.534058
0.536469
0.53894
0.540436
0.545959
0.550476
0.555634
0.561401
0.56778
0.574768
0.582336
0.590454
0.599152
0.608368
0.618073
0.628265
0.638947
0.650055
0.661591
0.673523
0.685852
0.698486
0.711487
0.724792
0.738373
0.752197
0.766266
0.780548
0.794983
0.816956
0.824341
0.84668
0.861572
0.869019
0.891693
0.90683
0.914276
0.936615
0.944061
0.966248
0.980896
0.995361
1.00967
1.0238
1.03769
1.05133
1.0647
1.07779
1.09061
1.10312
1.10922
1.12711
1.13855
1.14966
1.16037
1.17072
1.1806
1.19006
1.1991
1.2077
1.21585
1.22354
1.23074
1.23746
1.24368
1.24942
1.25467
1.25937
1.26358
1.2673
1.27051
1.27319
1.27539
1.27707
1.27863
1.2789
1.27908
1.27878
1.27798
1.27588
1.27493
1.27142
1.26852
1.26691
1.26138
1.25717
1.25256
1.24756
1.24216
1.23639
1.23022
1.22375
1.21692
1.20978
1.20233
1.19461
1.18661
1.17838
1.16989
1.16116
1.15225
1.14316
1.13388
1.12439
1.11484
1.10019
1.0903
1.08029
1.07028
1.06027
1.05011
1.03986
1.0296
1.01938
1.00937
0.999359
0.984344
0.974579
0.964813
0.955261
0.945801
0.936523
0.927429
0.918488
0.909729
0.901184
0.892853
0.884735
0.876831
0.869141
0.861694
0.854492
0.844208
0.837708
0.831482
0.825531
0.819885
0.814575
0.80957
0.804871
0.800537
0.796509
0.792786
0.789459
0.786438
0.783783
0.781464
0.77948
0.777863
0.776581
0.77533
0.775085
0.774841
0.775116
0.775726
0.776642
0.777924
0.77948
0.781342
0.783508
0.786011
0.790253
0.79184
0.795166
0.798767
0.802643
0.806763
0.813416
0.818146
0.82309
0.828217
0.833588
0.839142
0.844849
0.850708
0.856781
0.862946
0.869293
0.875702
0.882294
0.888885
0.89566
0.902496
0.909332
0.916168
0.923065
0.930145
0.937225
0.947845
0.954926
0.961823
0.96524
0.975494
0.98233
0.989075
0.995667
1.00226
1.00864
1.01498
1.02109
1.02713
1.03299
1.0387
1.04428
1.04965
1.05487
1.05997
1.06485
1.06955
1.0741
1.07849
1.08264
1.08661
1.09039
1.09399
1.09741
1.10059
1.10355
1.10629
1.10883
1.11111
1.11319
1.11502
1.11661
1.11798
1.11911
1.12003
1.1207
1.12115
1.12137
1.12137
1.12112
1.12067
1.11996
1.11908
1.11798
1.11667
1.11432
1.11346
1.11154
1.10944
1.10718
1.10474
1.10208
1.09927
1.09634
1.0932
1.08997
1.08655
1.08118
1.07935
1.07556
1.0697
1.06561
1.06146
1.05728
1.05289
1.04849
1.0441
1.03964
1.035
1.03036
1.02573
1.02109
1.01645
1.01181
1.00717
1.00253
0.997986
0.993591
0.989197
0.984802
0.980408
0.974121
0.972046
0.967896
0.963806
0.957947
0.954041
0.950287
0.946625
0.942963
0.939484
0.936066
0.932648
0.929474
0.9263
0.923279
0.920349
0.917511
0.914825
0.912231
0.90979
0.907471
0.905273
0.903259
0.901306
0.899597
0.89801
0.896545
0.895294
0.894165
0.893188
0.892395
0.891724
0.891235
0.89093
0.890717
0.890717
0.890869
0.891113
0.891602
0.892181
0.892914
0.893799
0.894775
0.896576
0.897949
0.899414
0.901031
0.90274
0.904602
0.906555
0.90863
0.910828
0.913055
0.915497
0.917938
0.920471
0.923157
0.925842
0.928558
0.931488
0.934418
0.937347
0.940277
0.94339
0.946564
0.949738
0.952911
0.956085
0.959259
0.96402
0.965607
0.968781
0.971954
0.976715
0.979828
0.981293
0.984222
0.988617
0.991547
0.994354
0.995697
0.999725
1.00241
1.00494
1.00739
1.00983
1.01221
1.0144
1.0166
1.0188
1.02078
1.02274
1.02469
1.02649
1.0282
1.02991
1.03152
1.03299
1.03445
1.03589
1.03711
1.03833
1.03955
1.04053
1.0415
1.04248
1.04327
1.04401
1.04474
1.04535
1.04584
1.04633
1.04672
1.04697
1.04721
1.04742
1.04742
1.04742
1.04742
1.04712
1.047
1.04675
1.0462
1.04572
1.04523
1.04474
1.04401
1.04327
1.04254
1.04181
1.04086
1.03989
1.03891
1.03793
1.03693
1.03571
1.03448
1.03326
1.03143
1.03082
1.0296
1.02817
1.0267
1.02524
1.02377
1.02231
1.02084
1.01865
1.01718
1.01572
1.01425
1.01279
1.01132
1.00986
1.00839
1.00693
1.00546
1.004
1.00253
1.00107
0.999603
0.998138
0.996674
0.995209
0.993744
0.992279
0.992279
0.987885
0.98642
0.984955
0.98349
0.982025
0.98056
0.979187
0.977966
0.976746
0.975525
0.974304
0.973083
0.971863
0.970642
0.969421
0.968201
0.967102
0.966125
0.965149
0.964172
0.963196
0.962219
0.961243
0.960266
0.959076
0.958344
0.957611
0.956879
0.956146
0.955414
0.954742
0.954254
0.953766
0.953278
0.952789
0.952301
0.951813
0.951569
0.951324
0.95108
0.950836
0.950592
0.950348
0.950348
0.950348
0.950348
0.950348
0.950348
0.950348
0.950531
0.950897
0.951019
0.951385
0.95163
0.951874
0.951996
0.952728
0.953217
0.953461
0.954193
0.954681
0.95517
0.955658
0.956207
0.95694
0.957672
0.958405
0.959137
0.959869
0.960602
0.961334
0.962067
0.962799
0.963531
0.964264
0.964996
0.965729
0.966461
0.967194
0.967926
0.968658
0.969391
0.970123
0.970856
0.971588
0.972321
0.973053
0.973785
0.974518
0.97525
0.975983
0.976715
0.977448
0.97818
0.978912
0.979645
0.980377
0.98111
0.981842
0.982574
0.983307
0.984039
0.984772
0.98587
0.986237
0.987335
0.987701
0.988434
0.989532
0.990173
0.990662
0.99115
0.991638
0.992126
0.992615
0.993103
0.993591
0.99408
0.994568
0.995056
0.995544
0.996033
0.996521
0.996887
0.997131
0.997375
0.99762
0.997864
0.998108
0.998352
0.998596
0.99884
0.999084
0.999329
0.999695
0.999939
1.00012
1.00012
1.00012
1.00012
1.00012
1.00012
1.00012
1.00012
1.00012
1.00012
1.00012
1.00012
1.00012
1.00012
1.00012
1.00012
1.00012
1.00012
0.999878
0.999634
0.99939
0.999146
0.998901
0.998657
0.998413
0.998169
0.997925
0.997681
0.997437
0.997192
0.996948
0.996704
0.996338
0.996216
0.99585
0.995728
0.995483
0.995239
0.994995
0.994629
0.994385
0.994141
0.993896
0.993652
0.993408
0.993164
0.99292
0.992676
0.992432
0.992188
0.991943
0.991699
0.991455
0.991211
0.990967
0.990723
0.990479
0.990234
0.98999
0.989746
0.989502
0.989258
0.989014
0.98877
0.988525
0.988281
0.988037
0.987793
0.987549
0.987305
0.987061
0.986816
0.98645
0.986328
0.985962
0.985718
0.985474
0.985229
0.984985
0.984741
0.984497
0.984253
0.984009
0.983765
0.983521
0.983276
0.983032
0.982788
0.982544
0.9823
0.982056
0.981812
0.981567
0.981323
0.981079
0.980835
0.980591
0.980347
0.980103
0.979858
0.979828
0.979828
0.979828
0.979828
0.979828
0.979828
0.979828
0.979828
0.979828
0.979828
0.979828
0.979828
0.979828
0.979828
0.979828
0.979828
0.979828
0.979828
0.979828
0.979828
0.979828
0.979828
0.979828
0.979828
0.979828
0.979828
0.979828
0.979828
0.979828
0.979828
0.979828
0.979828
0.979828
0.979828
0.979828
0.979828
0.979828
0.980042
0.980286
0.98053
0.980774
0.981018
0.981262
0.981506
0.98175
0.981995
0.982239
0.982483
0.982727
0.982971
0.983215
0.983582
0.983704
0.983948
0.984314
0.984436
0.984802
0.985046
0.985291
0.985535
0.985779
0.986023
0.986267
0.986511
0.986755
0.987
0.987244
0.987488
0.987732
0.987976
0.98822
0.988464
0.988708
0.988953
0.989197
0.989441
0.989685
0.989929
0.990173
0.990417
0.990784
0.990906
0.99115
0.991516
0.991638
0.991638
0.991638
0.991638
0.991638
0.991638
0.991638
0.991638
0.991638
0.991638
0.991638
0.991638
0.991638
0.991638
0.991638
0.991638
0.991638
0.991638
0.991638
0.991638
0.991638
0.991638
0.991638
0.991638
0.991638
0.991638
0.991638
0.991638
0.991638
0.991638
0.991638
0.991638
0.991638
0.991638
0.991638
0.991638
0.991638
0.991638
0.991638
0.991638
0.991638
0.991638
0.991638
0.991638
0.991638
0.991638
0.991638
0.991638
0.991638
0.991638
0.991638
0.991638
0.991638
0.991638
0.991638
0.991638
0.991638
0.991638
0.991638
0.991638
0.991638
0.991638
0.991638
0.991638
0.991638
0.991638
0.991638
0.991638
0.991638
0.991638
0.991638
0.991638
0.991638
0.991638
0.991638
0.991638
0.991638
0.991638
0.991638
