0
0
0
0
0
6.10353e-05
0.000305176
0.000640869
0.00131226
0.00250244
0.00558472
0.00704956
0.0107117
0.0155334
0.0250549
0.0288696
0.0375366
0.0476074
0.0591125
0.07901
0.0863342
0.10202
0.128021
0.146942
0.167084
0.188354
0.210754
0.234192
0.258606
0.283966
0.310181
0.337219
0.365021
0.408051
0.422729
0.46756
0.498077
0.513519
0.544739
0.592224
0.608215
0.656525
0.688995
0.721497
0.754211
0.770569
0.819519
0.85199
0.884338
0.916504
0.948395
0.980011
1.01123
1.04208
1.08749
1.10239
1.14621
1.17471
1.20258
1.22974
1.2562
1.28189
1.30679
1.33087
1.3541
1.37643
1.39786
1.41837
1.4379
1.45645
1.47394
1.49042
1.50586
1.52026
1.53357
1.54581
1.55701
1.56711
1.57614
1.58408
1.59091
1.59671
1.60141
1.60507
1.60764
1.60913
1.60962
1.60901
1.60623
1.60477
1.6011
1.59647
1.58768
1.58066
1.57681
1.56387
1.55911
1.54898
1.53799
1.51999
1.50702
1.49332
1.48618
1.46378
1.44803
1.43167
1.41473
1.39725
1.37924
1.36078
1.34186
1.31274
1.29288
1.27271
1.25226
1.23157
1.21069
1.1897
1.16849
1.14725
1.12601
1.10477
1.08353
1.06229
1.04111
1.02011
0.999237
0.978516
0.958038
0.937805
0.917847
0.898193
0.878815
0.859833
0.832031
0.822968
0.805176
0.787811
0.770905
0.74649
0.738617
0.723267
0.708466
0.694275
0.674072
0.661346
0.655212
0.637817
0.627045
0.616943
0.607544
0.598816
0.59079
0.583466
0.576843
0.570953
0.565796
0.56134
0.557617
0.554626
0.552338
0.550751
0.549896
0.549744
0.550262
0.551514
0.552399
0.557526
0.561066
0.565247
0.567596
0.575531
0.581604
0.588226
0.595398
0.603149
0.61142
0.620209
0.629486
0.639191
0.644226
0.659943
0.670959
0.682312
0.694031
0.706085
0.718445
0.731079
0.743988
0.757141
0.770508
0.784027
0.797699
0.811554
0.82547
0.839478
0.853638
0.867798
0.881958
0.896118
0.910278
0.924438
0.938477
0.952393
0.966309
0.97998
0.993591
1.00702
1.02023
1.03326
1.04608
1.05865
1.077
1.08298
1.0947
1.10611
1.11722
1.13327
1.14352
1.15341
1.1629
1.16754
1.17645
1.18497
1.19308
1.20444
1.20801
1.21802
1.22113
1.22702
1.23499
1.23969
1.24393
1.24771
1.25101
1.25381
1.25613
1.25797
1.25934
1.26025
1.26068
1.26062
1.26013
1.25919
1.25778
1.25595
1.25366
1.25095
1.24783
1.24429
1.24036
1.23605
1.22885
1.22629
1.21805
1.21213
1.2059
1.19937
1.19254
1.18542
1.17804
1.17041
1.16257
1.15451
1.14621
1.13776
1.12918
1.12039
1.11151
1.10699
1.09344
1.08417
1.07489
1.06561
1.05634
1.04706
1.03778
1.0285
1.01923
1.00995
1.00067
0.986816
0.9823
0.973267
0.964325
0.955536
0.942596
0.938324
0.929993
0.917755
0.909821
0.905914
0.89447
0.887115
0.879974
0.873047
0.866333
0.859863
0.853668
0.847717
0.842041
0.836639
0.831543
0.826752
0.822235
0.818024
0.814117
0.810547
0.807281
0.804321
0.801697
0.799377
0.797363
0.795715
0.793823
0.793335
0.792419
0.792267
0.792175
0.792664
0.793335
0.793823
0.794952
0.797211
0.799072
0.80011
0.803619
0.806274
0.809204
0.812378
0.815796
0.819458
0.823364
0.827484
0.831818
0.836334
0.841003
0.845886
0.850952
0.85614
0.861511
0.867004
0.87262
0.878357
0.884216
0.890076
0.896179
0.902283
0.908386
0.914612
0.920959
0.930481
0.933655
0.940002
0.94635
0.952698
0.962219
0.965393
0.971741
0.981018
0.98407
0.993225
0.996246
1.00504
1.0108
1.01361
1.01923
1.02731
1.03253
1.03766
1.04257
1.04501
1.05203
1.05652
1.06088
1.06503
1.06903
1.07291
1.07657
1.08008
1.08344
1.08661
1.08957
1.09235
1.09494
1.09735
1.09955
1.10153
1.1033
1.10486
1.1062
1.10736
1.10831
1.10928
1.10953
1.1098
1.10986
1.10974
1.10916
1.10852
1.10767
1.10666
1.10544
1.104
1.10242
1.10068
1.09872
1.09659
1.09433
1.09189
1.08929
1.08661
1.08368
1.08072
1.07755
1.07434
1.07092
1.0675
1.0639
1.06024
1.05658
1.05267
1.04877
1.04486
1.04095
1.0369
1.03275
1.02859
1.02444
1.02029
1.01614
1.00992
1.00784
1.00369
0.999725
0.995819
0.991913
0.988007
0.9841
0.980225
0.976562
0.971069
0.969238
0.965576
0.960449
0.95874
0.955322
0.952026
0.948853
0.945679
0.941071
0.938141
0.935211
0.932465
0.929779
0.927094
0.924652
0.922211
0.919891
0.917694
0.915588
0.913635
0.911774
0.910065
0.908478
0.907013
0.905731
0.90451
0.904022
0.902649
0.901917
0.901337
0.900848
0.900604
0.900421
0.900421
0.900543
0.900787
0.901215
0.901703
0.902435
0.903198
0.904175
0.905182
0.906403
0.908356
0.909821
0.911377
0.913086
0.914795
0.916748
0.918701
0.920746
0.922943
0.92514
0.927399
0.92984
0.932281
0.934723
0.937256
0.939941
0.942627
0.945312
0.947998
0.950684
0.953369
0.956055
0.95874
0.961426
0.964111
0.966797
0.969482
0.972168
0.980225
0.982819
0.98526
0.987701
0.990143
0.992584
0.994934
0.997131
0.999329
1.00153
1.00366
1.00562
1.00757
1.00952
1.01141
1.01312
1.01483
1.01654
1.01813
1.01959
1.02106
1.02252
1.02383
1.02505
1.02628
1.0275
1.02853
1.03
1.03049
1.03146
1.0322
1.03293
1.03366
1.03461
1.03485
1.03558
1.03583
1.03638
1.0365
1.03687
1.03711
1.03717
1.03717
1.03717
1.03717
1.03705
1.0368
1.03656
1.03632
1.03604
1.03555
1.03531
1.03458
1.03409
1.03357
1.03284
1.0321
1.03137
1.03064
1.02991
1.02911
1.02814
1.02716
1.0257
1.02521
1.02423
1.02277
1.02228
1.02063
1.01941
1.01819
1.01697
1.01575
1.01453
1.01331
1.01208
1.01086
1.00964
1.00842
1.0072
1.00598
1.00476
1.00354
1.00232
1.0011
0.999878
0.998657
0.997437
0.996216
0.994995
0.993774
0.992554
0.991333
0.990112
0.988892
0.987671
0.98645
0.985229
0.983398
0.982788
0.980957
0.979767
0.97879
0.977814
0.976837
0.975861
0.974884
0.973907
0.972931
0.971954
0.970978
0.970001
0.969025
0.968079
0.967346
0.966614
0.965881
0.965149
0.964417
0.963684
0.962952
0.962219
0.961548
0.96106
0.960327
0.960083
0.959595
0.959106
0.958618
0.95813
0.957611
0.957367
0.957123
0.956879
0.956757
0.95639
0.956268
0.955963
0.955963
0.955963
0.955963
0.955963
0.955963
0.955963
0.956085
0.956329
0.956573
0.956818
0.957062
0.957306
0.95755
0.957794
0.958038
0.958405
0.958893
0.959381
0.959869
0.960358
0.960846
0.961334
0.961823
0.962311
0.962799
0.963287
0.96402
0.964264
0.964844
0.965942
0.966309
0.967041
0.967773
0.968872
0.969238
0.969971
0.970703
0.971802
0.972534
0.9729
0.973999
0.974365
0.975464
0.976196
0.976929
0.977661
0.978394
0.979126
0.979858
0.980591
0.981323
0.982056
0.982788
0.983521
0.984253
0.984833
0.985321
0.985809
0.986298
0.986786
0.987274
0.987762
0.988495
0.988983
0.989227
0.989716
0.990204
0.990936
0.99118
0.991913
0.992157
0.992645
0.993286
0.99353
0.993774
0.993896
0.994263
0.994507
0.994751
0.994995
0.995239
0.995483
0.995728
0.995972
0.996216
0.99646
0.996704
0.996948
0.997162
0.997162
0.997162
0.997162
0.997162
0.997162
0.997162
0.997162
0.997162
0.997162
0.997162
0.997162
0.997162
0.997162
0.997162
0.997162
0.997162
0.997162
0.997162
0.997162
0.997162
0.997131
0.996887
0.996521
0.996277
0.996155
0.995789
0.995544
0.995422
0.995056
0.994812
0.99469
0.994324
0.99408
0.993835
0.993591
0.993347
0.993103
0.992859
0.992615
0.992493
0.992126
0.991882
0.991638
0.991394
0.99115
0.990906
0.990662
0.990417
0.990173
0.989929
0.989685
0.989441
0.989197
0.988953
0.988708
0.988464
0.98822
0.987976
0.987732
0.987488
0.987244
0.987
0.986633
0.986511
0.986145
0.985901
0.985657
0.985413
0.985168
0.984924
0.98468
0.984436
0.984314
0.983948
0.983704
0.983459
0.983215
0.982971
0.982727
0.982483
0.982361
0.981995
0.98175
0.981506
0.981262
0.981018
0.980774
0.98056
0.98056
0.98056
0.98056
0.98056
0.98056
0.98056
0.98056
0.98056
0.98056
0.98056
0.98056
0.98056
0.98056
0.98056
0.98056
0.98056
0.98056
0.98056
0.98056
0.98056
0.98056
0.98056
0.98056
0.98056
0.98056
0.98056
0.98056
0.98056
0.98056
0.98056
0.98056
0.98056
0.98056
0.98056
0.98056
0.98056
0.98056
0.98056
0.98056
0.98056
0.98056
0.98056
0.98056
0.980743
0.980988
0.981232
0.981476
0.98172
0.982086
0.982208
0.982452
0.982697
0.983063
0.983185
0.983551
0.983673
0.983917
0.984283
0.984528
0.984772
0.984894
0.98526
0.985504
0.985748
0.985992
0.986237
0.986481
0.986725
0.986969
0.987213
0.987457
0.987701
0.987946
0.98819
0.988434
0.988678
0.988922
0.989166
0.98941
0.989655
0.989899
0.990143
0.990387
0.990631
0.990723
0.990723
0.990723
0.990723
0.990723
0.990723
0.990723
0.990723
0.990723
0.990723
0.990723
0.990723
0.990723
0.990723
0.990723
0.990723
0.990723
0.990723
0.990723
0.990723
0.990723
0.990723
0.990723
0.990723
0.990723
0.990723
0.990723
0.990723
0.990723
0.990723
0.990723
0.990723
0.990723
0.990723
0.990723
0.990723
0.990723
0.990723
0.990723
0.990723
0.990723
0.990723
0.990723
0.990723
0.990723
0.990723
0.990723
0.990723
0.990723
0.990723
0.990723
0.990723
0.990723
0.990723
0.990723
0.990723
0.990723
0.990723
0.990723
0.990723
0.990723
0.990723
0.990723
0.990723
0.990723
0.990723
0.990723
0.990723
0.990723
0.990723
0.990723
0.990723
0.990723
0.990723
0.990723
0.990723
0.990723
0.990723
0.990723
0.990723
0.990723
0.990723
0.990723
0.990723
0.990723
0.990723
0.990723
0.990723
