0
0
0
0
0
9.1553e-05
0.000335693
0.000671387
0.00134277
0.00253296
0.00439453
0.00708008
0.0107422
0.015564
0.0250854
0.0289001
0.0375671
0.0476379
0.0591431
0.072052
0.0863647
0.110382
0.128052
0.13736
0.167114
0.188416
0.210815
0.234253
0.258667
0.283997
0.310211
0.337219
0.36496
0.393402
0.422455
0.452057
0.482208
0.512817
0.543793
0.575134
0.60675
0.638611
0.670624
0.70285
0.735077
0.767303
0.79953
0.831757
0.86377
0.89566
0.927307
0.958679
0.989777
1.02048
1.05078
1.08063
1.12448
1.15305
1.19479
1.22186
1.2482
1.27383
1.29874
1.32285
1.34616
1.36862
1.39023
1.42087
1.44016
1.45847
1.4758
1.49216
1.50748
1.52176
1.535
1.54721
1.55835
1.56842
1.57306
1.58533
1.59515
1.60034
1.60446
1.60751
1.60947
1.61038
1.61023
1.60901
1.60681
1.60355
1.59927
1.59402
1.5878
1.58066
1.5726
1.56366
1.5538
1.54312
1.53159
1.51929
1.5062
1.4852
1.47784
1.45483
1.43869
1.42191
1.40457
1.38672
1.36835
1.34952
1.33029
1.31067
1.29071
1.27042
1.24985
1.21857
1.20807
1.17627
1.155
1.13351
1.11203
1.09055
1.06906
1.04779
1.02655
1.00546
0.984528
0.963776
0.943268
0.923035
0.893188
0.883423
0.854584
0.835876
0.82666
0.799622
0.782166
0.765198
0.748718
0.732758
0.717346
0.702484
0.688232
0.681335
0.661591
0.64917
0.637421
0.626404
0.616028
0.606354
0.597351
0.589081
0.581512
0.574677
0.568573
0.563171
0.558502
0.554565
0.551361
0.548889
0.54715
0.546112
0.545776
0.546143
0.547241
0.55011
0.552917
0.556366
0.55835
0.565216
0.570557
0.576508
0.583069
0.590179
0.597839
0.606049
0.614777
0.623993
0.633698
0.643829
0.649078
0.665405
0.676758
0.688507
0.700592
0.712982
0.732117
0.738617
0.751801
0.765228
0.77887
0.792664
0.813629
0.827789
0.834869
0.856354
0.863556
0.87796
0.913971
0.928375
0.949738
0.963898
0.977905
0.991821
1.00552
1.01907
1.03241
1.04553
1.05838
1.07095
1.08325
1.09528
1.10693
1.11829
1.12927
1.13989
1.15012
1.15997
1.1694
1.17847
1.1871
1.19528
1.20303
1.21033
1.21716
1.22357
1.22949
1.23495
1.23996
1.24448
1.2485
1.25204
1.2565
1.25888
1.26077
1.26218
1.26309
1.26358
1.26358
1.26312
1.26221
1.25998
1.259
1.25674
1.25256
1.24924
1.24548
1.24136
1.23685
1.23193
1.22668
1.22107
1.21512
1.20886
1.2023
1.1954
1.18823
1.18082
1.17316
1.16525
1.15714
1.14883
1.14029
1.13159
1.1228
1.11377
1.10474
1.09546
1.08618
1.07681
1.06729
1.05301
1.04825
1.03873
1.02921
1.01492
1.01016
0.99588
0.991211
0.977295
0.972656
0.963562
0.950104
0.941315
0.932709
0.924225
0.915924
0.907837
0.895996
0.888397
0.880981
0.873779
0.866821
0.860107
0.853668
0.847473
0.841553
0.835907
0.830597
0.825562
0.820831
0.814301
0.812286
0.808502
0.804993
0.801819
0.797668
0.796448
0.793274
0.791565
0.790833
0.789124
0.788391
0.787994
0.787872
0.787933
0.788605
0.789429
0.790558
0.791962
0.793701
0.795715
0.798004
0.801941
0.804932
0.808167
0.811646
0.815369
0.819305
0.823456
0.82785
0.832458
0.83725
0.842224
0.847351
0.852692
0.860962
0.866608
0.872467
0.878357
0.88446
0.893646
0.89682
0.906342
0.912689
0.919037
0.925629
0.93222
0.938812
0.945404
0.951996
0.958588
0.965088
0.971436
0.980957
0.987305
0.993439
0.999542
1.00558
1.01144
1.01724
1.02286
1.02838
1.03375
1.03897
1.0441
1.04898
1.05606
1.06061
1.065
1.06918
1.07321
1.07712
1.08078
1.086
1.08765
1.09082
1.09378
1.0979
1.09915
1.10263
1.10471
1.10568
1.10742
1.10895
1.11087
1.11185
1.11261
1.11292
1.11349
1.11362
1.11353
1.11322
1.11273
1.112
1.11105
1.10992
1.10861
1.10712
1.10541
1.10352
1.10147
1.09927
1.09683
1.09427
1.09158
1.08868
1.08572
1.08255
1.07932
1.0759
1.07245
1.06879
1.06512
1.05933
1.05737
1.05347
1.0473
1.04315
1.039
1.03485
1.0307
1.02655
1.02219
1.01779
1.01361
1.00946
1.00531
1.00116
0.997009
0.992859
0.988708
0.982697
0.980743
0.976837
0.972931
0.969086
0.965424
0.961761
0.958099
0.95459
0.949463
0.946045
0.942841
0.939667
0.936493
0.932098
0.929169
0.927765
0.923737
0.921112
0.918671
0.91626
0.914062
0.911896
0.909943
0.908081
0.906372
0.904816
0.903351
0.90213
0.901001
0.900024
0.899231
0.898529
0.898041
0.897675
0.89743
0.8974
0.89743
0.897675
0.898041
0.898529
0.8992
0.899933
0.900879
0.901855
0.903076
0.904297
0.905762
0.907227
0.90976
0.910614
0.912476
0.915405
0.917542
0.919739
0.921936
0.923157
0.925598
0.92926
0.931854
0.93454
0.937225
0.939911
0.942657
0.945587
0.949982
0.951447
0.954376
0.957306
0.960236
0.96463
0.966095
0.969025
0.973419
0.976349
0.979218
0.981903
0.984589
0.987274
0.98996
0.992615
0.995056
0.997498
0.999939
1.00235
1.00455
1.00674
1.01004
1.01202
1.01398
1.01593
1.01782
1.01953
1.02124
1.02295
1.02448
1.02594
1.0274
1.02884
1.03006
1.03128
1.0325
1.03357
1.03455
1.03601
1.03683
1.03757
1.03793
1.03949
1.03973
1.04047
1.04071
1.04108
1.04132
1.04144
1.0416
1.0416
1.0416
1.04156
1.04132
1.04108
1.04083
1.04053
1.04004
1.03955
1.03906
1.03857
1.03787
1.03714
1.03641
1.03604
1.03448
1.03351
1.03253
1.03204
1.03058
1.0296
1.02859
1.02737
1.02615
1.02493
1.02371
1.02249
1.02127
1.02005
1.01883
1.017
1.01578
1.01505
1.01358
1.01212
1.01065
1.00845
1.00772
1.00626
1.00479
1.00333
1.00113
0.999664
0.998199
0.996735
0.99527
0.993805
0.99234
0.990936
0.989716
0.988495
0.987274
0.986053
0.984833
0.983612
0.981781
0.98056
0.97934
0.978119
0.976898
0.975677
0.974457
0.973267
0.97229
0.971313
0.970337
0.96936
0.968384
0.967407
0.966431
0.965454
0.964478
0.963654
0.962921
0.961823
0.96109
0.960724
0.959625
0.959259
0.958252
0.957764
0.957275
0.956787
0.956299
0.955811
0.955322
0.954926
0.954681
0.954437
0.954193
0.953949
0.953705
0.953461
0.9534
0.9534
0.9534
0.9534
0.9534
0.9534
0.9534
0.953583
0.953827
0.954071
0.954315
0.954681
0.954803
0.955048
0.955292
0.95575
0.956238
0.956726
0.957214
0.957703
0.958435
0.958679
0.959412
0.9599
0.960388
0.961121
0.961853
0.962585
0.963318
0.96405
0.964783
0.965515
0.966248
0.96698
0.967712
0.968811
0.969543
0.970276
0.971008
0.971741
0.972473
0.973206
0.973938
0.97467
0.975403
0.976135
0.976868
0.9776
0.978333
0.979065
0.979797
0.980896
0.981262
0.981995
0.982727
0.983459
0.984558
0.984924
0.986023
0.986755
0.987427
0.987915
0.988403
0.988892
0.98938
0.989868
0.990601
0.990845
0.991333
0.992065
0.992554
0.992798
0.99353
0.994019
0.994507
0.994934
0.995178
0.995422
0.995667
0.995911
0.996155
0.996399
0.996643
0.996887
0.997131
0.997375
0.997498
0.997864
0.998108
0.998352
0.998505
0.998505
0.998505
0.998505
0.998505
0.998505
0.998505
0.998505
0.998505
0.998505
0.998505
0.998505
0.998505
0.998505
0.998505
0.998505
0.998505
0.998505
0.998505
0.998291
0.998047
0.997803
0.997681
0.997314
0.99707
0.996826
0.996582
0.996216
0.995972
0.995728
0.995483
0.995361
0.994995
0.994751
0.994507
0.994263
0.994019
0.993774
0.99353
0.993286
0.993042
0.992798
0.992554
0.99231
0.992065
0.991821
0.991577
0.991333
0.991089
0.990723
0.990601
0.990234
0.990112
0.989868
0.989502
0.98938
0.989014
0.98877
0.988525
0.988281
0.988037
0.987793
0.987549
0.987305
0.987061
0.986816
0.986572
0.986328
0.986084
0.985718
0.985474
0.985229
0.984985
0.984741
0.984497
0.984253
0.984009
0.983765
0.983521
0.983276
0.983032
0.982788
0.982544
0.9823
0.981934
0.981689
0.981445
0.981201
0.980957
0.980713
0.980469
0.980225
0.980042
0.980042
0.980042
0.980042
0.980042
0.980042
0.980042
0.980042
0.980042
0.980042
0.980042
0.980042
0.980042
0.980042
0.980042
0.980042
0.980042
0.980042
0.980042
0.980042
0.980042
0.980042
0.980042
0.980042
0.980042
0.980042
0.980042
0.980042
0.980042
0.980042
0.980042
0.980042
0.980042
0.980042
0.980042
0.980042
0.980042
0.980042
0.980042
0.980042
0.980286
0.98053
0.980774
0.981018
0.981262
0.981506
0.98175
0.981995
0.982239
0.982483
0.982727
0.982971
0.983215
0.983459
0.983704
0.983948
0.984314
0.984558
0.984802
0.984924
0.985291
0.985535
0.985779
0.986023
0.986267
0.986511
0.986755
0.987
0.987244
0.987488
0.987732
0.987976
0.98822
0.988464
0.988708
0.988953
0.989319
0.989441
0.989685
0.989929
0.990173
0.99054
0.990662
0.990906
0.991241
0.991241
0.991241
0.991241
0.991241
0.991241
0.991241
0.991241
0.991241
0.991241
0.991241
0.991241
0.991241
0.991241
0.991241
0.991241
0.991241
0.991241
0.991241
0.991241
0.991241
0.991241
0.991241
0.991241
0.991241
0.991241
0.991241
0.991241
0.991241
0.991241
0.991241
0.991241
0.991241
0.991241
0.991241
0.991241
0.991241
0.991241
0.991241
0.991241
0.991241
0.991241
0.991241
0.991241
0.991241
0.991241
0.991241
0.991241
0.991241
0.991241
0.991241
0.991241
0.991241
0.991241
0.991241
0.991241
0.991241
0.991241
0.991241
0.991241
0.991241
0.991241
0.991241
0.991241
0.991241
0.991241
0.991241
0.991241
0.991241
0.991241
0.991241
0.991241
0.991241
0.991241
0.991241
0.991241
0.991241
0.991241
0.991241
0.991241
0.991241
0.991241
0.991241
0.991241
0.991241
0.991241
0.991241
0.991241
0.991241
0.991241
0.991241
0.991241
0.991241
