0
0
0
0
0
0.00012207
0.000366211
0.000732422
0.00140381
0.00259399
0.00445557
0.00714111
0.0108032
0.015625
0.021637
0.0289612
0.0424805
0.0532837
0.0654907
0.072113
0.0941162
0.110474
0.128143
0.147064
0.167206
0.188507
0.210907
0.234344
0.258759
0.284088
0.310272
0.33728
0.36499
0.393433
0.422485
0.452118
0.482269
0.512909
0.559692
0.575439
0.607239
0.639282
0.671509
0.720215
0.752747
0.785461
0.818054
0.850525
0.86676
0.915161
0.947144
0.978821
1.02573
1.05649
1.08682
1.11664
1.1459
1.17459
1.2164
1.24341
1.26968
1.29523
1.31998
1.34387
1.35553
1.39987
1.42068
1.44058
1.4595
1.47745
1.48602
1.51019
1.52502
1.53882
1.55151
1.56314
1.57367
1.5831
1.5914
1.59863
1.60474
1.60971
1.61362
1.61639
1.6181
1.61871
1.61823
1.61761
1.61761
1.61761
1.6059
1.60028
1.59369
1.58612
1.5777
1.5683
1.55804
1.54694
1.535
1.52225
1.50171
1.49448
1.47952
1.46387
1.43918
1.43066
1.41318
1.38593
1.36713
1.3479
1.32825
1.3082
1.28781
1.26712
1.24615
1.22495
1.21426
1.18201
1.16028
1.13855
1.11682
1.09509
1.08423
1.05164
1.03
1.00851
0.976593
0.966095
0.955597
0.924561
0.904205
0.884186
0.854858
0.835785
0.817108
0.798889
0.781128
0.763855
0.74707
0.730865
0.71521
0.700134
0.685699
0.671844
0.65863
0.646088
0.634247
0.623047
0.612579
0.602814
0.593781
0.585449
0.57785
0.570984
0.56485
0.559448
0.554779
0.550842
0.546295
0.544159
0.542725
0.542023
0.542023
0.542725
0.544128
0.546204
0.54892
0.552368
0.556488
0.561157
0.566498
0.572449
0.57901
0.589905
0.593811
0.606354
0.615387
0.620087
0.634888
0.645325
0.656189
0.66745
0.679077
0.691101
0.703461
0.716125
0.729095
0.74231
0.755768
0.76944
0.783325
0.797333
0.811493
0.825775
0.840179
0.854584
0.87619
0.883392
0.904999
0.919403
0.933807
0.94101
0.962463
0.976624
0.990631
1.00452
1.01819
1.03165
1.04489
1.05789
1.07062
1.08304
1.09515
1.10699
1.1185
1.12964
1.14047
1.15594
1.16092
1.17523
1.18427
1.18863
1.20105
1.20877
1.21603
1.22284
1.22919
1.23505
1.24042
1.2453
1.24969
1.2536
1.25702
1.25995
1.26239
1.26514
1.26636
1.26709
1.26733
1.26709
1.26639
1.26523
1.26361
1.26154
1.25903
1.2561
1.25275
1.24896
1.24478
1.24023
1.23526
1.22998
1.2243
1.21515
1.21194
1.20526
1.19473
1.18735
1.17969
1.17178
1.16367
1.15533
1.14679
1.13803
1.12912
1.12009
1.11087
1.10159
1.09219
1.08267
1.07315
1.06363
1.05399
1.04422
1.03445
1.02469
1.01511
1.00082
0.996063
0.986542
0.977234
0.967957
0.954315
0.945343
0.940948
0.93222
0.919464
0.911163
0.903076
0.895172
0.887451
0.879944
0.87265
0.865601
0.858795
0.852264
0.846008
0.839996
0.83429
0.828857
0.82373
0.816589
0.812256
0.810181
0.806335
0.801147
0.798096
0.795349
0.792969
0.790894
0.789154
0.787781
0.786713
0.78598
0.785583
0.785492
0.785736
0.786285
0.78714
0.7883
0.789764
0.791534
0.79361
0.795959
0.798584
0.801483
0.804626
0.808044
0.811707
0.815613
0.819763
0.826385
0.831055
0.835938
0.841034
0.846283
0.851654
0.857269
0.862976
0.868835
0.874817
0.88092
0.887085
0.893433
0.902954
0.906158
0.916046
0.922638
0.92923
0.935822
0.942413
0.949005
0.955597
0.962189
0.968781
0.975281
0.981628
0.987976
0.994232
1.00034
1.00641
1.01227
1.01807
1.02368
1.02917
1.03455
1.03973
1.04483
1.04971
1.05444
1.05908
1.06567
1.06775
1.07385
1.07581
1.08142
1.08493
1.08829
1.09146
1.09442
1.0972
1.09979
1.10217
1.10437
1.10632
1.10806
1.11029
1.1109
1.112
1.11285
1.11374
1.11392
1.11414
1.11401
1.11389
1.11316
1.11243
1.11145
1.11029
1.10895
1.10742
1.10571
1.10379
1.10172
1.09949
1.09705
1.09445
1.09177
1.08884
1.08585
1.08267
1.07941
1.07599
1.07248
1.06882
1.06516
1.06128
1.05737
1.05347
1.04935
1.0452
1.04105
1.0369
1.03275
1.02859
1.02432
1.01993
1.01559
1.01144
1.00522
1.00107
0.998993
0.992767
0.988617
0.986542
0.980621
0.976715
0.972809
0.968903
0.96524
0.961578
0.956085
0.952667
0.949249
0.945831
0.942627
0.939453
0.936279
0.93335
0.93042
0.927582
0.924896
0.922211
0.919769
0.917328
0.91507
0.912872
0.910858
0.908905
0.907196
0.905518
0.904053
0.90271
0.901489
0.900452
0.899506
0.898407
0.897919
0.897522
0.897278
0.897186
0.897186
0.89743
0.897736
0.898224
0.898834
0.899567
0.900452
0.901428
0.902588
0.903809
0.905212
0.906677
0.908325
0.910034
0.911865
0.913818
0.915771
0.919067
0.920166
0.922424
0.926086
0.927307
0.931061
0.933746
0.936432
0.939117
0.941803
0.944702
0.947632
0.950562
0.953491
0.956421
0.959351
0.96228
0.96521
0.96814
0.971069
0.973999
0.976929
0.979645
0.98233
0.986359
0.989044
0.991699
0.994141
0.996582
0.999023
1.00259
1.00369
1.00589
1.00919
1.01028
1.01321
1.01419
1.01614
1.01886
1.02057
1.02228
1.0239
1.02536
1.02682
1.02829
1.02954
1.03076
1.03198
1.03311
1.03458
1.03506
1.03604
1.0372
1.03793
1.03867
1.03922
1.0397
1.04019
1.04065
1.04089
1.04114
1.04138
1.0415
1.0415
1.0415
1.0415
1.04132
1.04108
1.04071
1.04041
1.03992
1.03943
1.03894
1.03845
1.03775
1.03702
1.03629
1.03555
1.03482
1.03387
1.0329
1.03192
1.03094
1.02997
1.02899
1.02786
1.02725
1.02542
1.02298
1.02237
1.02054
1.01932
1.0181
1.01688
1.01562
1.01416
1.0127
1.01123
1.00977
1.0083
1.00684
1.00537
1.00391
1.00244
1.00098
0.999512
0.998047
0.996582
0.995117
0.993652
0.992188
0.98999
0.988739
0.987518
0.986298
0.985077
0.983856
0.982025
0.981415
0.980194
0.978973
0.977753
0.975922
0.975311
0.97348
0.972351
0.971375
0.970398
0.969421
0.968445
0.967468
0.966492
0.965515
0.964539
0.963593
0.96286
0.962128
0.961395
0.960663
0.95993
0.959198
0.958099
0.957611
0.957123
0.956635
0.956146
0.955658
0.95517
0.954681
0.954407
0.954163
0.953918
0.953674
0.95343
0.953186
0.952972
0.952972
0.952972
0.952972
0.952972
0.952972
0.952972
0.953156
0.9534
0.953644
0.953888
0.954132
0.954376
0.95462
0.954895
0.955383
0.955872
0.95636
0.957092
0.957581
0.958069
0.958557
0.959045
0.959534
0.960175
0.960907
0.961639
0.962372
0.963104
0.963837
0.964935
0.965668
0.9664
0.967499
0.968231
0.968597
0.969696
0.970428
0.971161
0.971893
0.972626
0.973358
0.974091
0.974823
0.975555
0.976288
0.97702
0.977753
0.978485
0.979218
0.97995
0.980682
0.981781
0.982513
0.98288
0.983612
0.984344
0.985443
0.986176
0.986908
0.98761
0.988098
0.988586
0.989075
0.989563
0.990051
0.99054
0.991272
0.99176
0.992004
0.992737
0.993225
0.993713
0.994202
0.994446
0.995239
0.995483
0.995728
0.995972
0.996216
0.99646
0.996704
0.996948
0.997192
0.997559
0.997803
0.998047
0.998291
0.998535
0.998688
0.998688
0.998688
0.998688
0.998688
0.998688
0.998688
0.998688
0.998688
0.998688
0.998688
0.998688
0.998688
0.998688
0.998688
0.998688
0.998688
0.998688
0.998657
0.998413
0.998169
0.997925
0.997559
0.997314
0.99707
0.996826
0.996582
0.996338
0.996094
0.99585
0.995605
0.995361
0.995117
0.994873
0.994507
0.994263
0.994019
0.993896
0.99353
0.993286
0.993042
0.992798
0.992554
0.99231
0.992065
0.991821
0.991577
0.991333
0.991089
0.990845
0.990601
0.990356
0.990112
0.989868
0.989624
0.98938
0.989136
0.988892
0.988647
0.988403
0.988159
0.987915
0.987671
0.987305
0.987183
0.986938
0.986694
0.986328
0.986084
0.98584
0.985596
0.985352
0.985107
0.984863
0.984619
0.984375
0.984131
0.983887
0.983643
0.983398
0.983154
0.98291
0.982666
0.982422
0.982178
0.981934
0.981689
0.981445
0.981201
0.980957
0.980713
0.980469
0.980225
0.97998
0.97998
0.97998
0.97998
0.97998
0.97998
0.97998
0.97998
0.97998
0.97998
0.97998
0.97998
0.97998
0.97998
0.97998
0.97998
0.97998
0.97998
0.97998
0.97998
0.97998
0.97998
0.97998
0.97998
0.97998
0.97998
0.97998
0.97998
0.97998
0.97998
0.97998
0.97998
0.97998
0.97998
0.97998
0.97998
0.97998
0.97998
0.980011
0.980255
0.980499
0.980621
0.980988
0.981232
0.981476
0.98172
0.981964
0.982208
0.982452
0.982697
0.982941
0.983185
0.983429
0.983673
0.983917
0.984161
0.984406
0.98465
0.984894
0.985138
0.985382
0.985626
0.98587
0.986237
0.986359
0.986603
0.986847
0.987091
0.987457
0.987579
0.987823
0.98819
0.988434
0.988678
0.988922
0.989166
0.98941
0.989655
0.989899
0.990143
0.990387
0.990631
0.990875
0.991119
0.991333
0.991333
0.991333
0.991333
0.991333
0.991333
0.991333
0.991333
0.991333
0.991333
0.991333
0.991333
0.991333
0.991333
0.991333
0.991333
0.991333
0.991333
0.991333
0.991333
0.991333
0.991333
0.991333
0.991333
0.991333
0.991333
0.991333
0.991333
0.991333
0.991333
0.991333
0.991333
0.991333
0.991333
0.991333
0.991333
0.991333
0.991333
0.991333
0.991333
0.991333
0.991333
0.991333
0.991333
0.991333
0.991333
0.991333
0.991333
0.991333
0.991333
0.991333
0.991333
0.991333
0.991333
0.991333
0.991333
0.991333
0.991333
0.991333
0.991333
0.991333
0.991333
0.991333
0.991333
0.991333
0.991333
0.991333
0.991333
0.991333
0.991333
0.991333
0.991333
0.991333
0.991333
0.991333
0.991333
0.991333
0.991333
0.991333
0.991333
0.991333
0.991333
0.991333
0.991333
0.991333
0.991333
0.991333
0.991333
0.991333
0.991333
0.991333
