0
0
0
0
0
9.15526e-05
0.000335693
0.000671387
0.00134277
0.00253296
0.00439453
0.00708008
0.0107422
0.0184021
0.0215759
0.0289001
0.0424194
0.0476379
0.0654297
0.0790405
0.0940247
0.110382
0.128052
0.146973
0.167114
0.188385
0.210754
0.234192
0.258606
0.283875
0.310028
0.336975
0.364655
0.393005
0.422028
0.451599
0.481689
0.512268
0.543243
0.574585
0.606232
0.638153
0.670288
0.702515
0.734955
0.767426
0.799896
0.84845
0.880676
0.896698
0.944489
0.975983
1.00714
1.03793
1.06833
1.09824
1.12759
1.1564
1.1846
1.21216
1.23904
1.2652
1.29059
1.31519
1.33896
1.36188
1.38391
1.40503
1.42517
1.44434
1.46252
1.47974
1.49597
1.51111
1.52524
1.5383
1.55585
1.56619
1.57095
1.57968
1.58731
1.59387
1.60162
1.60544
1.60693
1.6098
1.61023
1.60989
1.6084
1.60583
1.60419
1.59778
1.59229
1.58582
1.57837
1.56998
1.56073
1.5506
1.53964
1.52786
1.51532
1.50201
1.48798
1.47324
1.45782
1.4418
1.42517
1.3992
1.39026
1.37201
1.34381
1.32449
1.30481
1.29483
1.26443
1.24384
1.22299
1.202
1.18076
1.15952
1.13809
1.11661
1.09512
1.07364
1.05237
1.03113
1.01004
0.989105
0.968384
0.947906
0.927704
0.907776
0.888184
0.859497
0.850098
0.822601
0.80481
0.796082
0.77063
0.754303
0.738495
0.723267
0.708618
0.69458
0.681122
0.668304
0.656128
0.644623
0.633789
0.628632
0.614197
0.605438
0.597382
0.590027
0.583405
0.577484
0.572266
0.567749
0.563965
0.560883
0.558502
0.556824
0.555847
0.555573
0.555939
0.557037
0.559906
0.561188
0.56424
0.567932
0.572266
0.579895
0.582733
0.592102
0.59552
0.606567
0.614594
0.623138
0.632172
0.641663
0.651611
0.661987
0.67276
0.683899
0.695435
0.707275
0.719421
0.731903
0.744629
0.757599
0.770782
0.78418
0.797729
0.811401
0.825226
0.839142
0.853058
0.867096
0.881256
0.895416
0.916473
0.923431
0.937347
0.951263
0.964966
0.978638
0.998749
1.00534
1.0249
1.03766
1.05017
1.06244
1.07443
1.08609
1.09744
1.10852
1.1192
1.12958
1.13959
1.14923
1.15848
1.16736
1.17578
1.18381
1.19141
1.19858
1.20529
1.21155
1.21735
1.22269
1.22757
1.23199
1.23596
1.23944
1.24249
1.24615
1.24802
1.24942
1.25037
1.25067
1.25092
1.25052
1.24966
1.24838
1.24667
1.24457
1.24203
1.23907
1.23746
1.23199
1.22791
1.22342
1.21606
1.21344
1.20795
1.20215
1.19287
1.18634
1.17953
1.17245
1.16513
1.15759
1.14984
1.14594
1.13788
1.12967
1.11707
1.10852
1.09982
1.09103
1.08224
1.07324
1.06421
1.05518
1.04614
1.03711
1.02808
1.01904
1.01001
1.00107
0.992279
0.98349
0.974854
0.966309
0.957916
0.949615
0.941528
0.933563
0.925751
0.918152
0.910675
0.903381
0.896301
0.889435
0.882751
0.876282
0.870056
0.861115
0.858276
0.852783
0.847534
0.84256
0.83783
0.831268
0.829224
0.823547
0.820099
0.818512
0.814148
0.811615
0.810455
0.807434
0.805817
0.804474
0.803436
0.802704
0.802277
0.802155
0.802307
0.802734
0.803497
0.804535
0.805847
0.807434
0.809265
0.811371
0.813721
0.816345
0.819214
0.822296
0.825623
0.829163
0.834869
0.836853
0.841003
0.847565
0.852203
0.854523
0.861847
0.866943
0.87207
0.877441
0.882812
0.888397
0.894012
0.899628
0.905487
0.911346
0.917206
0.923065
0.928925
0.934845
0.940948
0.947052
0.953064
0.958923
0.964783
0.970642
0.976501
0.982361
0.988068
0.993683
0.999298
1.00473
1.0101
1.01535
1.02048
1.02548
1.03036
1.03506
1.0419
1.0441
1.04843
1.05258
1.05853
1.06235
1.06418
1.06946
1.07281
1.07599
1.07898
1.08185
1.08453
1.08704
1.08939
1.09155
1.09351
1.09525
1.0968
1.09818
1.09985
1.10074
1.1011
1.1019
1.10202
1.1022
1.1022
1.10178
1.10129
1.10056
1.09967
1.0986
1.09738
1.09592
1.09433
1.09262
1.09067
1.08859
1.0864
1.08398
1.08154
1.07886
1.07614
1.07321
1.07028
1.06711
1.06393
1.06061
1.05719
1.05377
1.05014
1.04648
1.04282
1.03915
1.03534
1.03143
1.02753
1.02362
1.01776
1.01385
1.0119
1.00604
1.00409
0.998322
0.994659
0.992828
0.989166
0.983673
0.980011
0.976532
0.973114
0.969696
0.966278
0.962982
0.959808
0.956635
0.953461
0.95047
0.94754
0.944611
0.94046
0.937775
0.935089
0.932617
0.930176
0.927765
0.925568
0.92337
0.921326
0.919373
0.917542
0.914978
0.914215
0.91275
0.911407
0.910187
0.909119
0.908142
0.906982
0.906372
0.906128
0.905548
0.905304
0.905273
0.905273
0.905518
0.905792
0.906281
0.906799
0.907532
0.908295
0.909271
0.910248
0.911469
0.912689
0.914124
0.916321
0.917999
0.919708
0.921478
0.922455
0.925385
0.927399
0.929596
0.931793
0.93399
0.93634
0.938782
0.941223
0.943665
0.946106
0.948578
0.951263
0.953949
0.956635
0.95932
0.962006
0.964691
0.967377
0.970062
0.972626
0.975067
0.97995
0.983612
0.986053
0.988464
0.990662
0.992859
0.995056
0.997253
0.999359
1.00131
1.00327
1.00522
1.00714
1.00885
1.01056
1.01227
1.01395
1.01541
1.01688
1.01834
1.01978
1.021
1.02222
1.02344
1.02463
1.0256
1.02658
1.02756
1.02847
1.02921
1.02994
1.03067
1.03137
1.03186
1.03259
1.03308
1.03342
1.03366
1.03378
1.03415
1.0343
1.0343
1.0343
1.0343
1.0343
1.03406
1.03381
1.03357
1.03333
1.03305
1.03256
1.03207
1.03159
1.0311
1.03061
1.02994
1.02921
1.02847
1.02774
1.02701
1.02628
1.02551
1.02454
1.02356
1.02258
1.02161
1.02014
1.01917
1.01819
1.01721
1.01624
1.01508
1.01385
1.01263
1.01141
1.01019
1.00836
1.00775
1.00653
1.0047
1.00348
1.00287
1.00104
0.999817
0.998596
0.997375
0.996155
0.994934
0.993713
0.992493
0.991272
0.990051
0.988831
0.98761
0.986389
0.985168
0.984009
0.983032
0.982056
0.981079
0.980103
0.979126
0.978149
0.977173
0.976196
0.97522
0.974243
0.973267
0.97229
0.971313
0.970062
0.969696
0.968597
0.967865
0.967133
0.9664
0.965668
0.964935
0.964203
0.96347
0.962952
0.962219
0.961731
0.961243
0.960754
0.960266
0.959778
0.95929
0.959015
0.958771
0.958527
0.958282
0.958038
0.957794
0.957428
0.957306
0.957245
0.957245
0.957245
0.957245
0.957245
0.957245
0.957245
0.957245
0.957458
0.957703
0.958069
0.958191
0.958435
0.958801
0.958923
0.95929
0.959534
0.959961
0.960449
0.960938
0.961426
0.961914
0.962402
0.962891
0.963379
0.963867
0.964355
0.964844
0.965332
0.96582
0.966309
0.966797
0.967285
0.967804
0.968536
0.969269
0.970001
0.970734
0.971466
0.972198
0.972931
0.973663
0.974396
0.975128
0.975861
0.976593
0.977692
0.978058
0.97879
0.979523
0.980255
0.980988
0.981903
0.982391
0.98288
0.983368
0.983856
0.984344
0.984833
0.985321
0.985809
0.986298
0.986786
0.987274
0.987762
0.988251
0.988739
0.989227
0.989716
0.990204
0.990692
0.99118
0.991669
0.991974
0.992218
0.992584
0.992706
0.99295
0.993317
0.993439
0.993805
0.993927
0.994171
0.994537
0.994659
0.995026
0.99527
0.995514
0.995758
0.996002
0.996063
0.996063
0.996063
0.996063
0.996063
0.996063
0.996063
0.996063
0.996063
0.996063
0.996063
0.996063
0.996063
0.996063
0.996063
0.996063
0.996063
0.996063
0.996063
0.996063
0.996063
0.996063
0.996063
0.995697
0.995575
0.995331
0.994965
0.994843
0.994598
0.994232
0.993988
0.993744
0.993622
0.993378
0.993134
0.992767
0.992523
0.992279
0.992035
0.991791
0.991547
0.991302
0.991058
0.990814
0.99057
0.990204
0.990082
0.989716
0.989471
0.989227
0.988983
0.988739
0.988495
0.988251
0.988007
0.987762
0.987518
0.987274
0.98703
0.986786
0.986542
0.986298
0.986053
0.985809
0.985565
0.985199
0.985077
0.984833
0.984589
0.984222
0.983978
0.983856
0.983612
0.983368
0.983002
0.982758
0.982513
0.982269
0.982025
0.981781
0.981537
0.981293
0.981049
0.980804
0.980652
0.980652
0.980652
0.980652
0.980652
0.980652
0.980652
0.980652
0.980652
0.980652
0.980652
0.980652
0.980652
0.980652
0.980652
0.980652
0.980652
0.980652
0.980652
0.980652
0.980652
0.980652
0.980652
0.980652
0.980652
0.980652
0.980652
0.980652
0.980652
0.980652
0.980652
0.980652
0.980652
0.980652
0.980652
0.980652
0.980652
0.980652
0.980652
0.980652
0.980652
0.980652
0.980652
0.980652
0.980652
0.980835
0.981079
0.981323
0.981567
0.981812
0.982056
0.9823
0.982544
0.982788
0.983032
0.983276
0.983521
0.983765
0.984009
0.984253
0.984497
0.984741
0.984985
0.985229
0.985474
0.98584
0.985962
0.986328
0.986572
0.986816
0.987061
0.987305
0.987549
0.987793
0.988037
0.988281
0.988525
0.98877
0.989014
0.989258
0.989502
0.989746
0.98999
0.990234
0.99057
0.99057
0.99057
0.99057
0.99057
0.99057
0.99057
0.99057
0.99057
0.99057
0.99057
0.99057
0.99057
0.99057
0.99057
0.99057
0.99057
0.99057
0.99057
0.99057
0.99057
0.99057
0.99057
0.99057
0.99057
0.99057
0.99057
0.99057
0.99057
0.99057
0.99057
0.99057
0.99057
0.99057
0.99057
0.99057
0.99057
0.99057
0.99057
0.99057
0.99057
0.99057
0.99057
0.99057
0.99057
0.99057
0.99057
0.99057
0.99057
0.99057
0.99057
0.99057
0.99057
0.99057
0.99057
0.99057
0.99057
0.99057
0.99057
0.99057
0.99057
0.99057
0.99057
0.99057
0.99057
0.99057
0.99057
0.99057
0.99057
0.99057
0.99057
0.99057
0.99057
0.99057
0.99057
0.99057
0.99057
0.99057
0.99057
0.99057
0.99057
0.99057
0.99057
0.99057
0.99057
0.99057
0.99057
0.99057
0.99057
0.99057
0.99057
0.99057
0.99057
0.99057
