0
1.57357e-05
2.62261e-05
3.67165e-05
4.85183e-05
8.60693e-05
0.000234723
0.000631213
0.00144231
0.00284374
0.0050056
0.00808537
0.0100136
0.0175335
0.0241152
0.0320377
0.0413473
0.0520682
0.0642056
0.0777466
0.0926621
0.10891
0.126437
0.145182
0.165079
0.186058
0.208044
0.230963
0.254739
0.279297
0.304561
0.330458
0.356914
0.383857
0.411218
0.438927
0.466918
0.509292
0.523488
0.551941
0.594661
0.608884
0.6514
0.679544
0.707465
0.735114
0.762441
0.789401
0.815947
0.842031
0.867608
0.89264
0.917092
0.940932
0.964129
0.986658
1.00849
1.02962
1.05
1.06964
1.0885
1.10658
1.12387
1.14035
1.15601
1.17086
1.18487
1.20434
1.21042
1.22195
1.23264
1.24714
1.25578
1.25979
1.27062
1.27683
1.28227
1.28693
1.29082
1.29397
1.29638
1.29807
1.29905
1.29935
1.29898
1.29796
1.29631
1.29406
1.29122
1.28783
1.2839
1.27947
1.27191
1.26917
1.26029
1.25712
1.24707
1.24354
1.23623
1.22469
1.21665
1.20836
1.19985
1.19113
1.18224
1.1732
1.16402
1.15473
1.14537
1.13594
1.12647
1.11224
1.10749
1.09803
1.08861
1.07925
1.06536
1.06078
1.04723
1.04278
1.02963
1.02106
1.01266
1.00443
0.996396
0.988557
0.980926
0.973515
0.966332
0.959387
0.952686
0.946235
0.940038
0.934099
0.928422
0.923008
0.91786
0.912979
0.906161
0.904023
0.898012
0.896143
0.892607
0.887805
0.884937
0.882336
0.879999
0.877923
0.876105
0.874541
0.873229
0.872163
0.871339
0.870753
0.870399
0.870289
0.870361
0.870664
0.871501
0.871879
0.873294
0.874465
0.875806
0.877313
0.878976
0.880786
0.882737
0.884819
0.887025
0.889345
0.891773
0.894298
0.896914
0.899614
0.902389
0.905232
0.908136
0.911096
0.914103
0.917151
0.920233
0.923342
0.926469
0.929605
0.932741
0.935869
0.938981
0.942068
0.945122
0.948138
0.952575
0.954028
0.956892
0.961075
0.963782
0.96642
0.968987
0.97148
0.973899
0.976241
0.978506
0.980692
0.9828
0.984829
0.986778
0.988649
0.990442
0.992157
0.993794
0.995355
0.996842
0.998254
0.999592
1.00086
1.00262
1.00371
1.00423
1.00568
1.00657
1.00739
1.00814
1.00883
1.00946
1.01002
1.01052
1.01096
1.01134
1.01167
1.01193
1.01223
1.01236
1.01244
1.01246
1.01245
1.01238
1.01227
1.01211
1.01191
1.01167
1.01139
1.01107
1.01071
1.01011
1.00967
1.00919
1.00869
1.00815
1.00759
1.007
1.00639
1.00575
1.0051
1.00442
1.00372
1.003
1.00227
1.00152
1.00075
0.999969
0.999177
0.998372
0.997556
0.996314
0.995475
0.994628
0.993775
0.992917
0.992054
0.991187
0.990318
0.989448
0.988578
0.987709
0.986841
0.985976
0.984685
0.984258
0.983406
0.982561
0.981722
0.980892
0.979662
0.979257
0.978058
0.977273
0.976884
0.975739
0.974992
0.974258
0.97354
0.972838
0.972152
0.971483
0.970832
0.970199
0.969584
0.968989
0.968413
0.967857
0.967321
0.966805
0.966309
0.965834
0.96538
0.964738
0.964534
0.964143
0.963595
0.963423
0.963095
0.962788
0.962367
0.962113
0.961994
0.961668
0.961478
0.961307
0.961157
0.961027
0.960917
0.960827
0.960757
0.960705
0.960673
0.960658
0.960662
0.960699
0.960746
0.960808
0.960887
0.960981
0.961089
0.961211
0.961347
0.961497
0.961658
0.961832
0.962018
0.962214
0.962421
0.962637
0.962863
0.963098
0.963341
0.963592
0.963849
0.964113
0.964383
0.964659
0.964799
0.965225
0.965513
0.965806
0.966101
0.966399
0.96685
0.967152
0.967455
0.967758
0.968062
0.968365
0.968668
0.968969
0.969269
0.969566
0.969861
0.970154
0.970443
0.970729
0.971012
0.971291
0.971565
0.971836
0.972102
0.972364
0.972621
0.972873
0.973121
0.973363
0.973601
0.973946
0.97417
0.974388
0.974601
0.974808
0.975009
0.975205
0.975395
0.975579
0.975757
0.975929
0.976095
0.976255
0.97641
0.976558
0.976701
0.976838
0.976969
0.977095
0.977215
0.97733
0.977439
0.977543
0.977642
0.97778
0.977823
0.977946
0.978022
0.978093
0.978159
0.978221
0.978278
0.978331
0.978379
0.978423
0.978462
0.978498
0.97853
0.978558
0.978582
0.978603
0.97862
0.978634
0.978644
0.978652
0.978658
0.978658
0.978657
0.978654
0.978648
0.978635
0.97863
0.978611
0.978595
0.978578
0.978559
0.978539
0.978517
0.978494
0.97847
0.978445
0.978419
0.978392
0.978364
0.978335
0.978307
0.978277
0.978246
0.978216
0.978185
0.978155
0.978109
0.978094
0.978063
0.978033
0.978002
0.977959
0.97793
0.977901
0.977874
0.977847
0.97782
0.977795
0.977771
0.977747
0.977724
0.977703
0.977682
0.977663
0.977644
0.977627
0.977611
0.977596
0.977583
0.977571
0.97756
0.97755
0.977542
0.977536
0.97753
0.977526
0.977524
0.977523
0.977523
0.977526
0.97753
0.977533
0.977543
0.977551
0.977561
0.977572
0.977585
0.977599
0.977614
0.977631
0.977649
0.977668
0.977689
0.977711
0.977735
0.977759
0.977785
0.977812
0.977841
0.97787
0.977901
0.977933
0.977966
0.978
0.978035
0.978071
0.978109
0.978147
0.978186
0.978226
0.978267
0.978309
0.978351
0.978395
0.978439
0.978484
0.978529
0.978575
0.978622
0.97867
0.978718
0.978766
0.978816
0.97889
0.97894
0.978965
0.979042
0.979094
0.979145
0.979197
0.979248
0.9793
0.979352
0.979405
0.979459
0.979512
0.979565
0.979619
0.979672
0.979726
0.979779
0.979832
0.979886
0.979963
0.979989
0.98004
0.980092
0.980143
0.980221
0.980272
0.980324
0.980375
0.980424
0.980474
0.980524
0.980573
0.980623
0.980672
0.98072
0.980767
0.980815
0.980863
0.980911
0.980956
0.981002
0.981048
0.981094
0.981139
0.981183
0.981227
0.981271
0.981315
0.981379
0.981421
0.981463
0.981505
0.981547
0.981587
0.981627
0.981667
0.981707
0.981746
0.981784
0.981803
0.981861
0.981898
0.981935
0.981989
0.982007
0.982043
0.982095
0.98213
0.982164
0.982198
0.982233
0.982249
0.982298
0.98233
0.982363
0.982395
0.982426
0.982456
0.982487
0.982517
0.982548
0.982578
0.982607
0.982635
0.982664
0.982693
0.982721
0.98275
0.982779
0.982806
0.982846
0.982872
0.982899
0.982926
0.982953
0.982979
0.983006
0.983033
0.983059
0.983086
0.983112
0.983137
0.983174
0.983186
0.983211
0.983248
0.983261
0.983298
0.983323
0.983348
0.983372
0.983397
0.983422
0.983447
0.983472
0.983496
0.983521
0.983546
0.983571
0.983596
0.98362
0.983645
0.98367
0.983695
0.98372
0.983744
0.983769
0.983794
0.983819
0.983844
0.983868
0.983893
0.983918
0.983943
0.983968
0.983992
0.984017
0.984042
0.984067
0.984092
0.984116
0.984141
0.984178
0.984203
0.984228
0.984253
0.984277
0.984302
0.984327
0.984352
0.984377
0.984401
0.984426
0.984451
0.984476
0.984501
0.984525
0.984552
0.984579
0.984606
0.984632
0.984659
0.984686
0.984712
0.984739
0.984766
0.984792
0.984819
0.984846
0.984873
0.984899
0.984939
0.984953
0.984993
0.985019
0.985046
0.985073
0.9851
0.985126
0.985153
0.98518
0.985206
0.985233
0.98526
0.985286
0.985313
0.98534
0.985367
0.985393
0.98542
0.985447
0.985473
0.9855
0.985527
0.985554
0.98558
0.985607
0.985634
0.98566
0.985687
0.985714
0.98574
0.985767
0.985807
0.985834
0.985847
0.985874
0.985914
0.985941
0.985954
0.985981
0.986021
0.986048
0.986074
0.986101
0.986128
0.986154
0.986181
0.986208
0.986233
0.986257
0.986282
0.986307
0.986332
0.986356
0.986381
0.986406
0.986431
0.986456
0.98648
0.986505
0.98653
0.986555
0.98658
0.986604
0.986642
0.986654
0.986679
0.986716
0.986741
0.986766
0.98679
0.986815
0.98684
0.986865
0.98689
0.986914
0.986952
0.986976
0.986999
0.987021
0.987044
0.987067
0.98709
0.987113
0.987136
0.987159
0.987182
0.987205
0.987239
0.98725
0.987285
0.987308
0.98733
0.987353
0.987376
0.987399
0.987422
0.987445
0.987468
0.987491
0.987514
0.987536
0.987559
0.987582
0.987605
0.987628
0.987651
0.987674
0.987697
0.98772
0.987742
0.987765
0.987788
0.987811
0.987834
0.987855
0.987886
0.987897
0.987928
0.987949
0.98797
0.987991
0.988012
0.988033
0.988054
0.988075
0.988096
0.988128
0.988138
0.988159
0.988191
0.988212
0.988233
0.988254
0.988275
0.988296
0.988317
0.988338
0.988358
0.988379
0.9884
0.988421
0.988453
0.988474
0.988495
0.988516
0.988537
0.988558
0.988579
0.9886
0.988621
0.988652
0.988663
0.988684
0.988705
0.988726
0.988757
0.988768
0.988789
0.98882
0.988831
0.988862
0.988883
0.988904
0.988914
0.988946
0.988965
0.988984
0.989003
0.989022
0.989041
0.98906
0.989079
0.989099
0.989118
0.989137
0.989156
0.989175
0.989194
0.989213
0.989232
0.989251
0.98927
0.989289
0.989308
0.989327
0.989347
0.989366
0.989385
0.989404
0.989423
0.989442
0.98947
0.98948
0.989499
0.989518
0.989537
0.989556
0.989575
0.989594
0.989614
0.989642
0.989661
0.98968
0.989699
0.989718
0.989738
0.989757
0.989776
0.989795
0.989814
0.989833
0.989852
0.989871
0.98989
0.989909
0.989928
0.989947
0.989966
0.989985
0.990005
0.990024
0.990043
0.990062
0.990081
0.990109
0.990119
0.990138
0.990167
0.990186
0.990205
0.990224
0.990243
0.990262
0.990281
0.9903
0.990317
0.990335
0.990352
0.990369
0.990386
0.990403
0.99042
0.990438
0.990455
0.990472
0.990489
0.990506
0.990523
0.990541
0.990558
0.990575
0.990592
0.990609
0.990626
0.990644
0.990669
0.990678
0.990695
0.990712
0.990738
0.990746
0.990772
0.990789
0.990807
0.990824
0.990841
0.990858
0.990875
0.990892
0.99091
0.990927
0.990944
0.990961
0.990978
0.990995
0.991013
0.99103
0.991047
0.991064
0.991081
0.991107
0.991124
0.991141
0.991158
0.991176
0.991193
0.99121
0.991227
0.991244
0.991261
0.991279
0.991295
0.99131
0.991326
0.991341
0.991356
0.991371
0.991387
0.991402
