0
9.53654e-06
1.90734e-05
2.86103e-05
3.81469e-05
8.08239e-05
0.000133276
0.000385285
0.000966787
0.00205064
0.00381112
0.00807667
0.010005
0.0147159
0.0241082
0.0320315
0.041342
0.0520625
0.0641961
0.077728
0.0926278
0.108851
0.126345
0.145046
0.164889
0.185802
0.207713
0.230546
0.254227
0.278679
0.303828
0.3296
0.355922
0.396277
0.423662
0.451351
0.479279
0.507381
0.535594
0.563848
0.592075
0.620208
0.648185
0.675951
0.703452
0.730642
0.757473
0.783904
0.809894
0.835405
0.860402
0.884854
0.90873
0.943404
0.965724
0.987379
1.00835
1.0286
1.04814
1.06693
1.08495
1.10219
1.11863
1.13426
1.14908
1.16308
1.17626
1.18863
1.20018
1.21092
1.22085
1.22999
1.23833
1.2459
1.25269
1.25872
1.264
1.26854
1.274
1.27546
1.27787
1.2796
1.28096
1.28106
1.28055
1.28006
1.27773
1.27667
1.27268
1.27108
1.26752
1.26127
1.25654
1.25139
1.24583
1.23989
1.2336
1.22697
1.22004
1.21282
1.20534
1.19763
1.18971
1.1816
1.16913
1.16065
1.15205
1.14336
1.13461
1.12579
1.11695
1.1081
1.09485
1.08606
1.07733
1.06867
1.06011
1.05165
1.04331
1.0351
1.02704
1.01914
1.01139
1.00382
0.996417
0.989196
0.978714
0.971971
0.96543
0.9591
0.952987
0.9471
0.941447
0.936037
0.930874
0.925965
0.921312
0.916917
0.912781
0.908904
0.905285
0.901923
0.898817
0.895964
0.893362
0.891007
0.887934
0.886187
0.884675
0.884007
0.882345
0.881516
0.880907
0.880511
0.880325
0.880343
0.880558
0.880965
0.881556
0.882326
0.883267
0.884371
0.885632
0.887042
0.888594
0.89028
0.892093
0.895033
0.896068
0.899326
0.90046
0.902794
0.905209
0.907698
0.910253
0.914191
0.916876
0.9196
0.922355
0.925133
0.927926
0.930724
0.933518
0.9363
0.939061
0.941796
0.944496
0.947158
0.949776
0.952345
0.954863
0.957327
0.959733
0.96208
0.964366
0.966589
0.968749
0.970845
0.972874
0.974838
0.976736
0.978567
0.980332
0.98203
0.984453
0.985985
0.987452
0.988161
0.990191
0.990835
0.992673
0.993254
0.994369
0.995925
0.996413
0.997787
0.998628
0.999027
1.00014
1.00081
1.00142
1.00199
1.00249
1.00295
1.00336
1.00371
1.00402
1.00439
1.00458
1.00473
1.00483
1.00489
1.00491
1.00488
1.00482
1.00473
1.00459
1.00432
1.0041
1.00385
1.00356
1.00325
1.0029
1.00253
1.00213
1.00171
1.00126
1.00079
1.00004
0.999517
0.998974
0.998413
0.997835
0.997241
0.996631
0.996008
0.995372
0.994724
0.994065
0.993396
0.992718
0.992033
0.99099
0.990287
0.989579
0.988866
0.988149
0.98743
0.986709
0.985988
0.984907
0.984547
0.98347
0.982755
0.982045
0.98134
0.98064
0.979947
0.979261
0.978583
0.977914
0.977254
0.976604
0.975965
0.975336
0.974718
0.974113
0.973519
0.972939
0.972371
0.971817
0.971276
0.97075
0.970238
0.969498
0.969259
0.968566
0.968125
0.96791
0.967291
0.967093
0.966525
0.966168
0.965829
0.965508
0.965205
0.96492
0.964653
0.964405
0.964065
0.963861
0.963675
0.963507
0.963357
0.963223
0.963107
0.963008
0.962926
0.962861
0.962812
0.962768
0.962759
0.962761
0.962785
0.962801
0.962842
0.962929
0.963004
0.963091
0.96319
0.963301
0.963423
0.963555
0.963772
0.963928
0.964094
0.964268
0.96445
0.964639
0.964836
0.965039
0.965248
0.965462
0.965682
0.965907
0.966252
0.966487
0.966726
0.966967
0.967211
0.967458
0.967706
0.967956
0.968206
0.968458
0.96871
0.968961
0.969213
0.969463
0.969713
0.969961
0.970208
0.970575
0.970696
0.971057
0.971294
0.971529
0.971761
0.97199
0.972215
0.972437
0.972656
0.97287
0.973081
0.973288
0.97349
0.973689
0.973883
0.974073
0.974258
0.97444
0.974617
0.974789
0.974957
0.97512
0.975279
0.975434
0.975584
0.975729
0.975939
0.976074
0.976203
0.976329
0.976449
0.976566
0.976678
0.976838
0.976889
0.977035
0.977127
0.977215
0.977299
0.977378
0.977454
0.97756
0.977593
0.977687
0.977746
0.9778
0.977851
0.977899
0.977943
0.977984
0.978022
0.978057
0.978104
0.978132
0.978156
0.978179
0.978198
0.978215
0.97823
0.978243
0.978257
0.978264
0.97827
0.978273
0.978275
0.978275
0.978273
0.97827
0.978265
0.978256
0.978252
0.978245
0.978235
0.978221
0.978209
0.978198
0.978186
0.978172
0.978159
0.978146
0.978132
0.978119
0.978105
0.978089
0.978074
0.978059
0.978046
0.978033
0.978019
0.978006
0.977993
0.977979
0.977967
0.97795
0.977944
0.977928
0.977918
0.977909
0.977901
0.977893
0.977886
0.97788
0.977875
0.977871
0.977867
0.977865
0.977863
0.977863
0.977863
0.977865
0.977867
0.977871
0.977876
0.977885
0.977888
0.977896
0.97791
0.977915
0.977932
0.977945
0.977951
0.977973
0.977989
0.978006
0.978024
0.978043
0.978063
0.978084
0.978106
0.978129
0.978154
0.978179
0.978205
0.978231
0.97826
0.978288
0.978318
0.978364
0.978396
0.978428
0.978462
0.978496
0.978531
0.978567
0.978622
0.97866
0.978698
0.978736
0.978776
0.978817
0.978857
0.978919
0.97894
0.979003
0.979024
0.979089
0.979133
0.979177
0.979221
0.979265
0.979311
0.979356
0.979402
0.979448
0.979494
0.979539
0.979585
0.979631
0.979677
0.979725
0.979772
0.97982
0.979868
0.979915
0.979963
0.980011
0.980058
0.980106
0.980154
0.980225
0.980273
0.980321
0.980367
0.980413
0.980459
0.980505
0.98055
0.980596
0.980642
0.980688
0.980733
0.980779
0.980823
0.980866
0.98091
0.980976
0.980998
0.981064
0.981086
0.981128
0.981191
0.981233
0.981275
0.981317
0.981359
0.981401
0.981441
0.981481
0.981521
0.981561
0.981601
0.981641
0.981679
0.981717
0.981755
0.981793
0.981831
0.981869
0.981905
0.981941
0.981977
0.982032
0.98205
0.982086
0.982137
0.982172
0.982206
0.98224
0.982275
0.982309
0.982341
0.982374
0.982406
0.982439
0.982471
0.982503
0.982535
0.982566
0.982596
0.982627
0.982657
0.982688
0.982718
0.982749
0.982779
0.982809
0.982837
0.982866
0.982895
0.982923
0.982952
0.98298
0.983009
0.983052
0.983081
0.983109
0.983138
0.983166
0.983192
0.983219
0.983246
0.983273
0.983299
0.983339
0.983366
0.983393
0.983419
0.983446
0.983473
0.9835
0.983526
0.983553
0.98358
0.98362
0.983646
0.983673
0.983686
0.983725
0.983749
0.983774
0.983799
0.983824
0.983849
0.983873
0.983898
0.983923
0.983948
0.983973
0.983997
0.984022
0.984047
0.984072
0.984097
0.984121
0.984146
0.984171
0.984196
0.984221
0.984258
0.98427
0.984295
0.98432
0.984357
0.984382
0.984406
0.984431
0.984456
0.984481
0.984506
0.98453
0.984555
0.98458
0.984606
0.984633
0.984659
0.984686
0.984713
0.98474
0.984766
0.984793
0.98482
0.984846
0.984873
0.9849
0.984926
0.984967
0.98498
0.985007
0.985033
0.98506
0.985087
0.985113
0.985153
0.98518
0.985207
0.985234
0.98526
0.985287
0.985314
0.98534
0.985367
0.985394
0.98542
0.985447
0.985474
0.985501
0.985527
0.985567
0.985581
0.985621
0.985634
0.985674
0.985701
0.985728
0.985754
0.985781
0.985808
0.985834
0.985861
0.985886
0.98591
0.985935
0.98596
0.985985
0.98601
0.986034
0.986059
0.986084
0.986109
0.986134
0.986158
0.986183
0.98622
0.986233
0.986258
0.986295
0.98632
0.986344
0.986369
0.986394
0.986419
0.986444
0.986468
0.986493
0.986518
0.986543
0.986567
0.986592
0.986617
0.986642
0.986667
0.986691
0.986716
0.986741
0.986766
0.986791
0.986828
0.98684
0.986865
0.986902
0.986915
0.986952
0.986964
0.987001
0.987025
0.987036
0.987071
0.987093
0.987116
0.987139
0.987162
0.987185
0.987208
0.987231
0.987254
0.987277
0.987299
0.987322
0.987345
0.987368
0.987391
0.987414
0.987437
0.98746
0.987483
0.987505
0.987528
0.987551
0.987574
0.987597
0.98762
0.987643
0.987666
0.9877
0.987711
0.987734
0.987757
0.987792
0.987803
0.987837
0.98786
0.987883
0.987906
0.987929
0.987952
0.987985
0.987996
0.988027
0.988048
0.988069
0.98809
0.988111
0.988132
0.988153
0.988174
0.988195
0.988216
0.988237
0.988258
0.988279
0.9883
0.988321
0.988342
0.988363
0.988384
0.988405
0.988426
0.988447
0.988468
0.988489
0.98852
0.988531
0.988552
0.988583
0.988604
0.988625
0.988646
0.988667
0.988688
0.988709
0.98873
0.988751
0.988772
0.988793
0.988814
0.988835
0.988866
0.988887
0.988908
0.988929
0.988949
0.988968
0.988987
0.989007
0.989026
0.989045
0.989064
0.989083
0.989102
0.989121
0.98914
0.989159
0.989178
0.989197
0.989216
0.989235
0.989254
0.989274
0.989293
0.989312
0.989331
0.98935
0.989378
0.989398
0.989417
0.989436
0.989455
0.989474
0.989493
0.989512
0.989531
0.98955
0.989569
0.989588
0.989607
0.989626
0.989645
0.989665
0.989684
0.989703
0.989722
0.989741
0.98976
0.989789
0.989798
0.989817
0.989846
0.989855
0.989884
0.989893
0.989922
0.989941
0.98996
0.989979
0.989998
0.990017
0.990036
0.990056
0.990075
0.990094
0.990113
0.990132
0.990151
0.99017
0.990189
0.990207
0.990224
0.990241
0.990267
0.990276
0.990293
0.99031
0.990336
0.990353
0.99037
0.990387
0.990404
0.990422
0.990439
0.990456
0.990473
0.99049
0.990507
0.990525
0.990542
0.990559
0.990576
0.990593
0.99061
0.990628
0.990645
0.990662
0.990679
0.990696
0.990713
0.990731
0.990748
0.990773
0.990782
0.990799
0.990825
0.990842
0.990859
0.990876
0.990894
0.990911
0.990928
0.990945
0.990962
0.990979
0.990997
0.991014
0.991031
0.991048
0.991065
0.991082
0.9911
0.991117
0.991134
0.991151
0.991168
0.991185
0.991203
0.99122
0.991237
0.991254
0.991271
0.991288
0.991306
0.991323
0.99134
0.991357
0.991383
0.9914
0.991408
0.991431
0.991446
0.991461
0.991476
0.991492
0.991507
0.99153
0.991545
0.99156
0.991575
0.991591
0.991606
