0
9.5369e-06
1.90734e-05
2.86103e-05
3.81469e-05
4.86373e-05
8.46386e-05
0.00023222
0.000969887
0.00205374
0.00381398
0.00641584
0.0100079
0.0147197
0.0206575
0.0279047
0.0365193
0.046536
0.0579679
0.0708072
0.0850317
0.100601
0.117465
0.135564
0.154828
0.175189
0.207617
0.21889
0.253967
0.2783
0.290721
0.328889
0.354984
0.381509
0.408388
0.435548
0.462922
0.49044
0.518029
0.545621
0.573158
0.600586
0.627857
0.654929
0.68176
0.70831
0.734543
0.760421
0.785909
0.810972
0.835577
0.871559
0.894887
0.917654
0.939836
0.961408
0.982345
1.00262
1.0222
1.04106
1.05918
1.07654
1.09313
1.10893
1.12394
1.13817
1.158
1.16422
1.17605
1.19231
1.19734
1.2068
1.21954
1.2234
1.23385
1.23987
1.24516
1.24972
1.25358
1.25674
1.25922
1.26104
1.26222
1.26277
1.26271
1.26206
1.26084
1.25908
1.2568
1.25401
1.25074
1.24701
1.24284
1.23826
1.23328
1.22793
1.22223
1.2162
1.20986
1.20325
1.19637
1.18925
1.18191
1.17438
1.16276
1.15881
1.15082
1.14272
1.13039
1.12625
1.11375
1.10957
1.10121
1.09285
1.08451
1.07622
1.0639
1.05578
1.04776
1.03984
1.03203
1.02435
1.01681
1.00942
1.00218
0.995112
0.98822
0.981513
0.974998
0.968683
0.962576
0.956682
0.95101
0.945563
0.940348
0.935368
0.932967
0.923972
0.921876
0.917867
0.914106
0.908927
0.907323
0.904298
0.901517
0.897803
0.895627
0.893689
0.891985
0.890511
0.889262
0.888236
0.887804
0.886828
0.886439
0.886251
0.886258
0.886455
0.886834
0.887388
0.888112
0.888998
0.890037
0.891227
0.892558
0.894025
0.895619
0.897334
0.899163
0.901098
0.903132
0.906353
0.908605
0.910931
0.913326
0.91578
0.918288
0.920843
0.923434
0.926052
0.928688
0.931332
0.932655
0.936613
0.939234
0.941832
0.944402
0.946937
0.949435
0.951889
0.954297
0.956655
0.958961
0.961211
0.963404
0.96658
0.967608
0.969618
0.972512
0.973445
0.976148
0.977868
0.979523
0.981113
0.982639
0.9841
0.985496
0.98683
0.9881
0.98931
0.990458
0.991545
0.992571
0.993538
0.994447
0.995299
0.996095
0.996836
0.997524
0.998158
0.998741
0.999274
0.999756
1.00019
1.00058
1.00091
1.00121
1.00146
1.00166
1.00183
1.00195
1.00203
1.00208
1.00208
1.00205
1.00198
1.00188
1.00167
1.00158
1.00138
1.00102
1.00089
1.00045
1.00012
0.999945
0.999388
0.999191
0.998564
0.998345
0.997657
0.997173
0.996925
0.996153
0.995617
0.995066
0.994501
0.993923
0.993333
0.992731
0.992119
0.991498
0.990868
0.99023
0.989586
0.988936
0.988281
0.987622
0.986961
0.985965
0.985297
0.984963
0.983962
0.98363
0.982636
0.981976
0.981648
0.98067
0.980025
0.979386
0.978753
0.97844
0.977512
0.976904
0.976305
0.975716
0.975138
0.974571
0.974015
0.973471
0.972939
0.97242
0.971915
0.971423
0.970944
0.97048
0.97003
0.969595
0.969175
0.968768
0.968377
0.968002
0.967642
0.967299
0.966812
0.966658
0.966362
0.966082
0.965692
0.96557
0.965228
0.965122
0.96483
0.964654
0.964494
0.964351
0.964286
0.964111
0.964014
0.963932
0.963865
0.963814
0.963775
0.963752
0.963742
0.963745
0.963762
0.963791
0.963833
0.963886
0.963952
0.964071
0.964115
0.964265
0.964378
0.964499
0.964564
0.964769
0.964916
0.96507
0.965233
0.965401
0.965576
0.965758
0.965944
0.966136
0.966332
0.966533
0.966738
0.966946
0.967157
0.967371
0.967588
0.967807
0.968028
0.968251
0.968476
0.968701
0.968926
0.969151
0.969376
0.969601
0.969826
0.970051
0.970276
0.970501
0.970834
0.970945
0.971273
0.971491
0.971597
0.971916
0.972126
0.972333
0.972537
0.972638
0.972935
0.97313
0.973321
0.973508
0.973691
0.973871
0.974047
0.974219
0.974387
0.974552
0.974712
0.974944
0.97502
0.97524
0.975312
0.975383
0.975587
0.975719
0.975846
0.975969
0.976088
0.976203
0.976314
0.976421
0.976524
0.976671
0.976718
0.976853
0.976897
0.977021
0.977061
0.977137
0.977245
0.977313
0.977377
0.977438
0.977495
0.977549
0.9776
0.977648
0.977694
0.977736
0.977774
0.977811
0.977845
0.977875
0.977904
0.977931
0.977954
0.977976
0.977995
0.978013
0.978028
0.978042
0.978053
0.978064
0.978072
0.97808
0.978085
0.978089
0.978092
0.978094
0.978094
0.978094
0.978094
0.978091
0.978085
0.978083
0.97808
0.978074
0.978072
0.978061
0.978053
0.97805
0.978038
0.97803
0.978023
0.978015
0.978008
0.978
0.977992
0.977985
0.977977
0.977969
0.977962
0.977958
0.977954
0.97795
0.977947
0.977943
0.977939
0.977935
0.977934
0.977934
0.977934
0.977934
0.977934
0.977936
0.977941
0.977945
0.977949
0.977954
0.977961
0.977969
0.977977
0.977984
0.977996
0.978007
0.978019
0.97803
0.978044
0.97806
0.978075
0.97809
0.978107
0.978126
0.978145
0.978164
0.978185
0.978208
0.978231
0.978254
0.978276
0.978303
0.97833
0.978357
0.978383
0.978411
0.978442
0.978472
0.978503
0.978534
0.978565
0.9786
0.978634
0.978668
0.97872
0.978737
0.978792
0.978831
0.978869
0.978907
0.978926
0.978983
0.979021
0.979062
0.979104
0.979146
0.979188
0.97923
0.979272
0.979314
0.979356
0.979398
0.97944
0.979482
0.979524
0.979567
0.979613
0.979658
0.979704
0.97975
0.979819
0.979841
0.979887
0.979956
0.980002
0.980047
0.980093
0.980139
0.980185
0.980231
0.980276
0.980322
0.980368
0.980414
0.980459
0.980505
0.980548
0.98059
0.980632
0.980674
0.980716
0.980758
0.9808
0.980842
0.980884
0.980926
0.980968
0.98101
0.981052
0.981094
0.981136
0.981178
0.98122
0.981282
0.981303
0.981344
0.981382
0.981439
0.981477
0.981516
0.981554
0.981592
0.98163
0.981668
0.981706
0.981745
0.981783
0.981821
0.981859
0.981896
0.98193
0.981982
0.981999
0.98205
0.982067
0.982102
0.982153
0.98217
0.982222
0.982256
0.982291
0.982325
0.982359
0.982392
0.982422
0.982453
0.982483
0.982514
0.982544
0.982575
0.982605
0.982636
0.982666
0.982697
0.982727
0.982758
0.982788
0.982819
0.982849
0.98288
0.98291
0.982941
0.98297
0.982997
0.983023
0.98305
0.983077
0.983104
0.98313
0.983157
0.983184
0.98321
0.983237
0.983264
0.98329
0.98333
0.983357
0.983384
0.983411
0.983437
0.983464
0.983491
0.983517
0.983544
0.983571
0.983598
0.983624
0.983651
0.983678
0.983704
0.983731
0.983758
0.983784
0.983811
0.983838
0.983865
0.983891
0.983931
0.983945
0.983971
0.983998
0.984025
0.984065
0.984078
0.984105
0.984132
0.984172
0.984198
0.984225
0.984252
0.984278
0.984305
0.984332
0.984359
0.984385
0.984412
0.984439
0.984465
0.984492
0.984519
0.984545
0.984572
0.984599
0.984626
0.984652
0.984679
0.984706
0.984732
0.984759
0.984786
0.984812
0.984839
0.984866
0.984893
0.984919
0.984946
0.984973
0.984999
0.985026
0.985053
0.98508
0.985106
0.985133
0.98516
0.985186
0.985213
0.985253
0.985266
0.985307
0.98532
0.98536
0.985387
0.9854
0.98544
0.985467
0.985493
0.98552
0.985533
0.985574
0.9856
0.985627
0.985654
0.98568
0.985707
0.985734
0.98576
0.985787
0.985814
0.985841
0.985867
0.985894
0.985931
0.985943
0.985965
0.986
0.986023
0.986046
0.986057
0.986091
0.986114
0.986126
0.98616
0.986183
0.986206
0.986229
0.986252
0.986274
0.986297
0.98632
0.986343
0.986366
0.986389
0.986412
0.986435
0.986458
0.98648
0.986503
0.986526
0.986549
0.986572
0.986595
0.986618
0.986641
0.986664
0.986698
0.986721
0.986744
0.986755
0.986778
0.986801
0.986835
0.986847
0.986881
0.986904
0.986927
0.98695
0.986961
0.986995
0.987018
0.987041
0.987064
0.987087
0.98711
0.987133
0.987156
0.987179
0.987201
0.987224
0.987247
0.98727
0.987293
0.987316
0.987339
0.987362
0.987385
0.987407
0.98743
0.987453
0.987476
0.98751
0.987533
0.987545
0.987579
0.987602
0.987625
0.987648
0.987671
0.987694
0.987716
0.987739
0.987762
0.987785
0.987808
0.987831
0.987854
0.987877
0.9879
0.987922
0.987945
0.987968
0.987991
0.988014
0.988037
0.98806
0.988083
0.988106
0.988128
0.988151
0.988174
0.988197
0.98822
0.988243
0.988277
0.9883
0.988323
0.988334
0.988369
0.988392
0.988415
0.988437
0.98846
0.988483
0.988506
0.988529
0.988552
0.988575
0.988598
0.988621
0.988643
0.988666
0.988689
0.988712
0.988735
0.988758
0.988789
0.988799
0.988818
0.988847
0.988866
0.988885
0.988904
0.988923
0.988942
0.988961
0.98898
0.988999
0.989018
0.989037
0.989056
0.989075
0.989094
0.989114
0.989133
0.989152
0.989171
0.98919
0.989209
0.989238
0.989247
0.989266
0.989285
0.989304
0.989323
0.989352
0.989362
0.98939
0.989409
0.989428
0.989447
0.989466
0.989486
0.989505
0.989524
0.989543
0.989562
0.989581
0.9896
0.989619
0.989629
0.989657
0.989676
0.989695
0.989724
0.989743
0.989753
0.989772
0.9898
0.989819
0.989838
0.989848
0.989877
0.989896
0.989915
0.989934
0.989953
0.989972
0.989991
0.99001
0.990029
0.990048
0.990067
0.990086
0.990105
0.990124
0.990144
0.990163
0.990182
0.990201
0.99022
0.990239
0.990258
0.990277
0.990296
0.990315
0.990344
0.990363
0.990382
0.990401
0.99042
0.990439
0.990458
0.990477
0.990496
0.990515
0.990535
0.990553
0.990568
0.990583
0.990598
0.990614
0.990629
0.990644
0.990659
0.990675
0.99069
0.990705
0.990721
0.990736
0.990751
0.990766
0.990782
0.990797
0.990812
0.990827
0.990843
0.990858
0.990873
0.990896
0.990904
0.990919
0.990934
0.990949
0.990972
0.99098
0.990995
0.99101
0.991033
0.991049
0.991056
0.991071
0.991094
0.99111
0.991125
0.991132
0.991155
0.991171
0.991186
0.991201
0.991216
0.991232
0.991247
0.991262
0.991277
0.991293
0.991308
0.991323
0.991338
0.991354
0.991369
0.991384
0.9914
0.991415
0.99143
