0
1.14442e-05
2.28881e-05
4.00542e-05
5.14984e-05
6.86645e-05
0.000147819
0.000400543
0.000982285
0.00206614
0.00382662
0.00642967
0.0100222
0.0147352
0.0206742
0.0279222
0.0365376
0.0465546
0.0579867
0.0708261
0.0850482
0.100615
0.117475
0.135565
0.15482
0.175165
0.196524
0.21882
0.241971
0.265898
0.290524
0.31577
0.341559
0.367818
0.394473
0.421452
0.448688
0.476114
0.517469
0.545093
0.558899
0.586462
0.613916
0.641205
0.681702
0.708327
0.721511
0.760491
0.785959
0.810966
0.835472
0.859437
0.882829
0.905612
0.927747
0.949198
0.969938
0.989948
1.00921
1.02773
1.04548
1.06247
1.07869
1.09414
1.10882
1.12273
1.13588
1.14826
1.15987
1.17073
1.18083
1.19018
1.20281
1.21031
1.21708
1.22314
1.22849
1.23315
1.23713
1.24043
1.24307
1.24506
1.24642
1.24717
1.24732
1.2469
1.24592
1.24442
1.2424
1.23989
1.23691
1.23349
1.22964
1.2254
1.22078
1.2158
1.2105
1.20488
1.19592
1.1928
1.18638
1.17635
1.1729
1.16231
1.1587
1.15138
1.14394
1.13261
1.12497
1.11728
1.10957
1.10184
1.09411
1.08641
1.07875
1.07115
1.06363
1.05619
1.04886
1.04163
1.03453
1.02755
1.0207
1.01399
1.00742
1.001
0.994722
0.988598
0.98263
0.976825
0.971188
0.965725
0.960444
0.955351
0.950453
0.945755
0.941261
0.934916
0.932909
0.929055
0.92542
0.922006
0.9173
0.91444
0.911803
0.910568
0.907191
0.90521
0.903446
0.901892
0.900549
0.899412
0.898477
0.897738
0.897192
0.896834
0.896658
0.896658
0.89683
0.897165
0.897659
0.898304
0.899543
0.900024
0.901086
0.902272
0.903579
0.905747
0.906522
0.90899
0.910749
0.912591
0.914509
0.916495
0.918541
0.92064
0.922782
0.924958
0.927159
0.929377
0.931606
0.933837
0.936068
0.93829
0.940498
0.94269
0.94486
0.947004
0.949119
0.9512
0.953245
0.955251
0.957216
0.959138
0.961015
0.962845
0.964626
0.966358
0.968862
0.96967
0.971248
0.973516
0.974962
0.976354
0.977693
0.978979
0.980211
0.98139
0.982516
0.98359
0.984611
0.98558
0.986498
0.987366
0.988183
0.988952
0.989671
0.990344
0.990969
0.991549
0.992084
0.992575
0.993022
0.993428
0.993793
0.994117
0.994402
0.994648
0.994857
0.995029
0.995166
0.995307
0.995337
0.995373
0.995377
0.995348
0.995254
0.995207
0.995093
0.994873
0.994693
0.994488
0.99426
0.994009
0.993737
0.993443
0.993129
0.992797
0.992446
0.992079
0.991695
0.991297
0.990883
0.990455
0.990015
0.989563
0.989099
0.988626
0.988142
0.987649
0.987148
0.98664
0.986125
0.985605
0.98508
0.984551
0.984018
0.983484
0.982946
0.982408
0.98187
0.981063
0.980526
0.979992
0.97946
0.978931
0.978406
0.977886
0.977371
0.976862
0.976361
0.975866
0.975379
0.9749
0.974431
0.973969
0.973519
0.973077
0.972646
0.972226
0.971816
0.971222
0.971031
0.970655
0.970292
0.96977
0.969438
0.969277
0.968812
0.968519
0.968238
0.967972
0.967719
0.967597
0.967254
0.967042
0.966844
0.966659
0.966488
0.966331
0.966187
0.966056
0.965938
0.965833
0.965741
0.965662
0.965594
0.965539
0.965497
0.965465
0.965445
0.965436
0.965438
0.965451
0.965475
0.965508
0.965551
0.965604
0.965665
0.965735
0.965815
0.965902
0.965997
0.9661
0.96621
0.966327
0.966451
0.966581
0.966717
0.966859
0.967081
0.967157
0.967394
0.967556
0.967723
0.967894
0.968067
0.968243
0.968422
0.968603
0.968786
0.96897
0.969157
0.969344
0.969531
0.969718
0.969904
0.970091
0.970278
0.970465
0.970652
0.970839
0.971026
0.971212
0.971395
0.971578
0.97176
0.971939
0.972117
0.972293
0.972553
0.972639
0.972809
0.972977
0.973223
0.973383
0.973464
0.97362
0.97385
0.974
0.974074
0.97429
0.974431
0.974568
0.974702
0.974833
0.974961
0.975086
0.975207
0.975326
0.97544
0.975551
0.975659
0.975763
0.975864
0.975963
0.976058
0.976149
0.976237
0.976323
0.976405
0.976523
0.976562
0.976672
0.976741
0.976776
0.976841
0.976904
0.976965
0.977051
0.977104
0.977131
0.977205
0.977229
0.977297
0.977339
0.977379
0.977417
0.977454
0.977488
0.97752
0.977551
0.97758
0.977607
0.977633
0.977656
0.977679
0.9777
0.977719
0.977738
0.977756
0.977771
0.977786
0.977807
0.977812
0.977829
0.977841
0.977852
0.977859
0.977867
0.977875
0.977882
0.97789
0.977898
0.977905
0.977911
0.977914
0.977918
0.977922
0.977926
0.97793
0.977933
0.977937
0.977941
0.977945
0.977949
0.977952
0.977956
0.97796
0.977966
0.977978
0.977982
0.977989
0.978001
0.978004
0.978016
0.978024
0.978027
0.978042
0.978054
0.978059
0.978076
0.978088
0.978099
0.978111
0.978127
0.978142
0.978157
0.978172
0.978188
0.978203
0.978222
0.978241
0.978261
0.97828
0.978299
0.978319
0.978353
0.978376
0.978387
0.978422
0.978445
0.978471
0.978498
0.978524
0.978551
0.978578
0.978604
0.978632
0.978663
0.978693
0.978724
0.978755
0.978785
0.978816
0.978847
0.978881
0.978915
0.97895
0.978984
0.979018
0.979053
0.979087
0.979121
0.979159
0.979197
0.979235
0.979273
0.979311
0.979369
0.979388
0.979426
0.979464
0.979502
0.979559
0.979578
0.97962
0.979683
0.979704
0.979767
0.979809
0.979851
0.979893
0.979935
0.979977
0.980019
0.98004
0.980103
0.980145
0.980186
0.980228
0.98027
0.980312
0.980354
0.980396
0.980438
0.98048
0.980522
0.980564
0.980606
0.980648
0.98069
0.980732
0.980774
0.980816
0.980858
0.980921
0.980941
0.980979
0.981037
0.981056
0.981094
0.981151
0.981189
0.981227
0.981266
0.981304
0.981342
0.98138
0.981418
0.981456
0.981494
0.981533
0.981571
0.981609
0.981647
0.981681
0.981716
0.98175
0.981784
0.981819
0.981853
0.981887
0.981922
0.981956
0.98199
0.982025
0.982059
0.982093
0.982128
0.982162
0.982196
0.982231
0.982265
0.982299
0.982334
0.982367
0.982397
0.982428
0.982458
0.982489
0.982519
0.98255
0.98258
0.982611
0.982641
0.982687
0.982702
0.982733
0.982779
0.982794
0.98284
0.982855
0.982901
0.982931
0.982946
0.982992
0.983023
0.983053
0.983084
0.983114
0.983145
0.983175
0.983206
0.983235
0.983262
0.983288
0.983315
0.983342
0.983368
0.983395
0.983422
0.983449
0.983475
0.983502
0.983529
0.983555
0.983595
0.983609
0.983635
0.983675
0.983702
0.983716
0.983742
0.983782
0.983796
0.983836
0.983862
0.983876
0.983902
0.983943
0.983969
0.983996
0.984023
0.984049
0.984076
0.984103
0.984129
0.984156
0.984183
0.98421
0.984236
0.984263
0.98429
0.984316
0.984343
0.98437
0.984383
0.984423
0.98445
0.984477
0.984503
0.98453
0.984557
0.984583
0.98461
0.984637
0.984663
0.98469
0.984717
0.984757
0.98477
0.984797
0.984824
0.98485
0.98489
0.984904
0.984931
0.984957
0.984997
0.985024
0.985051
0.985077
0.985104
0.985131
0.985157
0.985184
0.985211
0.985238
0.985264
0.985291
0.985318
0.985344
0.985371
0.985398
0.985425
0.985451
0.985491
0.985505
0.985531
0.985571
0.985585
0.985625
0.985638
0.985665
0.985705
0.985718
0.985758
0.985772
0.985812
0.985838
0.985865
0.985892
0.985919
0.985943
0.985966
0.985989
0.986012
0.986034
0.986057
0.98608
0.986103
0.986126
0.986149
0.986172
0.986195
0.986217
0.98624
0.986263
0.986286
0.986309
0.986332
0.986355
0.986389
0.986412
0.986423
0.986446
0.986481
0.986504
0.986526
0.986549
0.986561
0.986595
0.986618
0.986641
0.986664
0.986687
0.98671
0.986732
0.986755
0.986778
0.986801
0.986824
0.986847
0.98687
0.986893
0.986916
0.986938
0.986961
0.986996
0.987007
0.987041
0.987053
0.987087
0.98711
0.987133
0.987156
0.987179
0.987202
0.987225
0.987247
0.98727
0.987293
0.987316
0.987339
0.987362
0.987385
0.987408
0.987431
0.987453
0.987476
0.987499
0.987522
0.987545
0.987568
0.987591
0.987614
0.987637
0.987659
0.987682
0.987705
0.987728
0.987751
0.987774
0.987797
0.987831
0.987843
0.987877
0.9879
0.987911
0.987946
0.987968
0.987991
0.988014
0.988037
0.98806
0.988083
0.988106
0.988129
0.988152
0.988174
0.988197
0.98822
0.988243
0.988266
0.988289
0.988312
0.988335
0.988369
0.98838
0.988403
0.988426
0.988449
0.988483
0.988506
0.988529
0.988552
0.988575
0.988598
0.988621
0.988644
0.988667
0.988689
0.988712
0.988735
0.988756
0.988775
0.988804
0.988823
0.988842
0.988861
0.98888
0.988899
0.988918
0.988937
0.988956
0.988976
0.988995
0.989014
0.989033
0.989052
0.989061
0.98909
0.989109
0.989128
0.989147
0.989166
0.989185
0.989204
0.989223
0.989243
0.989262
0.98929
0.9893
0.989328
0.989338
0.989357
0.989386
0.989405
0.989424
0.989433
0.989462
0.989481
0.9895
0.989519
0.989538
0.989557
0.989576
0.989595
0.989614
0.989634
0.989653
0.989672
0.989691
0.98971
0.989729
0.989748
0.989767
0.989786
0.989805
0.989824
0.989843
0.989862
0.989882
0.989901
0.98992
0.989939
0.989958
0.989977
0.989996
0.990015
0.990044
0.990053
0.990072
0.990091
0.99011
0.990139
0.990149
0.990168
0.990196
0.990206
0.990234
0.990253
0.990273
0.990292
0.990311
0.99033
0.990349
0.990368
0.990387
0.990406
0.990425
0.990444
0.990463
0.990482
0.990501
0.99052
0.99054
0.990559
0.990578
0.990597
0.990613
0.990628
0.990643
0.990658
0.990674
0.990689
0.990704
0.990719
0.990742
0.99075
0.990773
0.990788
0.990803
0.990819
0.990834
0.990849
0.990864
0.99088
0.990895
0.99091
0.990925
0.990941
0.990956
0.990971
0.990986
0.991002
0.991017
0.991032
0.991047
0.991063
0.991078
0.991093
0.991108
0.991124
0.991139
0.991154
0.991169
0.991185
0.9912
0.991223
0.99123
0.991246
0.991269
0.991276
0.991299
0.991314
0.99133
0.991345
0.99136
0.991375
0.991391
0.991406
0.991421
0.991436
0.991452
0.991467
0.991482
0.991498
0.991513
