0
5.72193e-06
2.28881e-05
2.861e-05
4.57761e-05
6.29423e-05
0.000142097
0.000394821
0.000977516
0.00206184
0.00382328
0.00642633
0.0100198
0.0147328
0.0206723
0.0279222
0.0413723
0.0520978
0.057991
0.0708303
0.085052
0.108885
0.126357
0.135541
0.164787
0.185602
0.20738
0.230038
0.253489
0.277652
0.302446
0.32779
0.353602
0.37981
0.406341
0.43313
0.460114
0.487234
0.514433
0.541659
0.568858
0.595979
0.622972
0.64979
0.676385
0.702714
0.741609
0.754394
0.792135
0.804496
0.828858
0.864444
0.876034
0.909924
0.931747
0.952923
0.973431
0.993252
1.01237
1.03076
1.0484
1.06529
1.0814
1.09672
1.11125
1.12499
1.13794
1.15009
1.16683
1.17202
1.18641
1.19083
1.19908
1.20657
1.21642
1.22207
1.22462
1.2292
1.23477
1.23764
1.23986
1.24145
1.24243
1.24281
1.24261
1.24186
1.24057
1.23876
1.23645
1.23367
1.23043
1.22676
1.22268
1.21822
1.21339
1.20822
1.20273
1.19694
1.19088
1.18457
1.17803
1.17128
1.16434
1.15724
1.14999
1.14262
1.13137
1.12758
1.11611
1.11227
1.1007
1.09684
1.08529
1.07763
1.07003
1.06249
1.05503
1.04766
1.0404
1.03325
1.02622
1.01933
1.01259
1.00599
0.999546
0.99326
0.987142
0.981194
0.975427
0.969844
0.964454
0.959263
0.954276
0.949498
0.942734
0.940589
0.936463
0.930694
0.927128
0.923789
0.920676
0.91779
0.91513
0.912695
0.910483
0.908493
0.906721
0.905162
0.903816
0.902675
0.901735
0.90099
0.900436
0.900066
0.899876
0.899858
0.900007
0.900316
0.90078
0.901393
0.902148
0.903039
0.904059
0.905819
0.907135
0.907833
0.91008
0.911697
0.913402
0.915187
0.917047
0.918973
0.920959
0.922998
0.925079
0.927195
0.929337
0.931498
0.933669
0.935843
0.938014
0.940174
0.942318
0.944441
0.946538
0.948607
0.950641
0.952639
0.954597
0.956513
0.958385
0.96021
0.961988
0.964564
0.965398
0.967823
0.968605
0.970874
0.972322
0.973717
0.97506
0.976349
0.977586
0.978772
0.979905
0.980987
0.982017
0.982997
0.983927
0.984807
0.985639
0.986423
0.98716
0.98785
0.988495
0.989096
0.989653
0.990167
0.990639
0.99107
0.99146
0.991812
0.992125
0.9924
0.992639
0.992841
0.993009
0.993144
0.993245
0.993314
0.99335
0.993356
0.993313
0.993284
0.993206
0.993102
0.992971
0.992815
0.992538
0.992434
0.99221
0.991834
0.991699
0.991413
0.990951
0.990788
0.990449
0.990095
0.989536
0.989342
0.988946
0.988328
0.987903
0.987467
0.987021
0.986567
0.986104
0.985635
0.98516
0.984679
0.984194
0.983705
0.983213
0.982718
0.982223
0.981727
0.981231
0.980735
0.980239
0.979746
0.979254
0.978766
0.978281
0.9778
0.977324
0.97662
0.976388
0.975928
0.975476
0.97503
0.974593
0.974163
0.973742
0.973329
0.972926
0.972532
0.971961
0.971593
0.971235
0.970887
0.970551
0.970226
0.969912
0.969611
0.969322
0.969045
0.96878
0.968528
0.968288
0.968061
0.967847
0.967645
0.967455
0.967278
0.967113
0.966961
0.966821
0.966692
0.966576
0.966423
0.966378
0.966296
0.966195
0.966166
0.966118
0.966081
0.966053
0.966033
0.966032
0.966035
0.966059
0.966086
0.966123
0.966168
0.966222
0.966284
0.966353
0.966431
0.966516
0.966607
0.966705
0.96681
0.966921
0.967038
0.96716
0.967287
0.967419
0.967556
0.967696
0.967915
0.967989
0.968141
0.968296
0.968533
0.968613
0.968776
0.96894
0.96919
0.969274
0.969526
0.969698
0.96987
0.970041
0.970213
0.970385
0.970556
0.970728
0.9709
0.971071
0.971239
0.971406
0.971574
0.97174
0.971904
0.972068
0.972308
0.972388
0.972546
0.972702
0.972856
0.973009
0.973158
0.973307
0.973452
0.973596
0.973737
0.973944
0.974078
0.974211
0.97434
0.974467
0.974592
0.974714
0.974832
0.974948
0.975061
0.975172
0.975279
0.975383
0.975485
0.975584
0.975679
0.975772
0.975863
0.97595
0.976076
0.976156
0.976196
0.97631
0.976346
0.976418
0.976521
0.976585
0.976617
0.976709
0.976766
0.976822
0.976875
0.976926
0.976975
0.977022
0.977067
0.977109
0.977151
0.977189
0.977227
0.977262
0.977296
0.977327
0.977358
0.977387
0.977414
0.977441
0.977466
0.977489
0.977512
0.977534
0.977553
0.977572
0.977591
0.977609
0.977624
0.97764
0.977655
0.97767
0.977691
0.977702
0.977708
0.977725
0.977731
0.977742
0.977754
0.977765
0.977782
0.977794
0.977805
0.977815
0.977823
0.97783
0.977838
0.977846
0.977853
0.977864
0.977876
0.977887
0.977899
0.97791
0.977921
0.977933
0.977944
0.977956
0.977967
0.977979
0.97799
0.978002
0.978021
0.978036
0.978052
0.978059
0.978082
0.978097
0.978113
0.978128
0.978146
0.978165
0.978184
0.978203
0.978222
0.978241
0.97826
0.978281
0.978303
0.978326
0.978349
0.978372
0.978395
0.978418
0.978443
0.97847
0.978497
0.978523
0.97855
0.978577
0.978603
0.978632
0.978663
0.978693
0.978724
0.97877
0.978785
0.978831
0.978846
0.97888
0.978914
0.978966
0.978983
0.979017
0.979052
0.979086
0.979137
0.979155
0.979189
0.979227
0.979265
0.979322
0.979341
0.979379
0.979417
0.979455
0.979513
0.979551
0.979589
0.979627
0.979665
0.979703
0.979742
0.97978
0.979818
0.979856
0.979894
0.979932
0.97997
0.980012
0.980054
0.980096
0.980138
0.98018
0.980222
0.980264
0.980306
0.980348
0.98039
0.980432
0.980474
0.980515
0.980555
0.980593
0.980631
0.980669
0.980708
0.980746
0.980784
0.980822
0.980841
0.980898
0.980937
0.980975
0.981013
0.981051
0.981108
0.981146
0.981165
0.981204
0.981242
0.981299
0.981337
0.981375
0.981413
0.981452
0.98149
0.981528
0.981565
0.9816
0.981634
0.981668
0.981703
0.981737
0.981771
0.981806
0.98184
0.981874
0.981909
0.981943
0.981977
0.982012
0.982046
0.98208
0.982115
0.982149
0.982183
0.982235
0.982252
0.982286
0.982335
0.982366
0.982381
0.982427
0.982457
0.982488
0.982518
0.982549
0.982579
0.98261
0.98264
0.982671
0.982701
0.982732
0.982762
0.982793
0.982823
0.982854
0.982884
0.982915
0.982961
0.982976
0.983006
0.983037
0.983083
0.983113
0.983144
0.983174
0.983205
0.983234
0.983261
0.983287
0.983314
0.983341
0.983367
0.983394
0.983421
0.983448
0.983474
0.983501
0.983528
0.983554
0.983581
0.983608
0.983634
0.983661
0.983688
0.983715
0.983741
0.983768
0.983795
0.983821
0.983848
0.983875
0.983902
0.983942
0.983968
0.983982
0.984008
0.984035
0.984075
0.984102
0.984128
0.984155
0.984182
0.984209
0.984235
0.984262
0.984289
0.984315
0.984342
0.984369
0.984396
0.984422
0.984462
0.984476
0.984516
0.984529
0.984556
0.984582
0.984609
0.984636
0.984663
0.984703
0.984729
0.984756
0.984783
0.984809
0.984836
0.984863
0.98489
0.984916
0.984943
0.98497
0.984996
0.985023
0.98505
0.985076
0.985103
0.98513
0.985157
0.985183
0.98521
0.985237
0.985263
0.98529
0.985317
0.985343
0.98537
0.98541
0.985424
0.98545
0.985477
0.985504
0.985544
0.98557
0.985584
0.985624
0.985651
0.985677
0.985704
0.985731
0.985757
0.985784
0.985811
0.985837
0.985864
0.985891
0.985918
0.985944
0.985971
0.985998
0.986024
0.986051
0.986091
0.986104
0.986145
0.986158
0.986194
0.986217
0.986228
0.986251
0.986274
0.986297
0.986331
0.986354
0.986377
0.9864
0.986423
0.986446
0.986469
0.986492
0.986515
0.986537
0.98656
0.986583
0.986606
0.986629
0.986652
0.986675
0.986698
0.986721
0.986743
0.986766
0.986789
0.986812
0.986835
0.986858
0.986881
0.986904
0.986927
0.986949
0.986972
0.986995
0.98703
0.987041
0.987075
0.987087
0.98711
0.987144
0.987167
0.98719
0.987213
0.987236
0.987258
0.987281
0.987304
0.987327
0.98735
0.987373
0.987396
0.987419
0.987442
0.987464
0.987487
0.98751
0.987533
0.987556
0.987579
0.987602
0.987625
0.987648
0.98767
0.987705
0.987728
0.987739
0.987773
0.987785
0.987819
0.987842
0.987854
0.987876
0.987899
0.987934
0.987945
0.987979
0.987991
0.988025
0.988048
0.988071
0.988094
0.988117
0.98814
0.988163
0.988185
0.988208
0.988231
0.988254
0.988277
0.9883
0.988323
0.988346
0.988369
0.988391
0.988414
0.988437
0.98846
0.988481
0.9885
0.988519
0.988538
0.988557
0.988576
0.988595
0.988615
0.988634
0.988653
0.988672
0.988691
0.98871
0.988729
0.988748
0.988767
0.988786
0.988805
0.988824
0.988843
0.988863
0.988882
0.98891
0.988929
0.988948
0.988967
0.988986
0.989006
0.989015
0.989044
0.989063
0.989082
0.989101
0.98912
0.989139
0.989158
0.989177
0.989196
0.989215
0.989234
0.989254
0.989273
0.989292
0.989311
0.98933
0.989349
0.989377
0.989387
0.989416
0.989425
0.989444
0.989473
0.989492
0.989511
0.989521
0.989549
0.989568
0.989587
0.989606
0.989625
0.989645
0.989664
0.989683
0.989702
0.989721
0.98974
0.989759
0.989778
0.989797
0.989816
0.989835
0.989854
0.989873
0.989892
0.989912
0.989931
0.98995
0.989969
0.989988
0.990007
0.990026
0.990045
0.990064
0.990093
0.990112
0.990121
0.99015
0.990169
0.990188
0.990207
0.990226
0.990245
0.990264
0.990283
0.990303
0.990322
0.990341
0.99036
0.990379
0.990398
0.990417
0.990436
0.990455
0.990474
0.990493
0.990512
0.990541
0.990551
0.99057
0.990598
0.990608
0.990627
0.990655
0.990665
0.990694
0.990713
0.990732
0.990751
0.99077
0.990789
0.990808
0.990826
0.990841
0.990857
0.990872
0.990887
0.990902
0.990918
0.990933
0.990948
0.990963
0.990979
0.991002
0.991009
0.991024
0.99104
0.991055
0.99107
0.991093
0.991108
0.991124
0.991139
0.991154
0.991169
0.991185
0.9912
0.991215
0.99123
0.991246
0.991261
0.991276
0.991292
0.991307
0.991322
0.991345
0.991353
0.991368
0.991383
0.991406
0.991421
0.991436
0.991452
0.991467
0.991482
0.991498
0.991513
0.991528
0.991543
0.991559
0.991574
