0
1.14439e-05
2.861e-05
4.00542e-05
5.19753e-05
8.82149e-05
0.000236034
0.000632286
0.00144339
0.00284529
0.00500727
0.00808859
0.0122266
0.0175419
0.0241284
0.0320578
0.0413771
0.0521097
0.0642591
0.0778098
0.092731
0.108978
0.126494
0.145217
0.165077
0.185995
0.207896
0.230699
0.254324
0.291128
0.30372
0.329331
0.355449
0.381996
0.422462
0.436083
0.47722
0.504792
0.518598
0.560015
0.587545
0.601263
0.642137
0.66908
0.695721
0.722012
0.747904
0.77336
0.79834
0.822804
0.846714
0.870037
0.892743
0.914806
0.936202
0.956909
0.98664
1.00555
1.02372
1.04113
1.05778
1.07365
1.08874
1.10302
1.1165
1.12917
1.14103
1.15209
1.16235
1.17182
1.18052
1.18846
1.19565
1.20211
1.20785
1.21288
1.21723
1.22091
1.22521
1.22632
1.22809
1.22962
1.22993
1.22968
1.2289
1.2276
1.22582
1.22355
1.22084
1.21771
1.21416
1.21023
1.20594
1.20131
1.19636
1.18839
1.1856
1.17983
1.17076
1.16764
1.16125
1.15136
1.1446
1.13773
1.13076
1.12372
1.11662
1.10949
1.10234
1.0952
1.08808
1.08101
1.07398
1.06703
1.06015
1.05336
1.04667
1.04008
1.0336
1.02724
1.021
1.01487
1.00888
1.00301
0.997277
0.991681
0.986227
0.980921
0.975769
0.970777
0.965952
0.961301
0.956831
0.952544
0.948446
0.944542
0.940836
0.935653
0.934026
0.930924
0.928027
0.924063
0.921674
0.919487
0.917501
0.915714
0.914122
0.912722
0.911512
0.91049
0.909651
0.908989
0.908503
0.908184
0.90803
0.908031
0.908185
0.908485
0.908926
0.9095
0.910202
0.911025
0.911963
0.91301
0.914161
0.915409
0.916747
0.91817
0.919672
0.921246
0.922886
0.924588
0.926343
0.928145
0.929985
0.931856
0.933751
0.936619
0.937579
0.939497
0.941412
0.943317
0.946144
0.947075
0.949831
0.950736
0.953401
0.955134
0.956831
0.957664
0.960104
0.961679
0.963209
0.964695
0.966137
0.967533
0.968884
0.970186
0.971442
0.972651
0.973813
0.974926
0.975994
0.977014
0.977989
0.978918
0.979803
0.980644
0.981441
0.982195
0.982908
0.983899
0.984509
0.984799
0.98535
0.985862
0.986559
0.986978
0.98736
0.987706
0.987866
0.988295
0.98854
0.988751
0.988933
0.989083
0.989203
0.989293
0.989356
0.989391
0.989399
0.989381
0.989339
0.989273
0.989183
0.989071
0.988863
0.988783
0.98861
0.988314
0.988095
0.987858
0.987607
0.987339
0.987058
0.986763
0.986454
0.986135
0.985804
0.985462
0.985112
0.984752
0.984384
0.984008
0.983626
0.983238
0.982843
0.982445
0.982042
0.981635
0.981019
0.980814
0.9804
0.979984
0.979568
0.978945
0.978531
0.978119
0.977709
0.977505
0.976897
0.976496
0.9761
0.975708
0.975322
0.974942
0.974568
0.9742
0.97384
0.973486
0.973141
0.972803
0.972312
0.972153
0.971687
0.971389
0.971243
0.970958
0.970549
0.970289
0.970039
0.969799
0.96957
0.96935
0.969141
0.968943
0.968755
0.968578
0.968412
0.968256
0.968111
0.967977
0.967853
0.967739
0.967635
0.967542
0.967458
0.967384
0.96732
0.967266
0.96722
0.967184
0.967157
0.967138
0.967128
0.967127
0.967134
0.967149
0.967172
0.967221
0.967241
0.967286
0.967366
0.967396
0.967496
0.967532
0.96761
0.967736
0.967827
0.967923
0.968024
0.96813
0.968239
0.968353
0.968471
0.968592
0.968717
0.968844
0.968974
0.969107
0.969242
0.969379
0.969519
0.96966
0.969873
0.969946
0.970163
0.970308
0.970454
0.970603
0.970752
0.970901
0.971049
0.971198
0.971344
0.971489
0.971634
0.971779
0.971924
0.972065
0.972207
0.972348
0.972487
0.972624
0.972762
0.972896
0.97303
0.973162
0.973292
0.973422
0.973547
0.973735
0.973857
0.973977
0.974095
0.974212
0.974326
0.974438
0.974548
0.974655
0.974761
0.974864
0.974964
0.975063
0.975159
0.975253
0.975344
0.975433
0.97552
0.975604
0.975687
0.975767
0.975844
0.97592
0.975993
0.976065
0.976133
0.976201
0.976265
0.976328
0.976389
0.976449
0.976506
0.976561
0.976614
0.976666
0.976716
0.976765
0.976834
0.976879
0.9769
0.976942
0.977002
0.97704
0.977078
0.977112
0.977147
0.977181
0.977211
0.977242
0.977273
0.9773
0.977327
0.977354
0.97738
0.977404
0.977427
0.977449
0.977472
0.977495
0.977515
0.977534
0.977553
0.977572
0.977592
0.977611
0.97763
0.977649
0.977667
0.977682
0.977697
0.977713
0.977728
0.977743
0.977758
0.977774
0.977789
0.977804
0.977819
0.977835
0.97785
0.977873
0.977888
0.977903
0.977919
0.977934
0.977942
0.977968
0.977987
0.978006
0.978025
0.978044
0.978063
0.978082
0.978101
0.97812
0.978139
0.978158
0.978178
0.9782
0.978223
0.978246
0.978269
0.978292
0.978314
0.978337
0.97836
0.978383
0.978407
0.978434
0.97846
0.978487
0.978527
0.97854
0.978567
0.978594
0.978634
0.978662
0.978693
0.978723
0.978754
0.978784
0.978815
0.978845
0.978876
0.978906
0.978937
0.978967
0.978998
0.979033
0.979067
0.979101
0.979136
0.97917
0.979204
0.979239
0.979273
0.979307
0.979342
0.979376
0.979427
0.979462
0.979499
0.979537
0.979575
0.979613
0.979651
0.97969
0.979728
0.979766
0.979804
0.979842
0.97988
0.979918
0.979957
0.979995
0.980033
0.980071
0.980109
0.980147
0.980186
0.980243
0.980281
0.9803
0.980357
0.980395
0.980433
0.980472
0.98051
0.980548
0.980586
0.980624
0.980662
0.9807
0.980739
0.980777
0.980815
0.980853
0.980891
0.980929
0.980968
0.981006
0.981044
0.981082
0.98112
0.981158
0.981196
0.981235
0.981273
0.981311
0.981348
0.9814
0.981417
0.981468
0.981503
0.981537
0.981571
0.981606
0.98164
0.981674
0.981709
0.981743
0.981777
0.981812
0.981846
0.98188
0.981915
0.981949
0.981983
0.982018
0.982052
0.982086
0.982121
0.982155
0.982189
0.982241
0.982272
0.982287
0.982318
0.982348
0.982394
0.982425
0.98244
0.982486
0.982516
0.982547
0.982577
0.982608
0.982638
0.982654
0.982699
0.98273
0.98276
0.982791
0.982821
0.982852
0.982882
0.982913
0.982944
0.982974
0.983005
0.983035
0.983066
0.983096
0.983127
0.983172
0.983203
0.983218
0.983249
0.983294
0.983324
0.983351
0.983377
0.983404
0.983431
0.983458
0.983484
0.983511
0.983538
0.983564
0.983591
0.983618
0.983644
0.983671
0.983698
0.983725
0.983751
0.983778
0.983805
0.983845
0.983858
0.983885
0.983912
0.983938
0.983978
0.983992
0.984032
0.984058
0.984085
0.984112
0.984138
0.984165
0.984192
0.984219
0.984245
0.984272
0.984299
0.984325
0.984352
0.984379
0.984406
0.984432
0.984459
0.984486
0.984512
0.984539
0.984566
0.984592
0.984619
0.984646
0.984673
0.984699
0.984726
0.984753
0.984779
0.984806
0.984833
0.984873
0.984886
0.984913
0.98494
0.984966
0.984993
0.98502
0.985046
0.985073
0.9851
0.985126
0.985167
0.985193
0.98522
0.985247
0.985273
0.9853
0.985327
0.985353
0.98538
0.985407
0.985434
0.98546
0.985487
0.985514
0.98554
0.985567
0.985607
0.98562
0.985647
0.985674
0.985701
0.985727
0.985767
0.985781
0.985807
0.985847
0.985861
0.985888
0.985928
0.985954
0.985981
0.986008
0.986034
0.986061
0.986088
0.986115
0.986141
0.986168
0.986193
0.986216
0.986238
0.986261
0.986284
0.986307
0.98633
0.986353
0.986376
0.986399
0.986422
0.986444
0.986467
0.98649
0.986513
0.986536
0.986559
0.986582
0.986605
0.986628
0.98665
0.986673
0.986696
0.986719
0.986742
0.986765
0.986788
0.986811
0.986834
0.986856
0.986879
0.986902
0.986925
0.986948
0.986971
0.987005
0.987017
0.98704
0.987062
0.987085
0.987108
0.987131
0.987165
0.987177
0.987211
0.987223
0.987257
0.98728
0.987303
0.987326
0.987349
0.987371
0.987394
0.987417
0.98744
0.987463
0.987486
0.987509
0.987532
0.987555
0.987577
0.9876
0.987623
0.987646
0.98768
0.987703
0.987726
0.987749
0.987761
0.987795
0.987818
0.987841
0.987864
0.987886
0.987909
0.987932
0.987955
0.987978
0.988001
0.988024
0.988047
0.98807
0.988092
0.988115
0.988138
0.988161
0.988184
0.988207
0.98823
0.988253
0.988276
0.988298
0.988321
0.988344
0.988367
0.98839
0.988424
0.988436
0.988459
0.988482
0.988504
0.988539
0.98855
0.988584
0.988603
0.988622
0.988641
0.98866
0.988679
0.988698
0.988718
0.988737
0.988756
0.988775
0.988803
0.988813
0.988832
0.988851
0.98887
0.988899
0.988908
0.988937
0.988956
0.988975
0.988994
0.989013
0.989032
0.989051
0.98907
0.989089
0.989109
0.989128
0.989147
0.989166
0.989185
0.989204
0.989223
0.989242
0.989261
0.98928
0.989299
0.989318
0.989337
0.989357
0.989376
0.989395
0.989414
0.989442
0.989452
0.98948
0.9895
0.989509
0.989528
0.989557
0.989576
0.989595
0.989614
0.989633
0.989652
0.989671
0.98969
0.989709
0.989728
0.989748
0.989767
0.989786
0.989805
0.989824
0.989852
0.989862
0.989891
0.9899
0.989919
0.989948
0.989957
0.989986
0.990005
0.990024
0.990034
0.990062
0.990081
0.9901
0.990119
0.990139
0.990158
0.990177
0.990196
0.990215
0.990234
0.990253
0.990272
0.990291
0.99031
0.990329
0.990348
0.990367
0.990386
0.990406
0.990425
0.990444
0.990463
0.990482
0.990501
0.99052
0.990539
0.990558
0.990577
0.990606
0.990615
0.990644
0.990654
0.990682
0.990691
0.990714
0.990729
0.990736
0.990759
0.990767
0.99079
0.990805
0.99082
0.990836
0.990851
0.990866
0.990881
0.990897
0.990912
0.990927
0.990942
0.990958
0.990973
0.990988
0.991004
0.991019
0.991034
0.991049
0.991065
0.99108
0.991095
0.991118
0.991133
0.991141
0.991164
0.991179
0.991194
0.99121
0.991225
0.99124
0.991255
0.991271
0.991286
0.991301
0.991316
0.991332
0.991347
0.991362
0.991377
0.991393
0.991408
0.991423
0.991438
0.991454
0.991469
0.991484
0.991499
0.991515
0.99153
0.991545
0.991568
0.991583
0.991591
0.991614
0.991621
0.991644
