0
5.72193e-06
2.28881e-05
3.43323e-05
4.57765e-05
5.76972e-05
9.39368e-05
0.000241756
0.000638008
0.00144911
0.00285101
0.00501394
0.00809574
0.0122366
0.0175538
0.0241427
0.0320749
0.0413971
0.0521336
0.0642867
0.085135
0.100728
0.117618
0.135744
0.155039
0.165101
0.196824
0.219147
0.242304
0.266209
0.290779
0.315935
0.341601
0.367701
0.394154
0.420885
0.447826
0.474907
0.502062
0.542801
0.556351
0.583365
0.623576
0.63687
0.676332
0.702227
0.727736
0.75282
0.777439
0.801554
0.825125
0.848115
0.870493
0.892234
0.913317
0.933725
0.953444
0.972462
0.990767
1.00836
1.02522
1.04135
1.05674
1.07139
1.08531
1.09848
1.1109
1.12259
1.13353
1.14374
1.15322
1.16198
1.17002
1.17735
1.18398
1.18993
1.19758
1.1998
1.20376
1.20851
1.20979
1.21189
1.21395
1.21435
1.21475
1.21461
1.21395
1.21206
1.21119
1.20912
1.20662
1.2021
1.19861
1.19477
1.19059
1.1861
1.18132
1.17627
1.17096
1.16543
1.1597
1.15378
1.1477
1.14147
1.13512
1.12866
1.12211
1.11549
1.10882
1.10212
1.0954
1.08868
1.08198
1.07531
1.06869
1.06214
1.05566
1.04926
1.03983
1.03674
1.02763
1.02465
1.01589
1.01303
1.00464
1.00191
0.993931
0.9888
0.983823
0.979006
0.974353
0.969867
0.965553
0.961415
0.957459
0.953687
0.950104
0.94671
0.943505
0.940492
0.937669
0.935036
0.93259
0.930336
0.928265
0.926376
0.92467
0.923141
0.921784
0.920601
0.919584
0.918366
0.91804
0.917502
0.917117
0.916813
0.916786
0.916896
0.917134
0.9175
0.917985
0.918584
0.919291
0.920104
0.921015
0.922018
0.923108
0.92428
0.925529
0.926845
0.928226
0.929662
0.931148
0.932674
0.934235
0.935821
0.938232
0.939041
0.940666
0.942291
0.943911
0.946321
0.947909
0.948697
0.951028
0.952551
0.954047
0.955516
0.956952
0.958356
0.959725
0.96106
0.962358
0.963618
0.964841
0.966025
0.967172
0.96828
0.969349
0.97038
0.971373
0.972327
0.973244
0.974122
0.974963
0.975767
0.976534
0.977264
0.97796
0.978618
0.979241
0.97983
0.980384
0.980905
0.981393
0.982062
0.98227
0.982659
0.983186
0.983499
0.983785
0.98404
0.984268
0.984468
0.984642
0.98479
0.984912
0.985008
0.985081
0.98513
0.985157
0.985162
0.985146
0.985108
0.985052
0.984932
0.984883
0.984773
0.984575
0.984425
0.984259
0.984079
0.983886
0.983681
0.983463
0.983234
0.982995
0.982746
0.982489
0.982223
0.981948
0.981666
0.981377
0.981082
0.980783
0.980477
0.980168
0.979856
0.97954
0.979219
0.978899
0.978579
0.978255
0.977927
0.977599
0.977271
0.97695
0.976629
0.976309
0.975988
0.975673
0.97536
0.975049
0.974744
0.974442
0.974144
0.973852
0.973564
0.973282
0.97287
0.972736
0.972472
0.972215
0.971964
0.971601
0.971369
0.971254
0.970926
0.970716
0.970514
0.97032
0.970225
0.969956
0.969787
0.969625
0.969474
0.969331
0.969196
0.96907
0.968953
0.968844
0.968743
0.968651
0.968568
0.968493
0.968426
0.968367
0.968315
0.968271
0.968221
0.968207
0.968186
0.968169
0.968166
0.96817
0.968181
0.968198
0.968221
0.968251
0.968287
0.968328
0.968374
0.968428
0.968485
0.968546
0.968615
0.968686
0.968762
0.968843
0.968927
0.969016
0.969108
0.969203
0.969302
0.969401
0.969508
0.969615
0.969723
0.969894
0.969952
0.970066
0.970182
0.970304
0.970488
0.970549
0.970671
0.970793
0.970915
0.971104
0.971169
0.971298
0.971493
0.971558
0.971752
0.971882
0.972012
0.97214
0.972201
0.972384
0.972507
0.972629
0.972751
0.972873
0.972995
0.973117
0.973231
0.973346
0.97346
0.973575
0.973689
0.973798
0.973905
0.974011
0.974118
0.974224
0.974323
0.974422
0.974522
0.974621
0.974714
0.974806
0.974897
0.974989
0.975076
0.97516
0.975244
0.975327
0.975408
0.975522
0.97556
0.975636
0.975711
0.975814
0.975883
0.975917
0.976017
0.976078
0.976139
0.9762
0.976261
0.976316
0.97637
0.976423
0.976477
0.97653
0.976577
0.976623
0.976668
0.976714
0.97676
0.976804
0.976842
0.97688
0.976918
0.976956
0.976995
0.977033
0.977085
0.9771
0.977131
0.977161
0.977207
0.977238
0.977268
0.977299
0.977329
0.97736
0.977386
0.977408
0.977431
0.977454
0.977477
0.9775
0.977523
0.977546
0.977569
0.977592
0.977614
0.977637
0.97766
0.977683
0.977706
0.97774
0.977752
0.977775
0.977809
0.977832
0.977855
0.977878
0.977901
0.977923
0.977946
0.977969
0.977992
0.978015
0.978038
0.978061
0.978084
0.978106
0.978129
0.978152
0.978175
0.978198
0.978221
0.978244
0.978267
0.978301
0.978324
0.978335
0.97837
0.978393
0.978415
0.978438
0.978461
0.978484
0.978507
0.97853
0.978553
0.978576
0.978602
0.978633
0.978663
0.978694
0.978724
0.978755
0.978786
0.978816
0.978847
0.978877
0.978908
0.978938
0.978984
0.979014
0.979045
0.979075
0.979106
0.979136
0.979167
0.979198
0.979228
0.979259
0.979289
0.97932
0.97935
0.979381
0.979411
0.979442
0.979474
0.979512
0.97955
0.979589
0.979627
0.979665
0.979703
0.979741
0.979779
0.979836
0.979856
0.979894
0.979951
0.979989
0.980027
0.980046
0.980103
0.980142
0.98018
0.980218
0.980256
0.980294
0.980332
0.980371
0.980409
0.980447
0.980485
0.980523
0.980561
0.980599
0.980638
0.980676
0.980714
0.980752
0.98079
0.980828
0.980866
0.980905
0.980962
0.980981
0.981019
0.981057
0.981095
0.981153
0.981191
0.981229
0.981267
0.981305
0.981343
0.981381
0.98142
0.981458
0.981492
0.981523
0.981553
0.981584
0.981614
0.981645
0.981675
0.981706
0.981736
0.981767
0.981797
0.981828
0.981858
0.981889
0.981919
0.98195
0.981996
0.982011
0.982041
0.982072
0.982118
0.982148
0.982179
0.982209
0.98224
0.98227
0.982301
0.982331
0.982362
0.982392
0.982423
0.982453
0.982484
0.982514
0.982545
0.982575
0.982606
0.982636
0.982667
0.982697
0.982728
0.982759
0.982804
0.98282
0.98285
0.982896
0.982926
0.982957
0.982987
0.983018
0.983048
0.983079
0.983109
0.98314
0.983171
0.983201
0.983232
0.983262
0.983293
0.983323
0.983354
0.983384
0.983415
0.983445
0.983476
0.983506
0.983537
0.983567
0.983613
0.983628
0.983659
0.983689
0.98372
0.98375
0.983781
0.983827
0.983842
0.983872
0.983903
0.983933
0.983979
0.983994
0.98404
0.984056
0.984101
0.984132
0.984162
0.984193
0.984223
0.984254
0.984284
0.984315
0.984345
0.984376
0.984406
0.984429
0.984452
0.984475
0.984498
0.984521
0.984544
0.984567
0.98459
0.984612
0.984635
0.984658
0.984681
0.984704
0.984727
0.98475
0.984773
0.984796
0.984818
0.984853
0.984864
0.984887
0.98491
0.984944
0.984956
0.98499
0.985013
0.985036
0.985059
0.985082
0.985105
0.985127
0.98515
0.985173
0.985196
0.985219
0.985242
0.985265
0.985288
0.985311
0.985333
0.985356
0.985379
0.985402
0.985425
0.985448
0.985471
0.985494
0.985517
0.985539
0.985574
0.985587
0.985618
0.985648
0.985694
0.985724
0.98574
0.985785
0.985816
0.985847
0.985877
0.985908
0.985938
0.985969
0.985999
0.98603
0.98606
0.986091
0.986121
0.986148
0.986171
0.986194
0.986217
0.986239
0.986262
0.986285
0.98632
0.986331
0.986365
0.986388
0.986411
0.986434
0.986457
0.98648
0.986503
0.986526
0.986548
0.986571
0.986594
0.986617
0.98664
0.986663
0.986686
0.986709
0.986732
0.986754
0.986777
0.9868
0.986823
0.986846
0.986869
0.986892
0.986915
0.986938
0.986972
0.986983
0.987018
0.987029
0.987052
0.987086
0.987098
0.987132
0.987155
0.987178
0.987201
0.987224
0.987247
0.987269
0.987292
0.987315
0.987338
0.987361
0.987384
0.987407
0.98743
0.987453
0.987475
0.987498
0.987521
0.987544
0.987567
0.987601
0.987624
0.987636
0.98767
0.987693
0.987704
0.987739
0.987761
0.987784
0.987807
0.98783
0.987853
0.987876
0.987899
0.987922
0.987945
0.987967
0.98799
0.988013
0.988036
0.988059
0.988082
0.988105
0.988128
0.988151
0.988173
0.988196
0.988219
0.988242
0.988265
0.988288
0.988311
0.988334
0.988357
0.988379
0.988402
0.988425
0.98846
0.988471
0.988494
0.988517
0.988551
0.988574
0.988585
0.988608
0.988631
0.988666
0.988688
0.9887
0.988734
0.988757
0.98878
0.988803
0.988826
0.988849
0.988872
0.988894
0.988917
0.98894
0.988975
0.988986
0.989009
0.989032
0.989055
0.989078
0.989112
0.989135
0.989158
0.989181
0.989203
0.989226
0.989249
0.989272
0.989295
0.989311
0.989326
0.989342
0.989357
0.989372
0.989388
0.989403
0.989418
0.989433
0.989449
0.989464
0.989479
0.989494
0.98951
0.989525
0.98954
0.989555
0.989571
0.989586
0.989601
0.989616
0.989639
0.989655
0.98967
0.989685
0.9897
0.989716
0.989731
0.989746
0.989761
0.989777
0.989792
0.989807
0.989822
0.989838
0.989853
0.989868
0.989883
0.989899
0.989914
0.989929
0.989944
0.98996
0.989975
0.98999
0.990005
0.990028
0.990036
0.990051
0.990067
0.990082
0.990097
0.990122
0.990133
0.990156
0.990179
0.990213
0.990236
0.990248
0.990271
0.990305
0.990316
0.990351
0.990374
0.990396
0.990419
0.990431
0.990465
0.990488
0.990511
0.990534
0.990549
0.990564
0.99058
0.990595
0.99061
0.990625
0.990641
0.990656
0.990671
0.990686
0.990702
0.990717
0.990732
0.990747
0.990763
0.990778
0.990793
0.990808
0.990824
0.990839
0.990854
0.99087
0.990885
0.9909
0.990915
0.990938
0.990946
0.990961
0.990984
0.990992
0.991014
0.991022
0.991045
0.99106
0.991076
0.991091
0.991098
0.991121
0.991137
0.991152
0.991167
0.991182
0.991198
0.991213
0.991228
0.991243
0.991259
0.991274
0.991289
0.991304
0.99132
0.991335
0.99135
0.991365
0.991388
0.991396
0.991411
0.991426
0.991449
0.991465
0.99148
0.991495
0.99151
0.991526
0.991541
0.991556
0.991571
0.991587
0.991602
0.991617
0.991632
