0
7.62959e-06
1.52588e-05
2.28881e-05
3.05177e-05
4.1008e-05
7.82014e-05
0.000383377
0.000623703
0.0020504
0.00381184
0.00641632
0.0100117
0.0147285
0.0206728
0.0279284
0.0365505
0.0465746
0.058013
0.0708561
0.0850792
0.100639
0.117482
0.135546
0.164775
0.175048
0.207314
0.229928
0.253329
0.27743
0.302138
0.327374
0.35305
0.379084
0.405396
0.431913
0.45857
0.485306
0.512065
0.538794
0.565439
0.591954
0.61829
0.644403
0.670248
0.695781
0.720963
0.745755
0.770117
0.794012
0.817411
0.840284
0.862599
0.894972
0.905457
0.925954
0.945799
0.964973
0.983461
1.00987
1.02656
1.03463
1.05021
1.0722
1.08592
1.09888
1.11109
1.12253
1.13321
1.14315
1.15233
1.16077
1.16847
1.17545
1.1817
1.18726
1.19213
1.19633
1.19987
1.20279
1.20508
1.20679
1.20792
1.20849
1.20854
1.20807
1.20645
1.20479
1.2027
1.20019
1.19728
1.194
1.19038
1.18642
1.18216
1.17762
1.17282
1.16777
1.1625
1.15703
1.15137
1.14555
1.13959
1.13349
1.12728
1.12098
1.1146
1.10815
1.10167
1.09515
1.08863
1.08211
1.07562
1.06917
1.06277
1.0533
1.05018
1.04095
1.03492
1.02899
1.02316
1.01746
1.01187
1.00642
1.0011
0.995933
0.990912
0.98605
0.981347
0.97681
0.97244
0.968243
0.962276
0.960377
0.956711
0.953228
0.949928
0.94533
0.942495
0.941148
0.938596
0.936227
0.934038
0.931091
0.92935
0.927784
0.926389
0.925161
0.924097
0.923193
0.922445
0.92185
0.921405
0.921103
0.92094
0.920912
0.921011
0.921232
0.921576
0.922031
0.922596
0.923264
0.92403
0.924889
0.925835
0.926863
0.927968
0.929144
0.930384
0.932353
0.933035
0.935141
0.93586
0.937321
0.938804
0.940303
0.942567
0.944077
0.945585
0.947084
0.948571
0.950044
0.951497
0.952929
0.954337
0.955718
0.957068
0.958388
0.959678
0.960934
0.962155
0.963343
0.964494
0.96561
0.966689
0.967732
0.96874
0.969711
0.9711
0.971544
0.972407
0.973233
0.974025
0.975144
0.975847
0.976186
0.97715
0.977751
0.978318
0.978852
0.979355
0.979824
0.980263
0.980671
0.981049
0.981396
0.981715
0.982005
0.982268
0.982504
0.982714
0.982898
0.983056
0.983191
0.983302
0.983391
0.983458
0.983502
0.983526
0.98353
0.983516
0.983482
0.983431
0.983362
0.983277
0.983176
0.98306
0.982929
0.982785
0.982628
0.982457
0.982276
0.982082
0.981879
0.981666
0.981328
0.981092
0.980849
0.980598
0.980471
0.980079
0.979812
0.979538
0.979263
0.978981
0.978699
0.978415
0.978125
0.97798
0.977545
0.977255
0.976965
0.976675
0.976385
0.976095
0.975813
0.975531
0.975248
0.974972
0.974697
0.974426
0.974159
0.973897
0.973638
0.973385
0.973136
0.972774
0.972655
0.972424
0.972087
0.971977
0.971661
0.971457
0.971357
0.971165
0.970887
0.970712
0.970628
0.970384
0.970231
0.970085
0.969947
0.969816
0.969693
0.969578
0.96947
0.96937
0.969277
0.969193
0.969115
0.969045
0.968982
0.968925
0.968877
0.968835
0.9688
0.968771
0.968749
0.968734
0.968725
0.968722
0.968725
0.968734
0.968749
0.96877
0.968811
0.968844
0.968863
0.968927
0.968975
0.969028
0.969086
0.969147
0.969213
0.969282
0.969357
0.969433
0.969512
0.969596
0.96968
0.969816
0.969862
0.970001
0.9701
0.97015
0.970299
0.9704
0.970507
0.970613
0.97072
0.970827
0.970934
0.971041
0.971148
0.971261
0.971375
0.97149
0.971604
0.971719
0.971833
0.971948
0.972062
0.972177
0.972291
0.972405
0.97252
0.972631
0.972737
0.972844
0.973004
0.973058
0.973165
0.973325
0.973432
0.973537
0.973637
0.973736
0.973835
0.973934
0.974033
0.974131
0.974222
0.974314
0.974405
0.974497
0.974587
0.974671
0.974755
0.974839
0.974923
0.975005
0.975081
0.975158
0.975234
0.97531
0.975385
0.975453
0.975522
0.975591
0.975659
0.975727
0.975819
0.975849
0.975941
0.976002
0.976032
0.976115
0.976142
0.976195
0.976275
0.976302
0.97638
0.976403
0.976472
0.976518
0.976541
0.976609
0.976655
0.976697
0.976735
0.976773
0.976811
0.97685
0.976888
0.976926
0.976964
0.977002
0.977033
0.977063
0.977094
0.977124
0.977155
0.977185
0.977216
0.977246
0.977277
0.977307
0.977338
0.977368
0.977399
0.977429
0.977455
0.977478
0.977501
0.977524
0.977547
0.97757
0.977592
0.977615
0.977638
0.977661
0.977684
0.977707
0.97773
0.977753
0.977776
0.977798
0.977833
0.977856
0.977879
0.977901
0.977924
0.977947
0.97797
0.977993
0.978016
0.978039
0.978062
0.978085
0.978107
0.97813
0.978153
0.978181
0.978227
0.978242
0.978272
0.978303
0.978333
0.978379
0.97841
0.978425
0.978471
0.978501
0.978532
0.978562
0.978593
0.978623
0.978654
0.978684
0.978715
0.978745
0.978776
0.978806
0.978837
0.978868
0.978898
0.978929
0.978959
0.97899
0.97902
0.979051
0.979081
0.979112
0.979142
0.979188
0.979203
0.979234
0.97928
0.979295
0.979332
0.979389
0.979408
0.979465
0.979504
0.979542
0.97958
0.979618
0.979656
0.979694
0.979733
0.979771
0.979809
0.979847
0.979885
0.979923
0.979961
0.98
0.980038
0.980076
0.980114
0.980152
0.98019
0.980247
0.980286
0.980305
0.980362
0.980381
0.980438
0.980476
0.980515
0.980553
0.980591
0.980629
0.980667
0.980705
0.980743
0.980782
0.98082
0.980858
0.980896
0.980934
0.980967
0.980997
0.981028
0.981058
0.981089
0.981119
0.98115
0.98118
0.981211
0.981241
0.981272
0.981302
0.981333
0.981363
0.981394
0.981424
0.981455
0.981485
0.981516
0.981546
0.981577
0.981607
0.981638
0.981668
0.981699
0.98173
0.98176
0.981791
0.981821
0.981852
0.981882
0.981913
0.981943
0.981974
0.982004
0.982035
0.98208
0.982111
0.982141
0.982172
0.982203
0.982233
0.982264
0.982294
0.982325
0.982355
0.982386
0.982416
0.982447
0.982477
0.982508
0.982553
0.982569
0.982599
0.982645
0.982676
0.982706
0.982737
0.982767
0.982798
0.982828
0.982859
0.982889
0.98292
0.98295
0.982981
0.983011
0.983042
0.983072
0.983103
0.983133
0.983164
0.983194
0.983225
0.983255
0.983286
0.983316
0.983347
0.983377
0.983408
0.983438
0.983469
0.9835
0.98353
0.983561
0.983591
0.983637
0.983667
0.983698
0.983728
0.983759
0.983789
0.98382
0.98385
0.983881
0.983912
0.983942
0.983973
0.984003
0.984034
0.984079
0.984095
0.984125
0.984156
0.984201
0.984217
0.984247
0.984278
0.984324
0.984354
0.984385
0.984415
0.984446
0.984476
0.984507
0.984537
0.984568
0.984598
0.984629
0.984659
0.98469
0.98472
0.984747
0.98477
0.984793
0.984816
0.984838
0.984861
0.984884
0.984907
0.98493
0.984953
0.984976
0.984999
0.985022
0.985044
0.985067
0.98509
0.985113
0.985136
0.985159
0.985182
0.985205
0.985228
0.98525
0.985273
0.985308
0.985331
0.985353
0.985376
0.985399
0.985422
0.985445
0.985468
0.985491
0.985514
0.985537
0.985559
0.985582
0.985605
0.985628
0.985651
0.985674
0.985697
0.98572
0.985743
0.985765
0.985788
0.985811
0.985834
0.985857
0.98588
0.985903
0.985926
0.985949
0.985971
0.985994
0.986017
0.98604
0.986063
0.986086
0.986109
0.986143
0.986166
0.986177
0.986212
0.986235
0.986258
0.98628
0.986303
0.986326
0.986349
0.986372
0.986395
0.986418
0.986441
0.986465
0.986495
0.986526
0.986556
0.986587
0.986617
0.986648
0.986678
0.986709
0.986739
0.98677
0.9868
0.986831
0.986861
0.986892
0.986915
0.986938
0.986972
0.986995
0.987018
0.987041
0.987052
0.987086
0.987109
0.987132
0.987155
0.987178
0.987201
0.987224
0.987247
0.987269
0.987292
0.987315
0.987338
0.987361
0.987384
0.987407
0.98743
0.987453
0.987475
0.987498
0.987533
0.987544
0.987567
0.987601
0.987613
0.987647
0.98767
0.987693
0.987716
0.987739
0.987761
0.987784
0.987807
0.98783
0.987853
0.987876
0.987899
0.987922
0.987945
0.987967
0.98799
0.988013
0.988036
0.988059
0.988082
0.988105
0.988128
0.988151
0.988173
0.988196
0.988219
0.988242
0.988265
0.988288
0.988311
0.988345
0.988357
0.988379
0.988402
0.988425
0.98846
0.988482
0.988505
0.988517
0.98854
0.988574
0.988585
0.98862
0.988643
0.988654
0.988688
0.988711
0.988734
0.988757
0.98878
0.988803
0.988826
0.988849
0.988872
0.988894
0.988917
0.98894
0.988963
0.988986
0.989009
0.989032
0.989055
0.989078
0.9891
0.989123
0.989146
0.989169
0.989192
0.989207
0.989223
0.989238
0.989253
0.989268
0.989284
0.989306
0.989314
0.989329
0.989352
0.98936
0.989383
0.989398
0.989413
0.989429
0.989444
0.989459
0.989474
0.98949
0.989505
0.98952
0.989535
0.989551
0.989566
0.989581
0.989596
0.989612
0.989627
0.989642
0.989657
0.989673
0.989688
0.989703
0.989718
0.989734
0.989749
0.989772
0.989779
0.989802
0.989818
0.989825
0.989848
0.989863
0.989879
0.989894
0.989909
0.989924
0.989944
0.989966
0.989989
0.990012
0.990035
0.990058
0.990081
0.990104
0.990127
0.990149
0.990172
0.990195
0.99023
0.990252
0.990264
0.990298
0.99031
0.990344
0.990367
0.990389
0.990404
0.990419
0.990435
0.99045
0.990465
0.99048
0.990496
0.990511
0.990526
0.990541
0.990557
0.990572
0.990587
0.990602
0.990618
0.990633
0.990648
0.990664
0.990679
0.990694
0.990709
0.990725
0.99074
0.990763
0.990778
0.990793
0.990808
0.990824
0.990839
0.990854
0.99087
0.990885
0.9909
0.990915
0.990931
0.990946
0.990961
0.990976
0.990992
0.991007
0.991022
0.991037
0.991053
0.991068
0.991083
0.991098
0.991114
0.991129
0.991144
0.991159
0.991175
0.99119
0.991205
0.99122
0.991243
0.991251
0.991266
0.991282
0.991297
0.991312
0.991327
0.991343
0.991358
0.991373
0.991388
0.991411
0.991426
0.991442
0.991457
0.991472
0.99148
0.991495
0.991518
0.991533
0.991549
0.991564
0.991579
0.991594
0.99161
0.991625
0.99164
0.991655
