0
0
0
0
0
9.1553e-05
0.000335693
0.000946045
0.00186157
0.00335693
0.00561523
0.00878906
0.0130005
0.0184021
0.0250854
0.0330505
0.0424194
0.0532227
0.0654297
0.0863647
0.0940552
0.110413
0.13739
0.147034
0.177673
0.199554
0.222504
0.246429
0.271332
0.29715
0.323822
0.351257
0.379425
0.408264
0.437683
0.467651
0.498108
0.528992
0.576019
0.607727
0.639709
0.671875
0.704102
0.736481
0.768951
0.8013
0.833527
0.865692
0.897675
0.929413
0.960846
0.991974
1.02277
1.06818
1.09784
1.12701
1.15561
1.18365
1.21103
1.23776
1.26376
1.289
1.31348
1.33713
1.35992
1.38184
1.40283
1.42285
1.44202
1.46011
1.4772
1.49332
1.50839
1.52243
1.54147
1.54727
1.56308
1.57227
1.58035
1.58737
1.59329
1.59811
1.60184
1.60452
1.60611
1.6066
1.60608
1.60449
1.6019
1.59824
1.5936
1.58798
1.58139
1.57394
1.56552
1.55624
1.54611
1.53516
1.52338
1.51083
1.49753
1.48352
1.46884
1.45349
1.4375
1.42093
1.40381
1.37717
1.36804
1.33997
1.33041
1.311
1.28122
1.26102
1.25079
1.23019
1.19891
1.17792
1.15671
1.13547
1.11423
1.08237
1.07175
1.05051
1.02948
1.00851
0.977448
0.957001
0.936829
0.916931
0.897339
0.878113
0.859222
0.840759
0.822723
0.805145
0.788055
0.771454
0.755371
0.739807
0.724823
0.710419
0.696594
0.68338
0.670776
0.658783
0.64743
0.636719
0.626678
0.617279
0.608612
0.596832
0.593262
0.586639
0.580719
0.57547
0.568939
0.565491
0.562714
0.560638
0.559265
0.558563
0.558563
0.559265
0.560608
0.562592
0.565247
0.568542
0.572479
0.577087
0.585052
0.588013
0.59436
0.604919
0.608704
0.62085
0.629578
0.638733
0.648376
0.658447
0.668915
0.679779
0.69101
0.702576
0.714447
0.726593
0.739014
0.751709
0.764618
0.77774
0.791016
0.804443
0.818024
0.831696
0.845367
0.859222
0.873138
0.887054
0.90097
0.914886
0.92865
0.942322
0.955994
0.969513
0.982941
1.00275
1.00925
1.0285
1.03485
1.05341
1.06549
1.0773
1.08884
1.09445
1.11093
1.12152
1.13174
1.14163
1.15112
1.16028
1.16904
1.17737
1.18912
1.19641
1.20328
1.20969
1.21567
1.22116
1.22623
1.2308
1.23492
1.23859
1.24176
1.24451
1.24677
1.24857
1.24991
1.25076
1.25119
1.25116
1.2507
1.24979
1.24844
1.24667
1.24448
1.24188
1.23886
1.23547
1.23169
1.22751
1.22299
1.21555
1.21017
1.20737
1.19846
1.19214
1.18552
1.17865
1.17151
1.16415
1.15656
1.14874
1.14072
1.13254
1.12424
1.11569
1.10712
1.09833
1.08954
1.08057
1.07153
1.0625
1.05347
1.04443
1.0354
1.02637
1.01733
1.0083
0.999268
0.990356
0.981567
0.972809
0.964264
0.95578
0.947479
0.935272
0.927338
0.923431
0.911987
0.904602
0.897369
0.89035
0.883545
0.876953
0.870605
0.864502
0.858643
0.853058
0.847748
0.842682
0.837891
0.833405
0.831268
0.825256
0.821655
0.818329
0.816772
0.812561
0.81015
0.808044
0.806213
0.804688
0.803467
0.802582
0.801971
0.801636
0.801605
0.802124
0.80246
0.803833
0.805115
0.806671
0.808472
0.811646
0.812866
0.81546
0.819763
0.822937
0.826355
0.829987
0.833832
0.83786
0.842072
0.846466
0.851074
0.858276
0.860718
0.868378
0.873657
0.879028
0.881714
0.890137
0.895752
0.901611
0.907471
0.91333
0.919189
0.925262
0.931366
0.937469
0.943573
0.949677
0.95578
0.961884
0.967865
0.973724
0.979584
0.988342
0.993958
0.999573
1.00504
1.01041
1.01566
1.02078
1.02576
1.03064
1.03534
1.03995
1.04434
1.04865
1.0528
1.05676
1.06064
1.0643
1.06784
1.07126
1.07443
1.07751
1.08044
1.08316
1.08572
1.08923
1.09033
1.09332
1.09506
1.09589
1.09799
1.09918
1.10016
1.10089
1.10144
1.10181
1.10199
1.10199
1.10175
1.10132
1.10034
1.09995
1.09839
1.09717
1.09573
1.09415
1.09244
1.09048
1.08841
1.08621
1.08383
1.08139
1.0787
1.07599
1.07306
1.07013
1.06696
1.06378
1.06046
1.05704
1.05362
1.04999
1.04449
1.04266
1.03717
1.03326
1.03131
1.02545
1.02155
1.01764
1.01373
1.00983
1.00592
1.00201
0.998322
0.994659
0.990997
0.987335
0.983673
0.980042
0.976624
0.973206
0.969788
0.96637
0.963165
0.959991
0.956818
0.953705
0.950775
0.947845
0.944916
0.9422
0.939514
0.936829
0.934326
0.931885
0.929443
0.927216
0.925018
0.921936
0.920959
0.918182
0.917328
0.917328
0.911499
0.910339
0.909363
0.908478
0.907745
0.906921
0.906677
0.906372
0.906128
0.906128
0.906281
0.906403
0.906677
0.90741
0.907715
0.908447
0.909729
0.910706
0.911835
0.913055
0.914337
0.91507
0.915802
0.918945
0.920654
0.922394
0.924347
0.9263
0.928284
0.930481
0.932678
0.934875
0.937164
0.939606
0.942047
0.944489
0.948151
0.950684
0.953369
0.956055
0.95874
0.961426
0.964111
0.966797
0.970825
0.973358
0.9758
0.978241
0.980682
0.983124
0.985565
0.988007
0.990204
0.992401
0.994598
0.997894
0.999908
1.00186
1.00284
1.00479
1.00674
1.00931
1.01102
1.01187
1.01431
1.01578
1.01724
1.01871
1.02005
1.02127
1.02249
1.02371
1.02481
1.02579
1.02676
1.02774
1.02859
1.02933
1.03006
1.03116
1.03165
1.03214
1.03262
1.03311
1.03339
1.03363
1.03387
1.03412
1.03421
1.03421
1.03421
1.03421
1.03415
1.03391
1.03366
1.03329
1.03305
1.03259
1.0321
1.03162
1.03113
1.03064
1.03003
1.0293
1.02856
1.02747
1.02673
1.026
1.02521
1.02423
1.02325
1.02228
1.0213
1.02032
1.01886
1.01837
1.0174
1.01642
1.0148
1.01358
1.01236
1.01114
1.00992
1.0087
1.00748
1.00626
1.00504
1.00381
1.00259
1.00137
1.00015
0.998932
0.997711
0.99649
0.99527
0.994049
0.992828
0.991608
0.990387
0.989166
0.987946
0.986115
0.984894
0.983826
0.982849
0.981873
0.980896
0.979919
0.978943
0.977966
0.97699
0.976013
0.975037
0.97406
0.973083
0.972107
0.97113
0.970306
0.969208
0.968842
0.968109
0.967377
0.966644
0.965546
0.964813
0.964447
0.963379
0.962891
0.962402
0.961914
0.961426
0.960938
0.960449
0.959961
0.959473
0.959137
0.958893
0.958649
0.958405
0.95816
0.957916
0.957672
0.957428
0.957336
0.957336
0.957336
0.957336
0.957336
0.957336
0.957336
0.957336
0.95752
0.957764
0.958008
0.958252
0.958496
0.95874
0.959106
0.959229
0.959473
0.959717
0.960205
0.960693
0.961182
0.96167
0.962158
0.962891
0.963379
0.963623
0.964355
0.964844
0.965088
0.96582
0.966309
0.966797
0.967285
0.967896
0.968628
0.96936
0.970093
0.970825
0.971558
0.97229
0.973022
0.973755
0.974487
0.97522
0.975952
0.976685
0.977417
0.978149
0.978882
0.979614
0.980347
0.981079
0.981689
0.982178
0.982666
0.983154
0.983887
0.984131
0.984863
0.985352
0.985596
0.986084
0.986816
0.987061
0.987793
0.988037
0.98877
0.989258
0.989746
0.990234
0.990723
0.991211
0.991669
0.991913
0.992157
0.992401
0.992645
0.992889
0.993134
0.993378
0.993622
0.993866
0.99411
0.994354
0.994598
0.994843
0.995087
0.995331
0.995575
0.995819
0.995972
0.995972
0.995972
0.995972
0.995972
0.995972
0.995972
0.995972
0.995972
0.995972
0.995972
0.995972
0.995972
0.995972
0.995972
0.995972
0.995972
0.995972
0.995972
0.995972
0.995972
0.995972
0.995972
0.995636
0.995514
0.99527
0.994904
0.994659
0.994415
0.994293
0.993927
0.993683
0.993561
0.993195
0.99295
0.992706
0.992462
0.992218
0.991974
0.99173
0.991486
0.991241
0.990997
0.990753
0.990509
0.990265
0.989899
0.989655
0.98941
0.989166
0.988922
0.988556
0.988312
0.988068
0.987823
0.987579
0.987335
0.987091
0.986847
0.986603
0.986359
0.986115
0.98587
0.985626
0.985382
0.985138
0.984894
0.98465
0.984406
0.984161
0.983917
0.983673
0.983307
0.983185
0.982941
0.982574
0.98233
0.982208
0.981842
0.98172
0.981354
0.98111
0.980865
0.980774
0.980774
0.980774
0.980774
0.980774
0.980774
0.980774
0.980774
0.980774
0.980774
0.980774
0.980774
0.980774
0.980774
0.980774
0.980774
0.980774
0.980774
0.980774
0.980774
0.980774
0.980774
0.980774
0.980774
0.980774
0.980774
0.980774
0.980774
0.980774
0.980774
0.980774
0.980774
0.980774
0.980774
0.980774
0.980774
0.980774
0.980774
0.980774
0.980774
0.980774
0.980774
0.980774
0.980774
0.980774
0.980927
0.981171
0.981415
0.981659
0.981903
0.982147
0.982391
0.982635
0.98288
0.983124
0.983368
0.983612
0.983856
0.984222
0.984467
0.984589
0.984955
0.985199
0.985443
0.985687
0.985931
0.986176
0.98642
0.986664
0.986908
0.98703
0.987396
0.98764
0.987885
0.988129
0.988373
0.988617
0.988861
0.989105
0.989349
0.989594
0.989838
0.990082
0.990326
0.99057
0.990601
0.990601
0.990601
0.990601
0.990601
0.990601
0.990601
0.990601
0.990601
0.990601
0.990601
0.990601
0.990601
0.990601
0.990601
0.990601
0.990601
0.990601
0.990601
0.990601
0.990601
0.990601
0.990601
0.990601
0.990601
0.990601
0.990601
0.990601
0.990601
0.990601
0.990601
0.990601
0.990601
0.990601
0.990601
0.990601
0.990601
0.990601
0.990601
0.990601
0.990601
0.990601
0.990601
0.990601
0.990601
0.990601
0.990601
0.990601
0.990601
0.990601
0.990601
0.990601
0.990601
0.990601
0.990601
0.990601
0.990601
0.990601
0.990601
0.990601
0.990601
0.990601
0.990601
0.990601
0.990601
0.990601
0.990601
0.990601
0.990601
0.990601
0.990601
0.990601
0.990601
0.990601
0.990601
0.990601
0.990601
0.990601
0.990601
0.990601
0.990601
0.990601
0.990601
0.990601
0.990601
0.990601
0.990601
0.990601
0.990601
0.990601
0.990601
0.990601
0.990601
0.990601
0.990601
0.990601
0.990601
0.990601
0.990601
