0
0
0
0
0
0.000213623
0.000701905
0.00100708
0.00274658
0.00479126
0.00613403
0.0117188
0.0169067
0.0233459
0.0311584
0.0403442
0.0509644
0.0630188
0.0765076
0.0913696
0.107574
0.125153
0.143951
0.163971
0.18515
0.207397
0.230713
0.255005
0.280212
0.306274
0.33313
0.360718
0.389008
0.432587
0.462311
0.477356
0.523163
0.554169
0.58548
0.617035
0.648773
0.680725
0.712708
0.74469
0.776672
0.808624
0.840363
0.871948
0.90329
0.934357
0.965088
0.995453
1.02539
1.05487
1.08386
1.11227
1.14011
1.16733
1.19388
1.21973
1.24484
1.2692
1.29276
1.31552
1.3374
1.35846
1.3786
1.39786
1.41617
1.44186
1.45786
1.47287
1.48679
1.49973
1.51169
1.52264
1.53253
1.54141
1.54922
1.55603
1.56177
1.56647
1.57013
1.57159
1.57434
1.57495
1.57446
1.573
1.57056
1.56714
1.56277
1.55753
1.54791
1.54425
1.53632
1.5228
1.51279
1.50198
1.49042
1.47815
1.46518
1.45154
1.43726
1.42239
1.40695
1.39096
1.37448
1.35751
1.34015
1.32239
1.30423
1.28577
1.26703
1.24802
1.22876
1.20935
1.18982
1.17007
1.1503
1.13052
1.11075
1.09097
1.0712
1.05142
1.03186
1.01233
0.993042
0.983429
0.954987
0.93631
0.917908
0.89978
0.882019
0.864563
0.83902
0.82251
0.814392
0.79071
0.783051
0.768097
0.753632
0.73288
0.726227
0.707062
0.700989
0.683594
0.672729
0.662506
0.652863
0.64386
0.635529
0.627838
0.620789
0.61441
0.608673
0.603577
0.599213
0.59552
0.592468
0.590057
0.588318
0.587219
0.586761
0.586975
0.58783
0.589325
0.591431
0.594147
0.597443
0.601318
0.605774
0.610809
0.616364
0.622467
0.632538
0.639862
0.643707
0.655914
0.664581
0.673706
0.683197
0.693054
0.703247
0.713806
0.72464
0.735748
0.741394
0.758728
0.770538
0.782532
0.794739
0.807098
0.81955
0.832153
0.844849
0.857544
0.870239
0.883087
0.896027
0.908875
0.92157
0.940613
0.94696
0.965759
0.971985
0.984314
0.996521
1.01447
1.02032
1.03769
1.04895
1.05997
1.06537
1.08121
1.0914
1.10129
1.10611
1.12009
1.129
1.13757
1.14172
1.15363
1.1611
1.16821
1.17493
1.18121
1.1871
1.1926
1.19763
1.20227
1.20648
1.21027
1.21359
1.21652
1.21902
1.2211
1.22272
1.22391
1.2247
1.22507
1.22501
1.22418
1.22369
1.22165
1.22079
1.21875
1.215
1.21201
1.20868
1.20502
1.20102
1.19891
1.19208
1.18713
1.18188
1.17639
1.17062
1.16461
1.15836
1.15186
1.14517
1.13831
1.13123
1.12396
1.11661
1.10904
1.10141
1.0936
1.08578
1.07779
1.06973
1.06168
1.05362
1.04556
1.03751
1.02945
1.02139
1.01334
1.00528
0.997223
0.985291
0.981384
0.973572
0.962128
0.958344
0.950897
0.943573
0.932892
0.925934
0.922516
0.915802
0.90921
0.899719
0.893616
0.887695
0.881958
0.876434
0.871124
0.866058
0.861206
0.856598
0.852264
0.848175
0.84436
0.84079
0.837494
0.834473
0.831726
0.829254
0.827087
0.825195
0.823547
0.822174
0.821075
0.820251
0.819702
0.819427
0.819427
0.819702
0.820221
0.821014
0.822052
0.824066
0.825714
0.82663
0.829712
0.832062
0.834625
0.837372
0.840332
0.843506
0.846893
0.850433
0.854126
0.858032
0.862061
0.866211
0.870575
0.874969
0.879578
0.884216
0.889038
0.893921
0.898804
0.9039
0.909027
0.914154
0.919281
0.92453
0.929901
0.935272
0.940643
0.946014
0.951385
0.956757
0.962128
0.967377
0.975067
0.977631
0.985321
0.987793
0.995117
0.999969
1.00461
1.00693
1.0137
1.0181
1.02231
1.02646
1.03043
1.03433
1.03802
1.0434
1.04681
1.05008
1.05325
1.05621
1.05911
1.0618
1.06439
1.06683
1.06912
1.07132
1.07327
1.07513
1.07684
1.07834
1.07971
1.08093
1.08194
1.08279
1.0835
1.08398
1.08432
1.0845
1.0845
1.08429
1.08395
1.08347
1.08276
1.08194
1.08096
1.0798
1.07855
1.07709
1.07468
1.07382
1.07101
1.07004
1.06793
1.06464
1.06219
1.05975
1.05716
1.05447
1.05179
1.04892
1.04599
1.04306
1.04013
1.03711
1.03394
1.03076
1.02759
1.02441
1.02124
1.01807
1.01489
1.01172
1.00854
1.00537
1.0022
0.999023
0.99585
0.992889
0.988495
0.985565
0.982635
0.979706
0.976776
0.97403
0.971344
0.968658
0.965973
0.963287
0.960754
0.958313
0.955872
0.95343
0.95105
0.948853
0.946655
0.944458
0.942352
0.940399
0.938446
0.936493
0.934753
0.933044
0.931335
0.92981
0.928345
0.92688
0.925629
0.924408
0.923248
0.921783
0.920898
0.920166
0.9198
0.91922
0.918488
0.918243
0.917999
0.917938
0.917938
0.91806
0.918304
0.91861
0.919098
0.919586
0.920319
0.920685
0.921906
0.922882
0.923859
0.925049
0.92627
0.92749
0.928955
0.93042
0.931885
0.933533
0.934387
0.937805
0.939575
0.941528
0.943481
0.945435
0.947388
0.949341
0.951294
0.953247
0.9552
0.957397
0.960693
0.961792
0.963776
0.965729
0.967682
0.969635
0.972565
0.973541
0.975494
0.977448
0.980377
0.98233
0.984131
0.98584
0.986694
0.989258
0.990967
0.992676
0.994232
0.995697
0.997162
0.998627
1.00009
1.00146
1.00269
1.00391
1.00513
1.00635
1.00748
1.00845
1.00943
1.01041
1.01138
1.01227
1.013
1.01373
1.0141
1.0152
1.01587
1.0166
1.01685
1.01733
1.01782
1.01831
1.01855
1.0188
1.01917
1.01941
1.01953
1.01971
1.01971
1.01971
1.01971
1.01971
1.01971
1.01956
1.01932
1.01907
1.01883
1.01859
1.01834
1.0181
1.0177
1.01721
1.01672
1.01624
1.01575
1.01526
1.01477
1.01428
1.01379
1.01315
1.01242
1.01169
1.01096
1.01022
1.00949
1.00876
1.00803
1.00729
1.00656
1.00546
1.0051
1.00436
1.00327
1.0029
1.0018
1.00107
1.00015
0.999176
0.998688
0.997223
0.996246
0.99527
0.994293
0.993317
0.99234
0.991364
0.990387
0.98941
0.988434
0.987457
0.986481
0.985687
0.984955
0.984222
0.98349
0.982758
0.982025
0.981293
0.98056
0.979462
0.979095
0.978363
0.977631
0.976532
0.9758
0.975067
0.974701
0.973969
0.97287
0.972137
0.971405
0.970917
0.970428
0.96994
0.969452
0.968964
0.968475
0.967987
0.967499
0.96701
0.966522
0.966034
0.965546
0.96521
0.964966
0.964722
0.964478
0.964233
0.963989
0.963745
0.963501
0.963257
0.963013
0.962769
0.962646
0.962646
0.962646
0.962646
0.962646
0.962646
0.962646
0.962646
0.962646
0.962646
0.962646
0.962646
0.96283
0.963074
0.963318
0.963684
0.963806
0.96405
0.964417
0.964661
0.964905
0.965027
0.965393
0.965637
0.965881
0.966125
0.96637
0.966766
0.967255
0.967743
0.968231
0.968231
0.969208
0.969696
0.970184
0.970673
0.971161
0.971893
0.972382
0.972626
0.973358
0.973846
0.974335
0.974823
0.975311
0.9758
0.976288
0.976776
0.977264
0.977997
0.978485
0.978973
0.979462
0.97995
0.980438
0.980927
0.981415
0.981903
0.982391
0.98288
0.983368
0.983856
0.984589
0.984833
0.985321
0.985626
0.985992
0.986115
0.986481
0.986725
0.986969
0.987213
0.987457
0.987701
0.987946
0.98819
0.988434
0.988678
0.988922
0.989166
0.98941
0.989777
0.989899
0.990265
0.990509
0.990753
0.990997
0.991119
0.991425
0.991425
0.991425
0.991425
0.991425
0.991425
0.991425
0.991425
0.991425
0.991425
0.991425
0.991425
0.991425
0.991425
0.991425
0.991425
0.991425
0.991425
0.991425
0.991425
0.991425
0.991425
0.991425
0.991425
0.991425
0.991425
0.991425
0.991425
0.991425
0.991425
0.991425
0.991425
0.991425
0.991394
0.99115
0.990906
0.990662
0.990417
0.990173
0.989929
0.989685
0.989441
0.989197
0.988953
0.988586
0.988342
0.988098
0.987854
0.98761
0.987366
0.987122
0.986877
0.986633
0.986389
0.986145
0.985901
0.985657
0.985413
0.985046
0.984924
0.98468
0.984436
0.984192
0.983948
0.983704
0.983337
0.983215
0.982971
0.982727
0.982483
0.982117
0.981873
0.98175
0.981567
0.981567
0.981567
0.981567
0.981567
0.981567
0.981567
0.981567
0.981567
0.981567
0.981567
0.981567
0.981567
0.981567
0.981567
0.981567
0.981567
0.981567
0.981567
0.981567
0.981567
0.981567
0.981567
0.981567
0.981567
0.981567
0.981567
0.981567
0.981567
0.981567
0.981567
0.981567
0.981567
0.981567
0.981567
0.981567
0.981567
0.981567
0.981567
0.981567
0.981567
0.981567
0.981567
0.981567
0.981567
0.981567
0.981567
0.981567
0.981567
0.981567
0.981567
0.981567
0.981567
0.981567
0.981567
0.981567
0.981567
0.981567
0.981567
0.981567
0.981567
0.981567
0.981567
0.981567
0.981567
0.981567
0.981567
0.981812
0.982056
0.9823
0.982544
0.98291
0.983032
0.983276
0.983521
0.983887
0.984131
0.984375
0.984619
0.984863
0.985107
0.985352
0.985596
0.985718
0.986084
0.986328
0.986572
0.986816
0.987061
0.987305
0.987549
0.987793
0.988037
0.988281
0.988525
0.98877
0.988922
0.988922
0.988922
0.988922
0.988922
0.988922
0.988922
0.988922
0.988922
0.988922
0.988922
0.988922
0.988922
0.988922
0.988922
0.988922
0.988922
0.988922
0.988922
0.988922
0.988922
0.988922
0.988922
0.988922
0.988922
0.988922
0.988922
0.988922
0.988922
0.988922
0.988922
0.988922
0.988922
0.988922
0.988922
0.988922
0.988922
0.988922
0.988922
0.988922
0.988922
0.988922
0.988922
0.988922
0.988922
0.988922
0.988922
0.988922
0.988922
0.988922
0.988922
0.988922
0.988922
0.988922
0.988922
0.988922
0.988922
0.988922
0.988922
0.988922
0.988922
0.988922
0.988922
0.988922
0.988922
0.988922
0.988922
0.988922
0.988922
0.988922
0.988922
0.988922
0.988922
0.988922
0.988922
0.988922
0.988922
0.988922
0.988922
0.988922
0.988922
0.988922
0.988922
0.988922
0.988922
0.988922
0.988922
0.988922
0.988922
0.988922
0.988922
0.988922
