0
0
0
0
0
6.10353e-05
0.000183106
0.000640869
0.00131226
0.00250244
0.00436401
0.00704956
0.0107117
0.0155334
0.0215454
0.03302
0.0423889
0.0531921
0.0653992
0.07901
0.0939941
0.110352
0.128021
0.15686
0.167053
0.199371
0.22226
0.246185
0.270996
0.296722
0.323273
0.350616
0.378662
0.407349
0.436646
0.466492
0.496826
0.527618
0.558746
0.590179
0.621887
0.653839
0.685883
0.718109
0.750336
0.782562
0.814758
0.846741
0.862732
0.925995
0.957214
0.988098
1.00339
1.04868
1.06354
1.10736
1.13589
1.14993
1.19113
1.21774
1.24362
1.26877
1.29312
1.31665
1.33932
1.36115
1.38202
1.40204
1.42108
1.43915
1.45624
1.47232
1.48734
1.50137
1.51431
1.52625
1.53711
1.54691
1.55566
1.56677
1.56995
1.57553
1.58005
1.5835
1.58594
1.58765
1.58752
1.5871
1.58548
1.58109
1.57703
1.57202
1.56604
1.55917
1.55539
1.54276
1.53812
1.52298
1.5119
1.50003
1.48743
1.47412
1.46017
1.44556
1.4303
1.41446
1.39807
1.38116
1.36377
1.34595
1.32773
1.30908
1.29013
1.27087
1.25134
1.23157
1.21158
1.1813
1.17117
1.14062
1.12012
1.09961
1.0791
1.06894
1.03854
1.0184
1.00839
0.978638
0.959076
0.939789
0.920807
0.90213
0.883789
0.865814
0.848206
0.831024
0.814301
0.798004
0.782196
0.766876
0.752075
0.737823
0.724091
0.710907
0.698303
0.68631
0.674866
0.664093
0.65387
0.644318
0.635406
0.627136
0.619537
0.612579
0.606262
0.600616
0.595642
0.59137
0.587738
0.583527
0.582458
0.580322
0.579712
0.579742
0.580444
0.581024
0.58371
0.586273
0.589447
0.593231
0.597595
0.602509
0.608002
0.614044
0.620636
0.627716
0.635284
0.643341
0.651855
0.660797
0.670166
0.679901
0.690033
0.700531
0.711365
0.722504
0.739746
0.751587
0.757568
0.77594
0.788391
0.801086
0.813843
0.820312
0.839722
0.852844
0.866028
0.879211
0.892395
0.905579
0.918762
0.931763
0.944702
0.957611
0.970306
0.98291
0.995361
1.0076
1.01962
1.03143
1.04303
1.05435
1.06543
1.07623
1.08673
1.09692
1.10681
1.11639
1.12564
1.13455
1.14316
1.15137
1.15924
1.16672
1.17383
1.18375
1.18686
1.19562
1.2009
1.2034
1.21027
1.21234
1.2179
1.22107
1.22382
1.22614
1.228
1.22943
1.23044
1.23105
1.2312
1.23096
1.23032
1.22925
1.22775
1.22589
1.2236
1.22101
1.21799
1.21463
1.21091
1.20685
1.20245
1.19528
1.19009
1.18741
1.17889
1.17288
1.16663
1.16013
1.15341
1.14648
1.13937
1.13205
1.12457
1.11697
1.10916
1.10132
1.09326
1.08521
1.077
1.0687
1.06039
1.05209
1.04379
1.03549
1.02719
1.01889
1.01059
1.00229
0.993988
0.985779
0.977722
0.969666
0.961823
0.95401
0.946411
0.938873
0.927887
0.920807
0.913849
0.907013
0.903717
0.894012
0.887787
0.881744
0.875916
0.873108
0.864929
0.859802
0.854919
0.850311
0.848114
0.841858
0.838043
0.834503
0.831238
0.828247
0.825531
0.82312
0.821014
0.819183
0.817627
0.816345
0.815369
0.814697
0.814301
0.814178
0.814331
0.815033
0.815399
0.816345
0.817566
0.819885
0.82074
0.823792
0.82489
0.828674
0.830017
0.834442
0.837616
0.841034
0.844635
0.848419
0.852356
0.856506
0.860809
0.865204
0.869812
0.874451
0.879333
0.884216
0.889313
0.89444
0.899597
0.904968
0.910339
0.91571
0.921082
0.926575
0.93219
0.937805
0.94342
0.949036
0.954651
0.960266
0.96579
0.971161
0.976532
0.981903
0.987274
0.992432
0.997559
1.00266
1.00998
1.01477
1.01941
1.02396
1.02835
1.03262
1.03677
1.04077
1.04468
1.0484
1.05206
1.05548
1.05884
1.06201
1.06503
1.06796
1.07068
1.0733
1.07574
1.078
1.08017
1.08212
1.08389
1.08554
1.08701
1.08826
1.08932
1.09024
1.09097
1.09149
1.09171
1.09192
1.09167
1.09119
1.09055
1.08978
1.08881
1.08768
1.08707
1.08496
1.08337
1.08167
1.07974
1.07776
1.07556
1.0733
1.07086
1.06705
1.06436
1.06158
1.05865
1.05573
1.05264
1.04947
1.0463
1.04141
1.03799
1.03458
1.03116
1.02774
1.02432
1.0209
1.01749
1.01407
1.01065
1.00723
1.00381
1.0004
0.996979
0.993561
0.990356
0.987183
0.984009
0.979248
0.977661
0.973022
0.970093
0.967163
0.964233
0.961304
0.958588
0.955902
0.953217
0.950531
0.948059
0.945618
0.943176
0.939728
0.938629
0.936432
0.934265
0.931335
0.929382
0.927612
0.925903
0.925049
0.922791
0.921326
0.920074
0.918854
0.917816
0.91684
0.916046
0.915314
0.914764
0.914276
0.913971
0.913727
0.913666
0.913666
0.913849
0.914093
0.91449
0.914978
0.915588
0.916321
0.917114
0.918091
0.919067
0.920258
0.921478
0.923492
0.924957
0.92569
0.928101
0.92981
0.931519
0.933411
0.935364
0.937317
0.93927
0.941406
0.943604
0.945801
0.947998
0.950195
0.952393
0.95459
0.956787
0.958984
0.961182
0.964478
0.965576
0.968872
0.969971
0.972168
0.975464
0.976562
0.979858
0.981995
0.983948
0.985901
0.987854
0.989807
0.99176
0.993591
0.9953
0.997009
0.998718
1.00043
1.00201
1.00348
1.00494
1.00641
1.00787
1.00912
1.01035
1.01157
1.01279
1.01395
1.01492
1.0159
1.01688
1.01785
1.01871
1.01944
1.02054
1.0209
1.02164
1.02243
1.02267
1.02341
1.02365
1.02432
1.02457
1.02481
1.02505
1.0253
1.02551
1.02551
1.02551
1.02551
1.02551
1.02551
1.02536
1.02512
1.02487
1.02463
1.02438
1.02414
1.02377
1.02328
1.0228
1.02231
1.02182
1.02133
1.02084
1.02036
1.01962
1.01852
1.01779
1.01706
1.01633
1.01559
1.01486
1.01413
1.0134
1.01266
1.01178
1.0108
1.00983
1.00885
1.00787
1.00641
1.00543
1.00446
1.00348
1.0025
1.00153
1.00055
0.999573
0.998596
0.99762
0.996643
0.995667
0.99469
0.993713
0.992737
0.99176
0.990784
0.989807
0.988831
0.987854
0.986877
0.985901
0.984924
0.983948
0.982971
0.981995
0.981018
0.980103
0.97937
0.978638
0.977539
0.976807
0.976074
0.975342
0.974609
0.973877
0.973145
0.972412
0.97168
0.970947
0.970215
0.969543
0.969055
0.968567
0.968079
0.96759
0.967102
0.966858
0.966858
0.965637
0.965149
0.964661
0.964294
0.964172
0.963928
0.963562
0.963318
0.963074
0.96283
0.962585
0.962341
0.962097
0.961945
0.961945
0.961945
0.961945
0.961945
0.961945
0.961945
0.961945
0.961945
0.961945
0.961945
0.96225
0.962372
0.962738
0.962982
0.963104
0.96347
0.963715
0.963959
0.964203
0.964447
0.964691
0.964935
0.965179
0.965576
0.966064
0.966553
0.967041
0.967529
0.968018
0.968506
0.968994
0.969482
0.969971
0.970459
0.970947
0.971436
0.971924
0.972412
0.9729
0.973389
0.973877
0.974365
0.974854
0.975342
0.97583
0.976562
0.977051
0.977295
0.978027
0.978516
0.979004
0.979492
0.97998
0.980469
0.980957
0.981445
0.981934
0.982422
0.98291
0.983398
0.983887
0.984375
0.984863
0.985352
0.98584
0.986328
0.986816
0.987305
0.987732
0.987976
0.98822
0.988586
0.988708
0.988953
0.989197
0.989563
0.989807
0.989929
0.990173
0.99054
0.990784
0.991028
0.991272
0.991516
0.99176
0.992004
0.992249
0.992493
0.992737
0.992981
0.993225
0.993286
0.993286
0.993286
0.993286
0.993286
0.993286
0.993286
0.993286
0.993286
0.993286
0.993286
0.993286
0.993286
0.993286
0.993286
0.993286
0.993286
0.993286
0.993286
0.993286
0.993286
0.993286
0.993286
0.993286
0.993286
0.993286
0.993286
0.993286
0.993286
0.993286
0.993103
0.992859
0.992615
0.992371
0.992126
0.991882
0.991638
0.991394
0.99115
0.990906
0.990662
0.990417
0.990173
0.989929
0.989685
0.989441
0.989197
0.988953
0.988708
0.988342
0.98822
0.987976
0.987732
0.987488
0.987122
0.987
0.986755
0.986511
0.986267
0.985901
0.985779
0.985413
0.985168
0.984924
0.98468
0.984436
0.984314
0.983948
0.983704
0.983459
0.983215
0.982971
0.982727
0.982483
0.982361
0.981995
0.981964
0.981964
0.981964
0.981964
0.981964
0.981964
0.981964
0.981964
0.981964
0.981964
0.981964
0.981964
0.981964
0.981964
0.981964
0.981964
0.981964
0.981964
0.981964
0.981964
0.981964
0.981964
0.981964
0.981964
0.981964
0.981964
0.981964
0.981964
0.981964
0.981964
0.981964
0.981964
0.981964
0.981964
0.981964
0.981964
0.981964
0.981964
0.981964
0.981964
0.981964
0.981964
0.981964
0.981964
0.981964
0.981964
0.981964
0.981964
0.981964
0.981964
0.981964
0.981964
0.981964
0.981964
0.981964
0.981964
0.981964
0.981964
0.981964
0.982056
0.982178
0.982544
0.982788
0.983032
0.983276
0.983521
0.983643
0.984375
0.984619
0.984863
0.985107
0.985352
0.985596
0.98584
0.986084
0.986328
0.986572
0.986816
0.987061
0.987305
0.987671
0.987915
0.988159
0.988403
0.988647
0.988892
0.989136
0.989258
0.989502
0.98999
0.990021
0.990021
0.990021
0.990021
0.990021
0.990021
0.990021
0.990021
0.990021
0.990021
0.990021
0.990021
0.990021
0.990021
0.990021
0.990021
0.990021
0.990021
0.990021
0.990021
0.990021
0.990021
0.990021
0.990021
0.990021
0.990021
0.990021
0.990021
0.990021
0.990021
0.990021
0.990021
0.990021
0.990021
0.990021
0.990021
0.990021
0.990021
0.990021
0.990021
0.990021
0.990021
0.990021
0.990021
0.990021
0.990021
0.990021
0.990021
0.990021
0.990021
0.990021
0.990021
0.990021
0.990021
0.990021
0.990021
0.990021
0.990021
0.990021
0.990021
0.990021
0.990021
0.990021
0.990021
0.990021
0.990021
0.990021
0.990021
0.990021
0.990021
0.990021
0.990021
0.990021
0.990021
0.990021
0.990021
0.990021
0.990021
0.990021
0.990021
0.990021
0.990021
0.990021
0.990021
0.990021
0.990021
0.990021
0.990021
0.990021
0.990021
0.990021
0.990021
0.990021
