0
0
0
0
0
0.000183106
0.000427246
0.000915527
0.00183105
0.00332642
0.00558472
0.00875854
0.01297
0.0183716
0.0250549
0.03302
0.0423889
0.0531921
0.0653992
0.07901
0.0939941
0.110352
0.128021
0.146942
0.167084
0.188385
0.210785
0.234222
0.258636
0.283997
0.310211
0.33725
0.365051
0.393585
0.422729
0.452454
0.482727
0.513458
0.544617
0.576141
0.623962
0.640045
0.688538
0.704773
0.753479
0.78595
0.802185
0.850861
0.883087
0.915131
0.94693
0.978424
1.00955
1.04028
1.07056
1.10034
1.12958
1.1582
1.18625
1.21362
1.24026
1.26617
1.29132
1.31564
1.33914
1.36176
1.38348
1.4043
1.42419
1.44312
1.46106
1.47797
1.5014
1.5087
1.52249
1.53522
1.55234
1.56238
1.57135
1.57922
1.58603
1.59174
1.59418
1.59991
1.60236
1.60373
1.60382
1.6026
1.60031
1.59702
1.59274
1.58749
1.58127
1.57413
1.56607
1.55713
1.54208
1.53104
1.51917
1.50656
1.49319
1.47916
1.46439
1.44897
1.43298
1.41638
1.39926
1.37262
1.35425
1.33548
1.31631
1.29678
1.27692
1.25677
1.23636
1.20535
1.19498
1.16348
1.14249
1.12149
1.10049
1.0795
1.0585
1.03754
1.01678
0.996155
0.975708
0.955475
0.935516
0.906067
0.886841
0.86795
0.849426
0.831299
0.813599
0.796326
0.779541
0.763245
0.747437
0.724792
0.717529
0.7034
0.68988
0.676971
0.658844
0.653137
0.642181
0.626984
0.617706
0.609131
0.601227
0.594025
0.587555
0.581787
0.576721
0.570465
0.5672
0.564636
0.562805
0.561646
0.561188
0.561401
0.562317
0.564941
0.567505
0.570709
0.574554
0.578979
0.584045
0.589691
0.595886
0.602661
0.609955
0.617767
0.626068
0.634857
0.644135
0.658844
0.669189
0.679901
0.69101
0.702484
0.714294
0.726379
0.745026
0.757782
0.770721
0.783905
0.797272
0.810699
0.824371
0.838043
0.851746
0.865662
0.879578
0.893494
0.914368
0.928101
0.941772
0.955444
0.968933
0.982361
0.995544
1.00861
1.02783
1.04037
1.05267
1.0647
1.07645
1.08789
1.09903
1.10986
1.12036
1.13049
1.14029
1.14969
1.15869
1.16733
1.1795
1.18338
1.19434
1.20111
1.20746
1.21338
1.21884
1.22385
1.22839
1.23248
1.23615
1.23932
1.24203
1.24429
1.24609
1.24744
1.24829
1.24872
1.24869
1.2482
1.24667
1.24509
1.2431
1.24069
1.23788
1.23468
1.23111
1.22711
1.22281
1.21811
1.2131
1.20776
1.20209
1.19611
1.18985
1.18332
1.17651
1.16946
1.16217
1.15466
1.14694
1.13907
1.12689
1.11859
1.11011
1.10156
1.09283
1.08405
1.07526
1.06628
1.05725
1.0437
1.03918
1.03015
1.0166
1.00757
0.998749
0.98996
0.981171
0.972626
0.964081
0.95578
0.943512
0.939484
0.927673
0.920013
0.912506
0.905182
0.898071
0.891144
0.88443
0.877899
0.871613
0.86557
0.859772
0.851532
0.848938
0.841461
0.836853
0.83255
0.828522
0.824768
0.82132
0.819733
0.815369
0.812836
0.810577
0.808685
0.807068
0.805756
0.804718
0.804016
0.803619
0.803497
0.80368
0.804138
0.805389
0.806549
0.807251
0.808838
0.811676
0.813904
0.816376
0.819092
0.822052
0.825226
0.828644
0.834167
0.838074
0.842224
0.84436
0.851044
0.855682
0.860535
0.865448
0.868011
0.875763
0.881134
0.886505
0.89209
0.897705
0.90332
0.909119
0.914978
0.920837
0.926697
0.932556
0.938416
0.944275
0.950134
0.955994
0.961853
0.967712
0.973572
0.982208
0.987823
0.993439
0.998932
1.0043
1.00964
1.01477
1.02231
1.02719
1.03189
1.03653
1.04092
1.04526
1.04941
1.05341
1.05536
1.06097
1.06454
1.06796
1.0712
1.07431
1.07724
1.07999
1.08261
1.08618
1.08728
1.08936
1.09128
1.09378
1.09525
1.09586
1.09702
1.09799
1.09872
1.09952
1.09952
1.09982
1.0997
1.0994
1.09891
1.09821
1.09735
1.09634
1.09512
1.09372
1.09219
1.09048
1.08859
1.08661
1.08441
1.08209
1.07965
1.07706
1.07437
1.07153
1.0686
1.06558
1.06241
1.05756
1.05585
1.05072
1.0473
1.04364
1.03998
1.03815
1.03448
1.02899
1.02533
1.02167
1.01801
1.01801
1.00702
1.00336
0.999695
0.996033
0.992371
0.988953
0.985535
0.982117
0.97699
0.973663
0.97049
0.967316
0.964142
0.960999
0.958069
0.955139
0.952209
0.949341
0.946655
0.94397
0.941284
0.938843
0.937622
0.932831
0.930634
0.928436
0.926392
0.924438
0.922546
0.920837
0.919128
0.917664
0.916199
0.914948
0.913727
0.91272
0.911743
0.911011
0.910278
0.90979
0.909332
0.909088
0.908905
0.908905
0.908997
0.909241
0.909576
0.910065
0.910645
0.911377
0.91217
0.913147
0.914124
0.915955
0.916565
0.918671
0.920135
0.921753
0.923462
0.925171
0.927063
0.929016
0.930969
0.933014
0.935211
0.937408
0.939606
0.941833
0.944275
0.947937
0.950378
0.95282
0.955261
0.957703
0.960144
0.962585
0.965027
0.967468
0.96991
0.973572
0.976013
0.978455
0.980682
0.98288
0.985077
0.987274
0.989471
0.991669
0.993622
0.995575
0.997528
0.999481
1.00137
1.00308
1.00479
1.0065
1.00821
1.0097
1.01117
1.01263
1.0141
1.01541
1.01724
1.01846
1.01968
1.02066
1.02164
1.02261
1.02359
1.02441
1.02515
1.02588
1.02661
1.0275
1.02798
1.02847
1.02896
1.02933
1.02957
1.02969
1.03006
1.0303
1.03033
1.03033
1.03033
1.03033
1.03033
1.03009
1.02972
1.02948
1.02924
1.02896
1.02847
1.02798
1.0275
1.02701
1.02652
1.02603
1.02533
1.02533
1.02386
1.02313
1.02277
1.02094
1.0202
1.01926
1.01828
1.0173
1.01633
1.01535
1.01437
1.0134
1.01242
1.01144
1.01047
1.00949
1.00851
1.00705
1.00656
1.0051
1.00461
1.00314
1.00217
1.00119
1.0007
0.999237
0.99826
0.997284
0.996307
0.995331
0.994354
0.993378
0.992401
0.991913
0.990448
0.989471
0.988495
0.987518
0.986542
0.985565
0.984589
0.983612
0.982635
0.981659
0.980682
0.979706
0.978729
0.977753
0.976776
0.9758
0.975006
0.974274
0.973541
0.972809
0.972076
0.971344
0.970612
0.969879
0.969147
0.968414
0.967316
0.966949
0.966461
0.965973
0.965485
0.964752
0.964264
0.963776
0.963287
0.962799
0.962311
0.962006
0.961761
0.961517
0.961273
0.961029
0.960785
0.960541
0.960297
0.960052
0.959961
0.959961
0.959961
0.959961
0.959961
0.959961
0.959961
0.959961
0.959961
0.960114
0.960358
0.960602
0.960846
0.96109
0.961334
0.961578
0.9617
0.962067
0.962311
0.962677
0.96283
0.963318
0.963806
0.964294
0.965027
0.965271
0.965759
0.966248
0.96698
0.967468
0.967712
0.968445
0.968689
0.969421
0.96991
0.970154
0.970642
0.971375
0.971863
0.972351
0.972839
0.973328
0.973816
0.974304
0.974792
0.975281
0.975769
0.976257
0.976746
0.977234
0.977722
0.97821
0.978699
0.979187
0.979675
0.980164
0.980652
0.98114
0.981628
0.982117
0.982605
0.983337
0.983582
0.98407
0.984558
0.985046
0.985535
0.986023
0.986511
0.987
0.987488
0.98822
0.988708
0.989197
0.989471
0.989716
0.98996
0.990204
0.990448
0.990692
0.990936
0.99118
0.991425
0.991791
0.991913
0.992279
0.992523
0.992767
0.993011
0.993256
0.9935
0.993744
0.99411
0.994324
0.994324
0.994324
0.994324
0.994324
0.994324
0.994324
0.994324
0.994324
0.994324
0.994324
0.994324
0.994324
0.994324
0.994324
0.994324
0.994324
0.994324
0.994324
0.994324
0.994324
0.994324
0.994324
0.994324
0.994324
0.994324
0.994324
0.994293
0.994049
0.993805
0.993561
0.993317
0.993073
0.992828
0.992584
0.99234
0.992096
0.991852
0.991486
0.991241
0.990997
0.990753
0.990509
0.990265
0.990021
0.989777
0.989532
0.989288
0.988922
0.9888
0.988434
0.98819
0.988068
0.987701
0.987457
0.987213
0.986969
0.986725
0.986481
0.986237
0.985992
0.985748
0.985504
0.98526
0.985016
0.984772
0.984528
0.984283
0.984039
0.983795
0.983551
0.983307
0.983063
0.982819
0.982452
0.98233
0.981964
0.98172
0.98172
0.98172
0.98172
0.98172
0.98172
0.98172
0.98172
0.98172
0.98172
0.98172
0.98172
0.98172
0.98172
0.98172
0.98172
0.98172
0.98172
0.98172
0.98172
0.98172
0.98172
0.98172
0.98172
0.98172
0.98172
0.98172
0.98172
0.98172
0.98172
0.98172
0.98172
0.98172
0.98172
0.98172
0.98172
0.98172
0.98172
0.98172
0.98172
0.98172
0.98172
0.98172
0.98172
0.98172
0.98172
0.98172
0.98172
0.98172
0.98172
0.98172
0.98172
0.98172
0.98175
0.981995
0.982239
0.982483
0.982727
0.982971
0.983215
0.983459
0.983704
0.983948
0.984192
0.984436
0.98468
0.984924
0.985168
0.985168
0.985657
0.985901
0.986267
0.986511
0.986633
0.987
0.987244
0.987488
0.987732
0.987976
0.988098
0.988464
0.988586
0.988953
0.989197
0.989441
0.989685
0.989929
0.990143
0.990143
0.990143
0.990143
0.990143
0.990143
0.990143
0.990143
0.990143
0.990143
0.990143
0.990143
0.990143
0.990143
0.990143
0.990143
0.990143
0.990143
0.990143
0.990143
0.990143
0.990143
0.990143
0.990143
0.990143
0.990143
0.990143
0.990143
0.990143
0.990143
0.990143
0.990143
0.990143
0.990143
0.990143
0.990143
0.990143
0.990143
0.990143
0.990143
0.990143
0.990143
0.990143
0.990143
0.990143
0.990143
0.990143
0.990143
0.990143
0.990143
0.990143
0.990143
0.990143
0.990143
0.990143
0.990143
0.990143
0.990143
0.990143
0.990143
0.990143
0.990143
0.990143
0.990143
0.990143
0.990143
0.990143
0.990143
0.990143
0.990143
0.990143
0.990143
0.990143
0.990143
0.990143
0.990143
0.990143
0.990143
0.990143
0.990143
0.990143
0.990143
0.990143
0.990143
0.990143
0.990143
0.990143
0.990143
0.990143
0.990143
0.990143
0.990143
0.990143
0.990143
0.990143
0.990143
0.990143
0.990143
0.990143
0.990143
