0
0
0
0
0
0.000183106
0.000427246
0.000915527
0.00183105
0.00332642
0.00704956
0.0107117
0.0155334
0.0215454
0.0288696
0.0375366
0.0476074
0.0591125
0.0720215
0.0863342
0.110352
0.119019
0.137329
0.167084
0.177582
0.210724
0.222321
0.258575
0.271088
0.309998
0.336945
0.364624
0.392975
0.421936
0.451477
0.481506
0.511932
0.542786
0.573944
0.605408
0.637115
0.669006
0.700989
0.732971
0.780945
0.812927
0.828918
0.876678
0.908264
0.939606
0.970673
1.00137
1.03171
1.06161
1.091
1.11987
1.14816
1.17584
1.20285
1.22919
1.25476
1.2796
1.30365
1.32687
1.34921
1.3707
1.3913
1.41095
1.42963
1.44733
1.46405
1.4798
1.49451
1.50818
1.52081
1.53241
1.54291
1.55237
1.56076
1.56808
1.57434
1.57953
1.58368
1.58789
1.58875
1.58984
1.58966
1.58765
1.58649
1.58344
1.57703
1.57153
1.56509
1.55777
1.54956
1.54047
1.53055
1.51984
1.50833
1.49609
1.48312
1.46948
1.4552
1.44028
1.42474
1.40863
1.39203
1.37491
1.35733
1.33936
1.32095
1.30222
1.28311
1.26373
1.24408
1.22421
1.20416
1.1839
1.16357
1.14307
1.1123
1.0918
1.08154
1.05078
1.04059
1.01019
0.990143
0.970276
0.950623
0.931213
0.912079
0.89328
0.874847
0.85675
0.83905
0.821808
0.804993
0.788635
0.772766
0.757385
0.742554
0.728302
0.7146
0.701447
0.688934
0.677002
0.665741
0.655121
0.645142
0.631409
0.627167
0.615387
0.608398
0.602081
0.596436
0.591522
0.58725
0.58371
0.580811
0.578644
0.577148
0.576294
0.576172
0.576691
0.577881
0.579712
0.582184
0.585236
0.588928
0.593201
0.598053
0.603485
0.609467
0.615997
0.623016
0.630585
0.638611
0.647095
0.656036
0.665405
0.680237
0.685364
0.695892
0.706757
0.717926
0.729462
0.741241
0.753296
0.77179
0.778046
0.79715
0.810089
0.816559
0.836334
0.849518
0.862915
0.876343
0.889771
0.903198
0.916626
0.929962
0.943146
0.956329
0.96933
0.982269
0.994965
1.00751
1.01987
1.03201
1.04391
1.05554
1.06693
1.08347
1.08884
1.10446
1.11447
1.11935
1.12888
1.13803
1.14685
1.15933
1.16718
1.17462
1.18167
1.18829
1.19452
1.20029
1.20563
1.21051
1.21497
1.21899
1.22253
1.22565
1.2283
1.2305
1.23227
1.23361
1.2345
1.23495
1.23499
1.23459
1.23373
1.23248
1.23087
1.22882
1.22641
1.2236
1.2204
1.21686
1.21295
1.20871
1.20413
1.19922
1.194
1.18851
1.18271
1.17664
1.17032
1.16376
1.15344
1.14633
1.14267
1.13525
1.12769
1.11597
1.10794
1.09988
1.09161
1.08331
1.07498
1.06644
1.05789
1.04935
1.0408
1.03226
1.02371
1.01517
1.00662
0.998169
0.989868
0.981567
0.97345
0.965393
0.957489
0.949677
0.942078
0.930908
0.927246
0.920105
0.909668
0.90625
0.899628
0.893188
0.886932
0.87796
0.872253
0.866791
0.861572
0.856598
0.851898
0.847443
0.843262
0.839386
0.835785
0.832458
0.829407
0.82663
0.824127
0.823029
0.820068
0.818481
0.817169
0.816132
0.815369
0.814911
0.814728
0.814819
0.815186
0.815826
0.816742
0.817902
0.819336
0.821014
0.822937
0.822937
0.827484
0.830109
0.832947
0.835999
0.839233
0.842682
0.846344
0.850189
0.854187
0.858337
0.862701
0.867157
0.871796
0.876556
0.881439
0.886414
0.891541
0.896667
0.904694
0.910065
0.910065
0.910065
0.926575
0.93219
0.937805
0.94342
0.946228
0.954651
0.960266
0.965881
0.971497
0.976929
0.9823
0.987671
0.992981
0.998108
1.00323
1.00815
1.01303
1.01773
1.02237
1.02682
1.03122
1.03333
1.03952
1.04343
1.04724
1.0509
1.05612
1.05945
1.06262
1.06564
1.06857
1.07126
1.07385
1.07629
1.07852
1.08063
1.08258
1.08432
1.08591
1.08734
1.08856
1.08957
1.09042
1.09109
1.09158
1.09186
1.09198
1.09195
1.09171
1.09128
1.0907
1.08997
1.08899
1.08789
1.08667
1.08447
1.08365
1.08105
1.0791
1.07812
1.07486
1.07254
1.0701
1.06757
1.06488
1.06216
1.05923
1.0563
1.05328
1.05011
1.04694
1.04376
1.0405
1.03708
1.03366
1.03024
1.02682
1.02341
1.01999
1.01657
1.01315
1.00974
1.00632
1.0029
0.999481
0.994507
0.99292
0.989746
0.986572
0.983398
0.978638
0.977112
0.974182
0.971252
0.966858
0.963928
0.961243
0.958557
0.955872
0.953186
0.950714
0.948273
0.945831
0.943451
0.941254
0.939056
0.936859
0.934906
0.932953
0.931
0.929291
0.927582
0.925903
0.924438
0.922974
0.921661
0.920441
0.919312
0.918335
0.917419
0.916321
0.915985
0.915497
0.914917
0.914673
0.914551
0.914551
0.914551
0.914917
0.915253
0.915741
0.91626
0.916992
0.917725
0.918671
0.919647
0.920715
0.921936
0.923157
0.924561
0.926025
0.92749
0.929169
0.930878
0.932587
0.934418
0.936371
0.938324
0.941254
0.94339
0.944489
0.946686
0.948883
0.95108
0.954376
0.956573
0.958771
0.960968
0.963165
0.965363
0.96756
0.969757
0.971954
0.974152
0.976349
0.978546
0.98056
0.982513
0.984467
0.98642
0.988373
0.990326
0.992157
0.993866
0.995575
0.997284
0.998993
1.00061
1.00208
1.00427
1.005
1.00647
1.00842
1.00964
1.01086
1.01208
1.0127
1.01422
1.0152
1.01617
1.01715
1.01801
1.01874
1.01947
1.0202
1.02094
1.02148
1.02197
1.02246
1.02295
1.02344
1.02374
1.02399
1.02423
1.02448
1.02472
1.02481
1.02481
1.02481
1.02481
1.02481
1.02481
1.02457
1.0242
1.02408
1.02383
1.02347
1.02335
1.02267
1.02219
1.0217
1.02121
1.02072
1.02023
1.01974
1.0191
1.01837
1.01764
1.01691
1.01617
1.01544
1.01471
1.01434
1.01324
1.01251
1.01178
1.01105
1.01007
1.00909
1.00812
1.00714
1.00616
1.00519
1.00421
1.00323
1.00226
1.00128
0.999817
0.999329
0.998352
0.997375
0.996399
0.994934
0.993958
0.992981
0.992004
0.991028
0.990051
0.989075
0.988098
0.987122
0.986145
0.985168
0.984192
0.983215
0.982239
0.981262
0.980408
0.979675
0.978943
0.97821
0.977478
0.976379
0.976013
0.975281
0.974548
0.973816
0.972717
0.971985
0.971252
0.97052
0.969818
0.96933
0.968842
0.968353
0.967865
0.967377
0.966888
0.9664
0.965912
0.965424
0.964935
0.964478
0.964355
0.963989
0.963745
0.963501
0.963257
0.963013
0.962769
0.962524
0.96228
0.962036
0.962036
0.962036
0.962036
0.962036
0.962036
0.962036
0.962036
0.962036
0.962036
0.962036
0.962097
0.962341
0.962585
0.962952
0.963196
0.96344
0.963562
0.963928
0.964172
0.964417
0.964661
0.964905
0.965149
0.965393
0.965881
0.96637
0.966858
0.967346
0.967834
0.968323
0.968811
0.969299
0.969788
0.970276
0.970764
0.971252
0.971741
0.972229
0.972717
0.973206
0.973694
0.974182
0.97467
0.975159
0.975647
0.976135
0.976624
0.977112
0.9776
0.978333
0.978821
0.979065
0.979553
0.980286
0.980774
0.981262
0.98175
0.982239
0.982727
0.983215
0.983704
0.984192
0.98468
0.985168
0.985657
0.986145
0.986633
0.987366
0.987671
0.987915
0.988037
0.988403
0.988647
0.988892
0.989136
0.98938
0.989624
0.989868
0.990112
0.990356
0.990601
0.990845
0.991089
0.991333
0.991577
0.991821
0.992065
0.992188
0.992554
0.992798
0.993042
0.993103
0.993103
0.993103
0.993103
0.993103
0.993103
0.993103
0.993103
0.993103
0.993103
0.993103
0.993103
0.993103
0.993103
0.993103
0.993103
0.993103
0.993103
0.993103
0.993103
0.993103
0.993103
0.993103
0.993103
0.993103
0.993103
0.993103
0.993103
0.993103
0.993103
0.993011
0.992767
0.992523
0.992279
0.992035
0.991791
0.991547
0.991302
0.991058
0.990814
0.99057
0.990326
0.990082
0.989838
0.989594
0.989349
0.988983
0.988739
0.988617
0.988251
0.988007
0.987762
0.987518
0.987396
0.98703
0.986908
0.986542
0.986298
0.986053
0.985809
0.985565
0.985321
0.985077
0.984833
0.984589
0.984344
0.9841
0.983856
0.983612
0.983368
0.983124
0.98288
0.982635
0.982391
0.982147
0.982025
0.982025
0.982025
0.982025
0.982025
0.982025
0.982025
0.982025
0.982025
0.982025
0.982025
0.982025
0.982025
0.982025
0.982025
0.982025
0.982025
0.982025
0.982025
0.982025
0.982025
0.982025
0.982025
0.982025
0.982025
0.982025
0.982025
0.982025
0.982025
0.982025
0.982025
0.982025
0.982025
0.982025
0.982025
0.982025
0.982025
0.982025
0.982025
0.982025
0.982025
0.982025
0.982025
0.982025
0.982025
0.982025
0.982025
0.982025
0.982025
0.982025
0.982025
0.982025
0.982025
0.982025
0.982025
0.982025
0.982025
0.982025
0.982025
0.982025
0.982025
0.982086
0.982452
0.982697
0.982941
0.983185
0.983429
0.983673
0.983917
0.984161
0.984406
0.98465
0.984894
0.985138
0.985382
0.985626
0.98587
0.986115
0.986359
0.986603
0.986847
0.987091
0.987335
0.987579
0.987823
0.988068
0.988312
0.988556
0.9888
0.989044
0.989288
0.989532
0.989777
0.989777
0.989777
0.989777
0.989777
0.989777
0.989777
0.989777
0.989777
0.989777
0.989777
0.989777
0.989777
0.989777
0.989777
0.989777
0.989777
0.989777
0.989777
0.989777
0.989777
0.989777
0.989777
0.989777
0.989777
0.989777
0.989777
0.989777
0.989777
0.989777
0.989777
0.989777
0.989777
0.989777
0.989777
0.989777
0.989777
0.989777
0.989777
0.989777
0.989777
0.989777
0.989777
0.989777
0.989777
0.989777
0.989777
0.989777
0.989777
0.989777
0.989777
0.989777
0.989777
0.989777
0.989777
0.989777
0.989777
0.989777
0.989777
0.989777
0.989777
0.989777
0.989777
0.989777
0.989777
0.989777
0.989777
0.989777
0.989777
0.989777
0.989777
0.989777
0.989777
0.989777
0.989777
0.989777
0.989777
0.989777
0.989777
0.989777
0.989777
0.989777
0.989777
0.989777
0.989777
0.989777
0.989777
0.989777
0.989777
0.989777
0.989777
0.989777
