0
7.62959e-06
1.52588e-05
2.28881e-05
3.05177e-05
4.86373e-05
0.000127793
0.000619888
0.000962257
0.00204659
0.00380802
0.00807762
0.0122185
0.0147247
0.024127
0.0320587
0.041378
0.0521049
0.0579967
0.0777645
0.0926399
0.108816
0.12623
0.144813
0.16449
0.185181
0.2068
0.229261
0.252479
0.276363
0.300835
0.325813
0.35122
0.376985
0.403042
0.429324
0.469035
0.48232
0.508913
0.535497
0.575233
0.588414
0.627672
0.640639
0.679104
0.704332
0.729177
0.753597
0.777552
0.801003
0.823916
0.846255
0.867984
0.889074
0.909502
0.929247
0.948293
0.966624
0.984233
1.00111
1.01724
1.03263
1.04727
1.06116
1.0743
1.08669
1.09834
1.10925
1.11943
1.13334
1.13762
1.1494
1.15639
1.15962
1.1656
1.17091
1.17766
1.1796
1.18449
1.187
1.18894
1.19032
1.19117
1.19151
1.19136
1.19073
1.18965
1.18814
1.18621
1.18389
1.1812
1.17815
1.17478
1.17109
1.16711
1.16286
1.15836
1.15363
1.14869
1.14355
1.13553
1.13278
1.12717
1.11855
1.11563
1.10972
1.10074
1.09772
1.09166
1.08559
1.07649
1.07045
1.06444
1.05848
1.05257
1.04673
1.04097
1.03529
1.02971
1.02424
1.01887
1.01362
1.00848
1.00347
0.998585
0.993825
0.989197
0.984705
0.980353
0.976147
0.970122
0.968192
0.962644
0.959151
0.95583
0.95268
0.949706
0.94691
0.944292
0.941854
0.939596
0.937517
0.935614
0.933884
0.932326
0.930936
0.92971
0.928644
0.927735
0.926976
0.926365
0.925897
0.925566
0.925368
0.9253
0.925353
0.925655
0.925812
0.926207
0.926703
0.927632
0.927987
0.928764
0.929624
0.93056
0.932096
0.93264
0.933771
0.934954
0.93681
0.938091
0.938743
0.940731
0.942077
0.943432
0.94479
0.945469
0.947502
0.948848
0.949515
0.951497
0.952795
0.954073
0.955328
0.956559
0.957764
0.958942
0.960093
0.961215
0.962306
0.963367
0.964396
0.965396
0.966364
0.967299
0.968202
0.969071
0.96991
0.970715
0.971862
0.972228
0.972938
0.973943
0.974261
0.975171
0.975739
0.976277
0.976785
0.977265
0.977715
0.978138
0.978531
0.978897
0.979237
0.979549
0.979836
0.980098
0.980334
0.980547
0.980737
0.980904
0.981049
0.981172
0.981275
0.981358
0.98142
0.981464
0.98149
0.981499
0.98148
0.981465
0.9814
0.98137
0.981259
0.981169
0.981066
0.98095
0.980824
0.980684
0.980536
0.980377
0.980209
0.980033
0.979848
0.979656
0.979458
0.979252
0.97904
0.978824
0.978602
0.978376
0.978033
0.977915
0.977678
0.977442
0.977082
0.97696
0.976594
0.97635
0.976106
0.975862
0.975617
0.97538
0.975143
0.974907
0.974672
0.974443
0.974215
0.973991
0.97377
0.973555
0.973341
0.973134
0.972929
0.972731
0.972536
0.972345
0.972162
0.971983
0.971808
0.971641
0.971478
0.971321
0.971096
0.971024
0.970884
0.970751
0.970562
0.970501
0.970331
0.970278
0.970126
0.970079
0.969947
0.969905
0.969791
0.969757
0.969662
0.969606
0.96958
0.969513
0.969494
0.969444
0.969419
0.969398
0.969383
0.969376
0.969373
0.969374
0.969381
0.969394
0.969409
0.969432
0.969458
0.969488
0.969523
0.969562
0.969629
0.969652
0.969705
0.969758
0.969817
0.969909
0.969942
0.970045
0.970116
0.970192
0.970268
0.970345
0.970428
0.970512
0.970596
0.970681
0.970773
0.970864
0.970956
0.971047
0.971139
0.971231
0.97133
0.971429
0.971528
0.971627
0.971726
0.971826
0.971925
0.972024
0.972123
0.972222
0.972322
0.972421
0.97252
0.972619
0.972718
0.972817
0.972966
0.973016
0.973165
0.973264
0.973363
0.973413
0.973557
0.973648
0.973694
0.973831
0.973923
0.974014
0.974106
0.974196
0.974322
0.974406
0.97449
0.974574
0.974658
0.974739
0.974815
0.974892
0.974968
0.975044
0.975121
0.97519
0.975293
0.975362
0.975396
0.975499
0.975562
0.975623
0.975684
0.975745
0.975776
0.975867
0.975925
0.975979
0.976032
0.976086
0.976166
0.976219
0.976273
0.976319
0.976365
0.976411
0.976457
0.976502
0.976548
0.976594
0.97664
0.976679
0.976717
0.976755
0.976793
0.976831
0.97687
0.976908
0.976946
0.976984
0.977041
0.97706
0.977109
0.977139
0.97717
0.977201
0.977231
0.977262
0.977292
0.977323
0.977353
0.977384
0.977414
0.977445
0.977475
0.977506
0.977536
0.977567
0.977597
0.977628
0.977658
0.977689
0.977719
0.97775
0.97778
0.977811
0.977841
0.977872
0.977902
0.977933
0.977979
0.977994
0.97804
0.97807
0.978101
0.978131
0.978162
0.978192
0.978208
0.978253
0.978284
0.978299
0.978345
0.978375
0.978406
0.978436
0.978467
0.978498
0.978528
0.978574
0.978589
0.978635
0.978665
0.978696
0.978726
0.978757
0.978787
0.978818
0.978864
0.978894
0.978925
0.978955
0.978986
0.979016
0.979047
0.979077
0.979108
0.979154
0.979169
0.979199
0.97923
0.97926
0.979306
0.979337
0.979367
0.979398
0.979428
0.979459
0.979489
0.97952
0.97955
0.979581
0.979611
0.979642
0.979672
0.979703
0.979733
0.979764
0.979795
0.979825
0.979856
0.979886
0.979917
0.979947
0.979978
0.980023
0.980054
0.980084
0.980115
0.980145
0.980176
0.980206
0.980237
0.980268
0.980298
0.980329
0.980359
0.98039
0.98042
0.980453
0.980492
0.98053
0.980568
0.980606
0.980644
0.980682
0.980721
0.980759
0.980797
0.980835
0.980873
0.980911
0.980968
0.980988
0.981026
0.981064
0.981121
0.981159
0.981197
0.981236
0.981274
0.981312
0.98135
0.981388
0.981426
0.981464
0.981503
0.981541
0.981574
0.981605
0.981635
0.981666
0.981696
0.981727
0.981772
0.981803
0.981833
0.981864
0.981894
0.981925
0.981956
0.981986
0.982017
0.982047
0.982078
0.982108
0.982139
0.982184
0.9822
0.98223
0.982276
0.982306
0.982337
0.982368
0.982398
0.982429
0.982459
0.98249
0.98252
0.982551
0.982581
0.982627
0.982657
0.982688
0.982718
0.982749
0.98278
0.98281
0.982841
0.982871
0.982902
0.982932
0.982963
0.982993
0.983024
0.983054
0.983085
0.983115
0.983146
0.983176
0.983207
0.983237
0.983268
0.983298
0.983329
0.983359
0.98339
0.98342
0.983451
0.983481
0.983527
0.983558
0.983588
0.983603
0.983649
0.98368
0.98371
0.983741
0.983756
0.983802
0.983832
0.983863
0.983893
0.983924
0.983954
0.983985
0.984015
0.984046
0.984076
0.984107
0.984138
0.984168
0.984199
0.984229
0.98426
0.984305
0.984336
0.984351
0.984382
0.984412
0.984458
0.984488
0.984519
0.98455
0.984577
0.9846
0.984623
0.984646
0.984669
0.984692
0.984715
0.984737
0.98476
0.984783
0.984806
0.984829
0.984852
0.984875
0.984898
0.984921
0.984943
0.984966
0.984989
0.985012
0.985035
0.985058
0.985081
0.985104
0.985126
0.985161
0.985184
0.985195
0.985218
0.985252
0.985275
0.985298
0.985321
0.985332
0.985367
0.98539
0.985413
0.985435
0.985458
0.985481
0.985504
0.985527
0.98555
0.985573
0.985596
0.985619
0.985641
0.985664
0.985687
0.98571
0.985744
0.985756
0.985779
0.985802
0.985825
0.985859
0.985889
0.985905
0.98595
0.985981
0.986012
0.986042
0.986073
0.986103
0.986134
0.986164
0.986195
0.986225
0.986256
0.986281
0.986304
0.986327
0.98635
0.986373
0.986396
0.986419
0.986442
0.986465
0.986487
0.98651
0.986533
0.986556
0.986579
0.986602
0.986625
0.986648
0.98667
0.986693
0.986716
0.986739
0.986762
0.986785
0.986808
0.986831
0.986865
0.986876
0.986899
0.986922
0.986945
0.986979
0.986991
0.987025
0.987037
0.987071
0.987094
0.987117
0.98714
0.987163
0.987185
0.987208
0.987231
0.987254
0.987277
0.9873
0.987323
0.987346
0.987369
0.987391
0.987414
0.987437
0.98746
0.987483
0.987506
0.987529
0.987563
0.987586
0.987597
0.987632
0.987655
0.987678
0.9877
0.987723
0.987746
0.987769
0.987792
0.987815
0.987838
0.987861
0.987884
0.987906
0.987929
0.987952
0.987975
0.987998
0.988021
0.988044
0.988067
0.98809
0.988112
0.988135
0.988158
0.988181
0.988204
0.988238
0.98825
0.988273
0.988296
0.98833
0.988353
0.988376
0.988399
0.988421
0.988444
0.988467
0.98849
0.988513
0.988536
0.988559
0.988582
0.988605
0.988627
0.98865
0.988673
0.988696
0.988719
0.988742
0.988765
0.988788
0.988811
0.988833
0.988856
0.988879
0.988902
0.988925
0.988948
0.988971
0.988994
0.989028
0.989051
0.989062
0.989097
0.98912
0.989142
0.989165
0.989188
0.989211
0.989234
0.989257
0.98928
0.989303
0.989326
0.989346
0.989361
0.989376
0.989391
0.989407
0.989422
0.989437
0.989452
0.989468
0.989483
0.989498
0.989513
0.989529
0.989544
0.989567
0.989574
0.98959
0.989605
0.98962
0.989635
0.989658
0.989674
0.989689
0.989704
0.989719
0.989735
0.98975
0.989765
0.98978
0.989796
0.989811
0.989826
0.989841
0.989857
0.989872
0.989887
0.989902
0.989918
0.989933
0.989948
0.989964
0.989986
0.989994
0.990009
0.990025
0.990047
0.990063
0.990078
0.990093
0.990108
0.990124
0.990139
0.990154
0.990176
0.990199
0.990222
0.990245
0.990268
0.990291
0.990314
0.990336
0.990359
0.990382
0.990405
0.990428
0.990451
0.990474
0.990497
0.99052
0.990542
0.990565
0.990588
0.990609
0.990624
0.99064
0.990655
0.99067
0.990685
0.990701
0.990716
0.990739
0.990754
0.990769
0.990785
0.9908
0.990815
0.99083
0.990846
0.990861
0.990876
0.990891
0.990907
0.990922
0.990937
0.990952
0.990968
0.990983
0.990998
0.991014
0.991029
0.991052
0.991067
0.991075
0.99109
0.991113
0.991128
0.991143
0.991158
0.991174
0.991189
0.991204
0.99122
0.991235
0.99125
0.991265
0.991281
0.991296
0.991311
0.991326
0.991342
0.991357
0.991372
0.991387
0.991403
0.991418
0.991433
0.991448
0.991464
0.991479
0.991494
0.991517
0.991525
0.99154
0.991563
0.99157
0.991593
0.991609
0.991616
0.991639
0.991654
0.99167
0.991685
0.9917
0.991715
0.991731
0.991746
0.991761
0.991776
0.991792
0.991807
