0
7.62959e-06
1.52588e-05
2.6703e-05
3.71934e-05
4.86376e-05
0.00022316
0.000619889
0.00143051
0.00283337
0.0049963
0.00641346
0.0122204
0.01754
0.0241289
0.0320578
0.0413713
0.0520945
0.0642242
0.0777407
0.0926065
0.108772
0.126181
0.144764
0.164452
0.185169
0.206838
0.229376
0.252703
0.276736
0.301395
0.326602
0.352277
0.378343
0.404722
0.431346
0.458143
0.485044
0.525445
0.552321
0.565722
0.605675
0.632041
0.65813
0.683883
0.696615
0.734164
0.758604
0.782518
0.805868
0.828624
0.850763
0.872268
0.893109
0.913268
0.932724
0.95146
0.969464
0.986727
1.00324
1.019
1.034
1.05508
1.06819
1.08054
1.09215
1.10301
1.11313
1.12251
1.13116
1.13908
1.14629
1.15278
1.15859
1.16373
1.16821
1.17206
1.17529
1.17793
1.17999
1.1815
1.18247
1.18293
1.1829
1.18239
1.18143
1.18005
1.17826
1.17608
1.17353
1.17063
1.16741
1.16389
1.16008
1.15601
1.15169
1.14715
1.1424
1.13747
1.13237
1.12445
1.11901
1.11346
1.10783
1.10213
1.09638
1.09059
1.0848
1.079
1.07323
1.06749
1.0618
1.05618
1.05062
1.04514
1.03974
1.03444
1.02922
1.02411
1.0191
1.01419
1.00938
1.00239
1.00011
0.995643
0.989165
0.987067
0.980966
0.977067
0.97331
0.969695
0.966231
0.96292
0.959764
0.956768
0.953935
0.951266
0.948763
0.946426
0.944255
0.942248
0.940405
0.938723
0.937199
0.935832
0.934619
0.933078
0.932637
0.931862
0.930958
0.930723
0.93035
0.930106
0.929984
0.929977
0.930083
0.930298
0.930614
0.93103
0.931538
0.932135
0.932814
0.933976
0.934399
0.935765
0.936745
0.937773
0.938842
0.939944
0.941075
0.942227
0.943395
0.944572
0.945755
0.946938
0.948118
0.949291
0.950455
0.951606
0.952743
0.953863
0.954966
0.956048
0.957109
0.958149
0.959166
0.960647
0.961127
0.962532
0.963436
0.963879
0.965165
0.965989
0.966785
0.967554
0.968294
0.969007
0.969693
0.970351
0.970982
0.971584
0.97216
0.97271
0.973232
0.973729
0.9742
0.974646
0.975067
0.975464
0.975837
0.976186
0.976513
0.976817
0.977099
0.97736
0.9776
0.97782
0.978112
0.978199
0.97836
0.978502
0.978682
0.978733
0.978823
0.978927
0.978976
0.979011
0.979022
0.979035
0.979027
0.979007
0.978972
0.978928
0.97887
0.978803
0.978724
0.978636
0.978539
0.978433
0.978318
0.978196
0.978066
0.97793
0.977787
0.977639
0.977487
0.977326
0.977164
0.976996
0.976828
0.976564
0.976389
0.976208
0.976116
0.975842
0.975658
0.975475
0.975292
0.975109
0.974926
0.974743
0.97456
0.974377
0.974199
0.973936
0.973761
0.973592
0.973424
0.973258
0.973098
0.972938
0.972708
0.972557
0.972412
0.97227
0.972133
0.972
0.97187
0.971747
0.971627
0.971513
0.971404
0.971299
0.9712
0.971061
0.971016
0.970932
0.970815
0.970743
0.970675
0.970613
0.970556
0.970503
0.970456
0.970412
0.970374
0.970325
0.97031
0.970276
0.97026
0.970252
0.970242
0.970233
0.970233
0.970237
0.970244
0.970257
0.970272
0.970291
0.970314
0.97034
0.97037
0.970402
0.97044
0.970478
0.970521
0.970567
0.970613
0.970664
0.970717
0.970771
0.97083
0.970891
0.970952
0.971014
0.971083
0.971151
0.97122
0.971289
0.971364
0.971478
0.971517
0.971593
0.971707
0.971787
0.971871
0.971955
0.972039
0.972123
0.972207
0.972291
0.972417
0.972501
0.972543
0.972627
0.972753
0.972795
0.97292
0.972962
0.973046
0.973172
0.973256
0.97334
0.973424
0.973508
0.973592
0.973676
0.97376
0.973844
0.973926
0.974002
0.974078
0.974154
0.974231
0.974307
0.974383
0.97446
0.974536
0.974612
0.974683
0.974751
0.97482
0.974889
0.974957
0.975026
0.975095
0.975163
0.975232
0.975294
0.975355
0.975416
0.975477
0.975538
0.975599
0.97566
0.975752
0.975782
0.975836
0.975889
0.975943
0.975996
0.976076
0.976103
0.976156
0.97621
0.976263
0.976334
0.976379
0.976425
0.976471
0.976517
0.976562
0.976608
0.976654
0.9767
0.976746
0.976807
0.976845
0.976883
0.976921
0.976959
0.976997
0.977036
0.977074
0.977112
0.97715
0.977188
0.977226
0.977264
0.977303
0.977336
0.977366
0.977397
0.977443
0.977458
0.977489
0.977519
0.97755
0.97758
0.977626
0.977641
0.977687
0.977702
0.977748
0.977763
0.977809
0.977839
0.97787
0.977901
0.977931
0.977962
0.977992
0.978023
0.978053
0.978099
0.978129
0.97816
0.97819
0.978221
0.978251
0.978282
0.978312
0.978343
0.978374
0.978404
0.978435
0.978465
0.978511
0.978526
0.978557
0.978602
0.978618
0.978648
0.978679
0.978724
0.978755
0.97877
0.978816
0.978847
0.978877
0.978908
0.978938
0.978969
0.978999
0.97903
0.97906
0.979091
0.979121
0.979152
0.979182
0.979213
0.979243
0.979274
0.979304
0.979335
0.979365
0.979396
0.979426
0.979457
0.979503
0.979518
0.979548
0.979594
0.979609
0.979655
0.979671
0.979729
0.979767
0.979805
0.979843
0.979881
0.979919
0.979958
0.979996
0.980034
0.980072
0.98011
0.980148
0.980186
0.980225
0.980263
0.980301
0.980339
0.980377
0.980415
0.980453
0.980492
0.98053
0.980568
0.980606
0.980644
0.980682
0.980721
0.980755
0.980785
0.980831
0.980862
0.980892
0.980923
0.980953
0.980999
0.98103
0.98106
0.981091
0.981121
0.981167
0.981182
0.981228
0.981258
0.981289
0.981319
0.98135
0.98138
0.981411
0.981441
0.981472
0.981503
0.981533
0.981564
0.981594
0.98164
0.981655
0.981686
0.981731
0.981762
0.981792
0.981823
0.981853
0.981884
0.981915
0.981945
0.981976
0.982006
0.982037
0.982067
0.982098
0.982128
0.982159
0.982189
0.98222
0.98225
0.982281
0.982311
0.982342
0.982372
0.982403
0.982433
0.982464
0.982494
0.982525
0.982571
0.982586
0.982632
0.982647
0.982693
0.982723
0.982754
0.982784
0.982815
0.982845
0.982876
0.982906
0.982937
0.982967
0.982998
0.983028
0.983059
0.983089
0.98312
0.98315
0.983181
0.983212
0.983242
0.983273
0.983318
0.983334
0.983364
0.983395
0.98344
0.983471
0.983501
0.983532
0.983562
0.983593
0.983624
0.983654
0.983685
0.983715
0.983746
0.983776
0.983807
0.983837
0.983868
0.983898
0.983929
0.983959
0.98399
0.98402
0.984051
0.984081
0.984112
0.984142
0.984173
0.984203
0.984234
0.984264
0.984295
0.984325
0.984356
0.984386
0.984417
0.984447
0.984493
0.984524
0.984554
0.984585
0.984615
0.984646
0.984676
0.984707
0.984737
0.984768
0.984798
0.984829
0.984859
0.98489
0.984921
0.984951
0.984982
0.985009
0.985032
0.985066
0.985078
0.985101
0.985124
0.985147
0.985181
0.985204
0.985227
0.98525
0.985272
0.985295
0.985318
0.985341
0.985364
0.985387
0.98541
0.985433
0.985456
0.985478
0.985501
0.985524
0.985559
0.98557
0.985604
0.985627
0.985639
0.985673
0.985696
0.985719
0.985742
0.985765
0.985787
0.98581
0.985833
0.985856
0.985879
0.985902
0.985925
0.985948
0.98597
0.985993
0.986016
0.986039
0.986062
0.986085
0.986108
0.986131
0.986154
0.986176
0.986199
0.986222
0.986245
0.986268
0.986302
0.986314
0.986337
0.986371
0.986382
0.986417
0.98644
0.986451
0.986485
0.986508
0.986531
0.986554
0.986577
0.9866
0.986623
0.986646
0.986669
0.986691
0.986714
0.986737
0.98676
0.986783
0.986806
0.986829
0.986852
0.986875
0.986897
0.98692
0.986943
0.986966
0.986989
0.987012
0.987046
0.987058
0.987092
0.987115
0.987138
0.987161
0.987184
0.987206
0.987241
0.987252
0.987275
0.987298
0.987321
0.987355
0.987367
0.987401
0.987424
0.987447
0.98747
0.987493
0.987515
0.987538
0.987561
0.987584
0.987607
0.987641
0.987664
0.987687
0.98771
0.987733
0.987756
0.987779
0.987802
0.987824
0.987847
0.98787
0.987893
0.987916
0.987939
0.987962
0.987985
0.988008
0.988042
0.988053
0.988088
0.988099
0.988133
0.988145
0.988168
0.988191
0.988214
0.988248
0.988271
0.988294
0.988317
0.988339
0.988362
0.988385
0.988408
0.988431
0.988465
0.988488
0.9885
0.988534
0.988557
0.98858
0.988603
0.988626
0.988648
0.988671
0.988694
0.988717
0.98874
0.988763
0.988786
0.988809
0.988843
0.988854
0.988877
0.9889
0.988923
0.988957
0.98898
0.989003
0.989026
0.989049
0.989072
0.989095
0.989118
0.989141
0.989163
0.989186
0.989209
0.989232
0.989255
0.989278
0.989301
0.989324
0.989347
0.989369
0.989404
0.989415
0.989438
0.989461
0.989484
0.989516
0.989524
0.989539
0.989554
0.989577
0.989593
0.989608
0.989623
0.989638
0.989654
0.989669
0.989684
0.989699
0.989715
0.989738
0.989753
0.989768
0.989783
0.989799
0.989814
0.989829
0.989844
0.98986
0.989875
0.98989
0.989905
0.989921
0.989936
0.989959
0.989974
0.989989
0.990005
0.99002
0.990035
0.99005
0.990066
0.990081
0.990096
0.990111
0.990127
0.990142
0.990165
0.990172
0.990195
0.990211
0.990226
0.990241
0.990256
0.990272
0.990287
0.990302
0.990317
0.990333
0.990348
0.990363
0.990378
0.990394
0.990409
0.990424
0.990439
0.990455
0.99047
0.990485
0.9905
0.990516
0.990536
0.99057
0.990582
0.990616
0.990627
0.99065
0.990673
0.990696
0.990719
0.990742
0.990765
0.990799
0.990822
0.990833
0.990856
0.990879
0.990913
0.990935
0.990951
0.990958
0.990981
0.990996
0.991012
0.991027
0.991042
0.991057
0.991073
0.991088
0.991103
0.991118
0.991134
0.991157
0.991172
0.991187
0.991202
0.991218
0.991233
0.991248
0.991263
0.991279
0.991294
0.991309
0.991332
0.99134
0.991363
0.991378
0.991393
0.991408
0.991424
0.991439
0.991462
0.991477
0.991492
0.991508
0.991523
0.991538
0.991553
0.991569
0.991584
0.991599
0.991614
0.991637
0.991652
0.991668
0.991683
0.991698
0.991714
0.991729
0.991744
0.991759
0.991775
0.99179
0.991805
0.99182
0.991836
0.991851
0.991874
0.991889
0.991904
0.99192
0.991935
0.99195
0.991965
0.991981
