0
7.62959e-06
1.52588e-05
2.28884e-05
3.05177e-05
4.00546e-05
7.72476e-05
0.000226021
0.000621796
0.00143242
0.00283432
0.00499725
0.00808048
0.0122232
0.0175447
0.0241385
0.0320759
0.0414028
0.052145
0.0643024
0.0778599
0.100742
0.109025
0.126526
0.154989
0.175329
0.196665
0.218908
0.241972
0.265768
0.29021
0.315206
0.340665
0.366502
0.392636
0.432227
0.458777
0.485372
0.511947
0.538445
0.564809
0.590979
0.616896
0.642502
0.667746
0.692583
0.716976
0.740891
0.764297
0.787169
0.809484
0.841866
0.852361
0.872883
0.892773
0.921383
0.939621
0.957173
0.974025
0.99017
1.0056
1.02032
1.0343
1.04755
1.06006
1.07182
1.08284
1.09314
1.1027
1.11155
1.11969
1.12715
1.13393
1.14005
1.14552
1.15037
1.1546
1.15825
1.16131
1.16382
1.16657
1.16777
1.16847
1.16871
1.16849
1.16784
1.16678
1.16533
1.1635
1.16133
1.15882
1.156
1.15289
1.14951
1.14588
1.14202
1.13795
1.13368
1.12923
1.12462
1.11986
1.11498
1.10998
1.10489
1.09972
1.09448
1.0892
1.08389
1.0759
1.07058
1.06793
1.06002
1.05741
1.05222
1.04455
1.03952
1.03458
1.02972
1.02495
1.02028
1.01571
1.01125
1.0069
1.00266
0.998541
0.994539
0.990656
0.986895
0.983255
0.979742
0.976357
0.973103
0.969982
0.966998
0.964153
0.961449
0.958888
0.955318
0.954202
0.951071
0.949165
0.947405
0.946579
0.944315
0.942984
0.941792
0.940737
0.939816
0.939025
0.938361
0.937819
0.937395
0.937086
0.936887
0.936794
0.936803
0.936909
0.937107
0.937395
0.937766
0.938216
0.938738
0.939329
0.939979
0.940681
0.941428
0.942624
0.94304
0.944324
0.945209
0.94611
0.947022
0.947945
0.948872
0.949802
0.950731
0.951654
0.952572
0.953482
0.95438
0.955268
0.956142
0.957003
0.957848
0.959085
0.959489
0.960674
0.961442
0.962191
0.962919
0.963628
0.964315
0.964986
0.965635
0.966265
0.966874
0.967463
0.968031
0.968579
0.969107
0.969614
0.970101
0.970568
0.97123
0.97144
0.971847
0.972421
0.972779
0.973119
0.97344
0.973742
0.974027
0.974293
0.974542
0.974772
0.974987
0.975185
0.975367
0.975533
0.975683
0.975819
0.975995
0.976095
0.976182
0.976255
0.976317
0.976367
0.976404
0.976431
0.976446
0.976451
0.976446
0.976432
0.976408
0.976376
0.976335
0.976286
0.97623
0.976167
0.976097
0.976021
0.975897
0.975852
0.975712
0.975662
0.97551
0.975403
0.975293
0.975179
0.975064
0.974946
0.974824
0.974702
0.97458
0.974458
0.974336
0.974214
0.974092
0.973969
0.973847
0.973725
0.973603
0.973481
0.973359
0.973237
0.973116
0.973001
0.972887
0.972773
0.97266
0.972553
0.972393
0.972342
0.972242
0.972095
0.972049
0.971911
0.971825
0.971741
0.97166
0.971545
0.971509
0.97144
0.971342
0.971281
0.971224
0.97117
0.97112
0.971074
0.971031
0.970974
0.970958
0.970912
0.970899
0.970876
0.970847
0.97084
0.970821
0.970814
0.970809
0.970809
0.970809
0.970818
0.970825
0.970839
0.970854
0.970871
0.970894
0.970917
0.970943
0.970974
0.971004
0.97104
0.971078
0.971116
0.971157
0.971203
0.971249
0.971294
0.971346
0.971399
0.971453
0.971506
0.971594
0.971655
0.971716
0.971777
0.971838
0.971904
0.971972
0.972041
0.97211
0.972178
0.972247
0.972316
0.972384
0.972453
0.972522
0.972636
0.972713
0.972751
0.972865
0.972941
0.973018
0.973094
0.97317
0.973247
0.973323
0.973399
0.973475
0.973552
0.973628
0.973704
0.973774
0.973877
0.973911
0.97398
0.974049
0.974152
0.97422
0.974289
0.974358
0.974426
0.974495
0.974564
0.974632
0.974701
0.974768
0.974829
0.97489
0.974951
0.975042
0.975103
0.975164
0.975225
0.975286
0.975348
0.975409
0.975467
0.97552
0.975574
0.975627
0.97568
0.975734
0.975787
0.975841
0.975894
0.975947
0.976027
0.976076
0.976122
0.976168
0.976213
0.976259
0.976305
0.976351
0.976397
0.976442
0.976488
0.976534
0.97658
0.976625
0.976694
0.976713
0.97677
0.976809
0.976847
0.976885
0.976923
0.976961
0.976999
0.977037
0.977076
0.977114
0.977152
0.97719
0.977228
0.977266
0.977304
0.977343
0.977381
0.977419
0.977457
0.977514
0.977533
0.977571
0.977608
0.977654
0.977669
0.977715
0.977745
0.977776
0.977806
0.977837
0.977867
0.977898
0.977928
0.977959
0.977989
0.97802
0.97805
0.978096
0.978111
0.978142
0.978188
0.978203
0.978249
0.978279
0.97831
0.97834
0.978371
0.978401
0.978432
0.978462
0.978493
0.978523
0.978554
0.978584
0.978615
0.978645
0.978676
0.978706
0.978737
0.978767
0.978798
0.978828
0.978859
0.978905
0.97892
0.978966
0.978981
0.979027
0.97906
0.979098
0.979136
0.979175
0.979213
0.979251
0.979289
0.979327
0.979365
0.979403
0.979442
0.97948
0.979537
0.979556
0.979594
0.979632
0.979671
0.979709
0.979766
0.979785
0.979823
0.979861
0.979899
0.979957
0.979995
0.980033
0.980052
0.980109
0.980147
0.980186
0.980218
0.980248
0.980279
0.980309
0.98034
0.980371
0.980401
0.980432
0.980462
0.980493
0.980508
0.980554
0.980584
0.980615
0.980645
0.980676
0.980706
0.980737
0.980767
0.980798
0.980828
0.980859
0.980889
0.98092
0.98095
0.980981
0.981011
0.981042
0.981088
0.981118
0.981149
0.981179
0.98121
0.98124
0.981271
0.981301
0.981332
0.981362
0.981393
0.981423
0.981454
0.981484
0.981515
0.981545
0.981576
0.981606
0.981637
0.981668
0.981698
0.981729
0.981759
0.98179
0.98182
0.981866
0.981881
0.981927
0.981942
0.981988
0.982018
0.982049
0.98208
0.98211
0.982141
0.982171
0.982202
0.982232
0.982263
0.982293
0.982324
0.982354
0.982385
0.982415
0.982446
0.982476
0.982507
0.982537
0.982568
0.982598
0.982629
0.982659
0.98269
0.98272
0.982751
0.982781
0.982812
0.982842
0.982873
0.982903
0.982934
0.982965
0.982995
0.983026
0.983056
0.983087
0.983117
0.983148
0.983178
0.983209
0.983239
0.98327
0.9833
0.983331
0.983361
0.983392
0.983422
0.983453
0.983483
0.983514
0.983544
0.983575
0.983605
0.983636
0.983682
0.983697
0.983727
0.983758
0.983788
0.983834
0.98385
0.983895
0.983926
0.983956
0.983987
0.984017
0.984048
0.984078
0.984109
0.984139
0.98417
0.9842
0.984231
0.984262
0.984292
0.984323
0.984368
0.984384
0.984414
0.98446
0.98449
0.984521
0.984536
0.984567
0.984612
0.984643
0.984674
0.984704
0.984735
0.984765
0.984796
0.984826
0.984857
0.984887
0.984918
0.984948
0.984979
0.985009
0.98504
0.98507
0.985101
0.985147
0.985159
0.985193
0.985205
0.985228
0.985262
0.985273
0.985308
0.985331
0.985353
0.985376
0.985399
0.985422
0.985445
0.985468
0.985491
0.985514
0.985537
0.985559
0.985582
0.985605
0.985628
0.985662
0.985674
0.985708
0.98572
0.985743
0.985777
0.985788
0.985823
0.985834
0.985868
0.985891
0.985914
0.985937
0.98596
0.985983
0.986006
0.986029
0.986052
0.986074
0.986097
0.98612
0.986143
0.986166
0.986189
0.986212
0.986235
0.986258
0.98628
0.986303
0.986338
0.986349
0.986372
0.986406
0.986418
0.986452
0.986475
0.986498
0.986521
0.986544
0.986567
0.986589
0.986612
0.986635
0.98667
0.986681
0.986704
0.986727
0.986761
0.986784
0.986807
0.98683
0.986853
0.986876
0.986887
0.986921
0.986944
0.986967
0.98699
0.987013
0.987036
0.987059
0.987082
0.987104
0.987127
0.98715
0.987173
0.987196
0.987219
0.987242
0.987265
0.987288
0.98731
0.987333
0.987356
0.987379
0.987413
0.987425
0.987459
0.987482
0.987505
0.987528
0.987551
0.987574
0.987597
0.987619
0.987642
0.987665
0.987688
0.987711
0.987734
0.987757
0.98778
0.987803
0.987825
0.987848
0.987883
0.987906
0.987917
0.987951
0.987963
0.987997
0.98802
0.988043
0.988066
0.988077
0.988111
0.988134
0.988157
0.98818
0.988203
0.988226
0.988249
0.988272
0.988295
0.988317
0.98834
0.988363
0.988386
0.98842
0.988432
0.988455
0.988489
0.988512
0.988535
0.988558
0.988581
0.988604
0.988626
0.988649
0.988672
0.988695
0.988718
0.988741
0.988764
0.988798
0.98881
0.988844
0.988867
0.98889
0.988913
0.988935
0.988958
0.988981
0.989004
0.989027
0.98905
0.989073
0.989096
0.989119
0.989141
0.989164
0.989187
0.98921
0.989244
0.989256
0.989279
0.989302
0.989325
0.989347
0.98937
0.989397
0.989405
0.989428
0.989435
0.98945
0.989466
0.989481
0.989504
0.989519
0.989527
0.989542
0.989557
0.98958
0.989595
0.989611
0.989618
0.989641
0.989656
0.989672
0.989687
0.989702
0.989717
0.989733
0.989748
0.989763
0.989779
0.989794
0.989809
0.989824
0.98984
0.989855
0.989878
0.989885
0.989901
0.989923
0.989939
0.989954
0.989962
0.989985
0.99
0.990015
0.99003
0.990046
0.990061
0.990076
0.990091
0.990107
0.990122
0.990137
0.990152
0.990168
0.990183
0.990198
0.990218
0.990241
0.990264
0.990287
0.99031
0.990333
0.990355
0.990378
0.990401
0.990424
0.990447
0.99047
0.990493
0.990516
0.990539
0.990561
0.990584
0.990601
0.990616
0.990631
0.990646
0.990662
0.990677
0.990692
0.990707
0.990723
0.990738
0.990761
0.990768
0.990784
0.990807
0.990814
0.990829
0.990852
0.990868
0.990883
0.990891
0.990906
0.990929
0.990944
0.990959
0.990974
0.99099
0.991005
0.99102
0.991035
0.991051
0.991066
0.991089
0.991096
0.991119
0.991135
0.99115
0.991165
0.99118
0.991196
0.991211
0.991226
0.991241
0.991257
0.991272
0.991287
0.991302
0.991318
0.991341
0.991348
0.991371
0.991386
0.991402
0.991417
0.991432
0.991455
0.99147
0.991486
0.991501
0.991516
0.991531
0.991547
0.991562
0.991577
0.991592
0.991608
0.991623
0.991638
0.991653
0.991676
0.991684
0.991707
0.991714
0.991737
0.991745
0.991768
0.991783
0.991798
0.991806
0.991829
0.991844
0.991859
0.991875
0.99189
0.991905
0.99192
0.991936
0.991951
