0
7.62959e-06
1.90734e-05
2.6703e-05
3.62396e-05
7.3433e-05
0.000222206
0.000617981
0.0014286
0.00283146
0.00499439
0.00807762
0.0122204
0.0175419
0.0241365
0.0320749
0.0414028
0.0580482
0.0643024
0.0778599
0.092783
0.117618
0.135719
0.145205
0.175283
0.196586
0.218792
0.241809
0.265544
0.289907
0.314815
0.340178
0.365911
0.391932
0.418163
0.444531
0.470967
0.497404
0.523781
0.550037
0.576118
0.601971
0.627541
0.652783
0.677654
0.702109
0.726113
0.74963
0.772626
0.795074
0.816946
0.848625
0.858873
0.878884
0.90766
0.925993
0.943628
0.95218
0.976752
0.992225
1.00696
1.02095
1.03419
1.04669
1.05844
1.06945
1.08456
1.09371
1.10212
1.10983
1.11683
1.12316
1.12883
1.13385
1.13824
1.14368
1.14658
1.14783
1.15074
1.15205
1.15286
1.15321
1.15312
1.1526
1.15168
1.15039
1.14873
1.14674
1.14442
1.1418
1.13736
1.13575
1.13057
1.12873
1.12491
1.11883
1.11458
1.1102
1.10569
1.10108
1.09638
1.09162
1.08681
1.08196
1.07467
1.07224
1.06739
1.06016
1.05539
1.05067
1.04601
1.04141
1.03688
1.03242
1.02805
1.02377
1.01957
1.01547
1.01146
1.00754
1.00372
0.999991
0.996358
0.992821
0.98938
0.986036
0.982791
0.979647
0.976607
0.973674
0.970851
0.968143
0.965549
0.963078
0.959603
0.957446
0.956416
0.953521
0.951755
0.95012
0.948619
0.947249
0.946012
0.94544
0.943918
0.943056
0.942316
0.941695
0.941188
0.940791
0.9405
0.94031
0.94022
0.940224
0.940315
0.940491
0.940746
0.941074
0.941467
0.94217
0.942431
0.94299
0.94359
0.944226
0.945238
0.945588
0.946669
0.94741
0.948163
0.948926
0.949697
0.95047
0.951248
0.952024
0.952795
0.953563
0.954325
0.955079
0.955825
0.956561
0.957289
0.958004
0.958709
0.9594
0.96008
0.960747
0.961399
0.962038
0.962662
0.96327
0.963863
0.964725
0.965004
0.965818
0.966341
0.966846
0.967337
0.967575
0.968266
0.968705
0.969128
0.969533
0.969922
0.970294
0.97065
0.970989
0.971312
0.971467
0.97191
0.972187
0.972448
0.972694
0.972926
0.973144
0.973347
0.973536
0.973714
0.973878
0.97403
0.97417
0.974297
0.974413
0.974517
0.974653
0.974693
0.974766
0.974829
0.974881
0.974925
0.974976
0.974998
0.975012
0.975019
0.975018
0.97501
0.974995
0.974974
0.974947
0.974916
0.974877
0.974834
0.974789
0.974735
0.974681
0.97462
0.974559
0.97449
0.974422
0.97435
0.974274
0.974197
0.974121
0.974039
0.973955
0.973871
0.973787
0.973703
0.973577
0.973494
0.97341
0.973326
0.9732
0.973116
0.973032
0.972948
0.972864
0.972785
0.972709
0.972632
0.972556
0.972482
0.972413
0.972344
0.972276
0.972212
0.972151
0.97209
0.972033
0.971979
0.971926
0.971876
0.97183
0.971763
0.971744
0.971705
0.971667
0.971636
0.97159
0.971576
0.971553
0.971519
0.971502
0.971487
0.971473
0.971465
0.971457
0.971453
0.971453
0.971453
0.971457
0.971464
0.971472
0.971483
0.971498
0.971514
0.971532
0.971555
0.971578
0.971601
0.97163
0.971661
0.971691
0.971742
0.97178
0.971818
0.971856
0.971897
0.971943
0.971989
0.972034
0.97208
0.972127
0.97218
0.972234
0.972287
0.972341
0.972394
0.972447
0.972501
0.972562
0.972623
0.972684
0.972745
0.972806
0.972867
0.972928
0.97302
0.97305
0.973142
0.973172
0.973233
0.973333
0.973368
0.973471
0.973539
0.973608
0.973677
0.973745
0.973814
0.973883
0.973951
0.97402
0.974089
0.974157
0.974226
0.974288
0.974349
0.97441
0.974471
0.974532
0.974624
0.974685
0.974715
0.974807
0.974868
0.974929
0.97499
0.975051
0.975112
0.975173
0.975234
0.975292
0.975346
0.975399
0.975452
0.975506
0.975559
0.975613
0.975666
0.975719
0.975773
0.975826
0.97588
0.975933
0.975986
0.976039
0.976085
0.97613
0.976176
0.976222
0.976268
0.976314
0.976359
0.976428
0.976451
0.976497
0.976542
0.976588
0.976634
0.976703
0.976748
0.976794
0.97684
0.976885
0.976923
0.976961
0.976999
0.977037
0.977076
0.977114
0.977152
0.97719
0.977228
0.977266
0.977304
0.977343
0.977381
0.977419
0.977457
0.977495
0.977533
0.977571
0.97761
0.977648
0.977686
0.977743
0.977781
0.977819
0.977839
0.977896
0.977934
0.977972
0.978009
0.97804
0.97807
0.978101
0.978131
0.978162
0.978192
0.978223
0.978253
0.978284
0.978314
0.978345
0.978375
0.978406
0.978436
0.978467
0.978513
0.978528
0.978559
0.978589
0.97862
0.97865
0.978696
0.978711
0.978742
0.978772
0.978803
0.978848
0.978879
0.978909
0.97894
0.978971
0.979001
0.979032
0.979062
0.979093
0.979123
0.979154
0.979184
0.979215
0.979245
0.979277
0.979315
0.979353
0.979391
0.979429
0.979467
0.979506
0.979563
0.979601
0.979639
0.979677
0.979715
0.979753
0.979792
0.97983
0.979868
0.979906
0.979944
0.979982
0.980021
0.980078
0.980097
0.980127
0.980158
0.980188
0.980234
0.980249
0.98028
0.980326
0.980356
0.980387
0.980417
0.980448
0.980478
0.980509
0.980539
0.98057
0.9806
0.980646
0.980661
0.980707
0.980738
0.980768
0.980799
0.980829
0.98086
0.98089
0.980921
0.980951
0.980982
0.981012
0.981043
0.981073
0.981104
0.981134
0.981165
0.981195
0.981226
0.981256
0.981302
0.981318
0.981363
0.981379
0.981409
0.98144
0.981485
0.981524
0.981543
0.9816
0.981638
0.981657
0.981714
0.981752
0.981791
0.981829
0.981867
0.981905
0.981943
0.981979
0.98201
0.98204
0.982071
0.982101
0.982132
0.982162
0.982193
0.982224
0.982254
0.9823
0.98233
0.982361
0.982391
0.982422
0.982452
0.982483
0.982513
0.982544
0.982574
0.982605
0.982635
0.982666
0.982697
0.982727
0.982758
0.982788
0.982819
0.982849
0.98288
0.98291
0.982941
0.982971
0.983002
0.983047
0.983078
0.983093
0.983139
0.98317
0.9832
0.983231
0.983261
0.983292
0.983322
0.983353
0.983383
0.983414
0.983459
0.983475
0.983521
0.983536
0.983566
0.983597
0.983643
0.983658
0.983704
0.983734
0.983765
0.983795
0.983826
0.983856
0.983887
0.983917
0.983948
0.983978
0.984009
0.984039
0.98407
0.9841
0.984131
0.984161
0.984192
0.984222
0.984253
0.984283
0.984314
0.984344
0.984375
0.984406
0.984436
0.984482
0.984512
0.984543
0.984573
0.984604
0.984634
0.984665
0.984695
0.984708
0.984742
0.984765
0.984788
0.984811
0.984834
0.984857
0.984879
0.984902
0.984925
0.984948
0.984971
0.984994
0.985017
0.98504
0.985063
0.985085
0.985108
0.985131
0.985154
0.985177
0.985211
0.985223
0.985246
0.98528
0.985303
0.985326
0.985349
0.985372
0.985394
0.985417
0.98544
0.985463
0.985486
0.985509
0.985532
0.985555
0.985578
0.9856
0.985623
0.985646
0.985669
0.985703
0.985726
0.985749
0.985761
0.985795
0.985818
0.985841
0.985864
0.985887
0.985909
0.985932
0.985955
0.985978
0.986001
0.986035
0.986047
0.98607
0.986093
0.986115
0.98615
0.986161
0.986196
0.986207
0.986241
0.986253
0.986287
0.986299
0.986333
0.986356
0.986379
0.986407
0.986438
0.986468
0.986499
0.986529
0.98656
0.98659
0.986621
0.986651
0.986682
0.986712
0.986743
0.986767
0.98679
0.986813
0.986835
0.986858
0.986881
0.986916
0.986927
0.98695
0.986973
0.986996
0.98703
0.987053
0.987076
0.987099
0.987122
0.987144
0.987167
0.98719
0.987213
0.987236
0.987259
0.987282
0.987305
0.987328
0.98735
0.987373
0.987396
0.987419
0.987442
0.987465
0.987488
0.987511
0.987534
0.987556
0.987591
0.987614
0.987637
0.987659
0.987682
0.987705
0.987728
0.987751
0.987774
0.987797
0.98782
0.987843
0.987865
0.987888
0.987911
0.987934
0.987957
0.98798
0.988003
0.988026
0.988049
0.988071
0.988094
0.988117
0.98814
0.988163
0.988186
0.988209
0.988232
0.988255
0.988277
0.988312
0.988335
0.988358
0.98838
0.988403
0.988438
0.988461
0.988472
0.988506
0.988529
0.988552
0.988575
0.988598
0.988621
0.988644
0.988667
0.988689
0.988712
0.988735
0.988758
0.988781
0.988804
0.988827
0.98885
0.988873
0.988895
0.988918
0.988941
0.988964
0.988987
0.98901
0.989044
0.989056
0.98909
0.989113
0.989124
0.989159
0.98917
0.989193
0.989227
0.989239
0.989273
0.989283
0.989298
0.989321
0.989336
0.989351
0.989359
0.989382
0.989397
0.989405
0.989428
0.989443
0.989458
0.989473
0.989489
0.989511
0.989519
0.989542
0.989557
0.989565
0.98958
0.989603
0.989618
0.989634
0.989649
0.989656
0.989679
0.989695
0.98971
0.989725
0.98974
0.989756
0.989771
0.989786
0.989801
0.989817
0.989832
0.989847
0.989862
0.989878
0.989893
0.989908
0.989923
0.989939
0.989954
0.989969
0.989992
0.990007
0.990019
0.990053
0.990076
0.990099
0.990122
0.990145
0.990168
0.990191
0.990213
0.990236
0.990259
0.990282
0.990305
0.990328
0.990351
0.990374
0.990408
0.990418
0.990434
0.990457
0.990464
0.990487
0.990495
0.990518
0.990533
0.990541
0.990563
0.990571
0.990594
0.990609
0.990624
0.99064
0.990655
0.99067
0.990685
0.990701
0.990708
0.990731
0.990746
0.990762
0.990777
0.990792
0.990808
0.99083
0.990838
0.990861
0.990869
0.990891
0.990907
0.990922
0.990937
0.990952
0.990968
0.990983
0.990998
0.991014
0.991029
0.991052
0.991059
0.991075
0.99109
0.991105
0.99112
0.991143
0.991151
0.991174
0.991189
0.991197
0.99122
0.991235
0.99125
0.991265
0.991281
0.991296
0.991311
0.991326
0.991342
0.991357
0.991372
0.991387
0.991403
0.991418
0.991433
0.991448
0.991464
0.991479
0.991494
0.991517
0.991525
0.991548
0.991555
0.991578
0.991593
0.991609
0.991624
0.991632
0.991654
0.99167
0.991685
0.9917
0.991715
0.991731
0.991746
0.991761
0.991776
0.991799
0.991807
0.99183
0.991838
0.991853
0.991868
0.991891
0.991906
0.991921
0.991937
0.991952
0.991967
0.991982
0.991998
0.992013
0.992028
0.992043
