0
7.62924e-06
1.52588e-05
2.28881e-05
3.05173e-05
4.76834e-05
0.000124931
0.000376701
0.000958442
0.00204277
0.00380516
0.00807571
0.0122185
0.01754
0.0241346
0.0320702
0.0413971
0.0521278
0.0642643
0.0777874
0.09266
0.108835
0.135405
0.154558
0.174773
0.195971
0.218066
0.240974
0.252705
0.288854
0.313633
0.338853
0.364429
0.39028
0.429421
0.455662
0.481936
0.508175
0.534313
0.560294
0.586059
0.611546
0.636697
0.661461
0.685794
0.709659
0.733026
0.755867
0.778158
0.810519
0.831347
0.851562
0.871144
0.890082
0.908362
0.925963
0.942865
0.959051
0.981962
0.996313
1.00993
1.02281
1.03496
1.04639
1.0571
1.0671
1.0764
1.08499
1.09659
1.10012
1.10668
1.11534
1.12034
1.12474
1.12857
1.13184
1.13457
1.13678
1.1385
1.13974
1.14051
1.14084
1.14075
1.14027
1.13941
1.13819
1.13574
1.13477
1.13142
1.12886
1.12604
1.123
1.11976
1.11632
1.11272
1.10896
1.10506
1.10105
1.09694
1.09274
1.08847
1.08415
1.07979
1.07541
1.07101
1.06661
1.06222
1.05786
1.05352
1.04921
1.04495
1.04074
1.03658
1.03248
1.02844
1.02447
1.02057
1.01673
1.01296
1.00745
1.00388
1.00038
0.996961
0.993626
0.991989
0.987213
0.984147
0.98118
0.978317
0.975561
0.972915
0.97038
0.967959
0.965655
0.963472
0.961405
0.959459
0.956778
0.955145
0.954374
0.952246
0.951597
0.949831
0.948801
0.947889
0.947091
0.946403
0.945819
0.945336
0.944951
0.944661
0.944458
0.944341
0.944305
0.944347
0.944462
0.944641
0.944881
0.94518
0.945529
0.945923
0.946357
0.946826
0.947326
0.947854
0.948406
0.948978
0.949568
0.950171
0.950787
0.951411
0.952044
0.952683
0.953324
0.954286
0.954606
0.955567
0.955888
0.956524
0.957157
0.957783
0.958708
0.959013
0.959616
0.960209
0.960503
0.961649
0.962206
0.962751
0.963284
0.963806
0.964314
0.964811
0.965295
0.965764
0.96622
0.966661
0.967089
0.967502
0.9679
0.968285
0.968834
0.969009
0.969516
0.969836
0.970143
0.970437
0.970716
0.970983
0.971235
0.971476
0.971702
0.971916
0.972118
0.972308
0.972486
0.972652
0.972808
0.972952
0.973085
0.973209
0.973322
0.973426
0.97352
0.973606
0.973683
0.973752
0.973812
0.973865
0.973909
0.973948
0.973978
0.974002
0.97402
0.974036
0.974039
0.974038
0.97403
0.974018
0.974003
0.97398
0.973956
0.973926
0.973895
0.973858
0.97382
0.973779
0.973733
0.973687
0.973641
0.973562
0.973509
0.973455
0.973402
0.973349
0.973295
0.973235
0.973174
0.973113
0.973052
0.972991
0.97293
0.972877
0.972823
0.97277
0.972716
0.972663
0.97261
0.972556
0.972503
0.972456
0.97241
0.972364
0.972319
0.972253
0.972215
0.972177
0.972138
0.972102
0.972072
0.972041
0.972011
0.971984
0.97195
0.971927
0.971908
0.971892
0.971877
0.971862
0.97185
0.971847
0.971835
0.971835
0.971835
0.971835
0.971839
0.971847
0.971854
0.971869
0.971884
0.971899
0.971914
0.971933
0.971956
0.971979
0.972002
0.972027
0.972057
0.972088
0.972118
0.972149
0.972183
0.972221
0.97226
0.972298
0.972336
0.972397
0.972443
0.972488
0.972534
0.97258
0.972626
0.972672
0.972722
0.972775
0.972829
0.972882
0.972936
0.972989
0.973042
0.973096
0.973149
0.973203
0.973256
0.97331
0.973365
0.973456
0.973517
0.973578
0.973639
0.973701
0.973762
0.973823
0.973884
0.973945
0.974006
0.974067
0.974128
0.974219
0.97428
0.974341
0.974402
0.974463
0.974524
0.974586
0.974646
0.974699
0.974752
0.974806
0.974859
0.974886
0.974993
0.975019
0.975073
0.975153
0.975206
0.97526
0.975313
0.975367
0.97542
0.975473
0.975527
0.97558
0.975634
0.975687
0.97574
0.975794
0.975843
0.975889
0.975935
0.975935
0.976027
0.976072
0.976118
0.976164
0.97621
0.976255
0.976301
0.976347
0.976393
0.976439
0.976484
0.97653
0.976576
0.976622
0.976667
0.976713
0.976759
0.976828
0.976873
0.976919
0.976964
0.977002
0.97704
0.977078
0.977117
0.977155
0.977193
0.977231
0.977269
0.977307
0.977345
0.977384
0.977422
0.97746
0.977498
0.977536
0.977574
0.977612
0.977651
0.977708
0.977727
0.977784
0.977822
0.97786
0.977899
0.977937
0.977975
0.978013
0.978051
0.978089
0.978147
0.978166
0.978223
0.978261
0.978299
0.978337
0.978375
0.978414
0.978452
0.978486
0.978517
0.978547
0.978578
0.978623
0.978654
0.978684
0.9787
0.978745
0.978776
0.978806
0.978837
0.978868
0.978898
0.978929
0.978959
0.97899
0.97902
0.979051
0.979081
0.979112
0.979142
0.979173
0.979203
0.979234
0.979264
0.979295
0.979325
0.979356
0.979386
0.979417
0.979447
0.979478
0.979508
0.979554
0.979585
0.979615
0.979646
0.979683
0.979721
0.979759
0.979797
0.979836
0.979874
0.979912
0.97995
0.980007
0.980045
0.980083
0.980122
0.98016
0.980198
0.980236
0.980274
0.980312
0.98035
0.980389
0.980421
0.980452
0.980482
0.980513
0.980543
0.980574
0.980619
0.980635
0.980665
0.980696
0.980726
0.980772
0.980787
0.980818
0.980848
0.980894
0.980925
0.980955
0.980986
0.981016
0.981047
0.981077
0.981108
0.981138
0.981169
0.981199
0.98123
0.98126
0.981291
0.981321
0.981352
0.981382
0.981413
0.981443
0.981474
0.981504
0.981535
0.981565
0.981596
0.981627
0.981657
0.981688
0.981718
0.981749
0.981779
0.981825
0.981855
0.981886
0.981916
0.981947
0.981977
0.982008
0.982038
0.982069
0.9821
0.982145
0.982176
0.982206
0.982237
0.982267
0.982298
0.982328
0.982359
0.982389
0.982435
0.982466
0.982496
0.982527
0.982557
0.982588
0.982618
0.982649
0.982679
0.98271
0.982756
0.982771
0.982801
0.982832
0.982878
0.982908
0.982939
0.982969
0.983
0.98303
0.983061
0.983091
0.983122
0.983152
0.983198
0.983213
0.983259
0.98329
0.98332
0.983351
0.983381
0.983412
0.983442
0.983473
0.983519
0.983549
0.983564
0.983595
0.983625
0.983671
0.983702
0.983732
0.983763
0.983793
0.983824
0.983854
0.9839
0.983931
0.983961
0.983992
0.984022
0.984053
0.984083
0.984114
0.984144
0.984175
0.984205
0.984236
0.984266
0.984297
0.984327
0.984358
0.984388
0.984419
0.984449
0.98448
0.98451
0.984541
0.984571
0.984602
0.984632
0.984678
0.984709
0.984739
0.98477
0.9848
0.984831
0.984877
0.984892
0.984922
0.984953
0.984983
0.985029
0.985044
0.985075
0.985102
0.985136
0.985159
0.98517
0.985205
0.985228
0.98525
0.985273
0.985296
0.985319
0.985342
0.985365
0.985388
0.985411
0.985434
0.985456
0.985479
0.985502
0.985525
0.985548
0.985571
0.985594
0.985617
0.985651
0.985674
0.985697
0.98572
0.985743
0.985765
0.985788
0.985811
0.985834
0.985857
0.98588
0.985903
0.985926
0.985949
0.985971
0.985994
0.986017
0.98604
0.986063
0.986086
0.986109
0.986132
0.986155
0.986189
0.9862
0.986223
0.986246
0.98628
0.986303
0.986326
0.986338
0.986372
0.986395
0.986418
0.986441
0.986464
0.986486
0.986509
0.986532
0.986555
0.986578
0.986601
0.986612
0.986624
0.98667
0.986681
0.986715
0.986738
0.986761
0.986784
0.986807
0.98683
0.986853
0.986876
0.986898
0.986921
0.986944
0.986967
0.98699
0.987013
0.987047
0.987059
0.987082
0.987104
0.987127
0.987162
0.987173
0.987207
0.987219
0.987242
0.987276
0.987288
0.98731
0.987345
0.987368
0.987391
0.987413
0.987436
0.987459
0.987482
0.987505
0.987528
0.987551
0.987574
0.987597
0.987631
0.987654
0.987677
0.9877
0.987722
0.987745
0.987768
0.987791
0.987814
0.987848
0.987871
0.987894
0.987917
0.98794
0.987974
0.987997
0.987997
0.988043
0.988066
0.988089
0.988111
0.988134
0.988157
0.98818
0.988203
0.988226
0.988249
0.988272
0.988295
0.988317
0.98834
0.988363
0.988386
0.98842
0.988443
0.988466
0.988489
0.988512
0.988535
0.988558
0.988581
0.988604
0.988626
0.988649
0.988672
0.988695
0.988718
0.988752
0.988775
0.988787
0.98881
0.988844
0.988855
0.98889
0.988913
0.988935
0.988958
0.988981
0.989004
0.989027
0.98905
0.989073
0.989096
0.989119
0.989141
0.989164
0.989187
0.98921
0.989233
0.989256
0.989279
0.989302
0.989325
0.989347
0.98937
0.989393
0.989416
0.989439
0.989459
0.989474
0.98949
0.989505
0.98952
0.989535
0.989551
0.989573
0.989589
0.989604
0.989619
0.989635
0.98965
0.989665
0.98968
0.989696
0.989711
0.989726
0.989741
0.989757
0.989772
0.989787
0.989802
0.989818
0.989833
0.989848
0.989863
0.989879
0.989894
0.989917
0.989932
0.989947
0.989963
0.989978
0.989993
0.990008
0.990024
0.990039
0.990054
0.990069
0.990085
0.9901
0.990108
0.99013
0.990146
0.990161
0.990176
0.990191
0.990207
0.990222
0.990237
0.990252
0.990268
0.990283
0.990298
0.990317
0.99034
0.990363
0.990386
0.99042
0.990432
0.990466
0.990489
0.990512
0.990535
0.990558
0.990581
0.990603
0.990626
0.990649
0.990672
0.990704
0.990711
0.990726
0.990742
0.990757
0.990772
0.990788
0.99081
0.990818
0.990833
0.990849
0.990864
0.990887
0.990902
0.990917
0.990932
0.990948
0.990963
0.990978
0.990993
0.991009
0.991024
0.991039
0.991055
0.99107
0.991085
0.9911
0.991116
0.991131
0.991146
0.991161
0.991177
0.991192
0.991207
0.991222
0.991238
0.991253
0.991268
0.991283
0.991299
0.991314
0.991329
0.991344
0.99136
0.991367
0.99139
0.991405
0.991428
0.991444
0.991451
0.991474
0.991489
0.991505
0.99152
0.991535
0.99155
0.991566
0.991581
0.991596
0.991611
0.991627
0.991642
0.991657
0.991673
0.991688
0.991703
0.991726
0.991741
0.991756
0.991772
0.991787
0.991802
0.991817
0.991833
0.991848
0.991863
0.991879
0.991894
0.991909
0.991924
0.991947
0.991962
0.99197
0.991993
0.992008
0.992023
0.992039
0.992054
0.992069
0.992085
0.9921
0.992115
0.99213
0.992146
0.992161
0.992176
0.992191
