0
7.62924e-06
1.52588e-05
2.28881e-05
3.05177e-05
4.00542e-05
7.72476e-05
0.000224114
0.000619888
0.00143051
0.00380802
0.00499535
0.0100098
0.0147285
0.0175428
0.027935
0.0365639
0.0465965
0.0580435
0.0708933
0.0851202
0.100681
0.117516
0.135554
0.154722
0.174933
0.196105
0.218147
0.240972
0.26449
0.288615
0.313261
0.338343
0.36378
0.40243
0.415406
0.454491
0.480589
0.493626
0.519638
0.558369
0.583908
0.609152
0.634046
0.658553
0.682638
0.706257
0.729365
0.751927
0.773911
0.795288
0.816039
0.836144
0.855588
0.874359
0.892448
0.90985
0.92656
0.942575
0.957894
0.972518
0.993151
0.999682
1.01824
1.02409
1.03527
1.04578
1.06029
1.0648
1.07331
1.08488
1.08842
1.09811
1.10383
1.10895
1.11352
1.11753
1.121
1.12396
1.12641
1.12837
1.12986
1.1309
1.13151
1.13171
1.13151
1.13094
1.13001
1.12876
1.12719
1.12533
1.12319
1.12079
1.11817
1.11532
1.11227
1.10904
1.10564
1.10388
1.09841
1.09461
1.09071
1.08673
1.08267
1.0765
1.07442
1.07025
1.06606
1.06187
1.05769
1.05353
1.04941
1.04532
1.03927
1.0353
1.03333
1.02752
1.02373
1.02
1.01634
1.01276
1.00926
1.00584
1.00252
0.99929
0.996161
0.993134
0.990208
0.987382
0.984655
0.982026
0.978262
0.977055
0.973574
0.971373
0.970307
0.967258
0.96535
0.963543
0.961838
0.961024
0.95874
0.957346
0.956056
0.954869
0.953785
0.9528
0.951913
0.951121
0.950423
0.949817
0.9493
0.94887
0.948524
0.948153
0.948068
0.947948
0.947898
0.947934
0.948027
0.948168
0.948354
0.94858
0.948842
0.94914
0.949464
0.949815
0.95019
0.950585
0.950999
0.951428
0.951872
0.952327
0.952794
0.95327
0.953753
0.954242
0.954738
0.955235
0.955739
0.956243
0.956746
0.95725
0.957753
0.958506
0.959002
0.959249
0.95974
0.960227
0.960708
0.961416
0.96188
0.962336
0.962784
0.963223
0.963655
0.964077
0.964489
0.964891
0.965284
0.965666
0.966037
0.966398
0.966747
0.967087
0.967415
0.967732
0.96804
0.968479
0.96862
0.969028
0.969288
0.969537
0.969776
0.969892
0.970223
0.970432
0.970631
0.970819
0.970999
0.971169
0.971331
0.971482
0.971625
0.97176
0.971887
0.972006
0.972116
0.97222
0.972317
0.972406
0.972489
0.972566
0.972634
0.972697
0.972754
0.972807
0.972853
0.972893
0.972929
0.972974
0.972985
0.973008
0.973025
0.973045
0.973049
0.973057
0.973059
0.973059
0.973053
0.973045
0.973042
0.973032
0.973017
0.972994
0.972979
0.972957
0.972934
0.972911
0.972888
0.972865
0.972842
0.972819
0.972791
0.97276
0.97273
0.972699
0.972669
0.972638
0.972608
0.972577
0.972547
0.972523
0.9725
0.972477
0.972466
0.972431
0.972408
0.972385
0.972351
0.97234
0.972316
0.972308
0.972293
0.97227
0.972255
0.972242
0.972235
0.972227
0.972219
0.972212
0.972206
0.972206
0.972206
0.972206
0.972206
0.972208
0.972216
0.972223
0.972231
0.972239
0.972248
0.972263
0.972279
0.972294
0.972309
0.972325
0.972348
0.972383
0.972394
0.972428
0.97244
0.972467
0.972513
0.972528
0.972574
0.972605
0.972635
0.972672
0.972711
0.972749
0.972787
0.972825
0.972863
0.972901
0.972939
0.972985
0.973031
0.973077
0.973123
0.973168
0.973214
0.97326
0.973306
0.973351
0.973397
0.973443
0.973516
0.973569
0.973622
0.973676
0.973729
0.973783
0.973836
0.973889
0.973943
0.973996
0.97405
0.974103
0.974156
0.97421
0.974263
0.974317
0.97437
0.974423
0.974477
0.97453
0.974584
0.974637
0.97469
0.974744
0.974797
0.974851
0.974904
0.974957
0.975011
0.975064
0.975118
0.975171
0.975224
0.975278
0.975331
0.975411
0.975438
0.975492
0.975545
0.975598
0.975678
0.975705
0.975751
0.97582
0.975842
0.975911
0.975934
0.976003
0.976048
0.976094
0.97614
0.976186
0.976232
0.976277
0.976323
0.976369
0.976415
0.97646
0.976506
0.976552
0.976621
0.976644
0.976689
0.976735
0.976781
0.97685
0.976871
0.97691
0.976948
0.976986
0.977043
0.977081
0.977119
0.977158
0.977196
0.977234
0.977272
0.97731
0.977348
0.977386
0.977425
0.977463
0.977501
0.977539
0.977577
0.977615
0.977654
0.977692
0.97773
0.977768
0.977806
0.977844
0.977882
0.977921
0.977978
0.977997
0.978035
0.978073
0.978111
0.978168
0.978207
0.978245
0.978283
0.978321
0.978359
0.978397
0.978436
0.978474
0.978512
0.97855
0.978588
0.978626
0.978664
0.978699
0.978729
0.97876
0.978806
0.978836
0.978867
0.978897
0.978928
0.978958
0.978989
0.979019
0.97905
0.97908
0.979111
0.979141
0.979172
0.979202
0.979233
0.979263
0.979294
0.979324
0.979355
0.97937
0.979416
0.979446
0.979477
0.979507
0.979538
0.979568
0.979599
0.97963
0.97966
0.979691
0.979722
0.97976
0.979817
0.979856
0.979894
0.979913
0.979951
0.980008
0.980046
0.980084
0.980123
0.980161
0.980199
0.980237
0.980275
0.980313
0.980351
0.98039
0.980428
0.980466
0.980501
0.980532
0.980562
0.980593
0.980623
0.980654
0.980684
0.98073
0.980745
0.980791
0.980822
0.980852
0.980883
0.980913
0.980944
0.980974
0.981005
0.981035
0.981066
0.981096
0.981127
0.981157
0.981188
0.981218
0.981249
0.981279
0.98131
0.98134
0.981371
0.981401
0.981432
0.981462
0.981493
0.981524
0.981554
0.981585
0.981615
0.981646
0.981676
0.981707
0.981737
0.981783
0.981813
0.981844
0.981874
0.981905
0.981936
0.981966
0.981997
0.982027
0.982058
0.982088
0.982119
0.982149
0.98218
0.98221
0.982241
0.982271
0.982302
0.982332
0.982363
0.982393
0.982424
0.982454
0.982485
0.982531
0.982561
0.982576
0.982622
0.982653
0.982683
0.982714
0.982744
0.982775
0.982805
0.982851
0.982882
0.982912
0.982943
0.982973
0.983004
0.983034
0.983065
0.983095
0.983126
0.983156
0.983187
0.983217
0.983248
0.983278
0.983309
0.983339
0.98337
0.9834
0.983431
0.983461
0.983492
0.983522
0.983553
0.983583
0.983629
0.983644
0.98369
0.983721
0.983751
0.983782
0.983812
0.983843
0.983873
0.983904
0.983934
0.983965
0.983995
0.984026
0.984056
0.984087
0.984118
0.984148
0.984179
0.984209
0.98424
0.98427
0.984301
0.984331
0.984362
0.984392
0.984423
0.984453
0.984484
0.984514
0.984545
0.984575
0.984606
0.984636
0.984667
0.984713
0.984728
0.984758
0.984789
0.984819
0.984865
0.98488
0.984926
0.984941
0.984987
0.98501
0.985033
0.985056
0.985079
0.985102
0.985125
0.985147
0.98517
0.985193
0.985216
0.985239
0.985262
0.985285
0.985308
0.985331
0.985353
0.985376
0.985399
0.985422
0.985445
0.985468
0.985491
0.985514
0.985537
0.985571
0.985582
0.985605
0.98564
0.985651
0.985685
0.985697
0.985731
0.985754
0.985777
0.9858
0.985823
0.985846
0.985868
0.985891
0.985914
0.985937
0.98596
0.985983
0.986006
0.986029
0.986052
0.986074
0.986097
0.98612
0.986143
0.986166
0.986189
0.986212
0.986235
0.986258
0.98628
0.986303
0.986326
0.986361
0.986383
0.986395
0.986429
0.986452
0.986475
0.986498
0.986521
0.986544
0.986567
0.986589
0.986612
0.986635
0.986658
0.986681
0.986704
0.986727
0.98675
0.986773
0.986795
0.986818
0.986841
0.986864
0.986887
0.98691
0.986944
0.986967
0.98699
0.987001
0.987036
0.987059
0.987082
0.987104
0.987127
0.98715
0.987173
0.987196
0.987219
0.987242
0.987265
0.987288
0.98731
0.987345
0.987368
0.987391
0.987413
0.987436
0.987459
0.987482
0.987505
0.987528
0.987551
0.987574
0.987597
0.987619
0.987642
0.987665
0.9877
0.987722
0.987745
0.987757
0.98778
0.987814
0.987837
0.98786
0.987883
0.987906
0.987928
0.987951
0.987974
0.987997
0.98802
0.988043
0.988066
0.988089
0.988111
0.988134
0.988157
0.98818
0.988203
0.988226
0.988249
0.988272
0.988295
0.988317
0.98834
0.988363
0.988386
0.988409
0.988432
0.988455
0.988478
0.988501
0.988523
0.988546
0.988569
0.988592
0.988615
0.988638
0.988661
0.988684
0.988718
0.988741
0.988764
0.988787
0.98881
0.988832
0.988855
0.988878
0.988901
0.988924
0.988947
0.98897
0.988993
0.989016
0.989038
0.989073
0.989096
0.989119
0.989141
0.989164
0.989187
0.98921
0.989233
0.989256
0.989279
0.989302
0.989325
0.989347
0.98937
0.989393
0.989416
0.989439
0.989462
0.989485
0.989501
0.989516
0.989532
0.989547
0.989562
0.989577
0.989593
0.989608
0.989631
0.989638
0.989654
0.989669
0.989692
0.989707
0.989722
0.989738
0.989753
0.989768
0.989783
0.989799
0.989814
0.989829
0.989844
0.98986
0.989867
0.98989
0.989905
0.989921
0.989936
0.989951
0.989966
0.989982
0.989997
0.990012
0.990027
0.99005
0.990066
0.990081
0.990096
0.990104
0.990127
0.990142
0.990157
0.990172
0.990188
0.990203
0.990218
0.990233
0.990249
0.990264
0.990279
0.990294
0.99031
0.990325
0.99034
0.990355
0.990371
0.990386
0.990401
0.990418
0.990441
0.990464
0.990487
0.99051
0.990544
0.990556
0.99059
0.990613
0.990636
0.990659
0.990682
0.990705
0.990727
0.99075
0.990773
0.990796
0.990815
0.99083
0.990846
0.990861
0.990876
0.990891
0.990907
0.990922
0.990937
0.990952
0.990968
0.990983
0.990998
0.991014
0.991029
0.991044
0.991067
0.991082
0.99109
0.991113
0.991128
0.991143
0.991158
0.991174
0.991189
0.991204
0.99122
0.991227
0.99125
0.991265
0.991281
0.991296
0.991311
0.991326
0.991342
0.991357
0.991372
0.991387
0.991403
0.991418
0.991433
0.991448
0.991464
0.991479
0.991494
0.991509
0.991525
0.99154
0.991555
0.99157
0.991586
0.991601
0.991616
0.991632
0.991647
0.99167
0.991677
0.991693
0.991708
0.991731
0.991746
0.991761
0.991776
0.991784
0.991807
0.991822
0.991838
0.991853
0.991868
0.991883
0.991899
0.991914
0.991929
0.991944
0.99196
0.991975
0.99199
0.992005
0.992021
0.992036
0.992051
0.992066
0.992082
