0
3.81462e-06
1.52588e-05
2.28881e-05
3.2425e-05
6.9618e-05
0.000216484
0.000612259
0.00142288
0.00282478
0.00498772
0.00807095
0.0122137
0.0175362
0.0241318
0.0365591
0.041399
0.0580444
0.0642986
0.0778532
0.0927677
0.108994
0.126464
0.154844
0.164844
0.18559
0.21842
0.229779
0.253055
0.276994
0.301503
0.339152
0.364717
0.390559
0.41661
0.442796
0.469049
0.482177
0.521455
0.547454
0.573224
0.598708
0.623847
0.648612
0.672961
0.696849
0.720235
0.743085
0.76537
0.787061
0.818433
0.82857
0.848348
0.867454
0.894822
0.903596
0.928845
0.936902
0.959987
0.974475
0.981448
1.00128
1.00754
1.02522
1.03612
1.04632
1.05583
1.06466
1.07283
1.08034
1.0872
1.09342
1.09901
1.10398
1.10835
1.11214
1.11538
1.11808
1.12117
1.12196
1.12319
1.12397
1.12437
1.1243
1.12388
1.12259
1.12132
1.12057
1.11787
1.11574
1.11336
1.11075
1.10793
1.10493
1.10174
1.0984
1.09493
1.09134
1.08764
1.08385
1.08
1.07609
1.07214
1.06817
1.0622
1.05823
1.05625
1.05231
1.04839
1.0426
1.03879
1.03503
1.03317
1.02769
1.02411
1.0206
1.01887
1.01379
1.01049
1.00727
1.00412
1.00107
0.99809
0.995198
0.992394
0.989676
0.987048
0.984509
0.98206
0.979699
0.977427
0.975242
0.973144
0.971133
0.969207
0.967368
0.965619
0.96396
0.962392
0.960916
0.959533
0.957635
0.957049
0.955949
0.954942
0.954026
0.953206
0.952474
0.951543
0.95103
0.950601
0.95025
0.949971
0.949761
0.949616
0.949533
0.949508
0.949534
0.949613
0.949737
0.949903
0.950103
0.950339
0.950606
0.950902
0.951221
0.951562
0.951922
0.952495
0.952893
0.953099
0.953731
0.953944
0.954381
0.955045
0.955266
0.955953
0.95641
0.956868
0.957326
0.957784
0.958241
0.958699
0.959153
0.959596
0.960038
0.960481
0.960908
0.961335
0.961755
0.962167
0.962575
0.962972
0.963365
0.963746
0.964122
0.964488
0.964847
0.965198
0.965539
0.965875
0.966197
0.966514
0.966819
0.967116
0.967406
0.96782
0.967956
0.968215
0.968469
0.968831
0.96906
0.969281
0.969495
0.969697
0.969895
0.970078
0.97026
0.970428
0.97059
0.970742
0.970889
0.971026
0.971158
0.97128
0.971398
0.971505
0.971612
0.971704
0.971795
0.971877
0.971953
0.97203
0.972123
0.972184
0.972238
0.972283
0.972306
0.972373
0.972404
0.972434
0.972465
0.972491
0.972507
0.972522
0.972537
0.972552
0.972564
0.972564
0.972564
0.972564
0.972564
0.972564
0.972564
0.972564
0.972554
0.972539
0.972524
0.972508
0.972493
0.972478
0.972463
0.972447
0.972432
0.972409
0.972402
0.972386
0.972371
0.972356
0.972333
0.972318
0.97231
0.972287
0.97228
0.972264
0.972241
0.972234
0.972211
0.972196
0.97218
0.972169
0.972169
0.972169
0.972169
0.972169
0.972169
0.972169
0.972169
0.972169
0.972169
0.972169
0.972169
0.972169
0.972177
0.972192
0.972207
0.972222
0.972238
0.972253
0.972268
0.972291
0.972299
0.972322
0.972337
0.972344
0.972362
0.972392
0.972438
0.972468
0.972484
0.972514
0.97256
0.97259
0.972621
0.972651
0.972667
0.972713
0.972743
0.972774
0.972804
0.97284
0.972886
0.972932
0.972978
0.973023
0.973069
0.973115
0.973161
0.973207
0.973252
0.973298
0.973344
0.97339
0.973435
0.973504
0.973527
0.973573
0.973619
0.973664
0.97371
0.973756
0.973825
0.973847
0.973893
0.973939
0.973985
0.974053
0.974099
0.974145
0.974191
0.974236
0.974282
0.974328
0.974374
0.97442
0.974465
0.974511
0.974557
0.974603
0.974648
0.974694
0.97474
0.974786
0.974854
0.974877
0.974923
0.974992
0.975038
0.97506
0.975129
0.975175
0.975221
0.975244
0.975312
0.975358
0.975404
0.97545
0.975495
0.975541
0.975587
0.975633
0.975678
0.975724
0.97577
0.975816
0.975862
0.975907
0.975953
0.975999
0.976045
0.97609
0.976136
0.976182
0.976228
0.976274
0.976319
0.976365
0.976411
0.976457
0.976502
0.976548
0.976594
0.97664
0.976686
0.976731
0.976777
0.976823
0.976869
0.976914
0.97696
0.977029
0.977052
0.97712
0.977166
0.977212
0.977258
0.977304
0.977349
0.977395
0.977441
0.977487
0.977532
0.977578
0.977624
0.97767
0.977715
0.977761
0.977807
0.977853
0.977899
0.977944
0.97799
0.978036
0.978082
0.97815
0.978196
0.978219
0.978288
0.97832
0.978335
0.978381
0.978396
0.978442
0.978473
0.978503
0.978534
0.978564
0.978595
0.978625
0.978656
0.978686
0.978717
0.978747
0.978778
0.978808
0.978839
0.978869
0.9789
0.97893
0.978976
0.978992
0.979022
0.979053
0.979083
0.979129
0.979159
0.979175
0.979205
0.979236
0.979266
0.979312
0.979342
0.979373
0.979403
0.979434
0.979465
0.979495
0.979526
0.979556
0.979587
0.979617
0.979648
0.979678
0.979709
0.979739
0.97977
0.9798
0.979831
0.979861
0.979892
0.979907
0.979953
0.979999
0.980014
0.98006
0.980075
0.980121
0.980151
0.980182
0.980212
0.980243
0.980273
0.980304
0.980334
0.980365
0.980395
0.980426
0.980456
0.980487
0.980517
0.980548
0.980578
0.980609
0.980639
0.98067
0.9807
0.980731
0.980762
0.980792
0.980823
0.980853
0.980899
0.980929
0.98096
0.98099
0.981021
0.981051
0.981082
0.981112
0.981143
0.981174
0.981217
0.981263
0.981309
0.981355
0.9814
0.981446
0.981492
0.981538
0.981584
0.981629
0.981666
0.981696
0.981742
0.981772
0.981803
0.981833
0.981864
0.981894
0.98191
0.981956
0.981986
0.982017
0.982047
0.982078
0.982108
0.982139
0.982169
0.9822
0.98223
0.982261
0.982291
0.982322
0.982352
0.982383
0.982413
0.982444
0.982474
0.982505
0.98252
0.982566
0.982596
0.982627
0.982657
0.982688
0.982718
0.982749
0.98278
0.982825
0.982841
0.982886
0.982902
0.982932
0.982978
0.982993
0.983039
0.983054
0.9831
0.98313
0.983161
0.983191
0.983222
0.983253
0.983283
0.983314
0.983344
0.983375
0.983405
0.983436
0.983466
0.983497
0.983527
0.983558
0.983588
0.983619
0.983665
0.98368
0.98371
0.983741
0.983787
0.983817
0.983848
0.983878
0.983909
0.983939
0.98397
0.984
0.984031
0.984061
0.984092
0.984122
0.984153
0.984183
0.984214
0.984244
0.984275
0.984305
0.984336
0.984366
0.984397
0.984427
0.984458
0.984488
0.984519
0.98455
0.98458
0.984626
0.984656
0.984687
0.984717
0.984748
0.984778
0.984809
0.984839
0.98487
0.9849
0.984931
0.984962
0.984992
0.985023
0.985053
0.985084
0.985114
0.985145
0.985175
0.985206
0.985236
0.985267
0.985297
0.985328
0.985358
0.985389
0.985419
0.98545
0.98548
0.985511
0.985541
0.985572
0.985602
0.985633
0.985663
0.985694
0.985717
0.985724
0.985747
0.985763
0.985778
0.985793
0.985808
0.985824
0.985839
0.985854
0.985869
0.985885
0.9859
0.985915
0.98593
0.985938
0.985961
0.985976
0.985991
0.986007
0.986022
0.986037
0.986053
0.986068
0.986083
0.9861
0.986131
0.986161
0.986192
0.986222
0.986253
0.986283
0.986314
0.98636
0.98639
0.986421
0.986436
0.986482
0.986512
0.986543
0.986573
0.986604
0.986634
0.986665
0.986695
0.986726
0.986756
0.986787
0.986817
0.986848
0.986878
0.986909
0.986939
0.986962
0.986978
0.986993
0.987008
0.987023
0.987039
0.987062
0.987069
0.987084
0.9871
0.987115
0.987138
0.987153
0.987168
0.987184
0.987191
0.987214
0.987229
0.987245
0.98726
0.987275
0.98729
0.987306
0.987321
0.987336
0.987351
0.987367
0.987382
0.987405
0.987435
0.987466
0.987496
0.987527
0.987557
0.987588
0.987618
0.987649
0.987679
0.98771
0.987741
0.987786
0.987802
0.987847
0.987863
0.987908
0.987939
0.987969
0.988
0.98803
0.988061
0.988091
0.988111
0.988126
0.988141
0.988156
0.988172
0.988187
0.988202
0.988217
0.988233
0.988248
0.988263
0.988278
0.988294
0.988309
0.988324
0.988339
0.988355
0.98837
0.988385
0.988408
0.988416
0.988439
0.988446
0.988469
0.988484
0.9885
0.988515
0.98853
0.988545
0.988561
0.988576
0.988591
0.988606
0.988622
0.988637
0.988652
0.988667
0.988683
0.988698
0.988713
0.988729
0.988744
0.988769
0.988799
0.98883
0.988875
0.988891
0.988921
0.988952
0.988982
0.989013
0.989043
0.989074
0.98912
0.98915
0.989181
0.989211
0.989242
0.989272
0.989303
0.989326
0.989341
0.989356
0.989371
0.989387
0.989402
0.989417
0.989432
0.989448
0.989463
0.989478
0.989493
0.989509
0.989524
0.989539
0.989554
0.98957
0.989585
0.9896
0.989615
0.989631
0.989646
0.989661
0.989684
0.989692
0.989707
0.989722
0.989738
0.98976
0.989768
0.989791
0.989806
0.989814
0.989837
0.989852
0.989867
0.989882
0.989898
0.989913
0.989928
0.989944
0.989959
0.989974
0.989989
0.990005
0.99002
0.990035
0.99005
0.990066
0.990081
0.990096
0.990111
0.990127
0.990142
0.990157
0.990172
0.990188
0.990203
0.990218
0.990233
0.990249
0.990264
0.990287
0.990302
0.990317
0.990333
0.990348
0.990363
0.990371
0.990394
0.990409
0.990424
0.990439
0.990455
0.99047
0.990485
0.9905
0.990516
0.990531
0.990546
0.990561
0.990577
0.990592
0.990607
0.990623
0.990638
0.990653
0.990668
0.990691
0.990705
0.990735
0.990766
0.990811
0.990827
0.990872
0.990903
0.990918
0.990964
0.990994
0.991019
0.991035
0.99105
0.991065
0.99108
0.991096
0.991111
0.991126
0.991141
0.991157
0.991172
0.991187
0.991202
0.991218
0.991233
0.991248
0.991263
0.991279
0.991294
0.991309
0.991324
0.99134
0.991355
0.99137
0.991385
0.991401
0.991416
0.991431
0.991446
0.991469
0.991485
0.9915
0.991515
0.99153
0.991546
0.991561
0.991576
0.991591
0.991607
0.991622
0.991637
0.991652
0.991668
0.991683
0.991698
0.991714
0.991729
0.991744
0.991759
0.991775
0.99179
0.991805
0.99182
0.991836
0.991851
0.991866
0.991889
0.991904
0.99192
0.991935
0.99195
0.991965
0.991981
0.991996
0.992011
