0
9.5369e-06
2.47957e-05
4.00546e-05
5.53134e-05
7.05718e-05
0.000102997
0.000247955
0.000644684
0.00145531
0.00285721
0.00644112
0.00810623
0.0147572
0.0175705
0.0241642
0.0365868
0.0466175
0.0580597
0.0709057
0.0851288
0.100683
0.11751
0.135536
0.154678
0.17485
0.195965
0.217932
0.240658
0.26405
0.288017
0.312473
0.337332
0.362511
0.387928
0.426331
0.439169
0.477673
0.477673
0.515995
0.553925
0.578886
0.603519
0.627789
0.651663
0.6751
0.698051
0.72047
0.742311
0.763544
0.784147
0.804098
0.823385
0.841993
0.859917
0.877151
0.893694
0.909546
0.924706
0.939175
0.952957
0.966057
0.978477
0.990227
1.00131
1.01174
1.02151
1.03065
1.03917
1.04706
1.05779
1.06107
1.06719
1.07276
1.0801
1.08433
1.08806
1.08974
1.09405
1.09635
1.09822
1.09966
1.10069
1.10134
1.10162
1.10156
1.10117
1.10046
1.09947
1.09821
1.09669
1.09494
1.09297
1.0908
1.08845
1.08462
1.08327
1.08047
1.07606
1.07301
1.06989
1.0667
1.06348
1.06022
1.05694
1.05366
1.05038
1.04711
1.04386
1.04064
1.03744
1.03428
1.03115
1.02806
1.02501
1.022
1.01904
1.01612
1.01184
1.01044
1.00767
1.00495
1.00228
0.99967
0.995859
0.994619
0.992186
0.98982
0.987518
0.984192
0.983116
0.981022
0.979
0.976107
0.974272
0.972513
0.971663
0.97002
0.967701
0.966251
0.964884
0.963596
0.962385
0.961252
0.960196
0.959215
0.958309
0.957478
0.956717
0.956026
0.9554
0.95484
0.954344
0.953901
0.953518
0.953188
0.953041
0.952677
0.952417
0.952297
0.952219
0.952179
0.952175
0.952206
0.952267
0.952358
0.95248
0.952627
0.952801
0.952997
0.953217
0.953455
0.953711
0.953983
0.954271
0.954575
0.954891
0.955217
0.955553
0.955902
0.956253
0.956617
0.956984
0.957352
0.957733
0.958115
0.958496
0.958878
0.959259
0.959641
0.960022
0.960403
0.960785
0.961166
0.961544
0.96191
0.962276
0.962643
0.963175
0.96335
0.963701
0.964039
0.964375
0.964863
0.965023
0.96534
0.965797
0.966091
0.966381
0.966661
0.966936
0.967201
0.967461
0.967709
0.967953
0.968184
0.968521
0.968628
0.968941
0.96904
0.969238
0.969421
0.969604
0.969856
0.96994
0.970095
0.970322
0.970459
0.970596
0.970722
0.970844
0.970963
0.971069
0.971176
0.971273
0.971319
0.971457
0.971537
0.971613
0.971689
0.971756
0.971817
0.971878
0.971939
0.971985
0.972031
0.972076
0.972122
0.972158
0.972189
0.972219
0.97225
0.972296
0.972317
0.972324
0.972347
0.972363
0.972378
0.972393
0.972408
0.972424
0.972433
0.972433
0.972433
0.972433
0.972433
0.972433
0.972433
0.972433
0.972433
0.972433
0.972433
0.972433
0.972433
0.972433
0.972433
0.972433
0.972433
0.972433
0.972433
0.972433
0.972433
0.972433
0.972433
0.972433
0.972433
0.972433
0.972433
0.972433
0.972433
0.972433
0.972443
0.972458
0.972473
0.972481
0.972504
0.972519
0.972534
0.972549
0.972565
0.97258
0.972595
0.97261
0.972626
0.972641
0.972656
0.972672
0.972687
0.972717
0.972748
0.972778
0.972824
0.972839
0.97287
0.9729
0.972931
0.972977
0.972992
0.973038
0.973068
0.973099
0.973129
0.97316
0.97319
0.973221
0.973251
0.973282
0.973328
0.973373
0.973442
0.973465
0.973511
0.973557
0.973602
0.973648
0.973717
0.973763
0.973785
0.973854
0.9739
0.973946
0.973991
0.974037
0.974083
0.974129
0.974174
0.97422
0.974266
0.974312
0.974358
0.974403
0.974449
0.974495
0.974541
0.974586
0.974632
0.974678
0.974724
0.97477
0.974815
0.974861
0.974907
0.974976
0.974998
0.975044
0.975113
0.975136
0.975182
0.975227
0.975296
0.975342
0.975388
0.975433
0.975479
0.975525
0.975571
0.975616
0.975662
0.975708
0.975754
0.9758
0.975845
0.975891
0.975937
0.975983
0.976028
0.976074
0.976143
0.976166
0.976212
0.976257
0.976303
0.976349
0.976395
0.97644
0.976509
0.976532
0.976578
0.976646
0.976669
0.976738
0.976784
0.97683
0.976875
0.976921
0.976967
0.977013
0.977058
0.977104
0.97715
0.977196
0.977242
0.977287
0.977333
0.977379
0.977425
0.97747
0.97751
0.977541
0.977571
0.977602
0.977633
0.977663
0.977694
0.977724
0.977755
0.977785
0.977816
0.977846
0.977877
0.977907
0.977938
0.977968
0.977999
0.978029
0.97806
0.97809
0.978121
0.978151
0.978182
0.978212
0.978243
0.978273
0.978304
0.978334
0.978365
0.978395
0.978426
0.978456
0.978487
0.978518
0.978548
0.978579
0.978624
0.978655
0.978685
0.978716
0.978748
0.978794
0.97884
0.978886
0.978931
0.978977
0.979023
0.979069
0.979115
0.97916
0.979206
0.979252
0.979321
0.979343
0.979389
0.979435
0.979492
0.979523
0.979553
0.979584
0.979614
0.979645
0.979675
0.979706
0.979736
0.979767
0.979797
0.979828
0.979858
0.979889
0.979919
0.97995
0.97998
0.980011
0.980042
0.980072
0.980103
0.980133
0.980164
0.980194
0.980225
0.980255
0.980286
0.980316
0.980347
0.980377
0.980408
0.980438
0.980469
0.980499
0.98053
0.980576
0.980591
0.980637
0.980667
0.980698
0.980728
0.980759
0.980789
0.98082
0.98085
0.980881
0.980911
0.980942
0.980972
0.981003
0.981033
0.981064
0.981094
0.981125
0.981155
0.981186
0.981216
0.981247
0.981277
0.981323
0.981354
0.981384
0.981415
0.981445
0.981476
0.981506
0.981537
0.981567
0.981598
0.981628
0.981659
0.981689
0.98172
0.98175
0.981781
0.981812
0.981842
0.981873
0.981903
0.981934
0.981964
0.981995
0.982025
0.982056
0.982086
0.982117
0.982147
0.982178
0.982224
0.982239
0.982269
0.9823
0.98233
0.982376
0.982391
0.982437
0.982468
0.982498
0.982529
0.982559
0.982605
0.982635
0.982651
0.982697
0.982727
0.982758
0.982788
0.982819
0.982849
0.98288
0.98291
0.982941
0.982971
0.983002
0.983032
0.983063
0.983093
0.983124
0.983154
0.983185
0.983215
0.983246
0.983276
0.983307
0.983337
0.983368
0.983398
0.983429
0.983475
0.983505
0.983521
0.983566
0.983597
0.983627
0.983658
0.983688
0.983719
0.983749
0.98378
0.98381
0.983841
0.983871
0.983902
0.983932
0.983963
0.983994
0.984024
0.984055
0.984085
0.984116
0.984146
0.984177
0.984207
0.984238
0.984283
0.984299
0.984329
0.98436
0.984406
0.984436
0.984451
0.984482
0.984512
0.984558
0.984589
0.984619
0.98465
0.98468
0.984711
0.984741
0.984772
0.984802
0.984833
0.984863
0.984894
0.984924
0.984955
0.984985
0.985016
0.985046
0.985077
0.985107
0.985138
0.985168
0.985199
0.985229
0.98526
0.985291
0.985321
0.985352
0.985382
0.985428
0.985443
0.985489
0.985519
0.98555
0.98558
0.985611
0.985641
0.985657
0.985703
0.985733
0.985764
0.985794
0.985825
0.985855
0.985886
0.985916
0.985947
0.985977
0.986008
0.986038
0.986069
0.986099
0.98613
0.986145
0.986168
0.986183
0.986198
0.986214
0.986229
0.986244
0.986259
0.986275
0.98629
0.986305
0.98632
0.986336
0.986351
0.986366
0.986382
0.986397
0.986412
0.986427
0.986443
0.98645
0.986473
0.986488
0.986504
0.986519
0.986534
0.986557
0.986565
0.98658
0.986595
0.986622
0.986668
0.986698
0.986713
0.986759
0.98679
0.98682
0.986851
0.986881
0.986912
0.986942
0.986973
0.987003
0.987019
0.987064
0.987095
0.987125
0.987156
0.987186
0.987217
0.987247
0.987278
0.987309
0.987339
0.98737
0.987385
0.9874
0.987415
0.987431
0.987446
0.987461
0.987476
0.987492
0.987507
0.98753
0.987537
0.987553
0.987576
0.987583
0.987606
0.987621
0.987629
0.987652
0.987667
0.987682
0.987698
0.987713
0.987728
0.987743
0.987759
0.987774
0.987789
0.987804
0.98782
0.987835
0.987856
0.987886
0.987917
0.987947
0.987978
0.988008
0.988039
0.98807
0.9881
0.988131
0.988161
0.988192
0.988222
0.988268
0.988298
0.988314
0.988359
0.98839
0.98842
0.988451
0.988482
0.988503
0.988518
0.988533
0.988548
0.988564
0.988579
0.988594
0.988617
0.988632
0.98864
0.988655
0.988678
0.988693
0.988708
0.988724
0.988739
0.988754
0.98877
0.988785
0.9888
0.988815
0.988831
0.988846
0.988869
0.988884
0.988892
0.988914
0.98893
0.988937
0.98896
0.988976
0.988991
0.989006
0.989021
0.989037
0.989052
0.989067
0.989082
0.989098
0.989113
0.989128
0.989143
0.989159
0.989174
0.989189
0.989204
0.98922
0.989235
0.989258
0.989265
0.989311
0.989342
0.989357
0.989403
0.989418
0.989464
0.989494
0.989525
0.989555
0.989586
0.989616
0.989647
0.989677
0.989708
0.989729
0.989744
0.989759
0.989775
0.98979
0.989805
0.98982
0.989836
0.989851
0.989866
0.989882
0.989897
0.989912
0.989927
0.989943
0.989958
0.989973
0.989996
0.990011
0.990019
0.990034
0.990049
0.990065
0.990088
0.990103
0.990118
0.990133
0.990149
0.990164
0.990179
0.990194
0.99021
0.990225
0.99024
0.990255
0.990271
0.990286
0.990301
0.990316
0.990332
0.990347
0.990362
0.990377
0.990393
0.990408
0.990423
0.990446
0.990454
0.990477
0.990484
0.990499
0.990522
0.990538
0.990553
0.990568
0.990583
0.990599
0.990614
0.990629
0.990644
0.99066
0.990675
0.99069
0.990705
0.990721
0.990736
0.990751
0.990774
0.990782
0.990797
0.990812
0.990835
0.99085
0.990866
0.990881
0.990896
0.990911
0.990927
0.990942
0.990957
0.990973
0.990988
0.991003
0.991018
0.991034
0.991049
0.991064
0.991079
0.991095
0.99111
0.991133
0.991148
0.991163
0.991179
0.991194
0.991209
0.991224
0.99124
0.991255
0.99127
0.991285
0.991301
0.991316
0.991331
0.991346
0.991362
0.991377
0.991392
0.991407
0.991423
0.991438
0.991453
0.991468
0.991484
0.991499
0.991514
0.991529
0.991545
0.99156
0.991575
0.99159
0.991606
0.991621
0.991636
0.991659
0.991667
0.99169
0.991705
0.99172
0.991735
0.991751
0.991766
0.991781
0.991796
0.991812
0.991827
0.991842
0.991858
0.991873
0.991896
0.991903
0.991919
