0
7.62924e-06
3.05177e-05
4.57765e-05
6.10349e-05
9.53672e-05
0.000240326
0.000637054
0.00144768
0.00284958
0.00501442
0.0080986
0.0122433
0.017561
0.0241547
0.0320911
0.0414162
0.0521545
0.0643082
0.0778522
0.0927525
0.108961
0.126415
0.145041
0.164759
0.185478
0.207119
0.229584
0.252785
0.288763
0.313402
0.325886
0.351126
0.389517
0.41534
0.428291
0.467157
0.492992
0.518698
0.544209
0.56946
0.5944
0.61898
0.643143
0.66684
0.690033
0.712683
0.734762
0.756239
0.777098
0.79731
0.816864
0.835743
0.853933
0.879917
0.888226
0.904314
0.919691
0.934361
0.955032
0.961567
0.980112
0.991604
0.997093
1.01255
1.02202
1.03083
1.03901
1.04654
1.05346
1.05978
1.06552
1.07068
1.07528
1.07936
1.08292
1.08598
1.08857
1.09071
1.09241
1.09369
1.09459
1.09512
1.09528
1.09512
1.09428
1.09386
1.09281
1.0915
1.08995
1.08818
1.0862
1.08404
1.08048
1.07921
1.07658
1.07383
1.07097
1.06653
1.06501
1.06193
1.05724
1.05408
1.05091
1.04773
1.04456
1.0414
1.03825
1.03514
1.03205
1.029
1.02599
1.02303
1.0201
1.01722
1.01439
1.01162
1.00889
1.00621
1.00359
1.00102
0.998514
0.996061
0.993666
0.991331
0.989058
0.986845
0.984701
0.981604
0.980604
0.978657
0.975863
0.974087
0.972382
0.970751
0.969193
0.96771
0.966307
0.964979
0.963734
0.962566
0.961477
0.960464
0.959526
0.95866
0.957865
0.957134
0.95647
0.955868
0.955326
0.954845
0.954418
0.954044
0.95372
0.953447
0.953125
0.952965
0.952845
0.952766
0.952726
0.952723
0.952753
0.952814
0.952906
0.953026
0.953173
0.953346
0.953541
0.953758
0.953995
0.954248
0.954519
0.954805
0.955105
0.955416
0.955736
0.956068
0.956404
0.956753
0.957104
0.957457
0.957823
0.958372
0.958555
0.958921
0.959471
0.959654
0.960203
0.960569
0.960936
0.961119
0.961647
0.961998
0.962173
0.962688
0.963024
0.96336
0.96368
0.964001
0.964314
0.964619
0.964922
0.965212
0.965502
0.965776
0.966051
0.966311
0.96657
0.966816
0.96706
0.967291
0.96752
0.967739
0.967953
0.968159
0.968357
0.968552
0.968735
0.968918
0.969088
0.969255
0.969494
0.969646
0.969793
0.969931
0.970068
0.970194
0.970316
0.970438
0.970545
0.970652
0.970757
0.970848
0.97094
0.971031
0.971109
0.971186
0.971262
0.971333
0.971394
0.971455
0.971516
0.971573
0.971619
0.971664
0.97171
0.971779
0.9718
0.971846
0.971876
0.971891
0.971937
0.971952
0.971998
0.972019
0.972034
0.97205
0.972065
0.97208
0.972095
0.972111
0.972126
0.972141
0.972157
0.972172
0.972187
0.97221
0.972218
0.97224
0.972254
0.972254
0.972254
0.972254
0.972254
0.972254
0.972254
0.972254
0.972254
0.972254
0.972263
0.972279
0.972294
0.972309
0.972324
0.97234
0.972355
0.97237
0.972385
0.972401
0.972416
0.972439
0.972454
0.972469
0.972477
0.9725
0.972515
0.97253
0.972546
0.972561
0.972576
0.972591
0.972607
0.972628
0.972658
0.972689
0.972719
0.97275
0.97278
0.972811
0.972841
0.972872
0.972902
0.972933
0.972963
0.972994
0.973024
0.973055
0.973085
0.973116
0.973146
0.973177
0.973207
0.973238
0.973269
0.97331
0.973356
0.973402
0.973448
0.973494
0.973539
0.973608
0.973631
0.9737
0.973745
0.973791
0.973837
0.973883
0.973928
0.973974
0.97402
0.974066
0.974112
0.974157
0.974203
0.974249
0.974295
0.97434
0.974386
0.974432
0.974478
0.974524
0.974569
0.974615
0.974661
0.97473
0.974752
0.974798
0.974867
0.97489
0.974958
0.975004
0.97505
0.975096
0.975142
0.975187
0.975233
0.975279
0.975325
0.97537
0.975416
0.975462
0.975508
0.975554
0.975599
0.975645
0.975691
0.975737
0.975782
0.975828
0.975874
0.97592
0.975965
0.976011
0.976057
0.976103
0.976149
0.976194
0.97624
0.976286
0.976332
0.976377
0.976423
0.976469
0.976515
0.976583
0.976606
0.976652
0.976698
0.976767
0.976812
0.976858
0.976904
0.97695
0.976995
0.977041
0.977087
0.977133
0.977179
0.977224
0.977259
0.977289
0.97732
0.97735
0.977381
0.977411
0.977442
0.977472
0.977503
0.977533
0.977564
0.977594
0.977625
0.977655
0.977686
0.977716
0.977747
0.977793
0.977823
0.977854
0.977884
0.977915
0.977945
0.977976
0.978006
0.978037
0.978067
0.978098
0.978128
0.978159
0.978189
0.97822
0.978251
0.978281
0.978312
0.978342
0.978373
0.978403
0.978434
0.978464
0.978495
0.978533
0.978579
0.978624
0.97867
0.978716
0.978762
0.978807
0.978853
0.978922
0.978945
0.978991
0.979036
0.979082
0.979151
0.979197
0.979242
0.979288
0.979334
0.97938
0.979424
0.979454
0.979485
0.979515
0.979546
0.979576
0.979607
0.979637
0.979668
0.979698
0.979729
0.979759
0.97979
0.97982
0.979851
0.979897
0.979927
0.979942
0.979988
0.980019
0.980049
0.98008
0.98011
0.980141
0.980171
0.980202
0.980232
0.980263
0.980293
0.980324
0.980354
0.980385
0.980415
0.980446
0.980476
0.980507
0.980537
0.980568
0.980598
0.980629
0.980659
0.98069
0.980721
0.980751
0.980782
0.980812
0.980843
0.980873
0.980904
0.980934
0.980965
0.980995
0.981026
0.981071
0.981102
0.981117
0.981163
0.981194
0.981224
0.981255
0.981285
0.981316
0.981346
0.981377
0.981407
0.981438
0.981468
0.981499
0.981529
0.98156
0.98159
0.981621
0.981651
0.981682
0.981712
0.981743
0.981773
0.981804
0.981834
0.98185
0.981895
0.981926
0.981956
0.982002
0.982018
0.982048
0.982079
0.982109
0.98214
0.982185
0.982216
0.982246
0.982262
0.982307
0.982338
0.982353
0.982399
0.98243
0.98246
0.982491
0.982521
0.982552
0.982582
0.982613
0.982643
0.982674
0.982704
0.982735
0.982765
0.982796
0.982826
0.982857
0.982887
0.982918
0.982948
0.982979
0.983009
0.98304
0.98307
0.983101
0.983131
0.983162
0.983192
0.983223
0.983253
0.983284
0.983315
0.983345
0.983376
0.983406
0.983437
0.983467
0.983498
0.983528
0.983559
0.983589
0.983635
0.983665
0.983696
0.983711
0.983757
0.983788
0.983818
0.983849
0.983879
0.98391
0.98394
0.983971
0.984001
0.984032
0.984062
0.984093
0.984123
0.984154
0.984184
0.984215
0.984245
0.984291
0.984306
0.984337
0.984383
0.984413
0.984444
0.984474
0.984505
0.984535
0.984566
0.984596
0.984627
0.984657
0.984688
0.984718
0.984749
0.984779
0.98481
0.98484
0.984871
0.984901
0.984932
0.984962
0.984993
0.985023
0.985054
0.985085
0.985115
0.985146
0.985176
0.985207
0.985237
0.985268
0.985298
0.985329
0.985359
0.98539
0.985435
0.985451
0.985481
0.985527
0.985542
0.985588
0.985603
0.985649
0.985664
0.985695
0.985741
0.985756
0.985802
0.985817
0.985863
0.985893
0.985909
0.985954
0.985985
0.986015
0.986046
0.986076
0.986107
0.986122
0.986137
0.986153
0.986168
0.986183
0.986198
0.986214
0.986229
0.986244
0.986259
0.986275
0.986298
0.986305
0.98632
0.986343
0.986359
0.986366
0.986389
0.986404
0.98642
0.986435
0.98645
0.986465
0.986481
0.986496
0.986511
0.986526
0.986542
0.986557
0.986572
0.986603
0.986633
0.986664
0.986694
0.986725
0.986755
0.986786
0.986816
0.986847
0.986877
0.986908
0.986938
0.986969
0.987
0.98703
0.987061
0.987091
0.987122
0.987167
0.987183
0.987213
0.987244
0.987289
0.98732
0.98735
0.987381
0.987396
0.987411
0.987427
0.987442
0.987457
0.987473
0.987488
0.987503
0.987518
0.987534
0.987549
0.987564
0.987579
0.987595
0.98761
0.987625
0.98764
0.987656
0.987671
0.987686
0.987701
0.987724
0.98774
0.987747
0.98777
0.987785
0.987801
0.987816
0.987831
0.987846
0.987862
0.987877
0.987898
0.987928
0.987959
0.987989
0.98802
0.98805
0.988081
0.988111
0.988142
0.988173
0.988203
0.988234
0.988264
0.988295
0.988325
0.988356
0.988386
0.988417
0.988462
0.988489
0.988504
0.988512
0.988535
0.98855
0.988565
0.988581
0.988588
0.988611
0.988626
0.988642
0.988657
0.988672
0.988688
0.988703
0.988718
0.988733
0.988749
0.988764
0.988779
0.988802
0.98881
0.988825
0.988848
0.988855
0.988878
0.988894
0.988909
0.988924
0.988939
0.988955
0.98897
0.988985
0.989
0.989016
0.989031
0.989046
0.989061
0.989077
0.989092
0.989107
0.989122
0.989138
0.989153
0.989168
0.989183
0.989212
0.989243
0.989273
0.989304
0.989349
0.989365
0.989395
0.989426
0.989471
0.989487
0.989517
0.989563
0.989578
0.989624
0.989655
0.98967
0.989698
0.989721
0.989737
0.989752
0.989767
0.989782
0.989798
0.989813
0.989828
0.989843
0.989859
0.989874
0.989889
0.989904
0.98992
0.989935
0.98995
0.989965
0.989981
0.989996
0.990011
0.990034
0.990049
0.990057
0.99008
0.990088
0.99011
0.990126
0.990141
0.990156
0.990171
0.990187
0.990202
0.990217
0.990232
0.990248
0.990263
0.990278
0.990294
0.990309
0.990324
0.990339
0.990355
0.99037
0.990385
0.9904
0.990416
0.990431
0.990446
0.990461
0.990477
0.990499
0.990515
0.99053
0.990545
0.990561
0.990576
0.990591
0.990606
0.990622
0.990637
0.990652
0.990667
0.990683
0.990698
0.990713
0.990728
0.990744
0.990759
0.990774
0.990789
0.990805
0.99082
0.990835
0.99085
0.990873
0.990889
0.990896
0.990911
0.990934
0.990942
0.990965
0.99098
0.990988
0.991011
0.991026
0.991041
0.991049
0.991072
0.991087
0.991102
0.991117
0.991133
0.991148
0.991156
0.991179
0.991194
0.991209
0.991224
0.99124
0.991255
0.99127
0.991285
0.991301
0.991316
0.991331
0.991346
0.991362
0.991377
0.991392
0.991407
0.991423
0.991438
0.991453
0.991468
0.991484
0.991499
0.991514
0.991537
0.991545
0.991568
0.991575
0.99159
0.991606
0.991629
0.991644
0.991659
0.991674
0.99169
0.991705
0.99172
0.991735
0.991751
0.991766
0.991781
0.991796
0.991812
0.991827
0.991842
0.991858
0.991873
0.991896
0.991903
0.991919
0.991941
