0
0.000183106
0.000549316
0.000671387
0.0010376
0.00128174
0.00152588
0.00189209
0.00259399
0.00378418
0.00564575
0.0083313
0.0119934
0.0168152
0.0228271
0.0301514
0.0388184
0.0488892
0.0603943
0.0802612
0.0875854
0.111603
0.12027
0.148163
0.158051
0.189484
0.200531
0.235138
0.25943
0.284668
0.31073
0.337585
0.365173
0.393463
0.422302
0.451721
0.481628
0.511963
0.542633
0.573669
0.60495
0.636444
0.668121
0.69986
0.731598
0.763336
0.795074
0.826813
0.858337
0.889709
0.920837
0.951691
0.982208
1.01236
1.04208
1.07138
1.10019
1.12845
1.15613
1.1832
1.20959
1.23535
1.26038
1.28464
1.30814
1.34186
1.35266
1.38376
1.40341
1.42209
1.43982
1.45667
1.47247
1.48724
1.50104
1.51379
1.52551
1.53616
1.54578
1.55432
1.5618
1.57101
1.57358
1.57785
1.58105
1.58325
1.58438
1.5845
1.58359
1.58029
1.5787
1.5748
1.56992
1.56418
1.5538
1.54578
1.5369
1.52719
1.51666
1.50537
1.49332
1.48056
1.4671
1.45297
1.43823
1.42288
1.41501
1.39059
1.37369
1.35635
1.33862
1.32047
1.31125
1.28314
1.26404
1.24472
1.22519
1.20544
1.18564
1.16562
1.1456
1.12558
1.10556
1.08554
1.06552
1.0455
1.02567
1.00589
0.986359
0.96701
0.947876
0.919647
0.901215
0.883087
0.865326
0.8479
0.830902
0.814331
0.798187
0.782501
0.774841
0.752625
0.738464
0.724854
0.711823
0.699371
0.687531
0.6763
0.66568
0.655701
0.646393
0.637726
0.6297
0.622345
0.615631
0.609619
0.604279
0.599609
0.595612
0.592316
0.589661
0.587677
0.586334
0.585632
0.585602
0.586212
0.587463
0.589386
0.591888
0.593384
0.598724
0.603027
0.60791
0.616241
0.619293
0.625763
0.632721
0.640167
0.648102
0.656494
0.669861
0.6745
0.684113
0.694092
0.709717
0.720551
0.731659
0.743042
0.754669
0.766541
0.778595
0.790802
0.803253
0.815765
0.828461
0.841156
0.853912
0.866852
0.879791
0.892731
0.90567
0.91861
0.931305
0.944
0.956696
0.969147
0.981598
0.993805
1.00589
1.01779
1.02951
1.04099
1.05222
1.0632
1.07391
1.08435
1.09451
1.10437
1.11395
1.12317
1.13208
1.14066
1.14886
1.15671
1.16418
1.1713
1.17801
1.1843
1.19019
1.19827
1.20074
1.20755
1.21158
1.21515
1.21829
1.22101
1.2233
1.22516
1.22659
1.2276
1.22818
1.22833
1.22806
1.22742
1.22635
1.22485
1.22299
1.22073
1.21948
1.21512
1.21179
1.20807
1.20404
1.19971
1.19501
1.19003
1.18475
1.1792
1.1734
1.16733
1.16101
1.15445
1.14767
1.14072
1.12994
1.12628
1.1188
1.10733
1.09952
1.09164
1.08359
1.07553
1.06747
1.0592
1.0509
1.0426
1.0343
1.026
1.0177
1.00961
1.00156
0.9935
0.985565
0.977753
0.970001
0.962433
0.954926
0.947601
0.940399
0.933319
0.926453
0.919678
0.909851
0.906677
0.900421
0.894348
0.885651
0.882843
0.874695
0.872131
0.867126
0.860016
0.857788
0.85144
0.849487
0.843903
0.840546
0.838959
0.834595
0.832031
0.829742
0.827728
0.825989
0.824524
0.823334
0.822418
0.821777
0.821411
0.82132
0.821472
0.822205
0.822571
0.823517
0.824707
0.825409
0.828766
0.83078
0.833008
0.835449
0.838135
0.841034
0.844116
0.847382
0.85083
0.854492
0.858307
0.862244
0.866394
0.870667
0.875061
0.879608
0.884247
0.888977
0.89386
0.898743
0.903809
0.908936
0.914062
0.919189
0.921844
0.932587
0.937958
0.943329
0.9487
0.954071
0.959442
0.964813
0.970184
0.975403
0.98053
0.985657
0.990753
0.995636
1.00052
1.00528
1.00992
1.01447
1.01886
1.02316
1.02731
1.03134
1.03717
1.039
1.04266
1.04614
1.04956
1.05435
1.05591
1.05884
1.06302
1.06436
1.06812
1.07047
1.07156
1.07468
1.07657
1.07828
1.07983
1.08127
1.08249
1.08353
1.08441
1.08514
1.08566
1.08603
1.08624
1.08624
1.08606
1.08575
1.08527
1.08496
1.0838
1.08282
1.08167
1.08041
1.07895
1.07739
1.07568
1.07382
1.07187
1.06976
1.06757
1.06525
1.06281
1.0603
1.05762
1.05493
1.05212
1.04919
1.0448
1.04333
1.03864
1.03546
1.03229
1.02911
1.02753
1.02277
1.01959
1.01642
1.01324
1.01007
1.0069
1.00372
1.00055
0.997375
0.994202
0.991119
0.98819
0.98526
0.98233
0.979401
0.976471
0.973633
0.970947
0.968262
0.964233
0.961578
0.960358
0.957916
0.954254
0.953033
0.949585
0.948486
0.946289
0.944092
0.941071
0.939117
0.937164
0.936249
0.933685
0.931976
0.93045
0.928986
0.927521
0.9263
0.925079
0.923981
0.923004
0.922058
0.921326
0.920593
0.91983
0.919403
0.919159
0.918945
0.918945
0.918945
0.919159
0.919403
0.9198
0.920288
0.920837
0.92157
0.92276
0.923248
0.924713
0.925232
0.926453
0.928284
0.929688
0.93042
0.932617
0.934204
0.935059
0.937622
0.939331
0.941162
0.943115
0.945068
0.947021
0.948975
0.950928
0.952881
0.954834
0.956787
0.95874
0.960693
0.962646
0.9646
0.966553
0.968506
0.970459
0.972412
0.974365
0.976318
0.978271
0.981201
0.982147
0.983856
0.98642
0.987274
0.989838
0.991547
0.992401
0.99469
0.996155
0.99762
0.999084
1.00055
1.00183
1.00305
1.00427
1.00549
1.00671
1.00781
1.00879
1.00977
1.01074
1.01172
1.0126
1.01334
1.01407
1.0148
1.01553
1.01624
1.01672
1.01746
1.0177
1.01819
1.01868
1.01898
1.01935
1.01947
1.01984
1.01996
1.0202
1.0202
1.0202
1.0202
1.0202
1.0202
1.02014
1.0199
1.01965
1.01941
1.01917
1.01892
1.01868
1.01843
1.01794
1.01746
1.01697
1.01648
1.01599
1.0155
1.01501
1.01453
1.01404
1.0134
1.01266
1.01193
1.0112
1.01047
1.0101
1.009
1.00827
1.00754
1.00644
1.00607
1.00497
1.00461
1.00351
1.00314
1.00241
1.00168
1.00095
0.999847
0.999115
0.998383
0.99765
0.996918
0.996185
0.995453
0.99472
0.993988
0.993256
0.992523
0.991791
0.991058
0.990326
0.989594
0.988861
0.988129
0.987396
0.986664
0.985931
0.985199
0.984467
0.983734
0.983002
0.982269
0.981537
0.980804
0.980072
0.97934
0.978241
0.977875
0.976776
0.97641
0.975311
0.974579
0.974243
0.973511
0.973022
0.972534
0.972046
0.971558
0.971069
0.970581
0.970093
0.969604
0.969116
0.968628
0.96814
0.967712
0.967468
0.967224
0.96698
0.966736
0.966492
0.966248
0.966003
0.965759
0.965515
0.965149
0.964905
0.964844
0.964844
0.964844
0.964844
0.964844
0.964844
0.964844
0.964844
0.964844
0.964844
0.964844
0.964844
0.964874
0.965118
0.965363
0.965607
0.965851
0.966095
0.966339
0.966583
0.966827
0.967072
0.967316
0.96756
0.967804
0.968048
0.968292
0.968536
0.968903
0.969025
0.969269
0.969971
0.970215
0.970947
0.971436
0.97168
0.972412
0.9729
0.973389
0.973877
0.974365
0.974854
0.975342
0.97583
0.976318
0.976807
0.977295
0.977783
0.978271
0.97876
0.979248
0.979736
0.980225
0.980713
0.981201
0.981689
0.982178
0.982666
0.983154
0.983643
0.984131
0.984619
0.985321
0.985443
0.985809
0.985931
0.986176
0.986542
0.986786
0.98703
0.987152
0.987518
0.987762
0.988007
0.988251
0.988495
0.988739
0.988983
0.989227
0.989471
0.989716
0.98996
0.990204
0.990448
0.990692
0.990936
0.99118
0.991425
0.991669
0.991913
0.991974
0.991974
0.991974
0.991974
0.991974
0.991974
0.991974
0.991974
0.991974
0.991974
0.991974
0.991974
0.991974
0.991974
0.991974
0.991974
0.991974
0.991974
0.991974
0.991974
0.991974
0.991974
0.991974
0.991974
0.991974
0.991974
0.991974
0.991974
0.991974
0.991974
0.991974
0.991974
0.991974
0.991974
0.991974
0.991974
0.991974
0.991821
0.991577
0.991333
0.991089
0.990845
0.990601
0.990356
0.990112
0.989868
0.989624
0.98938
0.989136
0.988892
0.988647
0.988403
0.988037
0.987793
0.987671
0.987427
0.987061
0.986816
0.986572
0.98645
0.986084
0.98584
0.985596
0.985352
0.985107
0.984863
0.984619
0.984375
0.984131
0.983887
0.983643
0.983521
0.983093
0.983093
0.983093
0.983093
0.983093
0.983093
0.983093
0.983093
0.983093
0.983093
0.983093
0.983093
0.983093
0.983093
0.983093
0.983093
0.983093
0.983093
0.983093
0.983093
0.983093
0.983093
0.983093
0.983093
0.983093
0.983093
0.983093
0.983093
0.983093
0.983093
0.983093
0.983093
0.983093
0.983093
0.983093
0.983093
0.983093
0.983093
0.983093
0.983093
0.983093
0.983093
0.983093
0.983093
0.983093
0.983093
0.983093
0.983093
0.983093
0.983093
0.983093
0.983093
0.983093
0.983093
0.983093
0.983093
0.983093
0.983093
0.983093
0.983093
0.983093
0.983093
0.983093
0.983093
0.983093
0.983093
0.983093
0.983093
0.983093
0.983093
0.983093
0.983093
0.983093
0.983093
0.983093
0.983093
0.983124
0.983368
0.983612
0.983856
0.9841
0.984344
0.984589
0.984833
0.985077
0.985321
0.985565
0.985809
0.986053
0.986298
0.986542
0.986786
0.98703
0.987274
0.987518
0.987885
0.988007
0.988251
0.988495
0.988739
0.988983
0.989227
0.989471
0.989594
0.989594
0.989594
0.989594
0.989594
0.989594
0.989594
0.989594
0.989594
0.989594
0.989594
0.989594
0.989594
0.989594
0.989594
0.989594
0.989594
0.989594
0.989594
0.989594
0.989594
0.989594
0.989594
0.989594
0.989594
0.989594
0.989594
0.989594
0.989594
0.989594
0.989594
0.989594
0.989594
0.989594
0.989594
0.989594
0.989594
0.989594
0.989594
0.989594
0.989594
0.989594
0.989594
0.989594
0.989594
0.989594
0.989594
0.989594
0.989594
0.989594
0.989594
0.989594
0.989594
0.989594
0.989594
0.989594
0.989594
0.989594
0.989594
0.989594
0.989594
0.989594
0.989594
0.989594
0.989594
0.989594
0.989594
0.989594
0.989594
0.989594
0.989594
0.989594
0.989594
0.989594
0.989594
0.989594
0.989594
0.989594
0.989594
