0
0
0
0
0
0
0.000213623
0.000457764
0.000946045
0.00186157
0.00335693
0.00561523
0.0107422
0.0130005
0.0215759
0.0250854
0.0330505
0.0476379
0.0591431
0.072052
0.0863647
0.102081
0.11908
0.13739
0.156921
0.177643
0.199463
0.222382
0.246307
0.271118
0.296844
0.323364
0.350647
0.378601
0.407196
0.436432
0.466156
0.496338
0.526978
0.557922
0.589203
0.636566
0.652435
0.684265
0.716248
0.764221
0.796173
0.812042
0.859528
0.89093
0.922089
0.952942
0.983429
1.01352
1.04312
1.07224
1.1008
1.12878
1.15616
1.18289
1.20892
1.23425
1.25885
1.28268
1.30573
1.32791
1.34927
1.36978
1.3894
1.40808
1.42587
1.45078
1.45859
1.48056
1.4874
1.50632
1.51767
1.52798
1.53726
1.5455
1.5527
1.55884
1.56396
1.56802
1.57108
1.57303
1.57401
1.57401
1.57294
1.57086
1.56781
1.56384
1.55896
1.55313
1.54642
1.53882
1.53036
1.52109
1.51102
1.50018
1.48859
1.47626
1.46329
1.44965
1.43536
1.42047
1.40503
1.38904
1.37256
1.34698
1.32944
1.32053
1.29324
1.27463
1.25577
1.23666
1.21738
1.19788
1.17834
1.15857
1.13879
1.11902
1.09924
1.07947
1.05984
1.04031
1.0209
1.00162
0.982574
0.963745
0.945129
0.926788
0.908752
0.891022
0.873627
0.856628
0.839996
0.823761
0.807953
0.792572
0.770416
0.756256
0.749359
0.735962
0.723114
0.704926
0.693481
0.682648
0.672424
0.662811
0.653809
0.645477
0.637787
0.630737
0.624359
0.618622
0.613525
0.6091
0.605316
0.602173
0.599701
0.59787
0.59668
0.596161
0.596283
0.597046
0.598419
0.601624
0.602997
0.606171
0.609894
0.616577
0.621704
0.62735
0.630371
0.640167
0.647308
0.654907
0.658875
0.671387
0.680267
0.689484
0.699097
0.709015
0.719269
0.729828
0.740662
0.75174
0.763062
0.774567
0.786285
0.798187
0.810181
0.822388
0.834595
0.846985
0.859436
0.871887
0.890564
0.903015
0.915466
0.927917
0.940277
0.952484
0.964691
0.976685
0.988586
1.00031
1.01184
1.02316
1.03427
1.04514
1.05576
1.06613
1.07623
1.08606
1.09555
1.10474
1.11365
1.12225
1.13046
1.13837
1.1459
1.15308
1.15988
1.16632
1.17233
1.18066
1.1857
1.19034
1.19458
1.19839
1.20178
1.2048
1.20737
1.20953
1.2113
1.21265
1.21359
1.21411
1.21423
1.21396
1.21332
1.21225
1.21085
1.20905
1.20691
1.20438
1.20154
1.19833
1.19482
1.19101
1.18689
1.18243
1.1777
1.1727
1.16745
1.16196
1.15622
1.15027
1.1441
1.13776
1.13116
1.12442
1.11758
1.1105
1.10336
1.09604
1.08871
1.08115
1.07358
1.06601
1.05826
1.05045
1.04263
1.03482
1.02701
1.0192
1.01138
0.999817
0.996033
0.988464
0.980896
0.966217
0.959045
0.951965
0.945068
0.938232
0.93161
0.925079
0.918732
0.912567
0.906555
0.900696
0.895081
0.889679
0.88446
0.879456
0.874695
0.870148
0.865845
0.861786
0.857971
0.854401
0.851074
0.843872
0.841461
0.838318
0.837402
0.835754
0.834381
0.832764
0.832001
0.831757
0.831268
0.831299
0.831573
0.832092
0.832855
0.833832
0.835052
0.836517
0.838196
0.840088
0.842194
0.844513
0.847015
0.849701
0.852631
0.855713
0.858948
0.862366
0.865967
0.869629
0.873535
0.877502
0.881653
0.885864
0.890259
0.894653
0.899261
0.9039
0.908539
0.913391
0.918274
0.923157
0.930481
0.932922
0.940399
0.942963
0.950653
0.95578
0.958313
0.965637
0.97052
0.972961
0.980286
0.982727
0.989716
0.994354
0.998871
1.00327
1.00763
1.0097
1.01593
1.01987
1.02377
1.02747
1.03113
1.03458
1.03799
1.0412
1.04437
1.04733
1.05026
1.05295
1.05563
1.0593
1.06049
1.06268
1.06479
1.06674
1.06857
1.07028
1.07254
1.07385
1.07507
1.07605
1.07693
1.07767
1.07819
1.07861
1.07886
1.07892
1.07886
1.07861
1.07822
1.07773
1.077
1.07617
1.0752
1.07404
1.07281
1.07138
1.06992
1.06821
1.0665
1.06454
1.06259
1.06046
1.05826
1.056
1.05356
1.05112
1.04868
1.04599
1.0433
1.04062
1.03793
1.03525
1.03241
1.02948
1.02655
1.02362
1.02069
1.01776
1.01483
1.0119
1.00897
1.00604
1.00165
0.998718
0.997284
0.993256
0.99057
0.987885
0.985199
0.982513
0.979828
0.977173
0.974731
0.97229
0.969849
0.967407
0.964966
0.962646
0.960449
0.958252
0.956055
0.953857
0.951874
0.949921
0.947968
0.946014
0.944244
0.942535
0.940826
0.939117
0.937653
0.936188
0.934021
0.933411
0.93219
0.930359
0.929382
0.928406
0.92749
0.926758
0.926025
0.925476
0.924988
0.924561
0.924316
0.924072
0.924042
0.924042
0.924164
0.924408
0.924683
0.925171
0.925659
0.92627
0.927002
0.927734
0.92868
0.929657
0.930634
0.931824
0.933044
0.934265
0.935638
0.937103
0.938568
0.940033
0.942505
0.943359
0.945068
0.946777
0.948486
0.95105
0.952759
0.953705
0.956635
0.958588
0.960541
0.962494
0.964447
0.9664
0.968231
0.96994
0.971649
0.973358
0.975067
0.976776
0.978485
0.980194
0.981903
0.983612
0.985199
0.986664
0.988129
0.989594
0.991058
0.992523
0.993988
0.995209
0.996429
0.99765
0.998871
1.00009
1.00125
1.00223
1.0032
1.00418
1.00516
1.00662
1.00699
1.00772
1.00882
1.00919
1.01028
1.01096
1.0112
1.01193
1.01242
1.01291
1.0134
1.01385
1.0141
1.01434
1.01459
1.01483
1.01508
1.01532
1.01538
1.01538
1.01538
1.01538
1.01538
1.01538
1.01526
1.01501
1.01477
1.01453
1.01428
1.01404
1.01379
1.01355
1.01331
1.01285
1.01236
1.01187
1.01138
1.01089
1.01041
1.00992
1.00943
1.00894
1.00845
1.00797
1.00748
1.00687
1.00613
1.00577
1.00467
1.00394
1.0032
1.00247
1.00174
1.00101
1.00027
0.999542
0.99881
0.998077
0.997345
0.996613
0.99588
0.995148
0.994415
0.993683
0.99295
0.992218
0.991486
0.990753
0.990021
0.989288
0.988556
0.987823
0.987091
0.986359
0.985626
0.984894
0.984161
0.983429
0.982697
0.981964
0.981232
0.980499
0.979767
0.979034
0.978302
0.97757
0.977051
0.976562
0.976074
0.975586
0.975098
0.974609
0.974121
0.973633
0.973145
0.972412
0.972168
0.97168
0.971191
0.970703
0.969971
0.969727
0.969238
0.969116
0.968872
0.968506
0.968384
0.968018
0.967896
0.967529
0.967285
0.967041
0.966797
0.966553
0.966309
0.966217
0.966217
0.966217
0.966217
0.966217
0.966217
0.966217
0.966217
0.966217
0.966217
0.966217
0.966217
0.966217
0.966217
0.96637
0.966614
0.966858
0.967102
0.967346
0.96759
0.967834
0.968079
0.968323
0.968567
0.968811
0.969177
0.969299
0.969666
0.969788
0.970032
0.970276
0.97052
0.970886
0.97113
0.971375
0.971497
0.971893
0.972382
0.97287
0.973358
0.973846
0.974335
0.974823
0.975311
0.9758
0.976288
0.976776
0.977264
0.977753
0.978241
0.978729
0.979218
0.979706
0.980194
0.980682
0.981171
0.981659
0.982147
0.982635
0.983063
0.983307
0.983551
0.983795
0.984039
0.984283
0.984528
0.984772
0.985016
0.98526
0.985504
0.985748
0.985992
0.986359
0.986481
0.986725
0.987091
0.987335
0.987579
0.987701
0.988068
0.988312
0.988556
0.9888
0.989044
0.989288
0.989532
0.989777
0.990021
0.990265
0.990509
0.990753
0.990875
0.990875
0.990875
0.990875
0.990875
0.990875
0.990875
0.990875
0.990875
0.990875
0.990875
0.990875
0.990875
0.990875
0.990875
0.990875
0.990875
0.990875
0.990875
0.990875
0.990875
0.990875
0.990875
0.990875
0.990875
0.990875
0.990875
0.990875
0.990875
0.990875
0.990875
0.990875
0.990875
0.990875
0.990875
0.990875
0.990875
0.990875
0.990875
0.990875
0.990875
0.990875
0.990875
0.990875
0.990753
0.990509
0.990265
0.989899
0.989777
0.98941
0.989288
0.988922
0.988678
0.988556
0.98819
0.987946
0.987701
0.987457
0.987213
0.986969
0.986725
0.986481
0.986237
0.985992
0.985748
0.985504
0.985138
0.985016
0.98465
0.984528
0.984283
0.983948
0.983948
0.983948
0.983948
0.983948
0.983948
0.983948
0.983948
0.983948
0.983948
0.983948
0.983948
0.983948
0.983948
0.983948
0.983948
0.983948
0.983948
0.983948
0.983948
0.983948
0.983948
0.983948
0.983948
0.983948
0.983948
0.983948
0.983948
0.983948
0.983948
0.983948
0.983948
0.983948
0.983948
0.983948
0.983948
0.983948
0.983948
0.983948
0.983948
0.983948
0.983948
0.983948
0.983948
0.983948
0.983948
0.983948
0.983948
0.983948
0.983948
0.983948
0.983948
0.983948
0.983948
0.983948
0.983948
0.983948
0.983948
0.983948
0.983948
0.983948
0.983948
0.983948
0.983948
0.983948
0.983948
0.983948
0.983948
0.983948
0.983948
0.983948
0.983948
0.983948
0.983948
0.983948
0.983948
0.983948
0.983948
0.983948
0.983948
0.983948
0.983948
0.983948
0.983948
0.983948
0.983948
0.983948
0.983948
0.983948
0.983948
0.983948
0.983948
0.983948
0.983948
0.983948
0.983948
0.983948
0.983948
0.983948
0.983948
0.983948
0.983948
0.984039
0.984283
0.984528
0.984772
0.985016
0.98526
0.985504
0.985748
0.985992
0.986237
0.986481
0.986725
0.986969
0.987213
0.987457
0.987823
0.987946
0.988312
0.988434
0.988678
0.989044
0.989288
0.98941
0.989655
0.989655
0.989655
0.989655
0.989655
0.989655
0.989655
0.989655
0.989655
0.989655
0.989655
0.989655
0.989655
0.989655
0.989655
0.989655
0.989655
0.989655
0.989655
0.989655
0.989655
0.989655
0.989655
0.989655
0.989655
0.989655
0.989655
0.989655
0.989655
0.989655
0.989655
0.989655
0.989655
0.989655
0.989655
0.989655
0.989655
0.989655
0.989655
0.989655
0.989655
0.989655
0.989655
0.989655
0.989655
0.989655
0.989655
0.989655
0.989655
0.989655
0.989655
0.989655
0.989655
0.989655
0.989655
0.989655
0.989655
0.989655
0.989655
0.989655
0.989655
0.989655
