0
0
0
0
0
0
0.000335693
0.000671387
0.000946045
0.00186157
0.00439453
0.00708008
0.0107422
0.0130005
0.0215759
0.0289001
0.0375671
0.0476379
0.0591431
0.072052
0.0863647
0.102051
0.119049
0.13736
0.156891
0.177612
0.199432
0.22229
0.246185
0.270966
0.296661
0.323181
0.350433
0.378387
0.406982
0.436127
0.480865
0.511261
0.526611
0.557526
0.604462
0.636017
0.667755
0.699493
0.731384
0.763184
0.794922
0.82663
0.858124
0.889404
0.92038
0.95105
0.981354
1.01126
1.04068
1.06961
1.09802
1.12589
1.15314
1.17978
1.20575
1.23102
1.25555
1.27933
1.30234
1.32452
1.34589
1.36639
1.38602
1.40469
1.42252
1.44742
1.4628
1.47012
1.48404
1.50299
1.51434
1.51965
1.53397
1.53824
1.54944
1.5556
1.56073
1.56482
1.56787
1.56992
1.57089
1.57089
1.56992
1.56796
1.56503
1.56113
1.55627
1.55054
1.54388
1.53638
1.52798
1.5188
1.50879
1.49802
1.48651
1.47427
1.46136
1.44781
1.43362
1.41122
1.40347
1.3876
1.37125
1.34586
1.3284
1.31058
1.30154
1.27396
1.26462
1.23624
1.21707
1.19778
1.17828
1.15875
1.13922
1.11969
1.10016
1.08063
1.0611
1.04172
1.02243
1.00336
0.984467
0.96579
0.947357
0.929199
0.911316
0.893799
0.876587
0.859741
0.843262
0.827209
0.811584
0.796387
0.774506
0.767456
0.753723
0.73407
0.727783
0.709778
0.704071
0.687775
0.682617
0.668152
0.659241
0.65097
0.643372
0.636383
0.630005
0.624268
0.619171
0.614746
0.610962
0.607819
0.605347
0.603516
0.602325
0.601807
0.601898
0.6026
0.603943
0.605865
0.608368
0.611481
0.615143
0.621674
0.626709
0.629425
0.638306
0.644836
0.651855
0.659302
0.667206
0.675537
0.684235
0.693329
0.702759
0.712524
0.722626
0.733002
0.743652
0.754547
0.765686
0.777039
0.788544
0.800262
0.812103
0.824066
0.83609
0.848297
0.860504
0.872711
0.884918
0.897125
0.909332
0.921539
0.933746
0.945862
0.963806
0.969788
0.981506
0.993164
1.00464
1.02148
1.02698
1.03784
1.05371
1.05884
1.07394
1.08365
1.09308
1.10223
1.10669
1.1196
1.12375
1.13568
1.14319
1.15036
1.15714
1.16357
1.16959
1.17523
1.18048
1.18533
1.18982
1.19388
1.19751
1.20078
1.20358
1.20599
1.20804
1.20963
1.21082
1.21188
1.2121
1.21194
1.21136
1.21042
1.20908
1.20737
1.20529
1.20288
1.2001
1.19702
1.1936
1.18985
1.18582
1.18149
1.17688
1.17197
1.16681
1.16141
1.15576
1.1499
1.13751
1.12775
1.121
1.11417
1.10709
1.09998
1.09265
1.08533
1.07782
1.07025
1.06268
1.05511
1.04745
1.03964
1.03183
1.02408
1.01651
1.00894
1.00137
0.993805
0.98645
0.979126
0.971893
0.964813
0.954376
0.94754
0.940918
0.934357
0.928009
0.921783
0.91568
0.909821
0.904114
0.89856
0.893188
0.888062
0.883148
0.878448
0.873962
0.86969
0.865662
0.861877
0.858337
0.855042
0.85202
0.849243
0.84671
0.844452
0.842438
0.840698
0.839203
0.837952
0.836975
0.836243
0.835754
0.83551
0.83551
0.835754
0.836243
0.836975
0.837921
0.839111
0.840515
0.842133
0.843964
0.845978
0.848206
0.850647
0.853271
0.857544
0.859039
0.862213
0.86554
0.868958
0.874451
0.878296
0.880249
0.884216
0.890442
0.894745
0.899139
0.903534
0.908112
0.91275
0.917389
0.922028
0.926819
0.931702
0.936584
0.941467
0.94635
0.951233
0.956116
0.960999
0.965881
0.970581
0.97522
0.979858
0.986755
0.988953
0.993347
0.997742
1.00189
1.00809
1.01004
1.01395
1.01776
1.02142
1.02673
1.03015
1.03183
1.03659
1.03961
1.04254
1.04532
1.048
1.05054
1.05298
1.05527
1.05746
1.05948
1.06143
1.0632
1.06491
1.06641
1.06784
1.06906
1.07022
1.0712
1.07205
1.07278
1.0733
1.07376
1.07401
1.07413
1.07413
1.07394
1.07367
1.07318
1.0726
1.07187
1.07098
1.07001
1.06885
1.06763
1.06546
1.0639
1.06219
1.06046
1.0585
1.05655
1.05444
1.05225
1.05005
1.04776
1.04532
1.04288
1.04044
1.03799
1.03546
1.03278
1.03009
1.02606
1.02472
1.02203
1.01801
1.01532
1.01263
1.00995
1.00726
1.00458
1.00189
0.999207
0.996521
0.993927
0.991486
0.989044
0.986603
0.984161
0.98172
0.979279
0.976837
0.974548
0.972351
0.970154
0.967957
0.965759
0.963562
0.961517
0.959564
0.957611
0.955658
0.953705
0.951874
0.94931
0.948456
0.946747
0.944336
0.942871
0.942139
0.940674
0.938629
0.937408
0.936188
0.934998
0.934021
0.933044
0.932068
0.931274
0.930542
0.92981
0.929291
0.928802
0.928345
0.928101
0.927856
0.927704
0.927704
0.927704
0.927887
0.928131
0.928406
0.928894
0.929382
0.929962
0.930695
0.931793
0.932251
0.933228
0.934692
0.935181
0.937012
0.938232
0.939453
0.940796
0.942261
0.943726
0.94519
0.946655
0.94812
0.949585
0.951233
0.952942
0.954651
0.95636
0.958069
0.959778
0.961487
0.963196
0.964905
0.966614
0.968323
0.970032
0.971741
0.973236
0.974701
0.976166
0.977631
0.979095
0.98056
0.982025
0.98349
0.984955
0.98642
0.987671
0.988892
0.990723
0.991943
0.992554
0.994385
0.995544
0.996521
0.997498
0.997986
0.999451
1.00043
1.0014
1.00217
1.0029
1.00363
1.00436
1.0051
1.00583
1.00647
1.00696
1.0072
1.00793
1.00842
1.00891
1.0094
1.00974
1.00998
1.01022
1.01047
1.01071
1.01096
1.0112
1.01135
1.01135
1.01135
1.01135
1.01135
1.01135
1.01135
1.01135
1.01129
1.01105
1.01068
1.01044
1.01019
1.00995
1.0097
1.00946
1.00922
1.00897
1.00861
1.00812
1.00763
1.00714
1.00665
1.00616
1.00568
1.00519
1.0047
1.00421
1.00372
1.00323
1.00275
1.00226
1.00177
1.00128
1.00079
1.00031
0.999664
0.998932
0.998199
0.997467
0.996735
0.996002
0.994904
0.994171
0.993439
0.992706
0.991974
0.991241
0.990509
0.989777
0.989044
0.988312
0.987579
0.986847
0.985748
0.985382
0.984283
0.983551
0.982819
0.982452
0.981781
0.981049
0.98056
0.980072
0.979584
0.979095
0.978607
0.978119
0.977631
0.977142
0.976654
0.976166
0.975677
0.975189
0.974701
0.974213
0.973724
0.973236
0.972748
0.97226
0.971863
0.971619
0.971375
0.97113
0.970886
0.970642
0.970398
0.970154
0.96991
0.969666
0.969421
0.969177
0.968933
0.968689
0.968445
0.968201
0.96817
0.96817
0.96817
0.96817
0.96817
0.96817
0.96817
0.96817
0.96817
0.96817
0.96817
0.96817
0.96817
0.96817
0.96817
0.968201
0.968445
0.968689
0.968933
0.969177
0.969421
0.969666
0.96991
0.970154
0.970398
0.970642
0.970886
0.97113
0.971375
0.971619
0.971863
0.972107
0.972351
0.972717
0.972839
0.973206
0.973328
0.973694
0.973816
0.974182
0.974426
0.97467
0.974915
0.975159
0.975403
0.975647
0.975891
0.976135
0.976379
0.976624
0.976868
0.977112
0.977356
0.9776
0.977844
0.978088
0.978333
0.978577
0.978821
0.979065
0.979309
0.979553
0.979797
0.980042
0.980286
0.98053
0.980774
0.981018
0.981262
0.981506
0.98175
0.981995
0.982239
0.982483
0.982849
0.982971
0.983337
0.983459
0.983826
0.98407
0.984192
0.984558
0.984802
0.984924
0.985291
0.985535
0.985779
0.986023
0.986267
0.986511
0.986755
0.987
0.987244
0.987488
0.987732
0.987976
0.98822
0.988464
0.988708
0.989075
0.989197
0.989563
0.989685
0.989746
0.989746
0.989746
0.989746
0.989746
0.989746
0.989746
0.989746
0.989746
0.989746
0.989746
0.989746
0.989746
0.989746
0.989746
0.989746
0.989746
0.989746
0.989746
0.989746
0.989746
0.989746
0.989746
0.989746
0.989746
0.989746
0.989746
0.989746
0.989746
0.989746
0.989746
0.989746
0.989746
0.989746
0.989746
0.989746
0.989746
0.989746
0.989746
0.989746
0.989746
0.989746
0.989746
0.989746
0.989746
0.989746
0.989746
0.989746
0.989746
0.989746
0.989746
0.989746
0.989746
0.989746
0.989746
0.989746
0.989746
0.989746
0.989746
0.989746
0.989746
0.989746
0.989746
0.989746
0.989746
0.989746
0.989746
0.989746
0.989746
0.989746
0.989746
0.989746
0.989746
0.989746
0.989746
0.989746
0.989746
0.989746
0.989746
0.989746
0.989746
0.989746
0.989746
0.989746
0.989746
0.989746
0.989746
0.989746
0.989746
0.989746
0.989746
0.989746
0.989746
0.989746
0.989746
0.989746
0.989746
0.989746
0.989746
0.989746
0.989746
0.989746
0.989746
0.989746
0.989746
0.989746
0.989746
0.989746
0.989746
0.989746
0.989746
0.989746
0.989746
0.989746
0.989746
0.989746
0.989746
0.989746
0.989746
0.989746
0.989746
0.989746
0.989746
0.989746
0.989746
0.989746
0.989746
0.989746
0.989746
0.989746
0.989746
0.989746
0.989746
0.989746
0.989746
0.989746
0.989746
0.989746
0.989746
0.989746
0.989746
0.989746
0.989746
0.989746
0.989746
0.989746
0.989746
0.989746
0.989746
0.989746
0.989746
0.989746
0.989746
0.989746
0.989746
0.989746
0.989746
0.989746
0.989746
0.989746
0.989746
0.989746
0.989746
0.989746
0.989746
0.989746
0.989746
0.989746
0.989746
0.989746
0.989746
0.989746
0.989746
0.989746
0.989746
0.989746
0.989746
0.989746
0.989746
0.989746
0.989746
0.989746
0.989746
0.989746
0.989746
0.989746
0.989746
0.989746
0.989746
0.989746
0.989746
0.989746
0.989746
0.989746
0.989746
0.989746
0.989746
0.989746
0.989746
0.989746
0.989746
0.989746
0.989746
0.989746
0.989746
0.989746
0.989746
0.989746
0.989746
0.989746
0.989746
0.989746
0.989746
0.989746
0.989746
0.989746
0.989746
0.989746
0.989746
0.989746
0.989746
0.989746
0.989746
0.989746
0.989746
0.989746
0.989746
0.989746
0.989746
0.989746
0.989746
0.989746
0.989746
0.989746
0.989746
0.989746
0.989746
0.989746
0.989746
0.989746
0.989746
0.989746
0.989746
0.989746
