0
0
0
0
0
0.000183106
0.000427246
0.000915527
0.00183105
0.00332642
0.00558472
0.00875854
0.01297
0.0183716
0.0250549
0.03302
0.0423889
0.0531921
0.0653992
0.07901
0.0940247
0.110382
0.128052
0.147003
0.167145
0.188446
0.222443
0.234283
0.258698
0.284027
0.323639
0.351013
0.37912
0.407898
0.437256
0.467163
0.497559
0.528351
0.559509
0.590973
0.622711
0.654663
0.686646
0.718872
0.751099
0.783295
0.815277
0.847229
0.878967
0.910461
0.94165
0.972534
1.00302
1.03311
1.06271
1.10614
1.12033
1.14828
1.189
1.20224
1.24088
1.26569
1.2897
1.31293
1.3353
1.35678
1.37738
1.39703
1.41571
1.43341
1.45013
1.46588
1.48062
1.49429
1.50699
1.51859
1.52917
1.5387
1.54718
1.55463
1.561
1.56638
1.57065
1.57394
1.57614
1.57736
1.57761
1.57681
1.57498
1.57217
1.56845
1.56381
1.5582
1.54813
1.54434
1.5361
1.52701
1.51709
1.50641
1.48895
1.47641
1.4632
1.44931
1.44214
1.41968
1.40399
1.38776
1.37103
1.35385
1.33624
1.31827
1.2999
1.28122
1.26224
1.24301
1.22357
1.20395
1.18417
1.16431
1.14429
1.12427
1.10425
1.08423
1.06424
1.03458
1.02469
0.995422
0.976135
0.957092
0.938324
0.91983
0.901642
0.883789
0.866333
0.849274
0.832611
0.816406
0.800659
0.7854
0.77066
0.756439
0.742737
0.729584
0.71701
0.705017
0.693604
0.682831
0.672607
0.667755
0.654114
0.645782
0.638092
0.631042
0.624664
0.616302
0.611542
0.607422
0.603973
0.601166
0.598999
0.597473
0.596527
0.596252
0.596619
0.597595
0.599182
0.60022
0.604156
0.607544
0.611481
0.615967
0.621033
0.626617
0.632721
0.639313
0.646393
0.6539
0.661865
0.670288
0.679108
0.693054
0.702789
0.712891
0.718018
0.733948
0.744904
0.756104
0.767548
0.779205
0.791016
0.802979
0.815155
0.827362
0.839722
0.852173
0.864624
0.877075
0.889526
0.901978
0.914429
0.92688
0.939148
0.951355
0.96347
0.975433
0.987244
0.998901
1.01038
1.02161
1.03262
1.0434
1.05392
1.06418
1.07416
1.08386
1.09326
1.10239
1.11121
1.11969
1.12787
1.13571
1.14319
1.15036
1.15714
1.16357
1.16959
1.17526
1.18054
1.18777
1.18997
1.19403
1.19943
1.20251
1.2052
1.20749
1.20935
1.21085
1.21194
1.21259
1.21286
1.21274
1.21222
1.21136
1.21011
1.2085
1.20651
1.20416
1.20148
1.19846
1.19513
1.19147
1.18747
1.1832
1.17862
1.17377
1.16867
1.16049
1.15768
1.1488
1.14575
1.13947
1.133
1.12299
1.11615
1.10907
1.10196
1.09464
1.08731
1.0798
1.07224
1.06467
1.0571
1.04947
1.04166
1.03384
1.02609
1.01852
1.01096
1.00339
0.995819
0.988403
0.981079
0.973755
0.966675
0.959595
0.952728
0.945892
0.939301
0.932739
0.926392
0.920166
0.914062
0.908173
0.902405
0.89679
0.891418
0.88623
0.881226
0.876434
0.871857
0.867493
0.859467
0.855804
0.8508
0.849243
0.846344
0.843689
0.841278
0.839142
0.83725
0.835632
0.834259
0.83316
0.832306
0.831696
0.83136
0.831299
0.831421
0.831818
0.832855
0.833862
0.835083
0.836548
0.838226
0.839142
0.842224
0.844543
0.847046
0.849731
0.852661
0.855743
0.860687
0.862396
0.865997
0.871613
0.875519
0.879608
0.883759
0.888092
0.892487
0.896942
0.901581
0.906219
0.910858
0.915741
0.920624
0.925507
0.930389
0.935272
0.940155
0.945038
0.949921
0.954803
0.959686
0.964569
0.969452
0.974335
0.979218
0.983856
0.988495
0.993134
0.997589
1.00198
1.00632
1.01047
1.01462
1.01852
1.02243
1.02615
1.03159
1.03329
1.03671
1.04153
1.04465
1.04611
1.05045
1.05313
1.05447
1.0582
1.05942
1.06274
1.06482
1.06677
1.06857
1.07028
1.07178
1.07321
1.07443
1.07553
1.07651
1.07727
1.07794
1.07843
1.07874
1.07895
1.07895
1.0788
1.07855
1.07806
1.07745
1.07629
1.07532
1.0748
1.07297
1.07227
1.07007
1.06839
1.06668
1.06476
1.06281
1.06067
1.05847
1.05624
1.0538
1.05136
1.04892
1.04626
1.04358
1.04089
1.03821
1.03552
1.03284
1.02994
1.02701
1.02408
1.02115
1.01822
1.01529
1.01236
1.00943
1.0065
1.00357
1.00085
0.998169
0.995483
0.992798
0.990112
0.986084
0.984741
0.982056
0.979431
0.97699
0.974548
0.970886
0.968445
0.967224
0.963745
0.961548
0.959351
0.957153
0.954956
0.952942
0.950989
0.949036
0.947083
0.945251
0.943542
0.941833
0.940125
0.938599
0.936401
0.935669
0.933685
0.932465
0.931854
0.930176
0.929199
0.928223
0.92746
0.926727
0.926056
0.925568
0.925079
0.924774
0.92453
0.924377
0.924377
0.924377
0.924622
0.924866
0.925232
0.92572
0.926208
0.92691
0.927643
0.928436
0.929413
0.930389
0.931427
0.932648
0.933868
0.935089
0.936554
0.938019
0.939484
0.940948
0.942627
0.944336
0.946045
0.947754
0.949463
0.951172
0.953735
0.95459
0.957336
0.95929
0.960266
0.962219
0.965027
0.966736
0.968445
0.970154
0.971863
0.973572
0.975281
0.97699
0.978699
0.980408
0.982117
0.983826
0.985291
0.986755
0.98822
0.989685
0.99115
0.992615
0.993988
0.995209
0.996429
0.99765
0.998871
1.00009
1.00119
1.00217
1.00314
1.00412
1.0051
1.00607
1.00687
1.0076
1.0087
1.00943
1.0098
1.0108
1.01129
1.01178
1.01202
1.01251
1.013
1.01367
1.01392
1.01416
1.0144
1.01465
1.01489
1.01514
1.0152
1.0152
1.0152
1.0152
1.0152
1.0152
1.0152
1.01508
1.01483
1.01459
1.01434
1.0141
1.01385
1.01361
1.01337
1.01312
1.01266
1.01218
1.01169
1.0112
1.01071
1.01022
1.00974
1.00925
1.00876
1.00827
1.00754
1.00729
1.00632
1.00595
1.00485
1.00449
1.00375
1.00302
1.00192
1.00119
1.00046
1.00009
0.999359
0.99826
0.997528
0.997162
0.996063
0.995331
0.994598
0.993866
0.993134
0.992401
0.991669
0.990936
0.990204
0.989471
0.988739
0.988007
0.987274
0.986542
0.985809
0.985077
0.984344
0.983612
0.98288
0.982147
0.981415
0.980682
0.97995
0.979218
0.978119
0.977753
0.977173
0.976685
0.976196
0.975708
0.97522
0.974487
0.974243
0.973511
0.973022
0.972534
0.972046
0.971558
0.971069
0.970581
0.970093
0.969635
0.969391
0.969147
0.968903
0.968658
0.968414
0.96817
0.967926
0.967682
0.967438
0.967194
0.966949
0.966705
0.966461
0.9664
0.9664
0.9664
0.9664
0.9664
0.9664
0.9664
0.9664
0.9664
0.9664
0.9664
0.9664
0.9664
0.9664
0.966644
0.966766
0.96701
0.967255
0.967499
0.967743
0.967987
0.968353
0.968597
0.968842
0.969086
0.96933
0.969574
0.969818
0.970062
0.970306
0.970551
0.970795
0.971039
0.971283
0.971527
0.971771
0.972015
0.972382
0.97287
0.973358
0.973846
0.974335
0.974823
0.975311
0.9758
0.976532
0.976776
0.977264
0.977753
0.978241
0.978729
0.979218
0.979706
0.980194
0.980682
0.981171
0.981903
0.982147
0.98288
0.983154
0.983276
0.983643
0.983887
0.984131
0.984375
0.984619
0.984863
0.985107
0.985352
0.985596
0.98584
0.986084
0.986328
0.986572
0.986816
0.987061
0.987305
0.987549
0.987793
0.988037
0.988281
0.988525
0.98877
0.989014
0.989258
0.989502
0.989746
0.98999
0.990234
0.990479
0.990723
0.990814
0.990814
0.990814
0.990814
0.990814
0.990814
0.990814
0.990814
0.990814
0.990814
0.990814
0.990814
0.990814
0.990814
0.990814
0.990814
0.990814
0.990814
0.990814
0.990814
0.990814
0.990814
0.990814
0.990814
0.990814
0.990814
0.990814
0.990814
0.990814
0.990814
0.990814
0.990814
0.990814
0.990814
0.990814
0.990814
0.990814
0.990814
0.990814
0.990814
0.990814
0.990814
0.990814
0.990814
0.990814
0.990814
0.990692
0.990448
0.990082
0.98996
0.989716
0.989349
0.989105
0.988861
0.988617
0.988373
0.988129
0.987885
0.98764
0.987396
0.987152
0.986908
0.986664
0.98642
0.986176
0.985931
0.985687
0.985443
0.985199
0.984955
0.984711
0.984467
0.984222
0.984131
0.984131
0.984131
0.984131
0.984131
0.984131
0.984131
0.984131
0.984131
0.984131
0.984131
0.984131
0.984131
0.984131
0.984131
0.984131
0.984131
0.984131
0.984131
0.984131
0.984131
0.984131
0.984131
0.984131
0.984131
0.984131
0.984131
0.984131
0.984131
0.984131
0.984131
0.984131
0.984131
0.984131
0.984131
0.984131
0.984131
0.984131
0.984131
0.984131
0.984131
0.984131
0.984131
0.984131
0.984131
0.984131
0.984131
0.984131
0.984131
0.984131
0.984131
0.984131
0.984131
0.984131
0.984131
0.984131
0.984131
0.984131
0.984131
0.984131
0.984131
0.984131
0.984131
0.984131
0.984131
0.984131
0.984131
0.984131
0.984131
0.984131
0.984131
0.984131
0.984131
0.984131
0.984131
0.984131
0.984131
0.984131
0.984131
0.984131
0.984131
0.984131
0.984131
0.984131
0.984131
0.984131
0.984131
0.984131
0.984131
0.984131
0.984131
0.984131
0.984131
0.984131
0.984131
0.984131
0.984131
0.984131
0.984131
0.984131
0.984131
0.984131
0.984131
0.984131
0.984131
0.984131
0.984253
0.984497
0.984741
0.984985
0.985229
0.985474
0.985718
0.985962
0.986206
0.98645
0.986694
0.986938
0.987183
0.987427
0.987671
0.987915
0.988159
0.988403
0.988647
0.989014
0.989258
0.98938
0.989624
0.989655
0.989655
0.989655
0.989655
0.989655
0.989655
0.989655
0.989655
0.989655
0.989655
0.989655
0.989655
0.989655
0.989655
0.989655
0.989655
0.989655
0.989655
0.989655
0.989655
0.989655
0.989655
0.989655
0.989655
0.989655
0.989655
0.989655
0.989655
0.989655
0.989655
0.989655
0.989655
0.989655
0.989655
0.989655
0.989655
0.989655
0.989655
0.989655
0.989655
0.989655
0.989655
0.989655
0.989655
0.989655
0.989655
0.989655
0.989655
0.989655
0.989655
0.989655
0.989655
0.989655
0.989655
