0
0
0
0
0
0.00012207
0.000366211
0.000854492
0.00177002
0.00326538
0.00552368
0.00869751
0.0154419
0.0214539
0.0287781
0.0374451
0.0475159
0.0589905
0.0718689
0.0861511
0.101837
0.118835
0.137115
0.156616
0.177307
0.199097
0.221924
0.245728
0.270508
0.296173
0.322632
0.349854
0.377808
0.406372
0.435516
0.465179
0.495331
0.525879
0.556763
0.587952
0.619385
0.651001
0.698608
0.730347
0.762085
0.793823
0.825531
0.857025
0.888306
0.919342
0.950043
0.980408
1.01031
1.03976
1.0687
1.09708
1.12488
1.15201
1.1785
1.20432
1.2294
1.25375
1.27734
1.30011
1.32205
1.34314
1.36334
1.38266
1.40109
1.41855
1.43509
1.45071
1.47232
1.47903
1.49164
1.50323
1.51385
1.52783
1.53198
1.54294
1.54605
1.55154
1.55783
1.55942
1.56271
1.5636
1.56348
1.56238
1.5603
1.55728
1.55338
1.54849
1.54276
1.5361
1.52863
1.52026
1.51114
1.50122
1.49054
1.47913
1.46701
1.45419
1.44073
1.4267
1.41205
1.39685
1.38116
1.36499
1.34836
1.3313
1.30499
1.28705
1.27795
1.25027
1.23154
1.21259
1.19354
1.17426
1.15497
1.13568
1.11639
1.09711
1.07782
1.05853
1.03946
1.02048
1.00168
0.983093
0.964752
0.946655
0.928864
0.911377
0.894196
0.877411
0.860962
0.84494
0.829285
0.814056
0.799286
0.784973
0.771118
0.757751
0.738708
0.732635
0.71521
0.709686
0.693939
0.688995
0.679504
0.666412
0.658447
0.651093
0.644379
0.638306
0.632812
0.62796
0.623779
0.620239
0.61731
0.61499
0.613312
0.612305
0.611847
0.612061
0.612823
0.614227
0.616211
0.618744
0.621857
0.625519
0.62973
0.63443
0.639679
0.645416
0.651642
0.658325
0.669189
0.676941
0.680969
0.693665
0.702576
0.711823
0.721405
0.731293
0.741455
0.751892
0.762573
0.773468
0.784546
0.795776
0.807251
0.818756
0.830475
0.842194
0.854004
0.865967
0.87793
0.889893
0.901855
0.913818
0.925781
0.937561
0.94928
0.960999
0.972473
0.983948
0.995178
1.00629
1.01721
1.02795
1.03845
1.04871
1.05875
1.06851
1.078
1.08722
1.09616
1.10483
1.11322
1.12128
1.13275
1.13641
1.14349
1.15021
1.15659
1.16544
1.16821
1.17593
1.17831
1.18488
1.18875
1.19226
1.19534
1.19806
1.20038
1.2023
1.2023
1.20447
1.20599
1.20612
1.20609
1.20532
1.20486
1.20374
1.20132
1.19928
1.1969
1.19415
1.1911
1.18774
1.18408
1.18011
1.17587
1.17136
1.16656
1.16153
1.15625
1.15073
1.14499
1.13907
1.13297
1.12665
1.11688
1.1102
1.10336
1.09641
1.08932
1.08224
1.07492
1.0676
1.06027
1.05295
1.04541
1.03784
1.03027
1.02271
1.01535
1.00803
1.0007
0.993378
0.986237
0.979156
0.972137
0.965302
0.958496
0.951904
0.945374
0.939026
0.93277
0.926666
0.920746
0.912109
0.906555
0.901184
0.89859
0.893463
0.88623
0.883911
0.877228
0.873077
0.869171
0.865479
0.86203
0.858826
0.855865
0.853149
0.850677
0.84845
0.846466
0.844757
0.843292
0.842072
0.841125
0.840424
0.839966
0.839752
0.839752
0.839996
0.840485
0.841217
0.842163
0.843323
0.844696
0.846283
0.848083
0.850067
0.852264
0.854675
0.857239
0.859955
0.862885
0.865967
0.869171
0.872589
0.876099
0.879761
0.883545
0.887451
0.891449
0.895599
0.89975
0.904083
0.910675
0.912872
0.919678
0.924316
0.926636
0.933594
0.938232
0.942871
0.94751
0.952148
0.956787
0.961426
0.966064
0.970703
0.975342
0.979828
0.984222
0.988617
0.99292
0.99707
1.00122
1.00519
1.00909
1.01291
1.01657
1.02017
1.02359
1.02701
1.03018
1.03336
1.03632
1.03925
1.0433
1.04465
1.04715
1.04959
1.05185
1.05511
1.05609
1.05804
1.0607
1.06235
1.06381
1.06522
1.06644
1.06757
1.06854
1.0694
1.07013
1.07068
1.07117
1.07141
1.07159
1.07159
1.07147
1.07123
1.0708
1.07031
1.06961
1.06885
1.06787
1.06686
1.06564
1.06439
1.06293
1.06146
1.0589
1.05804
1.05621
1.05328
1.0513
1.0491
1.04691
1.04471
1.04248
1.04004
1.0376
1.03516
1.03271
1.03027
1.02783
1.02539
1.02295
1.02051
1.01807
1.01562
1.01318
1.01074
1.0083
1.00586
1.0022
0.999756
0.998535
0.996094
0.993652
0.98999
0.987549
0.985107
0.982788
0.980591
0.978394
0.976196
0.973999
0.971802
0.969604
0.96759
0.965637
0.963684
0.961731
0.959778
0.957855
0.956146
0.954437
0.952728
0.951019
0.949402
0.947937
0.946472
0.945007
0.943573
0.942352
0.940521
0.939911
0.938751
0.937775
0.936798
0.935822
0.934998
0.934265
0.933533
0.932587
0.932343
0.931854
0.931366
0.931122
0.930756
0.930634
0.930634
0.930634
0.930786
0.93103
0.931274
0.931702
0.93219
0.932678
0.93335
0.934082
0.934814
0.935669
0.936646
0.937622
0.938599
0.939758
0.940979
0.9422
0.94342
0.944641
0.945984
0.947449
0.948914
0.951111
0.951843
0.953308
0.955505
0.956238
0.958435
0.9599
0.960632
0.96283
0.964294
0.965759
0.967224
0.968689
0.970154
0.971619
0.973083
0.974548
0.976013
0.977478
0.978943
0.980225
0.981445
0.982666
0.983887
0.985107
0.986328
0.987549
0.98877
0.98999
0.990967
0.991943
0.99292
0.993896
0.994873
0.99585
0.996826
0.99765
0.998383
0.999115
1.00021
1.00058
1.00131
1.00204
1.00269
1.00342
1.00366
1.00415
1.00464
1.00537
1.00586
1.00623
1.00647
1.00671
1.00696
1.0072
1.00745
1.00769
1.00793
1.00806
1.00806
1.00806
1.00806
1.00806
1.00806
1.00806
1.00806
1.00806
1.008
1.00775
1.00739
1.00714
1.00702
1.00677
1.00653
1.00616
1.00604
1.00568
1.00555
1.00531
1.00479
1.0043
1.00381
1.00333
1.00284
1.00235
1.00186
1.00137
1.00089
1.0004
1.00015
0.99942
0.998932
0.998444
0.997955
0.997467
0.996979
0.99649
0.996002
0.995514
0.995026
0.994537
0.994049
0.993561
0.993073
0.992584
0.992096
0.991608
0.991119
0.990631
0.990143
0.989655
0.989166
0.988678
0.98819
0.987701
0.987213
0.986725
0.986237
0.985504
0.98526
0.984772
0.984039
0.983551
0.983063
0.982819
0.98233
0.981598
0.98111
0.980865
0.980133
0.979645
0.979156
0.978668
0.97818
0.977692
0.977203
0.976715
0.976227
0.975739
0.97525
0.974792
0.974548
0.974304
0.97406
0.973816
0.973572
0.973328
0.973083
0.972839
0.972595
0.972351
0.972107
0.971863
0.971619
0.971375
0.97113
0.970886
0.970642
0.970459
0.970459
0.970459
0.970459
0.970459
0.970459
0.970459
0.970459
0.970459
0.970459
0.970459
0.970459
0.970459
0.970459
0.970459
0.970459
0.970459
0.970459
0.970459
0.970642
0.970886
0.97113
0.971375
0.971619
0.971863
0.972107
0.972351
0.972595
0.972839
0.973083
0.973328
0.973572
0.973816
0.97406
0.974304
0.974548
0.974792
0.975037
0.975281
0.975525
0.975769
0.976135
0.976257
0.976624
0.976868
0.977112
0.977356
0.9776
0.977844
0.978088
0.978333
0.978577
0.978821
0.979065
0.979309
0.979553
0.979797
0.980042
0.980286
0.98053
0.980774
0.981018
0.981262
0.981506
0.98175
0.981995
0.982239
0.982483
0.982727
0.982971
0.983215
0.983582
0.983826
0.98407
0.984314
0.984558
0.984802
0.985046
0.985291
0.985535
0.985779
0.986023
0.986267
0.986511
0.986755
0.987
0.987244
0.987488
0.987732
0.987976
0.98822
0.988464
0.988708
0.988953
0.989197
0.989441
0.989624
0.989624
0.989624
0.989624
0.989624
0.989624
0.989624
0.989624
0.989624
0.989624
0.989624
0.989624
0.989624
0.989624
0.989624
0.989624
0.989624
0.989624
0.989624
0.989624
0.989624
0.989624
0.989624
0.989624
0.989624
0.989624
0.989624
0.989624
0.989624
0.989624
0.989624
0.989624
0.989624
0.989624
0.989624
0.989624
0.989624
0.989624
0.989624
0.989624
0.989624
0.989624
0.989624
0.989624
0.989624
0.989624
0.989624
0.989624
0.989624
0.989624
0.989624
0.989624
0.989624
0.989624
0.989624
0.989624
0.989624
0.989624
0.989624
0.989624
0.989624
0.989624
0.989624
0.989624
0.989624
0.989624
0.989624
0.989624
0.989624
0.989624
0.989624
0.989624
0.989624
0.989624
0.989624
0.989624
0.989624
0.989624
0.989624
0.989624
0.989624
0.989624
0.989624
0.989624
0.989624
0.989624
0.989624
0.989624
0.989624
0.989624
0.989624
0.989624
0.989624
0.989624
0.989624
0.989624
0.989624
0.989624
0.989624
0.989624
0.989624
0.989624
0.989624
0.989624
0.989624
0.989624
0.989624
0.989624
0.989624
0.989624
0.989624
0.989624
0.989624
0.989624
0.989624
0.989624
0.989624
0.989624
0.989624
0.989624
0.989624
0.989624
0.989624
0.989624
0.989624
0.989624
0.989624
0.989624
0.989624
0.989624
0.989624
0.989624
0.989624
0.989624
0.989624
0.989624
0.989624
0.989624
0.989624
0.989624
0.989624
0.989624
0.989624
0.989624
0.989624
0.989624
0.989624
0.989624
0.989624
0.989624
0.989624
0.989624
0.989624
0.989624
0.989624
0.989624
0.989624
0.989624
0.989624
0.989624
0.989624
0.989624
0.989624
0.989624
0.989624
0.989624
0.989624
0.989624
0.989624
0.989624
0.989624
0.989624
0.989624
0.989624
0.989624
0.989624
0.989624
0.989624
0.989624
0.989624
0.989624
0.989624
0.989624
0.989624
0.989624
0.989624
0.989624
0.989624
0.989624
0.989624
0.989624
0.989624
0.989624
0.989624
0.989624
0.989624
0.989624
0.989624
0.989624
0.989624
0.989624
0.989624
0.989624
0.989624
0.989624
0.989624
0.989624
0.989624
0.989624
0.989624
0.989624
0.989624
0.989624
0.989624
0.989624
0.989624
0.989624
0.989624
0.989624
0.989624
0.989624
0.989624
0.989624
0.989624
0.989624
0.989624
0.989624
0.989624
0.989624
0.989624
0.989624
0.989624
0.989624
0.989624
0.989624
0.989624
0.989624
0.989624
0.989624
0.989624
0.989624
0.989624
0.989624
0.989624
