0
9.53654e-06
2.47954e-05
4.00542e-05
5.5313e-05
8.96453e-05
0.000244141
0.000675201
0.00157166
0.00312233
0.0055027
0.00887489
0.0133686
0.0190983
0.0261459
0.0345764
0.0444221
0.0556965
0.0683899
0.0824757
0.0979042
0.11462
0.132553
0.151627
0.171755
0.19285
0.214821
0.237572
0.261009
0.285048
0.309591
0.334555
0.359848
0.385387
0.411091
0.436888
0.4627
0.501293
0.514093
0.552187
0.577255
0.601995
0.626362
0.650297
0.67375
0.69668
0.707933
0.740784
0.761883
0.78231
0.80205
0.821085
0.839418
0.857048
0.873964
0.890154
0.905626
0.920366
0.934385
0.947683
0.966299
0.977833
0.988678
0.998848
1.00835
1.01721
1.02542
1.03299
1.03994
1.04628
1.05202
1.0572
1.06182
1.06591
1.06949
1.07259
1.07522
1.07741
1.07917
1.08053
1.08151
1.08232
1.08244
1.08224
1.08204
1.08101
1.08
1.07875
1.07729
1.07562
1.07376
1.07174
1.06957
1.06726
1.06483
1.06232
1.05972
1.0557
1.05433
1.05019
1.04879
1.04599
1.04318
1.04037
1.03757
1.03478
1.03201
1.0279
1.02519
1.02251
1.01987
1.01725
1.01467
1.01213
1.00962
1.00716
1.00475
1.00238
1.00006
0.997789
0.995567
0.993395
0.991276
0.989208
0.987192
0.985231
0.983324
0.98147
0.979671
0.97793
0.976244
0.974619
0.973047
0.971537
0.970087
0.968695
0.96736
0.966085
0.964872
0.96372
0.962629
0.961597
0.960155
0.959705
0.958849
0.95767
0.956955
0.956295
0.955692
0.95541
0.954647
0.954206
0.953817
0.95348
0.953196
0.952961
0.952772
0.952627
0.952522
0.952459
0.952431
0.952438
0.952477
0.952545
0.952642
0.952766
0.952911
0.953079
0.953268
0.953474
0.953697
0.953934
0.954184
0.954445
0.95472
0.955004
0.955294
0.955746
0.956051
0.956362
0.956682
0.957003
0.957323
0.957644
0.957964
0.958284
0.958605
0.958925
0.959246
0.959566
0.959879
0.960184
0.960489
0.960794
0.961096
0.961386
0.961676
0.961966
0.962242
0.962517
0.962791
0.963053
0.963442
0.963568
0.963934
0.964176
0.964405
0.964634
0.964746
0.965067
0.965279
0.965477
0.965675
0.965862
0.966045
0.966223
0.966391
0.966558
0.966713
0.966866
0.967014
0.967152
0.967289
0.967419
0.967541
0.967663
0.967775
0.967882
0.967989
0.968136
0.968182
0.968273
0.968405
0.968443
0.968557
0.968596
0.968672
0.968763
0.968824
0.968885
0.968946
0.968996
0.969042
0.969088
0.969133
0.969179
0.969225
0.969257
0.969288
0.969318
0.969349
0.969379
0.96941
0.96944
0.969471
0.969501
0.969522
0.969538
0.969553
0.969568
0.969584
0.969599
0.969614
0.969637
0.969645
0.96966
0.969683
0.969698
0.969713
0.969728
0.969744
0.969759
0.969774
0.96979
0.969805
0.96982
0.969835
0.969851
0.969866
0.969881
0.969896
0.969912
0.969927
0.969942
0.969957
0.969973
0.969988
0.970003
0.97003
0.97006
0.970091
0.970121
0.970152
0.970198
0.970228
0.970243
0.970274
0.97032
0.97035
0.970381
0.970411
0.970442
0.970472
0.970503
0.970533
0.970564
0.970594
0.970625
0.970655
0.970686
0.970716
0.970749
0.970795
0.97084
0.970886
0.970932
0.970978
0.971046
0.971092
0.971138
0.971184
0.97123
0.971275
0.971321
0.971367
0.971413
0.971458
0.971527
0.971573
0.971596
0.971642
0.971687
0.971733
0.971802
0.971848
0.971893
0.971939
0.971985
0.972031
0.972076
0.972122
0.972168
0.972214
0.97226
0.972305
0.972351
0.972397
0.972443
0.972488
0.972534
0.97258
0.972649
0.972672
0.972717
0.972786
0.972832
0.972878
0.972923
0.972969
0.973015
0.973061
0.973106
0.973152
0.973198
0.973244
0.973289
0.973335
0.973381
0.973427
0.973473
0.973518
0.973564
0.97361
0.973656
0.973724
0.973747
0.973816
0.973839
0.973885
0.973953
0.973976
0.974045
0.974091
0.974136
0.974182
0.974228
0.974274
0.974319
0.974365
0.974411
0.974457
0.974503
0.974548
0.974594
0.97464
0.974686
0.974731
0.974777
0.974823
0.974869
0.974915
0.97496
0.975006
0.975052
0.975098
0.975166
0.975189
0.975235
0.975281
0.975327
0.975395
0.975418
0.975487
0.975533
0.975578
0.975624
0.97567
0.975716
0.975761
0.975807
0.975853
0.975899
0.975945
0.97599
0.976036
0.976082
0.976128
0.976173
0.976196
0.976265
0.976311
0.976357
0.976402
0.976448
0.976494
0.976562
0.976585
0.976631
0.976677
0.976723
0.976789
0.976805
0.976835
0.976881
0.976896
0.976942
0.976973
0.977003
0.977034
0.977064
0.977095
0.977125
0.977156
0.977186
0.977217
0.977247
0.977278
0.977308
0.977339
0.977369
0.9774
0.97743
0.977461
0.977491
0.977522
0.977552
0.977583
0.977613
0.977644
0.977674
0.977705
0.977736
0.977766
0.977797
0.977827
0.977858
0.977898
0.977943
0.977989
0.978058
0.978081
0.978127
0.978172
0.978241
0.978287
0.97831
0.978378
0.978424
0.97847
0.978516
0.978561
0.978607
0.978653
0.978699
0.978745
0.978786
0.978817
0.978848
0.978878
0.978909
0.978939
0.97897
0.979
0.979031
0.979076
0.979092
0.979122
0.979153
0.979198
0.979229
0.979259
0.97929
0.979321
0.979351
0.979382
0.979412
0.979443
0.979473
0.979504
0.979534
0.979565
0.979595
0.979626
0.979656
0.979687
0.979717
0.979748
0.979778
0.979809
0.979839
0.97987
0.9799
0.979931
0.979977
0.979992
0.980022
0.980053
0.980099
0.980129
0.98016
0.98019
0.980221
0.980251
0.980282
0.980312
0.980343
0.980373
0.980404
0.980434
0.980465
0.980495
0.980526
0.980556
0.980587
0.980627
0.980673
0.980719
0.980764
0.98081
0.980856
0.980902
0.980947
0.980993
0.981062
0.981085
0.981131
0.98119
0.981205
0.981251
0.981266
0.981297
0.981327
0.981358
0.981403
0.981419
0.981464
0.98148
0.981525
0.981556
0.981586
0.981617
0.981632
0.981678
0.981709
0.981739
0.98177
0.9818
0.981831
0.981861
0.981892
0.981922
0.981953
0.981983
0.982014
0.982044
0.982075
0.982105
0.982151
0.982182
0.982212
0.982243
0.982273
0.982304
0.982334
0.982365
0.982395
0.982426
0.982456
0.982487
0.982517
0.982548
0.982578
0.982624
0.982655
0.982685
0.9827
0.982746
0.982777
0.982807
0.982838
0.982868
0.982899
0.982929
0.98296
0.98299
0.983021
0.983051
0.983082
0.983112
0.983158
0.983173
0.983204
0.983234
0.983265
0.983311
0.983341
0.983372
0.983402
0.983433
0.983463
0.983494
0.983524
0.983555
0.983585
0.983616
0.983646
0.983677
0.983707
0.983738
0.983768
0.983799
0.983845
0.98386
0.983891
0.983921
0.983967
0.983997
0.984028
0.984058
0.984089
0.984119
0.98415
0.98418
0.984211
0.984241
0.984272
0.984303
0.984333
0.984364
0.984394
0.98444
0.98447
0.984486
0.984531
0.984562
0.984592
0.984623
0.984653
0.984684
0.984715
0.984745
0.984776
0.984806
0.984837
0.984867
0.984898
0.984928
0.984959
0.984989
0.98502
0.98505
0.985081
0.985111
0.985142
0.985188
0.985218
0.985249
0.985279
0.98531
0.98534
0.985371
0.985401
0.985432
0.985462
0.985493
0.985523
0.985548
0.985563
0.985579
0.985594
0.985609
0.985624
0.98564
0.985655
0.98567
0.985685
0.985701
0.985716
0.985731
0.985746
0.985762
0.985777
0.985792
0.985807
0.985823
0.985838
0.985853
0.985876
0.985884
0.985914
0.98596
0.985975
0.986021
0.986052
0.986082
0.986113
0.986143
0.986174
0.986204
0.986235
0.986265
0.986296
0.986326
0.986357
0.986387
0.986418
0.986448
0.986479
0.986509
0.986555
0.98657
0.986601
0.986631
0.986662
0.986708
0.986723
0.986748
0.986763
0.986778
0.986794
0.986809
0.986824
0.986839
0.986855
0.98687
0.986885
0.9869
0.986916
0.986931
0.986946
0.986961
0.986977
0.986992
0.987007
0.987022
0.987038
0.987053
0.987068
0.987083
0.987099
0.987133
0.987148
0.987194
0.987209
0.987255
0.98727
0.987316
0.987331
0.987362
0.987408
0.987438
0.987469
0.987499
0.98753
0.98756
0.987591
0.987621
0.987652
0.987682
0.987713
0.987743
0.987789
0.987803
0.987825
0.987841
0.987856
0.987864
0.987886
0.987902
0.987917
0.987932
0.987947
0.987963
0.987978
0.987993
0.988008
0.988024
0.988039
0.988054
0.98807
0.988085
0.9881
0.988115
0.988131
0.988146
0.988161
0.988176
0.988192
0.988207
0.988222
0.988237
0.988253
0.988268
0.988283
0.988298
0.988321
0.988329
0.988358
0.988388
0.988419
0.988449
0.98848
0.98851
0.988556
0.988586
0.988617
0.988632
0.988678
0.988708
0.988739
0.98877
0.9888
0.988831
0.988861
0.988892
0.988911
0.988926
0.988941
0.988956
0.988972
0.988987
0.989002
0.989017
0.989033
0.989048
0.989063
0.989086
0.989094
0.989109
0.989124
0.98914
0.989162
0.989178
0.989185
0.989201
0.989216
0.989231
0.989254
0.989269
0.989277
0.9893
0.989315
0.98933
0.989346
0.989361
0.989376
0.989391
0.989407
0.989422
0.989437
0.989452
0.989468
0.989483
0.989498
0.989521
0.989529
0.989544
0.989567
0.989574
0.98959
0.989605
0.98962
0.989643
0.989658
0.989674
0.989689
0.989704
0.989719
0.989735
0.98975
0.989765
0.98978
0.989801
0.989832
0.989862
0.989893
0.989923
0.989954
0.989985
0.990015
0.990046
0.990091
0.990107
0.990152
0.990183
0.990208
0.990223
0.990238
0.990253
0.990269
0.990284
0.990299
0.990314
0.99033
0.990345
0.99036
0.990376
0.990391
0.990406
0.990421
0.990437
0.990452
0.990475
0.990482
0.990498
0.99052
0.990536
0.990551
0.990566
0.990574
0.990597
0.990612
0.990627
0.990643
0.990658
0.990673
0.990688
0.990704
0.990719
0.990734
0.990749
0.990765
0.99078
0.990803
0.990818
0.990833
0.990849
0.990856
0.990879
0.990894
0.99091
0.990925
0.99094
0.990955
0.990971
0.990986
0.991001
0.991016
0.991032
0.991047
0.991062
0.991077
0.991093
0.991108
0.991123
0.991138
0.991154
0.991169
0.991184
0.991199
0.991215
0.99123
0.991253
0.991261
0.991283
0.991291
0.991306
0.991329
0.991337
0.991352
