0
1.52585e-05
3.05173e-05
4.57761e-05
6.10349e-05
7.62938e-05
0.000164032
0.000259399
0.00099945
0.00208473
0.00384712
0.00645447
0.0100517
0.0147705
0.0207157
0.0279713
0.0365944
0.0466156
0.0580444
0.0708714
0.0850677
0.100576
0.117346
0.135298
0.154356
0.174433
0.195433
0.228472
0.251387
0.274902
0.298925
0.323366
0.348141
0.373159
0.398333
0.423576
0.448811
0.473965
0.498981
0.523802
0.548372
0.572643
0.596575
0.620117
0.643236
0.665895
0.688066
0.709721
0.720345
0.751377
0.771336
0.790691
0.809418
0.836311
0.853437
0.869913
0.885729
0.900873
0.915339
0.929113
0.942184
0.954548
0.966198
0.977144
0.987396
0.996964
1.00587
1.01412
1.02174
1.02875
1.03517
1.04103
1.04878
1.0533
1.05733
1.06088
1.06397
1.06662
1.06886
1.07068
1.07211
1.07318
1.07387
1.07423
1.07427
1.074
1.07346
1.07265
1.07161
1.07034
1.06887
1.06722
1.06443
1.06342
1.06023
1.05796
1.0556
1.05317
1.05068
1.04814
1.04558
1.04299
1.04039
1.03779
1.03519
1.03261
1.03004
1.02748
1.02496
1.02246
1.01998
1.01754
1.01513
1.01159
1.01042
1.00698
1.00474
1.00253
1.00037
0.998251
0.996181
0.994164
0.992201
0.990294
0.988443
0.98665
0.984919
0.983242
0.981625
0.980062
0.978559
0.97711
0.975714
0.974373
0.973085
0.971853
0.970102
0.969
0.967951
0.966953
0.966005
0.965109
0.964262
0.963467
0.962725
0.962034
0.961397
0.960808
0.960268
0.959776
0.95933
0.958925
0.958567
0.958246
0.957964
0.95772
0.95751
0.957335
0.95719
0.957075
0.956959
0.956915
0.956894
0.9569
0.956926
0.956976
0.957045
0.95713
0.957235
0.957355
0.957493
0.957645
0.957811
0.957989
0.958178
0.958479
0.958586
0.958914
0.959143
0.959375
0.95962
0.959864
0.960236
0.960365
0.960625
0.961014
0.961143
0.961403
0.961792
0.962051
0.962181
0.96257
0.96283
0.963085
0.963329
0.963573
0.963818
0.964062
0.9643
0.964529
0.964758
0.964987
0.965206
0.96542
0.965633
0.965845
0.966043
0.966242
0.96644
0.966627
0.96681
0.966993
0.967171
0.967339
0.967422
0.967674
0.967827
0.967979
0.968132
0.968277
0.968414
0.968552
0.968689
0.968813
0.968935
0.969118
0.969179
0.969286
0.969446
0.969553
0.969654
0.969746
0.969837
0.969929
0.97002
0.970097
0.970173
0.970287
0.970364
0.97043
0.970461
0.970552
0.970613
0.970675
0.970736
0.970787
0.970833
0.970879
0.970924
0.97097
0.971016
0.971062
0.971107
0.971144
0.971174
0.971205
0.971235
0.971266
0.971296
0.971327
0.971357
0.971388
0.971418
0.971449
0.971495
0.97151
0.97154
0.971571
0.971601
0.971632
0.971663
0.971693
0.971724
0.971769
0.9718
0.971815
0.971861
0.971891
0.971922
0.971952
0.971983
0.972013
0.972059
0.972075
0.972105
0.972136
0.972166
0.972212
0.972227
0.972273
0.972303
0.972334
0.972349
0.972395
0.972425
0.972456
0.972486
0.972517
0.972548
0.972578
0.972609
0.972639
0.97267
0.9727
0.972731
0.972761
0.972792
0.972822
0.972853
0.972883
0.972914
0.972944
0.972975
0.973005
0.973036
0.973066
0.973097
0.973143
0.973173
0.973204
0.973234
0.973265
0.973295
0.973326
0.973356
0.973387
0.973417
0.973448
0.973494
0.973524
0.973555
0.97357
0.973621
0.973667
0.973713
0.973782
0.973827
0.973873
0.973919
0.973965
0.97401
0.974056
0.974102
0.974148
0.974194
0.974239
0.974285
0.974331
0.974377
0.974422
0.974468
0.974514
0.974583
0.974606
0.974674
0.97472
0.974743
0.974812
0.974857
0.974903
0.974949
0.974995
0.97504
0.975086
0.975132
0.975201
0.975246
0.975292
0.975338
0.975384
0.97543
0.975498
0.975521
0.975567
0.975613
0.975658
0.975727
0.975773
0.975819
0.975864
0.97591
0.975956
0.976002
0.976048
0.976093
0.976139
0.976185
0.976231
0.976276
0.976322
0.976391
0.976414
0.97646
0.976503
0.976534
0.97658
0.976595
0.976641
0.976671
0.976702
0.976732
0.976763
0.976793
0.976824
0.976854
0.976885
0.976915
0.976946
0.976976
0.977007
0.977053
0.977068
0.977098
0.977129
0.97716
0.97719
0.977221
0.977257
0.977303
0.977371
0.977417
0.977463
0.977509
0.977554
0.9776
0.977646
0.977692
0.977737
0.977783
0.977829
0.977875
0.977921
0.977966
0.978012
0.978058
0.978104
0.978149
0.978188
0.978218
0.978249
0.978279
0.97831
0.97834
0.978386
0.978416
0.978432
0.978477
0.978493
0.978523
0.978569
0.978584
0.97863
0.978661
0.978691
0.978722
0.978752
0.978783
0.978813
0.978844
0.978874
0.978905
0.978935
0.978966
0.978996
0.979027
0.979057
0.979088
0.979134
0.979149
0.979195
0.97921
0.97924
0.97929
0.979336
0.979382
0.979427
0.979473
0.979519
0.979565
0.97961
0.979656
0.979702
0.979748
0.979794
0.979839
0.979885
0.979923
0.979954
0.979984
0.980015
0.980045
0.980076
0.980106
0.980152
0.980183
0.980213
0.980244
0.980274
0.980305
0.980335
0.980366
0.980396
0.980427
0.980473
0.980503
0.980534
0.980564
0.980564
0.980625
0.980656
0.980686
0.980717
0.980747
0.980778
0.980808
0.980839
0.980869
0.9809
0.98093
0.980961
0.980991
0.981022
0.981052
0.981083
0.981113
0.981144
0.981174
0.98122
0.981236
0.981281
0.981297
0.981327
0.981373
0.981388
0.981434
0.981464
0.981495
0.981525
0.981556
0.981586
0.981617
0.981647
0.981678
0.981709
0.981739
0.98177
0.9818
0.981831
0.981861
0.981892
0.981922
0.981953
0.981998
0.982014
0.982044
0.982075
0.982105
0.982151
0.982166
0.982212
0.982243
0.982273
0.982304
0.982334
0.982365
0.982395
0.98241
0.982456
0.982487
0.982517
0.982548
0.982578
0.982609
0.982639
0.98267
0.9827
0.982731
0.982761
0.982792
0.982822
0.982853
0.982899
0.982929
0.98296
0.98299
0.983006
0.983067
0.983082
0.983112
0.983158
0.983173
0.983219
0.98325
0.983265
0.983295
0.983326
0.983372
0.983402
0.983418
0.983463
0.983494
0.983524
0.983555
0.983585
0.983616
0.983646
0.983677
0.983707
0.983753
0.983768
0.983814
0.983845
0.983875
0.983906
0.983936
0.983967
0.983997
0.984028
0.984058
0.984089
0.984119
0.98415
0.98418
0.984211
0.984241
0.984272
0.984303
0.984333
0.984364
0.984394
0.98444
0.984455
0.984501
0.984531
0.984547
0.984592
0.984608
0.984653
0.984684
0.984715
0.984745
0.984776
0.984806
0.984837
0.984867
0.984898
0.984928
0.984959
0.984989
0.98502
0.98505
0.985081
0.985111
0.985142
0.985172
0.985203
0.985233
0.985264
0.985294
0.985325
0.985355
0.985386
0.985416
0.985447
0.985477
0.985508
0.985538
0.985569
0.9856
0.98563
0.985661
0.985706
0.985722
0.985752
0.985798
0.985813
0.985859
0.985889
0.98592
0.98595
0.985981
0.986012
0.986034
0.98605
0.986073
0.98608
0.986103
0.986118
0.986126
0.986149
0.986164
0.986179
0.986195
0.98621
0.986225
0.98624
0.986256
0.986271
0.986286
0.986301
0.986317
0.986332
0.986347
0.986362
0.986378
0.986393
0.986408
0.986423
0.986439
0.986454
0.986477
0.986507
0.986538
0.986584
0.986599
0.986629
0.986675
0.986691
0.986736
0.986752
0.986797
0.986828
0.986858
0.986889
0.986919
0.98695
0.98698
0.987011
0.987041
0.987072
0.987103
0.987133
0.987164
0.987194
0.987225
0.987249
0.987257
0.98728
0.987295
0.987303
0.987326
0.987341
0.987349
0.987371
0.987387
0.987402
0.987417
0.987432
0.987448
0.987463
0.987478
0.987494
0.987509
0.987524
0.987539
0.987555
0.98757
0.987585
0.9876
0.987616
0.987631
0.987646
0.987661
0.987677
0.9877
0.98773
0.987761
0.987791
0.987822
0.987852
0.987883
0.987913
0.987944
0.987974
0.988005
0.988035
0.988066
0.988096
0.988127
0.988157
0.988188
0.988218
0.988249
0.988279
0.988325
0.988356
0.988363
0.988386
0.988401
0.988417
0.988432
0.988447
0.988462
0.988478
0.988493
0.988508
0.988523
0.988539
0.988554
0.988569
0.988585
0.9886
0.988615
0.98863
0.988646
0.988661
0.988676
0.988699
0.988714
0.988722
0.988745
0.98876
0.988775
0.988791
0.988806
0.988821
0.988836
0.988852
0.988867
0.988882
0.988897
0.988913
0.988928
0.988943
0.988958
0.988974
0.988989
0.989004
0.989027
0.989035
0.989063
0.989094
0.98914
0.989155
0.989201
0.989216
0.989246
0.989292
0.989323
0.989353
0.989384
0.989414
0.989445
0.989475
0.989506
0.989532
0.989548
0.989563
0.989578
0.989594
0.989609
0.989624
0.989639
0.989655
0.98967
0.989685
0.9897
0.989716
0.989731
0.989746
0.989761
0.989777
0.989792
0.989807
0.989822
0.989838
0.989853
0.989868
0.989883
0.989899
0.989922
0.989937
0.989944
0.98996
0.989975
0.98999
0.990013
0.990028
0.990044
0.990059
0.990074
0.990089
0.990105
0.99012
0.990135
0.99015
0.990166
0.990181
0.990196
0.990211
0.990227
0.990242
0.990257
0.990273
0.990288
0.990303
0.990318
0.990334
0.990349
0.990364
0.990387
0.990402
0.990417
0.990433
0.990448
0.990463
0.990479
0.990494
0.990509
0.990524
0.99054
0.990555
0.99057
0.990585
0.990601
0.990616
0.990631
0.990646
0.990662
0.990685
0.9907
0.990707
0.990723
0.990746
0.990761
0.990776
0.990791
0.990807
0.990822
0.990837
0.990852
0.990868
0.990883
0.990898
0.990913
0.990929
0.990944
0.990959
0.990974
0.99099
0.991005
0.99102
0.991035
0.991051
0.991066
0.991081
0.991089
0.991112
0.991127
0.991142
0.991158
0.991173
0.991196
0.991203
0.991226
0.991234
0.991249
0.991272
0.991287
0.991302
0.991318
0.991333
0.991348
0.991364
0.991379
0.991394
0.991409
0.991425
0.99144
0.991455
0.99147
0.991486
0.991501
0.991516
0.991531
0.991547
0.991562
0.991577
0.991592
0.991608
0.991623
0.991638
0.991653
0.991669
0.991692
0.991699
0.991722
0.991737
0.991753
0.991768
0.991783
0.991798
0.991814
0.991829
0.991844
0.991859
0.991875
0.99189
0.991905
0.99192
