0
1.52588e-05
3.05173e-05
4.57761e-05
6.10349e-05
8.01084e-05
0.000156403
0.000408173
0.000991821
0.0020771
0.00383949
0.00811195
0.0122566
0.0175743
0.0241661
0.0320988
0.0414162
0.0521355
0.0642548
0.0777473
0.0925751
0.108683
0.126009
0.154119
0.174154
0.195129
0.216946
0.239511
0.262737
0.286516
0.310745
0.33532
0.360147
0.385134
0.410206
0.435282
0.460293
0.485174
0.509859
0.546394
0.570343
0.58218
0.617067
0.628473
0.661949
0.683596
0.694202
0.714962
0.735109
0.764139
0.773489
0.791685
0.809208
0.826059
0.850088
0.865271
0.879791
0.89365
0.906857
0.919415
0.93132
0.942572
0.953167
0.963118
0.972429
0.981119
0.989199
0.996689
1.0036
1.00996
1.01579
1.02356
1.0259
1.03223
1.03588
1.03911
1.04193
1.04436
1.04641
1.04811
1.04946
1.05049
1.05122
1.05166
1.05184
1.05176
1.05145
1.05093
1.05021
1.04932
1.04826
1.04706
1.04573
1.04354
1.04196
1.04031
1.0386
1.03685
1.03505
1.03322
1.03137
1.0295
1.02762
1.02575
1.02387
1.02105
1.02011
1.01732
1.01547
1.01363
1.0118
1.01089
1.0082
1.00642
1.00467
1.00294
1.00124
0.999556
0.997902
0.996277
0.994682
0.993118
0.990829
0.990082
0.988613
0.987177
0.985775
0.983738
0.982424
0.981146
0.979908
0.978706
0.977545
0.976423
0.975342
0.974302
0.973303
0.972343
0.971426
0.970549
0.969711
0.968916
0.968161
0.967443
0.966764
0.966124
0.965519
0.964951
0.964417
0.963917
0.963451
0.963018
0.962618
0.962248
0.961908
0.961597
0.961315
0.961061
0.960835
0.960632
0.960457
0.960236
0.960175
0.960068
0.959946
0.95989
0.959854
0.959835
0.959833
0.959848
0.959879
0.959925
0.959984
0.960094
0.960186
0.960287
0.960396
0.960518
0.960646
0.960783
0.960926
0.961079
0.961231
0.961395
0.961563
0.961731
0.961899
0.962173
0.962265
0.96254
0.962723
0.962814
0.963089
0.963272
0.963455
0.963638
0.963821
0.964005
0.964188
0.964371
0.964554
0.964737
0.96492
0.965103
0.965273
0.965441
0.965609
0.965776
0.965944
0.966192
0.966269
0.966421
0.966574
0.966803
0.966879
0.967091
0.967159
0.967297
0.967434
0.967636
0.967758
0.967819
0.968002
0.968063
0.968243
0.968349
0.968456
0.968563
0.96867
0.968777
0.968868
0.96896
0.969051
0.969143
0.969234
0.969318
0.969395
0.969471
0.969547
0.969624
0.9697
0.969774
0.969835
0.969896
0.969957
0.970018
0.970079
0.97014
0.970201
0.970263
0.970324
0.970371
0.970417
0.970463
0.970509
0.970577
0.970623
0.970669
0.970715
0.97076
0.970806
0.970852
0.970921
0.970966
0.971012
0.971058
0.9711
0.97113
0.971161
0.971191
0.971222
0.971252
0.971283
0.971329
0.971359
0.971375
0.971405
0.971436
0.971466
0.971512
0.971527
0.971573
0.971573
0.971634
0.971664
0.971695
0.971725
0.971756
0.971802
0.971817
0.971863
0.971893
0.971924
0.971954
0.971985
0.972015
0.972046
0.972076
0.972107
0.972153
0.972168
0.9722
0.972246
0.972292
0.972361
0.972406
0.972452
0.972498
0.972544
0.972589
0.972635
0.972681
0.972727
0.972773
0.972818
0.972864
0.97291
0.972956
0.973001
0.97307
0.973093
0.973139
0.973207
0.973253
0.973276
0.973322
0.973391
0.973436
0.973482
0.973528
0.973574
0.973619
0.973665
0.973711
0.973757
0.973803
0.973848
0.973894
0.97394
0.973986
0.974031
0.9741
0.974146
0.974192
0.974215
0.974283
0.974329
0.974375
0.974421
0.974466
0.974512
0.974558
0.974604
0.974649
0.974695
0.974741
0.974787
0.974833
0.974878
0.974924
0.97497
0.975
0.975031
0.975061
0.975092
0.975122
0.975168
0.975183
0.975229
0.975245
0.97529
0.975321
0.975336
0.975367
0.975412
0.975443
0.975473
0.975504
0.975519
0.975586
0.975632
0.975677
0.975723
0.975769
0.975815
0.975861
0.975906
0.975952
0.975998
0.976044
0.976089
0.976135
0.976181
0.97625
0.976295
0.976341
0.976387
0.976433
0.976479
0.976524
0.97657
0.976616
0.976685
0.976707
0.976776
0.976814
0.976845
0.976875
0.976906
0.976936
0.976967
0.976997
0.977028
0.977058
0.977089
0.977119
0.97715
0.97718
0.977211
0.977242
0.977272
0.977303
0.977348
0.977364
0.977409
0.97744
0.97747
0.977516
0.977547
0.977577
0.977623
0.977669
0.977715
0.97776
0.977829
0.977875
0.977921
0.977966
0.978012
0.978058
0.978104
0.978172
0.978218
0.978264
0.97831
0.978355
0.978394
0.978424
0.978455
0.978485
0.978516
0.978546
0.978577
0.978622
0.978638
0.978668
0.978699
0.978745
0.978775
0.978806
0.978836
0.978867
0.978897
0.978928
0.978973
0.979004
0.979034
0.979065
0.979095
0.979126
0.979156
0.979187
0.979218
0.979248
0.979279
0.979309
0.97934
0.97937
0.979401
0.979431
0.979462
0.979507
0.979523
0.97958
0.979603
0.979649
0.979717
0.979763
0.979809
0.979855
0.9799
0.979946
0.979992
0.980038
0.980106
0.980152
0.980198
0.980244
0.980282
0.980312
0.980343
0.980373
0.980404
0.980434
0.980465
0.980495
0.980526
0.980556
0.980587
0.980618
0.980648
0.980679
0.980709
0.98074
0.98077
0.98077
0.980831
0.980862
0.980892
0.980923
0.980953
0.980984
0.981014
0.98106
0.981075
0.981121
0.981136
0.981182
0.981197
0.981243
0.981274
0.981304
0.981335
0.981365
0.981396
0.981426
0.981457
0.981487
0.981518
0.981548
0.981579
0.981609
0.98164
0.98167
0.981701
0.981747
0.981762
0.981808
0.981838
0.981869
0.981899
0.98193
0.98196
0.981991
0.982021
0.982052
0.982082
0.982113
0.982143
0.982174
0.982204
0.982235
0.982265
0.982296
0.982327
0.982357
0.982388
0.982433
0.982464
0.982494
0.982525
0.982555
0.982586
0.982616
0.982632
0.982677
0.982708
0.982738
0.982769
0.9828
0.98283
0.982861
0.982891
0.982922
0.982967
0.982983
0.983013
0.983044
0.983074
0.983105
0.98315
0.983181
0.983212
0.983227
0.983273
0.983303
0.983334
0.983364
0.983395
0.983425
0.983456
0.983486
0.983517
0.983547
0.983578
0.983608
0.983639
0.983669
0.9837
0.98373
0.983761
0.983807
0.983822
0.983868
0.983898
0.983929
0.983959
0.98399
0.98402
0.984051
0.984081
0.984112
0.984142
0.984173
0.984203
0.984234
0.984264
0.984295
0.984341
0.984371
0.984402
0.984432
0.984463
0.984493
0.984524
0.984554
0.984585
0.984615
0.984646
0.984676
0.984707
0.984737
0.984783
0.984814
0.984829
0.984859
0.98489
0.984936
0.984966
0.984982
0.985027
0.985058
0.985088
0.985119
0.985149
0.98518
0.98521
0.985241
0.985271
0.985302
0.985332
0.985363
0.985394
0.985424
0.985455
0.985485
0.985516
0.985546
0.985592
0.985622
0.985653
0.985683
0.985714
0.985744
0.985775
0.98579
0.985806
0.985821
0.985836
0.985859
0.985874
0.985889
0.985905
0.98592
0.985935
0.98595
0.985966
0.985981
0.985996
0.986019
0.986034
0.98605
0.986065
0.98608
0.986095
0.986111
0.986126
0.986141
0.986156
0.986179
0.98621
0.98624
0.986271
0.986317
0.986332
0.986378
0.986408
0.986439
0.986469
0.986485
0.98653
0.986561
0.986591
0.986622
0.986652
0.986683
0.986713
0.986744
0.98679
0.986805
0.986835
0.986881
0.986897
0.986942
0.986958
0.986979
0.986994
0.987009
0.987032
0.987047
0.987062
0.987078
0.987093
0.987108
0.987123
0.987146
0.987162
0.987177
0.987192
0.987207
0.987223
0.987238
0.987253
0.987268
0.987284
0.987299
0.987314
0.987329
0.987352
0.98736
0.987377
0.987408
0.987453
0.987469
0.987499
0.98753
0.98756
0.987606
0.987637
0.987667
0.987698
0.987728
0.987759
0.987789
0.98782
0.98785
0.987881
0.987911
0.987942
0.987972
0.987997
0.988012
0.988028
0.988043
0.988058
0.988073
0.988096
0.988104
0.988127
0.988142
0.988157
0.988173
0.98818
0.988203
0.988218
0.988234
0.988249
0.988264
0.988279
0.988295
0.98831
0.988325
0.98834
0.988356
0.988371
0.988386
0.988401
0.988417
0.988432
0.988447
0.98847
0.988485
0.988501
0.98852
0.98855
0.988581
0.988611
0.988642
0.988672
0.988703
0.988733
0.988764
0.988794
0.988825
0.988855
0.988886
0.988916
0.988947
0.988977
0.989006
0.989029
0.989037
0.989052
0.989067
0.989082
0.989105
0.989113
0.989136
0.989151
0.989166
0.989182
0.989197
0.989212
0.989227
0.989243
0.989258
0.989273
0.989288
0.989304
0.989319
0.989334
0.989349
0.989365
0.98938
0.989395
0.989418
0.989426
0.989441
0.989456
0.989471
0.989494
0.989502
0.989525
0.98954
0.989555
0.989571
0.989586
0.989601
0.989616
0.989632
0.989647
0.989662
0.989677
0.989693
0.989708
0.989723
0.989738
0.989754
0.989769
0.989784
0.989799
0.989815
0.98983
0.989855
0.989901
0.989931
0.989946
0.989992
0.990023
0.990038
0.990068
0.990114
0.990145
0.990175
0.990206
0.990236
0.990263
0.990278
0.990294
0.990309
0.990324
0.990339
0.990355
0.99037
0.990393
0.9904
0.990416
0.990431
0.990446
0.990469
0.990477
0.990499
0.990507
0.990522
0.990545
0.990553
0.990576
0.990591
0.990606
0.990622
0.990637
0.990652
0.990667
0.99069
0.990705
0.990721
0.990736
0.990751
0.990767
0.990782
0.990797
0.99082
0.990835
0.99085
0.990866
0.990881
0.990896
0.990911
0.990927
0.990942
0.990957
0.990973
0.990988
0.991003
0.991018
0.991034
0.991049
0.991072
0.991079
0.991102
0.991117
0.991133
0.991148
0.991156
0.991179
0.991194
0.991209
0.991224
0.99124
0.991255
0.99127
0.991285
0.991301
0.991316
0.991331
0.991346
0.991362
0.991377
0.991392
0.991415
0.991423
0.991446
0.991461
0.991476
0.991491
0.991507
0.991522
0.991537
0.991552
0.991568
0.991583
0.991598
0.991613
0.991629
0.991644
0.991659
0.991674
0.99169
0.991705
0.991728
0.991743
0.991758
0.991766
0.991789
0.991804
0.991819
0.991835
0.99185
0.991865
0.99188
0.991896
0.991911
0.991926
0.991941
0.991957
0.991972
0.991995
0.992002
0.992018
0.992033
