0
1.52585e-05
3.05173e-05
4.57761e-05
6.86645e-05
7.62938e-05
0.000112533
0.000415802
0.000656128
0.00208282
0.00384521
0.00503349
0.0100498
0.0147686
0.0207138
0.0279694
0.0365925
0.0466175
0.0642929
0.070879
0.0850716
0.100576
0.126154
0.13526
0.164158
0.184626
0.20595
0.228031
0.250765
0.274054
0.297796
0.334049
0.346256
0.370796
0.407772
0.432432
0.457024
0.48148
0.505737
0.529749
0.553459
0.576807
0.599739
0.622213
0.644188
0.665634
0.696753
0.716768
0.736185
0.754976
0.773136
0.790651
0.807497
0.823639
0.839066
0.853748
0.867695
0.880913
0.893415
0.905218
0.916342
0.926805
0.93663
0.945839
0.954454
0.962498
0.969986
0.976944
0.986425
0.98934
0.997393
1.0022
1.00658
1.01056
1.01414
1.01733
1.0188
1.02267
1.02484
1.02669
1.02825
1.02953
1.03054
1.03131
1.03186
1.03219
1.03233
1.0322
1.03208
1.03172
1.03094
1.03028
1.02952
1.02867
1.02775
1.02675
1.02571
1.02462
1.0229
1.02172
1.02051
1.01928
1.01802
1.01675
1.01547
1.01418
1.01288
1.01157
1.01026
1.00895
1.00764
1.00632
1.00501
1.00304
1.00239
1.00045
0.999155
0.997873
0.997234
0.995338
0.994089
0.992855
0.991638
0.990438
0.989256
0.988092
0.986952
0.985832
0.984735
0.983662
0.982613
0.981585
0.980585
0.97961
0.978659
0.977736
0.976837
0.975965
0.975119
0.9743
0.973509
0.972744
0.972006
0.970951
0.970613
0.969639
0.969025
0.968437
0.967878
0.967346
0.966841
0.966362
0.965912
0.965488
0.965092
0.964722
0.964378
0.96406
0.963764
0.963495
0.963247
0.963024
0.96282
0.962637
0.9624
0.962267
0.962151
0.962051
0.961969
0.961903
0.961851
0.961815
0.961792
0.961782
0.961784
0.9618
0.961828
0.961864
0.96191
0.961969
0.962032
0.962109
0.962189
0.962326
0.962425
0.962532
0.962639
0.962757
0.962879
0.963062
0.963192
0.963329
0.963467
0.963604
0.963741
0.963879
0.964016
0.964153
0.964291
0.964428
0.964565
0.964703
0.96484
0.964977
0.965183
0.965252
0.965389
0.965527
0.965733
0.96587
0.966007
0.966145
0.966282
0.966419
0.966557
0.966688
0.96681
0.966932
0.967054
0.967176
0.967299
0.967421
0.967543
0.967651
0.967758
0.967865
0.967972
0.968079
0.968185
0.968292
0.968431
0.968523
0.968615
0.96866
0.968798
0.968889
0.968981
0.969059
0.969135
0.969212
0.969288
0.969364
0.96944
0.969517
0.969593
0.96966
0.969721
0.969782
0.969843
0.969904
0.969965
0.970026
0.970087
0.970148
0.970209
0.97027
0.970331
0.970381
0.970427
0.970472
0.970518
0.970564
0.97061
0.970655
0.970701
0.970747
0.970816
0.970839
0.970907
0.97093
0.970976
0.971022
0.971067
0.971136
0.971159
0.971205
0.971251
0.971296
0.971365
0.971411
0.971457
0.971502
0.971548
0.971571
0.97164
0.971685
0.971731
0.971775
0.971806
0.971836
0.971867
0.971897
0.971928
0.971958
0.971989
0.972019
0.97205
0.97208
0.972111
0.972141
0.972172
0.972202
0.972248
0.972279
0.972309
0.97234
0.97237
0.972401
0.972441
0.972509
0.972555
0.972601
0.972624
0.972692
0.972738
0.972784
0.97283
0.972876
0.972921
0.972967
0.973013
0.973059
0.973127
0.97315
0.973219
0.973265
0.97331
0.973356
0.973402
0.973448
0.973494
0.973539
0.973585
0.973631
0.973677
0.973745
0.973768
0.973814
0.97386
0.973906
0.973974
0.97402
0.974066
0.974112
0.974157
0.974203
0.974249
0.974295
0.97434
0.974386
0.974455
0.974478
0.974524
0.974569
0.974615
0.974674
0.974689
0.974735
0.974766
0.974796
0.974827
0.974857
0.974888
0.974918
0.974949
0.974979
0.97501
0.97504
0.975086
0.975101
0.975147
0.975178
0.975218
0.975264
0.975309
0.975355
0.975401
0.975447
0.975492
0.975538
0.975584
0.975653
0.975698
0.975744
0.97579
0.975836
0.975882
0.975927
0.97595
0.976019
0.976088
0.97611
0.976156
0.976202
0.976271
0.976316
0.976362
0.976408
0.976454
0.9765
0.976545
0.976591
0.976625
0.976671
0.976702
0.976732
0.976763
0.976793
0.976824
0.976854
0.976885
0.976915
0.976946
0.976976
0.977007
0.977037
0.977068
0.977098
0.977129
0.97716
0.97719
0.977221
0.977266
0.977297
0.977327
0.977358
0.977394
0.97744
0.977486
0.977531
0.977577
0.977623
0.977692
0.977737
0.977783
0.977829
0.977875
0.977921
0.977966
0.978012
0.978058
0.978104
0.978149
0.978218
0.978241
0.978304
0.978304
0.978365
0.978395
0.978426
0.978456
0.978487
0.978518
0.978548
0.978579
0.978609
0.97864
0.97867
0.978701
0.978746
0.978762
0.978807
0.978823
0.978868
0.978899
0.97893
0.97896
0.978991
0.979021
0.979052
0.979082
0.979113
0.979143
0.979174
0.979204
0.979235
0.979265
0.979296
0.979326
0.979357
0.979387
0.979418
0.979448
0.979479
0.979521
0.979567
0.979612
0.979658
0.979704
0.97975
0.979795
0.979864
0.97991
0.979933
0.979979
0.980047
0.980093
0.980139
0.980185
0.98023
0.980272
0.980303
0.980333
0.980379
0.98041
0.98044
0.980471
0.980501
0.980532
0.980562
0.980593
0.980623
0.980654
0.980684
0.980715
0.980745
0.980776
0.980806
0.980837
0.980867
0.980898
0.980928
0.980959
0.980989
0.98102
0.98105
0.981081
0.981112
0.981142
0.981188
0.981203
0.981234
0.981264
0.98131
0.981325
0.981371
0.981401
0.981417
0.981462
0.981493
0.981524
0.981554
0.981585
0.981615
0.981646
0.981676
0.981707
0.981737
0.981768
0.981798
0.981829
0.981859
0.98189
0.98192
0.981966
0.981981
0.982012
0.982042
0.982073
0.982119
0.982134
0.982164
0.982195
0.982241
0.982271
0.982302
0.982332
0.982363
0.982393
0.982424
0.982454
0.982485
0.982515
0.982546
0.982576
0.982607
0.982637
0.982668
0.982698
0.982729
0.982775
0.98279
0.982836
0.982866
0.982897
0.982927
0.982958
0.982988
0.983019
0.983049
0.98308
0.98311
0.983141
0.983171
0.983202
0.983248
0.983263
0.983294
0.983324
0.983355
0.9834
0.983416
0.983446
0.983492
0.983507
0.983538
0.983583
0.983614
0.983644
0.983675
0.983706
0.983736
0.983767
0.983797
0.983828
0.983858
0.983889
0.983919
0.98395
0.98398
0.984011
0.984041
0.984072
0.984102
0.984133
0.984163
0.984194
0.984224
0.984255
0.984285
0.984316
0.984362
0.984377
0.984423
0.984438
0.984484
0.984499
0.984529
0.984575
0.984606
0.984636
0.984667
0.984697
0.984728
0.984758
0.984789
0.984819
0.98485
0.98488
0.984911
0.984941
0.984972
0.985018
0.985048
0.985079
0.985109
0.98514
0.98517
0.985201
0.985231
0.985262
0.985292
0.985323
0.985353
0.985384
0.985415
0.985445
0.985476
0.985506
0.985537
0.985567
0.985598
0.985643
0.985659
0.985689
0.985708
0.985731
0.985746
0.985762
0.985769
0.985792
0.9858
0.985823
0.985838
0.985846
0.985861
0.985884
0.985899
0.985914
0.985929
0.985945
0.98596
0.985975
0.985998
0.986013
0.986029
0.986044
0.986069
0.986099
0.98613
0.98616
0.986191
0.986221
0.986252
0.986282
0.986313
0.986343
0.986374
0.986404
0.98645
0.986465
0.986511
0.986542
0.986572
0.986603
0.986633
0.986664
0.986679
0.986725
0.986755
0.986771
0.986832
0.986839
0.986855
0.98687
0.986893
0.986908
0.986916
0.986931
0.986954
0.986969
0.986984
0.987
0.987015
0.98703
0.987045
0.987061
0.987076
0.987091
0.987106
0.987122
0.987137
0.987152
0.987167
0.987183
0.987198
0.987213
0.987232
0.987263
0.987293
0.987324
0.987354
0.987385
0.987415
0.987446
0.987476
0.987507
0.987537
0.987568
0.987598
0.987629
0.987659
0.98769
0.98772
0.987766
0.987782
0.987812
0.987858
0.987873
0.987919
0.987944
0.987959
0.987974
0.987989
0.988005
0.98802
0.988035
0.98805
0.988066
0.988081
0.988104
0.988119
0.988134
0.98815
0.988165
0.98818
0.988195
0.988211
0.988226
0.988241
0.988256
0.988272
0.988287
0.98831
0.988325
0.98834
0.988356
0.988371
0.988394
0.988409
0.988417
0.988432
0.988455
0.98847
0.988485
0.988501
0.988516
0.988531
0.988558
0.988588
0.988619
0.988649
0.98868
0.98871
0.988741
0.988771
0.988802
0.988832
0.988863
0.988894
0.988924
0.988955
0.988985
0.989016
0.989037
0.989052
0.989067
0.989082
0.989098
0.989113
0.989128
0.989143
0.989159
0.989174
0.989189
0.989204
0.98922
0.989235
0.989258
0.989265
0.989281
0.989296
0.989319
0.989334
0.989342
0.989365
0.989372
0.989388
0.98941
0.989426
0.989433
0.989456
0.989471
0.989487
0.989502
0.989517
0.989532
0.989548
0.989563
0.989578
0.989594
0.989609
0.989624
0.989639
0.989655
0.989677
0.989685
0.9897
0.989723
0.989738
0.989754
0.989769
0.989784
0.989799
0.989815
0.989832
0.989878
0.989908
0.989939
0.989969
0.99
0.990046
0.990076
0.990107
0.990137
0.990168
0.990194
0.99021
0.990225
0.99024
0.990255
0.990271
0.990286
0.990301
0.990316
0.990332
0.990347
0.990362
0.990377
0.990393
0.990408
0.990423
0.990438
0.990454
0.990469
0.990484
0.990507
0.990515
0.99053
0.990545
0.990561
0.990583
0.990591
0.990606
0.990622
0.990644
0.99066
0.990675
0.99069
0.990705
0.990721
0.990736
0.990751
0.990767
0.990782
0.990797
0.990812
0.990828
0.990843
0.990858
0.990873
0.990896
0.990904
0.990927
0.990942
0.990957
0.990973
0.990988
0.991003
0.991018
0.991034
0.991049
0.991064
0.991079
0.991095
0.99111
0.991125
0.99114
0.991156
0.991171
0.991186
0.991201
0.991217
0.991232
0.991247
0.991262
0.991278
0.991293
0.991308
0.991323
0.991346
0.991354
0.991377
0.991385
0.9914
0.991423
0.991438
0.991453
0.991461
0.991484
0.991499
0.991514
0.991529
0.991545
0.99156
0.991575
0.99159
0.991606
0.991621
0.991636
0.991652
0.991667
0.991682
0.991697
0.991713
0.991728
0.991743
0.991758
0.991774
0.991789
0.991812
0.991827
0.991842
0.991858
0.99188
0.991896
0.991911
0.991926
0.991941
0.991957
