0
1.14442e-05
2.6703e-05
4.19619e-05
5.72207e-05
7.24792e-05
0.000106812
0.00025177
0.000648499
0.00145912
0.00286102
0.00502396
0.00810814
0.0122528
0.0175705
0.0241623
0.0320988
0.0414219
0.0521545
0.0643005
0.0851059
0.100643
0.117441
0.135426
0.154518
0.174627
0.195656
0.217489
0.240026
0.263157
0.286781
0.310802
0.335123
0.359663
0.384333
0.40905
0.433744
0.458342
0.482775
0.506985
0.542744
0.554489
0.577682
0.611652
0.633696
0.655212
0.676167
0.696529
0.716278
0.735386
0.753822
0.771568
0.78861
0.804943
0.820566
0.835482
0.849701
0.86323
0.876078
0.888262
0.899792
0.910685
0.92095
0.930609
0.939676
0.952206
0.956104
0.963497
0.970369
0.979731
0.985367
0.99054
0.995264
0.999561
1.00345
1.00695
1.01007
1.01283
1.01525
1.01734
1.01913
1.02062
1.02184
1.0228
1.02352
1.02403
1.02433
1.02444
1.02439
1.02402
1.02384
1.0231
1.02249
1.02179
1.02101
1.02017
1.01928
1.01834
1.01737
1.01636
1.01532
1.01425
1.01317
1.01207
1.01096
1.00983
1.0087
1.00756
1.00641
1.00525
1.00409
1.00293
1.00177
1.00061
0.999454
0.998295
0.997135
0.995985
0.994841
0.9937
0.992571
0.991451
0.990341
0.989243
0.987623
0.986561
0.985514
0.984484
0.983471
0.982479
0.981508
0.980556
0.979631
0.978729
0.977852
0.976999
0.976173
0.974983
0.974224
0.973492
0.972784
0.972105
0.971453
0.970825
0.970224
0.969652
0.969109
0.968592
0.968102
0.967636
0.967199
0.966785
0.966211
0.965858
0.96553
0.965223
0.964939
0.964674
0.96443
0.964207
0.964003
0.963818
0.963652
0.963505
0.963312
0.963205
0.963114
0.963037
0.962975
0.962925
0.962887
0.96286
0.962845
0.962843
0.962849
0.962864
0.962891
0.962944
0.962967
0.963041
0.963072
0.963163
0.96324
0.963316
0.963392
0.963484
0.963575
0.963667
0.963758
0.963865
0.963972
0.964079
0.964186
0.964293
0.964453
0.964506
0.964617
0.9648
0.964922
0.965044
0.965166
0.965288
0.96541
0.965532
0.965654
0.965776
0.965895
0.966002
0.966108
0.966215
0.966322
0.966429
0.966536
0.966642
0.966749
0.966909
0.967016
0.967123
0.967226
0.967318
0.967409
0.967501
0.967638
0.96773
0.967821
0.967913
0.968004
0.968096
0.96818
0.968256
0.96837
0.968447
0.968523
0.968599
0.968676
0.968752
0.968828
0.968899
0.96899
0.969051
0.969112
0.969173
0.969234
0.969296
0.969387
0.969448
0.969509
0.96957
0.969631
0.969692
0.969753
0.969809
0.969854
0.9699
0.969946
0.969992
0.970037
0.970106
0.970152
0.970198
0.970243
0.970289
0.970335
0.970381
0.970427
0.970472
0.970518
0.970564
0.97061
0.970655
0.970701
0.970747
0.970793
0.970839
0.970884
0.97093
0.970976
0.971022
0.97109
0.971113
0.971159
0.971205
0.971273
0.971319
0.971365
0.971411
0.971457
0.971502
0.971548
0.971594
0.97164
0.971685
0.971731
0.971777
0.971823
0.971869
0.971914
0.97196
0.972029
0.972075
0.97212
0.972166
0.972212
0.972258
0.972303
0.972349
0.972395
0.972441
0.972486
0.972532
0.972578
0.972624
0.97267
0.972715
0.972761
0.972807
0.972853
0.972898
0.972921
0.97299
0.973036
0.973082
0.973127
0.973173
0.973219
0.973265
0.97331
0.973379
0.973402
0.973448
0.973494
0.973562
0.973608
0.973654
0.9737
0.973722
0.973791
0.973837
0.973883
0.973928
0.973974
0.97402
0.974066
0.974112
0.974157
0.974203
0.974237
0.974268
0.974298
0.974329
0.97436
0.97439
0.974421
0.974451
0.974482
0.974512
0.974543
0.974573
0.974604
0.974649
0.97468
0.97471
0.974752
0.974798
0.974844
0.97489
0.974936
0.974981
0.975027
0.975073
0.975119
0.975164
0.97521
0.975256
0.975302
0.975348
0.975393
0.975439
0.975485
0.975531
0.975576
0.975645
0.975691
0.975737
0.975782
0.975828
0.975874
0.97592
0.975965
0.976011
0.97608
0.976126
0.976171
0.976208
0.976238
0.976269
0.976299
0.97633
0.97636
0.976391
0.976421
0.976452
0.976482
0.976513
0.976543
0.976589
0.976604
0.976635
0.976665
0.976696
0.976742
0.976772
0.976803
0.976833
0.976864
0.976894
0.976925
0.976959
0.977005
0.977051
0.977097
0.977142
0.977188
0.977234
0.97728
0.977325
0.977371
0.977417
0.977463
0.977509
0.977554
0.977623
0.977646
0.977715
0.977737
0.977783
0.977852
0.977898
0.977943
0.977989
0.978027
0.978058
0.978088
0.978119
0.978149
0.97818
0.97821
0.978241
0.978271
0.978317
0.978333
0.978363
0.978394
0.978439
0.97847
0.9785
0.978531
0.978561
0.978592
0.978622
0.978653
0.978683
0.978714
0.978745
0.978775
0.978806
0.978836
0.978867
0.978897
0.978943
0.978958
0.978989
0.979034
0.979065
0.979095
0.979126
0.979156
0.979198
0.979244
0.97929
0.979336
0.979382
0.97945
0.979473
0.979519
0.979565
0.97961
0.979656
0.979702
0.979748
0.979816
0.979839
0.979879
0.979925
0.979956
0.979986
0.980017
0.980047
0.980078
0.980108
0.980139
0.980169
0.9802
0.98023
0.980261
0.980291
0.980322
0.980368
0.980398
0.980413
0.980459
0.980474
0.98052
0.980551
0.980581
0.980612
0.980627
0.980673
0.980703
0.980734
0.980764
0.980795
0.980825
0.980856
0.980886
0.980917
0.980947
0.980978
0.981009
0.981039
0.98107
0.9811
0.981131
0.981161
0.981192
0.981222
0.981253
0.981283
0.981314
0.981344
0.981375
0.981405
0.981436
0.981466
0.981497
0.981527
0.981573
0.981604
0.981634
0.981649
0.981695
0.981726
0.981756
0.981787
0.981817
0.981848
0.981878
0.981924
0.981955
0.981985
0.982016
0.982046
0.982077
0.982107
0.982138
0.982168
0.982199
0.982229
0.982275
0.982306
0.982336
0.982367
0.982397
0.982428
0.982458
0.982489
0.982519
0.98255
0.98258
0.982611
0.982641
0.982672
0.982718
0.982748
0.982779
0.982809
0.98284
0.98287
0.982901
0.982931
0.982962
0.982992
0.983023
0.983053
0.983084
0.983114
0.983145
0.983175
0.983206
0.983236
0.983267
0.983297
0.983343
0.983358
0.983404
0.983435
0.983465
0.983496
0.983526
0.983557
0.983587
0.983603
0.983648
0.983679
0.983709
0.98374
0.98377
0.983801
0.983831
0.983862
0.983892
0.983938
0.983953
0.983999
0.984015
0.984045
0.984076
0.984106
0.984137
0.984182
0.984213
0.984228
0.984274
0.984304
0.984335
0.984365
0.984396
0.984426
0.984457
0.984488
0.984518
0.984549
0.984579
0.98461
0.98464
0.984671
0.984701
0.984732
0.984762
0.984808
0.984838
0.984869
0.984884
0.98493
0.984961
0.984991
0.985022
0.985052
0.985083
0.985113
0.985144
0.985174
0.985205
0.985235
0.985266
0.985296
0.985327
0.985357
0.985388
0.985418
0.985449
0.985479
0.98551
0.98554
0.985586
0.985617
0.985647
0.985678
0.985708
0.985739
0.985769
0.9858
0.985846
0.985861
0.985903
0.98591
0.985933
0.985941
0.985956
0.985971
0.985994
0.98601
0.986025
0.98604
0.986055
0.986071
0.986086
0.986101
0.986116
0.986132
0.986147
0.986162
0.986185
0.9862
0.986208
0.986231
0.986246
0.986261
0.98628
0.986311
0.986341
0.986372
0.986403
0.986433
0.986464
0.986494
0.986525
0.986555
0.986586
0.986616
0.986647
0.986677
0.986708
0.986738
0.986769
0.986799
0.98683
0.986876
0.986891
0.986921
0.986952
0.986982
0.987013
0.987059
0.987078
0.987093
0.987108
0.987123
0.987139
0.987154
0.987169
0.987185
0.9872
0.987215
0.98723
0.987246
0.987261
0.987284
0.987291
0.987314
0.987322
0.987337
0.98736
0.987375
0.987391
0.987406
0.987421
0.987436
0.987452
0.987467
0.987482
0.987501
0.987532
0.987562
0.987593
0.987623
0.987654
0.987684
0.987715
0.987745
0.987776
0.987806
0.987837
0.987867
0.987898
0.987928
0.987959
0.987989
0.98802
0.98805
0.988081
0.988111
0.988142
0.988167
0.988174
0.98819
0.988213
0.988228
0.988235
0.988258
0.988274
0.988289
0.988304
0.988319
0.988335
0.98835
0.988365
0.98838
0.988396
0.988411
0.988426
0.988441
0.988457
0.988472
0.988495
0.988503
0.988518
0.988533
0.988556
0.988564
0.988579
0.988602
0.988617
0.988632
0.988647
0.988663
0.988678
0.988693
0.988708
0.988724
0.988739
0.988756
0.988787
0.988817
0.988848
0.988878
0.988909
0.988939
0.98897
0.989
0.989031
0.989061
0.989092
0.989122
0.989153
0.989183
0.989214
0.989244
0.989275
0.98929
0.989305
0.989321
0.989344
0.989351
0.989367
0.989389
0.989405
0.989405
0.989435
0.98945
0.989466
0.989481
0.989496
0.989511
0.989527
0.989542
0.989557
0.989573
0.989588
0.989603
0.989618
0.989634
0.989649
0.989672
0.989679
0.989695
0.98971
0.989733
0.989748
0.989763
0.989779
0.989794
0.989809
0.989824
0.98984
0.989855
0.98987
0.989885
0.989901
0.989916
0.989931
0.989946
0.989962
0.989977
0.989992
0.990007
0.990023
0.990046
0.990053
0.990068
0.990091
0.990107
0.990122
0.990137
0.990152
0.990168
0.990183
0.990198
0.990213
0.990229
0.990244
0.990259
0.990274
0.99029
0.990305
0.99032
0.990335
0.990351
0.990374
0.990389
0.990396
0.990419
0.990435
0.990461
0.990477
0.990522
0.990553
0.990583
0.990614
0.990644
0.990675
0.990705
0.990736
0.990767
0.990786
0.990801
0.990816
0.990839
0.990847
0.99087
0.990885
0.9909
0.990915
0.990931
0.990946
0.990961
0.990976
0.990992
0.991007
0.991022
0.991037
0.991053
0.991068
0.991091
0.991098
0.991114
0.991137
0.991144
0.991167
0.991182
0.99119
0.991213
0.991228
0.991243
0.991259
0.991274
0.991282
0.991304
0.99132
0.991335
0.99135
0.991365
0.991381
0.991396
0.991411
0.991426
0.991442
0.991457
0.991472
0.991488
0.991503
0.991518
0.991533
0.991549
0.991564
0.991579
0.991602
0.99161
0.991632
0.99164
0.991663
0.991678
0.991693
0.991709
0.991724
0.991739
0.991755
0.99177
0.991785
0.9918
0.991816
0.991831
0.991846
0.991861
0.991877
0.991892
0.991907
0.991922
0.991938
0.991961
