0
9.5369e-06
2.47957e-05
4.00542e-05
5.5313e-05
7.05718e-05
0.000104904
0.000249863
0.000646591
0.00145721
0.00285912
0.00502396
0.0100403
0.0122528
0.0175724
0.0279617
0.0321026
0.0414257
0.058054
0.0642986
0.0850868
0.100605
0.108837
0.135323
0.154367
0.174414
0.195364
0.217112
0.239557
0.262606
0.286154
0.310099
0.334343
0.358797
0.383371
0.407984
0.432558
0.469194
0.493374
0.517282
0.540863
0.56407
0.586845
0.609129
0.630854
0.651958
0.672405
0.701786
0.711229
0.738495
0.755789
0.772379
0.788277
0.803482
0.817999
0.831833
0.844984
0.857458
0.863447
0.880432
0.890963
0.905613
0.914652
0.923132
0.931084
0.93853
0.945482
0.951958
0.957966
0.963518
0.968628
0.973312
0.977587
0.981472
0.984989
0.988155
0.99229
0.994665
0.996758
0.998587
1.00017
1.00151
1.00211
1.00358
1.00433
1.0049
1.00532
1.0056
1.00576
1.00581
1.00576
1.00563
1.00541
1.00514
1.00481
1.00442
1.00399
1.00327
1.00301
1.00219
1.00161
1.00101
1.00038
0.999729
0.999062
0.998377
0.99732
0.996962
0.996235
0.995499
0.994377
0.993614
0.993233
0.992079
0.991301
0.990522
0.989744
0.988966
0.988188
0.98741
0.986631
0.985853
0.985088
0.984325
0.983568
0.982821
0.98208
0.981348
0.980629
0.979918
0.979218
0.978531
0.977858
0.977196
0.976547
0.975914
0.975294
0.974689
0.974102
0.97353
0.972975
0.972435
0.971659
0.971407
0.970684
0.970451
0.969778
0.969353
0.969147
0.968557
0.968185
0.967831
0.967497
0.96718
0.966881
0.966599
0.966331
0.966082
0.965847
0.965523
0.965424
0.965235
0.964975
0.964897
0.96468
0.964613
0.964437
0.964334
0.964243
0.964165
0.964096
0.964037
0.963991
0.963955
0.963924
0.963909
0.963898
0.963898
0.963909
0.963924
0.963949
0.96398
0.964012
0.964058
0.964104
0.964151
0.964212
0.964273
0.964334
0.964401
0.964478
0.964554
0.96463
0.964745
0.964783
0.96492
0.965012
0.965103
0.965195
0.965286
0.965378
0.965469
0.965607
0.965652
0.96579
0.965836
0.965973
0.966064
0.966156
0.966248
0.966339
0.966431
0.966522
0.966614
0.966705
0.966797
0.966888
0.96698
0.967072
0.967163
0.967255
0.967346
0.967438
0.967529
0.967621
0.967743
0.967819
0.967896
0.967934
0.968048
0.968124
0.968201
0.968277
0.968353
0.96843
0.968506
0.968582
0.968658
0.968735
0.968803
0.968864
0.968925
0.968987
0.969048
0.969109
0.96917
0.969261
0.969292
0.969383
0.969444
0.969505
0.969566
0.969627
0.969688
0.969749
0.96981
0.969872
0.969933
0.969994
0.970043
0.970089
0.970135
0.970181
0.970226
0.970272
0.970318
0.970364
0.970409
0.970455
0.970501
0.970547
0.970615
0.970638
0.970707
0.970753
0.970798
0.970844
0.97089
0.970936
0.970982
0.971027
0.971073
0.971119
0.971165
0.97121
0.971256
0.971302
0.971371
0.971416
0.971462
0.971508
0.971554
0.9716
0.971645
0.971691
0.971737
0.971783
0.971828
0.971874
0.97192
0.971966
0.972012
0.972057
0.972103
0.972149
0.972195
0.97224
0.972286
0.972332
0.972378
0.972424
0.972469
0.972515
0.972561
0.972607
0.972652
0.972698
0.972744
0.97279
0.972836
0.972881
0.972927
0.972973
0.973019
0.973087
0.97311
0.973156
0.973202
0.973248
0.973316
0.973362
0.973385
0.973454
0.973499
0.973545
0.973591
0.973637
0.973682
0.973728
0.973774
0.97382
0.973866
0.973911
0.973957
0.974003
0.974049
0.974085
0.974115
0.974146
0.974176
0.974207
0.974253
0.974253
0.974314
0.974344
0.974375
0.974405
0.974436
0.974466
0.974497
0.974527
0.974558
0.974596
0.974642
0.974688
0.974733
0.974779
0.974825
0.974871
0.974939
0.974962
0.975008
0.975054
0.9751
0.975145
0.975191
0.975237
0.975283
0.975351
0.975374
0.97542
0.975489
0.975534
0.97558
0.975626
0.975672
0.975718
0.975763
0.975809
0.975855
0.975901
0.975946
0.975992
0.976038
0.976084
0.97613
0.976175
0.97621
0.97624
0.976271
0.976301
0.976332
0.976362
0.976408
0.976423
0.976454
0.976484
0.976515
0.976561
0.976591
0.976606
0.976622
0.976683
0.976713
0.976744
0.976774
0.976805
0.976835
0.976866
0.976908
0.976954
0.976999
0.977045
0.977091
0.977137
0.977182
0.977228
0.977297
0.977343
0.977388
0.977434
0.97748
0.977526
0.977571
0.977617
0.977686
0.977709
0.977777
0.977821
0.977837
0.977882
0.977898
0.977943
0.977974
0.978004
0.978035
0.978065
0.978096
0.978127
0.978157
0.978188
0.978218
0.978249
0.978279
0.978325
0.978355
0.978386
0.978416
0.978432
0.978477
0.978508
0.978539
0.978569
0.9786
0.97863
0.978661
0.978691
0.978722
0.978752
0.978767
0.978813
0.978859
0.978874
0.97891
0.978956
0.979002
0.979071
0.979094
0.979162
0.979208
0.979254
0.9793
0.979345
0.979391
0.979437
0.979483
0.979528
0.979574
0.979612
0.979643
0.979673
0.979704
0.979734
0.979765
0.979795
0.979826
0.979856
0.979887
0.979918
0.979948
0.979994
0.980009
0.98004
0.980085
0.980116
0.980146
0.980177
0.980192
0.980238
0.980268
0.980299
0.98033
0.98036
0.980391
0.980421
0.980452
0.980482
0.980513
0.980543
0.980574
0.980604
0.980635
0.980665
0.980696
0.980726
0.980772
0.980803
0.980833
0.980864
0.980894
0.980925
0.980955
0.980986
0.981016
0.981047
0.981077
0.981108
0.981138
0.981169
0.981199
0.98123
0.98126
0.981291
0.981321
0.981352
0.981382
0.981413
0.981443
0.981489
0.98152
0.981535
0.981581
0.981611
0.981642
0.981672
0.981703
0.981733
0.981764
0.981794
0.981825
0.981855
0.981886
0.981916
0.981947
0.981977
0.982008
0.982038
0.982069
0.9821
0.98213
0.982161
0.982191
0.982222
0.982252
0.982298
0.982313
0.982344
0.982374
0.982405
0.98245
0.982466
0.982512
0.982542
0.982557
0.982603
0.982634
0.982664
0.982679
0.982725
0.982756
0.982786
0.982817
0.982847
0.982878
0.982908
0.982939
0.982969
0.983
0.98303
0.983061
0.983091
0.983122
0.983152
0.983183
0.983213
0.983244
0.983274
0.983305
0.983335
0.983366
0.983397
0.983427
0.983458
0.983488
0.983519
0.983549
0.98358
0.98361
0.983641
0.983671
0.983702
0.983732
0.983763
0.983809
0.983824
0.98387
0.9839
0.983931
0.983961
0.983992
0.984022
0.984053
0.984083
0.984114
0.984144
0.984175
0.984205
0.984236
0.984266
0.984297
0.984327
0.984358
0.984388
0.984434
0.984449
0.98448
0.98451
0.984541
0.984587
0.984602
0.984648
0.984678
0.984709
0.984739
0.98477
0.9848
0.984831
0.984861
0.984892
0.984922
0.984953
0.984983
0.985014
0.985044
0.985075
0.985106
0.985136
0.985167
0.985197
0.985228
0.985258
0.985289
0.985319
0.98535
0.98538
0.985411
0.985441
0.985472
0.985502
0.985533
0.985563
0.985594
0.985624
0.985655
0.985685
0.985716
0.985746
0.985777
0.985807
0.985838
0.985884
0.985899
0.985945
0.985975
0.986006
0.986036
0.986067
0.986097
0.986118
0.986134
0.986149
0.986164
0.986187
0.986195
0.98621
0.986233
0.986248
0.986263
0.986279
0.986294
0.986309
0.986324
0.98634
0.986355
0.98637
0.986385
0.986408
0.986423
0.986439
0.986454
0.986469
0.986485
0.9865
0.986515
0.986532
0.986578
0.986609
0.986624
0.98667
0.9867
0.986731
0.986761
0.986792
0.986822
0.986853
0.986883
0.986914
0.986944
0.986975
0.987005
0.987036
0.987066
0.987097
0.987127
0.987158
0.987204
0.987234
0.987259
0.987274
0.987289
0.987305
0.98732
0.987335
0.98735
0.987366
0.987389
0.987404
0.987419
0.987434
0.98745
0.987465
0.98748
0.987495
0.987511
0.987526
0.987541
0.987556
0.987572
0.987587
0.987602
0.987617
0.987633
0.987656
0.987671
0.987686
0.987707
0.987738
0.987768
0.987799
0.987829
0.98786
0.98789
0.987921
0.987936
0.987982
0.988012
0.988043
0.988073
0.988104
0.988134
0.988165
0.988195
0.988226
0.988256
0.988295
0.98831
0.988317
0.988333
0.988356
0.988371
0.988379
0.988394
0.988409
0.988432
0.988447
0.988462
0.988478
0.988493
0.988508
0.988523
0.988539
0.988554
0.988569
0.988585
0.9886
0.988623
0.98863
0.988646
0.988661
0.988684
0.988699
0.988707
0.988722
0.988745
0.98876
0.988775
0.988791
0.988806
0.988821
0.988836
0.988852
0.988867
0.988888
0.988918
0.988949
0.988979
0.98901
0.98904
0.989086
0.989101
0.989132
0.989162
0.989208
0.989239
0.989254
0.989285
0.98933
0.989346
0.989368
0.989384
0.989399
0.989414
0.989429
0.989445
0.98946
0.989475
0.989491
0.989506
0.989521
0.989536
0.989552
0.989567
0.989582
0.989597
0.989613
0.989628
0.989643
0.989658
0.989674
0.989689
0.989704
0.989719
0.989735
0.98975
0.989765
0.98978
0.989796
0.989811
0.989834
0.989841
0.989857
0.989872
0.989895
0.989902
0.989925
0.989941
0.989956
0.989971
0.989986
0.990002
0.990017
0.990032
0.99004
0.990063
0.990078
0.990093
0.990108
0.990124
0.990139
0.990154
0.99017
0.990185
0.9902
0.990215
0.990238
0.990246
0.990269
0.990284
0.990299
0.990314
0.99033
0.990345
0.99036
0.990376
0.990391
0.990406
0.990427
0.990458
0.990488
0.990519
0.990549
0.99058
0.99061
0.990641
0.990671
0.990702
0.990732
0.990763
0.990789
0.990805
0.990828
0.990835
0.99085
0.990873
0.990889
0.990904
0.990919
0.990934
0.99095
0.990965
0.99098
0.990995
0.991011
0.991026
0.991041
0.991056
0.991072
0.991087
0.991102
0.991117
0.991133
0.991148
0.991163
0.991179
0.991201
0.991209
0.991224
0.991247
0.991262
0.991278
0.991293
0.991308
0.991323
0.991339
0.991354
0.991369
0.991385
0.9914
0.991423
0.991438
0.991453
0.991468
0.991484
0.991499
0.991514
0.991529
0.991545
0.99156
0.991575
0.99159
0.991606
0.991621
0.991636
0.991659
0.991667
0.99169
0.991697
0.99172
0.991735
0.991751
0.991766
0.991781
0.991796
0.991812
0.991827
0.991842
0.991858
0.991873
0.991896
0.991911
