0
7.62924e-06
1.90734e-05
2.6703e-05
3.05177e-05
6.48499e-05
0.000216484
0.000656128
0.00160027
0.00329208
0.00449467
0.0123844
0.0223255
0.0312529
0.0364761
0.0485392
0.0709457
0.0889359
0.109481
0.132646
0.158474
0.186985
0.218163
0.25195
0.28825
0.326924
0.367806
0.410704
0.455408
0.501692
0.549323
0.598061
0.647661
0.69788
0.748475
0.799206
0.849836
0.900139
0.949887
0.998862
1.04685
1.09365
1.13905
1.18287
1.22491
1.26501
1.30301
1.33877
1.37216
1.41758
1.44463
1.469
1.49066
1.50955
1.52565
1.53892
1.54936
1.55696
1.56172
1.56364
1.56276
1.55913
1.55279
1.54382
1.53232
1.51839
1.50215
1.47373
1.46324
1.44086
1.40407
1.39103
1.3639
1.33555
1.30614
1.26044
1.24487
1.19746
1.16547
1.13335
1.10128
1.06941
1.03792
1.00696
0.976694
0.947278
0.918853
0.891549
0.865485
0.840772
0.817506
0.795779
0.775667
0.757237
0.740549
0.725642
0.712558
0.701317
0.691938
0.684431
0.678795
0.675019
0.673086
0.672967
0.674629
0.678026
0.683107
0.689811
0.698071
0.707813
0.718956
0.731412
0.74509
0.759893
0.775723
0.792474
0.810041
0.837688
0.847195
0.866563
0.886312
0.906332
0.936629
0.946743
0.966909
0.996815
1.00665
1.02603
1.04496
1.06336
1.08975
1.09819
1.11446
1.13726
1.1444
1.16434
1.17048
1.18725
1.19702
1.20147
1.21304
1.21924
1.22421
1.22795
1.23045
1.23173
1.23179
1.23065
1.22835
1.22492
1.22039
1.21481
1.20824
1.20072
1.19232
1.18311
1.17314
1.16249
1.15124
1.13944
1.12719
1.11454
1.10158
1.08839
1.07502
1.06157
1.04811
1.03469
1.0214
1.0083
0.995447
0.982909
0.970743
0.959004
0.942313
0.931868
0.926867
0.912807
0.90845
0.896432
0.889338
0.883015
0.87748
0.872745
0.868818
0.865706
0.86341
0.861925
0.861242
0.861347
0.862221
0.863838
0.866177
0.869202
0.872886
0.877192
0.882082
0.88752
0.893468
0.899884
0.906728
0.913958
0.921527
0.929392
0.937508
0.945827
0.954307
0.962895
0.971548
0.980219
0.988862
0.997433
1.00589
1.0142
1.02232
1.0302
1.03782
1.04514
1.05213
1.05875
1.06497
1.07078
1.07614
1.08104
1.08545
1.08938
1.09279
1.09694
1.09806
1.10063
1.10122
1.10201
1.10222
1.10203
1.10072
1.10004
1.09728
1.09488
1.09204
1.0888
1.08518
1.0812
1.07689
1.07229
1.06742
1.06231
1.057
1.05153
1.04592
1.0402
1.03151
1.0286
1.02278
1.01699
1.01126
1.00562
1.00009
0.992068
0.986938
0.982002
0.977284
0.972806
0.968581
0.964635
0.960984
0.957648
0.954639
0.951966
0.949637
0.947658
0.946029
0.944751
0.943823
0.943241
0.943001
0.943093
0.943512
0.944247
0.945289
0.946623
0.948237
0.950119
0.952254
0.954622
0.957209
0.961458
0.962964
0.966096
0.969373
0.972772
0.97627
0.981654
0.983475
0.988977
0.990816
0.994489
0.998138
1.00175
1.00705
1.00878
1.01382
1.01544
1.02014
1.02311
1.02592
1.02858
1.03105
1.03222
1.03544
1.03734
1.03978
1.04049
1.04227
1.04275
1.04355
1.04412
1.04446
1.04457
1.04449
1.04395
1.04333
1.04251
1.04203
1.04032
1.03897
1.03746
1.03664
1.03401
1.03307
1.03008
1.02797
1.02579
1.02355
1.02126
1.01894
1.0166
1.01427
1.01194
1.00964
1.00737
1.00514
1.00297
1.00085
0.998803
0.99682
0.994911
0.993079
0.991328
0.989662
0.988083
0.986595
0.985201
0.983904
0.982707
0.981614
0.980628
0.979361
0.978995
0.978354
0.977836
0.977442
0.977175
0.977012
0.977063
0.977239
0.977536
0.977951
0.978478
0.979113
0.979844
0.980668
0.981575
0.982558
0.983607
0.984715
0.985874
0.987075
0.988311
0.989573
0.990855
0.992152
0.993457
0.995414
0.996066
0.998012
0.998654
1.00056
1.00181
1.00304
1.00424
1.00541
1.00655
1.00766
1.00873
1.00976
1.01075
1.01169
1.01259
1.01344
1.01425
1.015
1.0157
1.01634
1.01693
1.01747
1.01795
1.01837
1.01874
1.01905
1.0193
1.01949
1.01963
1.01971
1.01974
1.0197
1.01962
1.01948
1.01918
1.01906
1.01877
1.01826
1.01807
1.01766
1.01698
1.01674
1.01622
1.01569
1.01512
1.01423
1.01362
1.01299
1.01236
1.01171
1.01105
1.0104
1.00974
1.00909
1.00844
1.0078
1.00716
1.00654
1.00593
1.00533
1.00475
1.00419
1.00364
1.00311
1.0026
1.00211
1.00165
1.0012
1.00077
1.00037
0.999983
0.999622
0.999123
0.998817
0.998673
0.998274
0.998036
0.997821
0.997627
0.997456
0.997307
0.99718
0.997074
0.996989
0.996926
0.996884
0.996861
0.996857
0.996872
0.996905
0.996957
0.997025
0.99711
0.997211
0.997328
0.997458
0.997602
0.997758
0.997928
0.998203
0.998301
0.998503
0.998713
0.998934
0.999279
0.999517
0.999762
1.00001
1.00027
1.00053
1.00079
1.00105
1.00132
1.00159
1.00186
1.00212
1.00239
1.00266
1.00292
1.00319
1.00344
1.0037
1.00395
1.0042
1.00445
1.00468
1.00491
1.00514
1.00546
1.00567
1.00577
1.00606
1.00615
1.00642
1.00658
1.00674
1.00688
1.00702
1.00714
1.00726
1.00736
1.00746
1.00754
1.00761
1.00768
1.00773
1.00777
1.0078
1.00782
1.00784
1.00784
1.00783
1.00782
1.00779
1.00776
1.00772
1.00767
1.00761
1.00751
1.00747
1.0074
1.00731
1.00722
1.00712
1.00702
1.00692
1.0068
1.00663
1.00651
1.00639
1.00632
1.0062
1.006
1.00587
1.00574
1.00567
1.00547
1.00533
1.00519
1.00506
1.00493
1.0048
1.00467
1.00455
1.00442
1.0043
1.00418
1.00406
1.00395
1.00383
1.00373
1.00362
1.00352
1.00342
1.00333
1.00324
1.00316
1.00308
1.00296
1.00289
1.00283
1.00277
1.00271
1.00268
1.00263
1.00256
1.00252
1.00248
1.00245
1.00242
1.0024
1.00238
1.00237
1.00235
1.00235
1.00234
1.00234
1.00234
1.00235
1.00236
1.00237
1.00239
1.0024
1.00242
1.00245
1.00247
1.0025
1.00253
1.00256
1.00259
1.00262
1.00266
1.0027
1.00274
1.0028
1.00282
1.00288
1.0029
1.00295
1.00302
1.00304
1.00309
1.00313
1.00318
1.00325
1.00327
1.00334
1.00338
1.00342
1.00344
1.00348
1.00354
1.00358
1.00361
1.00365
1.00369
1.00372
1.00375
1.00378
1.00381
1.00383
1.00386
1.00389
1.0039
1.00392
1.00395
1.00395
1.00397
1.00398
1.00399
1.004
1.00401
1.00401
1.00401
1.00401
1.00401
1.00401
1.00401
1.004
1.00399
1.00398
1.00397
1.00396
1.00394
1.00393
1.00391
1.0039
1.00388
1.00385
1.00383
1.00381
1.00379
1.00376
1.00374
1.00372
1.00369
1.00366
1.00363
1.0036
1.00357
1.00354
1.00351
1.00348
1.00345
1.00342
1.00339
1.00336
1.00331
1.0033
1.00327
1.00322
1.00319
1.00316
1.00313
1.0031
1.00307
1.00304
1.00301
1.00298
1.00296
1.00294
1.00291
1.00289
1.00287
1.00284
1.00282
1.00279
1.00278
1.00275
1.00274
1.00272
1.0027
1.00269
1.00267
1.00266
1.00264
1.00262
1.00261
1.0026
1.0026
1.00259
1.00258
1.00257
1.00257
1.00256
1.00255
1.00254
1.00253
1.00253
1.00253
1.00253
1.00253
1.00253
1.00253
1.00253
1.00253
1.00253
1.00253
1.00253
1.00253
1.00253
1.00253
1.00253
1.00253
1.00253
1.00253
1.00253
1.00253
1.00253
1.00253
1.00253
1.00253
1.00253
1.00253
1.00253
1.00253
1.00253
1.00253
1.00253
1.00253
1.00253
1.00253
1.00253
1.00253
1.00253
1.00253
1.00253
1.00253
1.00253
1.00253
1.00253
1.00253
1.00253
1.00253
1.00253
1.00253
1.00253
1.00253
1.00253
1.00253
1.00253
1.00253
1.00253
1.00253
1.00253
1.00253
1.00253
1.00253
1.00253
1.00253
1.00253
1.00253
1.00253
1.00253
1.00253
1.00252
1.00251
1.00251
1.0025
1.00249
1.00248
1.00247
1.00246
1.00246
1.00245
1.00244
1.00243
1.00243
1.00242
1.00241
1.0024
1.00239
1.00239
1.00238
1.00237
1.00236
1.00236
1.00235
1.00234
1.00233
1.00232
1.00231
1.00231
1.0023
1.00229
1.00228
1.00228
1.00227
1.00226
1.00225
1.00224
1.00224
1.00223
1.00222
1.00221
1.0022
1.0022
1.00219
1.00218
1.00217
1.00217
1.00216
1.00215
1.00214
1.00214
1.00213
1.00212
1.00211
1.0021
1.0021
1.00209
1.00208
1.00207
1.00207
1.00206
1.00205
1.00204
1.00203
1.00203
1.00202
1.00201
1.00201
1.00199
1.00199
1.00198
1.00197
1.00196
1.00196
1.00195
1.00194
1.00193
1.00193
1.00192
1.00191
1.0019
1.00189
1.00189
1.00188
1.00187
1.00186
1.00186
1.00185
1.00184
1.00184
1.00184
1.00184
1.00184
1.00184
1.00184
1.00184
1.00184
1.00184
1.00184
1.00184
1.00184
1.00184
1.00184
1.00184
1.00184
1.00184
1.00184
1.00184
1.00184
1.00184
1.00184
1.00184
1.00184
1.00184
1.00184
1.00184
1.00184
1.00184
1.00184
1.00184
1.00184
1.00184
1.00184
1.00184
1.00184
1.00184
1.00183
1.00182
1.00182
1.00181
1.0018
1.00179
1.00179
1.00178
1.00177
1.00176
1.00176
1.00175
1.00174
1.00173
1.00173
1.00172
1.00171
1.0017
1.00169
1.00168
1.00168
1.00167
1.00166
1.00165
1.00165
1.00164
1.00163
1.00162
1.00161
1.00161
1.0016
1.00159
1.00158
1.00158
1.00157
1.00156
1.00155
1.00155
1.00154
1.00154
1.00154
1.00154
1.00154
1.00154
1.00154
1.00154
1.00154
1.00154
1.00154
1.00154
1.00154
1.00154
1.00154
1.00154
1.00154
1.00154
1.00154
1.00154
1.00154
1.00154
1.00154
1.00154
1.00154
1.00154
1.00154
1.00154
1.00154
1.00154
1.00154
1.00154
1.00154
1.00154
1.00154
1.00154
1.00154
1.00154
1.00153
