0
1.52588e-05
3.05173e-05
4.57761e-05
6.10349e-05
7.67707e-05
0.000118256
0.00028038
0.000729561
0.00168371
0.00459242
0.00787306
0.0125022
0.0187039
0.0266809
0.0366158
0.0486593
0.0629292
0.079505
0.0984273
0.119697
0.143278
0.169099
0.197056
0.227022
0.275415
0.309731
0.345482
0.382485
0.420552
0.459493
0.499119
0.53923
0.579635
0.620148
0.660597
0.70082
0.740665
0.779989
0.818657
0.856541
0.893519
0.929475
0.964301
1.01419
1.04575
1.06099
1.09033
1.11809
1.15663
1.18017
1.2019
1.22179
1.23982
1.25599
1.27028
1.28269
1.29322
1.30189
1.30871
1.31373
1.31698
1.31852
1.31842
1.31674
1.31354
1.30892
1.30294
1.2957
1.28265
1.27775
1.26723
1.25578
1.2435
1.22373
1.20979
1.19533
1.18794
1.16521
1.14972
1.13405
1.11831
1.10255
1.08685
1.07126
1.05583
1.04063
1.02569
1.01109
0.996868
0.983074
0.96975
0.956939
0.944677
0.933
0.921937
0.911516
0.901759
0.892688
0.884317
0.87666
0.869725
0.863519
0.858043
0.853296
0.849275
0.845972
0.843376
0.840781
0.839891
0.839692
0.840044
0.84104
0.842616
0.844744
0.847398
0.850546
0.854157
0.858197
0.862631
0.867423
0.872538
0.877938
0.883588
0.889453
0.895498
0.901688
0.907987
0.914364
0.920788
0.927224
0.936833
0.94001
0.949409
0.955535
0.961521
0.967346
0.972989
0.978432
0.983665
0.988674
0.993446
1.00013
1.00223
1.00812
1.0117
1.01339
1.01802
1.02074
1.02317
1.02531
1.02716
1.02872
1.02999
1.03099
1.03171
1.03217
1.03237
1.03232
1.03203
1.03151
1.03077
1.02983
1.0287
1.02739
1.02592
1.0243
1.02164
1.0207
1.01874
1.01566
1.01459
1.01133
1.0091
1.00684
1.00457
1.00228
0.999993
0.997706
0.995429
0.993165
0.990921
0.988703
0.986516
0.984364
0.982253
0.980187
0.978175
0.976223
0.974338
0.972528
0.9708
0.969162
0.967618
0.966175
0.964838
0.963037
0.961979
0.961493
0.960608
0.959842
0.958912
0.95844
0.958085
0.957846
0.957719
0.957702
0.95779
0.957981
0.95827
0.958653
0.959125
0.95968
0.960313
0.961018
0.961788
0.962618
0.963499
0.964422
0.965869
0.966862
0.967868
0.968879
0.969888
0.97089
0.971877
0.972844
0.973785
0.974698
0.975576
0.976419
0.977223
0.977988
0.97871
0.979389
0.980024
0.980616
0.981163
0.981665
0.982123
0.982538
0.983079
0.983387
0.983652
0.983877
0.984063
0.98421
0.984319
0.984391
0.984428
0.98443
0.984398
0.984335
0.984242
0.98412
0.983886
0.983796
0.983597
0.983256
0.983132
0.982732
0.982444
0.982141
0.981823
0.981494
0.981154
0.980806
0.980451
0.98009
0.979726
0.97936
0.979177
0.978627
0.978261
0.977899
0.97754
0.977187
0.97684
0.9765
0.976169
0.975846
0.975535
0.975235
0.974947
0.974674
0.974414
0.97417
0.973941
0.973728
0.973531
0.973351
0.973188
0.973043
0.972916
0.972806
0.972714
0.972641
0.972584
0.972545
0.972523
0.972517
0.972529
0.972575
0.972598
0.972655
0.972767
0.972859
0.972964
0.97308
0.973207
0.973344
0.97349
0.973646
0.973808
0.973978
0.974154
0.974334
0.974519
0.974707
0.974897
0.97509
0.975284
0.975479
0.975673
0.975962
0.976058
0.976341
0.976434
0.976708
0.976886
0.97706
0.977229
0.977393
0.977551
0.977705
0.977851
0.977992
0.978126
0.978253
0.978374
0.978487
0.978595
0.978696
0.97879
0.978919
0.978997
0.979069
0.979136
0.979195
0.979249
0.979298
0.979341
0.979378
0.979411
0.979438
0.97946
0.979478
0.979491
0.9795
0.979506
0.979507
0.979506
0.979501
0.979489
0.979483
0.979471
0.979456
0.979431
0.979412
0.979403
0.979383
0.979362
0.97934
0.979305
0.979294
0.979259
0.979237
0.979215
0.979196
0.979177
0.979157
0.979139
0.979124
0.979109
0.979096
0.979085
0.979075
0.979068
0.979062
0.979058
0.979057
0.979057
0.97906
0.979064
0.979071
0.97908
0.979091
0.979105
0.97912
0.979138
0.979157
0.97918
0.979203
0.97923
0.979257
0.979303
0.979319
0.979353
0.979406
0.979444
0.979482
0.979503
0.979566
0.979608
0.979653
0.979699
0.979745
0.979791
0.97984
0.97989
0.979939
0.979989
0.980039
0.980088
0.980138
0.980187
0.980237
0.980287
0.980336
0.980386
0.98046
0.98051
0.980559
0.980609
0.980659
0.980708
0.980758
0.980807
0.980853
0.980898
0.980944
0.981013
0.981059
0.981101
0.981143
0.981185
0.981227
0.981269
0.981308
0.981346
0.981384
0.981441
0.981477
0.981512
0.981546
0.98158
0.981615
0.981646
0.981677
0.981707
0.981738
0.981768
0.981796
0.981822
0.981849
0.981876
0.981903
0.981929
0.981956
0.98198
0.982003
0.982026
0.982049
0.982072
0.982095
0.982118
0.982141
0.982163
0.982186
0.982209
0.982232
0.982255
0.982278
0.982312
0.982324
0.982347
0.982381
0.982392
0.982427
0.98245
0.982472
0.982495
0.982518
0.982541
0.982564
0.982587
0.98261
0.982633
0.982668
0.982695
0.982722
0.982749
0.982775
0.982802
0.982829
0.982855
0.982882
0.982909
0.982935
0.982962
0.982989
0.983016
0.983042
0.983069
0.983096
0.983122
0.983162
0.983176
0.983216
0.983229
0.983271
0.983286
0.983332
0.983362
0.983393
0.983423
0.983454
0.983484
0.9835
0.983545
0.983576
0.983606
0.983637
0.983667
0.983698
0.983728
0.983759
0.983789
0.98382
0.98385
0.983896
0.983927
0.983957
0.983988
0.984018
0.984049
0.984079
0.98411
0.984138
0.984164
0.984191
0.984218
0.984244
0.984271
0.984298
0.984324
0.984351
0.984391
0.984405
0.984445
0.984471
0.984498
0.984525
0.984551
0.984578
0.984605
0.984645
0.984672
0.984698
0.984725
0.984752
0.984778
0.984805
0.984832
0.984859
0.984885
0.984912
0.984939
0.984965
0.984992
0.985019
0.985045
0.985072
0.985112
0.985139
0.985166
0.985192
0.985219
0.985246
0.985272
0.985299
0.985326
0.985353
0.985393
0.985419
0.985433
0.985473
0.985499
0.985526
0.985539
0.985579
0.985606
0.985631
0.985654
0.985677
0.9857
0.985723
0.985746
0.985769
0.985792
0.985826
0.985837
0.985872
0.985895
0.985918
0.98594
0.985963
0.985986
0.986009
0.986032
0.986055
0.986078
0.986101
0.986135
0.986146
0.986181
0.986204
0.986227
0.986249
0.986272
0.986295
0.986318
0.986341
0.986364
0.986387
0.98641
0.986433
0.986455
0.986478
0.986501
0.986524
0.986547
0.98657
0.986604
0.986616
0.98665
0.986673
0.986685
0.986725
0.986738
0.986778
0.986805
0.986832
0.986845
0.986885
0.986912
0.986938
0.986965
0.986992
0.987019
0.987045
0.987072
0.987099
0.987125
0.98715
0.987173
0.987195
0.987218
0.987241
0.987264
0.987287
0.98731
0.987333
0.987356
0.987379
0.987401
0.987436
0.987447
0.987482
0.987493
0.987527
0.98755
0.987573
0.987596
0.987607
0.98763
0.987665
0.987688
0.98771
0.987733
0.987756
0.987779
0.987802
0.987825
0.987848
0.987871
0.987894
0.987916
0.987939
0.987974
0.987997
0.988008
0.988037
0.988046
0.988075
0.988094
0.988113
0.988132
0.988151
0.98817
0.988189
0.988208
0.988227
0.988246
0.988266
0.988285
0.988304
0.988323
0.988342
0.988361
0.98838
0.988399
0.988418
0.988437
0.988466
0.988485
0.988494
0.988523
0.988542
0.988561
0.98858
0.988599
0.988618
0.988637
0.988657
0.988676
0.988695
0.988714
0.988733
0.988752
0.988772
0.988795
0.988818
0.988841
0.988863
0.988886
0.988909
0.988932
0.988955
0.988978
0.989001
0.989024
0.989047
0.989069
0.989104
0.989127
0.98915
0.989161
0.989195
0.989218
0.989241
0.989263
0.989282
0.989301
0.98932
0.989339
0.989358
0.989377
0.989397
0.989425
0.989444
0.989463
0.989482
0.989501
0.989521
0.98954
0.989559
0.989578
0.989597
0.989616
0.989645
0.989654
0.989683
0.989702
0.989721
0.98973
0.989749
0.989778
0.989797
0.989816
0.989835
0.989854
0.989873
0.989892
0.989912
0.989931
0.98995
0.989969
0.989988
0.990007
0.990026
0.990045
0.990064
0.990083
0.990102
0.990121
0.99014
0.99016
0.990179
0.990198
0.990226
0.990236
0.990255
0.990283
0.99029
0.990313
0.990328
0.990344
0.990359
0.990374
0.990389
0.990405
0.99042
0.990435
0.99045
0.990466
0.990481
0.990496
0.990511
0.990527
0.990542
0.990557
0.990572
0.990588
0.990611
0.990626
0.990641
0.990656
0.990672
0.990687
0.990702
0.990717
0.99074
0.990757
0.990777
0.990796
0.990805
0.990834
0.990853
0.990872
0.990891
0.99091
0.990929
0.990948
0.990967
0.990996
0.991015
0.991034
0.991053
0.991072
0.991091
0.991106
0.991121
0.991144
0.991159
0.991175
0.99119
0.991205
0.99122
0.991236
0.991251
0.991274
0.991282
0.991297
0.991312
0.991335
0.99135
0.991365
0.991381
0.991396
0.991411
0.991426
0.991442
0.991457
0.991472
0.991495
0.991503
0.991518
0.991533
0.991549
0.991571
0.991579
0.991602
0.99161
0.991632
0.991648
0.991655
0.991678
0.991686
0.991709
0.991724
0.991732
0.991755
0.99177
0.991785
0.9918
0.991816
0.991831
0.991846
0.991861
0.991877
0.991892
0.991907
0.991922
0.991938
0.991953
0.991968
0.991983
0.991999
0.992014
0.992029
0.992044
0.99206
0.992083
0.992098
0.992113
0.992128
0.992144
0.992159
0.992174
0.992189
0.992205
0.99222
0.992235
0.99225
0.992266
0.992281
0.992296
0.992311
0.992327
0.992342
0.992357
0.992373
0.992395
0.992411
0.992418
0.992434
0.992449
0.992464
0.992487
0.992502
0.99251
0.992533
0.992548
0.992563
0.992579
0.992594
0.992609
0.992624
0.99264
0.992655
0.992678
0.992685
0.992701
0.992716
0.992731
0.992754
0.992769
0.992785
0.9928
0.992815
0.99283
0.992846
0.992861
0.992876
0.992891
0.992907
0.992922
0.992937
0.992951
0.992963
0.992974
0.992986
0.993003
0.993014
0.99302
0.993037
0.993049
0.99306
0.993072
0.993083
0.993094
0.993106
0.993117
0.993129
0.99314
0.993152
0.993163
0.993175
0.993186
