0
1.52588e-05
3.05177e-05
4.57765e-05
6.10353e-05
8.39234e-05
0.000169277
0.000450611
0.00167942
0.00338078
0.00607586
0.0100036
0.0153937
0.0224605
0.0314002
0.0486965
0.0555716
0.07971
0.0988145
0.120359
0.144327
0.170658
0.19926
0.230011
0.26276
0.297334
0.33355
0.371215
0.410133
0.450105
0.490932
0.532414
0.595446
0.63773
0.680007
0.722102
0.743028
0.805058
0.845564
0.88518
0.923743
0.96112
0.997203
1.03187
1.065
1.09651
1.12631
1.15432
1.18049
1.20476
1.22709
1.25689
1.27426
1.28962
1.30298
1.31434
1.32767
1.33411
1.33861
1.34122
1.34198
1.34095
1.3382
1.33379
1.32779
1.3203
1.31139
1.30116
1.28971
1.27714
1.26354
1.24902
1.23369
1.21764
1.20098
1.17505
1.16621
1.1483
1.13017
1.10275
1.08446
1.06626
1.05723
1.03048
1.01304
0.996006
0.979447
0.963437
0.94803
0.933279
0.919237
0.905952
0.893466
0.88181
0.871013
0.861098
0.85208
0.843971
0.836776
0.830497
0.825132
0.820672
0.817107
0.81442
0.812595
0.811609
0.811436
0.81205
0.813419
0.81551
0.819925
0.823666
0.827997
0.832879
0.83827
0.844127
0.850407
0.857067
0.864064
0.875096
0.882748
0.886647
0.898578
0.906675
0.914842
0.923035
0.931213
0.939336
0.947371
0.955278
0.963025
0.970581
0.977919
0.98846
0.995142
1.00153
1.00759
1.01332
1.0187
1.02371
1.02834
1.03258
1.03642
1.03986
1.04288
1.0455
1.04866
1.04952
1.0515
1.05197
1.05282
1.05293
1.0527
1.05214
1.05125
1.05006
1.04858
1.04683
1.04483
1.04259
1.04014
1.03749
1.03467
1.0317
1.02861
1.0254
1.02212
1.01877
1.01366
1.01023
1.00679
1.00336
0.999953
0.996575
0.993239
0.989958
0.986745
0.98208
0.980571
0.977632
0.974806
0.972102
0.968295
0.965933
0.964809
0.961668
0.959774
0.958043
0.956479
0.955085
0.953864
0.952815
0.951939
0.951234
0.9507
0.950333
0.950128
0.950082
0.950189
0.950443
0.950838
0.951367
0.952024
0.952799
0.953686
0.954676
0.955761
0.956934
0.958185
0.959506
0.960888
0.963055
0.964547
0.965302
0.966828
0.96913
0.970659
0.972172
0.973658
0.975112
0.976527
0.977897
0.979216
0.980479
0.981684
0.982826
0.983904
0.984916
0.985862
0.986742
0.987554
0.988649
0.989298
0.989882
0.990403
0.99086
0.991258
0.991597
0.991878
0.992101
0.992268
0.992382
0.992443
0.992454
0.992416
0.992332
0.992122
0.991929
0.991694
0.991422
0.991114
0.990771
0.990395
0.989989
0.989328
0.989094
0.988609
0.988102
0.987574
0.987028
0.986178
0.985595
0.985299
0.984397
0.983788
0.983173
0.982555
0.981937
0.981322
0.980711
0.980107
0.979513
0.978929
0.978359
0.977804
0.977265
0.976746
0.976246
0.975768
0.975312
0.974881
0.974476
0.974096
0.973744
0.97342
0.972988
0.972859
0.972622
0.972322
0.972159
0.972028
0.971927
0.971855
0.971811
0.971797
0.97181
0.97185
0.971916
0.972007
0.972122
0.97226
0.972419
0.972597
0.972793
0.973006
0.973234
0.973475
0.97373
0.973995
0.974411
0.974698
0.974844
0.975289
0.97559
0.975895
0.976201
0.976506
0.976809
0.97711
0.977407
0.977698
0.977984
0.978263
0.978535
0.978798
0.979053
0.979298
0.979646
0.979757
0.979971
0.980174
0.980458
0.980546
0.980795
0.980947
0.981086
0.981214
0.98133
0.981435
0.981529
0.981611
0.981681
0.981742
0.981812
0.981845
0.98187
0.981885
0.981892
0.98189
0.981879
0.981861
0.981836
0.981803
0.981765
0.98172
0.981671
0.981616
0.981557
0.981494
0.981429
0.981324
0.981288
0.981177
0.981101
0.981025
0.980948
0.980872
0.980796
0.98072
0.980643
0.980571
0.980498
0.980394
0.980328
0.980264
0.980203
0.980146
0.980092
0.980041
0.979994
0.979951
0.979913
0.979879
0.979849
0.979824
0.979804
0.979787
0.979776
0.979769
0.979768
0.97977
0.979782
0.979795
0.979813
0.979835
0.97986
0.97989
0.979924
0.979961
0.980002
0.980046
0.980093
0.980142
0.980196
0.980251
0.980308
0.980369
0.98043
0.980495
0.98056
0.980628
0.980697
0.980801
0.980837
0.980946
0.981019
0.981091
0.981164
0.981236
0.981308
0.981381
0.981453
0.981526
0.981598
0.981667
0.981736
0.981838
0.981871
0.981936
0.982031
0.982092
0.982153
0.982211
0.982268
0.982323
0.982377
0.982428
0.982478
0.982526
0.982572
0.982616
0.982658
0.982699
0.982738
0.982776
0.98281
0.982861
0.982876
0.982922
0.982937
0.982964
0.983004
0.983016
0.983051
0.983062
0.983094
0.983113
0.983132
0.983151
0.983168
0.983183
0.983198
0.983213
0.983229
0.983243
0.983255
0.983266
0.983278
0.983289
0.983301
0.983312
0.983324
0.983335
0.983346
0.983358
0.983369
0.983387
0.983398
0.983409
0.983421
0.983432
0.983444
0.983459
0.983475
0.98349
0.983505
0.983521
0.983543
0.983559
0.983578
0.983597
0.983616
0.983635
0.983654
0.983673
0.983695
0.983717
0.983752
0.983775
0.983798
0.98382
0.983844
0.983871
0.983898
0.983924
0.983951
0.983978
0.984004
0.984031
0.984058
0.984087
0.984133
0.984163
0.984194
0.984224
0.984255
0.984285
0.984316
0.984346
0.984377
0.984407
0.984438
0.984468
0.984514
0.984545
0.98456
0.984606
0.984621
0.984667
0.984682
0.984728
0.984758
0.984789
0.984819
0.98485
0.98488
0.984911
0.984941
0.984972
0.985003
0.985033
0.985064
0.985094
0.985125
0.985155
0.985186
0.985216
0.985247
0.985277
0.985308
0.985338
0.985384
0.985399
0.985429
0.985456
0.985483
0.985523
0.985536
0.985576
0.985603
0.98563
0.985656
0.985683
0.98571
0.985736
0.985763
0.98579
0.985816
0.985843
0.985883
0.985896
0.985919
0.985942
0.985965
0.985999
0.986022
0.986045
0.986068
0.986091
0.986114
0.986136
0.986159
0.986182
0.986205
0.986228
0.986251
0.986274
0.986297
0.98632
0.986342
0.986365
0.986388
0.986411
0.986434
0.986468
0.986491
0.986514
0.986537
0.98656
0.986583
0.986606
0.986629
0.986651
0.986674
0.986697
0.98672
0.986743
0.986766
0.986789
0.986823
0.986846
0.986869
0.986892
0.986915
0.986938
0.98696
0.986983
0.987006
0.987029
0.987052
0.987075
0.987098
0.987121
0.987144
0.987166
0.987189
0.987212
0.987247
0.987258
0.987292
0.987315
0.987327
0.987361
0.987384
0.987407
0.98743
0.987453
0.987475
0.987498
0.987521
0.987544
0.987567
0.98759
0.987612
0.987631
0.987659
0.987669
0.987688
0.987717
0.987726
0.987755
0.987774
0.987793
0.987812
0.987831
0.98785
0.987869
0.987888
0.987907
0.987926
0.987946
0.987965
0.987984
0.988003
0.988022
0.988041
0.988064
0.988087
0.98811
0.988133
0.988156
0.988179
0.988202
0.988236
0.988247
0.98827
0.988293
0.988328
0.98835
0.988373
0.988396
0.988419
0.988442
0.988465
0.988488
0.988511
0.988533
0.988556
0.988579
0.988602
0.988625
0.988648
0.988671
0.988694
0.988717
0.988739
0.988762
0.988785
0.988805
0.988824
0.988853
0.988863
0.988891
0.988901
0.988929
0.988939
0.988967
0.988986
0.989006
0.989025
0.989044
0.989063
0.989082
0.989101
0.98912
0.989139
0.989158
0.989177
0.989196
0.989215
0.989234
0.989254
0.989273
0.989292
0.989311
0.98933
0.989349
0.989368
0.989387
0.989406
0.989425
0.989454
0.989463
0.989482
0.989501
0.989521
0.98954
0.989568
0.989578
0.989597
0.989616
0.989645
0.989664
0.989673
0.989702
0.989711
0.98974
0.989759
0.989778
0.989797
0.989816
0.989835
0.989854
0.989873
0.989892
0.989912
0.989931
0.98995
0.989969
0.989988
0.990007
0.990026
0.990045
0.990064
0.990083
0.990102
0.990121
0.99014
0.99016
0.990179
0.990198
0.990217
0.990245
0.990255
0.990283
0.990303
0.990322
0.990341
0.99036
0.990379
0.990398
0.990415
0.99043
0.990445
0.99046
0.990476
0.990491
0.990506
0.990521
0.990537
0.990552
0.990567
0.990582
0.990598
0.990613
0.990628
0.990651
0.990666
0.990682
0.990697
0.990712
0.990727
0.990743
0.990758
0.990781
0.990796
0.990811
0.990827
0.990842
0.990857
0.990872
0.990888
0.990903
0.990918
0.990933
0.990949
0.990964
0.990979
0.990994
0.99101
0.991025
0.99104
0.991055
0.991071
0.99109
0.991109
0.991128
0.991148
0.991167
0.991186
0.991205
0.991233
0.991243
0.991262
0.991281
0.99131
0.991319
0.991338
0.991357
0.991386
0.991405
0.991424
0.991443
0.991462
0.991481
0.9915
0.991516
0.991531
0.991547
0.991562
0.991577
0.991592
0.991608
0.991631
0.991638
0.991653
0.991676
0.991684
0.991699
0.991714
0.991737
0.991745
0.991768
0.991783
0.991791
0.991814
0.991829
0.991844
0.991859
0.991875
0.99189
0.991905
0.99192
0.991936
0.991951
0.991966
0.991982
0.991997
0.992012
0.992035
0.99205
0.992065
0.992081
0.992096
0.992119
0.992126
0.992142
0.992165
0.992172
0.992195
0.99221
0.992226
0.992241
0.992256
0.992271
0.992287
0.992302
0.992317
0.992332
0.992348
0.992363
0.992378
0.992393
0.992405
0.992416
0.992428
0.992439
0.992451
0.992468
0.992474
0.992491
0.992502
0.992514
0.992525
0.992537
0.992548
0.992559
0.992571
0.992582
0.992594
0.992605
0.992617
0.992628
0.99264
0.992657
0.992662
0.992684
0.992699
0.992714
0.99273
0.992745
0.99276
0.992775
0.992791
0.992814
0.992821
0.992836
0.992859
0.992875
0.99289
0.992905
0.99292
0.992936
0.992951
0.992966
0.992989
0.992997
0.99302
0.993035
0.99305
0.993065
0.993081
0.993096
0.993111
0.993122
0.993134
0.993145
0.993156
0.993168
0.993179
0.993191
0.993202
0.993214
0.993231
0.993242
0.993254
0.993265
0.993277
0.993288
0.993299
0.993311
0.993322
0.99334
0.993345
0.993362
0.993374
0.993385
0.993397
0.993408
0.99342
0.993425
0.993443
0.993454
0.993465
0.993477
0.993488
0.9935
0.993511
0.993523
0.993534
0.993551
0.993563
0.993574
0.993586
0.993597
0.993608
0.99362
0.993631
0.993643
0.993654
