0
1.47819e-05
4.43457e-05
7.39095e-05
0.000118255
0.000147819
0.000163555
0.000279784
0.00056076
0.00121605
0.00247049
0.00455987
0.00771606
0.0121566
0.0180792
0.0256562
0.0350314
0.0463165
0.0595888
0.0748911
0.0922321
0.111588
0.132907
0.15611
0.181095
0.207742
0.235915
0.265468
0.296247
0.328094
0.360852
0.39436
0.42846
0.462998
0.497824
0.532791
0.567761
0.602597
0.654324
0.671365
0.705058
0.754427
0.77052
0.802092
0.847728
0.876883
0.904942
0.93184
0.957526
0.981957
1.00508
1.02685
1.04724
1.06621
1.08375
1.09986
1.11456
1.12784
1.13973
1.15025
1.15944
1.16734
1.17397
1.17938
1.18362
1.18673
1.18876
1.18975
1.1894
1.18882
1.18577
1.18272
1.17892
1.17441
1.16926
1.16351
1.15723
1.15046
1.14327
1.1357
1.12781
1.11964
1.107
1.1027
1.08965
1.08526
1.07646
1.06766
1.05891
1.05024
1.03746
1.03328
1.021
1.01701
1.00537
0.997915
0.990734
0.98384
0.97725
0.970976
0.96503
0.959424
0.954165
0.949259
0.94471
0.940517
0.936679
0.933193
0.930054
0.927257
0.924795
0.922661
0.920846
0.919341
0.918136
0.917221
0.916586
0.916131
0.916107
0.916241
0.916605
0.917188
0.918446
0.919519
0.920765
0.92217
0.923721
0.925405
0.927207
0.929115
0.931112
0.933187
0.935327
0.937519
0.940875
0.94314
0.94541
0.947675
0.94992
0.952136
0.954309
0.95643
0.959495
0.960481
0.962398
0.965124
0.966837
0.967662
0.970004
0.971455
0.972818
0.974092
0.97528
0.976381
0.977396
0.978329
0.979179
0.979949
0.980958
0.981256
0.98204
0.982473
0.982664
0.983135
0.98326
0.983539
0.983602
0.983683
0.9837
0.983679
0.983598
0.983385
0.983291
0.982943
0.98266
0.982338
0.982163
0.981589
0.981166
0.980715
0.980238
0.979737
0.979215
0.978673
0.978115
0.977543
0.976959
0.976366
0.975766
0.975162
0.974555
0.973949
0.973343
0.972741
0.972144
0.971554
0.970973
0.970402
0.969843
0.969297
0.968765
0.968251
0.967754
0.967275
0.966817
0.96638
0.965964
0.965571
0.965202
0.964857
0.964387
0.964242
0.963973
0.963729
0.963412
0.963233
0.96308
0.962954
0.962854
0.96278
0.962733
0.96271
0.962712
0.962736
0.962784
0.962852
0.962939
0.963044
0.963167
0.963379
0.963456
0.963707
0.963888
0.963982
0.964276
0.964378
0.964692
0.964908
0.965127
0.965348
0.965571
0.965794
0.966017
0.96624
0.966463
0.966683
0.966902
0.967117
0.967329
0.967537
0.967741
0.967939
0.968133
0.968321
0.968504
0.96868
0.968851
0.969095
0.969172
0.969396
0.969537
0.969605
0.969735
0.969918
0.970032
0.970139
0.970238
0.970331
0.970418
0.970499
0.970572
0.970641
0.970703
0.97076
0.970834
0.970878
0.970917
0.970934
0.970967
0.970995
0.97103
0.97104
0.971064
0.971077
0.971087
0.971095
0.9711
0.971104
0.971106
0.971107
0.971107
0.971105
0.971103
0.971101
0.971097
0.971094
0.97109
0.971088
0.971086
0.971083
0.971082
0.971082
0.971083
0.971085
0.971089
0.971093
0.971099
0.971107
0.971116
0.971126
0.971138
0.971152
0.971167
0.971184
0.971214
0.971224
0.971246
0.971283
0.97131
0.971338
0.971368
0.971383
0.971432
0.971467
0.971503
0.97154
0.971579
0.971619
0.971661
0.971703
0.971747
0.971791
0.971837
0.971883
0.971931
0.971978
0.972028
0.972078
0.972128
0.97218
0.972231
0.972283
0.972337
0.97239
0.972444
0.972497
0.972553
0.972608
0.972663
0.972718
0.972774
0.972829
0.972884
0.97294
0.972995
0.97305
0.973106
0.973161
0.973244
0.973271
0.973351
0.973404
0.973458
0.973511
0.973564
0.973615
0.973667
0.973718
0.973768
0.973818
0.973867
0.973915
0.973963
0.974011
0.974057
0.974103
0.974149
0.974194
0.974238
0.974282
0.974326
0.974368
0.97441
0.974452
0.974494
0.974536
0.974576
0.974616
0.974656
0.974696
0.974736
0.974774
0.974812
0.97485
0.974888
0.974926
0.974984
0.975003
0.97504
0.975094
0.975112
0.975148
0.975203
0.975221
0.975275
0.975312
0.975348
0.975384
0.97542
0.975456
0.975493
0.975529
0.975565
0.975583
0.975637
0.975671
0.975706
0.97574
0.975774
0.975809
0.975843
0.975877
0.975912
0.975946
0.975981
0.976017
0.976053
0.976089
0.976126
0.976162
0.976198
0.976234
0.976271
0.976307
0.976343
0.976379
0.976416
0.976452
0.976488
0.976524
0.976561
0.976597
0.976633
0.976669
0.976706
0.976742
0.976779
0.976817
0.976855
0.976893
0.976931
0.976969
0.977008
0.977046
0.977084
0.977122
0.97716
0.977198
0.977237
0.977275
0.977313
0.977351
0.977389
0.977427
0.977465
0.977504
0.977542
0.97758
0.977618
0.977656
0.977694
0.977732
0.97779
0.977809
0.977847
0.977904
0.977923
0.97798
0.978019
0.978038
0.978094
0.97813
0.978166
0.978203
0.978239
0.978275
0.978311
0.978348
0.978384
0.97842
0.978456
0.978492
0.978527
0.978562
0.978596
0.97863
0.978665
0.978699
0.978733
0.978768
0.978802
0.978836
0.978871
0.978905
0.978939
0.978974
0.979008
0.979042
0.979077
0.979111
0.979145
0.979177
0.97921
0.979242
0.979275
0.979323
0.979339
0.979388
0.97942
0.979437
0.979469
0.979518
0.97955
0.979583
0.979615
0.979647
0.97968
0.979712
0.979745
0.979777
0.97981
0.979858
0.979874
0.979907
0.979939
0.979972
0.98002
0.980053
0.980085
0.980118
0.98015
0.980182
0.980215
0.980247
0.98028
0.980312
0.980345
0.980393
0.980426
0.980458
0.98049
0.980523
0.980555
0.980604
0.98062
0.980669
0.980701
0.980717
0.98075
0.980798
0.980831
0.980863
0.980896
0.980928
0.980961
0.980993
0.981025
0.981058
0.98109
0.981123
0.981155
0.981188
0.98122
0.981252
0.981301
0.981317
0.981366
0.981398
0.981415
0.981463
0.981496
0.981528
0.98156
0.981593
0.981625
0.981658
0.98169
0.981723
0.981755
0.981787
0.98182
0.981852
0.981885
0.981917
0.981948
0.981978
0.982009
0.982039
0.98207
0.9821
0.982131
0.982162
0.982192
0.982223
0.982253
0.982284
0.982314
0.982345
0.982375
0.982406
0.982451
0.982482
0.982512
0.982543
0.982574
0.982604
0.982635
0.982665
0.982696
0.982726
0.982757
0.982787
0.982818
0.982848
0.982879
0.982924
0.982955
0.982985
0.983016
0.983047
0.983077
0.983108
0.983138
0.983169
0.983199
0.98323
0.98326
0.983291
0.983321
0.983367
0.983382
0.983428
0.983459
0.983489
0.98352
0.98355
0.983581
0.98361
0.983639
0.983667
0.983696
0.983724
0.983753
0.983782
0.98381
0.983839
0.983867
0.983896
0.983925
0.983953
0.983982
0.98401
0.984039
0.984068
0.984111
0.984125
0.984154
0.984196
0.984225
0.984254
0.984282
0.98431
0.984337
0.984363
0.98439
0.984417
0.984443
0.98447
0.984497
0.984524
0.98455
0.984577
0.984604
0.98463
0.984657
0.984684
0.98471
0.984737
0.984764
0.984791
0.984817
0.984844
0.984871
0.984897
0.984924
0.984951
0.984991
0.985018
0.985044
0.985071
0.985098
0.985124
0.985151
0.985191
0.985204
0.985245
0.985271
0.985298
0.985325
0.985351
0.985378
0.985405
0.985431
0.985458
0.985483
0.985508
0.985533
0.985557
0.985582
0.985607
0.985644
0.985669
0.985694
0.985718
0.985743
0.985768
0.985793
0.985818
0.985842
0.985867
0.985892
0.985917
0.985942
0.985966
0.985991
0.986016
0.986041
0.986078
0.98609
0.986128
0.986152
0.986177
0.986202
0.986227
0.986252
0.986276
0.986301
0.986326
0.986351
0.986376
0.9864
0.986438
0.986462
0.986487
0.986512
0.986537
0.986562
0.986586
0.986611
0.986636
0.986661
0.986686
0.98671
0.986735
0.98676
0.986785
0.986822
0.986847
0.986871
0.986896
0.986921
0.986946
0.986971
0.986995
0.987018
0.987041
0.987063
0.987086
0.987109
0.987132
0.987155
0.987178
0.987212
0.987235
0.987258
0.987281
0.987304
0.987327
0.98735
0.987372
0.987395
0.987418
0.987441
0.987464
0.987498
0.987521
0.987544
0.987567
0.98759
0.987613
0.987636
0.987659
0.987681
0.987704
0.987727
0.98775
0.987771
0.987792
0.987813
0.987834
0.987855
0.987876
0.987897
0.987918
0.987939
0.98796
0.987981
0.988002
0.988023
0.988044
0.988065
0.988086
0.988107
0.988128
0.988149
0.98817
0.988191
0.988212
0.988243
0.988264
0.988275
0.988306
0.988327
0.988348
0.988369
0.98839
0.988411
0.988432
0.988453
0.988474
0.988495
0.988516
0.988537
0.988558
0.988579
0.9886
0.988621
0.988652
0.988673
0.988694
0.988715
0.988736
0.988757
0.988778
0.988799
0.98882
0.988841
0.988862
0.988883
0.988904
0.988925
0.988946
0.988967
0.988988
0.989009
0.989041
0.989062
0.989083
0.989104
0.989125
0.989146
0.989166
0.989187
0.989208
0.989229
0.98925
0.989271
0.989292
0.989312
0.989331
0.98935
0.989369
0.989388
0.989417
0.989427
0.989455
0.989474
0.989493
0.989512
0.989532
0.989551
0.98957
0.989589
0.989608
0.989627
0.989646
0.989665
0.989684
0.989703
0.989722
0.989741
0.98976
0.989779
0.989799
0.989818
0.989837
0.989856
0.989875
0.989894
0.989913
0.989932
0.989951
0.98997
0.989999
0.990008
0.990027
0.990056
0.990066
0.990094
0.990113
0.990132
0.990151
0.99017
0.99019
0.990209
0.990228
0.990247
0.990265
0.990282
0.990299
0.990316
0.990334
0.990351
0.990368
0.990385
0.990402
0.990419
0.990437
0.990454
0.990471
0.990488
0.990514
0.990522
0.99054
0.990565
0.990574
0.9906
0.990617
0.990634
0.990651
0.990668
0.990685
0.990703
0.99072
0.990737
0.990754
0.990771
0.990788
0.990806
0.990823
0.99084
0.990857
0.990874
0.990891
0.990909
0.990926
0.990952
0.990969
0.990986
0.991003
0.99102
0.991037
0.991055
0.991072
0.991089
0.991106
0.991123
0.99114
0.991158
0.991175
0.991192
0.991209
0.991235
0.991243
0.991269
0.991278
0.991294
0.991309
0.991324
0.99134
0.991363
0.991378
0.991393
0.991408
0.991424
0.991439
0.991454
0.991469
0.991485
0.9915
