0
9.53654e-06
2.47954e-05
4.00542e-05
5.5313e-05
7.05718e-05
0.000108719
0.000267982
0.000715256
0.00166702
0.00457287
0.00605774
0.00998116
0.0186768
0.0266523
0.0365925
0.0486631
0.0630121
0.0797663
0.0990267
0.132773
0.158556
0.186959
0.217936
0.2514
0.28723
0.325275
0.365357
0.407273
0.473132
0.518709
0.565367
0.612881
0.661028
0.709579
0.782627
0.806911
0.855202
0.902931
0.973001
1.0184
1.06254
1.10524
1.14635
1.18573
1.22322
1.25869
1.292
1.32305
1.35172
1.37792
1.40156
1.42259
1.44096
1.45663
1.46958
1.47982
1.48735
1.4922
1.4944
1.49401
1.49109
1.48571
1.47796
1.46793
1.45572
1.44145
1.42523
1.4072
1.38747
1.3662
1.34352
1.31958
1.29453
1.25521
1.22804
1.21423
1.18626
1.14367
1.11509
1.1008
1.07232
1.03012
1.00252
0.975492
0.949174
0.923678
0.8991
0.887189
0.864188
0.831939
0.812078
0.793629
0.776655
0.761207
0.747316
0.735018
0.724348
0.715331
0.707988
0.702327
0.698344
0.696027
0.69535
0.69628
0.69878
0.702797
0.708272
0.715146
0.723347
0.732798
0.749142
0.755125
0.76783
0.781443
0.795868
0.818819
0.826769
0.843043
0.868217
0.885372
0.902713
0.920141
0.937567
0.954901
0.972049
0.988918
1.00543
1.02149
1.03705
1.05204
1.0664
1.08009
1.09305
1.11102
1.12198
1.13207
1.14128
1.14956
1.15691
1.16613
1.17104
1.17495
1.17787
1.17979
1.18073
1.18069
1.17972
1.17652
1.17501
1.1692
1.1643
1.15865
1.15229
1.14526
1.13763
1.12517
1.11627
1.10697
1.09733
1.08741
1.07727
1.06696
1.05655
1.0461
1.03566
1.02529
1.01503
1.00494
0.990182
0.980671
0.971468
0.96261
0.954132
0.94607
0.938459
0.931337
0.924736
0.915868
0.910674
0.906075
0.902078
0.900308
0.895919
0.893766
0.892238
0.891334
0.891044
0.891361
0.892267
0.893742
0.895761
0.898302
0.901337
0.904837
0.908774
0.913114
0.917826
0.922875
0.931007
0.933849
0.942707
0.945755
0.955122
0.961509
0.96473
0.971208
0.9777
0.98739
0.990589
0.996917
1.00312
1.00918
1.01793
1.02351
1.02886
1.03395
1.03877
1.0433
1.04752
1.05323
1.0566
1.0596
1.06223
1.06448
1.06635
1.06782
1.06891
1.0696
1.06992
1.06985
1.06942
1.06811
1.06681
1.06519
1.06326
1.05984
1.05722
1.05437
1.0513
1.04803
1.04458
1.04099
1.03726
1.03344
1.02954
1.02558
1.02159
1.0156
1.01361
1.0077
1.00382
1.00002
0.996302
0.992683
0.989182
0.985807
0.982576
0.978035
0.975231
0.972614
0.970199
0.96799
0.965998
0.964227
0.962681
0.961363
0.960276
0.959417
0.958788
0.958386
0.958209
0.958251
0.958509
0.958977
0.960054
0.96051
0.962152
0.962787
0.964935
0.966558
0.967422
0.970203
0.971189
0.974296
0.976472
0.978717
0.981012
0.983343
0.985698
0.988063
0.990424
0.99277
0.99509
0.997374
0.999615
1.0018
1.00394
1.00601
1.008
1.00993
1.01267
1.01439
1.01602
1.01755
1.01898
1.02031
1.02152
1.02262
1.02359
1.02443
1.02514
1.02571
1.02615
1.02644
1.02663
1.02662
1.0264
1.02627
1.02566
1.02511
1.02479
1.02366
1.02323
1.02181
1.02076
1.02021
1.01906
1.01785
1.01595
1.0153
1.01398
1.01264
1.01128
1.00925
1.00789
1.00654
1.00588
1.0039
1.0026
1.00133
1.00009
0.998888
0.997715
0.996579
0.995483
0.994428
0.993416
0.992449
0.991528
0.990655
0.989831
0.989057
0.988333
0.98766
0.987041
0.986473
0.98596
0.9855
0.985095
0.98459
0.984448
0.984206
0.984018
0.983883
0.9838
0.983773
0.983818
0.983911
0.98405
0.984235
0.984463
0.984732
0.985039
0.985383
0.985761
0.986169
0.986607
0.98707
0.987557
0.988065
0.988591
0.989134
0.98969
0.990257
0.990833
0.991416
0.992003
0.992595
0.99319
0.993785
0.994375
0.994963
0.995836
0.99641
0.996977
0.997536
0.998084
0.998622
0.999149
0.999663
1.00016
1.00065
1.00112
1.00158
1.00201
1.00244
1.00304
1.00323
1.0036
1.00411
1.00428
1.00474
1.00502
1.00529
1.00553
1.00575
1.00596
1.00614
1.00631
1.00645
1.00657
1.00668
1.00676
1.00683
1.00688
1.00691
1.00692
1.00691
1.00689
1.00685
1.00679
1.00672
1.00664
1.00654
1.00642
1.00623
1.00609
1.00593
1.00577
1.00559
1.00541
1.00522
1.00502
1.00481
1.0046
1.00438
1.00416
1.00393
1.0037
1.00346
1.00323
1.00299
1.00275
1.00252
1.00228
1.00204
1.00181
1.00157
1.00122
1.00111
1.00088
1.00066
1.00044
1.00022
1.00001
0.999799
0.999496
0.999301
0.99911
0.999019
0.998749
0.998576
0.99841
0.998251
0.998098
0.997953
0.997815
0.997684
0.99756
0.997442
0.997333
0.997231
0.997135
0.997047
0.996967
0.996894
0.996828
0.996769
0.996716
0.996672
0.996634
0.996603
0.996578
0.99656
0.996548
0.996541
0.996541
0.996548
0.99656
0.996576
0.996599
0.996643
0.996659
0.996697
0.996739
0.996785
0.996863
0.99689
0.996949
0.99701
0.997108
0.997177
0.997211
0.997322
0.99736
0.997437
0.997552
0.997636
0.99772
0.997762
0.997888
0.997972
0.998055
0.998139
0.998223
0.998307
0.998391
0.998475
0.998559
0.998643
0.998727
0.998806
0.998882
0.998959
0.999035
0.999111
0.999182
0.99925
0.999319
0.999388
0.99948
0.999511
0.999572
0.999629
0.999682
0.999763
0.999809
0.999855
0.999901
0.99994
0.999978
1.00002
1.00005
1.00008
1.00011
1.00014
1.00017
1.00019
1.0002
1.00022
1.00023
1.00024
1.00024
1.00025
1.00025
1.00025
1.00025
1.00025
1.00024
1.00023
1.00022
1.0002
1.00019
1.00018
1.00016
1.00015
1.00012
1.0001
1.00008
1.00004
1.00002
1.00001
0.999964
0.999933
0.999903
0.999872
0.999842
0.999811
0.999781
0.99975
0.99972
0.999689
0.999659
0.999628
0.999598
0.999567
0.999521
0.999491
0.99946
0.99943
0.999399
0.999369
0.999338
0.999292
0.999262
0.999231
0.999201
0.99917
0.99914
0.999109
0.999079
0.99905
0.999027
0.998993
0.99897
0.998959
0.998936
0.998913
0.998878
0.998867
0.998848
0.998833
0.99881
0.998795
0.998779
0.998764
0.998749
0.998734
0.998726
0.998718
0.998711
0.998703
0.998695
0.998688
0.99868
0.998671
0.998671
0.998671
0.998671
0.998671
0.998671
0.998671
0.998671
0.998671
0.998671
0.998672
0.99868
0.998688
0.998695
0.998703
0.998711
0.998718
0.998726
0.998734
0.998741
0.998749
0.998756
0.998764
0.998772
0.998779
0.998787
0.998795
0.998802
0.99881
0.998817
0.998825
0.998833
0.99884
0.998848
0.998856
0.998863
0.998871
0.998878
0.99889
0.998894
0.998901
0.998909
0.998917
0.998928
0.998932
0.99894
0.998947
0.998955
0.998966
0.99897
0.998978
0.998989
0.998997
0.999004
0.999012
0.999016
0.999027
0.999035
0.999043
0.99905
0.999058
0.999065
0.999073
0.999081
0.999088
0.999096
0.999104
0.999111
0.999119
0.999126
0.999134
0.999142
0.999149
0.999149
0.999149
0.999149
0.999149
0.999149
0.999149
0.999149
0.999149
0.999149
0.999149
0.999149
0.999149
0.999149
0.999149
0.999149
0.999149
0.999149
0.999149
0.999149
0.999149
0.999149
0.999149
0.999149
0.999149
0.999149
0.999149
0.999149
0.999149
0.999142
0.999134
0.999126
0.999119
0.999111
0.9991
0.999092
0.999084
0.999077
0.999069
0.999062
0.999054
0.999046
0.999039
0.999031
0.999023
0.999016
0.999008
0.999001
0.998993
0.998985
0.998978
0.99897
0.998969
0.998969
0.998969
0.998969
0.998969
0.998969
0.998969
0.998969
0.998969
0.998969
0.998969
0.998969
0.998969
0.998969
0.998969
0.998969
0.998969
0.998969
0.998969
0.998969
0.998969
0.998969
0.998969
0.998969
0.998969
0.998969
0.998969
0.998969
0.998969
0.998969
0.998969
0.998969
0.998969
0.998969
0.998969
0.998969
0.998969
0.998969
0.998969
0.998969
0.998969
0.998969
0.998969
0.998969
0.998969
0.998969
0.998969
0.998969
0.998969
0.998969
0.998969
0.998969
0.998969
0.998969
0.998969
0.998969
0.998969
0.998969
0.998969
0.998969
0.998969
0.998969
0.998969
0.998969
0.998969
0.998969
0.998969
0.998969
0.998969
0.998969
0.998969
0.998969
0.998969
0.998969
0.998969
0.998969
0.998969
0.998969
0.998969
0.998969
0.998969
0.998969
0.998969
0.998969
0.998969
0.998969
0.998969
0.998969
0.998969
0.998969
0.998969
0.998969
0.998977
0.998988
0.998992
0.999003
0.999007
0.999019
0.999026
0.999034
0.999042
0.999049
0.999057
0.999064
0.999072
0.999073
0.999073
0.999073
0.999073
0.999073
0.999073
0.999073
0.999073
0.999073
0.999073
0.999073
0.999073
0.999073
0.999073
0.999073
0.999073
0.999073
0.999073
0.999073
0.999073
0.999073
0.999073
0.999073
0.999073
0.999073
0.999073
0.999073
0.999073
0.999073
0.999073
0.999073
0.999073
0.999073
0.999073
0.999073
0.999073
0.999073
0.999073
0.999073
0.999073
0.999073
0.999073
0.999073
0.999073
0.999073
0.999073
0.999073
0.999073
0.999073
0.999073
0.999073
0.999073
0.999073
0.999073
0.999073
0.999073
0.999073
0.999073
0.999073
0.999073
0.999073
0.999073
0.999073
0.999073
0.999073
0.999073
0.999073
0.999073
0.999073
0.999073
0.999073
0.999073
0.999073
0.999073
0.999073
0.999073
0.999073
0.999073
0.999073
0.999073
0.999073
0.999073
0.999073
0.999073
0.999073
0.999073
0.999073
0.999073
0.999073
0.999073
0.999073
0.999073
0.999073
0.999073
0.999073
0.999073
0.999073
0.999073
0.999073
0.999073
0.999073
0.999073
0.999073
0.999073
0.999073
0.999073
0.999073
0.999073
0.999073
0.999073
0.999073
0.999073
0.999073
0.999073
0.999073
0.999073
0.999073
0.999073
0.999073
0.999073
0.999073
0.999073
0.999073
0.999073
0.999073
0.999073
0.999073
0.999073
0.999073
0.999073
0.999073
0.999073
0.999073
0.999073
0.999073
