0
7.62959e-06
3.05177e-05
3.81472e-05
5.34061e-05
8.39234e-05
0.000171662
0.000453949
0.00112724
0.00242615
0.0045948
0.00787735
0.0125084
0.018712
0.0266914
0.0366354
0.0487099
0.0630646
0.0798225
0.0990829
0.120912
0.145337
0.172352
0.201911
0.23393
0.268289
0.304836
0.343399
0.404589
0.425775
0.49131
0.513721
0.55922
0.605429
0.652102
0.722469
0.769292
0.81581
0.861838
0.907193
0.9517
0.995187
1.03747
1.07839
1.11777
1.15546
1.20855
1.24146
1.27224
1.30082
1.32709
1.35098
1.37243
1.3914
1.41509
1.42769
1.43773
1.44523
1.45177
1.45306
1.45196
1.44852
1.44281
1.43492
1.42492
1.41293
1.39907
1.38345
1.36621
1.34749
1.31695
1.29516
1.2724
1.24881
1.22454
1.19973
1.17452
1.14906
1.12348
1.09791
1.07248
1.0473
1.02248
0.998124
0.96269
0.939938
0.917983
0.896912
0.876801
0.857727
0.839767
0.823003
0.807506
0.793331
0.780527
0.76913
0.754721
0.746926
0.740583
0.735688
0.732224
0.730175
0.729517
0.730225
0.732257
0.735571
0.740111
0.745816
0.752624
0.760461
0.769256
0.778933
0.789412
0.800615
0.812468
0.824888
0.837805
0.851142
0.864824
0.87878
0.89294
0.90723
0.921582
0.943073
0.950195
0.971317
0.985121
0.998632
1.01179
1.02454
1.04277
1.05425
1.06512
1.07535
1.08489
1.09371
1.10177
1.10904
1.11549
1.12112
1.12591
1.12986
1.13299
1.13529
1.13723
1.13754
1.13709
1.1359
1.134
1.13142
1.12818
1.12433
1.11747
1.11492
1.10652
1.10037
1.09381
1.08691
1.07971
1.07225
1.06459
1.05678
1.04887
1.0409
1.03292
1.02497
1.01707
1.00927
1.0016
0.994078
0.986737
0.979607
0.972712
0.966081
0.959738
0.953705
0.948004
0.940119
0.93533
0.930933
0.926941
0.923364
0.918794
0.916291
0.914233
0.912621
0.911452
0.910725
0.910431
0.910564
0.911119
0.91208
0.913433
0.915164
0.91725
0.919673
0.923895
0.927068
0.9305
0.934166
0.938043
0.942103
0.946323
0.950671
0.955118
0.959638
0.964199
0.968777
0.973345
0.980123
0.982352
0.98675
0.991053
0.997293
1.00129
1.00514
1.00883
1.01234
1.01567
1.01881
1.02173
1.02444
1.02692
1.03019
1.03116
1.03368
1.0344
1.03565
1.03706
1.0374
1.03806
1.0382
1.03811
1.03778
1.03723
1.03647
1.03551
1.03435
1.033
1.03067
1.02893
1.02704
1.02504
1.02293
1.02073
1.01845
1.01612
1.01374
1.01134
1.00892
1.0065
1.00408
1.00168
0.999305
0.996957
0.994645
0.991261
0.989068
0.986935
0.984863
0.983851
0.980929
0.979085
0.977335
0.975689
0.974155
0.972736
0.971442
0.970276
0.969242
0.968344
0.967583
0.966962
0.966294
0.966142
0.965941
0.965878
0.966037
0.966305
0.966702
0.966946
0.967848
0.968588
0.969431
0.970369
0.971395
0.972496
0.973667
0.974895
0.976168
0.977476
0.97881
0.98016
0.981518
0.982876
0.984224
0.985559
0.987521
0.988162
0.989421
0.990645
0.992411
0.992978
0.994081
0.995137
0.996634
0.997571
0.998458
0.999295
1.00008
1.00082
1.0015
1.00243
1.00298
1.00348
1.00393
1.00432
1.00467
1.00497
1.00522
1.00542
1.00557
1.00568
1.00574
1.00576
1.00571
1.00562
1.0055
1.00534
1.00515
1.00492
1.00465
1.00436
1.00403
1.00368
1.00311
1.00291
1.00226
1.00204
1.00133
1.00084
1.00034
0.999818
0.999287
0.998745
0.998195
0.997638
0.997073
0.996506
0.995934
0.995361
0.994789
0.994217
0.993646
0.993081
0.992519
0.991963
0.991414
0.990873
0.990078
0.989562
0.989058
0.988565
0.988089
0.987626
0.987181
0.986753
0.986344
0.985956
0.985589
0.985244
0.984921
0.984622
0.984346
0.984095
0.983868
0.983666
0.983489
0.98327
0.983154
0.983065
0.983028
0.982956
0.982937
0.982942
0.982968
0.983018
0.983088
0.983178
0.983288
0.983417
0.983562
0.983725
0.983902
0.984094
0.984405
0.984514
0.984741
0.985101
0.985351
0.985608
0.985871
0.986138
0.986412
0.986687
0.986961
0.987236
0.987511
0.987785
0.98806
0.988465
0.988732
0.988992
0.989247
0.989497
0.989741
0.989978
0.990207
0.990427
0.990639
0.990841
0.991035
0.991219
0.991392
0.991556
0.991712
0.991857
0.991992
0.992118
0.992234
0.992341
0.992437
0.992565
0.992639
0.992703
0.992759
0.992805
0.992843
0.992871
0.992892
0.992908
0.992909
0.992903
0.992888
0.992867
0.992838
0.992804
0.992764
0.992718
0.992664
0.992607
0.992546
0.992477
0.99237
0.992332
0.992255
0.992129
0.992087
0.991956
0.991864
0.991818
0.991681
0.99159
0.991498
0.991406
0.991315
0.991223
0.991132
0.99104
0.990949
0.990857
0.990723
0.990681
0.990555
0.990513
0.990395
0.990318
0.990245
0.990176
0.990108
0.990047
0.989986
0.989933
0.989881
0.989835
0.989791
0.989753
0.989717
0.989687
0.989649
0.989627
0.989612
0.989598
0.989591
0.989586
0.989586
0.989593
0.9896
0.989614
0.989629
0.989649
0.989672
0.989697
0.989727
0.989758
0.989793
0.989831
0.989869
0.989912
0.989958
0.990004
0.990049
0.990103
0.990156
0.99021
0.990263
0.990316
0.990372
0.990433
0.990524
0.990585
0.990616
0.990677
0.990738
0.990829
0.990891
0.990952
0.991013
0.991074
0.991135
0.991188
0.991241
0.991295
0.991348
0.991402
0.991455
0.991504
0.991549
0.991595
0.991641
0.991687
0.991727
0.991765
0.991803
0.991841
0.991878
0.991908
0.991939
0.991969
0.992
0.992024
0.992059
0.992082
0.992105
0.992123
0.992138
0.992153
0.992168
0.992184
0.992194
0.992202
0.992209
0.992217
0.992225
0.992232
0.992233
0.992233
0.992233
0.992233
0.992233
0.992233
0.992233
0.992233
0.992233
0.992226
0.992218
0.99221
0.992203
0.992195
0.992188
0.99218
0.992172
0.992165
0.992153
0.992149
0.992138
0.99213
0.992123
0.992115
0.992107
0.9921
0.992092
0.992085
0.992073
0.992072
0.992072
0.992072
0.992072
0.992072
0.992072
0.992072
0.992072
0.992072
0.992072
0.992072
0.992073
0.992081
0.992088
0.992096
0.992104
0.992111
0.992119
0.992126
0.992134
0.992142
0.992149
0.992157
0.99217
0.992186
0.992201
0.992216
0.992231
0.992247
0.992262
0.992277
0.992292
0.992308
0.992331
0.992338
0.992361
0.992369
0.992392
0.992407
0.992422
0.992438
0.992461
0.992484
0.992507
0.99253
0.992553
0.992576
0.992599
0.992621
0.992644
0.992667
0.99269
0.992713
0.992747
0.992759
0.992782
0.992805
0.992826
0.992848
0.992864
0.992879
0.992894
0.992909
0.992925
0.992948
0.992955
0.99297
0.992986
0.993001
0.993016
0.993032
0.993047
0.99307
0.993077
0.993093
0.993108
0.993123
0.993146
0.993154
0.993169
0.993184
0.993199
0.993217
0.993221
0.993233
0.99324
0.993248
0.993256
0.993263
0.993271
0.993279
0.993286
0.993294
0.993301
0.993309
0.993317
0.993324
0.993332
0.99334
0.993347
0.993355
0.993362
0.99337
0.993378
0.993385
0.993393
0.993401
0.993408
0.993416
0.993423
0.993431
0.993439
0.993446
0.993458
0.993462
0.993469
0.993477
0.993484
0.993492
0.993504
0.993507
0.993515
0.993526
0.99353
0.993542
0.993549
0.993557
0.993565
0.993572
0.99358
0.993587
0.993595
0.993603
0.99361
0.993618
0.993626
0.993633
0.993641
0.993649
0.993656
0.993664
0.993671
0.993679
0.993683
0.993694
0.993702
0.99371
0.993723
0.993738
0.993753
0.993769
0.993784
0.993799
0.993814
0.99383
0.993845
0.99386
0.993876
0.993891
0.993906
0.993921
0.993937
0.993952
0.993967
0.993982
0.993998
0.994013
0.994036
0.994043
0.994059
0.994074
0.994089
0.994112
0.99412
0.994135
0.994147
0.994155
0.994166
0.99417
0.994178
0.994189
0.994197
0.994205
0.994212
0.994216
0.994227
0.994235
0.994243
0.99425
0.994258
0.994266
0.994273
0.994281
0.994288
0.994296
0.994304
0.994311
0.994319
0.994327
0.994334
0.994342
0.994349
0.994357
0.994365
0.994372
0.99438
0.994388
0.994395
0.994403
0.994411
0.994418
0.99443
0.994437
0.994445
0.994452
0.99446
0.994468
0.994475
0.994483
0.994491
0.994498
0.994506
0.994514
0.994521
0.994529
0.994536
0.994544
0.994552
0.994559
0.994567
0.994575
0.994586
0.994594
0.994597
0.994605
0.994613
0.994624
0.994632
0.994639
0.994647
0.994655
0.994662
0.99467
0.994678
0.994689
0.994697
0.994704
0.994716
0.994731
0.994746
0.994761
0.994777
0.994792
0.994807
0.994823
0.994845
0.994861
0.994876
0.994891
0.994906
0.994922
0.994937
0.994952
0.994975
0.994983
0.99499
0.994998
0.995006
0.995013
0.995025
0.995028
0.995036
0.995044
0.995051
0.995063
0.99507
0.995078
0.995086
0.995093
0.995101
0.995109
0.995116
0.995128
0.995135
0.995143
0.995151
0.995158
0.995166
0.995173
0.995181
0.995189
0.995196
0.995204
0.995215
0.995223
0.995231
0.995238
0.995246
0.995254
0.995261
0.995269
0.99528
0.995288
0.995296
0.995303
0.995311
0.995318
0.995326
0.995334
0.995341
0.995353
0.995357
0.995368
0.995376
0.995383
0.995391
0.995399
0.995406
0.995414
0.995421
0.995433
0.99544
0.995448
0.995456
0.995463
0.995471
0.995479
0.995486
0.995494
0.995502
0.995509
0.995521
0.995528
0.995536
0.995543
0.995551
0.995559
0.995566
0.995574
0.995582
0.995589
0.995597
0.995605
0.995612
0.99562
0.995627
0.995635
0.995643
0.99565
0.995658
0.995666
0.995673
0.995681
0.995688
0.995696
0.995704
0.995711
0.995719
0.995727
0.995738
0.995742
0.995753
0.995761
0.995769
0.995776
0.995784
0.995791
0.995799
0.995807
0.995814
0.995822
0.99583
0.995837
0.995845
0.995852
0.995864
0.995868
0.995875
0.995883
0.995891
0.995902
0.99591
0.995917
0.995925
0.995933
0.99594
0.995948
0.995955
0.995963
0.995971
0.995978
0.995986
0.995994
0.996001
0.996009
0.996017
0.996024
0.996032
0.996039
0.996047
0.996055
0.996062
0.99607
0.996078
0.996085
0.996093
