0
1.52588e-05
3.05177e-05
4.57761e-05
6.10349e-05
7.72476e-05
0.000119924
0.000282764
0.000733137
0.00168848
0.00339079
0.0060842
0.0100052
0.0153751
0.0223927
0.0312302
0.0420277
0.0548911
0.0782011
0.0964537
0.116858
0.139363
0.163888
0.190331
0.218559
0.248417
0.279741
0.312362
0.346106
0.380804
0.434267
0.470611
0.507329
0.544264
0.581264
0.618185
0.654883
0.69121
0.727023
0.762195
0.79661
0.813502
0.862773
0.894343
0.9248
0.954077
0.982111
1.00886
1.0343
1.05839
1.08106
1.1023
1.1314
1.14892
1.16494
1.17944
1.19243
1.20392
1.21836
1.22613
1.23244
1.23732
1.24082
1.24298
1.24385
1.24349
1.24193
1.23925
1.2355
1.22802
1.2219
1.21494
1.20723
1.20311
1.18981
1.18024
1.17021
1.15977
1.149
1.13797
1.12104
1.11533
1.10385
1.08659
1.07514
1.06379
1.05259
1.04158
1.0308
1.0203
1.01012
1.00028
0.99083
0.981784
0.973164
0.964988
0.95727
0.950019
0.943242
0.936943
0.931124
0.925786
0.920924
0.916538
0.912621
0.909166
0.906167
0.903614
0.901496
0.899803
0.898523
0.89764
0.897143
0.897015
0.897241
0.897804
0.898686
0.89987
0.901338
0.904032
0.906127
0.908441
0.910953
0.913644
0.916495
0.919486
0.922596
0.925806
0.929096
0.932447
0.937549
0.940973
0.942686
0.9461
0.949486
0.954475
0.956108
0.960887
0.963964
0.966942
0.969817
0.972582
0.97523
0.977759
0.980164
0.982442
0.984593
0.986617
0.988514
0.990286
0.991934
0.993461
0.994869
0.996161
0.997338
0.998405
0.999363
1.00022
1.00097
1.00161
1.00217
1.00262
1.00299
1.00327
1.00346
1.00357
1.00358
1.0035
1.00334
1.00311
1.00282
1.00247
1.00227
1.00159
1.00134
1.0005
0.999881
0.999219
0.998149
0.997773
0.996594
0.995768
0.994912
0.99403
0.993125
0.992199
0.991255
0.990294
0.989321
0.988336
0.986843
0.985842
0.984839
0.983835
0.982835
0.981839
0.980853
0.979877
0.978917
0.977975
0.9766
0.975713
0.974853
0.97402
0.973217
0.972447
0.971712
0.971015
0.970359
0.969744
0.969172
0.968644
0.968159
0.967718
0.96732
0.966964
0.966509
0.966378
0.966146
0.965871
0.965798
0.965637
0.965575
0.965548
0.965556
0.965597
0.96567
0.965773
0.965904
0.966063
0.966246
0.966451
0.966676
0.96692
0.967316
0.967596
0.967888
0.968189
0.968498
0.968813
0.969294
0.969617
0.969941
0.970264
0.970585
0.970904
0.971218
0.971527
0.971979
0.972271
0.972555
0.972831
0.973097
0.973354
0.973602
0.973839
0.974065
0.97428
0.974485
0.974678
0.974861
0.975032
0.975193
0.975413
0.975482
0.975672
0.97573
0.975838
0.975937
0.976027
0.976144
0.976211
0.976269
0.976318
0.97636
0.976395
0.976422
0.976442
0.976456
0.976463
0.976465
0.976457
0.976445
0.976429
0.976409
0.976386
0.976358
0.976328
0.976295
0.976259
0.976222
0.976183
0.976143
0.976101
0.976059
0.975996
0.975975
0.975933
0.97587
0.975849
0.975789
0.97575
0.975713
0.975677
0.975627
0.975596
0.975567
0.975541
0.975517
0.975496
0.975477
0.975461
0.975449
0.975439
0.975432
0.975428
0.975428
0.975432
0.975438
0.975448
0.975468
0.975476
0.975504
0.975527
0.975551
0.975579
0.975609
0.975641
0.975675
0.975712
0.975751
0.975792
0.975834
0.975879
0.975925
0.975997
0.976047
0.976098
0.976177
0.976231
0.976286
0.976341
0.976398
0.976455
0.976512
0.97657
0.976627
0.976684
0.976741
0.976799
0.976884
0.976913
0.97697
0.977056
0.977113
0.977141
0.977224
0.977252
0.977335
0.977389
0.977442
0.977495
0.977547
0.977624
0.97765
0.977724
0.977773
0.977821
0.977868
0.977914
0.97796
0.978004
0.978047
0.97809
0.978153
0.978194
0.978234
0.978273
0.978312
0.978369
0.978405
0.978441
0.978477
0.978511
0.978545
0.978579
0.978611
0.978644
0.978675
0.978706
0.978751
0.978781
0.97881
0.978838
0.978867
0.978896
0.978924
0.978951
0.978978
0.979004
0.979031
0.979058
0.979084
0.979111
0.979138
0.979165
0.979191
0.979231
0.979245
0.979285
0.979298
0.979338
0.979352
0.979392
0.979418
0.979432
0.979472
0.979498
0.979525
0.979552
0.979578
0.979605
0.979632
0.979659
0.979688
0.979717
0.979745
0.979774
0.979802
0.979845
0.979874
0.979903
0.979934
0.979964
0.979995
0.980025
0.980056
0.980086
0.980117
0.980147
0.980178
0.980208
0.980239
0.980269
0.9803
0.980331
0.980363
0.980396
0.980444
0.98046
0.980493
0.980541
0.980558
0.98059
0.980639
0.980671
0.980704
0.98072
0.980752
0.980785
0.980833
0.98085
0.980898
0.980931
0.980963
0.980995
0.981028
0.98106
0.981091
0.981122
0.981152
0.981183
0.981213
0.981244
0.981274
0.981305
0.981335
0.981366
0.981396
0.981427
0.981457
0.981488
0.981519
0.981549
0.98158
0.981625
0.981641
0.981671
0.981717
0.981732
0.981778
0.981808
0.981839
0.981869
0.9819
0.98193
0.981976
0.981992
0.982037
0.982068
0.982098
0.982129
0.982159
0.98219
0.98222
0.982251
0.98228
0.982309
0.982338
0.982366
0.982395
0.982424
0.982452
0.982481
0.982509
0.982538
0.982567
0.982595
0.982624
0.982667
0.982695
0.982724
0.982753
0.982781
0.98281
0.982838
0.982881
0.982896
0.982924
0.982967
0.982981
0.983024
0.983053
0.983082
0.983096
0.983139
0.983167
0.983196
0.983225
0.983253
0.983282
0.98331
0.983339
0.983368
0.983396
0.983425
0.983454
0.983482
0.983511
0.983539
0.983568
0.983595
0.983622
0.983662
0.983688
0.983715
0.983742
0.983768
0.983795
0.983822
0.983849
0.983875
0.983902
0.983929
0.983955
0.983982
0.984009
0.984049
0.984076
0.984102
0.984129
0.984156
0.984182
0.984209
0.984236
0.984262
0.984289
0.984329
0.984356
0.984383
0.984409
0.984436
0.984463
0.984489
0.984516
0.984543
0.98457
0.984596
0.984623
0.98465
0.98469
0.984716
0.984743
0.98477
0.984797
0.984823
0.98485
0.984877
0.984903
0.98493
0.984957
0.984983
0.98501
0.985037
0.985077
0.98509
0.98513
0.985157
0.985184
0.98521
0.985237
0.985264
0.985291
0.985315
0.98534
0.985365
0.98539
0.985415
0.985439
0.985464
0.985489
0.985514
0.985538
0.985563
0.985588
0.985613
0.985638
0.985662
0.9857
0.985712
0.985749
0.985762
0.985799
0.985824
0.985848
0.985873
0.985898
0.985923
0.985948
0.985972
0.985997
0.986022
0.986047
0.986072
0.986096
0.986121
0.986146
0.986171
0.986196
0.98622
0.986245
0.986269
0.986304
0.986315
0.986338
0.986361
0.986384
0.986407
0.986441
0.986464
0.986487
0.98651
0.986532
0.986544
0.986578
0.986601
0.986624
0.986647
0.98667
0.986693
0.986716
0.986738
0.986761
0.986784
0.986807
0.98683
0.986864
0.986876
0.986899
0.986933
0.986956
0.986967
0.987002
0.987025
0.987047
0.98707
0.987093
0.987116
0.987139
0.987162
0.987185
0.987208
0.987231
0.987253
0.987276
0.987299
0.987322
0.987345
0.987368
0.987391
0.987414
0.987437
0.987459
0.987482
0.987517
0.98754
0.987562
0.987585
0.987608
0.987631
0.987654
0.987677
0.987698
0.987719
0.98774
0.987761
0.987782
0.987813
0.987834
0.987855
0.987876
0.987897
0.987918
0.987939
0.98796
0.987981
0.988002
0.988023
0.988054
0.988065
0.988086
0.988107
0.988128
0.988159
0.98818
0.988191
0.988222
0.988233
0.988264
0.988285
0.988306
0.988327
0.988358
0.988379
0.9884
0.988421
0.988442
0.988463
0.988484
0.988505
0.988526
0.988547
0.988579
0.9886
0.988621
0.98864
0.988659
0.988678
0.988697
0.988716
0.988735
0.988754
0.988773
0.988792
0.988821
0.98884
0.988859
0.988878
0.988897
0.988916
0.988935
0.988955
0.988974
0.988993
0.989012
0.989031
0.989059
0.989069
0.989098
0.989107
0.989136
0.989155
0.989174
0.989193
0.989202
0.989231
0.98925
0.989269
0.989288
0.989307
0.989326
0.989346
0.989365
0.989393
0.989403
0.989431
0.98945
0.98947
0.989489
0.989508
0.989527
0.989546
0.989565
0.989584
0.989603
0.989622
0.989641
0.98966
0.989679
0.989708
0.989727
0.989746
0.989765
0.989784
0.989803
0.989822
0.989841
0.989861
0.989889
0.989908
0.989927
0.989946
0.989965
0.989985
0.990004
0.990023
0.990042
0.990061
0.99008
0.990097
0.990114
0.990132
0.990149
0.990166
0.990183
0.9902
0.990217
0.990235
0.990252
0.990269
0.990286
0.990312
0.990329
0.990338
0.990363
0.990381
0.990398
0.990415
0.990423
0.990449
0.990466
0.990484
0.990501
0.990518
0.990535
0.990552
0.990569
0.990587
0.990604
0.990621
0.990647
0.990655
0.990672
0.990698
0.990715
0.990732
0.99075
0.990767
0.990784
0.990801
0.990818
0.990835
0.990853
0.99087
0.990887
0.990904
0.990921
0.990938
0.990956
0.990973
0.99099
0.991007
0.991024
0.991041
0.991059
0.991084
0.991093
0.991119
0.991127
0.991144
0.991159
0.991182
0.991189
0.991212
0.99122
0.991235
0.991258
0.991273
0.991289
0.991304
0.991319
0.991334
0.99135
0.991365
0.991388
0.991403
0.991418
0.991434
0.991449
0.991464
0.991479
0.991495
0.99151
0.991525
0.99154
0.991556
0.991571
0.991586
0.991601
0.991617
0.991632
0.991647
0.991663
0.991678
0.991693
0.991708
0.991724
0.991746
0.991754
0.991769
0.991792
0.9918
0.991823
0.991838
0.991853
0.991868
0.991884
0.991899
0.991914
0.99193
0.991945
0.99196
0.991975
0.991998
0.992013
0.992029
0.992044
0.992059
0.992074
0.99209
0.992105
0.99212
0.992136
0.992151
0.992166
0.992181
0.992197
0.992212
0.992227
0.99225
0.992258
0.99228
0.992296
0.992311
0.992326
0.992339
0.992352
0.992366
0.992379
0.992392
0.992406
0.992419
0.992432
0.992446
0.992459
0.992472
0.992486
0.992499
0.992512
0.992526
0.992539
0.992553
0.992573
0.992579
0.992599
0.992613
0.992626
0.992639
0.992653
0.992666
0.992679
0.992693
0.992706
0.992719
0.992739
0.992753
0.992766
0.992779
0.992793
0.992806
