0
7.62924e-06
1.52588e-05
4.57765e-05
6.19888e-05
0.000103951
0.000266552
0.000715733
0.00167036
0.00337172
0.0060668
0.00999403
0.0153832
0.0224485
0.0313864
0.0423746
0.0555692
0.0710969
0.0890532
0.109498
0.144865
0.157896
0.185777
0.216004
0.248456
0.300972
0.338275
0.377187
0.417519
0.459074
0.501647
0.545012
0.588939
0.633199
0.677576
0.721864
0.765867
0.809402
0.852292
0.915054
0.955616
0.975455
1.033
1.06955
1.1045
1.13773
1.16913
1.19862
1.22611
1.25153
1.27483
1.29595
1.31486
1.33154
1.34596
1.35814
1.36808
1.37581
1.38136
1.38478
1.3861
1.3854
1.38274
1.3782
1.36803
1.35915
1.34869
1.33676
1.31634
1.30891
1.2932
1.27647
1.2497
1.23093
1.21156
1.1917
1.17147
1.15097
1.13034
1.10968
1.08912
1.06876
1.04868
1.01927
1.00024
0.990922
0.972719
0.955142
0.930072
0.922088
0.899358
0.88528
0.8721
0.859842
0.848534
0.833399
0.824562
0.816748
0.809969
0.804228
0.799524
0.795858
0.793229
0.791629
0.791041
0.791441
0.792794
0.795062
0.798203
0.804445
0.806911
0.815368
0.821825
0.828875
0.836461
0.844529
0.853019
0.861874
0.871036
0.880446
0.890046
0.899782
0.909601
0.91945
0.934173
0.943884
0.953462
0.962865
0.972055
0.980995
0.989644
0.997961
1.00591
1.01347
1.0206
1.0273
1.03354
1.03932
1.04461
1.04943
1.05375
1.05758
1.06093
1.06378
1.06615
1.06803
1.06944
1.07039
1.07088
1.07092
1.07054
1.06974
1.0678
1.06697
1.06503
1.06275
1.05873
1.05725
1.05239
1.04885
1.04509
1.04114
1.03702
1.03276
1.02839
1.02393
1.01941
1.01486
1.01029
1.00572
1.00119
0.996693
0.990077
0.985775
0.981582
0.977513
0.973586
0.969815
0.966215
0.962801
0.958062
0.95517
0.952503
0.950066
0.947864
0.9459
0.944177
0.942697
0.94094
0.940072
0.939443
0.939049
0.938883
0.93894
0.939211
0.939691
0.940371
0.941242
0.942295
0.944191
0.944902
0.947251
0.948982
0.95083
0.952781
0.954823
0.956941
0.959121
0.961346
0.963601
0.965871
0.968142
0.970399
0.972629
0.97482
0.976962
0.980062
0.982043
0.983948
0.98577
0.987507
0.989153
0.990707
0.992168
0.993532
0.994798
0.995968
0.997041
0.99802
0.998903
0.999694
1.00039
1.00128
1.00176
1.00216
1.00248
1.00272
1.00288
1.00296
1.00298
1.00292
1.00279
1.00248
1.00219
1.00203
1.00165
1.00099
1.00049
0.999933
0.999335
0.998696
0.998017
0.997301
0.996551
0.995771
0.99496
0.994124
0.993264
0.992382
0.991481
0.990563
0.989633
0.988217
0.987741
0.986307
0.985828
0.984392
0.983439
0.982495
0.981562
0.980644
0.979743
0.978866
0.978013
0.977191
0.976401
0.975647
0.974931
0.974256
0.973625
0.973039
0.972255
0.971799
0.971592
0.971222
0.970776
0.970658
0.9704
0.970307
0.970277
0.970307
0.970396
0.970541
0.970739
0.970987
0.97128
0.971797
0.971987
0.972393
0.973053
0.973523
0.974009
0.97451
0.975021
0.975539
0.97606
0.976581
0.977098
0.977609
0.978112
0.978603
0.979082
0.979546
0.979993
0.980423
0.980834
0.981225
0.981596
0.981945
0.982427
0.982577
0.982992
0.983241
0.983467
0.983572
0.98385
0.984008
0.984144
0.984257
0.98435
0.984421
0.984472
0.984505
0.984519
0.984515
0.984494
0.984456
0.984402
0.984334
0.984251
0.984156
0.984047
0.983927
0.983796
0.983654
0.983503
0.983343
0.983176
0.983002
0.982821
0.982636
0.982447
0.982254
0.982059
0.981863
0.981665
0.981466
0.981272
0.981077
0.980886
0.980606
0.980514
0.980335
0.980161
0.979994
0.979755
0.979679
0.979464
0.979396
0.979206
0.979091
0.978986
0.978891
0.978807
0.978733
0.978668
0.978614
0.978572
0.978539
0.978518
0.978507
0.978507
0.978516
0.978536
0.978564
0.978602
0.978649
0.978704
0.978768
0.97884
0.97896
0.979003
0.979095
0.979193
0.979349
0.979459
0.979573
0.979631
0.979812
0.979935
0.980061
0.980187
0.980317
0.980447
0.980577
0.980706
0.980836
0.980962
0.981088
0.981213
0.981335
0.981455
0.981574
0.981688
0.9818
0.981909
0.982015
0.982118
0.982216
0.982311
0.982402
0.98249
0.982573
0.982652
0.982728
0.982799
0.982865
0.982958
0.982987
0.983067
0.983092
0.983138
0.983181
0.983219
0.983268
0.983284
0.983322
0.983343
0.983361
0.983376
0.983387
0.983396
0.983401
0.983405
0.983405
0.983401
0.983396
0.983388
0.98338
0.983369
0.983357
0.983346
0.98333
0.983315
0.9833
0.983284
0.983269
0.983254
0.983239
0.983223
0.983208
0.983185
0.98317
0.983155
0.983141
0.98313
0.983118
0.983107
0.983099
0.983091
0.983084
0.98308
0.983076
0.983075
0.983075
0.983076
0.98308
0.983088
0.983096
0.9831
0.983112
0.98313
0.983146
0.983162
0.983181
0.9832
0.983222
0.983245
0.98327
0.983297
0.983324
0.983354
0.983399
0.983415
0.983466
0.9835
0.983534
0.983572
0.98361
0.983648
0.983686
0.983725
0.983767
0.983809
0.98385
0.983892
0.983934
0.983976
0.984018
0.98406
0.984102
0.984144
0.984186
0.984228
0.98427
0.984312
0.984354
0.984417
0.984438
0.984478
0.984516
0.984554
0.984611
0.984649
0.984668
0.984723
0.984757
0.984792
0.984826
0.98486
0.984893
0.984924
0.984954
0.984985
0.985015
0.985044
0.98507
0.985097
0.985124
0.98515
0.985175
0.985209
0.985221
0.985255
0.985278
0.985301
0.985323
0.985333
0.985352
0.985381
0.9854
0.985419
0.985428
0.985457
0.985476
0.985495
0.985514
0.985533
0.985552
0.985571
0.985587
0.985602
0.985617
0.985632
0.985648
0.985663
0.985686
0.985693
0.985709
0.985732
0.985747
0.985763
0.985773
0.985792
0.98582
0.985839
0.985858
0.985878
0.985887
0.985916
0.985935
0.985954
0.985973
0.985992
0.986011
0.98603
0.986049
0.986068
0.986087
0.986106
0.986127
0.98615
0.986173
0.986196
0.986219
0.986242
0.986265
0.986288
0.98631
0.986333
0.986356
0.986379
0.986413
0.986436
0.986459
0.986482
0.986505
0.986528
0.986551
0.986578
0.986605
0.986631
0.986658
0.986685
0.986712
0.986738
0.986765
0.986792
0.986818
0.986845
0.986872
0.986898
0.986925
0.986952
0.986992
0.987016
0.987039
0.987062
0.987084
0.987107
0.98713
0.987164
0.987187
0.98721
0.987233
0.987256
0.987279
0.987302
0.987325
0.987348
0.98737
0.987393
0.987416
0.987439
0.987462
0.987485
0.987508
0.98753
0.987549
0.987568
0.987587
0.987607
0.987626
0.987645
0.987673
0.987683
0.987702
0.987721
0.98774
0.987769
0.987778
0.987807
0.987826
0.987845
0.987864
0.987883
0.987902
0.987921
0.98794
0.987959
0.987978
0.987998
0.988017
0.988036
0.988055
0.988074
0.988093
0.988112
0.988131
0.98815
0.988179
0.988198
0.988217
0.988236
0.988255
0.988274
0.988293
0.988312
0.988331
0.98835
0.988369
0.988398
0.988408
0.988427
0.988446
0.988465
0.988493
0.988513
0.988532
0.988551
0.98857
0.988589
0.988608
0.988627
0.988646
0.988665
0.988694
0.988713
0.988722
0.988751
0.98877
0.988789
0.988808
0.988827
0.988846
0.988865
0.988884
0.988914
0.988925
0.988959
0.988971
0.988994
0.989028
0.989051
0.989073
0.989092
0.989111
0.98913
0.989149
0.989168
0.989187
0.989206
0.989225
0.989244
0.989264
0.989283
0.989302
0.989321
0.98934
0.989359
0.989378
0.989397
0.989416
0.989435
0.989454
0.989473
0.989492
0.989521
0.98954
0.98955
0.989578
0.989597
0.989616
0.989635
0.989655
0.989674
0.989693
0.989712
0.989731
0.98975
0.989779
0.989788
0.989807
0.989826
0.989845
0.989864
0.989883
0.989902
0.989922
0.989941
0.98996
0.989988
0.990007
0.990026
0.990046
0.990065
0.990084
0.990099
0.990114
0.990129
0.990145
0.99016
0.990175
0.990191
0.990206
0.990221
0.990236
0.990259
0.990274
0.99029
0.990305
0.99032
0.990335
0.990358
0.990366
0.990389
0.990404
0.990419
0.990435
0.99045
0.990465
0.99048
0.990496
0.990511
0.990526
0.990541
0.990557
0.990572
0.990587
0.990602
0.990618
0.990641
0.990656
0.990671
0.990686
0.990702
0.990717
0.990732
0.990755
0.99077
0.990786
0.990801
0.990816
0.990831
0.990847
0.990862
0.990877
0.990892
0.990908
0.990923
0.990938
0.990953
0.990969
0.990984
0.991007
0.991022
0.991037
0.991053
0.991068
0.991083
0.991101
0.99112
0.991139
0.991158
0.991177
0.991196
0.991215
0.991234
0.991253
0.991272
0.991292
0.991311
0.99133
0.991358
0.991368
0.991393
0.991401
0.991424
0.991439
0.991454
0.991469
0.991485
0.9915
0.991515
0.99153
0.991546
0.991561
0.991576
0.991591
0.991607
0.991622
0.991637
0.991652
0.991668
0.991683
0.991698
0.991721
0.991729
0.991752
0.991767
0.991782
0.991797
0.991813
0.991828
0.991843
0.991858
0.991874
0.991897
0.991912
0.991927
0.991942
0.991958
0.991973
0.991988
0.992003
0.992019
0.992034
0.992049
0.992064
0.99208
0.992095
0.99211
0.992126
0.992141
0.992156
0.992171
0.992187
0.992199
0.992211
0.992222
0.992234
0.992245
0.992257
0.992268
0.99228
0.992291
0.992302
0.992314
0.992331
0.992337
0.992348
0.99236
0.992377
0.992388
0.9924
0.992411
0.992423
0.992434
0.992445
0.992457
0.992468
0.99248
0.992491
0.992503
0.992515
0.99253
0.992546
0.992561
0.992576
0.992591
0.992607
0.99263
0.992637
0.992652
0.992675
0.992683
0.992698
0.992721
0.992736
0.992752
0.992767
0.992782
0.992797
0.992813
0.992828
0.992843
0.992858
0.992874
0.992886
0.992897
0.992908
0.99292
0.992931
0.992943
0.992954
0.992966
0.992983
0.992989
0.993
0.993011
0.993023
0.993034
0.993052
0.993057
0.993069
0.99308
0.993097
0.993109
0.99312
0.993132
0.993143
0.993155
0.993166
0.993177
0.993189
0.9932
0.993212
0.993223
0.993235
0.993246
0.993258
0.993269
0.99328
0.993292
0.993303
0.993315
0.993332
0.993343
0.993355
0.993366
