0
1.33515e-05
2.6703e-05
4.00542e-05
5.34057e-05
6.79493e-05
0.000108957
0.000270367
0.00111818
0.00241446
0.00458097
0.00786138
0.0124898
0.0186853
0.0266457
0.0422587
0.0553033
0.0705595
0.0880711
0.107843
0.129847
0.154019
0.180266
0.20847
0.238499
0.286639
0.303433
0.338019
0.392073
0.429308
0.467296
0.505846
0.544781
0.58394
0.62315
0.662234
0.701021
0.739352
0.777081
0.814071
0.850195
0.885337
0.93597
0.968198
0.983819
1.0286
1.05662
1.0831
1.10797
1.13117
1.15269
1.17252
1.19068
1.20714
1.22191
1.23501
1.24644
1.26049
1.26436
1.27091
1.2759
1.28054
1.2818
1.28191
1.28108
1.27894
1.27339
1.26823
1.26198
1.25848
1.24652
1.23746
1.2276
1.21704
1.20585
1.19411
1.18189
1.16927
1.15633
1.14314
1.12977
1.11629
1.10276
1.08926
1.07583
1.06253
1.04942
1.03654
1.02394
1.01166
0.999747
0.988233
0.977151
0.966534
0.956409
0.946799
0.937726
0.929206
0.921255
0.913884
0.907101
0.900911
0.895318
0.89032
0.885916
0.882099
0.878861
0.875072
0.874088
0.872525
0.871167
0.870968
0.871101
0.871773
0.872887
0.874419
0.876344
0.878638
0.881275
0.88423
0.887477
0.892843
0.894751
0.898726
0.902894
0.907228
0.913989
0.918631
0.923349
0.928123
0.932928
0.937741
0.942538
0.947296
0.951991
0.956601
0.96111
0.965501
0.96976
0.975879
0.977842
0.983491
0.985292
0.988765
0.993648
0.996676
0.999517
1.00217
1.00462
1.00688
1.00894
1.01079
1.01245
1.01389
1.01514
1.01619
1.01704
1.01796
1.01835
1.01856
1.01861
1.01857
1.01824
1.01784
1.01732
1.01667
1.01592
1.01507
1.01413
1.0131
1.01201
1.01084
1.00962
1.00835
1.00704
1.00568
1.0043
1.00288
1.00144
0.99925
0.998511
0.997024
0.995528
0.993276
0.992524
0.990275
0.989529
0.988043
0.985841
0.984396
0.982976
0.981586
0.980229
0.978909
0.977629
0.976394
0.975207
0.974072
0.972995
0.971976
0.971023
0.970135
0.969316
0.968569
0.967895
0.967294
0.966769
0.96632
0.965946
0.965648
0.965425
0.965277
0.9652
0.965193
0.965309
0.965465
0.965682
0.965953
0.966274
0.96664
0.967044
0.967481
0.967946
0.968432
0.968935
0.96945
0.969972
0.970498
0.971025
0.971547
0.972063
0.972569
0.973065
0.973548
0.974015
0.974467
0.974901
0.975516
0.975902
0.976266
0.976611
0.976934
0.977236
0.977516
0.977775
0.978012
0.978227
0.97842
0.978592
0.978743
0.978874
0.978985
0.979116
0.979151
0.979207
0.979259
0.979269
0.979276
0.979259
0.97923
0.979188
0.979134
0.979068
0.978991
0.978905
0.978809
0.978705
0.978594
0.978477
0.978353
0.978225
0.978092
0.977887
0.977746
0.977676
0.977464
0.977393
0.977181
0.97704
0.9769
0.976762
0.976628
0.976497
0.976369
0.976246
0.976128
0.976015
0.975906
0.975805
0.975709
0.975619
0.975536
0.97546
0.975389
0.975327
0.975271
0.975222
0.97518
0.975144
0.975116
0.975086
0.975075
0.97507
0.975072
0.97508
0.975105
0.975129
0.975158
0.975194
0.975235
0.97528
0.975331
0.975387
0.975478
0.97551
0.975578
0.975649
0.975724
0.975842
0.975882
0.976008
0.976095
0.976182
0.976272
0.976364
0.976455
0.976547
0.976638
0.97673
0.976821
0.976959
0.97705
0.977096
0.977233
0.977279
0.97741
0.977498
0.97754
0.977624
0.977748
0.977828
0.977906
0.977944
0.978055
0.978128
0.978197
0.978264
0.978329
0.978392
0.978453
0.97854
0.978596
0.978649
0.978701
0.97875
0.978821
0.978844
0.978887
0.97895
0.978969
0.979025
0.97906
0.979077
0.979125
0.979155
0.979183
0.97921
0.979237
0.979259
0.979282
0.979305
0.979326
0.979345
0.979364
0.979393
0.979409
0.979424
0.97944
0.979455
0.97947
0.979486
0.979501
0.979516
0.979531
0.979554
0.979569
0.979585
0.9796
0.979615
0.97963
0.979653
0.979661
0.979684
0.9797
0.979719
0.979738
0.979757
0.979776
0.979795
0.979814
0.979833
0.979856
0.97989
0.979913
0.979924
0.979947
0.97997
0.979996
0.980036
0.98005
0.98009
0.980116
0.980144
0.980174
0.980205
0.980235
0.980266
0.980296
0.980327
0.980357
0.980389
0.980423
0.980457
0.980492
0.980526
0.98056
0.980595
0.980629
0.980663
0.980698
0.980732
0.980766
0.980801
0.980835
0.980869
0.980906
0.980944
0.980982
0.98102
0.981059
0.981097
0.981154
0.981192
0.98123
0.981268
0.981307
0.981345
0.981383
0.981419
0.981453
0.981488
0.981522
0.981556
0.981591
0.981625
0.981659
0.981694
0.981728
0.981762
0.981797
0.981831
0.981862
0.981892
0.981938
0.981953
0.981999
0.982014
0.98206
0.982075
0.982106
0.982136
0.982167
0.982213
0.982228
0.982274
0.982302
0.982328
0.982355
0.982382
0.982409
0.982435
0.982462
0.982489
0.982515
0.982542
0.982569
0.982595
0.982622
0.982662
0.982676
0.982702
0.982742
0.982769
0.982796
0.982822
0.982849
0.982876
0.982903
0.982929
0.982956
0.982983
0.983009
0.983036
0.983076
0.983089
0.98313
0.983143
0.98317
0.98321
0.983223
0.98325
0.98329
0.983316
0.983343
0.98337
0.983397
0.983423
0.98345
0.983477
0.983503
0.98353
0.983557
0.983583
0.98361
0.983637
0.983664
0.98369
0.983717
0.983744
0.98377
0.983797
0.983824
0.98385
0.983877
0.983904
0.983931
0.983958
0.983989
0.984019
0.984065
0.98408
0.984111
0.984141
0.984172
0.984218
0.984248
0.984279
0.984309
0.98434
0.984355
0.984401
0.984431
0.984462
0.984492
0.984523
0.984553
0.984581
0.984608
0.984635
0.984662
0.984688
0.984715
0.984742
0.984768
0.984795
0.984822
0.984862
0.984875
0.984902
0.984942
0.984969
0.984995
0.985022
0.985035
0.985075
0.985102
0.985129
0.985156
0.985182
0.985209
0.985236
0.985262
0.985289
0.985316
0.985343
0.985369
0.985396
0.985423
0.985448
0.985471
0.985494
0.985517
0.985539
0.985562
0.985597
0.98562
0.985642
0.985665
0.985688
0.985711
0.985745
0.985757
0.985791
0.985803
0.985837
0.985848
0.985871
0.985906
0.985917
0.985951
0.985963
0.985997
0.986009
0.986043
0.986066
0.986077
0.986112
0.986135
0.986157
0.98618
0.986203
0.986226
0.986249
0.986283
0.986306
0.986329
0.986352
0.986379
0.986405
0.986432
0.986459
0.986485
0.986512
0.986539
0.986579
0.986606
0.986632
0.986659
0.986686
0.986712
0.986739
0.986763
0.986798
0.986809
0.986844
0.986866
0.986889
0.986912
0.986935
0.986958
0.986981
0.987004
0.987038
0.987061
0.987084
0.987107
0.98713
0.987153
0.987175
0.987198
0.987221
0.987244
0.987267
0.98729
0.987313
0.987336
0.987359
0.987381
0.987404
0.987427
0.98745
0.987473
0.987496
0.98753
0.987553
0.987576
0.987599
0.987622
0.987645
0.987668
0.987702
0.987725
0.987748
0.987771
0.987793
0.987816
0.987839
0.987862
0.987885
0.987908
0.987931
0.987954
0.987977
0.987999
0.988022
0.988042
0.988071
0.988081
0.9881
0.988128
0.988138
0.988157
0.988185
0.988204
0.988224
0.988243
0.988262
0.988281
0.9883
0.988319
0.988338
0.988367
0.988386
0.988405
0.988424
0.988443
0.988462
0.988481
0.98851
0.988529
0.988548
0.988567
0.988586
0.988605
0.988624
0.988643
0.988672
0.988691
0.9887
0.988729
0.988739
0.988767
0.988777
0.988796
0.988824
0.988834
0.988863
0.988882
0.988901
0.98892
0.988939
0.988948
0.98897
0.989005
0.989028
0.98905
0.989073
0.989096
0.989119
0.989142
0.989165
0.989188
0.989211
0.989233
0.989255
0.989275
0.989294
0.989313
0.989332
0.989351
0.98937
0.989389
0.989408
0.989427
0.989446
0.989465
0.989484
0.989503
0.989532
0.989551
0.98957
0.989589
0.989608
0.989637
0.989656
0.989675
0.989694
0.989713
0.989732
0.989751
0.98977
0.989789
0.989809
0.989828
0.989847
0.989866
0.989885
0.989904
0.989923
0.989952
0.989961
0.98998
0.989999
0.990028
0.990037
0.990057
0.990085
0.990104
0.990123
0.990142
0.990161
0.99018
0.9902
0.990219
0.990238
0.990257
0.990276
0.990295
0.990314
0.990333
0.990352
0.990371
0.99039
0.990409
0.990428
0.990448
0.990467
0.990486
0.990505
0.990521
0.990536
0.990551
0.990574
0.99059
0.990597
0.990613
0.990635
0.990651
0.990666
0.990681
0.990696
0.990712
0.990727
0.990742
0.990757
0.990773
0.990788
0.990803
0.990819
0.990834
0.990849
0.990864
0.99088
0.990895
0.99091
0.990925
0.990941
0.990956
0.990971
0.990986
0.991002
0.991024
0.991032
0.991047
0.99107
0.991086
0.991101
0.991116
0.991131
0.991139
0.991162
0.991177
0.991192
0.991208
0.991223
0.991238
0.991253
0.991269
0.991284
0.991299
0.991314
0.991331
0.99135
0.991378
0.991388
0.991407
0.991436
0.991445
0.991464
0.991483
0.991512
0.991531
0.99155
0.991569
0.991586
0.991601
0.991616
0.991632
0.991647
0.991662
0.991677
0.9917
0.991708
0.991723
0.991738
0.991761
0.991776
0.991792
0.991807
0.991822
0.991838
0.991853
0.991868
0.991883
0.991899
0.991914
0.991929
0.991944
0.99196
0.991975
0.99199
0.992005
0.992028
0.992043
0.992059
0.992074
0.992089
0.992105
0.99212
0.992135
0.99215
0.992166
0.992181
0.992196
0.992211
0.992227
0.992242
0.992257
0.992272
0.992288
0.992303
0.992318
0.992333
0.992349
0.992364
0.992379
0.992394
0.99241
0.992425
0.99244
0.992455
0.992471
0.992486
0.992501
0.992517
0.992532
0.992547
0.992562
0.992585
0.992593
0.992616
0.992631
0.992639
0.992661
0.992669
0.992684
0.992706
0.992712
0.992729
0.992741
0.992746
0.992764
0.992775
0.992786
0.992798
0.992809
0.992821
0.992832
0.992844
0.992861
0.992872
0.992884
0.992895
0.992907
0.992918
0.992929
0.992941
0.992952
0.992964
0.992981
0.992992
0.993004
0.993015
0.993027
0.993044
0.993055
0.993067
0.993078
0.99309
0.993101
0.993113
0.993124
0.993135
0.993147
0.993164
0.993176
0.993187
0.993198
0.99321
0.993221
