0
1.52588e-05
3.05177e-05
4.57765e-05
6.10353e-05
7.7248e-05
0.000119686
0.000458718
0.00113201
0.00242949
0.00459766
0.00787926
0.0154018
0.0224681
0.0266919
0.0366349
0.0555911
0.0711265
0.0891032
0.109588
0.132616
0.158182
0.201195
0.216734
0.26675
0.284493
0.340649
0.360266
0.421443
0.442519
0.507421
0.551818
0.59687
0.64237
0.688116
0.73391
0.779555
0.824842
0.869568
0.913538
0.956568
0.998479
1.03911
1.0973
1.11588
1.16899
1.20202
1.23302
1.26189
1.28855
1.31294
1.33506
1.35487
1.37237
1.38756
1.40041
1.41094
1.41915
1.42713
1.42962
1.42987
1.42918
1.42619
1.41781
1.40976
1.39982
1.38809
1.37468
1.36738
1.34329
1.32555
1.30662
1.28664
1.26573
1.24404
1.22167
1.19877
1.17546
1.15188
1.12815
1.10439
1.08071
1.05724
1.03407
1.01131
0.989062
0.967406
0.946435
0.926233
0.906874
0.879568
0.870959
0.854523
0.839175
0.824958
0.805837
0.794611
0.78463
0.780111
0.768445
0.762248
0.757314
0.753643
0.751215
0.750009
0.749994
0.751136
0.753395
0.756728
0.761085
0.766417
0.772669
0.779784
0.787705
0.796374
0.805725
0.815695
0.82622
0.837234
0.84867
0.860464
0.872546
0.884854
0.897319
0.909879
0.922471
0.93503
0.953678
0.959814
0.977894
0.989607
1.00099
1.012
1.02259
1.0327
1.04231
1.05136
1.05983
1.06768
1.07489
1.08144
1.08732
1.0925
1.09899
1.10245
1.10523
1.10732
1.10874
1.1095
1.10962
1.1091
1.10795
1.10621
1.10252
1.09939
1.09575
1.09164
1.0871
1.08215
1.07685
1.07122
1.06531
1.05601
1.05281
1.04629
1.03965
1.03293
1.02617
1.01602
1.01266
1.00598
0.9994
0.989759
0.98353
0.97749
0.971663
0.966071
0.960729
0.955664
0.950895
0.94644
0.942316
0.93853
0.935096
0.932018
0.9293
0.926942
0.924945
0.923308
0.922025
0.921093
0.920503
0.92025
0.920325
0.920717
0.921415
0.922408
0.923682
0.925223
0.927016
0.929047
0.931299
0.935054
0.937785
0.940675
0.942174
0.946865
0.950125
0.951788
0.956875
0.960323
0.96379
0.967259
0.97071
0.974127
0.977495
0.980796
0.984018
0.987148
0.990175
0.993089
0.995882
0.99855
1.0023
1.00349
1.00574
1.00786
1.01075
1.01248
1.01406
1.01548
1.01673
1.01782
1.01873
1.01948
1.02006
1.02047
1.02071
1.02075
1.02068
1.02025
1.01978
1.01917
1.01843
1.01757
1.01661
1.01554
1.01438
1.01314
1.01115
1.01045
1.00829
1.0068
1.00604
1.0037
1.00212
1.00052
0.998905
0.997287
0.99567
0.994052
0.992443
0.990846
0.989266
0.987707
0.986171
0.984664
0.983191
0.981754
0.980356
0.978343
0.977065
0.97584
0.974677
0.973583
0.972079
0.971617
0.970359
0.969985
0.969004
0.968471
0.968037
0.967703
0.96747
0.967335
0.967298
0.967355
0.967504
0.967741
0.968065
0.968469
0.968953
0.96951
0.970136
0.970827
0.97157
0.972363
0.973197
0.974505
0.975405
0.976319
0.977242
0.978165
0.979083
0.979989
0.980879
0.982172
0.98259
0.983798
0.984561
0.984931
0.985981
0.986632
0.987242
0.987811
0.988337
0.988821
0.989263
0.989851
0.990191
0.990491
0.990752
0.990973
0.991156
0.991302
0.991411
0.991483
0.99152
0.991523
0.991466
0.991431
0.991335
0.991141
0.990976
0.990784
0.990568
0.990327
0.990065
0.989782
0.98948
0.989162
0.988827
0.988478
0.988116
0.987744
0.98736
0.986969
0.986573
0.986168
0.985763
0.985351
0.984939
0.984527
0.984115
0.983711
0.983307
0.982911
0.982521
0.982138
0.981766
0.981404
0.981054
0.980716
0.980236
0.979934
0.97965
0.979382
0.979132
0.978901
0.978689
0.978497
0.978325
0.978177
0.978048
0.977942
0.977857
0.977795
0.977753
0.977731
0.97773
0.977749
0.977788
0.977847
0.977923
0.978016
0.978126
0.978252
0.978467
0.978546
0.978713
0.978891
0.979079
0.979379
0.97959
0.979807
0.98003
0.980258
0.980488
0.980725
0.980961
0.981198
0.981434
0.981671
0.981902
0.982131
0.982357
0.982578
0.982794
0.983007
0.983213
0.983412
0.983605
0.983791
0.983969
0.98414
0.984303
0.984457
0.984674
0.984743
0.984871
0.984991
0.985154
0.985251
0.985339
0.985418
0.985488
0.98555
0.985603
0.985647
0.985682
0.985709
0.985728
0.985739
0.985743
0.985739
0.985729
0.985712
0.985689
0.985658
0.985623
0.985584
0.985515
0.985489
0.985436
0.98538
0.985319
0.985225
0.985157
0.985088
0.985019
0.984951
0.984882
0.984813
0.984745
0.984676
0.984607
0.984539
0.98447
0.984401
0.984334
0.984273
0.984212
0.984151
0.984098
0.984045
0.983994
0.983948
0.983902
0.983864
0.983826
0.983795
0.983764
0.98374
0.983717
0.983702
0.983688
0.983676
0.983675
0.983675
0.98368
0.983688
0.983702
0.983717
0.983739
0.983776
0.983806
0.983821
0.983856
0.983894
0.983932
0.984001
0.984046
0.984096
0.984149
0.984203
0.984256
0.984314
0.984375
0.984437
0.984498
0.984559
0.98462
0.984681
0.984742
0.984803
0.984864
0.984925
0.984986
0.985077
0.985138
0.985199
0.98526
0.985322
0.985383
0.985444
0.985505
0.985563
0.985616
0.98567
0.985723
0.985776
0.98583
0.985876
0.985921
0.985967
0.986013
0.986055
0.986093
0.986131
0.986169
0.986207
0.986238
0.986269
0.986314
0.986345
0.986369
0.986392
0.986414
0.986437
0.98646
0.986477
0.986493
0.986508
0.986523
0.986546
0.986561
0.986565
0.986577
0.986584
0.986592
0.986599
0.986607
0.986615
0.986626
0.986634
0.986641
0.986649
0.986657
0.986662
0.986662
0.986662
0.986662
0.986662
0.986662
0.986667
0.986675
0.986682
0.98669
0.986701
0.986705
0.986713
0.986721
0.986732
0.98674
0.986747
0.986751
0.986763
0.98677
0.986778
0.986785
0.98679
0.986813
0.986828
0.986844
0.986859
0.986874
0.986889
0.986912
0.986928
0.986943
0.986958
0.986977
0.987
0.987023
0.987046
0.987069
0.987092
0.987114
0.987137
0.98716
0.987183
0.987206
0.98724
0.987252
0.987275
0.987309
0.987332
0.987355
0.987384
0.987415
0.987445
0.987476
0.987506
0.987537
0.987567
0.987598
0.987628
0.987659
0.987689
0.98772
0.987751
0.987781
0.987812
0.987842
0.987873
0.987902
0.987925
0.987948
0.987982
0.987994
0.988028
0.988051
0.988074
0.988097
0.98812
0.988142
0.988165
0.988188
0.988211
0.988234
0.988257
0.98828
0.988303
0.988326
0.988348
0.988371
0.988394
0.988417
0.988436
0.988451
0.988467
0.98849
0.988497
0.988513
0.988528
0.988543
0.988566
0.988574
0.988589
0.988612
0.988627
0.988642
0.988657
0.988673
0.988688
0.988703
0.988719
0.988734
0.988749
0.988764
0.98878
0.988795
0.98881
0.988825
0.988841
0.988856
0.988871
0.988886
0.988902
0.988917
0.988932
0.988955
0.98897
0.988986
0.989001
0.989016
0.989031
0.989047
0.989062
0.989077
0.9891
0.989115
0.98913
0.989146
0.989161
0.989176
0.989192
0.989207
0.989222
0.989237
0.989253
0.989268
0.989291
0.989314
0.989336
0.989359
0.989382
0.989405
0.989428
0.989451
0.989474
0.989497
0.98952
0.989542
0.989577
0.9896
0.989623
0.989645
0.989668
0.989691
0.989714
0.989737
0.98976
0.989783
0.989805
0.98982
0.989835
0.989851
0.989866
0.989881
0.989896
0.989912
0.989927
0.989942
0.989965
0.989973
0.989988
0.990003
0.990018
0.990041
0.990057
0.990072
0.990087
0.990102
0.990118
0.990133
0.990148
0.990163
0.990179
0.990201
0.990217
0.990224
0.990247
0.990255
0.990278
0.990293
0.990308
0.990324
0.990339
0.990354
0.990369
0.990385
0.9904
0.990415
0.99043
0.990446
0.990461
0.990476
0.990491
0.990507
0.990522
0.990537
0.990552
0.990568
0.990583
0.990598
0.990613
0.990629
0.990652
0.990659
0.990674
0.99069
0.990705
0.990728
0.990736
0.990751
0.990766
0.990789
0.990804
0.990819
0.990827
0.990842
0.990865
0.99088
0.990896
0.990911
0.990926
0.990942
0.990964
0.99098
0.990995
0.99101
0.991025
0.991041
0.991056
0.991071
0.991086
0.991109
0.991117
0.991132
0.991148
0.99117
0.991186
0.991201
0.991216
0.991231
0.991247
0.991262
0.991277
0.991292
0.991308
0.991331
0.991346
0.991361
0.991376
0.991392
0.991407
0.991422
0.991437
0.991453
0.991468
0.991483
0.991498
0.991514
0.991529
0.991544
0.99156
0.991575
0.99159
0.991605
0.991621
0.991643
0.991651
0.991666
0.991682
0.991697
0.99172
0.991735
0.99175
0.991765
0.991781
0.991796
0.991811
0.991827
0.991842
0.991857
0.991872
0.991888
0.991903
0.991918
0.991933
0.991949
0.991964
0.991979
0.992002
0.99201
0.992033
0.992048
0.992063
0.992078
0.992094
0.992109
0.992124
0.992139
0.992155
0.99217
0.992185
0.9922
0.992216
0.992231
0.992246
0.992261
0.992277
0.992292
0.992307
0.992322
0.992338
0.992353
0.992368
0.992383
0.992399
0.992414
0.992429
0.992445
0.99246
0.992475
0.99249
0.992506
0.992521
0.992536
0.992559
0.992574
0.992582
0.992597
0.992612
0.992635
0.992651
0.992666
0.992681
0.992696
0.992712
0.992725
0.992733
0.99274
0.992748
0.992755
0.992763
0.992771
0.992778
0.992786
0.992794
0.992801
0.992809
0.992816
0.992824
0.992832
0.992839
0.992851
0.992858
0.992866
0.992874
0.992881
0.992889
0.992897
0.992904
0.992912
0.992919
0.992927
0.992935
0.992942
0.992958
0.992973
0.992988
0.993003
0.993019
0.993034
0.993049
0.993064
0.99308
0.993095
0.99311
0.993125
0.993141
0.993156
0.993179
0.993186
0.993202
0.993217
0.993232
0.993255
0.99327
0.993286
0.993301
0.993309
0.993324
0.993347
0.993362
0.993377
0.993392
0.993408
0.993423
0.993438
0.993454
0.993469
0.993484
0.993499
0.993515
0.99353
0.993545
0.99356
0.993573
0.99358
0.993588
0.993596
0.993603
0.993611
0.993622
0.993626
0.993634
0.993645
0.993653
0.99366
0.993664
0.993676
0.993683
0.993691
0.993699
0.993706
0.993714
0.993721
