0
1.90731e-06
1.71661e-05
2.47954e-05
4.76834e-05
6.48496e-05
0.000139236
0.000389099
0.000972748
0.00205612
0.00381851
0.00642586
0.0100231
0.0147381
0.0206833
0.0279388
0.0365582
0.0465755
0.0579967
0.0708084
0.0849743
0.100445
0.117151
0.135021
0.163813
0.184193
0.1947
0.216291
0.238565
0.273024
0.284737
0.308414
0.332352
0.356474
0.39282
0.40494
0.441175
0.465153
0.48892
0.512409
0.535564
0.558321
0.580627
0.602425
0.623669
0.644321
0.664358
0.683756
0.702497
0.720572
0.737974
0.754705
0.770765
0.786154
0.800879
0.814943
0.834826
0.841133
0.859118
0.864805
0.875725
0.890999
0.8958
0.909355
0.917698
0.925505
0.932798
0.93959
0.945911
0.951771
0.957184
0.964506
0.968884
0.972874
0.9765
0.97978
0.982733
0.985373
0.987715
0.990707
0.992386
0.993822
0.995037
0.995567
0.996885
0.997238
0.998066
0.998442
0.998693
0.998842
0.998892
0.998857
0.998749
0.998573
0.998341
0.998056
0.997728
0.99736
0.996958
0.996523
0.996059
0.995573
0.994799
0.994257
0.993696
0.99312
0.992527
0.99192
0.991301
0.990673
0.990032
0.989386
0.988729
0.988073
0.987406
0.986734
0.986063
0.985392
0.98472
0.984049
0.983377
0.982706
0.982035
0.981379
0.980722
0.98007
0.979109
0.978792
0.978167
0.977551
0.976942
0.976053
0.975473
0.974909
0.974358
0.974087
0.973295
0.973038
0.972292
0.971813
0.971581
0.970907
0.970478
0.970066
0.969671
0.969294
0.968931
0.968586
0.968256
0.968096
0.967644
0.967361
0.967094
0.966843
0.966606
0.966385
0.966177
0.965982
0.965801
0.965633
0.965479
0.965336
0.965143
0.965029
0.964924
0.964832
0.96475
0.964676
0.964615
0.964561
0.964516
0.964481
0.964451
0.964436
0.96442
0.96442
0.96442
0.964432
0.964455
0.964464
0.96451
0.96454
0.964579
0.964624
0.96467
0.964716
0.964769
0.964861
0.964891
0.964952
0.965044
0.965075
0.965179
0.965256
0.965332
0.965408
0.965485
0.965561
0.965637
0.965714
0.96579
0.965866
0.965942
0.966019
0.966095
0.966209
0.966248
0.966362
0.966438
0.966515
0.966591
0.966667
0.966743
0.96682
0.966896
0.966972
0.967049
0.967125
0.967201
0.967278
0.967354
0.96743
0.967506
0.967583
0.967659
0.967735
0.967812
0.967888
0.967964
0.96804
0.968117
0.96821
0.968241
0.968302
0.968363
0.968424
0.968485
0.968576
0.968607
0.968699
0.96876
0.968821
0.968851
0.968943
0.969004
0.969065
0.969126
0.969187
0.969248
0.969309
0.96937
0.969431
0.969492
0.969538
0.969584
0.969629
0.969675
0.969721
0.969767
0.969812
0.969858
0.969904
0.96995
0.969995
0.970041
0.970087
0.970133
0.970179
0.970224
0.970293
0.970339
0.970385
0.97043
0.970476
0.970522
0.970568
0.970613
0.970659
0.970705
0.970751
0.970797
0.970842
0.970888
0.970934
0.97098
0.971025
0.971071
0.971117
0.971163
0.971209
0.971254
0.9713
0.971346
0.971392
0.971437
0.971483
0.971529
0.971575
0.971621
0.971666
0.971735
0.971758
0.971827
0.971872
0.971918
0.971964
0.97201
0.972055
0.972101
0.972147
0.972193
0.972239
0.972284
0.97233
0.972376
0.972422
0.972467
0.972513
0.972559
0.972605
0.972651
0.972696
0.972765
0.972788
0.972857
0.972879
0.972925
0.972994
0.973017
0.973085
0.973131
0.973177
0.973223
0.973269
0.973314
0.97336
0.973406
0.973452
0.973497
0.973543
0.973589
0.973635
0.97368
0.973726
0.973772
0.973818
0.973864
0.973932
0.973955
0.974024
0.97407
0.974115
0.974161
0.974184
0.974253
0.974298
0.974344
0.97439
0.974436
0.974482
0.974527
0.974573
0.974619
0.974665
0.97471
0.974756
0.974802
0.974848
0.974894
0.974939
0.974972
0.975002
0.975033
0.975063
0.975094
0.975124
0.975155
0.975185
0.975231
0.975246
0.975292
0.975307
0.975338
0.975384
0.975399
0.975445
0.97546
0.975498
0.975567
0.975613
0.975658
0.975704
0.97575
0.975796
0.975842
0.975887
0.975933
0.975979
0.976025
0.97607
0.976116
0.976162
0.976208
0.976254
0.976299
0.976345
0.976391
0.976437
0.976482
0.976528
0.976597
0.97662
0.976665
0.976711
0.976772
0.976788
0.976833
0.976849
0.976879
0.976925
0.976955
0.976986
0.977016
0.977047
0.977077
0.977108
0.977139
0.977169
0.9772
0.97723
0.977261
0.977291
0.977322
0.977352
0.977383
0.977413
0.977444
0.977474
0.977505
0.977535
0.97757
0.977615
0.977661
0.977707
0.977753
0.977798
0.977844
0.97789
0.977936
0.977982
0.978027
0.978073
0.978142
0.978188
0.978233
0.978279
0.978325
0.978371
0.978439
0.978485
0.978531
0.978565
0.978596
0.978626
0.978657
0.978687
0.978718
0.978748
0.978779
0.978809
0.97884
0.97887
0.978901
0.978931
0.978962
0.978992
0.979023
0.979053
0.979084
0.97913
0.97916
0.979191
0.979221
0.979252
0.979267
0.979313
0.979343
0.979374
0.979404
0.979435
0.979465
0.979511
0.979542
0.979572
0.979603
0.979633
0.979664
0.979694
0.979725
0.979755
0.979786
0.979832
0.979862
0.979877
0.979923
0.979954
0.979984
0.980015
0.980045
0.980076
0.980106
0.980137
0.980167
0.980198
0.980228
0.980276
0.980322
0.980368
0.980413
0.980459
0.980505
0.980551
0.980597
0.980642
0.980688
0.980734
0.98078
0.980818
0.980848
0.980879
0.980909
0.98094
0.98097
0.981001
0.981031
0.981062
0.981092
0.981123
0.981153
0.981184
0.981215
0.98126
0.981291
0.981321
0.981352
0.981382
0.981413
0.981443
0.981474
0.98152
0.98155
0.981581
0.981611
0.981642
0.981672
0.981703
0.981733
0.981764
0.981794
0.981825
0.981855
0.981886
0.981916
0.981947
0.981977
0.982008
0.982038
0.982069
0.982115
0.98213
0.982176
0.982206
0.982222
0.982267
0.982298
0.982328
0.982359
0.982389
0.98242
0.98245
0.982481
0.982512
0.982542
0.982573
0.982603
0.982634
0.982664
0.982695
0.982725
0.982756
0.982786
0.982832
0.982862
0.982893
0.982924
0.982954
0.982985
0.983015
0.983046
0.983076
0.983107
0.983137
0.983168
0.983198
0.983229
0.983259
0.98329
0.98332
0.983351
0.983381
0.983412
0.983442
0.983473
0.983503
0.983549
0.983564
0.98361
0.983641
0.983671
0.983702
0.983732
0.983763
0.983793
0.983824
0.983854
0.983885
0.983915
0.983946
0.983976
0.984007
0.984037
0.984068
0.984098
0.984129
0.984159
0.98419
0.984221
0.984251
0.984297
0.984327
0.984358
0.984388
0.984419
0.984449
0.98448
0.98451
0.984541
0.984571
0.984602
0.984632
0.984663
0.984694
0.984724
0.984755
0.984785
0.984816
0.984846
0.984877
0.984922
0.984953
0.984983
0.985014
0.985044
0.985075
0.985106
0.985136
0.985167
0.985197
0.985228
0.985258
0.985289
0.985319
0.98535
0.98538
0.985411
0.985456
0.985487
0.985518
0.985548
0.985579
0.985609
0.98564
0.985664
0.98568
0.985695
0.98571
0.985733
0.985748
0.985764
0.985779
0.985794
0.985809
0.985825
0.98584
0.985855
0.98587
0.985886
0.985901
0.985916
0.985931
0.985947
0.985962
0.985977
0.985992
0.98601
0.98604
0.986086
0.986116
0.986132
0.986162
0.986208
0.986238
0.986254
0.9863
0.98633
0.986361
0.986391
0.986422
0.986452
0.986483
0.986513
0.986544
0.986574
0.986605
0.986635
0.986666
0.986696
0.986727
0.986757
0.986786
0.986801
0.986816
0.986832
0.986847
0.986862
0.986877
0.986893
0.986908
0.986931
0.986946
0.986961
0.986977
0.986992
0.987007
0.987022
0.987038
0.987053
0.987068
0.987083
0.987099
0.987114
0.987137
0.987146
0.987192
0.987223
0.987253
0.987284
0.987314
0.987345
0.987375
0.987406
0.987436
0.987467
0.987497
0.987528
0.987558
0.987589
0.987619
0.98765
0.98768
0.987711
0.987741
0.98777
0.987785
0.987801
0.987816
0.987831
0.987846
0.987862
0.987877
0.9879
0.987907
0.987923
0.987946
0.987961
0.987976
0.987991
0.988007
0.988022
0.988037
0.98806
0.988075
0.988091
0.988106
0.988121
0.988136
0.988152
0.988167
0.988182
0.988197
0.988213
0.988228
0.988245
0.988276
0.988321
0.988352
0.988382
0.988413
0.988443
0.988474
0.988504
0.988535
0.988565
0.988596
0.988626
0.988657
0.988688
0.988718
0.988764
0.988785
0.9888
0.988808
0.988831
0.988838
0.988861
0.988876
0.988892
0.988907
0.988922
0.988937
0.988953
0.988968
0.988983
0.989006
0.989014
0.989029
0.989044
0.989059
0.989082
0.98909
0.989105
0.989128
0.989143
0.989159
0.989174
0.989189
0.989204
0.98922
0.989235
0.98925
0.989265
0.989281
0.989296
0.989311
0.989326
0.989342
0.989357
0.989372
0.989395
0.989403
0.989418
0.989441
0.989449
0.989471
0.989487
0.989502
0.989523
0.989553
0.989584
0.989614
0.989645
0.989676
0.989706
0.989737
0.989767
0.989798
0.989828
0.989859
0.989889
0.989908
0.989931
0.989946
0.989962
0.989977
0.989992
0.990007
0.990023
0.990038
0.990053
0.990068
0.990084
0.990107
0.990114
0.990129
0.990145
0.99016
0.990183
0.990198
0.990213
0.990229
0.990244
0.990259
0.990274
0.99029
0.990305
0.99032
0.990335
0.990351
0.990366
0.990381
0.990396
0.990412
0.990427
0.990442
0.990458
0.990473
0.990496
0.990503
0.990519
0.990534
0.990557
0.990572
0.990587
0.990602
0.990618
0.990633
0.990648
0.990664
0.990679
0.990694
0.990709
0.990725
0.99074
0.990755
0.99077
0.990786
0.990808
0.990824
0.990839
0.990854
0.99087
0.990885
0.9909
0.990915
0.990931
0.990946
0.990961
0.990976
0.990999
0.991014
0.99103
0.991045
0.99106
0.991076
0.991091
0.991106
0.991121
0.991137
0.991152
0.991167
0.991182
0.991198
0.991213
0.991228
0.991243
0.991259
0.991274
0.991289
0.991304
0.99132
0.991343
0.991358
0.991373
0.991381
0.991404
0.991419
0.991434
0.991449
0.991465
0.99148
0.991495
0.99151
0.991526
0.991541
0.991556
0.991571
0.991587
0.991602
0.991617
0.99164
0.991648
0.991663
0.991678
0.991693
0.991716
0.991724
0.991739
0.991755
0.991777
0.991793
