0
0
0
0
0
9.1553e-05
0.000335693
0.000823975
0.00119019
0.00320435
0.00546265
0.00863647
0.0128174
0.0181885
0.0248718
0.0328369
0.0422058
0.0529785
0.065155
0.0860901
0.09375
0.110107
0.127777
0.156616
0.16684
0.18811
0.21048
0.246002
0.270844
0.2836
0.32312
0.3367
0.378479
0.407135
0.436401
0.466187
0.496429
0.527069
0.558075
0.589386
0.620911
0.652649
0.684509
0.716492
0.748474
0.780457
0.812195
0.828064
0.875336
0.906555
0.937469
0.968079
0.99826
1.02805
1.05734
1.08612
1.11435
1.14197
1.16895
1.19528
1.22089
1.24576
1.26987
1.29315
1.31561
1.33722
1.35794
1.37775
1.40576
1.41461
1.4397
1.44757
1.46259
1.47659
1.48953
1.5015
1.51746
1.52676
1.53506
1.5423
1.54849
1.55362
1.55774
1.56079
1.56287
1.56384
1.56384
1.56287
1.56091
1.55798
1.55408
1.54932
1.54358
1.53699
1.52954
1.52127
1.51215
1.50223
1.49158
1.48019
1.46811
1.45538
1.43506
1.42072
1.41333
1.39038
1.37445
1.35803
1.34116
1.32391
1.30624
1.28827
1.26999
1.25143
1.23264
1.21362
1.19449
1.1752
1.15591
1.13641
1.11688
1.09735
1.07797
1.05869
1.0394
1.02036
1.00143
0.982697
0.964203
0.945953
0.927979
0.901611
0.892975
0.876007
0.859406
0.843201
0.819702
0.812073
0.789917
0.782776
0.762115
0.748993
0.736389
0.724365
0.712921
0.702057
0.691772
0.682129
0.673065
0.664642
0.65686
0.64975
0.643219
0.637329
0.63208
0.627472
0.623535
0.620239
0.617584
0.615601
0.614227
0.613464
0.613342
0.6138
0.614868
0.616547
0.618774
0.621582
0.624939
0.628845
0.633301
0.638245
0.643677
0.649597
0.656006
0.662872
0.673981
0.681915
0.690247
0.698944
0.708008
0.717407
0.727112
0.737152
0.747467
0.758026
0.768799
0.779785
0.790985
0.802338
0.813812
0.82547
0.837189
0.85495
0.860931
0.878876
0.890839
0.89682
0.914764
0.920746
0.938446
0.950165
0.961792
0.973267
0.984589
0.995789
1.00677
1.01755
1.02811
1.03845
1.04855
1.05838
1.06796
1.07727
1.08627
1.095
1.10342
1.11157
1.11938
1.12686
1.13403
1.14081
1.15036
1.15338
1.16183
1.16446
1.17181
1.17624
1.18027
1.1839
1.18716
1.19
1.19254
1.19464
1.19638
1.19772
1.19867
1.19925
1.19943
1.19904
1.19873
1.19583
1.19403
1.19193
1.18948
1.18671
1.18362
1.18027
1.17657
1.17261
1.16617
1.16156
1.15668
1.15155
1.14621
1.13782
1.13196
1.12592
1.11972
1.11337
1.10684
1.10025
1.09344
1.08661
1.07968
1.0726
1.06552
1.05844
1.0513
1.04031
1.03299
1.02567
1.01834
1.01114
1.00406
0.996979
0.989899
0.979553
0.972717
0.966034
0.959442
0.952972
0.946625
0.94043
0.934326
0.928436
0.922607
0.916992
0.91153
0.906189
0.901062
0.896118
0.891327
0.886719
0.882324
0.878174
0.874207
0.868652
0.866943
0.863647
0.860596
0.856415
0.855164
0.851715
0.850708
0.848846
0.846497
0.845856
0.844727
0.843811
0.842896
0.84259
0.842529
0.842682
0.843079
0.843689
0.844513
0.845551
0.846802
0.848267
0.849976
0.851868
0.853943
0.856171
0.858612
0.861237
0.864014
0.866943
0.870087
0.873291
0.876709
0.880219
0.883881
0.887634
0.891541
0.895447
0.899597
0.903748
0.907928
0.912323
0.916718
0.921112
0.925507
0.930023
0.936981
0.939301
0.943939
0.950897
0.955536
0.957855
0.964813
0.969238
0.973633
0.97583
0.982422
0.986664
0.990814
0.994965
0.998932
1.00089
1.00851
1.01218
1.01572
1.02084
1.02249
1.02567
1.02881
1.03174
1.03601
1.03735
1.04004
1.04376
1.04617
1.04837
1.05057
1.05252
1.05447
1.05618
1.05789
1.05939
1.06085
1.0621
1.06332
1.06433
1.06531
1.06607
1.0668
1.06729
1.06778
1.06802
1.06824
1.06824
1.06818
1.06793
1.0676
1.06711
1.06653
1.0658
1.06494
1.06396
1.0629
1.06168
1.06042
1.05823
1.0575
1.05585
1.05414
1.05151
1.04956
1.04761
1.04565
1.04361
1.04031
1.03812
1.03592
1.03372
1.03152
1.02914
1.0267
1.02426
1.02182
1.01938
1.01572
1.0145
1.01083
1.00839
1.00595
1.00351
1.00107
0.998627
0.996185
0.993896
0.991699
0.989502
0.986206
0.984009
0.981812
0.979614
0.977417
0.97525
0.973297
0.971344
0.969391
0.967438
0.965485
0.963531
0.960907
0.960052
0.957489
0.95578
0.954071
0.952576
0.951111
0.949646
0.948181
0.946747
0.945526
0.944305
0.943085
0.941864
0.940399
0.939423
0.938446
0.937592
0.936859
0.936127
0.935394
0.934875
0.934143
0.933899
0.933533
0.933289
0.933044
0.932861
0.932861
0.932861
0.933044
0.933289
0.933533
0.933929
0.934418
0.934906
0.935486
0.936218
0.936951
0.93811
0.938599
0.940063
0.94104
0.942017
0.943146
0.944366
0.945587
0.946808
0.948029
0.949249
0.95047
0.951691
0.952911
0.955048
0.956512
0.957977
0.959442
0.960907
0.962372
0.963837
0.965302
0.966766
0.968231
0.970428
0.971893
0.973236
0.974457
0.975677
0.976898
0.978119
0.97934
0.98056
0.981781
0.983002
0.984222
0.985443
0.986572
0.988037
0.989014
0.98999
0.990967
0.991943
0.99292
0.993896
0.99469
0.995422
0.996155
0.996887
0.99762
0.998352
0.999084
0.999817
1.00031
1.00079
1.00128
1.00177
1.00226
1.00275
1.00323
1.00366
1.00391
1.00415
1.00452
1.00476
1.005
1.00525
1.00549
1.00568
1.00568
1.00568
1.00568
1.00568
1.00568
1.00568
1.00568
1.00568
1.00568
1.00549
1.00525
1.005
1.00476
1.00452
1.00427
1.00403
1.00378
1.00354
1.00317
1.00305
1.00281
1.00256
1.00229
1.00156
1.00107
1.00058
1.00009
0.999603
0.999115
0.998627
0.998138
0.99765
0.997162
0.996674
0.996185
0.995697
0.995209
0.99472
0.994232
0.9935
0.993011
0.992523
0.992035
0.991547
0.991058
0.99057
0.990082
0.989594
0.989105
0.988617
0.988129
0.98764
0.986908
0.98642
0.985931
0.985443
0.984955
0.984467
0.983978
0.98349
0.983002
0.982513
0.982025
0.981537
0.981049
0.98056
0.980072
0.979584
0.979095
0.978607
0.978119
0.977631
0.976898
0.97641
0.975922
0.975525
0.975281
0.975037
0.974792
0.974548
0.974304
0.973938
0.973694
0.973572
0.973328
0.972961
0.972839
0.972473
0.972229
0.971985
0.971741
0.971497
0.971252
0.971008
0.970917
0.970917
0.970917
0.970917
0.970917
0.970917
0.970917
0.970917
0.970917
0.970917
0.970917
0.970917
0.970917
0.970917
0.970917
0.970917
0.970917
0.970917
0.970917
0.970947
0.971191
0.971436
0.97168
0.971924
0.972168
0.972412
0.972656
0.9729
0.973267
0.973511
0.973755
0.973999
0.974243
0.974487
0.974731
0.974976
0.97522
0.975464
0.975708
0.975952
0.976196
0.97644
0.976685
0.977051
0.977295
0.977539
0.977783
0.978027
0.978271
0.978516
0.97876
0.979004
0.979248
0.979614
0.979858
0.980103
0.980347
0.980591
0.980835
0.981079
0.981323
0.981567
0.981812
0.982056
0.9823
0.982544
0.982788
0.983032
0.983276
0.983521
0.983765
0.984009
0.984375
0.984497
0.984863
0.985107
0.985352
0.985596
0.98584
0.986084
0.986328
0.986572
0.986816
0.987061
0.987305
0.987671
0.987915
0.988159
0.988403
0.988647
0.988892
0.989136
0.989166
0.989166
0.989166
0.989166
0.989166
0.989166
0.989166
0.989166
0.989166
0.989166
0.989166
0.989166
0.989166
0.989166
0.989166
0.989166
0.989166
0.989166
0.989166
0.989166
0.989166
0.989166
0.989166
0.989166
0.989166
0.989166
0.989166
0.989166
0.989166
0.989166
0.989166
0.989166
0.989166
0.989166
0.989166
0.989166
0.989166
0.989166
0.989166
0.989166
0.989166
0.989166
0.989166
0.989166
0.989166
0.989166
0.989166
0.989166
0.989166
0.989166
0.989166
0.989166
0.989166
0.989166
0.989166
0.989166
0.989166
0.989166
0.989166
0.989166
0.989166
0.989166
0.989166
0.989166
0.989166
0.989166
0.989166
0.989166
0.989166
0.989166
0.989166
0.989166
0.989166
0.989166
0.989166
0.989166
0.989166
0.989166
0.989166
0.989166
0.989166
0.989166
0.989166
0.989166
0.989166
0.989166
0.989166
0.989166
0.989166
0.989166
0.989166
0.989166
0.989166
0.989166
0.989166
0.989166
0.989166
0.989166
0.989166
0.989166
0.989166
0.989166
0.989166
0.989166
0.989166
0.989166
0.989166
0.989166
0.989166
0.989166
0.989166
0.989166
0.989166
0.989166
0.989166
0.989166
0.989166
0.989166
0.989166
0.989166
0.989166
0.989166
0.989166
0.989166
0.989166
0.989166
0.989166
0.989166
0.989166
0.989166
0.989166
0.989166
0.989166
0.989166
0.989166
0.989166
0.989166
0.989166
0.989166
0.989166
0.989166
0.989166
0.989166
0.989166
0.989166
0.989166
0.989166
0.989166
0.989166
0.989166
0.989166
0.989166
0.989166
0.989166
0.989166
0.989166
0.989166
0.989166
0.989166
0.989166
0.989166
0.989166
0.989166
0.989166
0.989166
0.989166
0.989166
0.989166
0.989166
0.989166
0.989166
0.989166
0.989166
0.989166
0.989166
0.989166
0.989166
0.989166
0.989166
0.989166
0.989166
0.989166
0.989166
0.989166
0.989166
0.989166
0.989166
0.989166
0.989166
0.989166
0.989166
0.989166
0.989166
0.989166
0.989166
0.989166
0.989166
0.989166
0.989166
0.989166
0.989166
0.989166
0.989166
0.989166
0.989166
0.989166
0.989166
0.989166
0.989166
0.989166
0.989166
0.989166
0.989166
0.989166
0.989166
0.989166
0.989166
0.989166
0.989166
0.989166
0.989166
0.989166
0.989166
0.989166
0.989166
0.989166
0.989166
0.989166
0.989166
0.989166
0.989166
0.989166
0.989166
0.989166
0.989166
0.989166
0.989166
0.989166
0.989166
0.989166
0.989166
0.989166
0.989166
0.989166
0.989166
0.989166
0.989166
0.989166
0.989166
0.989166
0.989166
0.989166
0.989166
0.989166
0.989166
0.989166
0.989166
0.989166
0.989166
0.989166
