0
0
0
0
0
0
0.000213623
0.000549317
0.00119019
0.00238037
0.00424194
0.00692749
0.0128174
0.0153503
0.0213623
0.0286865
0.0328369
0.0529785
0.065155
0.0787354
0.0937195
0.110046
0.127716
0.146606
0.166687
0.187927
0.210266
0.233582
0.257874
0.283112
0.309174
0.336029
0.363617
0.391907
0.420746
0.450165
0.480072
0.510437
0.541138
0.572205
0.603516
0.63504
0.666779
0.714386
0.730316
0.777954
0.809692
0.841309
0.872742
0.903931
0.919434
0.965454
0.995636
1.02536
1.05463
1.06906
1.11154
1.1391
1.16599
1.1922
1.21768
1.24243
1.26642
1.28955
1.31186
1.33328
1.34366
1.37347
1.39215
1.40985
1.42657
1.44232
1.45709
1.47089
1.48361
1.49533
1.50604
1.51569
1.5282
1.53186
1.53839
1.54388
1.55014
1.55307
1.55496
1.55582
1.55569
1.5546
1.55252
1.54947
1.54553
1.54065
1.53491
1.52826
1.52078
1.51245
1.50333
1.49344
1.48279
1.46552
1.45938
1.44666
1.43329
1.41934
1.39737
1.38205
1.37421
1.35815
1.33328
1.31619
1.29874
1.28098
1.26294
1.24463
1.2261
1.2074
1.1886
1.16956
1.15051
1.13147
1.11243
1.09338
1.07434
1.05539
1.03659
1.01791
0.99939
0.98111
0.963074
0.936523
0.919189
0.902191
0.885498
0.869232
0.853302
0.837799
0.822723
0.808075
0.793915
0.780243
0.767059
0.754395
0.742249
0.730652
0.719604
0.709137
0.699219
0.689911
0.681152
0.673035
0.665497
0.6586
0.652283
0.643982
0.639221
0.635101
0.631561
0.628662
0.626373
0.624695
0.623627
0.623169
0.623566
0.624573
0.62616
0.628326
0.631042
0.634277
0.638062
0.642395
0.647217
0.652527
0.658325
0.664551
0.671234
0.678345
0.685852
0.697876
0.702057
0.710693
0.719666
0.728973
0.743469
0.748474
0.758606
0.768982
0.779572
0.795807
0.806793
0.812408
0.829285
0.840759
0.852234
0.863708
0.875336
0.887054
0.898773
0.916168
0.927643
0.93338
0.950562
0.956177
0.972992
0.983978
0.994812
1.00546
1.01593
1.02618
1.03619
1.04596
1.05548
1.06473
1.07373
1.08246
1.09091
1.10309
1.11081
1.11826
1.1254
1.13217
1.13864
1.14474
1.15051
1.15594
1.16098
1.16565
1.16995
1.17389
1.17743
1.18057
1.18335
1.18683
1.18781
1.19009
1.19067
1.19156
1.1922
1.19217
1.19177
1.19101
1.18991
1.18851
1.18671
1.18344
1.18222
1.17947
1.17645
1.17313
1.16953
1.16357
1.1593
1.1571
1.15247
1.14505
1.13986
1.13449
1.12888
1.12308
1.11716
1.11105
1.1048
1.09845
1.09192
1.08533
1.0787
1.06845
1.06503
1.0582
1.05136
1.04092
1.03384
1.0303
1.02002
1.01318
1.00635
0.999512
0.992798
0.986206
0.979614
0.973206
0.966858
0.960663
0.954559
0.948578
0.942719
0.937012
0.931396
0.925995
0.920654
0.915527
0.910522
0.90564
0.901001
0.896515
0.890106
0.888031
0.884125
0.878601
0.875183
0.872009
0.869049
0.866302
0.86377
0.861481
0.859406
0.857574
0.855957
0.854584
0.853424
0.852142
0.851562
0.851227
0.851105
0.851196
0.851501
0.85202
0.853241
0.854279
0.855499
0.856964
0.858612
0.860443
0.862427
0.864624
0.866974
0.869446
0.872131
0.874969
0.877899
0.881042
0.884216
0.887604
0.891022
0.894623
0.898285
0.902008
0.905914
0.909821
0.913727
0.917877
0.922028
0.926178
0.930328
0.934479
0.940735
0.945129
0.949524
0.953857
0.958008
0.962158
0.966309
0.970459
0.974609
0.978699
0.982605
0.986511
0.990387
0.994049
0.997711
1.00128
1.0047
1.00812
1.01132
1.0145
1.01755
1.02048
1.02338
1.02606
1.02875
1.03122
1.03366
1.03598
1.03818
1.04031
1.04227
1.04422
1.04596
1.04767
1.04926
1.05072
1.05212
1.05334
1.05457
1.05554
1.05698
1.05771
1.05844
1.05896
1.05945
1.05991
1.06015
1.06021
1.06021
1.06012
1.05988
1.05963
1.05914
1.05865
1.05804
1.05731
1.05658
1.05566
1.05469
1.05313
1.05252
1.0513
1.04944
1.04797
1.04651
1.04504
1.04352
1.04181
1.0401
1.03839
1.03668
1.03397
1.03201
1.03006
1.02811
1.02615
1.0242
1.02225
1.02029
1.01834
1.01639
1.01443
1.01248
1.01053
1.00858
1.00662
1.00369
1.00174
0.999786
0.997833
0.99588
0.993927
0.991974
0.990021
0.988068
0.986115
0.983185
0.981232
0.979401
0.977692
0.975983
0.974274
0.972565
0.970856
0.969147
0.967438
0.96582
0.964355
0.962891
0.961426
0.959961
0.958496
0.957031
0.955811
0.95459
0.953369
0.951538
0.950317
0.949829
0.948364
0.947876
0.946899
0.945465
0.945099
0.944
0.943268
0.942535
0.941925
0.941437
0.940948
0.94046
0.940002
0.939758
0.939514
0.93927
0.939026
0.938995
0.938995
0.938995
0.938995
0.939087
0.939331
0.939575
0.939819
0.940063
0.94046
0.940948
0.941437
0.941925
0.942413
0.942993
0.943726
0.944824
0.945557
0.946289
0.946655
0.947784
0.948761
0.949738
0.950714
0.951691
0.952667
0.953644
0.95462
0.955597
0.956573
0.95755
0.958527
0.959503
0.96048
0.961456
0.962433
0.963409
0.964386
0.965363
0.966339
0.967316
0.968292
0.969269
0.970245
0.971222
0.972687
0.973663
0.97464
0.975616
0.976593
0.97757
0.978546
0.980011
0.980499
0.981476
0.982941
0.983917
0.98465
0.985382
0.986115
0.986847
0.987579
0.988312
0.989044
0.989777
0.990509
0.991241
0.991882
0.992615
0.993103
0.993591
0.99408
0.994568
0.995056
0.995544
0.996033
0.996521
0.996826
0.99707
0.997437
0.997681
0.997925
0.998169
0.998413
0.998657
0.998901
0.999146
0.999237
0.999237
0.999237
0.999237
0.999237
0.999237
0.999237
0.999237
0.999237
0.999237
0.999237
0.999237
0.998993
0.998749
0.998505
0.99826
0.998016
0.997772
0.997528
0.997284
0.99704
0.996796
0.996552
0.996307
0.996185
0.995697
0.995453
0.995209
0.994965
0.99472
0.994476
0.994232
0.993988
0.993744
0.993317
0.992828
0.99234
0.991852
0.991364
0.990875
0.990387
0.989899
0.98941
0.988922
0.98819
0.987946
0.987457
0.986969
0.986237
0.985748
0.98526
0.984772
0.984283
0.983795
0.983307
0.982819
0.98233
0.981842
0.981354
0.980865
0.980408
0.980164
0.979919
0.979675
0.979431
0.979065
0.978943
0.978699
0.978333
0.978088
0.977966
0.977722
0.977356
0.977112
0.976868
0.976624
0.976379
0.976135
0.975891
0.975647
0.975403
0.975159
0.974915
0.97467
0.974426
0.974182
0.973938
0.973816
0.973816
0.973816
0.973816
0.973816
0.973816
0.973816
0.973816
0.973816
0.973816
0.973816
0.973816
0.973816
0.973816
0.973816
0.973816
0.973816
0.973816
0.973816
0.973816
0.973816
0.973816
0.973816
0.973816
0.973816
0.973816
0.973816
0.973999
0.974243
0.974487
0.974731
0.974976
0.97522
0.975464
0.975708
0.975952
0.976196
0.97644
0.976685
0.976929
0.977173
0.977417
0.977783
0.978027
0.978271
0.978516
0.97876
0.979004
0.97937
0.979492
0.979858
0.980103
0.980347
0.980591
0.980835
0.981079
0.981323
0.981567
0.981812
0.982056
0.9823
0.982544
0.982788
0.983154
0.983398
0.983643
0.983887
0.984131
0.984375
0.984619
0.984863
0.985107
0.985474
0.985596
0.98584
0.986206
0.986328
0.986572
0.986816
0.987061
0.987305
0.987549
0.987915
0.988037
0.988251
0.988251
0.988251
0.988251
0.988251
0.988251
0.988251
0.988251
0.988251
0.988251
0.988251
0.988251
0.988251
0.988251
0.988251
0.988251
0.988251
0.988251
0.988251
0.988251
0.988251
0.988251
0.988251
0.988251
0.988251
0.988251
0.988251
0.988251
0.988251
0.988251
0.988251
0.988251
0.988251
0.988251
0.988251
0.988251
0.988251
0.988251
0.988251
0.988251
0.988251
0.988251
0.988251
0.988251
0.988251
0.988251
0.988251
0.988251
0.988251
0.988251
0.988251
0.988251
0.988251
0.988251
0.988251
0.988251
0.988251
0.988251
0.988251
0.988251
0.988251
0.988251
0.988251
0.988251
0.988251
0.988251
0.988251
0.988251
0.988251
0.988251
0.988251
0.988251
0.988251
0.988251
0.988251
0.988251
0.988251
0.988251
0.988251
0.988251
0.988251
0.988251
0.988251
0.988251
0.988251
0.988251
0.988251
0.988251
0.988251
0.988251
0.988251
0.988251
0.988251
0.988251
0.988251
0.988251
0.988251
0.988251
0.988251
0.988251
0.988251
0.988251
0.988251
0.988251
0.988251
0.988251
0.988251
0.988251
0.988251
0.988251
0.988251
0.988251
0.988251
0.988251
0.988251
0.988251
0.988251
0.988251
0.988251
0.988251
0.988251
0.988251
0.988251
0.988251
0.988251
0.988251
0.988251
0.988251
0.988251
0.988251
0.988251
0.988251
0.988251
0.988251
0.988251
0.988251
0.988251
0.988251
0.988251
0.988251
0.988251
0.988251
0.988251
0.988251
0.988251
0.988251
0.988251
0.988251
0.988251
0.988251
0.988251
0.988251
0.988251
0.988251
0.988251
0.988251
0.988251
0.988251
0.988251
0.988251
0.988251
0.988251
0.988251
0.988251
0.988251
0.988251
0.988251
0.988251
0.988251
0.988251
0.988251
0.988251
0.988251
0.988251
0.988251
0.988251
0.988251
0.988251
0.988251
0.988251
0.988251
0.988251
0.988251
0.988251
0.988251
0.988251
0.988251
0.988251
0.988251
0.988251
0.988251
0.988251
0.988251
0.988251
0.988251
0.988251
0.988251
0.988251
0.988251
0.988251
0.988251
0.988251
0.988251
0.988251
0.988251
0.988251
0.988251
0.988251
0.988251
0.988251
0.988251
0.988251
0.988251
0.988251
0.988251
0.988251
0.988251
0.988251
0.988251
0.988251
0.988251
0.988251
0.988251
0.988251
0.988251
0.988251
0.988251
0.988251
0.988251
0.988251
0.988251
0.988251
0.988251
0.988251
0.988251
0.988251
0.988251
0.988251
0.988251
0.988251
0.988251
0.988251
0.988251
0.988251
0.988251
0.988251
0.988251
0.988251
0.988251
0.988251
0.988251
0.988251
0.988251
0.988251
0.988251
0.988251
0.988251
0.988251
0.988251
0.988251
0.988251
0.988251
