0
0
0
0
0
0
0.000335693
0.000823974
0.00170898
0.00320435
0.00543213
0.00860596
0.0127869
0.018158
0.0248413
0.0328064
0.0473938
0.0588684
0.0717468
0.0860596
0.101746
0.127747
0.146667
0.166779
0.188049
0.210388
0.233704
0.257996
0.283234
0.309265
0.33606
0.363586
0.391724
0.420471
0.449707
0.479431
0.494446
0.55542
0.586334
0.617462
0.648712
0.695862
0.727356
0.75885
0.790161
0.821411
0.852417
0.88324
0.913788
0.94397
0.973785
1.0032
1.03214
1.06055
1.08841
1.11569
1.14233
1.16833
1.1936
1.21814
1.24191
1.26492
1.28711
1.30847
1.32901
1.34866
1.36743
1.38531
1.40228
1.41827
1.43338
1.44754
1.46695
1.47293
1.48416
1.49918
1.50787
1.51556
1.52228
1.52802
1.53278
1.5365
1.53918
1.54089
1.54163
1.54138
1.54028
1.53821
1.53333
1.52896
1.52371
1.51761
1.51065
1.5029
1.49435
1.48502
1.47495
1.46417
1.44678
1.43436
1.4213
1.40765
1.40063
1.37875
1.36356
1.34787
1.33179
1.31531
1.29846
1.28128
1.26379
1.24606
1.21906
1.20081
1.1825
1.16394
1.14539
1.12683
1.10828
1.08972
1.07117
1.05273
1.03442
1.01627
0.99823
0.980408
0.96283
0.936951
0.920013
0.903412
0.887146
0.863342
0.855591
0.840363
0.818359
0.811249
0.790558
0.777374
0.770966
0.752502
0.740845
0.729767
0.719238
0.709259
0.69986
0.691071
0.682861
0.675262
0.668274
0.661896
0.656128
0.65097
0.646423
0.642487
0.63916
0.636444
0.634308
0.632263
0.631866
0.631561
0.63208
0.633148
0.634796
0.636993
0.639709
0.642944
0.646729
0.651001
0.655762
0.661011
0.669739
0.672852
0.679413
0.686401
0.693817
0.705566
0.713867
0.722504
0.731445
0.740662
0.750153
0.759918
0.769928
0.780151
0.790558
0.801086
0.811829
0.822662
0.833649
0.844635
0.855865
0.867096
0.878326
0.889557
0.900787
0.912018
0.923248
0.934479
0.945587
0.956573
0.972931
0.978302
0.994263
0.999512
1.00986
1.02502
1.03485
1.04446
1.05383
1.06296
1.07184
1.08044
1.08881
1.10077
1.1084
1.11569
1.12268
1.12936
1.13568
1.14166
1.14731
1.15259
1.1575
1.16205
1.16818
1.17181
1.17508
1.17795
1.18048
1.18259
1.18439
1.18576
1.18683
1.18747
1.18781
1.18774
1.18738
1.18616
1.18491
1.18332
1.18143
1.17923
1.1767
1.17389
1.17078
1.16739
1.16177
1.15979
1.15341
1.14886
1.1441
1.13913
1.13394
1.12857
1.12299
1.11725
1.11139
1.10226
1.09918
1.09283
1.08322
1.07663
1.07004
1.06345
1.05661
1.04977
1.04294
1.0361
1.02927
1.02243
1.01559
1.00888
1.00229
0.995697
0.989105
0.982727
0.976379
0.970123
0.96402
0.957947
0.952087
0.946228
0.940613
0.935028
0.929657
0.924347
0.916656
0.911774
0.906982
0.902344
0.897919
0.891571
0.889557
0.885651
0.880219
0.876831
0.873657
0.870728
0.868011
0.86554
0.863281
0.861237
0.859436
0.857849
0.856506
0.855377
0.854492
0.853821
0.853363
0.853119
0.85321
0.853516
0.854004
0.854736
0.855682
0.856201
0.858124
0.859619
0.861328
0.86322
0.865265
0.867462
0.869873
0.872406
0.875092
0.87793
0.880859
0.884003
0.887177
0.890564
0.893982
0.897552
0.901215
0.904877
0.908783
0.912689
0.916595
0.920593
0.926819
0.930969
0.93512
0.93927
0.94342
0.947571
0.951721
0.955872
0.960022
0.964172
0.968323
0.972473
0.976532
0.982391
0.984344
0.990143
0.993805
0.997467
1.00104
1.00446
1.00787
1.01111
1.01428
1.0174
1.02032
1.02325
1.02597
1.02866
1.03122
1.03366
1.03607
1.03827
1.04047
1.04245
1.0444
1.04623
1.04794
1.04959
1.05106
1.05252
1.05374
1.05496
1.056
1.05698
1.05783
1.05856
1.05923
1.05972
1.06021
1.06046
1.0607
1.06076
1.06076
1.06055
1.0603
1.05994
1.05945
1.05896
1.05823
1.0575
1.05618
1.05569
1.05472
1.05301
1.0524
1.05118
1.04916
1.04843
1.04697
1.04477
1.04306
1.04135
1.03964
1.03793
1.03622
1.03427
1.03232
1.03036
1.02841
1.02646
1.02451
1.02255
1.0206
1.01865
1.01669
1.01474
1.01181
1.00986
1.00888
1.00693
1.004
1.00204
1.00009
0.998138
0.996185
0.994232
0.992279
0.990326
0.988373
0.98642
0.984467
0.982513
0.979584
0.977875
0.976166
0.974457
0.972748
0.971039
0.96933
0.967621
0.965912
0.964386
0.962921
0.961456
0.959991
0.958527
0.957062
0.955719
0.954498
0.952667
0.951447
0.950226
0.949188
0.948212
0.947235
0.946259
0.945282
0.944519
0.943787
0.942688
0.942322
0.941681
0.940948
0.940704
0.939972
0.939636
0.939392
0.939148
0.938904
0.938721
0.938721
0.938721
0.938721
0.938721
0.938934
0.939178
0.939423
0.939667
0.939941
0.940674
0.940918
0.941406
0.942139
0.942383
0.943451
0.943817
0.944916
0.945648
0.946381
0.947113
0.948029
0.949005
0.949982
0.950958
0.951935
0.952911
0.953888
0.954865
0.955841
0.956818
0.957794
0.958771
0.959747
0.960938
0.962769
0.963379
0.96521
0.96582
0.967651
0.968872
0.970093
0.971191
0.972168
0.973145
0.974121
0.975098
0.976074
0.977051
0.978027
0.979004
0.97998
0.980957
0.981934
0.98291
0.983887
0.984863
0.985718
0.98645
0.987183
0.987915
0.988647
0.989746
0.990479
0.991211
0.991943
0.992676
0.993195
0.993683
0.994171
0.994659
0.995148
0.995636
0.996124
0.996613
0.997101
0.997528
0.997772
0.998016
0.99826
0.998505
0.998749
0.998993
0.999237
0.999481
0.999725
0.999969
1
1
1
1
1
1
1
1
1
1
1
1
0.999969
0.999725
0.999359
0.999115
0.998871
0.998627
0.998383
0.998138
0.997894
0.99765
0.997406
0.997162
0.996918
0.996796
0.996429
0.996185
0.995941
0.995697
0.995453
0.995209
0.994965
0.994598
0.99411
0.993866
0.992889
0.992401
0.991913
0.991425
0.990936
0.990448
0.98996
0.989471
0.988983
0.988495
0.988007
0.987518
0.98703
0.986542
0.986053
0.985565
0.985321
0.984589
0.9841
0.983612
0.983124
0.982635
0.982147
0.981659
0.980927
0.980438
0.97995
0.979614
0.97937
0.979126
0.978882
0.978638
0.978394
0.978149
0.977905
0.977661
0.977417
0.977051
0.976807
0.976562
0.976318
0.976074
0.97583
0.975586
0.975342
0.975098
0.974854
0.974609
0.974365
0.974121
0.973755
0.973633
0.97345
0.97345
0.97345
0.97345
0.97345
0.97345
0.97345
0.97345
0.97345
0.97345
0.97345
0.97345
0.97345
0.97345
0.97345
0.97345
0.97345
0.97345
0.97345
0.97345
0.97345
0.97345
0.97345
0.97345
0.97345
0.97345
0.973694
0.973938
0.974182
0.974426
0.97467
0.975037
0.975281
0.975525
0.975769
0.976013
0.976257
0.976501
0.976746
0.97699
0.977356
0.9776
0.977844
0.978088
0.978333
0.978577
0.978821
0.979065
0.979309
0.979675
0.979919
0.980164
0.980408
0.980652
0.980896
0.98114
0.981384
0.981628
0.981873
0.982117
0.982483
0.982605
0.982971
0.983093
0.983337
0.983704
0.983948
0.984192
0.984436
0.98468
0.984924
0.985168
0.985413
0.985657
0.985901
0.986145
0.986389
0.986633
0.986877
0.987122
0.987366
0.98761
0.987854
0.988098
0.988434
0.988434
0.988434
0.988434
0.988434
0.988434
0.988434
0.988434
0.988434
0.988434
0.988434
0.988434
0.988434
0.988434
0.988434
0.988434
0.988434
0.988434
0.988434
0.988434
0.988434
0.988434
0.988434
0.988434
0.988434
0.988434
0.988434
0.988434
0.988434
0.988434
0.988434
0.988434
0.988434
0.988434
0.988434
0.988434
0.988434
0.988434
0.988434
0.988434
0.988434
0.988434
0.988434
0.988434
0.988434
0.988434
0.988434
0.988434
0.988434
0.988434
0.988434
0.988434
0.988434
0.988434
0.988434
0.988434
0.988434
0.988434
0.988434
0.988434
0.988434
0.988434
0.988434
0.988434
0.988434
0.988434
0.988434
0.988434
0.988434
0.988434
0.988434
0.988434
0.988434
0.988434
0.988434
0.988434
0.988434
0.988434
0.988434
0.988434
0.988434
0.988434
0.988434
0.988434
0.988434
0.988434
0.988434
0.988434
0.988434
0.988434
0.988434
0.988434
0.988434
0.988434
0.988434
0.988434
0.988434
0.988434
0.988434
0.988434
0.988434
0.988434
0.988434
0.988434
0.988434
0.988434
0.988434
0.988434
0.988434
0.988434
0.988434
0.988434
0.988434
0.988434
0.988434
0.988434
0.988434
0.988434
0.988434
0.988434
0.988434
0.988434
0.988434
0.988434
0.988434
0.988434
0.988434
0.988434
0.988434
0.988434
0.988434
0.988434
0.988434
0.988434
0.988434
0.988434
0.988434
0.988434
0.988434
0.988434
0.988434
0.988434
0.988434
0.988434
0.988434
0.988434
0.988434
0.988434
0.988434
0.988434
0.988434
0.988434
0.988434
0.988434
0.988434
0.988434
0.988434
0.988434
0.988434
0.988434
0.988434
0.988434
0.988434
0.988434
0.988434
0.988434
0.988434
0.988434
0.988434
0.988434
0.988434
0.988434
0.988434
0.988434
0.988434
0.988434
0.988434
0.988434
0.988434
0.988434
0.988434
0.988434
0.988434
0.988434
0.988434
0.988434
0.988434
0.988434
0.988434
0.988434
0.988434
0.988434
0.988434
0.988434
0.988434
0.988434
0.988434
0.988434
0.988434
0.988434
0.988434
0.988434
0.988434
0.988434
0.988434
0.988434
0.988434
0.988434
0.988434
0.988434
0.988434
0.988434
0.988434
0.988434
0.988434
0.988434
0.988434
0.988434
0.988434
0.988434
0.988434
0.988434
0.988434
0.988434
0.988434
0.988434
0.988434
0.988434
0.988434
0.988434
0.988434
0.988434
0.988434
0.988434
0.988434
0.988434
0.988434
0.988434
0.988434
0.988434
0.988434
0.988434
0.988434
0.988434
0.988434
0.988434
0.988434
0.988434
0.988434
0.988434
0.988434
0.988434
0.988434
0.988434
0.988434
0.988434
0.988434
0.988434
0.988434
0.988434
0.988434
0.988434
0.988434
0.988434
