0
0
0
0
0
3.81497e-06
7.05722e-05
0.000333786
0.000984192
0.00225544
0.00438404
0.00760555
0.0121374
0.0181789
0.0258999
0.0409355
0.0534067
0.0679064
0.0844536
0.103035
0.123605
0.146077
0.170344
0.19628
0.223747
0.25261
0.282722
0.329923
0.362528
0.395875
0.429816
0.464206
0.498898
0.533731
0.568551
0.603198
0.654546
0.688179
0.7212
0.753508
0.785007
0.815602
0.845187
0.873649
0.900887
0.926825
0.951412
0.974609
0.9964
1.01678
1.03573
1.05329
1.06945
1.08423
1.09767
1.11535
1.12059
1.13445
1.13846
1.14871
1.15411
1.15842
1.16167
1.16389
1.16515
1.16549
1.16495
1.16358
1.1601
1.15858
1.15506
1.15092
1.14369
1.13826
1.13241
1.12619
1.11964
1.11283
1.10578
1.09857
1.09123
1.08381
1.07636
1.0689
1.06148
1.05412
1.04685
1.03969
1.03266
1.02578
1.01906
1.01253
1.00311
1.00008
0.991325
0.985796
0.980523
0.975515
0.970783
0.966334
0.962176
0.958316
0.954757
0.951503
0.948548
0.945894
0.943536
0.940538
0.93968
0.937513
0.936923
0.935534
0.934913
0.93469
0.934411
0.93435
0.934493
0.934829
0.935666
0.936429
0.937341
0.93839
0.939564
0.940849
0.942236
0.943712
0.945267
0.946888
0.949424
0.951163
0.952931
0.954714
0.956499
0.95828
0.960043
0.961779
0.963479
0.965137
0.967528
0.968297
0.970511
0.971911
0.972589
0.974515
0.975716
0.976848
0.977911
0.978907
0.979835
0.980698
0.981495
0.982231
0.982906
0.983521
0.984074
0.984567
0.985205
0.98539
0.985722
0.986003
0.986333
0.986495
0.986612
0.986686
0.986719
0.986712
0.986666
0.986583
0.986465
0.986316
0.986133
0.985922
0.985682
0.985417
0.985127
0.984974
0.984484
0.984132
0.983763
0.983377
0.982978
0.982567
0.98193
0.981712
0.981051
0.980602
0.980152
0.979701
0.979246
0.978796
0.978346
0.977901
0.977462
0.977031
0.976608
0.976194
0.975793
0.975401
0.975022
0.974476
0.974129
0.973795
0.973475
0.97317
0.97288
0.972606
0.972225
0.971992
0.971777
0.971579
0.971397
0.971232
0.971086
0.970955
0.970791
0.970702
0.97063
0.970572
0.970531
0.970504
0.970491
0.970492
0.970507
0.970533
0.970572
0.970622
0.970716
0.970752
0.970873
0.970918
0.971062
0.971114
0.971221
0.971394
0.971516
0.97164
0.971769
0.971899
0.972034
0.972172
0.972309
0.972446
0.972584
0.972721
0.972858
0.972996
0.973133
0.973339
0.973472
0.973601
0.973731
0.973861
0.973985
0.974107
0.974229
0.974344
0.974459
0.974624
0.974677
0.974833
0.974882
0.974981
0.975028
0.97521
0.975294
0.975378
0.975454
0.975531
0.975602
0.975671
0.975738
0.975799
0.97586
0.975915
0.975968
0.976022
0.976068
0.976113
0.976159
0.976197
0.976235
0.976274
0.976308
0.976354
0.976369
0.976415
0.97643
0.976464
0.976487
0.976499
0.976533
0.976544
0.976579
0.976597
0.976612
0.976627
0.976643
0.976658
0.976673
0.976688
0.976704
0.976719
0.976734
0.976749
0.976765
0.97678
0.976803
0.97681
0.976833
0.976841
0.976864
0.976879
0.976894
0.976912
0.976934
0.976957
0.97698
0.977003
0.977026
0.977049
0.977072
0.977095
0.977118
0.97714
0.977163
0.977186
0.977231
0.977262
0.977277
0.977323
0.977353
0.977384
0.977414
0.977445
0.977475
0.977506
0.977536
0.977567
0.977597
0.97763
0.977668
0.977725
0.977763
0.977801
0.97782
0.977878
0.977916
0.977954
0.977992
0.97803
0.978049
0.978106
0.978145
0.978183
0.978221
0.978259
0.978297
0.978335
0.978374
0.978412
0.97845
0.978488
0.978526
0.978564
0.978602
0.97866
0.978698
0.978736
0.978774
0.978812
0.97885
0.978889
0.978927
0.978965
0.979003
0.979041
0.979079
0.979117
0.979156
0.979194
0.979232
0.97927
0.979308
0.979339
0.979369
0.9794
0.97943
0.979461
0.979491
0.979522
0.979552
0.979598
0.979613
0.979644
0.979674
0.979705
0.979751
0.979766
0.979796
0.979827
0.979873
0.979903
0.979918
0.979964
0.97998
0.980025
0.980056
0.980071
0.980117
0.980132
0.980178
0.980208
0.980239
0.980269
0.9803
0.98033
0.980361
0.980392
0.980422
0.980453
0.980483
0.980514
0.980544
0.980575
0.980605
0.980636
0.980666
0.980697
0.980727
0.980758
0.980788
0.980819
0.980849
0.98088
0.98091
0.980941
0.980971
0.981017
0.981048
0.981063
0.981109
0.981124
0.98117
0.9812
0.981231
0.981261
0.981292
0.981322
0.981353
0.981383
0.981414
0.981444
0.981475
0.981505
0.981536
0.981566
0.981597
0.981627
0.981658
0.981688
0.981719
0.98175
0.98178
0.981811
0.981841
0.981887
0.981902
0.981933
0.981963
0.981994
0.982024
0.982055
0.9821
0.982131
0.982162
0.982192
0.982223
0.982253
0.982284
0.982314
0.982345
0.982375
0.982406
0.982436
0.982467
0.982497
0.982528
0.982558
0.982604
0.982635
0.982665
0.982696
0.982726
0.982757
0.982787
0.982818
0.982848
0.982894
0.982909
0.982955
0.982985
0.983016
0.983047
0.983077
0.983108
0.983138
0.983169
0.983199
0.98323
0.98326
0.983291
0.983321
0.983352
0.983382
0.983413
0.983443
0.983474
0.983504
0.98355
0.983565
0.983596
0.983642
0.983672
0.983687
0.983733
0.983764
0.983794
0.983825
0.983855
0.983886
0.983916
0.983947
0.983977
0.984008
0.984038
0.984069
0.984099
0.98413
0.984155
0.984178
0.9842
0.984223
0.984246
0.984281
0.984292
0.984315
0.984349
0.984361
0.984395
0.984418
0.984441
0.984464
0.984487
0.984509
0.984532
0.984555
0.984578
0.984601
0.984624
0.984647
0.98467
0.984693
0.984715
0.984738
0.984761
0.984784
0.984807
0.98483
0.984853
0.984876
0.984899
0.984921
0.984944
0.984967
0.984991
0.985037
0.985067
0.985098
0.985113
0.985159
0.985189
0.98522
0.98525
0.985281
0.985312
0.985342
0.985373
0.985403
0.985434
0.985464
0.985495
0.985525
0.985556
0.985583
0.985606
0.985629
0.985652
0.985675
0.985698
0.985721
0.985755
0.985766
0.985789
0.985824
0.985847
0.985869
0.985892
0.985915
0.985938
0.985961
0.985984
0.986007
0.98603
0.986053
0.986075
0.986098
0.986121
0.986144
0.986167
0.98619
0.986213
0.986247
0.986259
0.986281
0.986316
0.986339
0.986362
0.986373
0.986407
0.98643
0.986453
0.986476
0.986499
0.986522
0.986545
0.986567
0.98659
0.986613
0.986636
0.986659
0.986682
0.986705
0.986728
0.986751
0.986773
0.986796
0.986819
0.986842
0.986876
0.986899
0.986922
0.986934
0.986957
0.986991
0.987014
0.987037
0.98706
0.987082
0.987105
0.987128
0.987151
0.987174
0.987197
0.98722
0.987243
0.987266
0.987288
0.987311
0.987334
0.987357
0.98738
0.987403
0.987426
0.987449
0.987472
0.987494
0.987517
0.98754
0.987563
0.987586
0.987609
0.987632
0.987655
0.987678
0.987712
0.987735
0.987746
0.987769
0.987792
0.987826
0.987849
0.987861
0.987895
0.987918
0.987941
0.987964
0.987987
0.988009
0.988032
0.988055
0.988078
0.988101
0.988124
0.988158
0.988181
0.988204
0.988227
0.98825
0.988273
0.988296
0.988318
0.988341
0.988364
0.988387
0.98841
0.988433
0.988467
0.98849
0.988513
0.988524
0.988547
0.988582
0.988605
0.988627
0.98865
0.988673
0.988696
0.988719
0.988742
0.988765
0.988781
0.988796
0.988811
0.988827
0.988842
0.988857
0.98888
0.988895
0.988911
0.988926
0.988941
0.988956
0.988972
0.988987
0.989002
0.989017
0.989033
0.989048
0.989063
0.989079
0.989094
0.989109
0.989132
0.989147
0.989162
0.989178
0.989193
0.989214
0.989237
0.98926
0.989283
0.989305
0.989328
0.989351
0.989374
0.989397
0.98942
0.989443
0.989466
0.9895
0.989511
0.989546
0.989557
0.98958
0.989614
0.989637
0.98966
0.989683
0.989706
0.989727
0.989742
0.989758
0.989773
0.989788
0.989803
0.989826
0.989841
0.989857
0.989872
0.989887
0.989902
0.989918
0.989933
0.989948
0.989964
0.989986
0.990002
0.990009
0.990025
0.990047
0.990063
0.990078
0.990093
0.990108
0.990124
0.990139
0.990154
0.99017
0.990185
0.9902
0.990215
0.990231
0.990246
0.990261
0.990276
0.990292
0.990307
0.990322
0.990337
0.990353
0.990377
0.9904
0.990412
0.990435
0.990458
0.990492
0.990503
0.990526
0.990549
0.990583
0.990606
0.990629
0.990641
0.990675
0.990698
0.990721
0.990744
0.990767
0.990789
0.990806
0.990821
0.990836
0.990851
0.990867
0.990882
0.990897
0.990912
0.990928
0.990951
0.990966
0.990973
0.990989
0.991012
0.991027
0.991042
0.991057
0.991073
0.991088
0.991103
0.991118
0.991134
0.991149
0.991164
0.991179
0.991195
0.99121
0.991225
0.991241
0.991256
0.991271
0.991286
0.991302
0.991317
0.991332
0.991347
0.991363
0.991378
0.991393
0.991408
0.991424
0.991439
0.991454
0.991469
0.991485
0.991508
0.991523
0.991538
0.991553
0.991569
0.991584
0.991599
0.991614
0.99163
0.991645
0.99166
0.991675
0.991691
0.991706
0.991729
0.991736
0.991752
0.991767
0.991782
0.991805
0.991813
0.991828
0.991851
0.991866
0.991881
0.991897
0.991912
0.991927
0.991942
0.991958
0.991973
0.991988
0.992003
0.992019
0.992034
0.992049
0.992064
0.99208
0.992095
0.99211
0.992133
0.992141
0.992156
0.992179
0.992194
0.992209
0.992225
0.99224
0.992255
0.99227
0.992286
0.992301
0.992316
0.992339
0.992347
0.992362
0.992377
0.9924
0.992415
0.992431
0.992446
0.992461
0.992476
0.992492
0.992507
0.992522
0.992537
0.992553
0.992568
0.992583
0.992599
0.992614
0.992629
0.992644
0.99266
0.992675
0.99269
0.992705
0.992721
0.992736
0.992751
0.992766
0.992782
0.992805
0.992812
0.992827
0.99285
0.992858
0.992881
0.992896
0.992911
0.992927
0.992942
0.992957
0.992972
0.992988
0.993003
0.993018
0.993033
0.993049
0.993064
0.993079
0.993094
0.993112
0.993119
0.993127
0.993134
0.993142
0.99315
0.993157
0.993165
0.993173
0.99318
0.993188
0.993196
0.993203
