0
0
1.90731e-06
1.71661e-05
3.2425e-05
4.95911e-05
0.000123978
0.00037384
0.00142479
0.00282669
0.00499153
0.00807571
0.0122204
0.0175381
0.0241299
0.0320606
0.0413685
0.0520725
0.064167
0.0776234
0.0923996
0.108437
0.125669
0.144014
0.163391
0.183712
0.204882
0.226801
0.260876
0.284245
0.296089
0.32004
0.356449
0.380909
0.405409
0.429852
0.454159
0.47827
0.502117
0.51392
0.54874
0.571396
0.593542
0.615145
0.636171
0.656609
0.676437
0.695637
0.71418
0.732052
0.749241
0.773727
0.789186
0.803955
0.818033
0.831432
0.844158
0.856205
0.86758
0.878288
0.88834
0.897755
0.906551
0.914759
0.922398
0.929491
0.936064
0.942141
0.94775
0.952911
0.957649
0.961987
0.965946
0.969545
0.972805
0.97575
0.978394
0.980755
0.982855
0.984709
0.987072
0.987757
0.989534
0.99004
0.990938
0.991695
0.992329
0.993059
0.993423
0.99357
0.993805
0.994017
0.994078
0.994085
0.994061
0.993933
0.993793
0.993612
0.993395
0.993143
0.992861
0.992548
0.992207
0.991838
0.991449
0.991037
0.990604
0.990152
0.989683
0.989197
0.988695
0.98818
0.987652
0.987116
0.986567
0.986012
0.985447
0.984882
0.984303
0.983723
0.983143
0.982563
0.981693
0.981403
0.980534
0.979954
0.979383
0.978819
0.978254
0.977705
0.977158
0.976624
0.976097
0.97558
0.975077
0.974585
0.974104
0.973635
0.973177
0.972734
0.972303
0.971886
0.971479
0.971087
0.970707
0.970341
0.969988
0.969648
0.969322
0.969007
0.968706
0.968416
0.968142
0.96788
0.96763
0.967278
0.967165
0.966951
0.966751
0.966562
0.966385
0.966141
0.966064
0.965853
0.965786
0.965605
0.965498
0.965401
0.965309
0.965233
0.96516
0.965099
0.965046
0.965
0.964962
0.964931
0.964907
0.964891
0.964878
0.964878
0.964878
0.964884
0.964899
0.964914
0.964947
0.964962
0.965008
0.965023
0.965055
0.965101
0.965147
0.965216
0.965239
0.965309
0.96537
0.965431
0.965492
0.965553
0.965614
0.965675
0.965736
0.965797
0.965858
0.965919
0.965981
0.966055
0.966131
0.966208
0.966284
0.96636
0.966436
0.966513
0.966589
0.966665
0.966742
0.966818
0.966894
0.967009
0.967047
0.967123
0.967237
0.967276
0.967352
0.967466
0.967543
0.967619
0.967651
0.967712
0.967804
0.967865
0.967926
0.967987
0.968048
0.968109
0.96817
0.968231
0.968292
0.968353
0.968414
0.968475
0.968536
0.968597
0.968658
0.968719
0.968781
0.968842
0.968903
0.968964
0.969025
0.969086
0.969147
0.969208
0.969299
0.96936
0.969389
0.969458
0.969481
0.969526
0.969595
0.969618
0.969687
0.969732
0.969778
0.969824
0.96987
0.969915
0.969961
0.970007
0.970053
0.970098
0.970144
0.97019
0.970236
0.970282
0.970282
0.970373
0.970419
0.970465
0.97051
0.970556
0.970602
0.970648
0.970694
0.970739
0.970785
0.970831
0.970877
0.970922
0.970968
0.971014
0.97106
0.971106
0.971151
0.97122
0.971243
0.971289
0.971334
0.97138
0.971426
0.971495
0.971518
0.971586
0.971632
0.971655
0.971724
0.971746
0.971815
0.971861
0.971907
0.971952
0.971998
0.972044
0.97209
0.972136
0.972181
0.972227
0.972273
0.972319
0.972364
0.972433
0.972479
0.972502
0.972548
0.972616
0.972662
0.972685
0.972754
0.972799
0.972845
0.972891
0.972937
0.972982
0.973028
0.973074
0.97312
0.973166
0.973211
0.973257
0.973326
0.973349
0.973417
0.97344
0.973509
0.973555
0.973577
0.973623
0.973669
0.973738
0.973783
0.973806
0.973852
0.973921
0.973967
0.974012
0.974035
0.974081
0.97415
0.974195
0.974241
0.974287
0.974333
0.974379
0.974424
0.97447
0.974516
0.974562
0.974607
0.974653
0.974699
0.974745
0.974791
0.974836
0.974882
0.974928
0.974974
0.975019
0.975065
0.975111
0.975157
0.975203
0.975248
0.975294
0.975363
0.975386
0.975452
0.975468
0.975498
0.975529
0.975574
0.97559
0.975636
0.975666
0.975697
0.975727
0.975758
0.975788
0.975819
0.975849
0.97588
0.97591
0.975941
0.975971
0.976002
0.976032
0.976063
0.976093
0.976128
0.976173
0.976219
0.976265
0.976311
0.976357
0.976402
0.976448
0.976494
0.97654
0.976585
0.976631
0.976677
0.976723
0.976768
0.976837
0.976883
0.976906
0.976974
0.97702
0.977066
0.977112
0.977158
0.977203
0.977249
0.977295
0.977339
0.977369
0.9774
0.97743
0.977461
0.977491
0.977522
0.977552
0.977583
0.977613
0.977644
0.977674
0.977705
0.977751
0.977766
0.977812
0.977827
0.977873
0.977888
0.977919
0.977964
0.97798
0.97801
0.978056
0.978086
0.978117
0.978148
0.978178
0.978209
0.978239
0.97827
0.978312
0.978357
0.978403
0.978449
0.978495
0.97854
0.978586
0.978632
0.978678
0.978724
0.978769
0.978815
0.978861
0.978907
0.978952
0.978998
0.979044
0.97909
0.979134
0.979164
0.979195
0.97924
0.979256
0.979301
0.979332
0.979362
0.979393
0.979424
0.979454
0.979485
0.979515
0.979546
0.979576
0.979607
0.979637
0.979668
0.979698
0.979729
0.979759
0.97979
0.97982
0.979866
0.979881
0.979927
0.979942
0.979973
0.980019
0.980049
0.98008
0.98011
0.980141
0.980171
0.980202
0.980232
0.980263
0.980293
0.980324
0.980354
0.980385
0.980415
0.980446
0.980476
0.980507
0.980537
0.980568
0.980598
0.980629
0.980659
0.98069
0.980721
0.980751
0.980782
0.980812
0.980843
0.980873
0.980919
0.980934
0.980965
0.98101
0.981041
0.981071
0.981102
0.981133
0.981163
0.981194
0.981224
0.981255
0.981285
0.981316
0.981346
0.981377
0.981407
0.981438
0.981468
0.981499
0.981529
0.981575
0.98159
0.981621
0.981667
0.981667
0.981712
0.981758
0.981773
0.981804
0.981834
0.98189
0.981936
0.981958
0.981981
0.98205
0.982119
0.982149
0.98218
0.982195
0.982241
0.982271
0.982302
0.982332
0.982363
0.982393
0.982424
0.982454
0.982485
0.982515
0.982546
0.982576
0.982607
0.982637
0.982668
0.982698
0.982729
0.982759
0.98279
0.982821
0.982851
0.982882
0.982912
0.982943
0.982973
0.983019
0.983049
0.983065
0.98311
0.983126
0.983171
0.983202
0.983232
0.983263
0.983294
0.983324
0.983355
0.983385
0.983416
0.983446
0.983477
0.983507
0.983538
0.983568
0.983599
0.983629
0.98366
0.98369
0.983721
0.983751
0.983782
0.983812
0.983843
0.983873
0.983904
0.983934
0.98398
0.983995
0.984026
0.984056
0.984087
0.984133
0.984148
0.984179
0.984224
0.98424
0.984285
0.984316
0.984331
0.984377
0.984407
0.984438
0.984468
0.984484
0.984529
0.98456
0.984591
0.984621
0.984652
0.984682
0.984713
0.984743
0.984774
0.984804
0.984835
0.984865
0.984896
0.984926
0.984957
0.984987
0.985018
0.985048
0.985079
0.985109
0.98514
0.98517
0.985201
0.985231
0.985262
0.985292
0.985323
0.985353
0.985384
0.98543
0.985445
0.985491
0.985521
0.985537
0.985582
0.985613
0.985643
0.985674
0.985704
0.985729
0.985752
0.985767
0.985783
0.985798
0.985813
0.985828
0.985844
0.985859
0.985874
0.985889
0.985905
0.98592
0.985935
0.98595
0.985966
0.985981
0.985996
0.986012
0.986027
0.986042
0.986057
0.986074
0.98612
0.986135
0.986166
0.986212
0.986227
0.986258
0.986288
0.986319
0.986364
0.986395
0.98641
0.986456
0.986471
0.986517
0.986547
0.986578
0.986609
0.986639
0.98667
0.9867
0.986731
0.986761
0.986792
0.986822
0.986853
0.986876
0.986898
0.986906
0.986921
0.986937
0.986952
0.986967
0.98699
0.987005
0.98702
0.987028
0.987051
0.987066
0.987082
0.987097
0.987112
0.987127
0.987143
0.987158
0.987173
0.987188
0.987204
0.987219
0.987234
0.987249
0.98727
0.987301
0.987331
0.987362
0.987392
0.987408
0.987453
0.987484
0.987514
0.987545
0.987576
0.987606
0.987637
0.987667
0.987713
0.987728
0.987759
0.987804
0.987835
0.987865
0.987896
0.987926
0.987949
0.987965
0.98798
0.987995
0.98801
0.988026
0.988041
0.988056
0.988071
0.988087
0.988102
0.988117
0.988132
0.988155
0.988163
0.988178
0.988194
0.988209
0.988232
0.988247
0.988262
0.988277
0.988285
0.988308
0.988323
0.988338
0.988354
0.988369
0.988392
0.988407
0.988422
0.988438
0.988453
0.988468
0.988483
0.988499
0.988516
0.988546
0.988577
0.988607
0.988638
0.988668
0.988699
0.988729
0.98876
0.988791
0.988821
0.988852
0.988882
0.988913
0.988943
0.988974
0.989004
0.989033
0.98904
0.989056
0.989071
0.989094
0.989101
0.989124
0.989132
0.989155
0.98917
0.989185
0.989201
0.989216
0.989231
0.989246
0.989262
0.989277
0.989292
0.989307
0.989323
0.989338
0.989353
0.989368
0.989384
0.989399
0.989414
0.989429
0.989445
0.98946
0.989475
0.989491
0.989506
0.989521
0.989536
0.989552
0.989567
0.989582
0.989597
0.98962
0.989628
0.989651
0.989666
0.989681
0.989697
0.989712
0.989727
0.989742
0.989758
0.989773
0.989788
0.989803
0.989819
0.989834
0.989864
0.989895
0.989925
0.989956
0.989986
0.990017
0.990047
0.990078
0.990108
0.990139
0.99017
0.9902
0.990227
0.990242
0.990257
0.99028
0.990288
0.990311
0.990326
0.990341
0.990356
0.990372
0.990387
0.990402
0.990417
0.990433
0.990448
0.990463
0.990479
0.990494
0.990509
0.990524
0.99054
0.990555
0.99057
0.990585
0.990601
0.990616
0.990631
0.990646
0.990662
0.990677
0.9907
0.990707
0.990723
0.990738
0.990753
0.990776
0.990784
0.990807
0.990822
0.990837
0.990852
0.990868
0.990875
0.990898
0.990913
0.990929
0.990944
0.990959
0.990974
0.99099
0.991005
0.99102
0.991035
0.991051
0.991066
0.991081
0.991096
0.991112
0.991127
0.991142
0.991165
0.99118
0.991188
0.991211
0.991226
0.991241
0.991257
0.991272
0.991287
0.991302
0.991318
0.991333
0.991348
0.991364
0.991379
0.991394
0.991409
0.991425
0.99144
0.991455
0.99147
0.991486
0.991501
0.991516
0.991531
0.991547
0.991562
0.991577
0.991592
0.991608
0.991623
0.991638
0.991653
0.991669
0.991684
0.991699
