0
2.28884e-05
2.28884e-05
4.57765e-05
6.10353e-05
7.62941e-05
0.000172615
0.000451088
0.00111866
0.00240517
0.00454903
0.0077858
0.00988102
0.0183811
0.0261126
0.0356646
0.0471449
0.060626
0.076149
0.0937176
0.113299
0.134834
0.158234
0.183389
0.210173
0.253095
0.268058
0.314643
0.330669
0.379958
0.413615
0.447707
0.482075
0.516565
0.551037
0.585343
0.619344
0.652903
0.685905
0.718244
0.749821
0.780549
0.795569
0.839154
0.8669
0.893537
0.919014
0.943295
0.966362
0.988206
1.0088
1.02812
1.04615
1.06289
1.07831
1.09244
1.10527
1.11681
1.1271
1.13614
1.14396
1.15061
1.15843
1.16049
1.16381
1.16687
1.1674
1.16762
1.16668
1.16492
1.1624
1.15917
1.15529
1.1508
1.14305
1.13729
1.13111
1.12457
1.11772
1.11061
1.10329
1.0958
1.08819
1.08051
1.0728
1.06508
1.05741
1.0498
1.04228
1.03488
1.02762
1.01704
1.01023
1.00363
0.997255
0.991131
0.985266
0.976995
0.971856
0.96703
0.962523
0.958344
0.954494
0.950976
0.947795
0.944948
0.94243
0.940234
0.938353
0.936773
0.935484
0.934474
0.933732
0.933244
0.932997
0.932978
0.933175
0.933574
0.934162
0.934925
0.935851
0.936926
0.938137
0.939471
0.940916
0.942459
0.944931
0.945791
0.948457
0.949368
0.952152
0.953091
0.954974
0.95779
0.959646
0.961473
0.963264
0.965011
0.966707
0.96835
0.969934
0.971451
0.972901
0.974282
0.975591
0.976827
0.977989
0.979079
0.980095
0.981483
0.981912
0.982715
0.983791
0.984428
0.984997
0.985504
0.98595
0.986338
0.98667
0.986945
0.987167
0.987404
0.9875
0.987549
0.987553
0.987512
0.987431
0.987309
0.98715
0.986846
0.986602
0.986327
0.986023
0.985692
0.985336
0.984959
0.984561
0.984143
0.98371
0.983262
0.9828
0.982329
0.981848
0.981359
0.980864
0.980366
0.979862
0.979359
0.978855
0.978352
0.977606
0.977358
0.976627
0.976387
0.97568
0.97545
0.974996
0.974554
0.974126
0.973511
0.973313
0.972747
0.97239
0.972053
0.971732
0.971431
0.971148
0.970884
0.970641
0.970419
0.970217
0.970035
0.969873
0.969731
0.969608
0.969505
0.96942
0.969354
0.969305
0.969273
0.969255
0.96926
0.969269
0.969296
0.969338
0.969393
0.969496
0.969577
0.969668
0.969769
0.969878
0.969995
0.970118
0.970247
0.970383
0.970521
0.970666
0.970811
0.970961
0.971113
0.971266
0.971418
0.971571
0.971724
0.971876
0.972029
0.972181
0.972334
0.972486
0.972633
0.972778
0.972923
0.973065
0.973203
0.973407
0.973536
0.973666
0.973788
0.97391
0.974026
0.97414
0.974247
0.974353
0.974452
0.974548
0.97464
0.974727
0.974811
0.974889
0.974965
0.975035
0.975103
0.975165
0.975256
0.975283
0.975363
0.97541
0.975432
0.975499
0.975518
0.975575
0.975595
0.975626
0.975672
0.975702
0.975726
0.975749
0.975772
0.975795
0.975817
0.975832
0.975847
0.975863
0.975878
0.975893
0.975908
0.975924
0.975939
0.975954
0.975969
0.975985
0.976
0.976015
0.97603
0.976046
0.976061
0.976076
0.976091
0.976107
0.976122
0.976137
0.976152
0.976168
0.976183
0.976198
0.976213
0.976236
0.976244
0.976272
0.976295
0.976306
0.97634
0.976363
0.976386
0.976409
0.976432
0.976455
0.976478
0.976507
0.976538
0.976568
0.976599
0.976629
0.97666
0.97669
0.976721
0.976751
0.976782
0.976812
0.976847
0.976885
0.976923
0.976961
0.976999
0.977057
0.977076
0.977114
0.977152
0.97719
0.977247
0.977266
0.977324
0.977362
0.9774
0.977438
0.977457
0.977514
0.977552
0.977591
0.977629
0.977667
0.977705
0.977743
0.977781
0.977819
0.977858
0.977896
0.977934
0.977972
0.97801
0.978067
0.978086
0.978144
0.978182
0.97822
0.978277
0.978315
0.978354
0.978392
0.97843
0.978468
0.978506
0.978544
0.978582
0.978621
0.978659
0.978697
0.978735
0.978773
0.978811
0.978868
0.978888
0.978926
0.978983
0.979002
0.979059
0.979097
0.979133
0.979163
0.979178
0.979224
0.979255
0.979285
0.979316
0.979346
0.979377
0.979407
0.979438
0.979468
0.979499
0.979529
0.97956
0.979606
0.979621
0.979667
0.979682
0.979728
0.979758
0.979789
0.979804
0.97985
0.979865
0.979911
0.979941
0.979972
0.980002
0.980033
0.980063
0.980094
0.980124
0.980155
0.980186
0.980216
0.980247
0.980277
0.980308
0.980338
0.980369
0.980399
0.98043
0.98046
0.980491
0.980521
0.980552
0.980582
0.980613
0.980643
0.980674
0.980704
0.98075
0.980765
0.980796
0.980842
0.980857
0.980887
0.980933
0.980964
0.980994
0.981025
0.981055
0.981086
0.981116
0.981147
0.981177
0.981208
0.981238
0.981269
0.981299
0.98133
0.98136
0.981391
0.981421
0.981452
0.981483
0.981513
0.981544
0.981574
0.981605
0.98165
0.981666
0.981711
0.981742
0.981757
0.981803
0.981833
0.981864
0.981894
0.981925
0.981956
0.981986
0.982017
0.982047
0.982078
0.982108
0.982139
0.982169
0.9822
0.98223
0.982261
0.982291
0.982322
0.982352
0.982383
0.982413
0.982459
0.982474
0.982505
0.982535
0.982566
0.982612
0.982642
0.982657
0.982688
0.982718
0.982764
0.982795
0.982825
0.982856
0.982886
0.982917
0.982947
0.982978
0.983008
0.983039
0.983069
0.9831
0.98313
0.983161
0.983191
0.983222
0.983253
0.983283
0.983314
0.983344
0.98339
0.983405
0.983436
0.983481
0.983512
0.983542
0.983573
0.983603
0.983634
0.983665
0.983695
0.983726
0.983756
0.983787
0.983817
0.983848
0.983878
0.983909
0.983939
0.98397
0.984
0.984031
0.984061
0.984107
0.984122
0.984153
0.984181
0.984204
0.984239
0.98425
0.984273
0.984296
0.984319
0.984342
0.984376
0.984387
0.98441
0.984445
0.984456
0.984479
0.984513
0.984536
0.984559
0.984582
0.984605
0.984628
0.984651
0.984674
0.984696
0.984719
0.984754
0.984765
0.984799
0.984811
0.984845
0.984868
0.984879
0.984914
0.984925
0.98496
0.984982
0.985005
0.985028
0.985051
0.985074
0.985099
0.985129
0.98516
0.98519
0.985221
0.985251
0.985282
0.985312
0.985343
0.985373
0.985404
0.985435
0.98548
0.985496
0.985526
0.985572
0.985587
0.985627
0.985639
0.985662
0.985684
0.985719
0.98573
0.985753
0.985787
0.985799
0.985822
0.985845
0.985879
0.98589
0.985913
0.985936
0.98597
0.985982
0.986005
0.986039
0.986051
0.986073
0.986108
0.986131
0.986154
0.986176
0.986199
0.986222
0.986245
0.986268
0.986291
0.986314
0.986348
0.98636
0.986394
0.986405
0.986428
0.986463
0.986474
0.986497
0.986531
0.986543
0.986577
0.9866
0.986623
0.986646
0.986669
0.986691
0.986714
0.986737
0.98676
0.986783
0.986806
0.986829
0.986852
0.986875
0.986897
0.98692
0.986943
0.986966
0.986989
0.987012
0.987035
0.987058
0.987081
0.987103
0.987126
0.987149
0.987172
0.987195
0.987218
0.987241
0.987264
0.987287
0.987309
0.987344
0.987355
0.987378
0.987412
0.987424
0.987458
0.987481
0.987504
0.987527
0.98755
0.987573
0.987596
0.987618
0.987641
0.987664
0.987687
0.98771
0.987733
0.987756
0.987779
0.987813
0.987836
0.987859
0.987882
0.987905
0.987927
0.98795
0.987973
0.987996
0.988019
0.988042
0.988065
0.988088
0.988111
0.988133
0.988156
0.988179
0.988202
0.988225
0.988248
0.988271
0.988294
0.988317
0.988339
0.988362
0.988397
0.988408
0.988431
0.988454
0.988488
0.988511
0.988534
0.988557
0.98858
0.988603
0.988626
0.988648
0.988671
0.988694
0.988717
0.988751
0.988774
0.988797
0.98882
0.988843
0.988864
0.988879
0.988894
0.98891
0.988925
0.98894
0.988955
0.988971
0.988986
0.989001
0.989024
0.989032
0.989047
0.98907
0.989078
0.989093
0.989108
0.989123
0.989146
0.989154
0.989169
0.989184
0.989207
0.989223
0.989238
0.989253
0.989261
0.989276
0.989299
0.989314
0.989329
0.989347
0.989369
0.989392
0.989415
0.989438
0.989461
0.989484
0.989507
0.98953
0.989552
0.989575
0.989598
0.989621
0.989644
0.989667
0.98969
0.989713
0.989736
0.98977
0.989781
0.989816
0.989839
0.989861
0.989869
0.989884
0.989907
0.989923
0.989938
0.989953
0.989968
0.989984
0.989999
0.990014
0.990029
0.990045
0.99006
0.990075
0.99009
0.990106
0.990121
0.990136
0.990159
0.990174
0.99019
0.990205
0.99022
0.990235
0.990251
0.990266
0.990289
0.990304
0.990319
0.990335
0.99035
0.990365
0.99038
0.990396
0.990411
0.990426
0.990441
0.990457
0.990472
0.990487
0.990502
0.990518
0.990541
0.990548
0.990571
0.990579
0.990611
0.990634
0.990657
0.99068
0.990703
0.990726
0.990748
0.990771
0.990794
0.990817
0.99084
0.990863
0.990886
0.990909
0.990932
0.990947
0.990962
0.990977
0.990993
0.991015
0.991031
0.991046
0.991061
0.991076
0.991092
0.991107
0.991122
0.991138
0.991153
0.991176
0.991191
0.991199
0.991214
0.991229
0.991252
0.991267
0.991282
0.991298
0.991313
0.991328
0.991343
0.991359
0.991374
0.991389
0.991412
0.991427
0.991443
0.991458
0.991473
0.991488
0.991504
0.991519
0.991534
0.991549
0.991572
0.99158
0.991595
0.991611
0.991626
0.991641
0.991664
0.991672
0.991694
0.99171
0.991725
0.99174
0.991755
0.991771
0.991786
0.991801
0.991817
0.991832
0.991847
0.99187
0.991878
0.991893
0.991908
0.991923
0.991946
0.991954
0.991977
0.991992
0.992007
0.992023
0.992038
0.992053
0.992068
0.992084
0.992099
0.992114
0.992129
0.992145
0.99216
0.992175
0.99219
0.992206
0.992221
0.992236
0.992251
0.992267
0.992282
0.992297
0.992312
0.992328
0.992343
0.992358
0.992373
0.992389
0.992412
0.992427
0.992442
0.992457
0.992473
0.992488
0.992503
0.992518
0.992534
0.992549
0.992564
0.992579
0.992595
0.99261
0.992625
0.99264
0.992656
0.992671
0.992694
0.992709
0.992724
0.99274
0.992755
0.99277
0.992785
0.992801
0.992816
0.992831
0.992846
0.992862
0.992877
0.992892
0.992908
0.992923
0.992938
0.992953
0.992969
