0
1.52588e-05
3.05177e-05
4.57765e-05
6.10353e-05
8.20161e-05
0.000164986
0.000443459
0.00111103
0.00239754
0.0045414
0.00777817
0.0151482
0.0183735
0.0261049
0.0356569
0.0536242
0.0681219
0.0846586
0.103218
0.123756
0.146196
0.170428
0.196322
0.223729
0.252494
0.282455
0.31345
0.345316
0.377898
0.411049
0.444623
0.478484
0.512504
0.546551
0.5805
0.614233
0.647635
0.680595
0.713008
0.760385
0.791008
0.820761
0.835287
0.863592
0.904057
0.929602
0.953916
0.976936
0.998633
1.019
1.03801
1.05564
1.07189
1.08675
1.10022
1.11232
1.12307
1.1325
1.14423
1.14753
1.15561
1.15957
1.16114
1.16428
1.16512
1.16504
1.16407
1.16227
1.15972
1.15645
1.15253
1.14802
1.14296
1.1374
1.12826
1.1217
1.11483
1.10769
1.10033
1.0928
1.08515
1.07742
1.06966
1.06191
1.0542
1.04657
1.03905
1.03167
1.02445
1.01398
1.0106
1.00401
0.994596
0.988654
0.983
0.977647
0.9726
0.967867
0.963456
0.959373
0.955623
0.952204
0.949114
0.946349
0.943904
0.941772
0.93994
0.938402
0.937146
0.936161
0.935435
0.93496
0.93472
0.934703
0.934896
0.935287
0.935863
0.93661
0.937517
0.938569
0.939752
0.941055
0.942466
0.943972
0.946382
0.948071
0.94981
0.951588
0.953389
0.955204
0.957017
0.958817
0.96059
0.962331
0.964028
0.965675
0.967266
0.968796
0.970262
0.97166
0.972988
0.974246
0.975432
0.976546
0.97759
0.978562
0.979465
0.980301
0.981428
0.98177
0.982702
0.982983
0.983732
0.984159
0.984529
0.984846
0.98511
0.985324
0.985489
0.985607
0.98568
0.985708
0.985696
0.985644
0.985555
0.985431
0.985271
0.985081
0.984859
0.984611
0.984334
0.984034
0.983709
0.983365
0.983
0.982617
0.982219
0.981595
0.981164
0.980723
0.980274
0.979817
0.979357
0.978891
0.978426
0.977728
0.977269
0.976813
0.976364
0.975923
0.97549
0.975066
0.974454
0.974061
0.973683
0.973319
0.97297
0.972638
0.972323
0.972026
0.971613
0.97136
0.971127
0.970912
0.970715
0.970536
0.970377
0.970236
0.970113
0.970008
0.969922
0.969826
0.969782
0.969766
0.969745
0.969742
0.969756
0.969784
0.969824
0.969874
0.969935
0.970007
0.970087
0.970175
0.97027
0.970372
0.970479
0.970593
0.970712
0.970834
0.970959
0.971088
0.971218
0.971415
0.971483
0.971621
0.971758
0.971895
0.972033
0.972233
0.972363
0.972492
0.972622
0.97275
0.972872
0.972994
0.973114
0.973228
0.973343
0.973451
0.973557
0.973709
0.973759
0.973901
0.973947
0.974037
0.974121
0.974205
0.974282
0.974397
0.974465
0.974534
0.974599
0.974629
0.974721
0.974776
0.97483
0.974883
0.97493
0.974976
0.975021
0.975062
0.975101
0.975139
0.975177
0.975208
0.975239
0.975269
0.9753
0.97533
0.975355
0.975378
0.975401
0.975424
0.975447
0.97547
0.975492
0.975515
0.975538
0.975573
0.975595
0.975618
0.975638
0.975654
0.975669
0.975685
0.975708
0.975731
0.975754
0.975788
0.9758
0.975822
0.975857
0.975868
0.975903
0.975925
0.975948
0.975971
0.975994
0.976017
0.97604
0.976063
0.976086
0.976109
0.976131
0.976154
0.976182
0.976213
0.976243
0.976274
0.976319
0.97635
0.97638
0.976411
0.976441
0.976472
0.976502
0.976533
0.976563
0.976611
0.97663
0.976687
0.976726
0.976764
0.976802
0.97684
0.976878
0.976916
0.976954
0.976993
0.977031
0.977069
0.977107
0.977145
0.977183
0.977241
0.97726
0.977317
0.977355
0.977393
0.977431
0.977469
0.977508
0.977546
0.977603
0.977622
0.977679
0.977717
0.977756
0.977794
0.977832
0.97787
0.977908
0.977946
0.977984
0.978023
0.978061
0.978099
0.978137
0.978175
0.978213
0.978271
0.97829
0.978328
0.978385
0.978423
0.978461
0.978499
0.978538
0.978576
0.978614
0.978652
0.978683
0.978713
0.978744
0.978774
0.978805
0.978835
0.978866
0.978896
0.978927
0.978957
0.978988
0.979018
0.979049
0.979079
0.979125
0.97914
0.979171
0.979201
0.979247
0.979278
0.979308
0.979339
0.979369
0.9794
0.97943
0.979461
0.979491
0.979522
0.979552
0.979583
0.979613
0.979659
0.979674
0.979705
0.979735
0.979766
0.979812
0.979842
0.979873
0.979903
0.979934
0.979964
0.979995
0.980025
0.980056
0.980086
0.980117
0.980147
0.980178
0.980208
0.980239
0.980269
0.9803
0.98033
0.980361
0.980392
0.980422
0.980453
0.980483
0.980515
0.980554
0.980592
0.98063
0.980687
0.980725
0.980744
0.980802
0.980821
0.980878
0.980897
0.980954
0.980992
0.98103
0.981069
0.981088
0.981144
0.981174
0.981205
0.981236
0.981266
0.981297
0.981327
0.981358
0.981388
0.981419
0.981449
0.981495
0.98151
0.981556
0.981586
0.981617
0.981647
0.981678
0.981709
0.981739
0.98177
0.9818
0.981831
0.981861
0.981892
0.981922
0.981953
0.981983
0.982014
0.982044
0.982075
0.982105
0.982136
0.982166
0.982197
0.982227
0.982258
0.982288
0.982319
0.982349
0.98238
0.98241
0.982441
0.982471
0.982502
0.982533
0.982578
0.982609
0.982639
0.982655
0.9827
0.982731
0.982761
0.982792
0.982822
0.982853
0.982883
0.982914
0.982944
0.982975
0.983006
0.983036
0.983067
0.983097
0.983143
0.983158
0.983189
0.983219
0.983265
0.98328
0.983326
0.983341
0.98338
0.983392
0.983415
0.983449
0.98346
0.983495
0.983506
0.983541
0.983563
0.983586
0.983609
0.983632
0.983655
0.983678
0.983712
0.983735
0.983758
0.983781
0.983804
0.983827
0.98385
0.983872
0.983895
0.983918
0.983953
0.983978
0.984009
0.984039
0.98407
0.9841
0.984131
0.984161
0.984192
0.984222
0.984253
0.984283
0.984329
0.984344
0.98439
0.984421
0.984451
0.984482
0.984512
0.984543
0.984573
0.984604
0.984634
0.984665
0.984695
0.984726
0.984756
0.98478
0.984815
0.984838
0.98486
0.984883
0.984906
0.984929
0.984952
0.984975
0.984998
0.985021
0.985044
0.985066
0.985089
0.985112
0.985135
0.985158
0.985181
0.985204
0.985227
0.98525
0.985272
0.985295
0.985318
0.985341
0.985375
0.985398
0.98541
0.985444
0.985467
0.98549
0.985513
0.985536
0.985547
0.985584
0.985615
0.985645
0.985676
0.985706
0.985737
0.985767
0.985798
0.985828
0.985859
0.985905
0.985935
0.985966
0.985996
0.986027
0.986051
0.986073
0.986096
0.986119
0.986142
0.986165
0.986188
0.986211
0.986234
0.986257
0.986291
0.986314
0.986337
0.98636
0.986382
0.986405
0.986428
0.986451
0.986474
0.986497
0.98652
0.986543
0.986566
0.986588
0.986611
0.986634
0.986669
0.986691
0.986714
0.986737
0.98676
0.986783
0.986806
0.986829
0.986852
0.986875
0.986897
0.98692
0.986943
0.986966
0.986989
0.987012
0.987035
0.987058
0.987081
0.987103
0.987126
0.987149
0.987172
0.987195
0.987218
0.987252
0.987264
0.987298
0.987321
0.987344
0.987355
0.98739
0.987412
0.987435
0.987458
0.987481
0.987504
0.987527
0.98755
0.987573
0.987596
0.987618
0.987641
0.987664
0.987687
0.98771
0.987733
0.987756
0.987779
0.987802
0.987824
0.987847
0.98787
0.987905
0.987916
0.987939
0.987962
0.987985
0.988019
0.988042
0.988053
0.988076
0.988099
0.988133
0.988156
0.988168
0.988202
0.988225
0.988248
0.988271
0.988294
0.988317
0.988339
0.988362
0.988385
0.988408
0.988431
0.988454
0.988477
0.9885
0.988523
0.988543
0.988558
0.988581
0.988596
0.988611
0.988626
0.988642
0.988657
0.988672
0.988688
0.988703
0.988718
0.988733
0.988749
0.988764
0.988779
0.988802
0.988817
0.988832
0.988848
0.988863
0.988878
0.988894
0.988914
0.988936
0.988959
0.988994
0.989005
0.989028
0.989062
0.989074
0.989108
0.98912
0.989142
0.989165
0.9892
0.989223
0.989245
0.989268
0.989291
0.989314
0.989337
0.98936
0.989394
0.989417
0.98944
0.989463
0.989486
0.989509
0.989526
0.989541
0.989556
0.989572
0.989587
0.989602
0.989617
0.989633
0.989648
0.989663
0.989678
0.989694
0.989709
0.989724
0.989739
0.989755
0.98977
0.989785
0.9898
0.989816
0.989831
0.989846
0.989869
0.989884
0.9899
0.989907
0.98993
0.989938
0.989961
0.989968
0.989984
0.990006
0.990022
0.990029
0.990061
0.990084
0.990107
0.990129
0.990152
0.990175
0.990198
0.990221
0.990244
0.990267
0.99029
0.990313
0.990335
0.990358
0.990381
0.990404
0.990427
0.990457
0.990464
0.990479
0.990502
0.99051
0.990533
0.990541
0.990563
0.990579
0.990586
0.990609
0.990624
0.99064
0.990655
0.990678
0.990685
0.990701
0.990716
0.990739
0.990754
0.990769
0.990777
0.9908
0.990815
0.99083
0.990846
0.990861
0.990876
0.990891
0.990907
0.990922
0.990937
0.990952
0.990968
0.990983
0.990998
0.991014
0.991029
0.991044
0.991059
0.991075
0.99109
0.991105
0.99112
0.991136
0.991151
0.991166
0.991189
0.991197
0.99122
0.991235
0.99125
0.991258
0.991281
0.991296
0.991311
0.991326
0.991342
0.991357
0.991372
0.991387
0.991403
0.991418
0.991433
0.991448
0.991464
0.991479
0.991494
0.991509
0.991525
0.99154
0.991555
0.99157
0.991586
0.991601
0.991616
0.991632
0.991647
0.991662
0.991677
0.991693
0.991715
0.991723
0.991746
0.991761
0.991776
0.991792
0.991807
0.991822
0.991838
0.99186
0.991868
0.991883
0.991906
0.991921
0.991929
0.991944
0.99196
0.991982
0.991998
0.992013
0.992028
0.992043
0.992059
0.992074
0.992089
0.992105
0.99212
0.992135
0.99215
0.992166
0.992181
0.992196
0.992211
0.992227
0.992242
0.992257
0.992272
0.992288
0.992303
0.992318
0.992333
0.992349
0.992364
0.992379
0.992394
0.99241
0.992433
0.992448
0.992463
0.992471
0.992486
0.992501
0.992524
0.992532
0.992555
0.99257
0.992585
0.9926
0.992616
0.992639
0.992646
0.992669
0.992684
0.9927
0.992715
0.99273
0.992745
0.992761
0.992784
0.992799
0.992806
0.992829
0.992837
0.99286
0.992875
0.992883
0.992906
0.992921
0.992936
0.992951
0.992967
0.992982
