0
2.28884e-05
3.05177e-05
5.34057e-05
6.86645e-05
0.000108719
0.000268936
0.000715256
0.00166225
0.0033474
0.0060091
0.00987339
0.0151482
0.0220203
0.0306463
0.041153
0.0536327
0.0681419
0.0847034
0.103306
0.134938
0.158398
0.183638
0.210533
0.238946
0.268725
0.299701
0.331692
0.381186
0.414933
0.449087
0.483489
0.51799
0.552436
0.586666
0.620528
0.653876
0.686584
0.718547
0.749669
0.779864
0.809062
0.837203
0.864228
0.890096
0.926646
0.949464
0.971015
0.981309
1.01025
1.02791
1.04425
1.05926
1.07292
1.08527
1.09632
1.10609
1.11461
1.12191
1.12803
1.13302
1.13848
1.14085
1.14226
1.14278
1.14245
1.14133
1.13947
1.13693
1.13376
1.13002
1.12575
1.12102
1.11586
1.11033
1.10145
1.0952
1.08873
1.08211
1.07535
1.06851
1.06163
1.05474
1.04789
1.04111
1.03443
1.02787
1.01831
1.01216
1.00621
1.00047
0.994962
0.989697
0.984696
0.979968
0.975526
0.971372
0.967515
0.963954
0.960685
0.957709
0.953784
0.951514
0.949517
0.947785
0.946305
0.945069
0.944077
0.94332
0.942786
0.942382
0.942359
0.942523
0.942859
0.943355
0.943997
0.944774
0.945678
0.946691
0.947804
0.949008
0.950292
0.95234
0.953048
0.955232
0.955974
0.958228
0.959739
0.961236
0.962714
0.964168
0.965587
0.966966
0.968299
0.969581
0.970809
0.971976
0.973088
0.974137
0.975121
0.976045
0.976907
0.978086
0.978795
0.979444
0.979745
0.980304
0.98104
0.981462
0.98183
0.982146
0.982415
0.982635
0.982808
0.982938
0.983027
0.983075
0.983085
0.983058
0.982997
0.982902
0.982776
0.982619
0.982436
0.982228
0.981994
0.98174
0.981317
0.981013
0.980853
0.980357
0.980006
0.979646
0.979278
0.978896
0.978515
0.978124
0.977727
0.97733
0.976933
0.976537
0.976148
0.975766
0.975385
0.975013
0.974647
0.974292
0.973943
0.973607
0.973283
0.97297
0.972669
0.972381
0.972108
0.971848
0.971604
0.971375
0.971162
0.970963
0.97078
0.970613
0.970393
0.970265
0.970206
0.970101
0.97001
0.969903
0.969872
0.969806
0.969777
0.969762
0.969762
0.969771
0.96979
0.969821
0.969865
0.969914
0.969975
0.970044
0.97012
0.970202
0.970294
0.970386
0.970492
0.970599
0.970706
0.970822
0.970944
0.971066
0.97125
0.971372
0.971494
0.971616
0.971738
0.97186
0.971982
0.972104
0.972287
0.972409
0.972531
0.972653
0.972775
0.972898
0.973008
0.973115
0.973222
0.973329
0.973435
0.973535
0.973626
0.973718
0.973809
0.973901
0.974021
0.974059
0.974174
0.974212
0.974326
0.974387
0.974448
0.974509
0.97457
0.974631
0.974685
0.97473
0.974776
0.974822
0.974868
0.974914
0.974959
0.974992
0.975022
0.975053
0.975083
0.975114
0.975144
0.97519
0.975205
0.975236
0.975282
0.975312
0.975341
0.975356
0.975371
0.975379
0.975402
0.975417
0.975432
0.975448
0.975463
0.975478
0.975493
0.975509
0.975524
0.975539
0.975554
0.97557
0.975585
0.9756
0.975619
0.97565
0.97568
0.975711
0.975741
0.975772
0.975818
0.975833
0.975863
0.975909
0.975924
0.975955
0.976001
0.976016
0.976047
0.976092
0.976123
0.976153
0.976184
0.976214
0.976245
0.976275
0.976306
0.976336
0.976367
0.976398
0.976428
0.976459
0.976489
0.97652
0.97656
0.976605
0.976651
0.97672
0.976743
0.976811
0.976857
0.976903
0.976926
0.976995
0.97704
0.977086
0.977132
0.977178
0.977223
0.977269
0.977315
0.977361
0.977407
0.977452
0.977494
0.977525
0.977555
0.977586
0.977616
0.977647
0.977677
0.977708
0.977738
0.977769
0.977799
0.97783
0.97786
0.977891
0.977921
0.977967
0.977998
0.978013
0.978044
0.978089
0.97812
0.97815
0.978181
0.978211
0.978242
0.978272
0.978303
0.978333
0.978364
0.978395
0.978425
0.978456
0.978501
0.978517
0.978547
0.978593
0.978608
0.978654
0.978669
0.978715
0.978745
0.978776
0.978806
0.978837
0.978868
0.978898
0.978929
0.978959
0.97899
0.97902
0.979051
0.979081
0.979112
0.979142
0.979173
0.979205
0.979251
0.979297
0.979342
0.979388
0.979434
0.97948
0.979526
0.979571
0.979617
0.979686
0.979732
0.979777
0.979823
0.979869
0.979907
0.979938
0.979968
0.979999
0.980029
0.98006
0.98009
0.980121
0.980151
0.980197
0.980227
0.980258
0.980289
0.980319
0.980365
0.980395
0.980426
0.980456
0.980487
0.980517
0.980548
0.980578
0.980624
0.980655
0.980685
0.980716
0.980746
0.980777
0.980807
0.980838
0.980868
0.980899
0.980929
0.98096
0.98099
0.981021
0.981051
0.981082
0.981112
0.981158
0.981174
0.981204
0.981235
0.981265
0.981296
0.981341
0.981357
0.981402
0.981433
0.981463
0.981494
0.981524
0.981555
0.981586
0.981616
0.981647
0.981677
0.981723
0.981753
0.981784
0.981814
0.981845
0.981875
0.981906
0.981936
0.981967
0.981997
0.982028
0.982059
0.982089
0.98212
0.98215
0.982196
0.982226
0.982242
0.982272
0.982318
0.982348
0.982379
0.982409
0.98244
0.982471
0.982501
0.982532
0.982562
0.982593
0.982623
0.982654
0.982684
0.98273
0.98276
0.982791
0.982821
0.982852
0.982882
0.982913
0.982944
0.982974
0.983005
0.983035
0.983081
0.983111
0.983127
0.983157
0.983188
0.983218
0.983264
0.983279
0.983325
0.983356
0.983386
0.983417
0.983447
0.983478
0.983508
0.983539
0.983569
0.9836
0.98363
0.983661
0.983691
0.983722
0.983752
0.983783
0.983813
0.983859
0.98389
0.98392
0.983951
0.983981
0.984012
0.984042
0.984073
0.984103
0.984134
0.984164
0.984193
0.984216
0.984223
0.984246
0.984262
0.984277
0.984292
0.984307
0.984323
0.984338
0.984353
0.984368
0.984391
0.984399
0.984414
0.984429
0.984445
0.984473
0.984488
0.984519
0.98455
0.98458
0.984611
0.984656
0.984687
0.984702
0.984748
0.984778
0.984809
0.984839
0.98487
0.9849
0.984931
0.984962
0.984992
0.985023
0.985053
0.985084
0.985114
0.985145
0.985175
0.985206
0.985236
0.985267
0.985297
0.985328
0.985358
0.985389
0.985419
0.98545
0.98548
0.985511
0.985541
0.985572
0.985602
0.985633
0.985663
0.985694
0.98574
0.98577
0.985793
0.985808
0.985824
0.985839
0.985854
0.985869
0.985885
0.9859
0.985915
0.98593
0.985946
0.985961
0.985976
0.985991
0.986007
0.986022
0.986037
0.986053
0.986068
0.986083
0.986098
0.986114
0.986136
0.98615
0.98618
0.986211
0.986257
0.986272
0.986318
0.986348
0.986379
0.986409
0.98644
0.98647
0.986501
0.986531
0.986562
0.986592
0.986623
0.986653
0.986684
0.986714
0.986745
0.986775
0.986806
0.986836
0.986867
0.986897
0.986928
0.986959
0.986976
0.986991
0.987014
0.987029
0.987044
0.98706
0.987075
0.98709
0.987105
0.987121
0.987136
0.987159
0.987174
0.987189
0.987205
0.98722
0.987235
0.98725
0.987266
0.987288
0.987296
0.987319
0.987334
0.98735
0.987365
0.98738
0.987399
0.987445
0.98746
0.987491
0.987521
0.987567
0.987582
0.987613
0.987659
0.987689
0.98772
0.98775
0.987781
0.987811
0.987842
0.987887
0.987918
0.987948
0.987979
0.988009
0.98804
0.988055
0.98807
0.988086
0.988101
0.988116
0.988132
0.988147
0.988162
0.988185
0.9882
0.988208
0.988223
0.988238
0.988261
0.988276
0.988292
0.988299
0.988315
0.988338
0.988353
0.988368
0.988383
0.988399
0.988421
0.988429
0.988444
0.988467
0.988482
0.98849
0.988513
0.988521
0.988544
0.988559
0.988574
0.988589
0.988605
0.98862
0.988647
0.988677
0.988708
0.988738
0.988769
0.988799
0.98883
0.98886
0.988891
0.988921
0.988952
0.988997
0.989013
0.989043
0.989089
0.98912
0.98915
0.989179
0.989194
0.989209
0.989224
0.98924
0.989255
0.98927
0.989285
0.989301
0.989316
0.989331
0.989347
0.989362
0.989385
0.989392
0.989408
0.989423
0.989438
0.989453
0.989476
0.989484
0.989507
0.989522
0.989537
0.989552
0.989568
0.989583
0.989598
0.989614
0.989629
0.989644
0.989659
0.989675
0.98969
0.989705
0.98972
0.989736
0.989751
0.989766
0.989781
0.989797
0.989812
0.989827
0.98985
0.989858
0.989881
0.989896
0.989911
0.989926
0.989942
0.989957
0.989972
0.989987
0.990003
0.990018
0.990033
0.990048
0.990064
0.990079
0.990094
0.990109
0.990125
0.99014
0.990155
0.99017
0.990188
0.990233
0.990264
0.990294
0.990325
0.990355
0.990386
0.990432
0.990447
0.990478
0.990523
0.990554
0.990584
0.990609
0.990624
0.99064
0.990655
0.99067
0.990685
0.990701
0.990716
0.990731
0.990746
0.990762
0.990777
0.990792
0.990808
0.99083
0.990838
0.990861
0.990876
0.990891
0.990907
0.990922
0.990937
0.990952
0.990968
0.990991
0.990998
0.991021
0.991036
0.991052
0.991067
0.991082
0.991097
0.991113
0.991128
0.991143
0.991158
0.991174
0.991189
0.991204
0.99122
0.991235
0.99125
0.991265
0.991281
0.991296
0.991311
0.991326
0.991342
0.991357
0.991372
0.991387
0.991403
0.991418
0.991433
0.991456
0.991464
0.991479
0.991494
0.991509
0.991532
0.99154
0.991563
0.991578
0.991593
0.991609
0.991624
0.991639
0.991654
0.991677
0.991685
0.9917
0.991723
0.991738
0.991754
0.991769
0.991784
0.991799
0.991815
0.99183
0.991845
0.99186
0.991876
0.991891
0.991906
0.991921
0.991937
0.991952
0.991975
0.99199
0.992005
0.992021
0.992036
0.992051
0.992066
0.992082
0.992097
0.992112
0.992127
0.992143
0.992158
0.992173
0.992188
0.992204
0.992219
0.992242
0.992257
0.992272
0.992288
0.992303
0.992318
0.992333
0.992349
0.992364
0.992379
0.992394
0.99241
0.992425
0.99244
0.992455
0.992471
0.992486
0.992501
0.992517
0.992532
0.992547
0.99257
0.992585
0.9926
0.992616
0.992631
0.992646
0.992661
0.992677
0.992692
0.992715
0.99273
0.992745
0.992761
0.992776
0.992791
0.992806
0.992822
0.992837
0.992852
0.992867
0.992883
0.992898
0.992913
0.992936
0.992951
0.992967
0.992974
0.99299
0.993005
0.993028
0.993051
