0
1.52588e-05
3.05177e-05
4.57765e-05
6.10353e-05
7.62941e-05
0.000112534
0.000440598
0.000709534
0.00165367
0.00333595
0.00775909
0.0123024
0.0183487
0.0260773
0.0356255
0.0471058
0.0605907
0.0761166
0.0936813
0.113253
0.134768
0.158136
0.183247
0.209972
0.238165
0.282877
0.298346
0.346157
0.379
0.412426
0.446264
0.480339
0.514498
0.548576
0.58242
0.615887
0.648846
0.681179
0.712778
0.743551
0.7586
0.802288
0.830111
0.856827
0.882389
0.906757
0.929914
0.951857
0.972555
0.991991
1.01015
1.02702
1.0426
1.0569
1.06992
1.08167
1.09219
1.10569
1.1096
1.11655
1.1249
1.12715
1.13235
1.13359
1.13591
1.13634
1.13595
1.13478
1.13288
1.1303
1.12711
1.12336
1.11909
1.11437
1.10925
1.10377
1.09799
1.09196
1.08572
1.07932
1.07281
1.06623
1.05961
1.053
1.04641
1.03989
1.03346
1.02713
1.02095
1.01197
1.00622
1.00067
0.995338
0.990242
0.98539
0.980791
0.97646
0.972404
0.968634
0.963516
0.960464
0.957699
0.955214
0.953003
0.951059
0.949381
0.947962
0.946787
0.945856
0.945162
0.944689
0.944365
0.944353
0.94459
0.944752
0.945475
0.946133
0.946918
0.947817
0.948816
0.949905
0.951071
0.952299
0.953577
0.954893
0.956232
0.957584
0.958942
0.960287
0.961618
0.962925
0.964203
0.965445
0.967232
0.968367
0.969454
0.970488
0.97147
0.972399
0.973274
0.974092
0.974855
0.975897
0.976522
0.977095
0.977612
0.978079
0.978497
0.978867
0.979187
0.979462
0.979692
0.979963
0.980093
0.980143
0.980238
0.980257
0.980244
0.9802
0.980127
0.980028
0.979828
0.979666
0.979483
0.979279
0.979057
0.978821
0.978569
0.978306
0.978031
0.977745
0.977455
0.977154
0.976849
0.976543
0.976238
0.975933
0.975628
0.975323
0.975018
0.974712
0.974407
0.974115
0.973825
0.973541
0.973267
0.973
0.97274
0.972494
0.972254
0.971916
0.971704
0.971605
0.971411
0.97123
0.970984
0.970833
0.970695
0.970573
0.970465
0.970369
0.970285
0.970215
0.970156
0.97011
0.970062
0.970047
0.970041
0.970045
0.97006
0.970085
0.970116
0.970161
0.970209
0.97027
0.970331
0.970406
0.970482
0.97056
0.970652
0.970743
0.970835
0.970932
0.971039
0.971146
0.971252
0.971359
0.971466
0.971573
0.97168
0.971786
0.971893
0.972054
0.972107
0.972214
0.972374
0.972481
0.972588
0.972641
0.972801
0.972908
0.973013
0.973104
0.973196
0.973288
0.973379
0.973471
0.973562
0.973639
0.973715
0.973829
0.973867
0.973944
0.974014
0.974106
0.974136
0.974228
0.974289
0.97435
0.9744
0.974445
0.974491
0.974537
0.974583
0.974628
0.974674
0.97472
0.974756
0.974787
0.974817
0.974863
0.974894
0.974924
0.974955
0.974985
0.975016
0.975046
0.975077
0.975107
0.975138
0.975168
0.975199
0.975229
0.97526
0.975306
0.975336
0.975367
0.975397
0.975428
0.975458
0.975489
0.975519
0.975542
0.975565
0.97558
0.975595
0.975611
0.975626
0.975643
0.975674
0.975704
0.975735
0.975765
0.975796
0.975826
0.975857
0.975887
0.975918
0.975948
0.975979
0.976009
0.97604
0.97607
0.976116
0.976147
0.976177
0.976208
0.976238
0.976269
0.976299
0.97633
0.97636
0.976391
0.976421
0.976452
0.976482
0.976513
0.976543
0.976574
0.976604
0.976635
0.976665
0.976711
0.976742
0.976772
0.976803
0.976833
0.976864
0.976894
0.976927
0.976973
0.977018
0.977064
0.97711
0.977156
0.977201
0.977247
0.977293
0.977339
0.977385
0.97743
0.977476
0.977522
0.977568
0.977613
0.977659
0.977705
0.977751
0.977797
0.977842
0.977888
0.977928
0.977959
0.977989
0.97802
0.97805
0.978096
0.978111
0.978142
0.978172
0.978203
0.978233
0.978279
0.978294
0.978325
0.978355
0.978386
0.978432
0.978447
0.978477
0.978508
0.978539
0.978584
0.978615
0.978645
0.978676
0.978706
0.978737
0.978767
0.978798
0.978828
0.978859
0.978889
0.97892
0.978951
0.978981
0.979012
0.979042
0.979073
0.979103
0.979134
0.979164
0.979195
0.979225
0.979256
0.979286
0.979317
0.979347
0.979378
0.979408
0.979439
0.979485
0.9795
0.97953
0.979561
0.979591
0.979637
0.979652
0.979683
0.979713
0.979744
0.97979
0.979805
0.979836
0.979866
0.979912
0.979942
0.979958
0.980003
0.980019
0.980064
0.980095
0.980125
0.980156
0.980202
0.980247
0.980293
0.980339
0.980385
0.980431
0.980476
0.980522
0.980568
0.980637
0.980658
0.980703
0.980734
0.980764
0.980795
0.980825
0.980856
0.980886
0.980917
0.980947
0.980978
0.981009
0.981039
0.98107
0.9811
0.981131
0.981161
0.981192
0.981222
0.981253
0.981283
0.981314
0.981344
0.981375
0.981405
0.981451
0.981482
0.981512
0.981543
0.981573
0.981604
0.981634
0.981665
0.981695
0.981726
0.981756
0.981787
0.981817
0.981848
0.981878
0.981909
0.981939
0.98197
0.982
0.982031
0.982061
0.982092
0.982122
0.982153
0.982183
0.982214
0.98226
0.982275
0.982306
0.982351
0.982382
0.982412
0.982443
0.982473
0.982504
0.982534
0.982565
0.982595
0.982626
0.982672
0.982702
0.982733
0.982763
0.982794
0.982824
0.982855
0.982885
0.982931
0.982962
0.982977
0.983023
0.983038
0.983084
0.983114
0.983145
0.983175
0.983206
0.983236
0.983267
0.983297
0.983328
0.983358
0.983389
0.983435
0.983465
0.983496
0.983511
0.983541
0.983572
0.983618
0.983648
0.983679
0.983709
0.98374
0.98377
0.983801
0.983831
0.983862
0.983892
0.983938
0.983969
0.983999
0.98403
0.98406
0.984091
0.984121
0.984152
0.984182
0.984213
0.984243
0.984278
0.984285
0.984301
0.984324
0.984331
0.984346
0.984362
0.984385
0.9844
0.984415
0.98443
0.984446
0.984461
0.984476
0.984491
0.984507
0.984522
0.984537
0.984564
0.984594
0.984625
0.984655
0.984686
0.984732
0.984747
0.984777
0.984808
0.984838
0.984884
0.984915
0.984945
0.984976
0.985006
0.985037
0.985067
0.985098
0.985128
0.985159
0.985189
0.98522
0.98525
0.985281
0.985312
0.985342
0.985373
0.985403
0.985449
0.985479
0.98551
0.98554
0.985571
0.985601
0.985632
0.985662
0.985693
0.985723
0.985752
0.985767
0.985783
0.985798
0.985821
0.985836
0.985851
0.985867
0.985882
0.985897
0.985912
0.985928
0.985943
0.985958
0.985981
0.985996
0.986012
0.986027
0.986042
0.986057
0.986073
0.986088
0.986115
0.986145
0.986176
0.986206
0.986237
0.986267
0.986298
0.986328
0.986359
0.986389
0.98642
0.98645
0.986481
0.986511
0.986542
0.986572
0.986603
0.986633
0.986679
0.986694
0.986725
0.986755
0.986801
0.986832
0.986847
0.986893
0.986923
0.98695
0.986965
0.98698
0.986996
0.987011
0.987034
0.987049
0.987064
0.98708
0.987095
0.98711
0.987125
0.987141
0.987156
0.987171
0.987186
0.987202
0.987217
0.987232
0.987247
0.987263
0.987278
0.987293
0.987309
0.987324
0.987339
0.987354
0.98737
0.987394
0.98744
0.987455
0.987486
0.987516
0.987547
0.987577
0.987623
0.987638
0.987669
0.9877
0.987745
0.987776
0.987806
0.987837
0.987867
0.987898
0.987928
0.987959
0.987989
0.98802
0.988037
0.988052
0.988068
0.988083
0.988098
0.988113
0.988129
0.988152
0.988159
0.988174
0.988197
0.988213
0.988228
0.988243
0.988258
0.988274
0.988289
0.988304
0.988319
0.988335
0.988358
0.988365
0.988388
0.988396
0.988411
0.988434
0.988449
0.988464
0.98848
0.988495
0.98851
0.988525
0.988541
0.988556
0.988571
0.988586
0.988602
0.988617
0.988647
0.988678
0.988708
0.988739
0.98877
0.9888
0.988831
0.988876
0.988892
0.988937
0.988968
0.988998
0.989029
0.989059
0.98909
0.98912
0.989151
0.989182
0.989206
0.989222
0.989237
0.989252
0.989267
0.989283
0.989298
0.989321
0.989336
0.989351
0.989367
0.989382
0.989397
0.989412
0.989428
0.989443
0.989458
0.989473
0.989489
0.989504
0.989519
0.989534
0.98955
0.989565
0.98958
0.989595
0.989611
0.989634
0.989641
0.989656
0.989672
0.989687
0.989702
0.989717
0.989733
0.989748
0.989763
0.989786
0.989801
0.989817
0.989832
0.989847
0.989862
0.989878
0.989893
0.989908
0.989923
0.989939
0.989954
0.989969
0.989985
0.99
0.990015
0.99003
0.990046
0.990061
0.990076
0.990099
0.990107
0.990122
0.990137
0.990152
0.990175
0.990191
0.990206
0.990221
0.990236
0.990252
0.990282
0.990313
0.990343
0.990374
0.990404
0.990435
0.990465
0.990496
0.990526
0.990557
0.990587
0.990618
0.990648
0.990667
0.990683
0.990698
0.990713
0.990728
0.990751
0.990759
0.990774
0.990789
0.990805
0.99082
0.990843
0.99085
0.990873
0.990889
0.990904
0.990919
0.990934
0.99095
0.990965
0.99098
0.990995
0.991011
0.991026
0.991049
0.991056
0.991072
0.991095
0.991102
0.991125
0.99114
0.991148
0.991171
0.991186
0.991201
0.991217
0.991224
0.991247
0.991262
0.991278
0.991293
0.991308
0.991323
0.991339
0.991354
0.991369
0.991385
0.9914
0.991415
0.99143
0.991446
0.991461
0.991476
0.991491
0.991507
0.991522
0.991545
0.991552
0.991568
0.991583
0.991606
0.991613
0.991629
0.991644
0.991659
0.991682
0.99169
0.991713
0.991728
0.991735
0.991758
0.991774
0.991789
0.991804
0.991819
0.991835
0.99185
0.991865
0.99188
0.991896
0.991911
0.991926
0.991941
0.991957
0.991972
0.991987
0.992002
0.992018
0.992041
0.992048
0.992064
0.992079
0.992094
0.992117
0.992132
0.99214
0.992163
0.992178
0.992193
0.992208
0.992224
0.992239
0.992254
0.99227
0.992285
0.9923
0.992315
0.992331
0.992346
0.992361
0.992376
0.992392
0.992407
0.992422
0.992437
0.992453
0.992468
0.992483
0.992498
0.992514
0.992529
0.992544
0.992567
0.992575
0.99259
0.992613
0.99262
0.992636
0.992651
0.992674
0.992689
0.992697
0.99272
0.992735
0.99275
0.992765
0.992781
0.992796
0.992811
0.992826
0.992842
0.992857
0.992872
0.992887
0.992903
0.992918
0.992941
0.992956
0.992971
