0
2.28881e-05
3.05177e-05
4.57765e-05
6.10353e-05
8.7738e-05
0.000165939
0.000440598
0.00110435
0.002388
0.00452805
0.00775909
0.0123024
0.0219994
0.0306187
0.0411205
0.0535908
0.0680828
0.0846176
0.103167
0.123676
0.146065
0.170231
0.196062
0.237644
0.267054
0.297636
0.329237
0.3617
0.394861
0.428547
0.462578
0.513887
0.54804
0.58198
0.615572
0.648687
0.681219
0.713053
0.74407
0.77416
0.803228
0.831196
0.858004
0.883598
0.919626
0.930992
0.952736
0.982862
0.992235
1.01834
1.03407
1.04847
1.06154
1.07332
1.08381
1.09306
1.10108
1.10791
1.11358
1.11814
1.12164
1.12414
1.12568
1.12633
1.12614
1.12441
1.12238
1.11971
1.11647
1.11271
1.10848
1.10384
1.09883
1.09075
1.08503
1.07912
1.07305
1.06685
1.06059
1.05428
1.04798
1.04171
1.03552
1.02942
1.0205
1.01474
1.00915
1.00376
0.998571
0.993603
0.988873
0.984386
0.978138
0.976189
0.970753
0.967472
0.964464
0.961727
0.959261
0.957058
0.955116
0.953432
0.951372
0.950294
0.949442
0.948805
0.948374
0.948135
0.948076
0.948305
0.948654
0.949146
0.949764
0.950504
0.951357
0.952307
0.953342
0.954449
0.955616
0.956829
0.958076
0.959345
0.960627
0.962542
0.963175
0.965034
0.966238
0.967405
0.968529
0.969606
0.970634
0.971607
0.972527
0.973389
0.974195
0.974943
0.975637
0.976273
0.976854
0.977381
0.977858
0.978281
0.978657
0.978983
0.979265
0.979502
0.979698
0.979853
0.979967
0.980043
0.980085
0.980093
0.98007
0.979979
0.979933
0.979822
0.979687
0.979439
0.979248
0.979038
0.978811
0.978567
0.978308
0.978035
0.977751
0.977461
0.977158
0.976852
0.976547
0.976227
0.975906
0.975586
0.975105
0.974947
0.974642
0.974184
0.974031
0.973595
0.97345
0.973036
0.972773
0.972517
0.972273
0.972042
0.971823
0.971615
0.97142
0.971237
0.971069
0.970915
0.970774
0.970646
0.970531
0.97043
0.970341
0.970264
0.970201
0.97015
0.97011
0.970079
0.970064
0.970057
0.970057
0.97007
0.970089
0.970119
0.970156
0.970224
0.970253
0.970314
0.970411
0.970488
0.970564
0.970644
0.970736
0.970827
0.970919
0.97101
0.971104
0.97121
0.971317
0.971424
0.971531
0.971638
0.971745
0.971851
0.971958
0.972065
0.972172
0.972279
0.972374
0.972466
0.972557
0.972649
0.97274
0.972878
0.972969
0.973053
0.973129
0.973206
0.973282
0.973358
0.973434
0.973509
0.97357
0.973631
0.973692
0.973753
0.973814
0.973875
0.97393
0.973976
0.974022
0.974068
0.974113
0.974159
0.974228
0.974251
0.974297
0.974342
0.974392
0.974422
0.974453
0.974483
0.974514
0.974545
0.974575
0.974606
0.974651
0.974682
0.974712
0.974743
0.974773
0.974804
0.974834
0.974865
0.974895
0.974926
0.974957
0.974987
0.975033
0.975048
0.975079
0.975109
0.97514
0.975185
0.975201
0.975246
0.975262
0.975307
0.975338
0.975353
0.975399
0.97543
0.97546
0.975491
0.975521
0.975552
0.975582
0.975613
0.975658
0.975674
0.975719
0.97575
0.97578
0.975811
0.975842
0.975872
0.975903
0.975933
0.975964
0.975994
0.976025
0.976055
0.976086
0.976116
0.976147
0.976177
0.976208
0.976238
0.976269
0.976299
0.97633
0.976376
0.976421
0.976467
0.976513
0.976559
0.976604
0.976673
0.976696
0.976765
0.97681
0.976856
0.976902
0.976948
0.976994
0.977062
0.977108
0.977154
0.9772
0.977245
0.977291
0.977337
0.977367
0.977398
0.977428
0.977459
0.977505
0.977535
0.977566
0.977596
0.977627
0.977657
0.977688
0.977718
0.977749
0.977779
0.97781
0.97784
0.977871
0.977901
0.977932
0.977962
0.977993
0.978024
0.978069
0.9781
0.97813
0.978161
0.978191
0.978222
0.978252
0.978283
0.978313
0.978344
0.978374
0.978405
0.978436
0.978466
0.978497
0.978527
0.978558
0.978588
0.978619
0.978649
0.97868
0.978725
0.978741
0.978786
0.978817
0.978848
0.978878
0.978909
0.978939
0.97897
0.979
0.979046
0.979076
0.979107
0.979137
0.979168
0.979198
0.979229
0.979259
0.97929
0.979336
0.979351
0.979397
0.979427
0.979462
0.979507
0.97953
0.979599
0.979645
0.979691
0.979736
0.979782
0.979828
0.979874
0.979919
0.979965
0.980011
0.980049
0.98008
0.98011
0.980156
0.980171
0.980202
0.980247
0.980278
0.980309
0.980339
0.98037
0.9804
0.980431
0.980461
0.980492
0.980522
0.980553
0.980583
0.980614
0.980644
0.980675
0.980705
0.980736
0.980766
0.980797
0.980827
0.980858
0.980888
0.980919
0.980949
0.98098
0.98101
0.981041
0.981071
0.981102
0.981133
0.981163
0.981209
0.981224
0.98127
0.981285
0.981331
0.981361
0.981377
0.981422
0.981453
0.981483
0.981514
0.981544
0.981575
0.981606
0.981636
0.981667
0.981697
0.981728
0.981758
0.981789
0.981834
0.981865
0.981895
0.981926
0.981956
0.981987
0.982033
0.982063
0.982094
0.982124
0.982155
0.982185
0.982216
0.982246
0.982292
0.982323
0.982353
0.982384
0.982414
0.982445
0.982475
0.982506
0.982536
0.982567
0.982597
0.982628
0.982658
0.982689
0.982719
0.98275
0.98278
0.982811
0.982841
0.982872
0.982903
0.982933
0.982964
0.982994
0.98304
0.983055
0.983086
0.983116
0.983162
0.983192
0.983208
0.983253
0.983284
0.983315
0.983345
0.98336
0.983406
0.983437
0.983467
0.983498
0.983528
0.983559
0.983589
0.98362
0.98365
0.983681
0.983711
0.983742
0.983772
0.983803
0.983833
0.983864
0.983894
0.983925
0.983955
0.983986
0.984016
0.984047
0.984093
0.984123
0.984138
0.984184
0.9842
0.984245
0.984276
0.984306
0.984337
0.984367
0.984398
0.984413
0.984444
0.984489
0.984514
0.984529
0.984545
0.98456
0.984575
0.984591
0.984606
0.984621
0.984636
0.984652
0.984667
0.98469
0.984705
0.98472
0.984735
0.984751
0.984766
0.984785
0.984816
0.984846
0.984877
0.984907
0.984938
0.984968
0.984999
0.985029
0.98506
0.98509
0.985121
0.985167
0.985197
0.985228
0.985258
0.985289
0.985319
0.98535
0.98538
0.985411
0.985441
0.985472
0.985502
0.985533
0.985563
0.985594
0.98564
0.98567
0.985685
0.985716
0.985762
0.985785
0.9858
0.985815
0.98583
0.985846
0.985861
0.985876
0.985891
0.985907
0.985922
0.985937
0.98596
0.985968
0.985983
0.985998
0.986013
0.986029
0.986044
0.986059
0.986074
0.986097
0.986126
0.986141
0.986187
0.986217
0.986248
0.986279
0.986309
0.98634
0.98637
0.986401
0.986431
0.986462
0.986492
0.986523
0.986553
0.986584
0.986614
0.98666
0.986675
0.986721
0.986736
0.986767
0.986797
0.986843
0.986874
0.986889
0.986935
0.986965
0.986996
0.987011
0.987026
0.987041
0.987057
0.987072
0.987087
0.987103
0.987118
0.987133
0.987148
0.987164
0.987179
0.987194
0.987217
0.987225
0.987247
0.987255
0.98727
0.987286
0.987309
0.987324
0.987339
0.987354
0.98737
0.987385
0.9874
0.987415
0.987431
0.987446
0.987461
0.987492
0.987522
0.987553
0.987583
0.987614
0.987644
0.987675
0.987705
0.987736
0.987782
0.987797
0.987827
0.987873
0.987888
0.987934
0.987965
0.987995
0.988026
0.988056
0.988087
0.988117
0.988148
0.988163
0.988178
0.988194
0.988209
0.988224
0.988239
0.988255
0.98827
0.988285
0.9883
0.988316
0.988331
0.988354
0.988361
0.988377
0.9884
0.988415
0.98843
0.988445
0.988461
0.988476
0.988491
0.988506
0.988522
0.988537
0.988552
0.988567
0.988583
0.988598
0.988613
0.988628
0.988644
0.988659
0.988674
0.988689
0.988712
0.988728
0.988743
0.988758
0.988773
0.988792
0.988823
0.988853
0.988899
0.98893
0.98896
0.988991
0.989021
0.989052
0.989082
0.989113
0.989143
0.989174
0.989204
0.989235
0.989265
0.989302
0.989309
0.989325
0.98934
0.989363
0.98937
0.989386
0.989408
0.989424
0.989439
0.989454
0.98947
0.989485
0.9895
0.989515
0.989531
0.989546
0.989561
0.989576
0.989592
0.989607
0.989622
0.989637
0.989653
0.989668
0.989683
0.989698
0.989714
0.989729
0.989744
0.989759
0.989775
0.989798
0.989813
0.989828
0.989843
0.989859
0.989874
0.989889
0.989904
0.98992
0.989935
0.98995
0.989965
0.989981
0.989996
0.990011
0.990026
0.990042
0.990057
0.990072
0.990088
0.990103
0.990118
0.990133
0.990149
0.990164
0.990179
0.990194
0.99021
0.990225
0.99024
0.990255
0.990278
0.990309
0.990339
0.990385
0.9904
0.990446
0.990477
0.990507
0.990538
0.990553
0.990583
0.990629
0.99066
0.990683
0.990698
0.990713
0.990728
0.990744
0.990759
0.990774
0.990789
0.990805
0.990828
0.990835
0.99085
0.990866
0.990889
0.990904
0.990911
0.990934
0.990942
0.990965
0.99098
0.990995
0.991011
0.991026
0.991041
0.991056
0.991072
0.991087
0.991102
0.991117
0.991133
0.991148
0.991163
0.991179
0.991194
0.991217
0.991224
0.99124
0.991255
0.991278
0.991293
0.991308
0.991323
0.991339
0.991354
0.991369
0.991385
0.9914
0.991415
0.991438
0.991446
0.991461
0.991484
0.991491
0.991514
0.991529
0.991545
0.99156
0.991575
0.99159
0.991606
0.991621
0.991636
0.991652
0.991667
0.991682
0.991697
0.991713
0.991728
0.991743
0.991758
0.991774
0.991789
0.991804
0.991819
0.991842
0.99185
0.991865
0.99188
0.991903
0.991911
0.991934
0.991949
0.991964
0.99198
0.991995
0.99201
0.992025
0.992041
0.992056
0.992071
0.992086
0.992102
0.992125
0.992132
0.992147
0.99217
0.992186
0.992201
0.992216
0.992231
0.992247
0.992262
0.992277
0.992292
0.992308
0.992323
0.992338
0.992361
0.992376
0.992392
0.992407
0.992422
0.992437
0.992453
0.992468
0.992483
0.992506
0.992514
0.992529
0.992544
0.992559
0.992582
0.992598
0.992613
0.992628
0.992643
0.992659
0.992674
0.992689
0.992704
0.99272
0.992735
0.99275
0.992765
0.992781
0.992796
0.992811
0.992826
0.992842
0.992857
0.992872
0.992887
0.992903
0.992918
0.992933
0.992949
0.992964
0.992979
0.993002
0.99301
