0
1.52588e-05
3.05177e-05
4.57765e-05
6.10353e-05
8.7738e-05
0.000112534
0.000267029
0.00110435
0.002388
0.00452805
0.00775909
0.0123024
0.0183487
0.0260773
0.0356236
0.0471001
0.0605755
0.076086
0.0936317
0.113184
0.146124
0.158018
0.183096
0.223675
0.252483
0.282501
0.313547
0.345459
0.378071
0.4112
0.444668
0.478298
0.511938
0.545435
0.595121
0.611477
0.659731
0.691105
0.721735
0.751541
0.780437
0.80835
0.835197
0.860903
0.885403
0.908644
0.930593
0.951225
0.97052
0.988487
1.00511
1.02041
1.0344
1.04709
1.06377
1.06871
1.08176
1.08903
1.09519
1.10029
1.10437
1.10748
1.10967
1.11098
1.11147
1.11118
1.11018
1.10853
1.10627
1.10346
1.10016
1.09641
1.09226
1.08777
1.08297
1.07792
1.07266
1.06722
1.06164
1.05598
1.05025
1.04451
1.03876
1.03305
1.0274
1.02184
1.01637
1.01102
1.00328
1.00078
0.995924
0.989
0.986795
0.980515
0.976624
0.972977
0.969574
0.966415
0.963516
0.960871
0.958479
0.956343
0.95446
0.952827
0.951433
0.950272
0.949333
0.948612
0.948095
0.947773
0.947636
0.94767
0.947865
0.948433
0.948689
0.949638
0.950014
0.95084
0.95225
0.952759
0.954384
0.955532
0.956718
0.957933
0.959166
0.960402
0.961634
0.962851
0.964046
0.965212
0.966341
0.96743
0.968473
0.969471
0.970417
0.971312
0.972155
0.972944
0.973682
0.974688
0.975294
0.975849
0.976357
0.976814
0.977222
0.977585
0.977903
0.978176
0.978407
0.978598
0.978748
0.978861
0.978966
0.978992
0.978989
0.978954
0.978893
0.978807
0.978695
0.978489
0.978327
0.978146
0.977945
0.977732
0.977503
0.977261
0.977009
0.976749
0.97648
0.976206
0.975931
0.975657
0.975225
0.974936
0.974798
0.974386
0.974112
0.973837
0.973576
0.973316
0.973066
0.972822
0.972591
0.972368
0.972155
0.971954
0.971764
0.971584
0.971416
0.971262
0.971119
0.970987
0.970865
0.970758
0.970663
0.970577
0.970501
0.97044
0.970388
0.970345
0.970314
0.970293
0.970278
0.970278
0.970282
0.970297
0.970318
0.970348
0.970383
0.970428
0.970474
0.970533
0.970625
0.970694
0.970732
0.970846
0.970884
0.970961
0.97105
0.971188
0.971279
0.971325
0.971462
0.971508
0.9716
0.971737
0.971783
0.97192
0.972012
0.972057
0.972195
0.972286
0.972378
0.972469
0.972561
0.972652
0.972744
0.972834
0.97291
0.972986
0.973063
0.973139
0.973215
0.97333
0.973368
0.973469
0.97353
0.97356
0.973652
0.973713
0.973774
0.973835
0.973866
0.973936
0.973982
0.974028
0.974073
0.974119
0.974165
0.974211
0.974257
0.974302
0.974335
0.974365
0.974396
0.974426
0.974457
0.974503
0.974533
0.974564
0.974594
0.974625
0.974655
0.974686
0.974716
0.974747
0.974777
0.974808
0.974838
0.974869
0.974899
0.97493
0.97496
0.974991
0.975037
0.975052
0.975082
0.975128
0.975143
0.975189
0.97522
0.97525
0.975281
0.975311
0.975342
0.975372
0.975403
0.975433
0.975464
0.975494
0.975525
0.975555
0.975586
0.975616
0.975647
0.975677
0.975708
0.975739
0.975769
0.9758
0.97583
0.975876
0.975891
0.975922
0.975967
0.975998
0.976028
0.976059
0.976089
0.976124
0.97617
0.976215
0.976261
0.97633
0.976353
0.976398
0.976444
0.97649
0.976559
0.976604
0.97665
0.976696
0.976742
0.976788
0.976833
0.976879
0.976925
0.976994
0.977039
0.977077
0.977108
0.977139
0.977169
0.9772
0.97723
0.977276
0.977306
0.977337
0.977367
0.977398
0.977428
0.977459
0.977489
0.97752
0.977551
0.977581
0.977627
0.977642
0.977673
0.977718
0.977734
0.977764
0.97781
0.97784
0.977856
0.977901
0.977932
0.977962
0.977993
0.978024
0.978039
0.978085
0.978115
0.978146
0.978176
0.978207
0.978237
0.978268
0.978313
0.978329
0.978359
0.97839
0.97842
0.978451
0.978481
0.978512
0.978577
0.9786
0.978668
0.978691
0.97876
0.978806
0.978851
0.978897
0.978943
0.978989
0.979034
0.97908
0.979126
0.979162
0.979193
0.979223
0.979254
0.979284
0.979315
0.979345
0.979376
0.979406
0.979437
0.979467
0.979498
0.979528
0.979559
0.979605
0.979635
0.979666
0.979696
0.979727
0.979757
0.979788
0.979818
0.979849
0.979895
0.979925
0.97994
0.979986
0.980001
0.980047
0.980078
0.980108
0.980139
0.980169
0.9802
0.98023
0.980261
0.980291
0.980322
0.980352
0.980383
0.980413
0.980444
0.980474
0.980505
0.980536
0.980566
0.980597
0.980627
0.980658
0.980703
0.980719
0.980764
0.98078
0.98081
0.980841
0.980886
0.980917
0.980947
0.980978
0.981009
0.981039
0.98107
0.9811
0.981131
0.981161
0.981192
0.981222
0.981253
0.981283
0.981314
0.981344
0.981375
0.981405
0.981451
0.981482
0.981512
0.981543
0.981573
0.981604
0.981634
0.98168
0.981695
0.981741
0.981756
0.981802
0.981833
0.981863
0.981894
0.981924
0.981955
0.981985
0.982016
0.982046
0.982077
0.982107
0.982138
0.982168
0.982199
0.982229
0.98226
0.98229
0.982321
0.982351
0.982382
0.982412
0.982443
0.982473
0.982504
0.982534
0.982565
0.982611
0.982626
0.982672
0.982702
0.982733
0.982763
0.982794
0.982824
0.982855
0.982885
0.982916
0.982946
0.982977
0.983007
0.983038
0.983068
0.983099
0.98313
0.98316
0.983191
0.983221
0.983267
0.983282
0.983328
0.983358
0.983389
0.983419
0.983435
0.98348
0.983511
0.983541
0.983572
0.983603
0.983633
0.983664
0.983694
0.983725
0.983755
0.983786
0.983816
0.983847
0.983877
0.983908
0.983938
0.983969
0.983999
0.98403
0.98406
0.984091
0.984121
0.984167
0.984198
0.984228
0.984243
0.984274
0.984304
0.98435
0.984381
0.984411
0.984442
0.984472
0.984503
0.984533
0.984564
0.984594
0.984625
0.984655
0.984686
0.984716
0.984747
0.984777
0.984793
0.984808
0.984823
0.984838
0.984854
0.984869
0.984884
0.9849
0.984915
0.984938
0.984945
0.984961
0.984976
0.984991
0.985014
0.985022
0.985044
0.98506
0.985077
0.985107
0.985138
0.985168
0.985199
0.985229
0.98526
0.985291
0.985321
0.985352
0.985382
0.985428
0.985443
0.985474
0.985504
0.98555
0.98558
0.985611
0.985641
0.985672
0.985703
0.985733
0.985764
0.985794
0.985825
0.985855
0.985886
0.985916
0.985947
0.985977
0.986008
0.986038
0.986063
0.986078
0.986094
0.986109
0.986132
0.986139
0.986162
0.986177
0.986193
0.986208
0.986223
0.986238
0.986254
0.986269
0.986284
0.9863
0.986315
0.98633
0.986345
0.986361
0.986376
0.986391
0.986414
0.986444
0.986475
0.986506
0.986536
0.986567
0.986612
0.986628
0.986658
0.986689
0.986734
0.986765
0.986795
0.986826
0.986856
0.986887
0.986917
0.986948
0.986979
0.987009
0.98704
0.98707
0.987101
0.987131
0.987158
0.987173
0.987188
0.987204
0.987219
0.987234
0.987249
0.987265
0.98728
0.987295
0.98731
0.987333
0.987341
0.987364
0.987379
0.987394
0.98741
0.987425
0.98744
0.987455
0.987471
0.987486
0.987501
0.987516
0.987532
0.987547
0.98757
0.987589
0.987619
0.98765
0.98768
0.987711
0.987741
0.987772
0.987803
0.987848
0.987864
0.987909
0.98794
0.98797
0.988001
0.988031
0.988062
0.988108
0.988123
0.988153
0.988184
0.988214
0.988234
0.988256
0.988272
0.988287
0.988302
0.988317
0.988333
0.988348
0.988363
0.988379
0.988394
0.988409
0.988424
0.98844
0.988455
0.98847
0.988485
0.988501
0.988523
0.988539
0.988554
0.988569
0.988585
0.9886
0.988615
0.98863
0.988646
0.988661
0.988676
0.988691
0.988714
0.988729
0.988737
0.988752
0.988775
0.988791
0.988806
0.988821
0.988836
0.988852
0.988869
0.988899
0.98893
0.98896
0.988991
0.989021
0.989052
0.989082
0.989113
0.989143
0.989174
0.989204
0.989235
0.989265
0.989296
0.989326
0.989357
0.989403
0.989412
0.989428
0.98945
0.989466
0.989481
0.989496
0.989511
0.989527
0.989542
0.989557
0.989573
0.989588
0.989611
0.989626
0.989641
0.989656
0.989672
0.989687
0.98971
0.989717
0.98974
0.989756
0.989771
0.989786
0.989801
0.989817
0.989832
0.989847
0.989862
0.989878
0.989893
0.989916
0.989931
0.989946
0.989962
0.989977
0.989992
0.990007
0.990023
0.990038
0.990053
0.990068
0.990091
0.990107
0.990122
0.990137
0.990152
0.990168
0.990183
0.990198
0.990213
0.990229
0.990244
0.990267
0.990282
0.990297
0.990313
0.990328
0.990343
0.990358
0.990374
0.990389
0.990404
0.990419
0.990435
0.99045
0.990465
0.99048
0.990503
0.990519
0.990534
0.990549
0.990564
0.99058
0.990595
0.99061
0.990625
0.990641
0.990656
0.990671
0.990702
0.990732
0.990763
0.990793
0.990824
0.990854
0.990885
0.990915
0.990961
0.990992
0.991007
0.991043
0.991051
0.991074
0.991089
0.991096
0.991119
0.991135
0.99115
0.991165
0.99118
0.991196
0.991211
0.991226
0.991241
0.991257
0.991272
0.991287
0.991302
0.991318
0.991333
0.991348
0.991364
0.991379
0.991394
0.991409
0.991425
0.99144
0.991455
0.991478
0.991486
0.991508
0.991524
0.991539
0.991547
0.99157
0.991585
0.9916
0.991615
0.991631
0.991646
0.991661
0.991676
0.991692
0.991707
0.991722
0.991737
0.991753
0.991768
0.991783
0.991798
0.991814
0.991829
0.991852
0.991859
0.991875
0.99189
0.991913
0.991928
0.991936
0.991959
0.991974
0.991989
0.992004
0.99202
0.992035
0.99205
0.992065
0.992081
0.992096
0.992111
0.992126
0.992142
0.992157
0.992172
0.992188
0.992203
0.992218
0.992233
0.992249
0.992264
0.992279
0.992294
0.992317
0.992332
0.992348
0.992363
0.992378
0.992393
0.992409
0.992424
0.992439
0.992455
0.99247
0.992485
0.9925
0.992516
0.992531
0.992546
0.992561
0.992577
0.992592
0.992607
0.992622
0.992638
0.992653
0.992668
0.992691
0.992699
0.992722
0.992729
0.992752
0.992767
0.992783
0.992798
0.992813
0.992828
0.992844
0.992859
0.992874
0.992889
0.992905
0.99292
0.992935
0.99295
0.992966
0.992981
