0
1.52588e-05
3.05173e-05
4.57761e-05
6.10349e-05
8.01084e-05
0.00015831
0.000432968
0.00109673
0.00332832
0.00598526
0.00984573
0.0151176
0.021986
0.0306053
0.0411072
0.0535774
0.0680752
0.0846195
0.103197
0.123766
0.146254
0.170563
0.210176
0.224154
0.253149
0.298964
0.314772
0.363506
0.39686
0.430702
0.464876
0.499218
0.533569
0.567776
0.601686
0.635151
0.668034
0.700214
0.731585
0.762039
0.791494
0.819866
0.86025
0.885637
0.90974
0.932514
0.953941
0.973999
0.992668
1.00993
1.02575
1.04014
1.05311
1.06467
1.07487
1.08374
1.09132
1.09768
1.10286
1.10855
1.10991
1.11191
1.11298
1.11316
1.11192
1.11113
1.10776
1.10632
1.10118
1.09712
1.09264
1.08778
1.0826
1.07715
1.0715
1.06567
1.05973
1.05372
1.04767
1.04164
1.03266
1.0297
1.02386
1.01815
1.01258
1.00718
0.999443
0.994551
0.989883
0.985451
0.981256
0.97732
0.97364
0.97023
0.967091
0.964226
0.961636
0.959314
0.95726
0.955463
0.953922
0.952621
0.95155
0.950703
0.950066
0.949631
0.949387
0.949324
0.949425
0.949684
0.950087
0.950628
0.951662
0.952061
0.95293
0.953886
0.95492
0.956018
0.95776
0.958963
0.96019
0.961426
0.962662
0.963888
0.965096
0.966276
0.967422
0.969065
0.969589
0.970602
0.971561
0.972467
0.973316
0.97411
0.975193
0.975843
0.976149
0.976717
0.977232
0.977695
0.978294
0.978634
0.978785
0.979053
0.979374
0.979534
0.979599
0.97974
0.979788
0.979803
0.979784
0.979734
0.979656
0.979551
0.979422
0.979269
0.979094
0.978899
0.978573
0.978336
0.978085
0.977821
0.977547
0.977261
0.97682
0.976515
0.97621
0.975904
0.975599
0.975294
0.974989
0.974531
0.974379
0.973944
0.973656
0.973518
0.97311
0.972851
0.972603
0.972363
0.972134
0.971813
0.971714
0.971521
0.971258
0.971174
0.970951
0.970816
0.970694
0.970587
0.970491
0.970409
0.970339
0.970278
0.970232
0.970198
0.970171
0.970156
0.970152
0.970154
0.970169
0.97019
0.970221
0.970257
0.970325
0.970379
0.97044
0.970501
0.970572
0.970648
0.970724
0.9708
0.970884
0.970976
0.971067
0.971159
0.971251
0.971388
0.971479
0.971571
0.971663
0.971754
0.971846
0.971937
0.972029
0.97212
0.972212
0.972303
0.972395
0.972515
0.972591
0.972668
0.972744
0.97282
0.972897
0.972973
0.973049
0.97311
0.973171
0.973232
0.973293
0.973385
0.973446
0.973507
0.973564
0.97361
0.973656
0.973701
0.973747
0.973793
0.973839
0.973885
0.97393
0.973976
0.974022
0.974068
0.974106
0.974136
0.974167
0.974197
0.974243
0.974274
0.974289
0.974335
0.974365
0.974396
0.974426
0.974457
0.974487
0.974518
0.974548
0.974579
0.974609
0.97464
0.97467
0.974701
0.974731
0.974762
0.974792
0.974823
0.974854
0.974884
0.974915
0.97496
0.974976
0.975006
0.975037
0.975067
0.975098
0.975143
0.975174
0.975204
0.975235
0.975266
0.975296
0.975327
0.975357
0.975389
0.975435
0.975481
0.975527
0.975573
0.975618
0.975664
0.97571
0.975756
0.975824
0.975847
0.975916
0.975939
0.975985
0.976053
0.976099
0.976145
0.976191
0.976236
0.976282
0.976328
0.976374
0.976442
0.976473
0.976503
0.976534
0.976564
0.976595
0.976625
0.976656
0.976686
0.976717
0.976748
0.976778
0.976809
0.976839
0.97687
0.9769
0.976931
0.976961
0.976992
0.977022
0.977053
0.977083
0.977114
0.977144
0.977175
0.977205
0.977236
0.977266
0.977297
0.977327
0.977358
0.977388
0.977434
0.977449
0.977495
0.977526
0.977556
0.977587
0.977617
0.977648
0.977682
0.977728
0.977797
0.977819
0.977888
0.977911
0.977957
0.978003
0.978071
0.978117
0.978163
0.978186
0.978254
0.9783
0.978344
0.978374
0.978405
0.978436
0.978466
0.978497
0.978527
0.978558
0.978588
0.978619
0.978649
0.97868
0.97871
0.978741
0.978786
0.978817
0.978848
0.978878
0.978909
0.978939
0.97897
0.979
0.979031
0.979061
0.979092
0.979137
0.979153
0.979198
0.979214
0.979259
0.979275
0.979305
0.979351
0.979366
0.979412
0.979443
0.979473
0.979504
0.979534
0.979565
0.979595
0.979626
0.979656
0.979687
0.979717
0.979748
0.979778
0.979809
0.979839
0.97987
0.9799
0.979931
0.979961
0.979992
0.980022
0.980053
0.980083
0.980114
0.980145
0.980175
0.980206
0.980236
0.980267
0.980297
0.980328
0.980358
0.980389
0.980419
0.98045
0.980495
0.980526
0.980556
0.980587
0.980618
0.980648
0.980679
0.980724
0.980755
0.980785
0.980816
0.980846
0.980877
0.980907
0.980953
0.980968
0.980999
0.981045
0.981075
0.981106
0.981136
0.981167
0.981197
0.981228
0.981258
0.981289
0.981335
0.981365
0.981396
0.981426
0.981457
0.981487
0.981518
0.981548
0.981579
0.981609
0.98164
0.98167
0.981701
0.981747
0.981762
0.981792
0.981838
0.981869
0.981899
0.98193
0.98196
0.981991
0.982021
0.982052
0.982082
0.982113
0.982143
0.982174
0.982204
0.982235
0.982265
0.982311
0.982327
0.982372
0.982388
0.982433
0.982464
0.982494
0.982525
0.982555
0.982586
0.982616
0.982647
0.982677
0.982708
0.982738
0.982769
0.9828
0.98283
0.982861
0.982891
0.982922
0.982952
0.982983
0.983013
0.983044
0.983074
0.98312
0.983135
0.983181
0.983196
0.983242
0.983273
0.983288
0.983318
0.983349
0.983395
0.98341
0.983456
0.983486
0.983517
0.983547
0.983578
0.983608
0.983639
0.983669
0.9837
0.98373
0.983761
0.983791
0.983822
0.983852
0.983883
0.983913
0.983944
0.983974
0.984005
0.984035
0.984066
0.984112
0.984127
0.984173
0.984203
0.984234
0.984264
0.984295
0.984325
0.984356
0.984386
0.984417
0.984447
0.984478
0.984509
0.984539
0.98457
0.9846
0.984631
0.984661
0.984692
0.984722
0.984753
0.984783
0.984814
0.984844
0.984875
0.984905
0.984936
0.984966
0.984997
0.985027
0.985073
0.985088
0.985119
0.985149
0.98518
0.985226
0.985243
0.985258
0.985273
0.985289
0.985304
0.985319
0.985334
0.98535
0.985373
0.985388
0.985403
0.985418
0.985434
0.985449
0.985464
0.985479
0.985495
0.98551
0.985525
0.98554
0.985556
0.985571
0.985586
0.985607
0.985638
0.985683
0.985699
0.985744
0.985775
0.98579
0.985821
0.985851
0.985897
0.985928
0.985958
0.985989
0.986019
0.98605
0.98608
0.986111
0.986141
0.986172
0.986202
0.986233
0.986263
0.986294
0.986324
0.986355
0.986385
0.986416
0.986446
0.986477
0.986521
0.986536
0.986551
0.986559
0.986582
0.986597
0.986612
0.986628
0.986643
0.986658
0.986673
0.986689
0.986704
0.986719
0.986734
0.98675
0.986765
0.98678
0.986795
0.986811
0.986826
0.986841
0.986856
0.986872
0.986887
0.986902
0.986933
0.986963
0.986994
0.987024
0.987055
0.987085
0.987116
0.987146
0.987177
0.987223
0.987238
0.987268
0.987299
0.987329
0.987375
0.987406
0.987421
0.987467
0.987497
0.987528
0.987558
0.987589
0.987619
0.98765
0.987675
0.987682
0.987705
0.98772
0.987736
0.987751
0.987766
0.987782
0.987797
0.987812
0.987827
0.987843
0.987858
0.987873
0.987888
0.987904
0.987919
0.987934
0.987949
0.987965
0.98798
0.987995
0.98801
0.988026
0.988041
0.988056
0.988079
0.988087
0.988102
0.988125
0.988132
0.988155
0.988163
0.988178
0.988201
0.988216
0.988247
0.988277
0.988308
0.988354
0.988384
0.9884
0.988445
0.988461
0.988506
0.988537
0.988567
0.988598
0.988628
0.988659
0.988689
0.988735
0.98875
0.988781
0.98881
0.988825
0.98884
0.988855
0.988871
0.988886
0.988901
0.988916
0.988932
0.988947
0.988962
0.988977
0.988993
0.989008
0.989031
0.989038
0.989054
0.989077
0.989084
0.989107
0.989122
0.989138
0.989153
0.989168
0.989183
0.989199
0.989214
0.989229
0.989244
0.98926
0.989275
0.98929
0.989305
0.989328
0.989344
0.989359
0.989374
0.989389
0.989405
0.98942
0.989435
0.98945
0.989466
0.989481
0.989496
0.989511
0.989527
0.989542
0.989557
0.989573
0.989588
0.989611
0.989626
0.989651
0.989681
0.989712
0.989742
0.989773
0.989819
0.989849
0.98988
0.98991
0.989941
0.989971
0.990002
0.990032
0.990063
0.990093
0.990101
0.990124
0.990139
0.990154
0.99017
0.990185
0.9902
0.990215
0.990231
0.990246
0.990261
0.990276
0.990292
0.990307
0.990322
0.990337
0.99036
0.990368
0.990383
0.990398
0.990414
0.990429
0.990444
0.990467
0.990482
0.990498
0.990513
0.99052
0.990543
0.990559
0.990574
0.990589
0.990604
0.99062
0.990635
0.99065
0.990665
0.990681
0.990696
0.990711
0.990726
0.990742
0.990757
0.990772
0.990788
0.990803
0.990818
0.990833
0.990856
0.990864
0.990879
0.990902
0.99091
0.990932
0.990948
0.990963
0.990978
0.990986
0.991009
0.991024
0.991039
0.991055
0.99107
0.991085
0.9911
0.991116
0.991131
0.991146
0.991161
0.991177
0.991192
0.991207
0.991222
0.991238
0.991253
0.991268
0.991283
0.991299
0.991322
0.991329
0.991352
0.991367
0.991383
0.991398
0.991413
0.991428
0.991444
0.991459
0.991474
0.991489
0.991505
0.99152
0.991535
0.99155
0.991566
0.991581
0.991604
0.991619
0.991627
0.991642
0.991665
0.991673
0.991695
0.991711
0.991726
0.991741
0.991756
0.991772
0.991787
0.991802
0.991817
0.99184
0.991856
0.991871
0.991886
0.991901
0.991917
0.991932
0.991947
0.991962
0.991978
0.991993
0.992008
0.992023
0.992039
0.992054
0.992069
0.992085
0.992107
0.992123
0.99213
0.992153
0.992168
0.992184
0.992199
0.992214
0.992229
0.992245
0.99226
0.992275
0.99229
0.992306
0.992321
0.992336
0.992352
0.992367
0.992382
0.992397
0.992413
0.992428
0.992443
0.992458
0.992474
0.992489
0.992504
0.992519
0.992542
0.992558
0.992565
0.99258
0.992603
0.992619
0.992634
0.992649
0.992664
0.99268
0.992695
0.99271
0.992725
0.992741
0.992756
0.992771
0.992794
0.992802
0.992825
0.99284
0.992855
0.99287
0.992886
0.992901
0.992916
