0
1.52588e-05
3.05173e-05
5.34057e-05
6.86645e-05
8.7738e-05
0.000165939
0.000440598
0.00110435
0.002388
0.00452805
0.00775909
0.0123024
0.0183487
0.0260773
0.0356236
0.0471001
0.0605755
0.076086
0.0936317
0.113174
0.134657
0.157982
0.196169
0.209681
0.237774
0.267157
0.297661
0.345135
0.361326
0.394123
0.427351
0.477667
0.511301
0.528084
0.578091
0.610987
0.643387
0.675159
0.706184
0.736366
0.765606
0.779842
0.820896
0.846804
0.871479
0.894884
0.916988
0.937786
0.957287
0.975477
0.992352
1.00791
1.02215
1.0351
1.04676
1.05718
1.07052
1.07794
1.08424
1.08946
1.09364
1.09683
1.09908
1.10043
1.10089
1.10023
1.09886
1.09684
1.09424
1.0911
1.08749
1.08346
1.07907
1.07438
1.06942
1.06425
1.0589
1.05344
1.0479
1.04231
1.03671
1.03114
1.02562
1.02016
1.01482
1.00959
1.00451
0.99958
0.994837
0.988096
0.985954
0.98184
0.977957
0.97431
0.969303
0.966282
0.96352
0.961014
0.958755
0.956753
0.954998
0.953487
0.952208
0.951162
0.950344
0.949512
0.949211
0.949097
0.949156
0.949377
0.949747
0.950258
0.950891
0.951645
0.952501
0.953453
0.954485
0.955585
0.956743
0.958561
0.959805
0.96106
0.96232
0.963572
0.964804
0.966009
0.967182
0.968313
0.969925
0.970936
0.971889
0.972788
0.973627
0.974407
0.975132
0.975796
0.9764
0.97695
0.977442
0.977879
0.978264
0.978596
0.97888
0.979116
0.979307
0.979511
0.979559
0.979626
0.979658
0.979637
0.979584
0.9795
0.979387
0.97917
0.978994
0.9788
0.978582
0.978348
0.978098
0.977835
0.97756
0.977272
0.976982
0.976677
0.976372
0.976067
0.975609
0.975456
0.974998
0.974846
0.974541
0.974236
0.973787
0.973497
0.973352
0.97294
0.972677
0.97242
0.972176
0.971943
0.97172
0.971508
0.97131
0.971127
0.970957
0.9708
0.970657
0.970526
0.970407
0.970303
0.970211
0.970135
0.97007
0.970016
0.969973
0.969942
0.969915
0.969912
0.969915
0.969931
0.969954
0.969984
0.970024
0.97007
0.970121
0.970182
0.970243
0.970314
0.97039
0.970467
0.970543
0.970631
0.970722
0.970814
0.970905
0.970997
0.971088
0.97118
0.971272
0.971363
0.9715
0.971592
0.971638
0.971775
0.971821
0.971958
0.97205
0.972141
0.972233
0.972324
0.972416
0.972507
0.972584
0.97266
0.972736
0.972813
0.972889
0.972965
0.973042
0.973108
0.973169
0.97323
0.973291
0.973352
0.973413
0.973475
0.973557
0.973579
0.973625
0.973694
0.97374
0.973785
0.973831
0.973877
0.973923
0.973969
0.974009
0.974039
0.97407
0.9741
0.974131
0.974161
0.974192
0.974222
0.974253
0.974283
0.974314
0.974344
0.974375
0.974405
0.974436
0.974466
0.974512
0.974527
0.974558
0.974604
0.974634
0.974665
0.974695
0.974726
0.974756
0.974787
0.974817
0.974848
0.974894
0.974924
0.974955
0.974985
0.975016
0.975046
0.975077
0.975107
0.975138
0.975168
0.975199
0.975229
0.97526
0.97529
0.975321
0.975351
0.975382
0.975412
0.975443
0.975473
0.975504
0.975534
0.975565
0.975595
0.975626
0.975691
0.975714
0.97576
0.975828
0.975874
0.97592
0.975965
0.976011
0.976057
0.976103
0.976149
0.976194
0.97624
0.976286
0.976332
0.976377
0.976423
0.976469
0.976515
0.976561
0.976606
0.976652
0.976698
0.97673
0.976776
0.976807
0.976822
0.976852
0.976883
0.976929
0.976959
0.976974
0.977005
0.977036
0.977081
0.977112
0.977142
0.977173
0.977203
0.977234
0.977264
0.977295
0.977325
0.977356
0.977386
0.977417
0.977448
0.977478
0.977509
0.977539
0.97757
0.977615
0.977646
0.977676
0.977707
0.977737
0.977768
0.977798
0.977829
0.977859
0.977905
0.977936
0.977966
0.977997
0.978027
0.978058
0.97809
0.978136
0.978182
0.978228
0.978273
0.978319
0.978365
0.978434
0.978479
0.978502
0.978571
0.978617
0.978662
0.978708
0.978754
0.9788
0.978834
0.978865
0.978895
0.978926
0.978956
0.978987
0.979017
0.979048
0.979078
0.979109
0.979139
0.979185
0.979216
0.979246
0.979277
0.979307
0.979338
0.979368
0.979399
0.979429
0.97946
0.97949
0.979521
0.979551
0.979582
0.979628
0.979643
0.979689
0.979719
0.97975
0.97978
0.979811
0.979841
0.979872
0.979902
0.979933
0.979963
0.979994
0.980024
0.980055
0.980085
0.980116
0.980146
0.980192
0.980207
0.980253
0.980284
0.980299
0.980345
0.980375
0.980406
0.980436
0.980467
0.980497
0.980528
0.980558
0.980589
0.980619
0.98065
0.98068
0.980711
0.980742
0.980772
0.980803
0.980833
0.980864
0.980894
0.98094
0.98097
0.981001
0.981031
0.981062
0.981092
0.981123
0.981153
0.981199
0.981215
0.981245
0.981276
0.981321
0.981337
0.981382
0.981398
0.981443
0.981474
0.981504
0.981535
0.981565
0.981596
0.981627
0.981657
0.981688
0.981718
0.981749
0.981779
0.98181
0.98184
0.981871
0.981901
0.981932
0.981962
0.981993
0.982023
0.982054
0.982084
0.98213
0.982161
0.982191
0.982222
0.982252
0.982283
0.982313
0.982344
0.982374
0.982405
0.982435
0.982466
0.982496
0.982542
0.982557
0.982588
0.982634
0.982649
0.982695
0.982725
0.982756
0.982786
0.982817
0.982847
0.982878
0.982908
0.982939
0.982969
0.983
0.98303
0.983061
0.983091
0.983122
0.983152
0.983183
0.983213
0.983244
0.983274
0.983305
0.983335
0.983366
0.983397
0.983442
0.983458
0.983488
0.983534
0.983549
0.983595
0.983625
0.983656
0.983686
0.983717
0.983747
0.983778
0.983809
0.983839
0.98387
0.9839
0.983931
0.983961
0.983992
0.984022
0.984053
0.984083
0.984114
0.984144
0.984175
0.984205
0.984236
0.984266
0.984297
0.984343
0.984358
0.984404
0.984419
0.984449
0.98448
0.984526
0.984556
0.984571
0.984602
0.984648
0.984678
0.984709
0.984724
0.984755
0.984785
0.984831
0.984858
0.984873
0.984888
0.984903
0.984919
0.984934
0.984949
0.984964
0.98498
0.985003
0.985018
0.985033
0.985048
0.985064
0.985079
0.985102
0.985117
0.985132
0.985147
0.985163
0.985193
0.985224
0.985254
0.985285
0.985315
0.985346
0.985376
0.985422
0.985453
0.985483
0.985514
0.985544
0.985575
0.985605
0.985636
0.985666
0.985697
0.985727
0.985758
0.985788
0.985819
0.985865
0.98588
0.98591
0.985956
0.985971
0.986017
0.986048
0.986063
0.986109
0.986132
0.986139
0.986162
0.986177
0.986193
0.986208
0.986223
0.986238
0.986254
0.986269
0.986284
0.986307
0.986322
0.986338
0.986353
0.986368
0.986383
0.986399
0.986414
0.986429
0.986444
0.986462
0.986492
0.986523
0.986553
0.986584
0.986629
0.98666
0.986691
0.986721
0.986752
0.986782
0.986813
0.986843
0.986874
0.986904
0.986935
0.986965
0.986996
0.987026
0.987057
0.987103
0.987133
0.987148
0.987179
0.987217
0.987232
0.987247
0.987255
0.98727
0.987293
0.987309
0.987324
0.987339
0.987354
0.98737
0.987385
0.9874
0.987415
0.987431
0.987446
0.987461
0.987476
0.987492
0.987507
0.987522
0.987537
0.987553
0.987568
0.987591
0.987606
0.987621
0.987637
0.987652
0.987682
0.987713
0.987743
0.987774
0.987804
0.987835
0.987865
0.987896
0.987926
0.987957
0.987988
0.988018
0.988049
0.988079
0.98811
0.98814
0.988186
0.988201
0.988232
0.988262
0.98827
0.988293
0.988308
0.988323
0.988338
0.988354
0.988369
0.988384
0.9884
0.988422
0.988438
0.988453
0.988468
0.988483
0.988499
0.988514
0.988529
0.988544
0.98856
0.988575
0.98859
0.988605
0.988621
0.988636
0.988651
0.988667
0.988682
0.988697
0.988712
0.988728
0.98875
0.988758
0.988773
0.988789
0.988804
0.988827
0.988842
0.988857
0.988888
0.988934
0.988964
0.988995
0.989025
0.989056
0.989086
0.989117
0.989147
0.989178
0.989208
0.989239
0.989269
0.9893
0.989346
0.989361
0.989376
0.989399
0.989414
0.989429
0.989437
0.98946
0.989475
0.989491
0.989506
0.989521
0.989536
0.989552
0.989567
0.989582
0.989597
0.989613
0.989628
0.989643
0.989658
0.989674
0.989697
0.989712
0.989719
0.989742
0.98975
0.989773
0.989788
0.989796
0.989819
0.989834
0.989849
0.989864
0.98988
0.989895
0.98991
0.989925
0.989941
0.989956
0.989971
0.989986
0.990002
0.990017
0.990032
0.990047
0.990063
0.990078
0.990093
0.990108
0.990124
0.990147
0.990162
0.990177
0.990192
0.990208
0.990223
0.990238
0.990253
0.990269
0.990284
0.990299
0.990314
0.99033
0.990353
0.990368
0.990383
0.990398
0.990414
0.990429
0.990444
0.990459
0.990475
0.990505
0.990536
0.990566
0.990612
0.990627
0.990673
0.990704
0.990734
0.990765
0.990795
0.990826
0.990843
0.990858
0.990873
0.990889
0.990904
0.990919
0.990934
0.99095
0.990957
0.99098
0.990995
0.991011
0.991026
0.991041
0.991056
0.991072
0.991087
0.991102
0.991117
0.991133
0.991148
0.991163
0.991186
0.991194
0.991209
0.991224
0.991247
0.991262
0.991278
0.991301
0.991316
0.991331
0.991346
0.991362
0.991377
0.991392
0.991407
0.991423
0.991438
0.991453
0.991476
0.991491
0.991507
0.991522
0.991537
0.991552
0.991568
0.991583
0.991598
0.991613
0.991629
0.991644
0.991659
0.991674
0.99169
0.991705
0.99172
0.991735
0.991751
0.991766
0.991789
0.991804
0.991819
0.991835
0.99185
0.991865
0.99188
0.991896
0.991911
0.991926
0.991941
0.991957
0.991972
0.991987
0.99201
0.992018
0.992033
0.992056
0.992071
0.992086
0.992102
0.992117
0.992132
0.992147
0.992163
0.992178
0.992193
0.992208
0.992224
0.992239
0.992254
0.99227
0.992285
0.9923
0.992323
0.992338
0.992353
0.992369
0.992384
0.992399
0.992414
0.99243
0.992445
0.99246
0.992476
0.992491
0.992506
0.992521
0.992537
0.992552
0.992567
0.992582
0.992598
0.992613
0.992628
0.992643
0.992659
0.992674
0.992689
0.992704
0.99272
0.992735
0.99275
0.992773
0.992781
0.992796
0.992819
0.992826
0.992849
0.992865
0.99288
0.992895
0.99291
0.992926
0.992941
