0
2.28884e-05
3.05177e-05
4.57765e-05
6.10353e-05
8.01087e-05
0.00015831
0.000701905
0.00164604
0.00332832
0.00598526
0.00984573
0.0151176
0.0219879
0.0306091
0.041111
0.0535851
0.0680885
0.0846405
0.103226
0.123804
0.146296
0.170605
0.196606
0.224169
0.253138
0.283354
0.330658
0.363264
0.396528
0.430288
0.464373
0.498623
0.532862
0.566914
0.600613
0.633812
0.666374
0.698177
0.744228
0.773685
0.802052
0.829254
0.855236
0.879946
0.903332
0.925346
0.945938
0.965073
0.982742
0.998949
1.01371
1.02704
1.03898
1.04957
1.05885
1.06686
1.07366
1.07931
1.08385
1.08874
1.09078
1.09194
1.09213
1.09181
1.08982
1.08883
1.08502
1.08183
1.07818
1.07415
1.06977
1.06512
1.06024
1.05519
1.05001
1.04476
1.03947
1.03418
1.02892
1.02371
1.01859
1.01358
1.00869
1.00394
0.997131
0.994951
0.988703
0.984795
0.981104
0.977636
0.974401
0.971407
0.968645
0.966127
0.96386
0.961832
0.960047
0.9585
0.95718
0.956081
0.955194
0.954508
0.954012
0.953695
0.953548
0.95356
0.953846
0.954205
0.954679
0.955259
0.955935
0.956696
0.957527
0.95842
0.959358
0.960331
0.961327
0.962334
0.963341
0.964342
0.965328
0.966293
0.967232
0.968136
0.969004
0.969835
0.970621
0.971365
0.972063
0.972715
0.97332
0.973879
0.974628
0.975071
0.97547
0.975822
0.976135
0.976408
0.976639
0.97683
0.976984
0.977102
0.977215
0.977236
0.977255
0.977247
0.977211
0.97711
0.977013
0.976957
0.97683
0.976606
0.976437
0.976254
0.976057
0.975851
0.975637
0.975412
0.975183
0.974955
0.97472
0.974476
0.974232
0.973988
0.973749
0.97352
0.973291
0.973063
0.972839
0.972626
0.972412
0.972214
0.972015
0.971832
0.971653
0.971485
0.971325
0.971172
0.970966
0.970905
0.970783
0.970676
0.970531
0.970448
0.970409
0.97031
0.970257
0.970211
0.970181
0.970156
0.97014
0.970135
0.970135
0.970148
0.970163
0.970192
0.970222
0.970263
0.970308
0.970354
0.970444
0.970505
0.970566
0.970638
0.970715
0.970791
0.970867
0.970943
0.97102
0.971096
0.971184
0.971275
0.971367
0.971458
0.97155
0.971642
0.971779
0.97187
0.971956
0.972033
0.972109
0.972185
0.972261
0.972376
0.972452
0.972528
0.972605
0.972679
0.97274
0.972801
0.972862
0.972923
0.972984
0.973045
0.973137
0.97319
0.973236
0.973282
0.973328
0.973373
0.973419
0.973465
0.973534
0.973557
0.973625
0.973671
0.973717
0.973747
0.973778
0.973808
0.973839
0.973869
0.9739
0.97393
0.973961
0.973991
0.974022
0.974052
0.974098
0.974129
0.974144
0.97419
0.97422
0.974251
0.974281
0.974312
0.974342
0.974373
0.974403
0.974434
0.974464
0.974495
0.974525
0.974556
0.974586
0.974617
0.974648
0.974678
0.974709
0.974739
0.97477
0.97481
0.974855
0.974901
0.974947
0.974993
0.975061
0.975084
0.975153
0.975199
0.975245
0.97529
0.975336
0.975382
0.975428
0.975473
0.975519
0.975565
0.975611
0.975657
0.975702
0.975748
0.975786
0.975817
0.975847
0.975878
0.975908
0.975939
0.975969
0.976
0.976046
0.976076
0.976107
0.976137
0.976168
0.976198
0.976244
0.976274
0.976305
0.976336
0.976366
0.976397
0.976427
0.976458
0.976488
0.976519
0.976549
0.97658
0.97661
0.976641
0.976671
0.976702
0.976732
0.976795
0.976841
0.976887
0.976933
0.976978
0.977024
0.97707
0.977116
0.977184
0.97723
0.977276
0.977322
0.977367
0.977413
0.977459
0.977505
0.977551
0.977587
0.977617
0.977648
0.977678
0.977709
0.977739
0.97777
0.9778
0.977846
0.977877
0.977892
0.977922
0.977953
0.977999
0.978029
0.97806
0.978075
0.978121
0.978151
0.978182
0.978212
0.978243
0.978273
0.978304
0.978334
0.978365
0.978395
0.978426
0.978456
0.978487
0.978518
0.978548
0.978579
0.978609
0.97864
0.97867
0.978701
0.978731
0.978762
0.978807
0.978823
0.978868
0.978899
0.97893
0.97896
0.978991
0.979021
0.979036
0.979082
0.979113
0.979143
0.979174
0.979204
0.979235
0.979265
0.979296
0.979326
0.979357
0.979387
0.979418
0.979448
0.979479
0.979509
0.97954
0.97957
0.97961
0.979656
0.979702
0.979748
0.979816
0.979839
0.979885
0.979931
0.979977
0.980022
0.980068
0.980137
0.98016
0.980228
0.980244
0.980274
0.980305
0.98035
0.980381
0.980412
0.980442
0.980473
0.980503
0.980534
0.980564
0.980595
0.980625
0.980656
0.980701
0.980732
0.980762
0.980793
0.980824
0.980854
0.980885
0.980915
0.980946
0.980976
0.981007
0.981037
0.981068
0.981098
0.981144
0.981159
0.981205
0.981236
0.981266
0.981297
0.981327
0.981358
0.981388
0.981419
0.981449
0.98148
0.98151
0.981541
0.981571
0.981602
0.981632
0.981663
0.981693
0.981724
0.98177
0.981785
0.981815
0.981861
0.981892
0.981922
0.981953
0.981983
0.982014
0.982044
0.982075
0.982105
0.982136
0.982166
0.982197
0.982227
0.982258
0.982288
0.982319
0.982349
0.98238
0.98241
0.982441
0.982471
0.982502
0.982533
0.982563
0.982594
0.982624
0.982655
0.9827
0.982716
0.982746
0.982792
0.982822
0.982853
0.982883
0.982914
0.982944
0.982975
0.983006
0.983036
0.983067
0.983097
0.983128
0.983158
0.983204
0.983219
0.983265
0.983295
0.983311
0.983341
0.983387
0.983402
0.983448
0.983479
0.983494
0.983524
0.983555
0.983601
0.983616
0.983662
0.983692
0.983707
0.983753
0.983784
0.983799
0.983829
0.983875
0.983906
0.983936
0.983967
0.983982
0.984028
0.984058
0.984089
0.984119
0.984137
0.984152
0.984167
0.984182
0.984198
0.984213
0.984228
0.984243
0.984259
0.984274
0.984297
0.984312
0.984327
0.984343
0.984358
0.984373
0.984388
0.984404
0.984426
0.984457
0.984488
0.984518
0.984549
0.984579
0.98461
0.98464
0.984671
0.984701
0.984732
0.984762
0.984793
0.984823
0.984854
0.984884
0.98493
0.984945
0.984976
0.985022
0.985037
0.985067
0.985098
0.985144
0.985174
0.985205
0.985235
0.985266
0.985296
0.985327
0.985357
0.985388
0.985418
0.985449
0.985479
0.98551
0.98554
0.985571
0.985601
0.985632
0.985662
0.985693
0.985723
0.985754
0.985773
0.985788
0.985804
0.985819
0.985834
0.985849
0.985865
0.98588
0.985895
0.98591
0.985926
0.985941
0.985956
0.985979
0.985987
0.986002
0.986017
0.98604
0.986055
0.986071
0.98608
0.986126
0.986156
0.986187
0.986217
0.986248
0.986279
0.986309
0.98634
0.98637
0.986401
0.986431
0.986462
0.986492
0.986523
0.986553
0.986584
0.986629
0.986645
0.986675
0.986706
0.986736
0.986767
0.986813
0.986828
0.986874
0.986887
0.98691
0.986925
0.98694
0.986956
0.986971
0.986986
0.987001
0.987017
0.987032
0.987047
0.987062
0.987078
0.987093
0.987108
0.987123
0.987139
0.987154
0.987169
0.987192
0.9872
0.987223
0.987238
0.987253
0.987268
0.987284
0.987305
0.987335
0.987366
0.987396
0.987427
0.987457
0.987503
0.987518
0.987549
0.987579
0.987625
0.987656
0.987686
0.987717
0.987747
0.987778
0.987808
0.987839
0.987869
0.9879
0.987917
0.987932
0.987947
0.987963
0.987978
0.987993
0.988016
0.988024
0.988047
0.988062
0.988077
0.988085
0.988108
0.988123
0.988138
0.988153
0.988169
0.988184
0.988199
0.988214
0.98823
0.988245
0.98826
0.988283
0.988291
0.988306
0.988321
0.988337
0.988352
0.988367
0.988382
0.988398
0.988413
0.98844
0.98847
0.988501
0.988531
0.988562
0.988592
0.988623
0.988653
0.988684
0.988729
0.98876
0.988791
0.988821
0.988852
0.988882
0.988913
0.988943
0.988974
0.989002
0.989017
0.98904
0.989056
0.989071
0.989086
0.989101
0.989117
0.989132
0.989147
0.989162
0.989178
0.989193
0.989208
0.989223
0.989239
0.989262
0.989277
0.989292
0.9893
0.989323
0.989338
0.989353
0.989368
0.989384
0.989399
0.989414
0.989429
0.989445
0.989468
0.989475
0.989491
0.989513
0.989521
0.989536
0.989552
0.989574
0.989582
0.989605
0.989613
0.989635
0.989651
0.989666
0.989681
0.989697
0.989712
0.989727
0.989742
0.989758
0.989773
0.989788
0.989803
0.989819
0.989834
0.989849
0.989857
0.989887
0.989912
0.989943
0.989973
0.990004
0.990034
0.990065
0.990095
0.990126
0.990156
0.990187
0.990217
0.990248
0.990278
0.990322
0.99033
0.990345
0.990368
0.990383
0.990398
0.990414
0.990429
0.990444
0.990459
0.990475
0.99049
0.990505
0.99052
0.990543
0.990559
0.990574
0.990589
0.990604
0.990627
0.990643
0.990658
0.990673
0.990688
0.990704
0.990719
0.990734
0.990749
0.990772
0.990788
0.990803
0.990818
0.990841
0.990856
0.990871
0.990887
0.990902
0.990917
0.990932
0.990948
0.990963
0.990978
0.990993
0.991016
0.991032
0.991047
0.991062
0.991085
0.991093
0.991116
0.991131
0.991146
0.991161
0.991177
0.991192
0.991207
0.991222
0.991238
0.991253
0.991268
0.991283
0.991299
0.991314
0.991329
0.991344
0.991367
0.991375
0.99139
0.991405
0.991421
0.991444
0.991459
0.991474
0.991482
0.991497
0.991512
0.991528
0.99155
0.991558
0.991581
0.991596
0.991604
0.991627
0.991642
0.99165
0.991673
0.991688
0.991703
0.991718
0.991734
0.991749
0.991772
0.991787
0.991802
0.991817
0.991833
0.991848
0.991863
0.991879
0.991894
0.991917
0.991932
0.991947
0.991962
0.991978
0.991993
0.992008
0.992023
0.992039
0.992054
0.992077
0.992085
0.9921
0.992115
0.99213
0.992146
0.992168
0.992176
0.992199
0.992214
0.992229
0.992245
0.99226
0.992275
0.99229
0.992306
0.992321
0.992336
0.992352
0.992367
0.992382
0.992397
0.992413
0.992428
0.992443
0.992458
0.992474
0.992489
0.992512
0.992519
0.992542
0.992558
0.992565
0.99258
0.992596
0.992619
0.992634
0.992649
0.992664
0.992687
0.992702
0.992718
0.992733
0.992748
0.992764
0.992779
0.992794
0.992809
0.992825
0.99284
0.992855
0.99287
0.992886
0.992901
0.992916
0.992931
0.992947
0.992962
0.992977
0.992992
