0
0
0
0
0
9.15526e-05
0.000335693
0.000549316
0.00170898
0.00320435
0.00546265
0.00863647
0.0128174
0.0181885
0.0248718
0.0328369
0.0422058
0.0529785
0.065155
0.0787354
0.0937195
0.110046
0.127716
0.146606
0.166687
0.187927
0.210266
0.233582
0.257874
0.283112
0.309174
0.336029
0.377716
0.406311
0.435455
0.465118
0.49527
0.525818
0.556732
0.587921
0.619354
0.650909
0.682648
0.714386
0.746124
0.777863
0.809418
0.840851
0.887573
0.918396
0.948853
0.993835
1.02325
1.05219
1.08057
1.10837
1.13559
1.16214
1.18799
1.2131
1.23746
1.26105
1.28381
1.30573
1.32678
1.34692
1.36618
1.39328
1.41016
1.42615
1.4411
1.45502
1.46796
1.47992
1.49084
1.50531
1.51364
1.52097
1.52725
1.5325
1.53674
1.54114
1.54211
1.54358
1.54333
1.54211
1.53992
1.53677
1.53275
1.53036
1.522
1.51535
1.51172
1.49957
1.49512
1.48071
1.47018
1.45898
1.44705
1.43457
1.42142
1.40771
1.39349
1.37872
1.36346
1.34778
1.3317
1.31522
1.29843
1.28128
1.26385
1.24619
1.2283
1.21024
1.19199
1.17368
1.15518
1.13663
1.11807
1.09952
1.08096
1.06241
1.0441
1.01672
0.998657
0.980835
0.963196
0.945801
0.92868
0.911896
0.895416
0.879272
0.863495
0.848114
0.83313
0.818604
0.804535
0.790924
0.777802
0.765167
0.753082
0.741547
0.73053
0.720062
0.710205
0.700897
0.692169
0.684052
0.676514
0.669586
0.663269
0.657562
0.650146
0.64798
0.642395
0.639435
0.638184
0.635315
0.634125
0.633575
0.633606
0.634186
0.635345
0.637054
0.639313
0.64212
0.645477
0.649323
0.653656
0.661072
0.663788
0.669525
0.678986
0.682343
0.692993
0.696747
0.704529
0.716858
0.725494
0.734436
0.743683
0.753174
0.762939
0.772949
0.783173
0.798828
0.809509
0.820251
0.831207
0.842194
0.85321
0.864441
0.875671
0.898132
0.909363
0.920593
0.93158
0.942566
0.953552
0.964325
0.980347
0.990845
1.00116
1.01132
1.0213
1.03107
1.04059
1.04987
1.0589
1.06769
1.0762
1.08444
1.09241
1.1001
1.10751
1.11459
1.12134
1.12778
1.13388
1.14243
1.14511
1.15018
1.15491
1.15927
1.16513
1.16858
1.17166
1.17438
1.17673
1.17871
1.18033
1.18161
1.1825
1.18304
1.18323
1.18307
1.18259
1.18173
1.18057
1.17905
1.17725
1.17395
1.17139
1.17001
1.16541
1.1637
1.15829
1.15436
1.15018
1.14578
1.14114
1.13629
1.13123
1.12598
1.12061
1.11499
1.10925
1.10339
1.09735
1.09125
1.08499
1.07864
1.0723
1.06577
1.05917
1.05258
1.04599
1.0394
1.02951
1.02292
1.01633
1.00974
1.00644
0.996765
0.990417
0.98407
0.977905
0.971802
0.96579
0.95993
0.954132
0.948517
0.942963
0.937592
0.932312
0.927185
0.922211
0.917328
0.912689
0.908173
0.903809
0.899658
0.895691
0.891876
0.888245
0.884827
0.881653
0.878662
0.875885
0.873291
0.870911
0.868744
0.866791
0.865082
0.863586
0.862305
0.861237
0.860382
0.859741
0.859283
0.859039
0.859039
0.859222
0.859619
0.860199
0.860962
0.861938
0.863129
0.865204
0.865967
0.867676
0.869568
0.871582
0.874908
0.87735
0.879913
0.882599
0.885468
0.888397
0.89151
0.894684
0.89798
0.901398
0.904816
0.908447
0.912109
0.915771
0.919556
0.923462
0.927368
0.931274
0.935181
0.939087
0.944946
0.948853
0.952759
0.956665
0.960571
0.964478
0.968384
0.97229
0.976166
0.979828
0.98349
0.987152
0.990662
0.99408
0.997498
1.00076
1.00552
1.00858
1.01151
1.01443
1.01715
1.01984
1.02246
1.0249
1.0285
1.0307
1.0329
1.03491
1.03687
1.03873
1.04044
1.04291
1.04437
1.04584
1.04709
1.04831
1.04941
1.05038
1.05136
1.05209
1.05283
1.05341
1.05389
1.05435
1.0546
1.05484
1.05493
1.05493
1.05493
1.05469
1.05444
1.05411
1.05362
1.05313
1.05249
1.05176
1.05103
1.05017
1.04919
1.04822
1.04721
1.04599
1.04416
1.04355
1.04153
1.04007
1.0386
1.03714
1.03568
1.03403
1.03232
1.03061
1.0289
1.02719
1.02548
1.02377
1.02206
1.02036
1.01849
1.01654
1.01459
1.01263
1.01068
1.00873
1.00677
1.00482
1.00287
1.00092
0.998962
0.997009
0.995056
0.993286
0.991577
0.989868
0.988159
0.98645
0.984741
0.983032
0.981323
0.979614
0.977051
0.976196
0.974487
0.97287
0.971405
0.969208
0.967743
0.966278
0.964813
0.963348
0.961884
0.960663
0.959442
0.958221
0.957001
0.95578
0.954559
0.953522
0.952545
0.951569
0.950592
0.949615
0.94873
0.947998
0.947266
0.946533
0.945801
0.94516
0.944672
0.944183
0.943695
0.943207
0.942871
0.942627
0.942383
0.942139
0.941895
0.941864
0.941864
0.941864
0.941864
0.941986
0.942108
0.942474
0.942719
0.942963
0.943237
0.943726
0.944214
0.944702
0.94519
0.945679
0.946167
0.946899
0.947632
0.948364
0.949097
0.949829
0.950562
0.951294
0.952026
0.952911
0.953888
0.954865
0.955841
0.956818
0.957794
0.958771
0.959747
0.961212
0.9617
0.962677
0.963654
0.96463
0.966095
0.966583
0.968048
0.969025
0.970001
0.970978
0.971954
0.972931
0.973907
0.974884
0.975861
0.976837
0.977814
0.97879
0.979767
0.980743
0.981537
0.982269
0.983002
0.983734
0.984467
0.985199
0.985931
0.986664
0.987396
0.988495
0.989227
0.989594
0.990082
0.990814
0.991302
0.991791
0.992279
0.992767
0.993256
0.993744
0.994232
0.99472
0.995026
0.99527
0.995514
0.995758
0.996002
0.996246
0.996368
0.996735
0.997101
0.997223
0.997589
0.99765
0.99765
0.99765
0.99765
0.99765
0.99765
0.99765
0.99765
0.99765
0.99765
0.99765
0.99765
0.99765
0.99765
0.997467
0.997223
0.996979
0.996735
0.99649
0.996246
0.996002
0.995758
0.995514
0.99527
0.995026
0.994659
0.994537
0.994293
0.994049
0.993805
0.993439
0.993317
0.99295
0.992706
0.992462
0.992218
0.991974
0.99173
0.991486
0.991241
0.990997
0.990753
0.990509
0.990082
0.989594
0.989105
0.988617
0.988129
0.98764
0.987152
0.986664
0.986176
0.985687
0.985199
0.984711
0.984222
0.983734
0.983246
0.982971
0.982727
0.982483
0.982239
0.981995
0.98175
0.981506
0.981262
0.981018
0.980774
0.98053
0.980286
0.980042
0.979797
0.979553
0.979187
0.978943
0.978821
0.978455
0.978333
0.977966
0.977722
0.977478
0.977234
0.97699
0.976746
0.976501
0.976257
0.976013
0.975769
0.975525
0.975281
0.975037
0.974792
0.974762
0.974762
0.974762
0.974762
0.974762
0.974762
0.974762
0.974762
0.974762
0.974762
0.974762
0.974762
0.974762
0.974762
0.974762
0.974762
0.974762
0.974762
0.974762
0.974762
0.974762
0.974762
0.974762
0.974762
0.974762
0.974762
0.974762
0.974762
0.974884
0.975128
0.975372
0.975616
0.975861
0.976105
0.976349
0.976593
0.976837
0.977081
0.977325
0.97757
0.977814
0.978058
0.978302
0.978546
0.97879
0.979034
0.979279
0.979523
0.979767
0.980011
0.980255
0.980499
0.980743
0.980988
0.981232
0.981598
0.981842
0.982086
0.98233
0.982452
0.982819
0.983063
0.983307
0.983551
0.983795
0.984039
0.984283
0.984528
0.984772
0.985016
0.98526
0.985504
0.985748
0.985992
0.986237
0.986481
0.986725
0.986969
0.987213
0.987457
0.987701
0.987946
0.988007
0.988007
0.988007
0.988007
0.988007
0.988007
0.988007
0.988007
0.988007
0.988007
0.988007
0.988007
0.988007
0.988007
0.988007
0.988007
0.988007
0.988007
0.988007
0.988007
0.988007
0.988007
0.988007
0.988007
0.988007
0.988007
0.988007
0.988007
0.988007
0.988007
0.988007
0.988007
0.988007
0.988007
0.988007
0.988007
0.988007
0.988007
0.988007
0.988007
0.988007
0.988007
0.988007
0.988007
0.988007
0.988007
0.988007
0.988007
0.988007
0.988007
0.988007
0.988007
0.988007
0.988007
0.988007
0.988007
0.988007
0.988007
0.988007
0.988007
0.988007
0.988007
0.988007
0.988007
0.988007
0.988007
0.988007
0.988007
0.988007
0.988007
0.988007
0.988007
0.988007
0.988007
0.988007
0.988007
0.988007
0.988007
0.988007
0.988007
0.988007
0.988007
0.988007
0.988007
0.988007
0.988007
0.988007
0.988007
0.988007
0.988007
0.988007
0.988007
0.988007
0.988007
0.988007
0.988007
0.988007
0.988007
0.988007
0.988007
0.988007
0.988007
0.988007
0.988007
0.988007
0.988007
0.988007
0.988007
0.988007
0.988007
0.988007
0.988007
0.988007
0.988007
0.988007
0.988007
0.988007
0.988007
0.988007
0.988007
0.988007
0.988007
0.988007
0.988007
0.988007
0.988007
0.988007
0.988007
0.988007
0.988007
0.988007
0.988007
0.988007
0.988007
0.988007
0.988007
0.988007
0.988007
0.988007
0.988007
0.988007
0.988007
0.988007
0.988007
0.988007
0.988007
0.988007
0.988007
0.988007
0.988007
0.988007
0.988007
0.988007
0.988007
0.988007
0.988007
0.988007
0.988007
0.988007
0.988007
0.988007
0.988007
0.988007
0.988007
0.988007
0.988007
0.988007
0.988007
0.988007
0.988007
0.988007
0.988007
0.988007
0.988007
0.988007
0.988007
0.988007
0.988007
0.988007
0.988007
0.988007
0.988007
0.988007
0.988007
0.988007
0.988007
0.988007
0.988007
0.988007
0.988007
0.988007
0.988007
0.988007
0.988007
0.988007
0.988007
0.988007
0.988007
0.988007
0.988007
0.988007
0.988007
0.988007
0.988007
0.988007
0.988007
0.988007
0.988007
0.988007
0.988007
0.988007
0.988007
0.988007
0.988007
0.988007
0.988007
0.988007
0.988007
0.988007
0.988007
0.988007
0.988007
0.988007
0.988007
0.988007
0.988007
0.988007
0.988007
0.988007
0.988007
0.988007
0.988007
0.988007
0.988007
0.988007
0.988007
0.988007
0.988007
0.988007
0.988007
0.988007
0.988007
0.988007
0.988007
0.988007
0.988007
0.988007
0.988007
0.988007
0.988007
0.988007
0.988007
0.988007
0.988007
0.988007
0.988007
0.988007
0.988007
0.988007
0.988007
