0
0
0
0
0
0
0.000244141
0.000579834
0.00125122
0.00244141
0.00430298
0.00698853
0.0106506
0.0154419
0.0214539
0.0287781
0.0374451
0.0475159
0.0589905
0.0718689
0.0861511
0.101837
0.118835
0.137115
0.156616
0.177277
0.210327
0.221863
0.245667
0.283081
0.295959
0.335785
0.349426
0.391357
0.420013
0.449188
0.478851
0.508911
0.539307
0.569977
0.600891
0.631927
0.663177
0.694427
0.725677
0.756927
0.788086
0.819092
0.849915
0.880524
0.925903
0.95578
0.985229
1.01428
1.04291
1.07101
1.09857
1.12555
1.15189
1.17755
1.21475
1.22678
1.25027
1.27295
1.30542
1.32599
1.33594
1.36441
1.38223
1.39908
1.41495
1.42984
1.44376
1.4567
1.46863
1.47949
1.48938
1.4982
1.50601
1.51282
1.51855
1.52332
1.5271
1.52979
1.53149
1.53223
1.53198
1.53088
1.52881
1.52582
1.52191
1.51965
1.50839
1.5015
1.49384
1.48538
1.47617
1.46622
1.4556
1.44434
1.4324
1.41983
1.40668
1.39297
1.37875
1.36404
1.34888
1.33328
1.31729
1.30096
1.2843
1.26733
1.25012
1.2327
1.21509
1.19727
1.17938
1.16132
1.14325
1.12518
1.10712
1.08905
1.07098
1.05304
1.03522
1.01755
0.991364
0.982727
0.957245
0.940582
0.932373
0.908203
0.892487
0.877136
0.862152
0.847595
0.833435
0.819702
0.806458
0.79364
0.781372
0.769592
0.763885
0.752899
0.742432
0.727783
0.718719
0.710205
0.702271
0.694916
0.688141
0.681976
0.676392
0.671387
0.666962
0.663116
0.659882
0.657227
0.655121
0.653625
0.652679
0.652283
0.652466
0.653198
0.655273
0.657318
0.659882
0.662933
0.666473
0.670502
0.675018
0.679962
0.685333
0.691101
0.697296
0.703857
0.710815
0.718109
0.725769
0.733704
0.741943
0.754852
0.759247
0.772919
0.777557
0.79184
0.801605
0.811523
0.821533
0.831757
0.84201
0.852295
0.862793
0.873291
0.883789
0.894287
0.904785
0.915283
0.92569
0.935944
0.946198
0.95639
0.9664
0.976349
0.986115
1.00049
1.00986
1.01904
1.02805
1.03683
1.04538
1.05368
1.0657
1.06961
1.08087
1.08804
1.09497
1.10162
1.10794
1.11395
1.11969
1.12512
1.13019
1.13721
1.14148
1.14346
1.14896
1.15222
1.15646
1.15768
1.15994
1.16263
1.16336
1.16507
1.16547
1.16605
1.16629
1.16605
1.1658
1.16458
1.16342
1.16193
1.16107
1.15811
1.15579
1.1532
1.15036
1.14725
1.14389
1.14032
1.13654
1.13254
1.12833
1.12393
1.11932
1.11456
1.10968
1.10455
1.09937
1.09399
1.08859
1.08298
1.07736
1.07159
1.06573
1.05695
1.05402
1.04489
1.03879
1.03268
1.02658
1.02048
1.01437
1.00836
1.0025
0.996643
0.990784
0.985046
0.976624
0.971039
0.965668
0.960297
0.955109
0.949982
0.944977
0.937653
0.935303
0.928345
0.92392
0.919556
0.915405
0.911346
0.90744
0.903748
0.900177
0.896759
0.893585
0.890594
0.886414
0.883881
0.881531
0.879395
0.877441
0.875732
0.874207
0.872894
0.871765
0.87085
0.870117
0.869629
0.869324
0.869202
0.869263
0.869507
0.869995
0.870636
0.871918
0.872406
0.874207
0.874908
0.876373
0.878906
0.880798
0.882782
0.884979
0.887238
0.889679
0.892212
0.894897
0.897644
0.900574
0.905029
0.908203
0.911377
0.914581
0.917999
0.921417
0.924835
0.928253
0.931854
0.935516
0.939178
0.942841
0.948334
0.950165
0.953827
0.957489
0.961151
0.964813
0.968475
0.973755
0.977173
0.980591
0.984009
0.987274
0.990448
0.993622
0.996704
0.999634
1.00403
1.00674
1.00943
1.01208
1.01453
1.01697
1.01929
1.02148
1.02368
1.0257
1.02765
1.02957
1.03128
1.03299
1.03458
1.03604
1.03751
1.03879
1.04001
1.0412
1.04266
1.04364
1.04404
1.04514
1.0455
1.04633
1.04681
1.04721
1.04745
1.0477
1.04782
1.04782
1.04782
1.0477
1.04745
1.04709
1.0466
1.04611
1.04562
1.04498
1.04425
1.04352
1.04279
1.04181
1.04083
1.03986
1.03888
1.03769
1.03647
1.03525
1.03403
1.03281
1.03143
1.02997
1.0285
1.02704
1.02557
1.02411
1.02264
1.02118
1.01968
1.01712
1.01541
1.0137
1.01199
1.01028
1.00772
1.00601
1.0043
1.00259
1.00089
0.999176
0.997467
0.996613
0.994049
0.991486
0.989777
0.988068
0.986572
0.985107
0.983643
0.982178
0.980713
0.978516
0.977051
0.975586
0.974121
0.972656
0.971191
0.969849
0.968628
0.967407
0.966187
0.964966
0.963745
0.962524
0.960724
0.959747
0.959259
0.957794
0.956329
0.955353
0.954376
0.953644
0.952911
0.952179
0.951447
0.950714
0.950012
0.949524
0.949036
0.948547
0.948059
0.947571
0.947235
0.946991
0.946747
0.946503
0.946136
0.946045
0.946045
0.946045
0.946045
0.946045
0.946136
0.946381
0.946625
0.946869
0.947113
0.947357
0.947632
0.94812
0.948608
0.949097
0.949585
0.950073
0.950806
0.95105
0.951996
0.952362
0.953461
0.954193
0.954926
0.955658
0.95639
0.957123
0.957855
0.958588
0.959686
0.960052
0.961151
0.961884
0.96225
0.963684
0.964661
0.965637
0.966614
0.96759
0.968567
0.969543
0.97052
0.971313
0.972046
0.972778
0.973877
0.974609
0.975342
0.976074
0.976807
0.977539
0.978271
0.979004
0.979736
0.980835
0.981567
0.981934
0.982666
0.983765
0.984131
0.985077
0.985321
0.986053
0.986542
0.98703
0.987518
0.988007
0.988495
0.988983
0.989471
0.98996
0.990448
0.990936
0.991272
0.991638
0.99176
0.992004
0.992371
0.992493
0.992859
0.993103
0.993225
0.993591
0.993713
0.99408
0.994324
0.994385
0.994385
0.994385
0.994385
0.994385
0.994385
0.994385
0.994385
0.994385
0.994385
0.994385
0.994385
0.994385
0.994385
0.994385
0.994385
0.994293
0.994171
0.993805
0.993561
0.993439
0.993195
0.99295
0.992584
0.99234
0.992218
0.991974
0.991608
0.991364
0.991241
0.990875
0.990631
0.990387
0.990143
0.989899
0.989655
0.98941
0.989166
0.988922
0.988678
0.988312
0.988068
0.987823
0.987579
0.987335
0.987091
0.986847
0.986603
0.986359
0.986115
0.98587
0.985626
0.98526
0.985138
0.984894
0.98465
0.984406
0.984039
0.983917
0.983551
0.983307
0.983063
0.982819
0.982697
0.98233
0.982086
0.981842
0.981598
0.981354
0.98111
0.980865
0.980621
0.980377
0.980133
0.979889
0.979645
0.979279
0.979034
0.97879
0.978546
0.978302
0.977936
0.977692
0.977448
0.977203
0.976959
0.976715
0.976471
0.976318
0.976318
0.976318
0.976318
0.976318
0.976318
0.976318
0.976318
0.976318
0.976318
0.976318
0.976318
0.976318
0.976318
0.976318
0.976318
0.976318
0.976318
0.976318
0.976318
0.976318
0.976318
0.976318
0.976318
0.976318
0.976318
0.976318
0.976318
0.976318
0.976318
0.976318
0.976318
0.976318
0.976318
0.976318
0.976318
0.97644
0.976685
0.976929
0.977173
0.977417
0.977661
0.977905
0.978149
0.978394
0.978638
0.978882
0.979126
0.979248
0.979614
0.979858
0.980103
0.980347
0.980591
0.980835
0.981079
0.981323
0.981567
0.981812
0.982056
0.9823
0.982544
0.982788
0.983032
0.983276
0.983643
0.983887
0.984131
0.984375
0.984619
0.984863
0.985107
0.985474
0.985718
0.985962
0.986206
0.98645
0.986694
0.986938
0.987183
0.987274
0.987274
0.987274
0.987274
0.987274
0.987274
0.987274
0.987274
0.987274
0.987274
0.987274
0.987274
0.987274
0.987274
0.987274
0.987274
0.987274
0.987274
0.987274
0.987274
0.987274
0.987274
0.987274
0.987274
0.987274
0.987274
0.987274
0.987274
0.987274
0.987274
0.987274
0.987274
0.987274
0.987274
0.987274
0.987274
0.987274
0.987274
0.987274
0.987274
0.987274
0.987274
0.987274
0.987274
0.987274
0.987274
0.987274
0.987274
0.987274
0.987274
0.987274
0.987274
0.987274
0.987274
0.987274
0.987274
0.987274
0.987274
0.987274
0.987274
0.987274
0.987274
0.987274
0.987274
0.987274
0.987274
0.987274
0.987274
0.987274
0.987274
0.987274
0.987274
0.987274
0.987274
0.987274
0.987274
0.987274
0.987274
0.987274
0.987274
0.987274
0.987274
0.987274
0.987274
0.987274
0.987274
0.987274
0.987274
0.987274
0.987274
0.987274
0.987274
0.987274
0.987274
0.987274
0.987274
0.987274
0.987274
0.987274
0.987274
0.987274
0.987274
0.987274
0.987274
0.987274
0.987274
0.987274
0.987274
0.987274
0.987274
0.987274
0.987274
0.987274
0.987274
0.987274
0.987274
0.987274
0.987274
0.987274
0.987274
0.987274
0.987274
0.987274
0.987274
0.987274
0.987274
0.987274
0.987274
0.987274
0.987274
0.987274
0.987274
0.987274
0.987274
0.987274
0.987274
0.987274
0.987274
0.987274
0.987274
0.987274
0.987274
0.987274
0.987274
0.987274
0.987274
0.987274
0.987274
0.987274
0.987274
0.987274
0.987274
0.987274
0.987274
0.987274
0.987274
0.987274
0.987274
0.987274
0.987274
0.987274
0.987274
0.987274
0.987274
0.987274
0.987274
0.987274
0.987274
0.987274
0.987274
0.987274
0.987274
0.987274
0.987274
0.987274
0.987274
0.987274
0.987274
0.987274
0.987274
0.987274
0.987274
0.987274
0.987274
0.987274
0.987274
0.987274
0.987274
0.987274
0.987274
0.987274
0.987274
0.987274
0.987274
0.987274
0.987274
0.987274
0.987274
0.987274
0.987274
0.987274
0.987274
0.987274
0.987274
0.987274
0.987274
0.987274
0.987274
0.987274
0.987274
0.987274
0.987274
0.987274
0.987274
0.987274
0.987274
0.987274
0.987274
0.987274
0.987274
0.987274
0.987274
0.987274
0.987274
0.987274
0.987274
0.987274
0.987274
0.987274
0.987274
0.987274
0.987274
0.987274
0.987274
0.987274
0.987274
0.987274
0.987274
0.987274
0.987274
0.987274
0.987274
0.987274
0.987274
0.987274
0.987274
0.987274
0.987274
0.987274
0.987274
0.987274
0.987274
0.987274
0.987274
0.987274
0.987274
0.987274
0.987274
0.987274
0.987274
0.987274
0.987274
0.987274
0.987274
0.987274
0.987274
0.987274
0.987274
