0
0
0
0
0
0
0.000213623
0.000549316
0.0012207
0.00241089
0.00427246
0.00695801
0.00866699
0.0154114
0.0287476
0.0374146
0.0474854
0.05896
0.0718384
0.0861511
0.110168
0.118835
0.137115
0.166809
0.177307
0.199097
0.233704
0.245728
0.283173
0.309174
0.335938
0.349579
0.39151
0.420227
0.449463
0.464233
0.509247
0.539673
0.570374
0.601349
0.632477
0.663727
0.694977
0.726227
0.757477
0.788635
0.819641
0.850433
0.880981
0.911255
0.941193
0.985413
1.01437
1.02869
1.07089
1.09839
1.11191
1.15161
1.17728
1.20224
1.2265
1.25
1.27271
1.29462
1.3157
1.33594
1.35529
1.37372
1.39117
1.40778
1.43085
1.44501
1.45819
1.47031
1.48141
1.49155
1.50067
1.50873
1.51581
1.52191
1.52692
1.53094
1.534
1.53607
1.53717
1.53699
1.53644
1.53345
1.53198
1.52841
1.52136
1.51559
1.50897
1.50156
1.49335
1.48438
1.46948
1.46417
1.4472
1.43509
1.42236
1.40903
1.39514
1.38074
1.36584
1.35049
1.33472
1.31851
1.302
1.2851
1.26791
1.25046
1.23279
1.21494
1.19687
1.17865
1.16034
1.13287
1.11435
1.09583
1.07751
1.0592
1.04089
1.0228
1.00482
0.98703
0.969452
0.952148
0.93512
0.918365
0.901917
0.885864
0.870148
0.854858
0.839935
0.818359
0.811401
0.797821
0.77832
0.765961
0.75412
0.742828
0.732056
0.721832
0.712219
0.703156
0.694672
0.686829
0.679535
0.672882
0.666809
0.661377
0.656525
0.652313
0.648682
0.645691
0.64328
0.641479
0.640259
0.639618
0.639587
0.640106
0.641174
0.642822
0.644989
0.649231
0.650909
0.656677
0.658844
0.663544
0.671448
0.677277
0.683533
0.690216
0.697266
0.704712
0.712494
0.720642
0.729095
0.737854
0.746918
0.756226
0.765778
0.775543
0.785553
0.795746
0.806061
0.816559
0.827179
0.837921
0.848663
0.859589
0.870575
0.881561
0.898041
0.903534
0.920013
0.930908
0.94165
0.952393
0.962982
0.968231
0.983795
0.993988
1.004
1.01376
1.02335
1.03271
1.04184
1.05072
1.05936
1.06775
1.07587
1.08371
1.09131
1.0986
1.10559
1.1123
1.11871
1.12482
1.13058
1.13605
1.14117
1.14597
1.15253
1.15454
1.16006
1.16174
1.1662
1.16873
1.17093
1.17276
1.17426
1.17538
1.17621
1.17664
1.17676
1.17651
1.17593
1.17505
1.17386
1.17233
1.1705
1.1684
1.16599
1.16327
1.16028
1.15704
1.15353
1.14978
1.14581
1.1416
1.13718
1.13013
1.12769
1.12009
1.11481
1.10941
1.10379
1.09811
1.09225
1.08636
1.08026
1.07416
1.06802
1.06168
1.05533
1.04898
1.04263
1.03629
1.02994
1.02359
1.01724
1.01089
1.00455
0.998383
0.992279
0.986176
0.980164
0.974304
0.968445
0.962769
0.957153
0.95166
0.946289
0.94101
0.933319
0.930847
0.923523
0.921204
0.916565
0.909912
0.907745
0.90155
0.897644
0.893921
0.89035
0.886963
0.883789
0.880829
0.878082
0.875549
0.873199
0.871063
0.869141
0.867432
0.865967
0.864716
0.863678
0.862854
0.862213
0.861786
0.861572
0.861572
0.861786
0.862427
0.862762
0.864014
0.865082
0.866302
0.867767
0.869385
0.871124
0.873077
0.875183
0.87738
0.879822
0.882324
0.88501
0.887756
0.890686
0.893646
0.89682
0.899994
0.903351
0.908478
0.910187
0.915619
0.919281
0.922943
0.926666
0.930573
0.934479
0.940338
0.944244
0.948151
0.952057
0.955963
0.959869
0.963776
0.967682
0.971405
0.975067
0.98056
0.982391
0.985901
0.991028
0.994446
0.99762
1.00079
1.00394
1.00687
1.0098
1.0126
1.01529
1.01797
1.02045
1.02289
1.02527
1.02747
1.02966
1.03168
1.03461
1.03641
1.03726
1.03979
1.04126
1.04272
1.04404
1.04526
1.04645
1.04742
1.0484
1.04926
1.04999
1.05096
1.05145
1.05194
1.05219
1.05243
1.05258
1.05258
1.05258
1.0524
1.05215
1.05191
1.05145
1.05096
1.05014
1.04941
1.04868
1.04788
1.04691
1.04593
1.04495
1.04382
1.0426
1.04138
1.04016
1.03888
1.03741
1.03595
1.03375
1.03302
1.03082
1.02911
1.0274
1.0257
1.02399
1.02228
1.02057
1.01886
1.01715
1.01544
1.01373
1.01202
1.01031
1.00861
1.0069
1.00519
1.00348
1.00177
1.00006
0.998352
0.996643
0.99408
0.993225
0.990662
0.988953
0.987244
0.985535
0.983826
0.982117
0.980408
0.97876
0.977295
0.97583
0.973633
0.9729
0.970703
0.969238
0.968506
0.966309
0.965027
0.963806
0.962585
0.961365
0.960754
0.958923
0.957703
0.956665
0.955688
0.954712
0.953735
0.952759
0.951782
0.950989
0.950256
0.949524
0.949158
0.948059
0.947449
0.94696
0.946472
0.945984
0.945496
0.945099
0.944855
0.944611
0.944366
0.944122
0.943939
0.943939
0.943939
0.943939
0.943939
0.944061
0.944183
0.944427
0.944794
0.945038
0.945282
0.945709
0.946198
0.946686
0.947174
0.947662
0.948151
0.948639
0.949738
0.95047
0.951202
0.951935
0.952667
0.9534
0.954132
0.954865
0.955597
0.95639
0.957367
0.958832
0.95932
0.960785
0.961761
0.962738
0.963715
0.964691
0.965668
0.966644
0.967621
0.968597
0.969574
0.970551
0.971527
0.972992
0.973969
0.974945
0.975433
0.976898
0.977814
0.978546
0.979279
0.980011
0.980743
0.981842
0.982574
0.983307
0.984039
0.984772
0.985504
0.986237
0.986969
0.987701
0.98819
0.988678
0.989166
0.989655
0.990143
0.990875
0.991119
0.991608
0.99234
0.992828
0.993317
0.993591
0.993835
0.99408
0.994324
0.994568
0.994812
0.995056
0.9953
0.995544
0.995789
0.996033
0.996368
0.996368
0.996368
0.996368
0.996368
0.996368
0.996368
0.996368
0.996368
0.996368
0.996368
0.996368
0.996368
0.996368
0.996368
0.996246
0.996002
0.995758
0.995514
0.99527
0.995026
0.994781
0.994537
0.994293
0.994049
0.993683
0.993439
0.993195
0.99295
0.992706
0.992462
0.992218
0.991974
0.99173
0.991486
0.991241
0.990997
0.990753
0.990509
0.990265
0.989899
0.989777
0.989532
0.989166
0.988922
0.988678
0.988434
0.98819
0.987946
0.987701
0.987457
0.987213
0.986969
0.986725
0.986481
0.986115
0.98587
0.985626
0.985382
0.985138
0.984894
0.98465
0.984406
0.984039
0.983795
0.983551
0.983307
0.983063
0.982819
0.982574
0.98233
0.982086
0.981842
0.981476
0.981232
0.980988
0.980743
0.980499
0.980255
0.980011
0.979767
0.979523
0.979279
0.979034
0.97879
0.978546
0.978302
0.978058
0.977814
0.97757
0.977325
0.977081
0.976837
0.976471
0.976349
0.976105
0.976074
0.976074
0.976074
0.976074
0.976074
0.976074
0.976074
0.976074
0.976074
0.976074
0.976074
0.976074
0.976074
0.976074
0.976074
0.976074
0.976074
0.976074
0.976074
0.976074
0.976074
0.976074
0.976074
0.976074
0.976074
0.976074
0.976074
0.976074
0.976074
0.976074
0.976074
0.976074
0.976074
0.976227
0.976593
0.976715
0.977081
0.977325
0.97757
0.977692
0.978058
0.978302
0.978546
0.97879
0.979034
0.979279
0.979523
0.979767
0.980011
0.980377
0.980621
0.980865
0.98111
0.981354
0.98172
0.981842
0.982208
0.98233
0.982697
0.982941
0.983185
0.983429
0.983673
0.983917
0.984161
0.984406
0.98465
0.985016
0.98526
0.985504
0.985748
0.985992
0.986237
0.986481
0.986725
0.986969
0.987213
0.987457
0.987823
0.987885
0.987885
0.987885
0.987885
0.987885
0.987885
0.987885
0.987885
0.987885
0.987885
0.987885
0.987885
0.987885
0.987885
0.987885
0.987885
0.987885
0.987885
0.987885
0.987885
0.987885
0.987885
0.987885
0.987885
0.987885
0.987885
0.987885
0.987885
0.987885
0.987885
0.987885
0.987885
0.987885
0.987885
0.987885
0.987885
0.987885
0.987885
0.987885
0.987885
0.987885
0.987885
0.987885
0.987885
0.987885
0.987885
0.987885
0.987885
0.987885
0.987885
0.987885
0.987885
0.987885
0.987885
0.987885
0.987885
0.987885
0.987885
0.987885
0.987885
0.987885
0.987885
0.987885
0.987885
0.987885
0.987885
0.987885
0.987885
0.987885
0.987885
0.987885
0.987885
0.987885
0.987885
0.987885
0.987885
0.987885
0.987885
0.987885
0.987885
0.987885
0.987885
0.987885
0.987885
0.987885
0.987885
0.987885
0.987885
0.987885
0.987885
0.987885
0.987885
0.987885
0.987885
0.987885
0.987885
0.987885
0.987885
0.987885
0.987885
0.987885
0.987885
0.987885
0.987885
0.987885
0.987885
0.987885
0.987885
0.987885
0.987885
0.987885
0.987885
0.987885
0.987885
0.987885
0.987885
0.987885
0.987885
0.987885
0.987885
0.987885
0.987885
0.987885
0.987885
0.987885
0.987885
0.987885
0.987885
0.987885
0.987885
0.987885
0.987885
0.987885
0.987885
0.987885
0.987885
0.987885
0.987885
0.987885
0.987885
0.987885
0.987885
0.987885
0.987885
0.987885
0.987885
0.987885
0.987885
0.987885
0.987885
0.987885
0.987885
0.987885
0.987885
0.987885
0.987885
0.987885
0.987885
0.987885
0.987885
0.987885
0.987885
0.987885
0.987885
0.987885
0.987885
0.987885
0.987885
0.987885
0.987885
0.987885
0.987885
0.987885
0.987885
0.987885
0.987885
0.987885
0.987885
0.987885
0.987885
0.987885
0.987885
0.987885
0.987885
0.987885
0.987885
0.987885
0.987885
0.987885
0.987885
0.987885
0.987885
0.987885
0.987885
0.987885
0.987885
0.987885
0.987885
0.987885
0.987885
0.987885
0.987885
0.987885
0.987885
0.987885
0.987885
0.987885
0.987885
0.987885
0.987885
0.987885
0.987885
0.987885
0.987885
0.987885
0.987885
0.987885
0.987885
0.987885
0.987885
0.987885
0.987885
0.987885
0.987885
0.987885
0.987885
0.987885
0.987885
0.987885
0.987885
0.987885
0.987885
0.987885
0.987885
0.987885
0.987885
0.987885
0.987885
0.987885
0.987885
0.987885
0.987885
0.987885
0.987885
0.987885
0.987885
0.987885
0.987885
0.987885
0.987885
0.987885
0.987885
0.987885
0.987885
0.987885
0.987885
0.987885
0.987885
0.987885
0.987885
