0
0
0
0
0
0
0.000213623
0.000549316
0.00119019
0.00238037
0.00424194
0.00692749
0.0105896
0.0153503
0.0213623
0.0286865
0.0373535
0.0474243
0.0588989
0.0717773
0.0937195
0.110046
0.127716
0.146606
0.166687
0.187927
0.210236
0.233551
0.257843
0.28302
0.309021
0.349457
0.377319
0.405792
0.434845
0.464386
0.494415
0.524841
0.555603
0.586639
0.617889
0.649353
0.680847
0.712341
0.743835
0.77533
0.806732
0.837982
0.868988
0.899719
0.930145
0.960236
0.989899
1.03357
1.04788
1.09
1.11731
1.14404
1.17007
1.1954
1.22
1.24384
1.26688
1.28906
1.31042
1.33087
1.3504
1.36905
1.38675
1.40347
1.41922
1.43399
1.44769
1.46039
1.47211
1.48279
1.49243
1.5011
1.50867
1.51526
1.52087
1.52734
1.5304
1.53247
1.53357
1.53369
1.53293
1.53122
1.52859
1.52505
1.5181
1.51535
1.50922
1.49847
1.49451
1.48141
1.47668
1.4614
1.45596
1.44461
1.43262
1.41345
1.39996
1.39304
1.37875
1.35645
1.34103
1.3252
1.31714
1.30078
1.27567
1.25854
1.24121
1.22363
1.2059
1.18808
1.17007
1.15201
1.13394
1.11588
1.09781
1.09781
1.04385
1.02609
1.00851
0.991119
0.973938
0.957001
0.940308
0.92392
0.907867
0.899963
0.876801
0.861816
0.84729
0.83316
0.819489
0.806274
0.793518
0.78125
0.769531
0.758301
0.74762
0.737457
0.727875
0.718842
0.710358
0.702454
0.695099
0.688324
0.682129
0.676514
0.671478
0.667053
0.663177
0.659882
0.656006
0.654144
0.652863
0.65213
0.651947
0.652283
0.653198
0.654633
0.656586
0.659027
0.661987
0.665466
0.669373
0.673767
0.678619
0.683899
0.692627
0.69574
0.70224
0.712677
0.720093
0.727814
0.73584
0.744202
0.752838
0.761719
0.770813
0.780121
0.789642
0.799377
0.809235
0.819244
0.829376
0.83963
0.849884
0.860291
0.870789
0.881287
0.891785
0.907532
0.91803
0.928528
0.938843
0.949097
0.959351
0.969421
0.979431
0.989227
0.998932
1.00845
1.01773
1.02682
1.0401
1.04437
1.05695
1.065
1.07281
1.08035
1.08765
1.09467
1.10141
1.10785
1.11401
1.11981
1.12534
1.13055
1.13541
1.13992
1.14413
1.14798
1.15149
1.15466
1.15747
1.15997
1.16302
1.16464
1.16595
1.16693
1.16754
1.16785
1.16782
1.16748
1.16684
1.16589
1.16461
1.16306
1.16119
1.15906
1.15665
1.15399
1.15106
1.14789
1.14447
1.14081
1.13486
1.13278
1.12848
1.12399
1.11935
1.112
1.10944
1.10431
1.09897
1.09079
1.08517
1.0795
1.07364
1.06778
1.06192
1.0589
1.04974
1.04364
1.03754
1.03143
1.02533
1.01923
1.01312
1.00424
1.00131
0.995453
0.989594
0.983917
0.978302
0.969971
0.967285
0.959229
0.956635
0.948944
0.94397
0.939087
0.934326
0.929688
0.925171
0.920776
0.916565
0.910492
0.908539
0.904755
0.899414
0.896057
0.892883
0.889923
0.887146
0.884552
0.882141
0.879944
0.87796
0.87619
0.873871
0.873199
0.872009
0.871033
0.87027
0.86969
0.869171
0.86908
0.869171
0.869415
0.869904
0.870544
0.871338
0.872314
0.873505
0.874817
0.876282
0.87796
0.879761
0.881714
0.884918
0.887207
0.889648
0.892181
0.894867
0.897614
0.900543
0.903473
0.906586
0.90976
0.912933
0.91626
0.919678
0.923096
0.926514
0.929962
0.933624
0.939117
0.940948
0.944611
0.950104
0.951935
0.957428
0.96109
0.964752
0.968414
0.970245
0.975403
0.978821
0.98053
0.985626
0.987213
0.991974
0.995148
0.998108
1.00104
1.00397
1.00665
1.00934
1.01196
1.0144
1.01685
1.01917
1.02136
1.02356
1.02655
1.02753
1.02948
1.03204
1.03375
1.03525
1.03598
1.03815
1.03937
1.04059
1.0412
1.04266
1.04364
1.04443
1.04517
1.0459
1.04639
1.04688
1.0473
1.04755
1.04791
1.04791
1.04791
1.04791
1.04767
1.04742
1.04718
1.04672
1.04599
1.04547
1.04474
1.04401
1.04327
1.04242
1.04144
1.04047
1.039
1.03784
1.03662
1.0354
1.03418
1.03296
1.03159
1.03012
1.02866
1.02719
1.02573
1.02426
1.0228
1.02133
1.01981
1.0181
1.01639
1.01468
1.01297
1.01126
1.00955
1.00784
1.00613
1.00443
1.00272
1.00101
0.999298
0.997589
0.99588
0.993317
0.991608
0.990753
0.98819
0.986694
0.985229
0.984497
0.9823
0.980835
0.97937
0.977905
0.97644
0.974976
0.973511
0.972046
0.970612
0.969391
0.96817
0.96756
0.965729
0.964508
0.963287
0.962067
0.960846
0.959351
0.958374
0.957397
0.956421
0.955444
0.954468
0.953644
0.952911
0.952179
0.95108
0.950348
0.949707
0.949219
0.94873
0.948242
0.947754
0.947266
0.946991
0.946747
0.946503
0.946259
0.946014
0.945892
0.945892
0.945892
0.945892
0.945892
0.945892
0.946106
0.94635
0.946594
0.946838
0.947083
0.947327
0.947693
0.948181
0.948669
0.949158
0.949646
0.950134
0.950623
0.951111
0.952179
0.952545
0.953278
0.95401
0.954742
0.955841
0.956207
0.957306
0.958038
0.958771
0.959503
0.960236
0.960968
0.961792
0.962769
0.963745
0.964722
0.965698
0.966675
0.967651
0.969116
0.969604
0.971069
0.971558
0.972534
0.973633
0.973999
0.974731
0.97583
0.976562
0.977295
0.978027
0.97876
0.979492
0.980225
0.980957
0.981689
0.982422
0.983154
0.983887
0.984619
0.985291
0.985779
0.986511
0.986755
0.987488
0.987976
0.988464
0.988953
0.989441
0.989929
0.990417
0.990906
0.991394
0.991669
0.991913
0.992157
0.992523
0.992767
0.993011
0.993256
0.9935
0.993744
0.993988
0.994232
0.994476
0.994659
0.994659
0.994659
0.994659
0.994659
0.994659
0.994659
0.994659
0.994659
0.994659
0.994659
0.994659
0.994659
0.994659
0.994659
0.994659
0.994598
0.994232
0.99411
0.993866
0.993622
0.993378
0.993011
0.992889
0.992523
0.992279
0.992035
0.991791
0.991547
0.991302
0.991058
0.990814
0.99057
0.990326
0.990082
0.989838
0.989594
0.989349
0.989105
0.988861
0.988617
0.988251
0.988129
0.987885
0.98764
0.987274
0.98703
0.986786
0.986542
0.986298
0.986053
0.985809
0.985565
0.985321
0.985077
0.984833
0.984467
0.984344
0.9841
0.983734
0.98349
0.983246
0.983002
0.982758
0.982513
0.982269
0.982025
0.981781
0.981537
0.981293
0.980927
0.980682
0.980438
0.980194
0.97995
0.979706
0.979462
0.979218
0.978973
0.978729
0.978485
0.978241
0.977997
0.977753
0.977509
0.977264
0.97702
0.976776
0.976532
0.976288
0.976196
0.976196
0.976196
0.976196
0.976196
0.976196
0.976196
0.976196
0.976196
0.976196
0.976196
0.976196
0.976196
0.976196
0.976196
0.976196
0.976196
0.976196
0.976196
0.976196
0.976196
0.976196
0.976196
0.976196
0.976196
0.976196
0.976196
0.976196
0.976196
0.976196
0.976196
0.976196
0.976196
0.976196
0.976196
0.976318
0.976562
0.976807
0.977051
0.977417
0.977539
0.977905
0.978149
0.978394
0.978638
0.978882
0.979126
0.97937
0.979614
0.979858
0.980103
0.980469
0.980591
0.980957
0.981201
0.981445
0.981689
0.981934
0.982178
0.982422
0.982666
0.98291
0.983154
0.983398
0.983643
0.983887
0.984131
0.984375
0.984619
0.984863
0.985107
0.985352
0.985596
0.98584
0.986084
0.986328
0.986572
0.986816
0.987061
0.987305
0.987305
0.987305
0.987305
0.987305
0.987305
0.987305
0.987305
0.987305
0.987305
0.987305
0.987305
0.987305
0.987305
0.987305
0.987305
0.987305
0.987305
0.987305
0.987305
0.987305
0.987305
0.987305
0.987305
0.987305
0.987305
0.987305
0.987305
0.987305
0.987305
0.987305
0.987305
0.987305
0.987305
0.987305
0.987305
0.987305
0.987305
0.987305
0.987305
0.987305
0.987305
0.987305
0.987305
0.987305
0.987305
0.987305
0.987305
0.987305
0.987305
0.987305
0.987305
0.987305
0.987305
0.987305
0.987305
0.987305
0.987305
0.987305
0.987305
0.987305
0.987305
0.987305
0.987305
0.987305
0.987305
0.987305
0.987305
0.987305
0.987305
0.987305
0.987305
0.987305
0.987305
0.987305
0.987305
0.987305
0.987305
0.987305
0.987305
0.987305
0.987305
0.987305
0.987305
0.987305
0.987305
0.987305
0.987305
0.987305
0.987305
0.987305
0.987305
0.987305
0.987305
0.987305
0.987305
0.987305
0.987305
0.987305
0.987305
0.987305
0.987305
0.987305
0.987305
0.987305
0.987305
0.987305
0.987305
0.987305
0.987305
0.987305
0.987305
0.987305
0.987305
0.987305
0.987305
0.987305
0.987305
0.987305
0.987305
0.987305
0.987305
0.987305
0.987305
0.987305
0.987305
0.987305
0.987305
0.987305
0.987305
0.987305
0.987305
0.987305
0.987305
0.987305
0.987305
0.987305
0.987305
0.987305
0.987305
0.987305
0.987305
0.987305
0.987305
0.987305
0.987305
0.987305
0.987305
0.987305
0.987305
0.987305
0.987305
0.987305
0.987305
0.987305
0.987305
0.987305
0.987305
0.987305
0.987305
0.987305
0.987305
0.987305
0.987305
0.987305
0.987305
0.987305
0.987305
0.987305
0.987305
0.987305
0.987305
0.987305
0.987305
0.987305
0.987305
0.987305
0.987305
0.987305
0.987305
0.987305
0.987305
0.987305
0.987305
0.987305
0.987305
0.987305
0.987305
0.987305
0.987305
0.987305
0.987305
0.987305
0.987305
0.987305
0.987305
0.987305
0.987305
0.987305
0.987305
0.987305
0.987305
0.987305
0.987305
0.987305
0.987305
0.987305
0.987305
0.987305
0.987305
0.987305
0.987305
0.987305
0.987305
0.987305
0.987305
0.987305
0.987305
0.987305
0.987305
0.987305
0.987305
0.987305
0.987305
0.987305
0.987305
0.987305
0.987305
0.987305
0.987305
0.987305
0.987305
0.987305
0.987305
0.987305
0.987305
0.987305
0.987305
0.987305
0.987305
0.987305
0.987305
0.987305
0.987305
0.987305
0.987305
0.987305
0.987305
0.987305
0.987305
0.987305
0.987305
0.987305
0.987305
0.987305
0.987305
0.987305
0.987305
0.987305
0.987305
0.987305
0.987305
0.987305
0.987305
0.987305
