0
0
0
0
0
0
0.000213623
0.000549316
0.0012207
0.00241089
0.00427246
0.00695801
0.0106201
0.0154114
0.0249329
0.0328979
0.0422668
0.0530396
0.0652161
0.0787964
0.0937805
0.110107
0.127747
0.146606
0.166656
0.187866
0.210083
0.233398
0.257568
0.295502
0.308563
0.335236
0.376556
0.390656
0.433746
0.463165
0.493011
0.523224
0.553802
0.584656
0.615723
0.646973
0.678253
0.709747
0.741211
0.772461
0.803711
0.834747
0.86557
0.896149
0.926422
0.956329
0.985809
1.01486
1.04343
1.04343
1.1257
1.15186
1.17737
1.20218
1.22626
1.24954
1.27206
1.29376
1.31464
1.33463
1.3537
1.37189
1.3891
1.40533
1.42059
1.43488
1.44818
1.46051
1.47711
1.48212
1.49139
1.50348
1.51019
1.51593
1.52069
1.52448
1.52725
1.52896
1.52975
1.52963
1.52853
1.52646
1.5235
1.51962
1.51486
1.50928
1.49933
1.49167
1.48325
1.47406
1.46417
1.45355
1.44229
1.43036
1.41788
1.40479
1.39114
1.37698
1.35486
1.33957
1.32385
1.30777
1.29132
1.2746
1.2576
1.24036
1.22293
1.20535
1.18759
1.16977
1.15195
1.13397
1.11591
1.09796
1.07123
1.05341
1.03577
1.01819
1.00085
0.983704
0.966766
0.950073
0.933624
0.91748
0.89389
0.878601
0.863678
0.849152
0.835022
0.82132
0.808075
0.795319
0.783051
0.771271
0.76001
0.749268
0.739075
0.729401
0.720306
0.711761
0.703796
0.696411
0.686371
0.683319
0.677673
0.670227
0.66806
0.662384
0.659302
0.65683
0.654907
0.653534
0.65274
0.652496
0.652802
0.653656
0.65506
0.656952
0.659393
0.662323
0.665741
0.669647
0.674011
0.678833
0.684082
0.689758
0.695831
0.702301
0.709137
0.716339
0.723846
0.73172
0.739899
0.748352
0.75708
0.766052
0.775269
0.784668
0.79425
0.80896
0.81897
0.823975
0.834229
0.844482
0.854797
0.865295
0.875793
0.886292
0.89679
0.912537
0.923035
0.93335
0.943604
0.953857
0.963898
0.968903
0.983704
0.993378
1.0029
1.01218
1.02124
1.03009
1.03873
1.04715
1.05533
1.06326
1.07095
1.07837
1.08554
1.09579
1.10229
1.10852
1.11444
1.12006
1.12537
1.13037
1.13507
1.1394
1.14343
1.14716
1.15051
1.15353
1.15622
1.15857
1.16058
1.16223
1.16357
1.16458
1.16522
1.16556
1.16559
1.16504
1.16467
1.16376
1.16254
1.16016
1.15921
1.15714
1.1535
1.15216
1.14774
1.1445
1.14102
1.13733
1.13342
1.12927
1.12494
1.12042
1.11578
1.1109
1.1059
1.10077
1.09546
1.09009
1.08456
1.07895
1.07333
1.0675
1.06165
1.05579
1.04993
1.04407
1.03812
1.03201
1.02591
1.02005
1.01419
1.00833
1.00247
0.996613
0.990875
0.98526
0.976837
0.971436
0.966064
0.960785
0.955658
0.950531
0.945648
0.938385
0.933746
0.929169
0.924774
0.920502
0.916351
0.912384
0.908539
0.903107
0.899689
0.896484
0.893433
0.890533
0.887848
0.885376
0.883087
0.880981
0.879059
0.87735
0.875885
0.874603
0.873505
0.872589
0.871613
0.871185
0.870941
0.870941
0.871124
0.87146
0.871979
0.872711
0.873596
0.874634
0.876526
0.877991
0.879639
0.881378
0.883331
0.885376
0.887573
0.889893
0.893555
0.894897
0.897583
0.90033
0.903259
0.907684
0.910858
0.914032
0.917206
0.920593
0.924011
0.927429
0.930847
0.934265
0.937775
0.941437
0.945099
0.948761
0.952423
0.957916
0.959656
0.963074
0.966492
0.971619
0.975037
0.978424
0.981598
0.984772
0.986359
0.990997
0.992462
0.996857
0.999725
1.00241
1.0051
1.00769
1.01013
1.01257
1.01489
1.01709
1.01929
1.0213
1.02325
1.02521
1.02695
1.02866
1.03033
1.0318
1.03326
1.03467
1.03589
1.03711
1.03873
1.03922
1.04019
1.04138
1.04211
1.04279
1.04303
1.04352
1.04419
1.04443
1.04468
1.04486
1.04486
1.04486
1.0448
1.04456
1.04431
1.04407
1.04385
1.04312
1.04239
1.04169
1.04095
1.04022
1.039
1.03851
1.03705
1.03607
1.0351
1.03394
1.03271
1.03149
1.03027
1.02905
1.02722
1.02649
1.02502
1.02283
1.02136
1.0199
1.01843
1.01697
1.0155
1.01404
1.01257
1.01111
1.00964
1.00818
1.00671
1.00525
1.00378
1.00232
1.00085
0.99939
0.997925
0.99646
0.994263
0.99353
0.991333
0.990601
0.989136
0.986938
0.986206
0.984009
0.982544
0.981812
0.979614
0.978149
0.976685
0.975403
0.974182
0.972961
0.971741
0.97052
0.969299
0.968079
0.966858
0.965637
0.964508
0.963531
0.962555
0.961578
0.960602
0.959625
0.958649
0.957672
0.95694
0.956207
0.955475
0.954742
0.95401
0.953278
0.952667
0.952179
0.951691
0.951202
0.950714
0.950226
0.949829
0.949585
0.949341
0.949097
0.948853
0.948608
0.948456
0.948456
0.948456
0.948456
0.948456
0.948456
0.948578
0.9487
0.949066
0.94931
0.949554
0.949799
0.950043
0.950409
0.950897
0.951385
0.952118
0.952606
0.953094
0.953583
0.954071
0.954559
0.955261
0.955994
0.956726
0.957458
0.958191
0.95929
0.960022
0.960388
0.961121
0.961853
0.962585
0.963684
0.96405
0.965149
0.965881
0.966614
0.967712
0.968445
0.968811
0.969543
0.970642
0.971375
0.972107
0.972839
0.973572
0.974304
0.975037
0.975769
0.976501
0.9776
0.978333
0.979065
0.979797
0.98053
0.981262
0.981995
0.982666
0.983398
0.983887
0.984375
0.984863
0.985352
0.98584
0.986572
0.987061
0.987549
0.988037
0.988525
0.989014
0.989685
0.989929
0.990173
0.990417
0.990662
0.990906
0.991272
0.991394
0.991638
0.991882
0.992126
0.992371
0.992615
0.992981
0.993134
0.993134
0.993134
0.993134
0.993134
0.993134
0.993134
0.993134
0.993134
0.993134
0.993134
0.993134
0.993134
0.993134
0.993134
0.993134
0.993134
0.993134
0.993103
0.992737
0.992615
0.992371
0.992126
0.991882
0.991516
0.991272
0.99115
0.990906
0.990662
0.990295
0.990051
0.989929
0.989563
0.989319
0.989075
0.988831
0.988586
0.988342
0.988098
0.987854
0.987488
0.987366
0.987
0.986755
0.986511
0.986267
0.986023
0.985657
0.985413
0.985291
0.985046
0.98468
0.984558
0.984192
0.98407
0.983704
0.983582
0.983337
0.982971
0.982727
0.982605
0.982239
0.981995
0.98175
0.981506
0.981262
0.98114
0.980774
0.98053
0.980286
0.980042
0.979797
0.979553
0.979309
0.979065
0.978821
0.978577
0.978333
0.978088
0.977722
0.977478
0.977234
0.97699
0.976746
0.976746
0.976746
0.976746
0.976746
0.976746
0.976746
0.976746
0.976746
0.976746
0.976746
0.976746
0.976746
0.976746
0.976746
0.976746
0.976746
0.976746
0.976746
0.976746
0.976746
0.976746
0.976746
0.976746
0.976746
0.976746
0.976746
0.976746
0.976746
0.976746
0.976746
0.976746
0.976746
0.976746
0.976746
0.976746
0.976746
0.976746
0.976746
0.976807
0.977173
0.977295
0.977539
0.977783
0.978149
0.978394
0.978516
0.978882
0.979126
0.97937
0.979614
0.979858
0.980103
0.980347
0.980591
0.980835
0.981079
0.981323
0.981567
0.981812
0.982056
0.9823
0.982544
0.982788
0.983032
0.983276
0.983643
0.983887
0.984009
0.984375
0.984497
0.984741
0.985107
0.985352
0.985596
0.98584
0.986084
0.986328
0.986572
0.986816
0.987061
0.987061
0.987061
0.987061
0.987061
0.987061
0.987061
0.987061
0.987061
0.987061
0.987061
0.987061
0.987061
0.987061
0.987061
0.987061
0.987061
0.987061
0.987061
0.987061
0.987061
0.987061
0.987061
0.987061
0.987061
0.987061
0.987061
0.987061
0.987061
0.987061
0.987061
0.987061
0.987061
0.987061
0.987061
0.987061
0.987061
0.987061
0.987061
0.987061
0.987061
0.987061
0.987061
0.987061
0.987061
0.987061
0.987061
0.987061
0.987061
0.987061
0.987061
0.987061
0.987061
0.987061
0.987061
0.987061
0.987061
0.987061
0.987061
0.987061
0.987061
0.987061
0.987061
0.987061
0.987061
0.987061
0.987061
0.987061
0.987061
0.987061
0.987061
0.987061
0.987061
0.987061
0.987061
0.987061
0.987061
0.987061
0.987061
0.987061
0.987061
0.987061
0.987061
0.987061
0.987061
0.987061
0.987061
0.987061
0.987061
0.987061
0.987061
0.987061
0.987061
0.987061
0.987061
0.987061
0.987061
0.987061
0.987061
0.987061
0.987061
0.987061
0.987061
0.987061
0.987061
0.987061
0.987061
0.987061
0.987061
0.987061
0.987061
0.987061
0.987061
0.987061
0.987061
0.987061
0.987061
0.987061
0.987061
0.987061
0.987061
0.987061
0.987061
0.987061
0.987061
0.987061
0.987061
0.987061
0.987061
0.987061
0.987061
0.987061
0.987061
0.987061
0.987061
0.987061
0.987061
0.987061
0.987061
0.987061
0.987061
0.987061
0.987061
0.987061
0.987061
0.987061
0.987061
0.987061
0.987061
0.987061
0.987061
0.987061
0.987061
0.987061
0.987061
0.987061
0.987061
0.987061
0.987061
0.987061
0.987061
0.987061
0.987061
0.987061
0.987061
0.987061
0.987061
0.987061
0.987061
0.987061
0.987061
0.987061
0.987061
0.987061
0.987061
0.987061
0.987061
0.987061
0.987061
0.987061
0.987061
0.987061
0.987061
0.987061
0.987061
0.987061
0.987061
0.987061
0.987061
0.987061
0.987061
0.987061
0.987061
0.987061
0.987061
0.987061
0.987061
0.987061
0.987061
0.987061
0.987061
0.987061
0.987061
0.987061
0.987061
0.987061
0.987061
0.987061
0.987061
0.987061
0.987061
0.987061
0.987061
0.987061
0.987061
0.987061
0.987061
0.987061
0.987061
0.987061
0.987061
0.987061
0.987061
0.987061
0.987061
0.987061
0.987061
0.987061
0.987061
0.987061
0.987061
0.987061
0.987061
0.987061
0.987061
0.987061
0.987061
0.987061
0.987061
0.987061
0.987061
0.987061
0.987061
0.987061
0.987061
0.987061
0.987061
0.987061
0.987061
0.987061
0.987061
0.987061
0.987061
0.987061
0.987061
0.987061
0.987061
0.987061
0.987061
0.987061
0.987061
0.987061
0.987061
0.987061
0.987061
0.987061
0.987061
0.987061
0.987061
0.987061
