0
7.62959e-06
3.05177e-05
4.57765e-05
6.10353e-05
9.72749e-05
0.00025177
0.000694275
0.00163841
0.00332069
0.00597763
0.0098381
0.0122871
0.0219803
0.0306034
0.0411053
0.0535812
0.0680847
0.0846386
0.10323
0.123814
0.146317
0.170631
0.196638
0.224195
0.253155
0.28335
0.314619
0.346786
0.379684
0.413143
0.446997
0.481085
0.515244
0.549318
0.583172
0.616661
0.649654
0.682028
0.713665
0.744457
0.774315
0.803139
0.844267
0.87018
0.882662
0.918137
0.929287
0.960657
0.979797
0.988823
1.01371
1.02848
1.04182
1.05375
1.06429
1.07348
1.08138
1.08802
1.09345
1.09772
1.10089
1.10304
1.10421
1.10448
1.10391
1.10258
1.10054
1.09787
1.09464
1.0909
1.08671
1.08215
1.07726
1.0721
1.06672
1.06119
1.05554
1.04982
1.04407
1.03833
1.03263
1.027
1.01875
1.01341
1.00824
1.00572
0.998447
0.993866
0.989517
0.985418
0.981579
0.978001
0.974691
0.971651
0.968882
0.966381
0.964144
0.962166
0.960442
0.958961
0.957712
0.956688
0.955879
0.955275
0.954863
0.954634
0.954573
0.95467
0.954914
0.955288
0.955784
0.956394
0.957102
0.957895
0.958765
0.959696
0.960674
0.961689
0.96273
0.963783
0.964836
0.965883
0.966913
0.96792
0.968897
0.969839
0.970741
0.972008
0.972406
0.973166
0.973875
0.974535
0.975426
0.975954
0.976431
0.976858
0.977236
0.977566
0.97785
0.978088
0.978285
0.978439
0.978554
0.978628
0.978668
0.978662
0.978621
0.978548
0.978449
0.978321
0.978174
0.978003
0.977812
0.977604
0.977381
0.977142
0.976763
0.976633
0.97636
0.976086
0.9758
0.975365
0.975075
0.974785
0.97464
0.974205
0.973915
0.973633
0.973358
0.973085
0.972826
0.972572
0.972328
0.972095
0.971766
0.971661
0.971462
0.971277
0.971104
0.970942
0.970724
0.970594
0.970478
0.970373
0.970282
0.970203
0.970137
0.970081
0.970036
0.970005
0.969984
0.969971
0.969971
0.969976
0.969992
0.970016
0.970047
0.970085
0.970131
0.970179
0.97024
0.970301
0.970362
0.970438
0.970514
0.970591
0.970667
0.970745
0.970837
0.970928
0.97102
0.971111
0.971203
0.971294
0.971386
0.971478
0.971569
0.971661
0.971752
0.971844
0.971935
0.972027
0.972109
0.972185
0.972261
0.972338
0.972414
0.97249
0.972567
0.972681
0.972712
0.972773
0.972834
0.972925
0.972986
0.973047
0.973078
0.973166
0.973211
0.973257
0.973303
0.973349
0.973394
0.97344
0.973486
0.973532
0.973577
0.973623
0.973654
0.973684
0.973715
0.973745
0.973776
0.973806
0.973837
0.973867
0.973898
0.973928
0.973959
0.973989
0.97402
0.974051
0.974081
0.974112
0.974157
0.974188
0.974218
0.974249
0.974279
0.97431
0.97434
0.974386
0.974401
0.974447
0.974463
0.974493
0.974539
0.974554
0.9746
0.97463
0.974661
0.974676
0.974722
0.974752
0.974783
0.974798
0.974844
0.974874
0.974905
0.974936
0.974966
0.975006
0.975052
0.975098
0.975143
0.975189
0.975235
0.975281
0.975327
0.975372
0.975418
0.975464
0.97551
0.975555
0.975601
0.975647
0.975693
0.975739
0.975807
0.97583
0.975876
0.975922
0.975967
0.976036
0.976059
0.976107
0.976122
0.976168
0.976198
0.976229
0.976259
0.97629
0.97632
0.976351
0.976381
0.976412
0.976442
0.976473
0.976503
0.976534
0.976564
0.976595
0.976625
0.976656
0.976686
0.976717
0.976748
0.976778
0.976809
0.976839
0.97687
0.9769
0.976931
0.976961
0.976992
0.977022
0.977053
0.9771
0.977146
0.977192
0.977238
0.977283
0.977329
0.977375
0.977421
0.977467
0.977512
0.977558
0.977604
0.97765
0.977695
0.977741
0.977787
0.977854
0.977869
0.9779
0.97793
0.977976
0.978006
0.978022
0.978052
0.978098
0.978128
0.978159
0.978189
0.97822
0.978251
0.978281
0.978312
0.978342
0.978373
0.978403
0.978434
0.978464
0.978495
0.978525
0.978571
0.978586
0.978617
0.978647
0.978678
0.978724
0.978739
0.978769
0.978815
0.978846
0.978876
0.978907
0.978937
0.978968
0.978998
0.979029
0.979059
0.97909
0.97912
0.979151
0.979197
0.979227
0.979258
0.979288
0.979319
0.979349
0.97938
0.97941
0.979441
0.979471
0.979502
0.979532
0.979563
0.979593
0.979624
0.979654
0.979685
0.979715
0.979746
0.979776
0.979807
0.979837
0.979868
0.979898
0.979929
0.979959
0.97999
0.980021
0.980051
0.980097
0.980112
0.980143
0.980177
0.980223
0.980291
0.980337
0.980383
0.980429
0.980474
0.980543
0.980589
0.980635
0.98068
0.980721
0.980751
0.980782
0.980812
0.980843
0.980888
0.980919
0.980949
0.98098
0.98101
0.981041
0.981071
0.981102
0.981133
0.981163
0.981209
0.981239
0.98127
0.9813
0.981331
0.981361
0.981392
0.981422
0.981453
0.981483
0.981514
0.981544
0.981575
0.981606
0.981636
0.981667
0.981697
0.981728
0.981758
0.981789
0.981819
0.98185
0.98188
0.981926
0.981956
0.981987
0.982002
0.982048
0.982079
0.982109
0.98214
0.98217
0.982201
0.982231
0.982262
0.982292
0.982323
0.982353
0.982384
0.982414
0.982445
0.982475
0.982506
0.982536
0.982567
0.982597
0.982628
0.982658
0.982704
0.982735
0.982765
0.982796
0.982826
0.982857
0.982887
0.982918
0.982948
0.982979
0.983009
0.98304
0.98307
0.983101
0.983131
0.983162
0.983192
0.983223
0.983253
0.983284
0.983315
0.983345
0.983376
0.983406
0.983437
0.983467
0.983498
0.983528
0.983559
0.983589
0.98362
0.98365
0.983681
0.983711
0.983742
0.983772
0.983803
0.983833
0.983864
0.983894
0.983925
0.983971
0.984001
0.984016
0.984062
0.984077
0.984108
0.984154
0.984179
0.984194
0.984209
0.984232
0.98424
0.984262
0.984278
0.984293
0.984308
0.984324
0.984339
0.984354
0.984369
0.984385
0.9844
0.984415
0.98444
0.98447
0.984501
0.984547
0.984562
0.984608
0.984638
0.984669
0.984699
0.98473
0.98476
0.984791
0.984821
0.984852
0.984882
0.984913
0.984943
0.984974
0.985004
0.985035
0.985065
0.985096
0.985126
0.985172
0.985188
0.985218
0.985249
0.985279
0.98531
0.98534
0.985371
0.985416
0.985432
0.985462
0.985508
0.985538
0.985569
0.9856
0.98563
0.985661
0.985691
0.985716
0.985731
0.985746
0.985762
0.985777
0.985792
0.985807
0.985823
0.985838
0.985853
0.985868
0.985891
0.985899
0.985914
0.985929
0.985945
0.985968
0.985975
0.985998
0.986013
0.986029
0.986044
0.986065
0.986095
0.986126
0.986156
0.986187
0.986217
0.986248
0.986279
0.986309
0.98634
0.986385
0.986401
0.986446
0.986477
0.986507
0.986538
0.986568
0.986599
0.986629
0.98666
0.986706
0.986721
0.986767
0.986797
0.986813
0.986858
0.986874
0.986889
0.986904
0.986919
0.986935
0.98695
0.986965
0.98698
0.986996
0.987011
0.987026
0.987041
0.987057
0.987072
0.987087
0.987103
0.987118
0.987133
0.987148
0.987171
0.987186
0.987202
0.987217
0.987232
0.987257
0.987288
0.987318
0.987349
0.987379
0.98741
0.98744
0.987471
0.987501
0.987547
0.987577
0.987608
0.987638
0.987669
0.9877
0.98773
0.987761
0.987791
0.987822
0.987852
0.987898
0.987906
0.987921
0.987944
0.987959
0.987974
0.987989
0.988005
0.98802
0.988035
0.98805
0.988066
0.988081
0.988096
0.988111
0.988127
0.988142
0.988157
0.98818
0.988195
0.988211
0.988226
0.988241
0.988256
0.988272
0.988287
0.988302
0.988317
0.988333
0.988348
0.988363
0.988379
0.988394
0.988409
0.988424
0.988445
0.988476
0.988506
0.988552
0.988567
0.988598
0.988644
0.988659
0.988705
0.988735
0.98875
0.988781
0.988811
0.988842
0.988888
0.988903
0.988934
0.988964
0.988981
0.989004
0.989012
0.989035
0.98905
0.989065
0.98908
0.989096
0.989111
0.989126
0.989141
0.989157
0.989172
0.989187
0.989202
0.989218
0.989233
0.989248
0.989264
0.989279
0.989294
0.989309
0.989325
0.98934
0.98937
0.989386
0.989401
0.989416
0.989431
0.989447
0.989462
0.989477
0.989492
0.989508
0.989523
0.989538
0.989553
0.989569
0.989584
0.989599
0.989614
0.989637
0.989653
0.989668
0.989683
0.989698
0.989714
0.989729
0.989737
0.989752
0.98979
0.98982
0.989851
0.989882
0.989912
0.989927
0.989973
0.990004
0.990034
0.990065
0.990095
0.990126
0.990156
0.990187
0.990202
0.990217
0.990232
0.990248
0.990263
0.990278
0.990294
0.990309
0.990324
0.990339
0.990355
0.99037
0.990393
0.9904
0.990423
0.990438
0.990454
0.990469
0.990484
0.990499
0.990515
0.99053
0.990545
0.990561
0.990576
0.990591
0.990606
0.990629
0.990637
0.99066
0.990675
0.99069
0.990705
0.990728
0.990736
0.990759
0.990774
0.990782
0.990805
0.99082
0.990835
0.99085
0.990866
0.990881
0.990896
0.990911
0.990927
0.990942
0.990957
0.990973
0.990988
0.991003
0.991018
0.991034
0.991049
0.991064
0.991079
0.991095
0.99111
0.991125
0.99114
0.991163
0.991171
0.991186
0.991201
0.991217
0.991232
0.991255
0.991262
0.991278
0.991293
0.991316
0.991323
0.991339
0.991362
0.991369
0.991392
0.991407
0.991423
0.991438
0.991453
0.991468
0.991484
0.991499
0.991522
0.991529
0.991552
0.991568
0.991583
0.991598
0.991613
0.991629
0.991644
0.991659
0.991674
0.99169
0.991705
0.99172
0.991735
0.991758
0.991774
0.991789
0.991804
0.991819
0.991835
0.99185
0.991873
0.991888
0.991903
0.991919
0.991934
0.991949
0.991964
0.99198
0.992002
0.99201
0.992025
0.992048
0.992064
0.992079
0.992102
0.992109
0.992125
0.992147
0.992163
0.992178
0.992193
0.992208
0.992224
0.992239
0.992254
0.99227
0.992285
0.9923
0.992323
0.992331
0.992346
0.992361
0.992384
0.992399
0.992407
0.99243
0.992445
0.99246
0.992476
0.992498
0.992506
0.992529
0.992544
0.992559
0.992575
0.99259
0.992605
0.99262
0.992636
0.992651
0.992666
0.992682
0.992697
0.992712
0.992727
0.99275
0.992758
0.992781
0.992796
0.992811
0.992826
0.992842
0.992857
0.992872
0.992887
0.992903
0.992918
