0
0
0
0
0
2.67027e-05
0.000110626
0.000389099
0.0010643
0.00236511
0.00453568
0.00782013
0.0124512
0.0186501
0.0266304
0.0365715
0.0486412
0.0629883
0.0797119
0.109394
0.120529
0.144638
0.171169
0.215286
0.247364
0.281368
0.317104
0.354385
0.392971
0.432629
0.47308
0.51408
0.555405
0.596844
0.63821
0.679325
0.720016
0.760117
0.799477
0.837955
0.875393
0.911659
0.946625
0.98016
1.01215
1.0425
1.07111
1.09789
1.13446
1.15638
1.16657
1.19407
1.2098
1.22343
1.23497
1.24442
1.2518
1.25715
1.26051
1.26196
1.26157
1.25771
1.25311
1.24701
1.23951
1.23074
1.22081
1.20983
1.19791
1.18518
1.17173
1.15769
1.14315
1.12065
1.11302
1.09763
1.07442
1.06669
1.04369
1.02863
1.02121
0.999508
0.985592
0.972195
0.959377
0.947205
0.935715
0.924957
0.914955
0.905758
0.897385
0.889858
0.88319
0.877377
0.872417
0.868309
0.865036
0.862579
0.86092
0.860031
0.860081
0.860981
0.862534
0.864697
0.867435
0.870705
0.874466
0.878677
0.883297
0.888275
0.893574
0.899143
0.907921
0.910938
0.917072
0.923313
0.929619
0.939095
0.945377
0.951584
0.957672
0.963627
0.969418
0.975014
0.9804
0.985535
0.992718
0.997135
1.00124
1.00503
1.00848
1.01159
1.01436
1.01678
1.01974
1.02129
1.02249
1.02335
1.02389
1.02411
1.02389
1.02338
1.02261
1.02158
1.02034
1.01888
1.01724
1.01544
1.01247
1.01035
1.00814
1.00585
1.00351
1.00113
0.998718
0.996307
0.993896
0.991486
0.989105
0.986763
0.984467
0.982231
0.980061
0.97797
0.975975
0.974075
0.972286
0.970608
0.969051
0.967617
0.966312
0.965141
0.964104
0.962795
0.962429
0.961792
0.961082
0.960777
0.960594
0.960533
0.960583
0.960747
0.961014
0.961384
0.961845
0.962399
0.963028
0.96373
0.964493
0.965313
0.966183
0.967091
0.968033
0.968998
0.969975
0.970951
0.971928
0.972893
0.973839
0.974754
0.975636
0.976482
0.977291
0.97805
0.978764
0.979424
0.980034
0.980591
0.981094
0.981743
0.982109
0.982422
0.982681
0.982891
0.983047
0.983154
0.983215
0.983231
0.9832
0.983078
0.982944
0.982777
0.982574
0.982338
0.982071
0.981777
0.981461
0.981125
0.980759
0.980385
0.979988
0.979382
0.978954
0.978741
0.9781
0.977673
0.977245
0.976818
0.976391
0.975971
0.975574
0.975178
0.974808
0.974442
0.974106
0.973629
0.973476
0.973068
0.972824
0.972607
0.972412
0.972244
0.972099
0.971981
0.971893
0.971832
0.971802
0.971798
0.971821
0.971897
0.971977
0.972076
0.972198
0.97234
0.972492
0.972664
0.972847
0.97303
0.97324
0.973454
0.973667
0.973881
0.974094
0.974308
0.974628
0.974735
0.974949
0.975163
0.975376
0.975697
0.97588
0.976063
0.976246
0.976425
0.976578
0.97673
0.976883
0.977009
0.977131
0.977253
0.977348
0.97744
0.977531
0.977596
0.977657
0.977718
0.977764
0.977795
0.977825
0.977856
0.977867
0.977867
0.977867
0.977867
0.977867
0.97784
0.97781
0.977779
0.977749
0.977718
0.977688
0.977657
0.977627
0.977596
0.977566
0.977535
0.977505
0.977474
0.977444
0.977413
0.977383
0.977352
0.977322
0.977291
0.977261
0.977215
0.977184
0.97718
0.97718
0.97718
0.97718
0.97718
0.97718
0.97718
0.97718
0.97718
0.977211
0.977242
0.977272
0.977303
0.977333
0.977364
0.977394
0.977425
0.97747
0.977512
0.977573
0.977634
0.977695
0.977757
0.977818
0.977879
0.97794
0.978001
0.978062
0.978123
0.978184
0.978245
0.978306
0.978367
0.978458
0.978489
0.97858
0.978642
0.978703
0.978764
0.978825
0.978886
0.978947
0.979008
0.979069
0.97913
0.979168
0.979198
0.979244
0.979275
0.97929
0.979336
0.979366
0.979397
0.979427
0.979458
0.979488
0.979519
0.979549
0.97958
0.97961
0.979641
0.979671
0.979717
0.979748
0.979778
0.979809
0.979839
0.97987
0.9799
0.979931
0.979961
0.979992
0.980022
0.980053
0.980083
0.980114
0.98016
0.980175
0.980206
0.980236
0.980267
0.980312
0.980343
0.980358
0.980389
0.980419
0.980465
0.980495
0.980526
0.980556
0.980587
0.980618
0.980648
0.980679
0.980709
0.98074
0.98077
0.980801
0.980801
0.980801
0.980801
0.980801
0.980801
0.980801
0.980801
0.980801
0.980801
0.980801
0.980816
0.980846
0.980877
0.980907
0.980953
0.980968
0.980999
0.981045
0.981075
0.981106
0.981136
0.981167
0.981197
0.981228
0.981258
0.981289
0.981319
0.98135
0.98138
0.981411
0.981441
0.981472
0.981503
0.981533
0.981564
0.981594
0.981625
0.981655
0.981686
0.981716
0.981747
0.981777
0.981808
0.981838
0.981869
0.981899
0.98193
0.98196
0.981991
0.982021
0.982052
0.982082
0.982113
0.982143
0.982174
0.982204
0.982235
0.982265
0.982296
0.982327
0.982372
0.982403
0.982433
0.982464
0.982494
0.982525
0.982555
0.982586
0.982632
0.982662
0.982693
0.982723
0.982738
0.982784
0.982815
0.982845
0.982876
0.982906
0.982937
0.982967
0.982998
0.983028
0.983059
0.983089
0.98312
0.98315
0.983181
0.983212
0.983242
0.983273
0.983303
0.983334
0.983364
0.983395
0.98344
0.983471
0.983501
0.983532
0.983562
0.983593
0.983624
0.983654
0.983685
0.98373
0.983761
0.983791
0.983822
0.983852
0.983883
0.983913
0.983944
0.983974
0.984005
0.984035
0.984066
0.984097
0.984127
0.984173
0.984203
0.984234
0.984264
0.984295
0.984325
0.984371
0.984386
0.984432
0.984447
0.984478
0.984501
0.984501
0.984501
0.984501
0.984501
0.984501
0.984501
0.984501
0.984501
0.984501
0.984501
0.984501
0.984501
0.984501
0.984501
0.984501
0.98452
0.98455
0.984581
0.984627
0.984642
0.984688
0.984703
0.984734
0.984779
0.984795
0.98484
0.984871
0.984901
0.984932
0.984962
0.984993
0.985023
0.985054
0.985085
0.985115
0.985146
0.985176
0.985207
0.985237
0.985268
0.985298
0.985329
0.985374
0.985405
0.985435
0.985466
0.985497
0.985527
0.985573
0.985588
0.985619
0.985649
0.985695
0.985725
0.985741
0.985786
0.985817
0.985847
0.985878
0.985909
0.985939
0.98597
0.986
0.986031
0.986061
0.986092
0.986122
0.986153
0.986183
0.986214
0.986244
0.98629
0.986305
0.986351
0.986382
0.986412
0.986443
0.986473
0.986504
0.986534
0.986561
0.986561
0.986561
0.986561
0.986561
0.986561
0.986561
0.986561
0.986561
0.986561
0.986561
0.986561
0.986561
0.986561
0.986561
0.986561
0.986561
0.986561
0.986561
0.986591
0.986622
0.986652
0.986683
0.986713
0.986744
0.98679
0.986805
0.986835
0.986881
0.986912
0.986942
0.986958
0.987003
0.987034
0.987064
0.987095
0.987125
0.987156
0.987186
0.987217
0.987247
0.987278
0.987309
0.987339
0.98737
0.9874
0.987431
0.987461
0.987492
0.987522
0.987568
0.987598
0.987629
0.987659
0.98769
0.98772
0.987751
0.987782
0.987812
0.987843
0.987873
0.987904
0.987934
0.987965
0.987995
0.988026
0.988056
0.988087
0.988117
0.988136
0.988136
0.988136
0.988136
0.988136
0.988136
0.988136
0.988136
0.988136
0.988136
0.988136
0.988136
0.988136
0.988136
0.988136
0.988136
0.988136
0.988136
0.988136
0.988136
0.988152
0.988182
0.988213
0.988243
0.988274
0.988304
0.988335
0.988365
0.988396
0.988426
0.988457
0.988487
0.988518
0.988548
0.988579
0.988609
0.98864
0.98867
0.988701
0.988731
0.988762
0.988792
0.988823
0.988853
0.988884
0.988914
0.988945
0.988976
0.989006
0.989037
0.989067
0.989098
0.989128
0.989159
0.989189
0.98922
0.98925
0.989281
0.989311
0.989357
0.989368
0.989368
0.989368
0.989368
0.989368
0.989368
0.989368
0.989368
0.989368
0.989368
0.989368
0.989368
0.989368
0.989368
0.989368
0.989368
0.989368
0.989368
0.989368
0.989368
0.989368
0.989368
0.989368
0.98938
0.989426
0.989441
0.989487
0.989517
0.989548
0.989578
0.989609
0.989639
0.98967
0.9897
0.989731
0.989761
0.989792
0.989822
0.989853
0.989883
0.989914
0.989944
0.989975
0.990005
0.990036
0.990067
0.990097
0.990128
0.990158
0.990189
0.990219
0.990265
0.990295
0.990326
0.990356
0.990387
0.99041
0.99041
0.99041
0.99041
0.99041
0.99041
0.99041
0.99041
0.99041
0.99041
0.99041
0.99041
0.99041
0.99041
0.99041
0.99041
0.99041
0.99041
0.99041
0.99041
0.99041
0.99041
0.99041
0.99041
0.99041
0.990433
0.990463
0.990494
0.990524
0.990555
0.990585
0.990616
0.990646
0.990677
0.990707
0.990738
0.990768
0.990799
0.990829
0.99086
0.990891
0.990936
0.990967
0.990997
0.991028
0.991058
0.991089
0.991119
0.99115
0.99118
0.991226
0.991257
0.991287
0.991318
0.991348
0.991356
0.991356
0.991356
0.991356
0.991356
0.991356
0.991356
0.991356
0.991356
0.991356
0.991356
0.991356
0.991356
0.991356
0.991356
0.991356
0.991356
0.991356
0.991356
0.991356
0.991356
0.991356
0.991356
0.991356
0.991356
0.991356
0.991356
0.99136
0.991375
0.991421
0.991436
0.991482
0.991497
0.991528
0.991558
0.991604
0.991634
0.991665
0.991695
0.991726
0.991756
0.991787
0.991817
0.991848
0.991879
0.991909
0.99194
0.99197
0.992001
0.992031
0.992062
0.992092
0.992123
0.992153
0.992184
0.992188
0.992188
0.992188
0.992188
0.992188
0.992188
0.992188
0.992188
0.992188
0.992188
0.992188
0.992188
0.992188
0.992188
0.992188
0.992188
0.992188
0.992188
0.992188
0.992188
0.992188
0.992188
0.992188
0.992188
0.992188
0.992188
0.992188
0.992188
0.992207
0.992237
0.992268
0.992298
0.992329
0.992359
0.99239
0.99242
0.992451
0.992481
0.992512
0.992558
0.992588
0.992619
0.992649
0.99268
0.99271
0.992741
0.992771
0.992802
0.992832
0.992863
0.992893
0.992924
0.992954
0.992962
0.992962
0.992962
0.992962
0.992962
0.992962
0.992962
0.992962
0.992962
0.992962
0.992962
0.992962
0.992962
0.992962
0.992962
0.992962
0.992962
0.992962
