0
1.52588e-05
3.05177e-05
5.34057e-05
6.86645e-05
0.000104904
0.000259399
0.000701904
0.00164604
0.00332832
0.00598526
0.00984573
0.0183449
0.0219917
0.0356255
0.0471058
0.0605907
0.0761185
0.103224
0.123775
0.146223
0.170448
0.196318
0.223679
0.252344
0.28212
0.312815
0.344254
0.37627
0.408709
0.441425
0.474277
0.50713
0.53985
0.572315
0.604403
0.636
0.682241
0.712151
0.741217
0.769354
0.796492
0.822559
0.847481
0.871174
0.893564
0.92462
0.93428
0.96117
0.977348
0.992142
1.00557
1.01764
1.02842
1.03794
1.04626
1.05342
1.05947
1.06446
1.06845
1.07147
1.07359
1.07487
1.07536
1.07475
1.07421
1.07269
1.06938
1.06804
1.06335
1.05976
1.05586
1.05169
1.04732
1.04277
1.03811
1.03337
1.02858
1.02379
1.01903
1.01433
1.0097
1.00299
1.00081
0.996576
0.990547
0.98863
0.983181
0.979816
0.976677
0.973763
0.971079
0.968632
0.966419
0.964439
0.962692
0.961172
0.959873
0.958788
0.957909
0.957224
0.956726
0.956404
0.956245
0.956242
0.956381
0.956648
0.957037
0.957541
0.958141
0.959208
0.9596
0.960871
0.961779
0.962723
0.963692
0.964668
0.965645
0.966619
0.967577
0.968512
0.969414
0.970282
0.971107
0.971888
0.972622
0.973631
0.973942
0.9748
0.975061
0.975771
0.976183
0.976545
0.97686
0.977131
0.977358
0.977543
0.977688
0.977797
0.977869
0.977907
0.977915
0.977892
0.977839
0.977758
0.977654
0.977453
0.977293
0.977116
0.976921
0.976709
0.976484
0.976248
0.976004
0.975616
0.975357
0.975088
0.974813
0.974539
0.974264
0.973989
0.973728
0.973469
0.973211
0.972967
0.972727
0.972498
0.972277
0.972063
0.971865
0.971674
0.971493
0.971243
0.97109
0.970951
0.970821
0.970701
0.970594
0.970499
0.970413
0.970337
0.970276
0.970224
0.970181
0.97015
0.970129
0.970114
0.970112
0.970114
0.970137
0.97016
0.97019
0.970222
0.970268
0.970314
0.97036
0.970421
0.970482
0.970543
0.970604
0.970671
0.970747
0.970823
0.9709
0.970976
0.971052
0.971128
0.971205
0.971281
0.971357
0.971434
0.97151
0.971586
0.971663
0.971739
0.971815
0.971891
0.971968
0.972044
0.97212
0.972195
0.972256
0.972317
0.972378
0.972439
0.9725
0.972561
0.972622
0.972683
0.972744
0.972836
0.972893
0.972916
0.972984
0.97303
0.973076
0.973122
0.973167
0.973213
0.973259
0.973305
0.973351
0.973396
0.973465
0.973511
0.973557
0.973587
0.973618
0.973648
0.973679
0.973709
0.97374
0.97377
0.973801
0.973831
0.973862
0.973892
0.973923
0.973953
0.973984
0.974014
0.974045
0.974075
0.974106
0.974136
0.974167
0.974197
0.974228
0.974258
0.974289
0.974319
0.97435
0.97438
0.974411
0.974442
0.974472
0.97451
0.974556
0.974602
0.97467
0.974693
0.974762
0.974808
0.974854
0.974899
0.974945
0.974991
0.975037
0.975082
0.975128
0.975174
0.97522
0.975266
0.975311
0.97538
0.975426
0.975471
0.975517
0.975563
0.975594
0.975624
0.975655
0.975685
0.975716
0.975746
0.975777
0.975807
0.975838
0.975868
0.975899
0.975929
0.97596
0.97599
0.976021
0.976051
0.976082
0.976112
0.976158
0.976189
0.976219
0.97625
0.97628
0.976311
0.976341
0.976372
0.976402
0.976433
0.976463
0.976494
0.976524
0.976561
0.976629
0.976652
0.976698
0.976744
0.976789
0.976858
0.976904
0.97695
0.976995
0.977041
0.977087
0.977133
0.977179
0.977224
0.97727
0.977314
0.977345
0.977375
0.977406
0.977436
0.977482
0.977512
0.977543
0.977573
0.977604
0.977634
0.977665
0.977695
0.977726
0.977757
0.977802
0.977833
0.977863
0.977894
0.977924
0.977955
0.977985
0.978016
0.978046
0.978077
0.978107
0.978138
0.978168
0.978199
0.97823
0.97826
0.978291
0.978321
0.978352
0.978382
0.978413
0.978443
0.978474
0.978504
0.978535
0.978565
0.978596
0.978626
0.978672
0.978703
0.978733
0.978764
0.978807
0.978853
0.978899
0.978945
0.978991
0.979036
0.979082
0.979151
0.979197
0.979242
0.979288
0.979334
0.97937
0.979401
0.979431
0.979462
0.979492
0.979523
0.979553
0.979584
0.97963
0.97966
0.979691
0.979721
0.979752
0.979782
0.979813
0.979843
0.979874
0.979904
0.979935
0.979965
0.979996
0.980026
0.980057
0.980087
0.980118
0.980164
0.980194
0.980225
0.980255
0.980286
0.980316
0.980347
0.980377
0.980408
0.980438
0.980469
0.980499
0.98053
0.98056
0.980591
0.980621
0.980652
0.980682
0.980713
0.980743
0.980774
0.980804
0.980835
0.980865
0.980896
0.980927
0.980957
0.980988
0.981018
0.981049
0.981079
0.98111
0.98114
0.981171
0.981216
0.981232
0.981277
0.981308
0.981339
0.981369
0.9814
0.98143
0.981461
0.981491
0.981522
0.981552
0.981583
0.981613
0.981644
0.981674
0.981705
0.981735
0.981766
0.981796
0.981827
0.981857
0.981888
0.981918
0.981949
0.981979
0.982025
0.98204
0.982071
0.982101
0.982147
0.982178
0.982208
0.982239
0.982269
0.982285
0.982315
0.982346
0.982376
0.982422
0.982437
0.982468
0.982498
0.982544
0.982574
0.982605
0.982635
0.982666
0.982697
0.982727
0.982758
0.982788
0.982819
0.982834
0.98288
0.98291
0.982941
0.982971
0.983002
0.983032
0.983063
0.983093
0.983124
0.983154
0.983185
0.983215
0.983246
0.983276
0.983307
0.983337
0.983368
0.983398
0.983429
0.983459
0.98349
0.983521
0.983551
0.983582
0.983612
0.983643
0.983688
0.983704
0.983734
0.983765
0.98381
0.983841
0.983871
0.983902
0.983917
0.983963
0.983994
0.984024
0.984055
0.984085
0.984116
0.984161
0.984177
0.984207
0.984253
0.984283
0.984314
0.984344
0.984375
0.984406
0.984436
0.984467
0.984497
0.984528
0.984558
0.984589
0.984619
0.98465
0.98468
0.984715
0.98473
0.984745
0.98476
0.984776
0.984791
0.984806
0.984821
0.984837
0.984852
0.984867
0.984882
0.984898
0.984913
0.984928
0.984943
0.984966
0.984974
0.984989
0.985023
0.985054
0.985085
0.985115
0.985146
0.985176
0.985207
0.985237
0.985268
0.985298
0.985329
0.985359
0.98539
0.98542
0.985451
0.985481
0.985512
0.985542
0.985573
0.985603
0.985634
0.985664
0.985695
0.985725
0.985756
0.985786
0.985817
0.985847
0.985878
0.985909
0.985939
0.98597
0.986
0.986031
0.986067
0.986074
0.986097
0.986105
0.986128
0.986135
0.986151
0.986174
0.986189
0.986204
0.986219
0.986235
0.98625
0.986265
0.98628
0.986296
0.986311
0.986326
0.986341
0.986357
0.986372
0.986387
0.986403
0.986429
0.98646
0.98649
0.986521
0.986551
0.986597
0.986612
0.986643
0.986673
0.986719
0.986734
0.986765
0.986795
0.986826
0.986872
0.986887
0.986933
0.986963
0.986994
0.987024
0.987055
0.987085
0.987116
0.987146
0.987167
0.987183
0.987198
0.987213
0.987228
0.987244
0.987259
0.987274
0.987289
0.987305
0.98732
0.987335
0.98735
0.987366
0.987389
0.987396
0.987411
0.987427
0.98745
0.987465
0.98748
0.987495
0.987511
0.987526
0.987549
0.987564
0.987579
0.987597
0.987627
0.987658
0.987688
0.987719
0.987749
0.987795
0.987825
0.987856
0.987886
0.987917
0.987947
0.987978
0.988008
0.988039
0.98807
0.9881
0.988131
0.988161
0.988192
0.988213
0.988228
0.988243
0.988258
0.988274
0.988289
0.988312
0.988319
0.988342
0.98835
0.988373
0.988388
0.988403
0.988419
0.988434
0.988449
0.988464
0.98848
0.988495
0.98851
0.988525
0.988541
0.988564
0.988571
0.988586
0.988602
0.988617
0.988632
0.988647
0.988663
0.988686
0.988693
0.988708
0.988731
0.988739
0.988762
0.988777
0.9888
0.988831
0.988861
0.988892
0.988922
0.988953
0.988983
0.989014
0.989044
0.989075
0.989105
0.989136
0.989166
0.989197
0.989227
0.989258
0.989288
0.989305
0.989321
0.989336
0.989351
0.989367
0.989382
0.989405
0.98942
0.989435
0.98945
0.989466
0.989481
0.989496
0.989511
0.989527
0.989542
0.989557
0.989573
0.989588
0.989603
0.989618
0.989634
0.989649
0.989664
0.989679
0.989695
0.98971
0.989725
0.98974
0.989756
0.989771
0.989786
0.989801
0.989817
0.989832
0.989847
0.989862
0.989878
0.989901
0.989916
0.989931
0.989946
0.989962
0.989977
0.989992
0.990007
0.990023
0.990038
0.990053
0.990068
0.990084
0.990099
0.990114
0.990129
0.990145
0.99016
0.990175
0.990191
0.990206
0.990221
0.990236
0.990252
0.990267
0.990282
0.990313
0.990343
0.990374
0.990404
0.99045
0.99048
0.990511
0.990541
0.990572
0.990602
0.990633
0.990664
0.990679
0.990694
0.990709
0.990725
0.990747
0.990763
0.990778
0.990793
0.990808
0.990824
0.990847
0.990862
0.990877
0.990892
0.990908
0.990923
0.990938
0.990953
0.990969
0.990984
0.990999
0.991014
0.99103
0.991045
0.99106
0.991076
0.991091
0.991106
0.991121
0.991137
0.991152
0.991167
0.991182
0.991198
0.991213
0.991236
0.991251
0.991266
0.991282
0.991297
0.991312
0.991327
0.991343
0.991358
0.991373
0.991388
0.991404
0.991419
0.991434
0.991449
0.991465
0.99148
0.991495
0.99151
0.991526
0.991549
0.991564
0.991571
0.991594
0.99161
0.991625
0.99164
0.991655
0.991671
0.991693
0.991701
0.991716
0.991739
0.991747
0.99177
0.991777
0.991793
0.991808
0.991823
0.991846
0.991854
0.991877
0.991892
0.991907
0.991922
0.991938
0.991953
0.991968
0.991983
0.992006
0.992022
0.992037
0.992052
0.992067
0.992083
0.992098
0.992113
0.992128
0.992151
0.992167
0.992182
0.992197
0.992212
0.992228
0.992243
0.992258
0.992273
0.992289
0.992304
0.992319
0.992334
0.99235
0.992365
0.99238
0.992395
0.992411
0.992426
0.992441
0.992464
0.992472
0.992487
0.992502
0.992517
0.99254
0.992548
0.992563
0.992586
0.992594
0.992617
0.992624
0.992647
0.992662
0.992678
0.992693
0.992708
0.992723
0.992739
0.992754
0.992769
0.992785
0.9928
0.992815
0.99283
0.992846
0.992861
0.992876
0.992891
0.992907
0.992922
0.992937
0.992952
