0
3.05173e-05
6.10349e-05
9.15526e-05
0.00012207
0.000171661
0.000343323
0.000797271
0.00175476
0.00345993
0.00615692
0.0100899
0.0188065
0.0267868
0.0367317
0.0488052
0.0631523
0.0798798
0.0990601
0.12072
0.144848
0.18552
0.200222
0.247532
0.281532
0.317268
0.354538
0.393089
0.432693
0.493538
0.493538
0.576118
0.617546
0.658817
0.699734
0.740097
0.779716
0.818481
0.856255
0.892891
0.928261
0.962227
0.994675
1.02548
1.05456
1.08183
1.10719
1.13059
1.15198
1.17132
1.18858
1.20376
1.21685
1.22787
1.23685
1.24382
1.24884
1.25284
1.25327
1.25283
1.25072
1.24466
1.24191
1.23539
1.22329
1.21869
1.20336
1.1978
1.18607
1.17993
1.1539
1.14019
1.12616
1.1119
1.0975
1.08307
1.0687
1.05452
1.04066
1.02718
1.01416
1.00166
0.989731
0.978409
0.967716
0.952919
0.94833
0.9356
0.927998
0.921116
0.914936
0.909489
0.904743
0.900723
0.896011
0.893734
0.892128
0.891167
0.890827
0.891075
0.891888
0.893238
0.8951
0.897427
0.900188
0.903351
0.906876
0.910721
0.914852
0.921494
0.926155
0.928543
0.935879
0.940868
0.943378
0.950924
0.953426
0.960831
0.965649
0.970341
0.974876
0.977085
0.983429
0.985439
0.991138
0.994633
0.997883
1.00087
1.0036
1.00605
1.00824
1.01017
1.01182
1.01321
1.01433
1.01553
1.0158
1.01624
1.01625
1.01604
1.01561
1.01533
1.0142
1.01323
1.01212
1.01089
1.00953
1.00807
1.00653
1.00492
1.00325
1.00065
0.998871
0.99707
0.995243
0.993412
0.991581
0.98975
0.987938
0.986149
0.98439
0.98267
0.981003
0.979393
0.977848
0.975674
0.974991
0.973686
0.972473
0.971355
0.970337
0.969006
0.96825
0.967915
0.96706
0.966621
0.96629
0.96616
0.965927
0.965893
0.96595
0.966099
0.966328
0.966637
0.967022
0.967472
0.967987
0.968555
0.969177
0.969837
0.970531
0.971252
0.971985
0.972729
0.973488
0.974586
0.975315
0.976017
0.976696
0.977345
0.977962
0.978542
0.979084
0.979584
0.980042
0.980453
0.980824
0.981148
0.98143
0.981663
0.981937
0.98201
0.982121
0.982193
0.982227
0.982208
0.982185
0.982113
0.98201
0.98188
0.981632
0.981541
0.981228
0.980988
0.98074
0.980465
0.98019
0.979889
0.979584
0.979279
0.978973
0.978642
0.978306
0.97797
0.97747
0.977165
0.977013
0.976555
0.976402
0.975967
0.975693
0.97543
0.975185
0.974949
0.974735
0.974537
0.974354
0.974197
0.974052
0.97393
0.973827
0.97374
0.973648
0.973618
0.973598
0.973598
0.973618
0.973648
0.973701
0.973763
0.973843
0.973934
0.974033
0.974155
0.974277
0.974407
0.97456
0.974712
0.974865
0.975018
0.975174
0.975357
0.975632
0.975723
0.975906
0.976089
0.976273
0.976456
0.97662
0.976772
0.976925
0.977077
0.97723
0.977459
0.977524
0.977707
0.977829
0.97789
0.978058
0.978149
0.978195
0.978333
0.978378
0.978474
0.978535
0.978596
0.978657
0.978672
0.978718
0.978748
0.978779
0.978809
0.978813
0.978813
0.978813
0.978813
0.978813
0.978813
0.978813
0.978813
0.978806
0.978775
0.978729
0.978699
0.978668
0.978638
0.978607
0.978577
0.978546
0.978516
0.978485
0.978455
0.978424
0.978424
0.978424
0.978424
0.978424
0.978424
0.978424
0.978424
0.978424
0.978424
0.978424
0.978432
0.978462
0.978493
0.978523
0.978554
0.978584
0.978615
0.978645
0.978661
0.978706
0.978737
0.978767
0.978798
0.978828
0.978859
0.978889
0.978939
0.979
0.979061
0.979153
0.979183
0.979244
0.979305
0.979366
0.979427
0.979488
0.979549
0.97961
0.979671
0.979763
0.979824
0.979885
0.979916
0.980007
0.980049
0.98008
0.98011
0.980141
0.980171
0.980202
0.980232
0.980263
0.980293
0.980324
0.980354
0.980385
0.980415
0.980446
0.980476
0.980507
0.980537
0.980568
0.980598
0.980629
0.980659
0.98069
0.980721
0.980751
0.980782
0.980827
0.980843
0.980888
0.980904
0.980949
0.98098
0.98101
0.981041
0.981056
0.981102
0.981133
0.981163
0.981194
0.981224
0.981255
0.981285
0.981316
0.981346
0.981377
0.981422
0.981438
0.981468
0.981499
0.981529
0.981575
0.981606
0.981636
0.981667
0.981697
0.981728
0.981758
0.981789
0.981819
0.98185
0.981895
0.981926
0.981956
0.981987
0.982018
0.982048
0.982079
0.98209
0.98209
0.98209
0.98209
0.98209
0.98209
0.98209
0.98209
0.98209
0.98209
0.98209
0.98209
0.982109
0.98214
0.98217
0.982201
0.982231
0.982262
0.982292
0.982323
0.982368
0.982399
0.98243
0.98246
0.982491
0.982521
0.982552
0.982582
0.982613
0.982643
0.982674
0.982704
0.982735
0.982765
0.982796
0.982826
0.982857
0.982887
0.982918
0.982948
0.982979
0.983009
0.98304
0.98307
0.983101
0.983131
0.983162
0.983192
0.983223
0.983253
0.983284
0.983315
0.983345
0.983376
0.983406
0.983437
0.983467
0.983498
0.983528
0.983559
0.983589
0.98362
0.98365
0.983681
0.983711
0.983742
0.983772
0.983803
0.983849
0.983879
0.98391
0.98394
0.983971
0.984001
0.984032
0.984062
0.984093
0.984138
0.984169
0.9842
0.98423
0.984261
0.984291
0.984322
0.984352
0.984383
0.984413
0.984444
0.984474
0.984505
0.984535
0.984566
0.984596
0.984627
0.984657
0.984688
0.984734
0.984764
0.984795
0.984825
0.984856
0.984886
0.984932
0.984962
0.984993
0.985023
0.985054
0.985085
0.985115
0.985123
0.985123
0.985123
0.985123
0.985123
0.985123
0.985123
0.985123
0.985123
0.985123
0.985123
0.985123
0.985123
0.985123
0.985123
0.985123
0.985142
0.985172
0.985203
0.985233
0.985264
0.985294
0.985325
0.985355
0.985386
0.985416
0.985447
0.985493
0.985508
0.985538
0.985569
0.9856
0.985645
0.985661
0.985691
0.985722
0.985767
0.985798
0.985828
0.985859
0.985889
0.98592
0.98595
0.985981
0.986012
0.986042
0.986073
0.986103
0.986149
0.986179
0.98621
0.98624
0.986271
0.986301
0.986332
0.986362
0.986393
0.986423
0.986469
0.986485
0.98653
0.986561
0.986591
0.986622
0.986652
0.986683
0.986713
0.986744
0.986774
0.986805
0.986835
0.986866
0.986897
0.986927
0.986958
0.987003
0.987034
0.987064
0.987095
0.987125
0.987152
0.987152
0.987152
0.987152
0.987152
0.987152
0.987152
0.987152
0.987152
0.987152
0.987152
0.987152
0.987152
0.987152
0.987152
0.987152
0.987152
0.987152
0.987152
0.987152
0.98719
0.987221
0.987251
0.987282
0.987312
0.987343
0.987373
0.987404
0.987434
0.98748
0.987511
0.987541
0.987556
0.987587
0.987633
0.987663
0.987694
0.987724
0.987755
0.987785
0.987816
0.987846
0.987892
0.987923
0.987953
0.987984
0.988014
0.988045
0.988075
0.988106
0.988136
0.988167
0.988197
0.988228
0.988258
0.988289
0.988319
0.98835
0.988396
0.988411
0.988441
0.988487
0.988518
0.988548
0.988579
0.988583
0.988583
0.988583
0.988583
0.988583
0.988583
0.988583
0.988583
0.988583
0.988583
0.988583
0.988583
0.988583
0.988583
0.988583
0.988583
0.988583
0.988583
0.988583
0.988583
0.988583
0.988605
0.988636
0.988667
0.988697
0.988728
0.988758
0.988789
0.988834
0.98885
0.98888
0.988911
0.988941
0.988987
0.989002
0.989033
0.989063
0.989109
0.98914
0.98917
0.989201
0.989231
0.989262
0.989292
0.989323
0.989353
0.989384
0.989414
0.989445
0.989475
0.989506
0.989536
0.989582
0.989597
0.989643
0.989674
0.989704
0.989735
0.989765
0.989773
0.989773
0.989773
0.989773
0.989773
0.989773
0.989773
0.989773
0.989773
0.989773
0.989773
0.989773
0.989773
0.989773
0.989773
0.989773
0.989773
0.989773
0.989773
0.989773
0.989773
0.989773
0.989773
0.989792
0.989822
0.989853
0.989883
0.989914
0.989944
0.989975
0.990005
0.990036
0.990067
0.990097
0.990128
0.990158
0.990189
0.990219
0.99025
0.99028
0.990311
0.990341
0.990372
0.990402
0.990433
0.990463
0.990494
0.990524
0.990555
0.990585
0.990631
0.990646
0.990677
0.990707
0.990738
0.990768
0.990768
0.990768
0.990768
0.990768
0.990768
0.990768
0.990768
0.990768
0.990768
0.990768
0.990768
0.990768
0.990768
0.990768
0.990768
0.990768
0.990768
0.990768
0.990768
0.990768
0.990768
0.990768
0.990768
0.990768
0.99078
0.99081
0.990841
0.990871
0.990902
0.990948
0.990963
0.990993
0.991024
0.991055
0.991085
0.991116
0.991161
0.991177
0.991207
0.991238
0.991268
0.991314
0.991329
0.99136
0.99139
0.991436
0.991467
0.991482
0.991512
0.991558
0.991589
0.991619
0.99165
0.991673
0.991673
0.991673
0.991673
0.991673
0.991673
0.991673
0.991673
0.991673
0.991673
0.991673
0.991673
0.991673
0.991673
0.991673
0.991673
0.991673
0.991673
0.991673
0.991673
0.991673
0.991673
0.991673
0.991673
0.991673
0.991673
0.991673
0.991673
0.991673
0.991703
0.991734
0.991764
0.99181
0.99184
0.991871
0.991901
0.991932
0.991962
0.991993
0.992023
0.992054
0.992085
0.992115
0.992146
0.992176
0.992222
0.992237
0.992283
0.992313
0.992344
0.992374
0.992405
0.992435
0.992466
0.99247
0.99247
0.99247
0.99247
0.99247
0.99247
0.99247
0.99247
0.99247
0.99247
0.99247
0.99247
0.99247
0.99247
0.99247
0.99247
0.99247
0.99247
0.99247
0.99247
0.99247
0.99247
0.99247
0.99247
0.99247
0.99247
0.99247
0.99247
0.99247
0.99247
0.992474
0.992504
0.99255
0.992565
0.992611
0.992641
0.992672
0.992702
0.992733
0.992764
0.992794
0.992825
0.992855
0.992886
0.992916
0.992947
0.992977
0.993008
0.993038
0.993084
0.993099
0.993145
0.99316
0.993191
0.993217
0.993217
0.993217
0.993217
0.993217
0.993217
0.993217
0.993217
0.993217
0.993217
0.993217
0.993217
0.993217
0.993217
0.993217
0.993217
0.993217
0.993217
0.993217
0.993217
0.993217
0.993217
0.993217
0.993217
0.993217
0.993217
0.993217
0.993217
0.993217
0.993217
0.993217
0.993221
0.993252
0.993282
0.993313
0.993343
0.993374
