0
1.52588e-05
3.05177e-05
4.57765e-05
6.10353e-05
0.000104904
0.000259399
0.000701904
0.00164604
0.00332832
0.00598526
0.00984573
0.0151176
0.0219879
0.0306091
0.041111
0.0535851
0.0680847
0.0846329
0.103214
0.123783
0.146259
0.170544
0.196512
0.22402
0.267839
0.298515
0.314228
0.346294
0.395672
0.412382
0.462959
0.496805
0.530571
0.564117
0.597305
0.630001
0.662077
0.693399
0.723839
0.753284
0.781647
0.808836
0.834789
0.859449
0.882767
0.904707
0.925249
0.944374
0.962078
0.978367
0.993254
1.00675
1.01889
1.02971
1.03925
1.04753
1.05463
1.06059
1.06751
1.07086
1.07218
1.07415
1.07527
1.0755
1.07477
1.0734
1.07146
1.069
1.0661
1.0628
1.05916
1.05524
1.05109
1.04677
1.04231
1.03777
1.03319
1.02858
1.02399
1.01944
1.01495
1.00838
1.00414
1.00004
0.996075
0.992275
0.988651
0.985218
0.981987
0.97897
0.974857
0.973598
0.971252
0.968155
0.967234
0.965555
0.96409
0.962837
0.961332
0.960569
0.959986
0.959568
0.959309
0.9592
0.959223
0.959381
0.959648
0.960022
0.960489
0.961039
0.961657
0.962334
0.963053
0.963806
0.964581
0.965366
0.96616
0.966938
0.967707
0.968458
0.969183
0.969881
0.970547
0.971176
0.971769
0.972321
0.972832
0.973303
0.973932
0.974121
0.97447
0.974777
0.975164
0.975376
0.975468
0.975689
0.975746
0.975836
0.97591
0.975922
0.975922
0.975874
0.975811
0.975727
0.975624
0.975504
0.975365
0.975212
0.975044
0.974865
0.974678
0.97448
0.974281
0.974068
0.973854
0.97364
0.973427
0.973213
0.973
0.972786
0.972572
0.972368
0.97217
0.971972
0.971695
0.971603
0.971434
0.971266
0.971113
0.970898
0.970829
0.970703
0.970585
0.970478
0.970383
0.970295
0.970219
0.970152
0.970093
0.970047
0.969994
0.969978
0.969952
0.969942
0.969942
0.969948
0.969963
0.96998
0.970011
0.970026
0.970079
0.970125
0.970171
0.970219
0.97028
0.970341
0.970402
0.970463
0.970524
0.970594
0.970671
0.970747
0.970861
0.9709
0.971014
0.97109
0.971167
0.971243
0.971319
0.971395
0.971472
0.971548
0.971624
0.971701
0.971777
0.971853
0.971914
0.972006
0.972036
0.972128
0.972158
0.97225
0.972311
0.972372
0.972433
0.972494
0.972542
0.972588
0.972633
0.972679
0.972725
0.972771
0.972816
0.972862
0.972908
0.972954
0.973
0.973045
0.973091
0.973137
0.973183
0.973228
0.973269
0.973299
0.97333
0.97336
0.973391
0.973421
0.973452
0.973482
0.973513
0.973543
0.973574
0.973604
0.973635
0.97368
0.973711
0.973726
0.973757
0.973803
0.973818
0.973864
0.973894
0.973925
0.973963
0.974009
0.974054
0.9741
0.974146
0.974192
0.974237
0.974283
0.974329
0.974398
0.974443
0.974489
0.974535
0.974581
0.974627
0.974672
0.974741
0.974787
0.974833
0.974878
0.974924
0.97497
0.975039
0.97506
0.975105
0.975121
0.975166
0.975197
0.975227
0.975258
0.975288
0.975319
0.975349
0.97538
0.97541
0.975441
0.975471
0.975502
0.975533
0.975563
0.975594
0.975624
0.975655
0.975685
0.975716
0.975746
0.975777
0.975807
0.975838
0.975868
0.975899
0.975929
0.97596
0.976002
0.976048
0.976093
0.976139
0.976185
0.976231
0.976299
0.976345
0.976368
0.976414
0.97646
0.976505
0.976574
0.97662
0.976665
0.976711
0.976757
0.976803
0.976849
0.976894
0.97694
0.97698
0.977011
0.977041
0.977072
0.977102
0.977133
0.977163
0.977194
0.977224
0.97727
0.977301
0.977331
0.977362
0.977392
0.977423
0.977453
0.977484
0.977514
0.977545
0.977575
0.977606
0.977636
0.977667
0.977697
0.977728
0.977758
0.977789
0.977819
0.97785
0.97788
0.977911
0.977942
0.977987
0.978003
0.978033
0.978079
0.978094
0.978125
0.978155
0.978186
0.978231
0.978262
0.978292
0.978323
0.978354
0.978384
0.978415
0.978445
0.978476
0.978506
0.978542
0.978588
0.978634
0.97868
0.978725
0.978771
0.978817
0.978863
0.978909
0.978954
0.979023
0.979046
0.979092
0.979137
0.979172
0.979218
0.979248
0.979279
0.979309
0.97934
0.97937
0.979401
0.979431
0.979462
0.979492
0.979523
0.979553
0.979584
0.979614
0.979645
0.979675
0.979706
0.979736
0.979767
0.979797
0.979828
0.979858
0.979889
0.979919
0.97995
0.97998
0.980011
0.980042
0.980072
0.980118
0.980148
0.980179
0.980209
0.98024
0.98027
0.980301
0.980331
0.980362
0.980392
0.980438
0.980469
0.980499
0.98053
0.98056
0.980591
0.980621
0.980652
0.980682
0.980713
0.980743
0.980774
0.980804
0.980835
0.980865
0.980896
0.980927
0.980972
0.980988
0.981018
0.981049
0.981079
0.98111
0.98114
0.981186
0.981216
0.981247
0.981277
0.981308
0.981339
0.981369
0.9814
0.98143
0.981461
0.981491
0.981522
0.981552
0.981583
0.981613
0.981644
0.981674
0.981705
0.981735
0.981766
0.981796
0.981827
0.981857
0.981888
0.981918
0.981949
0.981979
0.98201
0.98204
0.982071
0.982101
0.982132
0.982162
0.982193
0.982224
0.982254
0.982285
0.982315
0.982346
0.982376
0.982407
0.982452
0.982483
0.982498
0.982529
0.982574
0.982605
0.982635
0.982666
0.982697
0.982727
0.982758
0.982788
0.982819
0.982849
0.98288
0.98291
0.982941
0.982971
0.983002
0.983032
0.983078
0.983093
0.983124
0.983154
0.983185
0.983231
0.983246
0.983276
0.983322
0.983353
0.983383
0.983414
0.983444
0.983475
0.983505
0.983536
0.983566
0.983597
0.983627
0.983658
0.983688
0.983719
0.983749
0.98378
0.98381
0.983856
0.983871
0.983902
0.983948
0.983963
0.984009
0.984039
0.98407
0.9841
0.984131
0.984161
0.984192
0.984222
0.984253
0.984283
0.984314
0.984344
0.984375
0.984406
0.984436
0.984467
0.984497
0.984528
0.984558
0.984589
0.984619
0.98465
0.984695
0.984718
0.984734
0.984749
0.984764
0.984779
0.984795
0.98481
0.984825
0.98484
0.984856
0.984871
0.984886
0.984901
0.984917
0.984932
0.984947
0.984962
0.984978
0.984993
0.985012
0.985058
0.985088
0.985119
0.985149
0.98518
0.98521
0.985241
0.985271
0.985302
0.985332
0.985363
0.985394
0.985424
0.985455
0.9855
0.985531
0.985561
0.985592
0.985622
0.985653
0.985699
0.985714
0.985744
0.985775
0.985821
0.985851
0.985882
0.985912
0.985943
0.985962
0.985977
0.985992
0.986008
0.986031
0.986046
0.986061
0.986076
0.986092
0.986107
0.986122
0.986137
0.986153
0.986168
0.986191
0.986206
0.986221
0.986237
0.986252
0.986267
0.986282
0.986309
0.98634
0.98637
0.986401
0.986431
0.986462
0.986492
0.986523
0.986553
0.986584
0.986629
0.98666
0.986675
0.986721
0.986752
0.986782
0.986813
0.986843
0.986874
0.986904
0.986935
0.986965
0.986996
0.987026
0.987057
0.987087
0.987116
0.987131
0.987146
0.987162
0.987177
0.987192
0.987207
0.987223
0.987238
0.987261
0.987268
0.987291
0.987307
0.987322
0.987337
0.987352
0.987368
0.987383
0.987398
0.987413
0.987429
0.987444
0.987459
0.987474
0.98749
0.987505
0.98752
0.987535
0.987564
0.987595
0.98764
0.987671
0.987701
0.987732
0.987762
0.987793
0.987823
0.987854
0.987885
0.987915
0.987961
0.987991
0.988007
0.988037
0.988083
0.988113
0.988144
0.988167
0.988182
0.988197
0.988213
0.988228
0.988243
0.988258
0.988274
0.988289
0.988304
0.988319
0.988335
0.98835
0.988365
0.98838
0.988396
0.988411
0.988426
0.988441
0.988457
0.988472
0.988487
0.988503
0.988518
0.988533
0.988548
0.988564
0.988579
0.988594
0.988609
0.988625
0.988647
0.988655
0.98867
0.988693
0.988701
0.988718
0.988764
0.988779
0.988825
0.988855
0.988886
0.988916
0.988947
0.988977
0.989008
0.989038
0.989069
0.9891
0.98913
0.989161
0.989206
0.989229
0.989244
0.98926
0.989275
0.98929
0.989305
0.989321
0.989336
0.989351
0.989367
0.989382
0.989397
0.989412
0.989428
0.989443
0.989458
0.989481
0.989496
0.989511
0.989527
0.989542
0.989557
0.989573
0.989588
0.989603
0.989626
0.989641
0.989656
0.989672
0.989687
0.989702
0.989717
0.989733
0.989756
0.989771
0.989786
0.989801
0.989817
0.989832
0.989847
0.989862
0.989878
0.989893
0.989908
0.989923
0.989939
0.989954
0.989969
0.989985
0.99
0.990015
0.99003
0.990046
0.990061
0.990076
0.990099
0.990114
0.990129
0.990145
0.99016
0.990175
0.990191
0.990206
0.990221
0.990236
0.990261
0.990292
0.990322
0.990353
0.990383
0.990414
0.990444
0.990475
0.990505
0.990536
0.990566
0.990597
0.990616
0.990631
0.990646
0.990662
0.990677
0.990692
0.990707
0.990723
0.990738
0.990753
0.990768
0.990784
0.990799
0.990814
0.990829
0.990852
0.99086
0.990875
0.990891
0.990913
0.990921
0.990944
0.990952
0.990974
0.99099
0.991005
0.99102
0.991035
0.991051
0.991066
0.991081
0.991096
0.991112
0.991127
0.991142
0.991158
0.991173
0.991188
0.991203
0.991219
0.991234
0.991249
0.991264
0.99128
0.991295
0.99131
0.991325
0.991348
0.991356
0.991371
0.991394
0.991402
0.991425
0.99144
0.991455
0.99147
0.991486
0.991501
0.991516
0.991531
0.991547
0.991562
0.991577
0.991592
0.991608
0.991623
0.991638
0.991653
0.991669
0.991692
0.991699
0.991714
0.991737
0.991753
0.991768
0.991783
0.991798
0.991814
0.991829
0.991844
0.991859
0.991875
0.99189
0.991905
0.99192
0.991943
0.991959
0.991974
0.991989
0.992004
0.99202
0.992035
0.99205
0.992065
0.992081
0.992096
0.992111
0.992126
0.992142
0.992157
0.992172
0.992188
0.992203
0.992218
0.992233
0.992256
0.992271
0.992287
0.992302
0.992317
0.992332
0.992348
0.992363
0.992378
0.992393
0.992409
0.992424
0.992447
0.992455
0.992477
0.992493
0.992508
0.992523
0.992538
0.992554
0.992569
0.992584
0.992599
0.992615
0.99263
0.992645
0.992661
0.992676
0.992691
0.992706
0.992722
0.992737
0.99276
0.992775
0.99279
0.992805
0.992821
0.992836
0.992851
0.992867
0.992882
0.992897
