0
3.05177e-05
6.10353e-05
0.00012207
0.000167847
0.000202179
0.000549316
0.00122452
0.00178146
0.00348663
0.00798035
0.012619
0.0188293
0.0268097
0.0367546
0.0488281
0.0631752
0.0798988
0.0990639
0.120705
0.157768
0.171318
0.200134
0.247398
0.281364
0.317059
0.354244
0.392719
0.432266
0.472672
0.513699
0.555119
0.59671
0.638268
0.679596
0.720512
0.760834
0.819836
0.839027
0.876587
0.912922
0.947891
0.981373
1.01324
1.0434
1.07177
1.09827
1.12284
1.14544
1.17556
1.19308
1.20105
1.21543
1.22773
1.23793
1.24939
1.25449
1.2576
1.25881
1.25819
1.25583
1.25183
1.24628
1.23929
1.23096
1.22142
1.21078
1.19916
1.18668
1.17347
1.15963
1.1453
1.13059
1.1156
1.10045
1.08525
1.07008
1.05504
1.04021
1.02568
1.01152
0.997822
0.984619
0.971985
0.954212
0.94862
0.937984
0.928082
0.918949
0.906734
0.899616
0.896366
0.887856
0.883205
0.879368
0.876331
0.874077
0.872593
0.871845
0.871807
0.872444
0.873722
0.875599
0.878036
0.880997
0.884434
0.888306
0.89484
0.89719
0.902111
0.907284
0.912689
0.918274
0.923992
0.932728
0.938587
0.944447
0.950268
0.956017
0.961662
0.967163
0.972492
0.977619
0.984875
0.987171
0.99155
0.995644
0.999443
1.00457
1.00611
1.01027
1.01263
1.0137
1.01641
1.01783
1.01894
1.01976
1.02028
1.02052
1.02051
1.02025
1.01974
1.01902
1.01808
1.01696
1.01567
1.01423
1.01265
1.01096
1.00917
1.0073
1.00536
1.00337
1.00133
0.999264
0.997177
0.995071
0.992966
0.990864
0.988789
0.986732
0.984707
0.982723
0.980793
0.978924
0.977127
0.974586
0.973785
0.971527
0.970825
0.969509
0.967747
0.966724
0.965824
0.96542
0.964401
0.963882
0.963486
0.963211
0.963058
0.963017
0.963093
0.963272
0.963554
0.963932
0.964394
0.964939
0.965561
0.966255
0.967003
0.967808
0.968651
0.969524
0.970409
0.971325
0.97224
0.973141
0.974026
0.974888
0.975727
0.976532
0.977669
0.978374
0.97871
0.979649
0.980213
0.980721
0.981182
0.981594
0.981949
0.982258
0.982517
0.982727
0.982891
0.983002
0.983074
0.983105
0.983093
0.983044
0.98296
0.982841
0.982689
0.982506
0.982292
0.982052
0.981789
0.98151
0.981205
0.980885
0.980549
0.980209
0.97966
0.979294
0.979111
0.978745
0.978378
0.977829
0.977463
0.97728
0.976913
0.976395
0.976059
0.975735
0.97543
0.975136
0.974861
0.974606
0.974365
0.974152
0.973957
0.973782
0.973629
0.973503
0.973396
0.973309
0.973248
0.973209
0.973186
0.973186
0.973225
0.97327
0.973331
0.973415
0.973507
0.973618
0.97374
0.973942
0.974094
0.974247
0.974403
0.974586
0.97477
0.974953
0.975136
0.975319
0.975502
0.975685
0.975868
0.976051
0.976234
0.976509
0.976601
0.976757
0.97691
0.977062
0.977291
0.977428
0.977551
0.977673
0.977795
0.977901
0.977993
0.978085
0.978176
0.978249
0.97831
0.978371
0.978432
0.978474
0.978504
0.97855
0.978565
0.978607
0.978607
0.978607
0.978607
0.978607
0.978607
0.978607
0.978607
0.978607
0.978577
0.978546
0.978516
0.978485
0.978455
0.978424
0.978394
0.978363
0.978333
0.978302
0.978271
0.978241
0.978214
0.978214
0.978214
0.978214
0.978214
0.978214
0.978214
0.978214
0.978214
0.978214
0.978214
0.978237
0.978268
0.978298
0.978329
0.978359
0.97839
0.97842
0.978451
0.978481
0.978512
0.978542
0.978573
0.978603
0.978634
0.97868
0.978771
0.978802
0.978893
0.978924
0.978985
0.979076
0.979107
0.979198
0.979259
0.979321
0.979382
0.979443
0.979504
0.979565
0.979626
0.979687
0.979748
0.979809
0.979855
0.979885
0.979916
0.979946
0.979977
0.980007
0.980038
0.980083
0.980099
0.980145
0.980175
0.980206
0.980236
0.980251
0.980297
0.980328
0.980358
0.980389
0.980419
0.98045
0.98048
0.980511
0.980541
0.980572
0.980602
0.980633
0.980679
0.980709
0.98074
0.98077
0.980801
0.980831
0.980846
0.980892
0.980923
0.980953
0.980984
0.981014
0.981045
0.981075
0.981106
0.981136
0.981167
0.981197
0.981228
0.981258
0.981304
0.981335
0.98135
0.98138
0.981411
0.981457
0.981487
0.981518
0.981522
0.981522
0.981522
0.981522
0.981522
0.981522
0.981522
0.981522
0.981522
0.981522
0.981522
0.981525
0.981556
0.981586
0.981617
0.981647
0.981678
0.981709
0.981739
0.98177
0.9818
0.981831
0.981876
0.981892
0.981922
0.981953
0.981983
0.982029
0.982059
0.98209
0.982121
0.982151
0.982182
0.982212
0.982243
0.982273
0.982304
0.982334
0.982365
0.982395
0.982426
0.982456
0.982487
0.982517
0.982548
0.982578
0.982609
0.982639
0.98267
0.9827
0.982731
0.982761
0.982792
0.982822
0.982868
0.982883
0.982929
0.982944
0.982975
0.983021
0.983036
0.983067
0.983112
0.983128
0.983173
0.983204
0.983234
0.983265
0.983295
0.983326
0.983356
0.983387
0.983418
0.983463
0.983494
0.983524
0.983555
0.983585
0.983616
0.983646
0.983677
0.983707
0.983738
0.983768
0.983799
0.983829
0.98386
0.983891
0.983936
0.983952
0.983982
0.984013
0.984043
0.984089
0.984119
0.98415
0.98418
0.984211
0.984241
0.984272
0.984303
0.984333
0.984364
0.984394
0.984425
0.984455
0.984486
0.984516
0.984562
0.984592
0.984623
0.984653
0.984684
0.984715
0.984745
0.984776
0.984806
0.984837
0.984867
0.98489
0.98489
0.98489
0.98489
0.98489
0.98489
0.98489
0.98489
0.98489
0.98489
0.98489
0.98489
0.98489
0.98489
0.98489
0.98489
0.984894
0.984924
0.98497
0.985001
0.985031
0.985062
0.985092
0.985123
0.985153
0.985184
0.985214
0.985245
0.985275
0.985306
0.985336
0.985367
0.985397
0.985428
0.985458
0.985489
0.985519
0.98555
0.98558
0.985611
0.985641
0.985672
0.985703
0.985733
0.985764
0.985794
0.985825
0.98587
0.985886
0.985916
0.985947
0.985977
0.986023
0.986038
0.986069
0.986099
0.986145
0.986176
0.986206
0.986237
0.986267
0.986298
0.986328
0.986359
0.986389
0.98642
0.98645
0.986481
0.986511
0.986542
0.986572
0.986603
0.986633
0.986664
0.986694
0.986725
0.986755
0.986786
0.986816
0.986847
0.986877
0.986904
0.986904
0.986904
0.986904
0.986904
0.986904
0.986904
0.986904
0.986904
0.986904
0.986904
0.986904
0.986904
0.986904
0.986904
0.986904
0.986904
0.986904
0.986912
0.986942
0.986973
0.987003
0.987034
0.987064
0.987095
0.987125
0.987156
0.987186
0.987217
0.987247
0.987278
0.987309
0.987339
0.98737
0.9874
0.987431
0.987461
0.987492
0.987522
0.987553
0.987583
0.987614
0.987659
0.987675
0.987705
0.987736
0.987766
0.987797
0.987827
0.987873
0.987904
0.987934
0.987965
0.987995
0.988026
0.988056
0.988087
0.988117
0.988148
0.988178
0.988209
0.988239
0.98827
0.988316
0.988346
0.988365
0.988365
0.988365
0.988365
0.988365
0.988365
0.988365
0.988365
0.988365
0.988365
0.988365
0.988365
0.988365
0.988365
0.988365
0.988365
0.988365
0.988365
0.988365
0.988365
0.988365
0.988365
0.98838
0.988426
0.988457
0.988487
0.988518
0.988548
0.988579
0.988609
0.98864
0.98867
0.988701
0.988731
0.988762
0.988792
0.988823
0.988853
0.988884
0.988914
0.988945
0.988976
0.989006
0.989037
0.989067
0.989098
0.989128
0.989159
0.989189
0.989235
0.989265
0.989296
0.989326
0.989357
0.989388
0.989418
0.989449
0.989479
0.98951
0.98954
0.989567
0.989567
0.989567
0.989567
0.989567
0.989567
0.989567
0.989567
0.989567
0.989567
0.989567
0.989567
0.989567
0.989567
0.989567
0.989567
0.989567
0.989567
0.989567
0.989567
0.989567
0.989567
0.989567
0.989567
0.98959
0.98962
0.989651
0.989681
0.989712
0.989742
0.989773
0.989803
0.989834
0.989864
0.989895
0.989925
0.989971
0.989986
0.990017
0.990047
0.990078
0.990108
0.990154
0.99017
0.990215
0.990231
0.990261
0.990307
0.990322
0.990368
0.990398
0.990429
0.990459
0.99049
0.99052
0.990551
0.990582
0.990612
0.990635
0.990635
0.990635
0.990635
0.990635
0.990635
0.990635
0.990635
0.990635
0.990635
0.990635
0.990635
0.990635
0.990635
0.990635
0.990635
0.990635
0.990635
0.990635
0.990635
0.990635
0.990635
0.990635
0.990635
0.990635
0.990635
0.990662
0.990692
0.990723
0.990753
0.990784
0.990814
0.990845
0.990875
0.990906
0.990936
0.990967
0.990997
0.991028
0.991058
0.991089
0.991119
0.99115
0.99118
0.991211
0.991241
0.991272
0.991318
0.991333
0.991364
0.991394
0.991425
0.991455
0.991501
0.991516
0.991558
0.991558
0.991558
0.991558
0.991558
0.991558
0.991558
0.991558
0.991558
0.991558
0.991558
0.991558
0.991558
0.991558
0.991558
0.991558
0.991558
0.991558
0.991558
0.991558
0.991558
0.991558
0.991558
0.991558
0.991558
0.991558
0.991558
0.991558
0.991558
0.991585
0.991615
0.991646
0.991676
0.991707
0.991737
0.991768
0.991798
0.991829
0.991859
0.99189
0.99192
0.991951
0.991997
0.992027
0.992058
0.992088
0.992119
0.992149
0.99218
0.99221
0.992241
0.992271
0.992317
0.992348
0.992378
0.992382
0.992382
0.992382
0.992382
0.992382
0.992382
0.992382
0.992382
0.992382
0.992382
0.992382
0.992382
0.992382
0.992382
0.992382
0.992382
0.992382
0.992382
0.992382
0.992382
0.992382
0.992382
0.992382
0.992382
0.992382
0.992382
0.992382
0.992382
0.992382
0.992382
0.99239
0.99242
0.992451
0.992481
0.992512
0.992558
0.992588
0.992619
0.992649
0.99268
0.99271
0.992741
0.992771
0.992802
0.992832
0.992863
0.992893
0.992924
0.992954
0.993
0.993031
0.993061
0.993092
0.993122
0.993141
0.993141
0.993141
0.993141
0.993141
0.993141
0.993141
0.993141
0.993141
0.993141
0.993141
0.993141
0.993141
0.993141
0.993141
0.993141
0.993141
0.993141
0.993141
0.993141
0.993141
0.993141
0.993141
0.993141
0.993141
0.993141
0.993141
0.993141
0.993141
0.993141
0.993141
0.993141
