0
1.52588e-05
3.05177e-05
4.57765e-05
6.10353e-05
8.01087e-05
0.00015831
0.000701905
0.00164604
0.00332832
0.00598526
0.00984573
0.0151176
0.0219879
0.0306072
0.0411091
0.0535831
0.0680828
0.0846291
0.113245
0.12377
0.158154
0.183281
0.196459
0.238218
0.252806
0.298262
0.329748
0.361961
0.394733
0.427896
0.46129
0.494762
0.528143
0.56127
0.593998
0.626188
0.657711
0.688448
0.718296
0.747154
0.774942
0.80158
0.839251
0.85117
0.874018
0.895521
0.925209
0.934412
0.95993
0.975201
0.989098
1.00165
1.01289
1.02284
1.03154
1.03903
1.04535
1.05057
1.05472
1.05788
1.06011
1.06148
1.06205
1.06187
1.06103
1.05957
1.05756
1.05506
1.05213
1.04881
1.04519
1.03925
1.03717
1.03288
1.02848
1.02174
1.01948
1.01495
1.01046
1.00602
0.999538
0.995365
0.991337
0.987469
0.983776
0.980272
0.976971
0.973885
0.971027
0.968403
0.964924
0.962902
0.961117
0.95957
0.958252
0.957157
0.956276
0.955606
0.955137
0.954792
0.954784
0.954943
0.955252
0.955702
0.956274
0.956964
0.957754
0.958633
0.960081
0.961111
0.962177
0.963266
0.964365
0.965462
0.966541
0.967598
0.968622
0.96961
0.970552
0.971447
0.97229
0.973078
0.97381
0.974489
0.975107
0.975672
0.976181
0.976633
0.977213
0.977381
0.97768
0.978037
0.978132
0.978354
0.978447
0.978502
0.978516
0.978516
0.978453
0.978373
0.978321
0.978125
0.978046
0.977777
0.977573
0.97735
0.977112
0.976858
0.976593
0.976318
0.976032
0.975742
0.975452
0.975147
0.974842
0.974537
0.974234
0.973944
0.973654
0.973364
0.972952
0.972815
0.972555
0.972179
0.971941
0.971714
0.9715
0.9713
0.971111
0.970936
0.970774
0.970625
0.97049
0.970367
0.970261
0.970167
0.970087
0.970018
0.969961
0.969915
0.969883
0.96986
0.969845
0.969845
0.969851
0.969866
0.969889
0.969934
0.96998
0.970026
0.970078
0.970139
0.970169
0.970261
0.970335
0.970411
0.970488
0.970526
0.97064
0.970716
0.970793
0.970869
0.970945
0.971022
0.971098
0.971174
0.971251
0.971327
0.971403
0.97167
0.971746
0.971823
0.971899
0.971975
0.972036
0.972097
0.972128
0.972219
0.972281
0.972342
0.972399
0.972445
0.97249
0.972536
0.972582
0.972628
0.972673
0.972719
0.972765
0.972811
0.972855
0.972885
0.972916
0.972946
0.972977
0.973007
0.973038
0.973068
0.973099
0.973129
0.973175
0.973206
0.973236
0.973267
0.973297
0.973328
0.973358
0.973389
0.973419
0.973465
0.97348
0.973511
0.973579
0.973602
0.973671
0.973717
0.973763
0.973808
0.973854
0.9739
0.973946
0.973991
0.974037
0.974083
0.974129
0.974174
0.97422
0.974266
0.974312
0.974358
0.974426
0.974449
0.974518
0.974564
0.974609
0.974655
0.974693
0.974724
0.974754
0.974785
0.974815
0.974846
0.974876
0.974907
0.974937
0.974968
0.974998
0.975044
0.97506
0.97509
0.975121
0.975151
0.975182
0.975227
0.975243
0.975288
0.975304
0.975334
0.97538
0.975395
0.975449
0.975494
0.975517
0.975586
0.975632
0.975677
0.975723
0.975769
0.975815
0.975861
0.975906
0.975952
0.975998
0.976044
0.976089
0.976135
0.976181
0.976227
0.976273
0.976318
0.976358
0.976389
0.976419
0.97645
0.976496
0.976511
0.976557
0.976587
0.976618
0.976648
0.976679
0.976709
0.976755
0.976786
0.976816
0.976847
0.976877
0.976908
0.976938
0.976969
0.976999
0.97703
0.97706
0.977091
0.977137
0.977152
0.977182
0.977228
0.977243
0.977274
0.977304
0.97735
0.977365
0.977396
0.977427
0.977468
0.977514
0.977583
0.977606
0.977652
0.97772
0.977766
0.977812
0.977858
0.977903
0.977949
0.977995
0.978041
0.978086
0.978132
0.978178
0.978224
0.978256
0.978287
0.978317
0.978348
0.978394
0.978409
0.978439
0.978485
0.978516
0.978546
0.978577
0.978607
0.978638
0.978668
0.978699
0.978729
0.978775
0.97879
0.978836
0.978867
0.978897
0.978928
0.978943
0.978989
0.979019
0.97905
0.97908
0.979111
0.979141
0.979172
0.979202
0.979233
0.979263
0.979294
0.979324
0.979355
0.979385
0.979416
0.979446
0.979477
0.979507
0.979538
0.979568
0.979599
0.97963
0.97966
0.979691
0.979721
0.979752
0.979782
0.979813
0.979843
0.979874
0.979904
0.979935
0.979965
0.979996
0.980026
0.980057
0.980087
0.980118
0.980148
0.980194
0.980225
0.98024
0.980286
0.980301
0.980331
0.980377
0.980408
0.980438
0.980469
0.980499
0.98053
0.98056
0.980591
0.980621
0.980652
0.980682
0.980713
0.980743
0.980774
0.980804
0.980835
0.980865
0.980896
0.980927
0.980957
0.980988
0.981018
0.981049
0.981079
0.98111
0.98114
0.981171
0.981216
0.981247
0.981277
0.981308
0.981339
0.981369
0.9814
0.98143
0.981461
0.981491
0.981522
0.981552
0.981598
0.981628
0.981659
0.981689
0.98172
0.98175
0.981781
0.981812
0.981842
0.981873
0.981903
0.981934
0.981964
0.981995
0.982025
0.982056
0.982101
0.982132
0.982162
0.982193
0.982224
0.982254
0.982285
0.982315
0.982346
0.982376
0.982407
0.982437
0.982468
0.982498
0.982544
0.982559
0.982605
0.98262
0.982666
0.982681
0.982727
0.982758
0.982788
0.982819
0.982834
0.98288
0.982895
0.982941
0.982971
0.982986
0.983032
0.983063
0.983093
0.983124
0.983154
0.983185
0.983215
0.983246
0.983276
0.983307
0.983337
0.983368
0.983398
0.983429
0.983459
0.98349
0.983521
0.983551
0.983582
0.983612
0.983643
0.983673
0.983704
0.983734
0.983765
0.983795
0.983826
0.983871
0.983887
0.983932
0.983948
0.983994
0.984024
0.984039
0.98407
0.984116
0.984131
0.984177
0.984207
0.984238
0.984268
0.984299
0.984329
0.98436
0.98439
0.984421
0.984451
0.984482
0.984512
0.984543
0.984573
0.984604
0.984634
0.984665
0.984695
0.984726
0.984756
0.984802
0.984818
0.984848
0.984879
0.984909
0.984955
0.98497
0.985001
0.985046
0.985062
0.985094
0.985109
0.985125
0.98514
0.985155
0.98517
0.985186
0.985201
0.985216
0.985231
0.985247
0.985262
0.985277
0.985292
0.985308
0.985323
0.985338
0.985353
0.985369
0.985384
0.985399
0.985428
0.985458
0.985489
0.985535
0.98555
0.98558
0.985611
0.985641
0.985687
0.985703
0.985733
0.985764
0.985794
0.98584
0.985855
0.985886
0.985916
0.985947
0.985992
0.986023
0.986053
0.986084
0.986099
0.986145
0.986176
0.986206
0.986237
0.986267
0.986298
0.986328
0.986357
0.986372
0.986387
0.986403
0.986418
0.986433
0.986448
0.986464
0.986479
0.986494
0.986509
0.986532
0.98654
0.986563
0.98657
0.986586
0.986601
0.986616
0.986639
0.986647
0.986662
0.986677
0.9867
0.986715
0.986731
0.986761
0.986776
0.986822
0.986853
0.986883
0.986914
0.986944
0.986975
0.987005
0.987036
0.987066
0.987097
0.987143
0.987158
0.987188
0.987234
0.987249
0.987295
0.987326
0.987341
0.987387
0.987417
0.987448
0.987471
0.987486
0.987501
0.987516
0.987532
0.987547
0.987562
0.987577
0.987593
0.987608
0.987623
0.987638
0.987654
0.987669
0.987684
0.9877
0.987715
0.98773
0.987745
0.987761
0.987776
0.987791
0.987806
0.987822
0.987837
0.987852
0.987867
0.987883
0.987898
0.987921
0.987928
0.987957
0.987972
0.988003
0.988049
0.988064
0.98811
0.988125
0.988171
0.988201
0.988232
0.988262
0.988293
0.988323
0.988354
0.988384
0.988415
0.988445
0.988476
0.988499
0.988514
0.988529
0.988544
0.98856
0.988575
0.98859
0.988605
0.988621
0.988636
0.988651
0.988667
0.988682
0.988697
0.988712
0.988728
0.988743
0.988758
0.988773
0.988796
0.988811
0.988827
0.988842
0.988857
0.988873
0.988888
0.988903
0.988918
0.988934
0.988956
0.988972
0.988987
0.989002
0.989017
0.989033
0.989048
0.989063
0.989071
0.989094
0.989109
0.989134
0.989164
0.989195
0.989225
0.989256
0.989286
0.989317
0.989347
0.989378
0.989424
0.989439
0.989485
0.9895
0.989561
0.989592
0.989622
0.989639
0.989655
0.98967
0.989685
0.989708
0.989723
0.989738
0.989754
0.989769
0.989784
0.989799
0.989815
0.98983
0.989845
0.989861
0.989876
0.989891
0.989906
0.989922
0.989937
0.989952
0.989967
0.989983
0.989998
0.990013
0.990028
0.990044
0.990059
0.990074
0.990089
0.990105
0.99012
0.990135
0.99015
0.990166
0.990181
0.990196
0.990211
0.990227
0.990242
0.990257
0.990273
0.990288
0.990311
0.990318
0.990334
0.990349
0.990364
0.990387
0.990402
0.990417
0.990433
0.990448
0.990463
0.990479
0.990494
0.990509
0.990524
0.99054
0.990555
0.99057
0.990585
0.990601
0.990616
0.990631
0.990654
0.990669
0.990685
0.9907
0.990707
0.99073
0.990746
0.990761
0.990776
0.990791
0.990807
0.990822
0.990837
0.990852
0.990868
0.990883
0.990898
0.990913
0.990929
0.990944
0.990959
0.990974
0.99099
0.991005
0.99102
0.991035
0.991051
0.991066
0.991081
0.991096
0.991119
0.991127
0.99115
0.991158
0.991173
0.991196
0.991211
0.991226
0.991234
0.991257
0.991272
0.991287
0.991302
0.991318
0.991333
0.991348
0.991364
0.991379
0.991394
0.991409
0.991425
0.99144
0.991455
0.99147
0.991486
0.991501
0.991516
0.991531
0.991547
0.991562
0.991577
0.991592
0.991611
0.991642
0.991673
0.991703
0.991734
0.991764
0.991795
0.991825
0.991844
0.991859
0.991875
0.99189
0.991905
0.99192
0.991936
0.991951
0.991966
0.991989
0.991997
0.992012
0.992035
0.992043
0.992065
0.992081
0.992096
0.992111
0.992119
0.992142
0.992157
0.992172
0.992188
0.992203
0.992218
0.992233
0.992249
0.992264
0.992279
0.992294
0.99231
0.992325
0.99234
0.992355
0.992371
0.992386
0.992401
0.992416
0.992432
0.992447
0.992462
0.992477
0.992493
0.992508
0.992523
0.992538
0.992554
0.992577
0.992584
0.992599
0.992615
0.992638
0.992645
0.992661
0.992676
0.992699
0.992714
0.992729
0.992744
0.99276
0.992775
0.99279
0.992805
0.992821
0.992836
0.992851
0.992867
0.992882
