0
4.57765e-05
6.10353e-05
0.000106812
0.000137329
0.00018692
0.000354767
0.000808716
0.0017662
0.00347137
0.00616837
0.0101013
0.0154991
0.0225754
0.0315208
0.042511
0.055706
0.071228
0.0891724
0.109577
0.132462
0.157791
0.185497
0.215477
0.247593
0.281685
0.317554
0.355019
0.39386
0.433853
0.47477
0.537395
0.579647
0.600845
0.664398
0.685478
0.748062
0.788986
0.809128
0.868027
0.905842
0.942345
0.977402
1.01091
1.04278
1.07293
1.10125
1.14014
1.15211
1.17449
1.19476
1.22109
1.23587
1.24844
1.2588
1.26695
1.27295
1.27684
1.27868
1.27856
1.27654
1.27018
1.26388
1.25607
1.24686
1.23637
1.22474
1.20541
1.19149
1.17688
1.16171
1.14612
1.13024
1.11419
1.09811
1.08213
1.05854
1.05083
1.0357
1.02102
0.999962
0.993233
0.980244
0.962036
0.950813
0.940346
0.930676
0.921814
0.91378
0.906586
0.900249
0.894772
0.890148
0.886379
0.883446
0.881325
0.87999
0.879421
0.879898
0.880398
0.88187
0.883945
0.886578
0.891472
0.895298
0.899517
0.904083
0.906483
0.914059
0.919384
0.924862
0.930443
0.936081
0.941757
0.947422
0.953053
0.958611
0.964073
0.972034
0.97715
0.982086
0.986824
0.993526
0.997692
1.00159
1.0052
1.00852
1.01153
1.01422
1.01659
1.01863
1.02108
1.0223
1.02322
1.02382
1.02413
1.02408
1.02371
1.02309
1.02225
1.02119
1.01994
1.01852
1.01694
1.01524
1.01342
1.01151
1.00953
1.0075
1.00542
1.00331
1.00015
0.998047
0.995941
0.993858
0.991802
0.988792
0.987816
0.985905
0.984066
0.982304
0.979832
0.978313
0.976902
0.975605
0.974422
0.973354
0.972408
0.971592
0.970905
0.970104
0.969723
0.969463
0.969326
0.969307
0.969395
0.969589
0.969883
0.970268
0.970741
0.971291
0.971909
0.972588
0.973312
0.974079
0.974873
0.975689
0.976925
0.977337
0.978565
0.978962
0.980133
0.980515
0.981598
0.982281
0.982929
0.983536
0.984104
0.984634
0.985115
0.985558
0.985962
0.98632
0.986637
0.986912
0.987148
0.987347
0.987507
0.987633
0.98772
0.987774
0.987797
0.987789
0.987751
0.987686
0.987595
0.987476
0.987335
0.987083
0.986897
0.986683
0.986458
0.986214
0.985966
0.985691
0.985416
0.985142
0.984844
0.984539
0.984234
0.983929
0.983624
0.983318
0.982861
0.982708
0.982269
0.981995
0.98172
0.981445
0.981194
0.980949
0.980709
0.980495
0.980282
0.980095
0.979912
0.979752
0.979599
0.979469
0.979347
0.979248
0.979156
0.979088
0.979027
0.978985
0.978954
0.978935
0.978935
0.978935
0.978977
0.978992
0.979027
0.979088
0.979179
0.979248
0.97934
0.979431
0.979523
0.979614
0.979721
0.979843
0.979965
0.980087
0.980209
0.980331
0.980453
0.980576
0.980698
0.98082
0.980942
0.981064
0.981186
0.981308
0.98143
0.981552
0.981659
0.98175
0.981842
0.981934
0.982071
0.982162
0.982254
0.982334
0.982395
0.982456
0.982517
0.982578
0.982639
0.9827
0.982746
0.982777
0.982807
0.982838
0.982883
0.982914
0.982944
0.982975
0.982986
0.982986
0.982986
0.982986
0.982986
0.982986
0.982986
0.982986
0.982986
0.982986
0.982986
0.982986
0.982986
0.982986
0.982986
0.982986
0.982986
0.982986
0.982986
0.982986
0.982986
0.982986
0.982986
0.982986
0.982986
0.982986
0.982986
0.982986
0.982986
0.982986
0.982986
0.982986
0.982986
0.982986
0.982986
0.982986
0.983009
0.98304
0.98307
0.983101
0.983131
0.983162
0.983192
0.983238
0.983253
0.983299
0.98333
0.98336
0.983376
0.983406
0.983452
0.983482
0.983513
0.983543
0.983574
0.983604
0.983635
0.983665
0.983711
0.983742
0.983772
0.983803
0.983833
0.983864
0.983894
0.983925
0.983971
0.984001
0.984032
0.984062
0.984093
0.984123
0.984154
0.984184
0.98423
0.984245
0.984276
0.984322
0.984337
0.984383
0.984413
0.984444
0.984474
0.984505
0.984535
0.984566
0.984596
0.984627
0.984673
0.984703
0.984718
0.984764
0.984795
0.984825
0.984856
0.984886
0.984932
0.984962
0.984993
0.985023
0.985054
0.985085
0.98513
0.985161
0.985191
0.985222
0.985268
0.985298
0.985329
0.985359
0.985374
0.985374
0.985374
0.985374
0.985374
0.985374
0.985374
0.985374
0.985374
0.985374
0.985374
0.985374
0.985374
0.985374
0.985374
0.985374
0.985374
0.985374
0.985374
0.985397
0.985443
0.985474
0.985504
0.985535
0.985565
0.985596
0.985626
0.985657
0.985687
0.985718
0.985764
0.985779
0.985825
0.985855
0.985886
0.985916
0.985947
0.985977
0.986008
0.986038
0.986084
0.986115
0.986145
0.986176
0.986206
0.986237
0.986267
0.986298
0.986328
0.986359
0.986389
0.98642
0.98645
0.986481
0.986511
0.986542
0.986572
0.986603
0.986633
0.986664
0.986694
0.986725
0.986755
0.986786
0.986816
0.986847
0.986877
0.986923
0.986954
0.986984
0.987015
0.987045
0.987076
0.987106
0.987125
0.987125
0.987125
0.987125
0.987125
0.987125
0.987125
0.987125
0.987125
0.987125
0.987125
0.987125
0.987125
0.987125
0.987125
0.987125
0.987125
0.987125
0.987125
0.987125
0.987152
0.987183
0.987213
0.987244
0.987274
0.987305
0.987335
0.987366
0.987396
0.987427
0.987457
0.987488
0.987518
0.987549
0.987579
0.98761
0.98764
0.987671
0.987717
0.987732
0.987762
0.987793
0.987823
0.987869
0.9879
0.98793
0.987946
0.987991
0.988022
0.988052
0.988083
0.988113
0.988144
0.988174
0.988205
0.988235
0.988266
0.988297
0.988327
0.988358
0.988388
0.988419
0.988426
0.988426
0.988426
0.988426
0.988426
0.988426
0.988426
0.988426
0.988426
0.988426
0.988426
0.988426
0.988426
0.988426
0.988426
0.988426
0.988426
0.988426
0.988426
0.988426
0.988426
0.988457
0.988487
0.988518
0.988548
0.988579
0.988625
0.988655
0.988686
0.988716
0.988747
0.988777
0.988808
0.988838
0.988869
0.988899
0.988945
0.988976
0.989006
0.989037
0.989067
0.989098
0.989128
0.989159
0.989189
0.989235
0.989265
0.989296
0.989326
0.989357
0.989388
0.989418
0.989449
0.989471
0.989471
0.989471
0.989471
0.989471
0.989471
0.989471
0.989471
0.989471
0.989471
0.989471
0.989471
0.989471
0.989471
0.989471
0.989471
0.989471
0.989471
0.989471
0.989471
0.989471
0.989471
0.989471
0.989487
0.989517
0.989548
0.989594
0.989609
0.989639
0.98967
0.989716
0.989746
0.989761
0.989807
0.989838
0.989868
0.989899
0.989929
0.98996
0.98999
0.990021
0.990051
0.990082
0.990112
0.990143
0.990173
0.990204
0.990234
0.990265
0.990295
0.990326
0.990356
0.990387
0.990417
0.990421
0.990421
0.990421
0.990421
0.990421
0.990421
0.990421
0.990421
0.990421
0.990421
0.990421
0.990421
0.990421
0.990421
0.990421
0.990421
0.990421
0.990421
0.990421
0.990421
0.990421
0.990421
0.990421
0.990444
0.990459
0.990505
0.990536
0.990566
0.990597
0.990627
0.990658
0.990688
0.990719
0.990749
0.99078
0.990826
0.990856
0.990887
0.990917
0.990948
0.990978
0.991009
0.991039
0.99107
0.9911
0.991146
0.991177
0.991207
0.991238
0.991268
0.991276
0.991276
0.991276
0.991276
0.991276
0.991276
0.991276
0.991276
0.991276
0.991276
0.991276
0.991276
0.991276
0.991276
0.991276
0.991276
0.991276
0.991276
0.991276
0.991276
0.991276
0.991276
0.991276
0.991276
0.991276
0.991276
0.99128
0.99131
0.991341
0.991371
0.991402
0.991432
0.991463
0.991493
0.991524
0.991554
0.991585
0.991615
0.991646
0.991676
0.991707
0.991737
0.991768
0.991798
0.991829
0.991859
0.99189
0.99192
0.991966
0.991997
0.992027
0.992043
0.992088
0.992111
0.992111
0.992111
0.992111
0.992111
0.992111
0.992111
0.992111
0.992111
0.992111
0.992111
0.992111
0.992111
0.992111
0.992111
0.992111
0.992111
0.992111
0.992111
0.992111
0.992111
0.992111
0.992111
0.992111
0.992111
0.992111
0.992111
0.992111
0.992111
0.992111
0.992111
0.992119
0.992149
0.99218
0.99221
0.992256
0.992271
0.992302
0.992348
0.992363
0.992409
0.992424
0.992455
0.992485
0.992531
0.992561
0.992577
0.992622
0.992653
0.992683
0.992714
0.992744
0.992775
0.992805
0.992836
0.992867
0.992867
0.992867
0.992867
0.992867
0.992867
0.992867
0.992867
0.992867
0.992867
0.992867
0.992867
0.992867
0.992867
0.992867
0.992867
0.992867
0.992867
0.992867
0.992867
0.992867
0.992867
0.992867
0.992867
0.992867
0.992867
0.992867
0.992867
0.992867
0.992867
0.992867
0.992867
0.992867
0.992893
0.992924
0.992954
0.992985
0.993015
0.993061
0.993092
0.993122
0.993153
0.993183
0.993214
0.993244
0.99329
0.99332
0.993351
0.993382
0.993412
0.993443
0.993473
0.993504
0.993534
0.993557
0.993557
0.993557
0.993557
0.993557
0.993557
0.993557
0.993557
0.993557
0.993557
0.993557
0.993557
0.993557
0.993557
0.993557
0.993557
0.993557
0.993557
0.993557
0.993557
0.993557
0.993557
0.993557
0.993557
0.993557
0.993557
0.993557
0.993557
0.993557
0.993557
0.993557
0.993557
0.993557
0.993557
0.993557
0.993561
0.993591
0.993622
0.993652
0.993683
0.993713
0.993744
0.993774
0.993805
0.993835
0.993866
0.993896
0.993927
0.993958
0.993988
0.994019
0.994049
0.994095
0.994125
0.994156
0.994171
0.994209
0.994209
0.994209
0.994209
0.994209
0.994209
0.994209
0.994209
0.994209
0.994209
0.994209
0.994209
0.994209
0.994209
0.994209
0.994209
0.994209
0.994209
0.994209
0.994209
0.994209
0.994209
0.994209
0.994209
0.994209
0.994209
0.994209
0.994209
0.994209
0.994209
0.994209
0.994209
0.994209
0.994209
0.994209
0.994209
0.994209
0.994209
0.994209
0.994209
0.994244
0.994259
0.994289
0.99432
0.994366
0.994396
0.994411
0.994457
0.994488
0.994518
0.994549
0.994579
0.99461
0.99464
0.994671
0.994701
0.994732
0.994762
0.994793
0.994823
0.994827
0.994827
0.994827
0.994827
0.994827
0.994827
0.994827
0.994827
0.994827
0.994827
0.994827
0.994827
