0
3.05177e-05
6.10353e-05
9.15526e-05
0.00012207
0.000167847
0.00025177
0.000534058
0.00120926
0.00251007
0.00468063
0.00796509
0.0125961
0.0187988
0.0267792
0.0367241
0.0487976
0.0631447
0.0891457
0.109547
0.132423
0.144783
0.18541
0.215328
0.247345
0.281277
0.316936
0.37323
0.392643
0.452442
0.493332
0.534771
0.57655
0.618416
0.660149
0.701542
0.742371
0.782429
0.840664
0.859493
0.896152
0.93137
0.981186
1.01222
1.0414
1.06865
1.09391
1.11714
1.1383
1.15735
1.17427
1.18903
1.20163
1.21208
1.22043
1.22672
1.23099
1.23334
1.23384
1.23257
1.22965
1.22517
1.21924
1.21196
1.20345
1.19384
1.1776
1.17176
1.15953
1.14666
1.13327
1.11946
1.10535
1.09107
1.06951
1.06234
1.04807
1.02705
1.02018
1.00011
0.987297
0.981075
0.963261
0.952164
0.941746
0.932045
0.9231
0.914936
0.90757
0.901028
0.895317
0.890438
0.886387
0.88184
0.879799
0.878532
0.877998
0.87817
0.879013
0.880493
0.882565
0.885189
0.888329
0.891918
0.895924
0.902603
0.904987
0.912518
0.915142
0.920532
0.928875
0.931705
0.940258
0.945969
0.948818
0.957272
0.962791
0.965508
0.973412
0.975956
0.983276
0.987869
0.992199
0.996258
1.00003
1.00351
1.00669
1.00956
1.01212
1.01436
1.01629
1.0179
1.0192
1.02019
1.02089
1.02129
1.02143
1.0213
1.02092
1.02031
1.01948
1.01845
1.01724
1.01587
1.01436
1.01273
1.01099
1.00824
1.00729
1.00536
1.00239
1.00138
0.99836
0.996346
0.995338
0.992359
0.991383
0.988506
0.987572
0.984859
0.98399
0.981495
0.979927
0.978447
0.977058
0.975761
0.97456
0.973454
0.972439
0.971523
0.970707
0.969994
0.969112
0.968655
0.9683
0.968048
0.967896
0.967842
0.967937
0.968018
0.968239
0.968731
0.968933
0.969646
0.970203
0.970501
0.971462
0.971798
0.972858
0.973591
0.974323
0.975056
0.975788
0.976505
0.977207
0.977879
0.978523
0.979137
0.979713
0.980251
0.980755
0.98122
0.98164
0.982021
0.982357
0.982651
0.983021
0.983128
0.983303
0.983505
0.983551
0.983646
0.983665
0.983665
0.983612
0.983543
0.983448
0.983326
0.983181
0.982925
0.982735
0.982521
0.9823
0.982056
0.981812
0.981552
0.981277
0.981003
0.980591
0.980316
0.980042
0.979767
0.979492
0.97908
0.978806
0.978561
0.978317
0.978073
0.977856
0.977642
0.977444
0.977261
0.977089
0.97686
0.976734
0.976673
0.976566
0.976475
0.976398
0.976311
0.976295
0.97625
0.97625
0.97625
0.976276
0.976292
0.976322
0.97641
0.97644
0.976543
0.976635
0.976727
0.976818
0.976982
0.977043
0.977165
0.977287
0.97747
0.977592
0.977715
0.977776
0.977959
0.978081
0.978203
0.978325
0.978447
0.978569
0.978691
0.978813
0.978935
0.979042
0.979134
0.979225
0.979317
0.979408
0.9795
0.979591
0.97966
0.979721
0.979782
0.979843
0.979904
0.979965
0.980026
0.980057
0.980087
0.980118
0.980148
0.980194
0.980225
0.980255
0.980286
0.980309
0.980309
0.980309
0.980309
0.980309
0.980309
0.980309
0.980309
0.980309
0.980309
0.980309
0.980309
0.980309
0.980309
0.980309
0.980309
0.980309
0.980309
0.980309
0.980309
0.980309
0.980309
0.980309
0.980309
0.980309
0.980309
0.980309
0.980316
0.980347
0.980377
0.980408
0.980438
0.980469
0.980499
0.98053
0.98056
0.980591
0.980621
0.980652
0.980682
0.980713
0.980743
0.980774
0.980804
0.980835
0.980865
0.980896
0.980927
0.980957
0.980988
0.981018
0.981049
0.981079
0.98111
0.98114
0.981171
0.981201
0.981232
0.981262
0.981293
0.981323
0.981354
0.981384
0.981415
0.981445
0.981491
0.981522
0.981552
0.981583
0.981613
0.981644
0.981674
0.981705
0.981735
0.981766
0.981812
0.981842
0.981873
0.981903
0.981949
0.981979
0.98201
0.98204
0.982071
0.982101
0.982132
0.982162
0.982193
0.982224
0.982254
0.982285
0.982315
0.982346
0.982376
0.982407
0.982437
0.982468
0.982498
0.982529
0.982574
0.982605
0.982635
0.982666
0.982697
0.982742
0.982773
0.982803
0.982834
0.982864
0.982895
0.982941
0.982956
0.982986
0.983032
0.983063
0.983093
0.983124
0.983154
0.983185
0.983215
0.983246
0.983276
0.983307
0.983337
0.983368
0.983398
0.983429
0.983459
0.98349
0.983521
0.983551
0.983582
0.983612
0.983658
0.983673
0.983719
0.983734
0.983765
0.98381
0.983841
0.983856
0.983902
0.983917
0.983963
0.983978
0.984024
0.984039
0.984085
0.984116
0.984131
0.984161
0.984207
0.984238
0.984268
0.984283
0.984329
0.98436
0.98439
0.984417
0.984417
0.984417
0.984417
0.984417
0.984417
0.984417
0.984417
0.984417
0.984417
0.984417
0.984417
0.984417
0.984417
0.984417
0.984417
0.984421
0.984451
0.984482
0.984512
0.984543
0.984573
0.984604
0.984634
0.984665
0.984695
0.984726
0.984756
0.984787
0.984818
0.984848
0.984879
0.984909
0.98494
0.98497
0.985001
0.985031
0.985062
0.985092
0.985123
0.985168
0.985199
0.985229
0.98526
0.985291
0.985321
0.985352
0.985382
0.985428
0.985458
0.985489
0.985519
0.98555
0.98558
0.985626
0.985641
0.985672
0.985718
0.985748
0.985764
0.985809
0.98584
0.98587
0.985901
0.985931
0.985977
0.986008
0.986038
0.986069
0.986099
0.98613
0.98616
0.986206
0.986221
0.986252
0.986267
0.986267
0.986267
0.986267
0.986267
0.986267
0.986267
0.986267
0.986267
0.986267
0.986267
0.986267
0.986267
0.986267
0.986267
0.986267
0.98629
0.98632
0.986351
0.986382
0.986412
0.986443
0.986473
0.986504
0.986534
0.986565
0.98661
0.986641
0.986671
0.986702
0.986732
0.986763
0.986794
0.986824
0.986855
0.986885
0.986916
0.986946
0.986977
0.987007
0.987038
0.987068
0.987099
0.987129
0.98716
0.98719
0.987221
0.987251
0.987282
0.987312
0.987343
0.987373
0.987404
0.987434
0.987465
0.987495
0.987526
0.987556
0.987587
0.987617
0.987648
0.987679
0.987709
0.987755
0.98777
0.987801
0.987831
0.987854
0.987854
0.987854
0.987854
0.987854
0.987854
0.987854
0.987854
0.987854
0.987854
0.987854
0.987854
0.987854
0.987854
0.987854
0.987854
0.987854
0.987854
0.987854
0.987854
0.987862
0.987892
0.987923
0.987953
0.987984
0.988014
0.988045
0.988075
0.988106
0.988136
0.988167
0.988197
0.988228
0.988274
0.988304
0.988335
0.988365
0.988396
0.988426
0.988457
0.988487
0.988518
0.988548
0.988579
0.988609
0.98864
0.98867
0.988701
0.988731
0.988762
0.988792
0.988823
0.988853
0.988884
0.988914
0.988945
0.988976
0.989006
0.989037
0.989067
0.989075
0.989075
0.989075
0.989075
0.989075
0.989075
0.989075
0.989075
0.989075
0.989075
0.989075
0.989075
0.989075
0.989075
0.989075
0.989075
0.989075
0.989075
0.989075
0.989075
0.989075
0.989079
0.989109
0.98914
0.98917
0.989201
0.989231
0.989262
0.989292
0.989323
0.989353
0.989384
0.989414
0.989445
0.989475
0.989521
0.989552
0.989567
0.989597
0.989643
0.989674
0.989704
0.989735
0.98975
0.989796
0.989826
0.989857
0.989887
0.989918
0.989948
0.989979
0.990009
0.99004
0.99007
0.990078
0.990078
0.990078
0.990078
0.990078
0.990078
0.990078
0.990078
0.990078
0.990078
0.990078
0.990078
0.990078
0.990078
0.990078
0.990078
0.990078
0.990078
0.990078
0.990078
0.990078
0.990078
0.990078
0.990078
0.990108
0.990154
0.990185
0.9902
0.990231
0.990261
0.990307
0.990337
0.990368
0.990383
0.990429
0.990459
0.99049
0.99052
0.990536
0.990582
0.990612
0.990643
0.990673
0.990704
0.990734
0.990765
0.990795
0.990826
0.990856
0.990887
0.990917
0.990948
0.990978
0.991009
0.991032
0.991032
0.991032
0.991032
0.991032
0.991032
0.991032
0.991032
0.991032
0.991032
0.991032
0.991032
0.991032
0.991032
0.991032
0.991032
0.991032
0.991032
0.991032
0.991032
0.991032
0.991032
0.991032
0.991032
0.991032
0.991032
0.991051
0.991081
0.991112
0.991142
0.991173
0.991203
0.991234
0.991264
0.991295
0.991325
0.991356
0.991386
0.991417
0.991447
0.991478
0.991508
0.991539
0.99157
0.9916
0.991631
0.991661
0.991692
0.991722
0.991753
0.991783
0.991814
0.991844
0.991875
0.99189
0.99189
0.99189
0.99189
0.99189
0.99189
0.99189
0.99189
0.99189
0.99189
0.99189
0.99189
0.99189
0.99189
0.99189
0.99189
0.99189
0.99189
0.99189
0.99189
0.99189
0.99189
0.99189
0.99189
0.99189
0.99189
0.99189
0.99189
0.991898
0.991928
0.991959
0.991989
0.992035
0.992065
0.992096
0.992126
0.992157
0.992188
0.992218
0.992249
0.992279
0.99231
0.99234
0.992386
0.992416
0.992447
0.992477
0.992508
0.992538
0.992569
0.992615
0.992638
0.992638
0.992638
0.992638
0.992638
0.992638
0.992638
0.992638
0.992638
0.992638
0.992638
0.992638
0.992638
0.992638
0.992638
0.992638
0.992638
0.992638
0.992638
0.992638
0.992638
0.992638
0.992638
0.992638
0.992638
0.992638
0.992638
0.992638
0.992638
0.992638
0.992638
0.992657
0.992687
0.992718
0.992748
0.992779
0.992809
0.99284
0.99287
0.992901
0.992931
0.992962
0.992992
0.993023
0.993053
0.993084
0.993114
0.993145
0.993176
0.993206
0.993237
0.993267
0.993298
0.993328
0.993355
0.993355
0.993355
0.993355
0.993355
0.993355
0.993355
0.993355
0.993355
0.993355
0.993355
0.993355
0.993355
0.993355
0.993355
0.993355
0.993355
0.993355
0.993355
0.993355
0.993355
0.993355
0.993355
0.993355
0.993355
0.993355
0.993355
0.993355
0.993355
0.993355
0.993355
0.993355
0.993355
0.993355
0.993382
0.993412
0.993443
0.993488
0.993504
0.993549
0.99358
0.99361
0.993641
0.993671
0.993702
0.993732
0.993763
0.993793
0.993824
0.993855
0.993885
0.993916
0.993946
0.993977
0.993996
0.993996
0.993996
0.993996
0.993996
0.993996
0.993996
0.993996
0.993996
0.993996
0.993996
0.993996
0.993996
0.993996
0.993996
0.993996
0.993996
