0
0
2.28881e-05
4.57761e-05
6.10349e-05
9.72745e-05
0.00015068
0.000694275
0.00163841
0.00332069
0.00597763
0.0098381
0.01511
0.0219784
0.0305977
0.0410995
0.0535679
0.068058
0.0845909
0.103153
0.123693
0.146139
0.170385
0.196308
0.223763
0.252596
0.282639
0.313717
0.345661
0.394815
0.411444
0.444935
0.495453
0.529087
0.562502
0.595535
0.628044
0.644064
0.690996
0.721174
0.750319
0.764471
0.805117
0.830652
0.854885
0.877766
0.899265
0.919382
0.938105
0.955423
0.971331
0.985836
0.998953
1.01071
1.02113
1.03027
1.04165
1.04486
1.05042
1.05676
1.05837
1.06088
1.06298
1.06338
1.06304
1.06205
1.06045
1.05831
1.05571
1.0527
1.04933
1.04568
1.04179
1.03771
1.03351
1.02922
1.02489
1.02054
1.0162
1.0119
1.00767
1.00353
0.999512
0.995617
0.991869
0.988285
0.98325
0.981667
0.978647
0.974508
0.973234
0.970846
0.968674
0.966722
0.964987
0.963465
0.962154
0.961048
0.959753
0.959415
0.958872
0.958376
0.958241
0.958252
0.958397
0.958664
0.959049
0.959538
0.960119
0.960783
0.961515
0.962303
0.963133
0.963995
0.964874
0.965759
0.966644
0.967943
0.968782
0.969591
0.970367
0.971102
0.971794
0.972441
0.97304
0.973587
0.974085
0.974531
0.974926
0.975271
0.975698
0.975817
0.97611
0.976187
0.976311
0.976395
0.976442
0.97645
0.976437
0.976353
0.976263
0.976149
0.976011
0.975855
0.975679
0.975489
0.975285
0.975069
0.97484
0.974483
0.974361
0.974117
0.973751
0.973629
0.973385
0.973141
0.972775
0.97253
0.972298
0.972183
0.971848
0.971634
0.971432
0.971237
0.971054
0.970882
0.97072
0.97057
0.970432
0.970308
0.970198
0.970098
0.970011
0.969934
0.969872
0.96982
0.969776
0.969746
0.969725
0.969709
0.969709
0.969709
0.969728
0.969763
0.969778
0.969809
0.969851
0.969896
0.969967
0.969997
0.970089
0.970119
0.970211
0.970276
0.970352
0.970428
0.970505
0.970581
0.970657
0.970695
0.970772
0.970886
0.970963
0.971039
0.971115
0.971191
0.971268
0.97134
0.971401
0.971462
0.971523
0.971584
0.971645
0.971706
0.971767
0.971828
0.971889
0.971943
0.971989
0.972034
0.97208
0.972126
0.972172
0.972218
0.972263
0.972309
0.972355
0.972401
0.972446
0.972492
0.972561
0.972584
0.972639
0.972654
0.9727
0.972715
0.972761
0.972792
0.972807
0.972853
0.972868
0.972914
0.972944
0.972975
0.973005
0.973021
0.973066
0.973097
0.973127
0.973158
0.973188
0.973219
0.973249
0.973295
0.97331
0.973341
0.9734
0.973423
0.973469
0.973537
0.97356
0.973606
0.973675
0.973721
0.973766
0.973812
0.973858
0.973904
0.973949
0.973995
0.974041
0.974087
0.974133
0.974178
0.974224
0.97427
0.974316
0.974361
0.974407
0.974453
0.974499
0.974545
0.97459
0.97463
0.974661
0.974707
0.974722
0.974768
0.974798
0.974813
0.974844
0.974874
0.97492
0.974951
0.974966
0.974997
0.975027
0.975073
0.975103
0.975134
0.975149
0.97518
0.975225
0.975256
0.975286
0.975317
0.975348
0.975378
0.975412
0.975458
0.975504
0.97555
0.975595
0.975641
0.975687
0.975733
0.975779
0.975824
0.97587
0.975916
0.975962
0.976007
0.976053
0.976099
0.976145
0.976213
0.976259
0.976305
0.976351
0.976383
0.976414
0.97646
0.97649
0.976521
0.976551
0.976582
0.976612
0.976643
0.976673
0.976704
0.976734
0.976765
0.976795
0.976826
0.976856
0.976887
0.976917
0.976948
0.976978
0.977009
0.977039
0.97707
0.9771
0.977131
0.977161
0.977192
0.977222
0.977253
0.977283
0.977314
0.977345
0.97739
0.977406
0.977436
0.977486
0.977509
0.977554
0.9776
0.977646
0.977692
0.97776
0.977783
0.977829
0.977898
0.977943
0.977989
0.978035
0.978081
0.978127
0.978172
0.978241
0.978262
0.978292
0.978338
0.978369
0.978399
0.97843
0.97846
0.978491
0.978521
0.978552
0.978582
0.978613
0.978643
0.978674
0.97872
0.978735
0.978781
0.978796
0.978842
0.978872
0.978903
0.978933
0.978964
0.978994
0.979025
0.979055
0.979086
0.979116
0.979147
0.979177
0.979208
0.979239
0.979284
0.979315
0.979345
0.979376
0.979406
0.979437
0.979467
0.979498
0.979528
0.979559
0.979589
0.97962
0.97965
0.979681
0.979712
0.979742
0.979773
0.979803
0.979834
0.979864
0.979895
0.979925
0.979956
0.979986
0.980017
0.980062
0.980078
0.980124
0.980139
0.980185
0.9802
0.980246
0.980276
0.980307
0.980337
0.980368
0.980398
0.980429
0.980459
0.980505
0.980536
0.980566
0.980597
0.980627
0.980658
0.980688
0.980719
0.980749
0.98078
0.98081
0.980841
0.980871
0.980902
0.980932
0.980963
0.980993
0.981024
0.981054
0.981085
0.981115
0.981146
0.981176
0.981207
0.981237
0.981283
0.981298
0.981329
0.981359
0.981405
0.981436
0.981466
0.981482
0.981512
0.981558
0.981588
0.981619
0.981649
0.98168
0.98171
0.981741
0.981771
0.981802
0.981833
0.981863
0.981894
0.981924
0.981955
0.982
0.982016
0.982046
0.982092
0.982122
0.982153
0.982168
0.982214
0.982244
0.982275
0.98229
0.982336
0.982351
0.982397
0.982428
0.982458
0.982489
0.982519
0.98255
0.98258
0.982626
0.982656
0.982687
0.982718
0.982748
0.982779
0.982809
0.98284
0.98287
0.982901
0.982931
0.982962
0.982992
0.983023
0.983053
0.983099
0.98313
0.98316
0.983191
0.983221
0.983252
0.983282
0.983313
0.983343
0.983374
0.983404
0.983435
0.983465
0.983496
0.983526
0.983557
0.983587
0.983618
0.983648
0.983679
0.983709
0.98374
0.98377
0.983801
0.983831
0.983862
0.983892
0.983923
0.983969
0.983984
0.98403
0.984045
0.984076
0.984106
0.984137
0.984182
0.984213
0.984228
0.984274
0.984289
0.98432
0.984365
0.984381
0.984426
0.984457
0.984472
0.984518
0.984549
0.984579
0.98461
0.98464
0.984671
0.984701
0.984732
0.984762
0.984793
0.984823
0.984854
0.984884
0.984915
0.984945
0.984976
0.985006
0.985037
0.985064
0.985079
0.985094
0.985117
0.985125
0.98514
0.985155
0.985178
0.985186
0.985201
0.985216
0.985239
0.985247
0.985262
0.985285
0.985292
0.985315
0.985323
0.985338
0.985361
0.985369
0.985407
0.985437
0.985453
0.985498
0.985529
0.985559
0.98559
0.98562
0.985651
0.985682
0.985712
0.985743
0.985773
0.985804
0.985834
0.985865
0.985895
0.985926
0.985956
0.986002
0.986032
0.986063
0.986094
0.986124
0.986155
0.986185
0.986231
0.986259
0.986275
0.98629
0.986305
0.98632
0.986336
0.986351
0.986366
0.986382
0.986397
0.98642
0.986435
0.98645
0.986465
0.986481
0.986504
0.986511
0.986526
0.986542
0.986557
0.98658
0.986595
0.986603
0.986618
0.986641
0.986656
0.986687
0.986717
0.986748
0.986778
0.986809
0.986839
0.98687
0.9869
0.986946
0.986977
0.987007
0.987038
0.987068
0.987099
0.987129
0.98716
0.98719
0.987221
0.987251
0.987282
0.987312
0.987343
0.987373
0.987404
0.987434
0.987446
0.987461
0.987484
0.987499
0.987514
0.98753
0.987545
0.98756
0.987576
0.987591
0.987606
0.987629
0.987637
0.987659
0.987667
0.987682
0.987705
0.987713
0.987728
0.987751
0.987766
0.987774
0.987789
0.987812
0.987827
0.987843
0.987858
0.987873
0.987894
0.987925
0.987955
0.987986
0.988016
0.988047
0.988077
0.988108
0.988138
0.988169
0.988199
0.98823
0.98826
0.988291
0.988321
0.988352
0.988382
0.988413
0.988441
0.988457
0.988472
0.988487
0.988503
0.988518
0.988533
0.988548
0.988564
0.988579
0.988594
0.988609
0.988625
0.98864
0.988663
0.988678
0.988693
0.988708
0.988724
0.988739
0.988754
0.98877
0.988785
0.988808
0.988823
0.988838
0.988853
0.988869
0.988884
0.988899
0.988922
0.988937
0.988953
0.98896
0.988983
0.988998
0.989021
0.989029
0.989052
0.989071
0.989101
0.989132
0.989162
0.989193
0.989223
0.989254
0.989285
0.989315
0.989346
0.989376
0.989407
0.989437
0.989468
0.989496
0.989511
0.989527
0.989542
0.989557
0.989573
0.989588
0.989603
0.989618
0.989634
0.989649
0.989664
0.989679
0.989695
0.98971
0.989725
0.98974
0.989756
0.989771
0.989794
0.989809
0.989824
0.98984
0.989855
0.98987
0.989885
0.989901
0.989916
0.989931
0.989946
0.989962
0.989977
0.989992
0.990007
0.990023
0.990038
0.990061
0.990076
0.990091
0.990107
0.990122
0.990137
0.990152
0.990168
0.990183
0.990198
0.990213
0.990229
0.990244
0.990259
0.990274
0.99029
0.990305
0.99032
0.990335
0.990351
0.990366
0.990381
0.990396
0.990412
0.990427
0.990442
0.990458
0.990473
0.990488
0.990503
0.990534
0.99058
0.99061
0.990641
0.990671
0.990702
0.990732
0.990763
0.990793
0.990824
0.990854
0.990889
0.990896
0.990911
0.990927
0.990942
0.990965
0.990973
0.990988
0.991011
0.991018
0.991041
0.991056
0.991072
0.991087
0.991102
0.991117
0.991133
0.991148
0.991163
0.991179
0.991194
0.991209
0.991224
0.99124
0.991255
0.99127
0.991285
0.991301
0.991316
0.991331
0.991346
0.991362
0.991377
0.9914
0.991415
0.99143
0.991446
0.991461
0.991476
0.991491
0.991507
0.991522
0.991537
0.991552
0.991568
0.991583
0.991598
0.991613
0.991629
0.991644
0.991659
0.991674
0.99169
0.991705
0.99172
0.991735
0.991751
0.991766
0.991781
0.991796
0.991812
0.991827
0.991842
0.991858
0.99188
0.991888
0.991903
0.991919
0.991941
0.991957
0.991972
0.991987
0.992002
0.992018
0.992033
0.992048
0.992064
0.992079
0.992094
0.992109
0.992125
0.992147
0.992163
0.99217
0.992193
0.992208
0.992224
0.992239
0.992254
0.99227
0.992285
0.9923
0.992315
0.992331
0.992346
0.992361
0.992376
0.992392
0.992407
0.992422
0.992437
0.992453
0.992468
0.992483
0.992498
0.992514
0.992529
0.992544
0.992559
0.992575
0.99259
0.992605
0.99262
0.992643
0.992651
0.992666
0.992682
0.992697
0.99272
0.992735
0.992743
0.992758
0.992781
0.992796
0.992811
0.992826
