0
3.05177e-05
6.10349e-05
0.000106811
0.00012207
0.000183105
0.000347137
0.000801086
0.00175858
0.00346374
0.00616074
0.0100937
0.0154915
0.0225563
0.031498
0.0424881
0.0556831
0.071209
0.0891533
0.109581
0.132492
0.157852
0.185616
0.231487
0.264679
0.299744
0.317921
0.374702
0.41415
0.454575
0.495716
0.537323
0.579174
0.621059
0.662769
0.704086
0.744804
0.784733
0.823692
0.861507
0.89801
0.933048
0.966488
0.998196
1.04227
1.05598
1.09404
1.11678
1.13733
1.15569
1.17184
1.18579
1.19752
1.20706
1.21444
1.21974
1.22304
1.22441
1.22396
1.2218
1.21804
1.21278
1.20614
1.19823
1.18917
1.1791
1.16232
1.15018
1.14388
1.12421
1.11058
1.09668
1.08262
1.06852
1.05447
1.04058
1.02693
1.01361
1.00071
0.988285
0.97641
0.95974
0.954514
0.94458
0.935379
0.926918
0.915676
0.912327
0.903484
0.900936
0.894478
0.891148
0.88858
0.886765
0.885662
0.88525
0.885502
0.886387
0.887875
0.889931
0.894001
0.897308
0.901035
0.905144
0.909588
0.914322
0.919292
0.92445
0.929749
0.935146
0.940598
0.94606
0.951481
0.956837
0.962086
0.969711
0.972172
0.979271
0.983742
0.987968
0.991951
0.995674
0.999119
1.00227
1.00511
1.00765
1.00987
1.01178
1.01338
1.01468
1.01607
1.01664
1.01693
1.01696
1.01654
1.01598
1.0152
1.01422
1.01307
1.01176
1.01031
1.00792
1.00621
1.00441
1.00256
1.00067
0.998741
0.996788
0.994835
0.992882
0.990948
0.989037
0.98716
0.985325
0.983543
0.981827
0.980179
0.978607
0.977123
0.975731
0.974442
0.973259
0.972179
0.970776
0.970364
0.969627
0.968735
0.968494
0.967941
0.967812
0.967636
0.967564
0.967636
0.967804
0.968063
0.968403
0.968811
0.969292
0.969833
0.970428
0.971069
0.972099
0.972813
0.973545
0.974277
0.974644
0.975376
0.976105
0.977154
0.977821
0.978458
0.979061
0.979626
0.980156
0.980644
0.981087
0.981491
0.981846
0.982162
0.98243
0.982658
0.982841
0.982983
0.983086
0.98317
0.983181
0.983173
0.983101
0.983059
0.982956
0.982826
0.982582
0.982395
0.982288
0.982071
0.981827
0.981438
0.981163
0.980888
0.980583
0.980278
0.979973
0.979668
0.97921
0.978905
0.9786
0.978294
0.977997
0.977722
0.977448
0.977177
0.976933
0.976688
0.976471
0.976257
0.97607
0.975891
0.975739
0.975594
0.975471
0.975365
0.975235
0.975204
0.975143
0.975109
0.975079
0.975079
0.975094
0.975124
0.975163
0.975224
0.975285
0.975361
0.975452
0.975544
0.975639
0.975822
0.975945
0.976067
0.976189
0.976311
0.976444
0.976597
0.976749
0.976902
0.977131
0.977264
0.977386
0.977509
0.977631
0.977753
0.977875
0.977997
0.978119
0.978214
0.978306
0.978397
0.978489
0.97858
0.978657
0.978748
0.978809
0.97887
0.978931
0.978989
0.979019
0.979065
0.979095
0.979126
0.979156
0.979187
0.979206
0.979206
0.979206
0.979206
0.979206
0.979206
0.979206
0.979206
0.979206
0.979206
0.979206
0.979206
0.979206
0.979206
0.979206
0.979206
0.979206
0.979206
0.979206
0.979206
0.979206
0.979206
0.979206
0.979206
0.979206
0.979206
0.979206
0.979206
0.979206
0.979206
0.97921
0.97924
0.979286
0.979317
0.979347
0.979378
0.979408
0.979439
0.979469
0.9795
0.979546
0.979576
0.979607
0.979637
0.979668
0.979698
0.979729
0.979759
0.97979
0.97982
0.979851
0.979881
0.979912
0.979942
0.979973
0.980003
0.980034
0.980064
0.980095
0.980125
0.980156
0.980186
0.980217
0.980247
0.980278
0.980309
0.980339
0.98037
0.9804
0.980431
0.980461
0.980492
0.980522
0.980568
0.980598
0.980614
0.980659
0.980675
0.980721
0.980751
0.980782
0.980812
0.980843
0.980873
0.980904
0.980934
0.980965
0.98101
0.981026
0.981071
0.981102
0.981133
0.981163
0.981194
0.981224
0.981255
0.9813
0.981316
0.981346
0.981377
0.981422
0.981438
0.981468
0.981514
0.981544
0.981575
0.981606
0.981636
0.981667
0.981697
0.981728
0.981758
0.981789
0.981819
0.98185
0.98188
0.981911
0.981956
0.981972
0.982002
0.982033
0.982063
0.982109
0.98214
0.98217
0.982201
0.982216
0.982262
0.982292
0.982323
0.982353
0.982384
0.982414
0.982445
0.982475
0.982506
0.982536
0.982567
0.982597
0.982628
0.982658
0.982689
0.982719
0.98275
0.98278
0.982811
0.982841
0.982872
0.982903
0.982933
0.982964
0.982994
0.983025
0.983055
0.983086
0.983116
0.983147
0.983177
0.983208
0.983253
0.983269
0.983315
0.983345
0.983376
0.983406
0.983437
0.983467
0.983498
0.983528
0.983559
0.983589
0.98362
0.98365
0.983681
0.983711
0.983742
0.983772
0.983803
0.983833
0.983849
0.983849
0.983849
0.983849
0.983849
0.983849
0.983849
0.983849
0.983849
0.983849
0.983849
0.983849
0.983849
0.983849
0.983849
0.983849
0.983864
0.983894
0.983925
0.983955
0.983986
0.984016
0.984047
0.984077
0.984108
0.984138
0.984169
0.9842
0.98423
0.984261
0.984291
0.984322
0.984352
0.984383
0.984413
0.984444
0.984474
0.984505
0.984535
0.984566
0.984596
0.984627
0.984657
0.984688
0.984734
0.984764
0.984795
0.98481
0.984856
0.984871
0.984901
0.984932
0.984978
0.985008
0.985039
0.985069
0.9851
0.98513
0.985161
0.985191
0.985222
0.985252
0.985283
0.985313
0.985344
0.985374
0.985405
0.985435
0.985466
0.985497
0.985542
0.985558
0.985603
0.985619
0.985664
0.985683
0.985683
0.985683
0.985683
0.985683
0.985683
0.985683
0.985683
0.985683
0.985683
0.985683
0.985683
0.985683
0.985683
0.985683
0.985683
0.985683
0.985687
0.985718
0.985748
0.985779
0.985809
0.985855
0.985886
0.985916
0.985947
0.985977
0.986008
0.986038
0.986069
0.986099
0.98613
0.98616
0.986191
0.986221
0.986252
0.986282
0.986313
0.986343
0.986374
0.986404
0.986435
0.986465
0.986496
0.986526
0.986557
0.986588
0.986618
0.986649
0.986679
0.98671
0.98674
0.986771
0.986816
0.986832
0.986862
0.986893
0.986923
0.986969
0.986984
0.98703
0.987045
0.987091
0.987122
0.987152
0.987183
0.987213
0.987213
0.987213
0.987213
0.987213
0.987213
0.987213
0.987213
0.987213
0.987213
0.987213
0.987213
0.987213
0.987213
0.987213
0.987213
0.987213
0.987213
0.987213
0.987236
0.987267
0.987297
0.987328
0.987358
0.987389
0.987419
0.987465
0.98748
0.987526
0.987541
0.987587
0.987602
0.987633
0.987679
0.987694
0.98774
0.98777
0.987801
0.987831
0.987862
0.987892
0.987923
0.987953
0.987984
0.988014
0.988045
0.988075
0.988106
0.988136
0.988167
0.988213
0.988243
0.988274
0.988304
0.988335
0.988365
0.988396
0.988426
0.988457
0.988464
0.988464
0.988464
0.988464
0.988464
0.988464
0.988464
0.988464
0.988464
0.988464
0.988464
0.988464
0.988464
0.988464
0.988464
0.988464
0.988464
0.988464
0.988464
0.988464
0.988464
0.988495
0.988525
0.988556
0.988586
0.988617
0.988647
0.988678
0.988708
0.988739
0.98877
0.9888
0.988846
0.988861
0.988907
0.988937
0.988968
0.988998
0.989029
0.989059
0.98909
0.989136
0.989151
0.989182
0.989227
0.989258
0.989288
0.989319
0.989349
0.98938
0.98941
0.989441
0.989471
0.989502
0.989532
0.98954
0.98954
0.98954
0.98954
0.98954
0.98954
0.98954
0.98954
0.98954
0.98954
0.98954
0.98954
0.98954
0.98954
0.98954
0.98954
0.98954
0.98954
0.98954
0.98954
0.98954
0.98954
0.98954
0.989563
0.989594
0.989624
0.98967
0.989685
0.989731
0.989761
0.989792
0.989822
0.989853
0.989883
0.989914
0.989944
0.989975
0.990021
0.990036
0.990067
0.990097
0.990128
0.990173
0.990204
0.990234
0.990265
0.990295
0.990326
0.990356
0.990387
0.990417
0.990448
0.990479
0.990509
0.990513
0.990513
0.990513
0.990513
0.990513
0.990513
0.990513
0.990513
0.990513
0.990513
0.990513
0.990513
0.990513
0.990513
0.990513
0.990513
0.990513
0.990513
0.990513
0.990513
0.990513
0.990513
0.990513
0.990517
0.990547
0.990578
0.990608
0.990639
0.990685
0.9907
0.99073
0.990776
0.990807
0.990822
0.990852
0.990883
0.990929
0.990959
0.99099
0.99102
0.991035
0.991081
0.991112
0.991142
0.991173
0.991203
0.991234
0.991264
0.991295
0.991325
0.991356
0.991379
0.991379
0.991379
0.991379
0.991379
0.991379
0.991379
0.991379
0.991379
0.991379
0.991379
0.991379
0.991379
0.991379
0.991379
0.991379
0.991379
0.991379
0.991379
0.991379
0.991379
0.991379
0.991379
0.991379
0.991379
0.991379
0.991379
0.991379
0.991409
0.99144
0.99147
0.991501
0.991531
0.991562
0.991592
0.991623
0.991653
0.991684
0.991714
0.991745
0.991776
0.991806
0.991837
0.991867
0.991898
0.991928
0.991959
0.991989
0.99202
0.99205
0.992081
0.992111
0.992142
0.992172
0.992191
0.992191
0.992191
0.992191
0.992191
0.992191
0.992191
0.992191
0.992191
0.992191
0.992191
0.992191
0.992191
0.992191
0.992191
0.992191
0.992191
0.992191
0.992191
0.992191
0.992191
0.992191
0.992191
0.992191
0.992191
0.992191
0.992191
0.992191
0.992191
0.992191
0.992195
0.992226
0.992256
0.992287
0.992317
0.992348
0.992378
0.992409
0.992439
0.99247
0.9925
0.992531
0.992561
0.992592
0.992622
0.992653
0.992683
0.992714
0.992744
0.992775
0.992805
0.992836
0.992867
0.992897
0.992901
0.992901
0.992901
0.992901
0.992901
0.992901
0.992901
0.992901
0.992901
0.992901
0.992901
0.992901
0.992901
0.992901
0.992901
0.992901
0.992901
0.992901
0.992901
0.992901
0.992901
0.992901
0.992901
0.992901
0.992901
0.992901
0.992901
0.992901
0.992901
0.992901
0.992901
0.992916
0.992947
0.992977
0.993008
0.993038
0.993084
0.993099
0.99313
0.99316
0.993206
0.993237
0.993252
0.993298
0.993328
0.993359
0.993389
0.99342
0.99345
0.993481
0.993511
0.993542
0.993561
0.993561
0.993561
0.993561
0.993561
0.993561
0.993561
0.993561
0.993561
0.993561
