0
1.52588e-05
3.05173e-05
4.57761e-05
6.10349e-05
7.62938e-05
0.000112533
0.000267029
0.000709533
0.00165367
0.00452805
0.00775909
0.0123024
0.0183525
0.026083
0.0356312
0.0471096
0.060585
0.0760937
0.103151
0.12365
0.146021
0.170155
0.195921
0.223167
0.251732
0.281437
0.312103
0.343552
0.391815
0.408112
0.440895
0.473806
0.506691
0.555655
0.587843
0.619503
0.650517
0.680788
0.710222
0.738708
0.766134
0.792406
0.817436
0.841162
0.863533
0.88452
0.904102
0.922272
0.939028
0.961546
0.968363
0.980989
0.997469
1.00233
1.01113
1.01874
1.02521
1.03292
1.03498
1.03976
1.04187
1.04318
1.04378
1.04371
1.04305
1.04184
1.04016
1.03806
1.03559
1.03282
1.02978
1.02654
1.02313
1.0196
1.01598
1.01232
1.00864
1.00497
1.00133
0.995983
0.994244
0.990847
0.985977
0.984425
0.98
0.977261
0.974705
0.972334
0.970158
0.96818
0.966402
0.964825
0.963449
0.962271
0.961287
0.960491
0.959875
0.959431
0.95915
0.959023
0.959038
0.959183
0.95945
0.959829
0.960308
0.960873
0.961515
0.962223
0.96298
0.964186
0.964598
0.965437
0.966276
0.967115
0.968346
0.968744
0.969894
0.970619
0.971304
0.97163
0.972548
0.973103
0.973612
0.974073
0.974487
0.974855
0.975178
0.97546
0.975702
0.975903
0.976067
0.976244
0.97632
0.976366
0.976381
0.976349
0.976324
0.976255
0.976162
0.976048
0.975838
0.975676
0.975588
0.975304
0.9751
0.974886
0.974661
0.974432
0.974201
0.973957
0.973713
0.973469
0.973225
0.972994
0.972765
0.972536
0.972317
0.972103
0.971895
0.971697
0.971415
0.971237
0.971069
0.970913
0.970764
0.970627
0.970503
0.970388
0.970284
0.970192
0.970112
0.970041
0.96998
0.969933
0.969893
0.969862
0.969845
0.969831
0.969831
0.969833
0.969856
0.969864
0.969894
0.96994
0.969982
0.970028
0.970074
0.970123
0.970184
0.970245
0.970306
0.970367
0.970428
0.97049
0.970591
0.970667
0.970743
0.970819
0.970896
0.970972
0.971048
0.971125
0.971201
0.971272
0.971333
0.971394
0.971455
0.971516
0.971577
0.971638
0.971699
0.97179
0.971821
0.971912
0.971964
0.971987
0.972033
0.972078
0.972124
0.972193
0.972216
0.972261
0.972307
0.972376
0.972422
0.972467
0.972513
0.972559
0.972605
0.972651
0.972696
0.972742
0.972778
0.972809
0.972839
0.972855
0.9729
0.972931
0.972961
0.972992
0.973022
0.973053
0.973083
0.973114
0.973145
0.973175
0.973206
0.973236
0.973267
0.973297
0.973328
0.973358
0.973389
0.973419
0.973461
0.973507
0.973553
0.973598
0.973644
0.97369
0.973736
0.973782
0.97385
0.973896
0.973942
0.973988
0.974033
0.974079
0.974125
0.974171
0.974216
0.974262
0.974308
0.974354
0.9744
0.974445
0.974491
0.974514
0.974583
0.974606
0.974674
0.974718
0.974749
0.974779
0.97481
0.97484
0.974871
0.974901
0.974932
0.974962
0.974993
0.975023
0.975054
0.975084
0.975115
0.975145
0.975176
0.975206
0.975252
0.975283
0.975313
0.975344
0.975374
0.975405
0.975435
0.975466
0.97551
0.975555
0.975624
0.97567
0.975716
0.975761
0.975807
0.975853
0.975899
0.975945
0.97599
0.976036
0.976082
0.976128
0.976173
0.976219
0.976265
0.976334
0.976357
0.976404
0.976419
0.97645
0.976496
0.976526
0.976557
0.976572
0.976618
0.976648
0.976679
0.976709
0.976725
0.97677
0.976801
0.976831
0.976862
0.976892
0.976923
0.976954
0.976984
0.977015
0.977045
0.977076
0.977121
0.977152
0.977182
0.977213
0.977243
0.977274
0.97732
0.977335
0.977381
0.977411
0.977442
0.977472
0.977503
0.977533
0.977573
0.977619
0.977665
0.977711
0.977757
0.977825
0.977871
0.977917
0.977962
0.978008
0.978054
0.9781
0.978146
0.978191
0.978237
0.978283
0.978327
0.978357
0.978388
0.978434
0.978464
0.978495
0.978525
0.978556
0.978586
0.978617
0.978647
0.978678
0.978708
0.978739
0.978769
0.9788
0.97883
0.978861
0.978891
0.978922
0.978952
0.978983
0.979013
0.979059
0.97909
0.97912
0.979151
0.979181
0.979212
0.979242
0.979273
0.979303
0.979334
0.979364
0.979395
0.979425
0.979456
0.979486
0.979517
0.979548
0.979578
0.979609
0.979639
0.979685
0.9797
0.979731
0.979761
0.979792
0.979837
0.979853
0.979883
0.979914
0.979959
0.979975
0.980021
0.980051
0.980066
0.980112
0.980143
0.980173
0.980204
0.980234
0.980265
0.980295
0.980326
0.980356
0.980387
0.980417
0.980448
0.980478
0.980509
0.980539
0.98057
0.9806
0.980646
0.980661
0.980692
0.980722
0.980753
0.980783
0.980814
0.98086
0.980875
0.980906
0.980936
0.980982
0.981012
0.981043
0.981073
0.981104
0.981134
0.981165
0.981195
0.981226
0.981256
0.981287
0.981318
0.981348
0.981379
0.981409
0.98144
0.981485
0.981501
0.981531
0.981562
0.981592
0.981638
0.981653
0.981699
0.981714
0.98176
0.981791
0.981821
0.981852
0.981882
0.981913
0.981943
0.981974
0.982004
0.982035
0.982065
0.982096
0.982126
0.982157
0.982187
0.982218
0.982248
0.982279
0.982309
0.98234
0.98237
0.982401
0.982431
0.982462
0.982492
0.982523
0.982553
0.982584
0.982615
0.982645
0.982676
0.982721
0.982752
0.982782
0.982813
0.982843
0.982874
0.982904
0.982935
0.982965
0.982996
0.983027
0.983057
0.983088
0.983118
0.983149
0.983179
0.98321
0.983255
0.983286
0.983316
0.983347
0.983362
0.983408
0.983438
0.983469
0.983484
0.98353
0.983561
0.983591
0.983622
0.983637
0.983683
0.983713
0.983744
0.983774
0.983805
0.983835
0.983866
0.983896
0.983927
0.983957
0.983988
0.984018
0.984049
0.984079
0.98411
0.98414
0.984171
0.984201
0.984232
0.984262
0.984293
0.984324
0.984369
0.9844
0.98443
0.984461
0.984491
0.984522
0.984552
0.984583
0.984613
0.984644
0.984674
0.984705
0.984735
0.984766
0.984797
0.984827
0.984858
0.984888
0.984919
0.984949
0.98498
0.98501
0.985039
0.985054
0.985069
0.985085
0.9851
0.985115
0.98513
0.985146
0.985168
0.985176
0.985199
0.985214
0.985222
0.985245
0.98526
0.985275
0.985291
0.985306
0.985321
0.985336
0.985357
0.985388
0.985418
0.985449
0.985479
0.98551
0.98554
0.985571
0.985601
0.985632
0.985662
0.985693
0.985723
0.985754
0.9858
0.98583
0.985861
0.985891
0.985922
0.985968
0.985998
0.986029
0.986059
0.98609
0.98612
0.986151
0.986197
0.986217
0.986233
0.986248
0.986263
0.986286
0.986301
0.986317
0.986332
0.986347
0.986362
0.986378
0.986393
0.986408
0.986423
0.986446
0.986454
0.986477
0.986492
0.986507
0.986523
0.986546
0.986561
0.986584
0.986614
0.986645
0.986675
0.986706
0.986736
0.986767
0.986813
0.986843
0.986874
0.986904
0.986935
0.986965
0.986996
0.987026
0.987057
0.987103
0.987133
0.987164
0.987194
0.987225
0.987255
0.987286
0.987316
0.987331
0.987347
0.987362
0.987377
0.987392
0.987408
0.987423
0.987438
0.987453
0.987469
0.987484
0.987499
0.987514
0.98753
0.987545
0.98756
0.987576
0.987591
0.987606
0.987621
0.987637
0.987659
0.987675
0.98769
0.987705
0.98772
0.987741
0.987772
0.987803
0.987833
0.987864
0.987894
0.987925
0.987955
0.987986
0.988016
0.988062
0.988092
0.988123
0.988153
0.988184
0.988214
0.988245
0.988276
0.988306
0.988321
0.988337
0.988352
0.988367
0.988382
0.988398
0.988413
0.988436
0.988451
0.988466
0.988482
0.988497
0.988512
0.988527
0.98855
0.988565
0.988581
0.988596
0.988611
0.988626
0.988642
0.988657
0.98868
0.988688
0.988703
0.988718
0.988741
0.988756
0.988764
0.988787
0.988802
0.988817
0.988832
0.988848
0.988863
0.988886
0.988901
0.988909
0.988941
0.988972
0.989002
0.989033
0.989063
0.989094
0.989124
0.989155
0.989185
0.989216
0.989246
0.989277
0.989307
0.989338
0.989368
0.989403
0.98941
0.989433
0.989449
0.989456
0.989479
0.989494
0.98951
0.989525
0.98954
0.989563
0.989578
0.989594
0.989609
0.989624
0.989639
0.989662
0.98967
0.989693
0.989708
0.989723
0.989738
0.989754
0.989769
0.989784
0.989807
0.989822
0.989838
0.989853
0.989868
0.989883
0.989899
0.989914
0.989929
0.989944
0.98996
0.989975
0.98999
0.990005
0.990028
0.990044
0.990059
0.990074
0.990089
0.990105
0.990128
0.990143
0.990158
0.990173
0.990189
0.990204
0.990219
0.990234
0.99025
0.990265
0.99028
0.990295
0.990311
0.990334
0.990349
0.990356
0.990372
0.990395
0.99041
0.990437
0.990467
0.990498
0.990528
0.990559
0.990589
0.99062
0.99065
0.990696
0.990726
0.990757
0.990788
0.990803
0.990818
0.990833
0.990849
0.990864
0.990887
0.990902
0.990917
0.990932
0.99094
0.990963
0.990978
0.990993
0.991009
0.991024
0.991039
0.991055
0.99107
0.991085
0.9911
0.991116
0.991138
0.991146
0.991161
0.991177
0.991192
0.991207
0.991222
0.991245
0.991253
0.991276
0.991283
0.991299
0.991322
0.991337
0.991352
0.991367
0.991383
0.991398
0.991413
0.991428
0.991444
0.991459
0.991474
0.991489
0.991505
0.99152
0.991535
0.99155
0.991566
0.991581
0.991596
0.991611
0.991627
0.991642
0.991657
0.991673
0.991688
0.991703
0.991718
0.991734
0.991749
0.991764
0.991779
0.991795
0.991817
0.991825
0.991848
0.991856
0.991871
0.991886
0.991901
0.991924
0.991932
0.991955
0.991962
0.991985
0.992001
0.992016
0.992031
0.992046
0.992062
0.992077
0.992092
0.992107
0.992123
0.992138
0.992153
0.992168
0.992184
0.992199
0.992214
0.992229
0.992245
0.99226
0.992275
0.992298
0.992306
0.992321
0.992336
0.992352
0.992367
0.99239
0.992397
0.99242
0.992428
0.992451
0.992466
0.992474
0.992496
0.992512
0.992527
0.992542
0.992558
0.992573
0.992588
0.992603
0.992619
0.992634
0.992649
0.992672
0.992687
0.992702
0.992718
0.992733
0.992756
0.992771
0.992786
0.992802
0.992817
0.99284
0.992847
0.99287
0.992886
0.992901
0.992916
0.992931
0.992947
