0
3.05177e-05
6.10353e-05
9.1553e-05
0.000122071
0.000152588
0.000247955
0.000534058
0.00120926
0.00251007
0.00468063
0.00796509
0.0154991
0.0188179
0.0315208
0.042511
0.055706
0.071228
0.0891609
0.109547
0.132374
0.157616
0.185173
0.214924
0.246719
0.280376
0.315689
0.352455
0.390457
0.429482
0.469318
0.509769
0.55061
0.59164
0.63266
0.673462
0.713863
0.753666
0.792706
0.830807
0.867802
0.903538
0.93787
0.986446
1.0018
1.03115
1.05863
1.08414
1.11857
1.129
1.15707
1.17308
1.18695
1.19868
1.20831
1.21588
1.22142
1.22499
1.22664
1.22645
1.22451
1.22093
1.21582
1.20555
1.19714
1.18763
1.17714
1.16581
1.15374
1.14107
1.12791
1.1144
1.09367
1.0797
1.06573
1.05183
1.0381
1.02462
1.01149
0.998768
0.986546
0.974892
0.963856
0.953491
0.939278
0.93491
0.926754
0.919376
0.912785
0.904396
0.901997
0.895985
0.892944
0.89064
0.889069
0.888203
0.888004
0.888443
0.889484
0.89109
0.893227
0.895847
0.898911
0.902374
0.906197
0.912502
0.917034
0.921768
0.92667
0.931698
0.936806
0.941959
0.947117
0.952232
0.957279
0.962223
0.969376
0.97168
0.97831
0.982475
0.98642
0.990128
0.993561
0.996731
0.999619
1.00222
1.00452
1.00652
1.00822
1.00963
1.01076
1.0116
1.01217
1.01247
1.01251
1.01215
1.01191
1.01129
1.01048
1.00894
1.00772
1.00638
1.00493
1.00339
1.00177
1.00008
0.998352
0.996582
0.994781
0.992981
0.990269
0.989368
0.987568
0.98579
0.984043
0.981503
0.979877
0.978317
0.976826
0.975418
0.974091
0.972858
0.971729
0.970707
0.969803
0.969009
0.968338
0.967785
0.967342
0.966896
0.966736
0.966682
0.966724
0.966862
0.967091
0.9674
0.967793
0.968254
0.968781
0.969364
0.969994
0.970661
0.971359
0.972073
0.972805
0.973537
0.974258
0.97496
0.975979
0.976299
0.976925
0.977516
0.978065
0.978573
0.979042
0.979462
0.979839
0.980316
0.980453
0.980793
0.980965
0.981094
0.981178
0.981224
0.981232
0.981205
0.98114
0.981041
0.980911
0.980755
0.980572
0.980358
0.980125
0.97974
0.979465
0.979172
0.978867
0.978561
0.978233
0.977898
0.977562
0.977226
0.976891
0.976395
0.976242
0.975937
0.975632
0.975204
0.97493
0.9748
0.974556
0.974327
0.974014
0.973831
0.973747
0.973595
0.9734
0.973297
0.973209
0.973148
0.973103
0.973072
0.973068
0.973076
0.973106
0.973148
0.973209
0.973324
0.973415
0.973511
0.973633
0.973755
0.973877
0.974018
0.974171
0.974323
0.974552
0.974705
0.974857
0.97501
0.975163
0.975315
0.975468
0.97562
0.975773
0.975918
0.976101
0.976223
0.976345
0.976467
0.976566
0.976658
0.976749
0.976841
0.976925
0.976986
0.977047
0.977108
0.977169
0.977215
0.977245
0.977276
0.977306
0.977337
0.977367
0.97739
0.97739
0.97739
0.97739
0.97739
0.97739
0.97739
0.97739
0.97739
0.97739
0.97739
0.97739
0.97739
0.97739
0.97739
0.97739
0.97739
0.97739
0.97739
0.97739
0.97739
0.97739
0.97739
0.97739
0.97739
0.97739
0.97739
0.97739
0.97739
0.977402
0.977432
0.977463
0.977493
0.977524
0.977554
0.977585
0.977615
0.977646
0.977676
0.977707
0.977737
0.977768
0.977798
0.977829
0.977859
0.97789
0.977921
0.977951
0.977982
0.978012
0.978058
0.978115
0.978176
0.978207
0.978298
0.978359
0.97842
0.978481
0.978542
0.978603
0.978664
0.978725
0.978786
0.978848
0.978909
0.978962
0.978992
0.979023
0.979053
0.979084
0.979115
0.979145
0.979176
0.979206
0.979252
0.979267
0.979313
0.979343
0.979374
0.979404
0.979435
0.979465
0.979496
0.979527
0.979557
0.979588
0.979618
0.979649
0.979679
0.97971
0.979755
0.979786
0.979816
0.979847
0.979877
0.979908
0.979939
0.979969
0.98
0.98003
0.980061
0.980091
0.980122
0.980152
0.980183
0.980213
0.980244
0.980289
0.98032
0.980335
0.980381
0.980412
0.980442
0.980473
0.980503
0.980518
0.980564
0.980595
0.980625
0.980656
0.980686
0.980717
0.980747
0.980778
0.980808
0.980839
0.980869
0.9809
0.98093
0.980949
0.980949
0.980949
0.980949
0.980949
0.980949
0.980949
0.980949
0.980949
0.980949
0.980949
0.980976
0.981007
0.981037
0.981068
0.981098
0.981129
0.981159
0.98119
0.98122
0.981251
0.981281
0.981312
0.981342
0.981373
0.981403
0.981434
0.981464
0.981495
0.981525
0.981556
0.981586
0.981617
0.981647
0.981678
0.981709
0.981739
0.981785
0.981815
0.981846
0.981876
0.981907
0.981937
0.981968
0.982014
0.982029
0.982059
0.98209
0.982136
0.982166
0.982197
0.982227
0.982258
0.982288
0.982319
0.982365
0.98238
0.98241
0.982441
0.982487
0.982517
0.982548
0.982578
0.982609
0.982639
0.982685
0.982716
0.982746
0.982777
0.982807
0.982838
0.982868
0.982899
0.982929
0.98296
0.98299
0.983021
0.983051
0.983082
0.983112
0.983143
0.983173
0.983204
0.983234
0.983265
0.983295
0.983326
0.983356
0.983387
0.983418
0.983448
0.983479
0.983509
0.98354
0.98357
0.983601
0.983631
0.983662
0.983707
0.983723
0.983753
0.983799
0.983829
0.98386
0.983891
0.983921
0.983952
0.983982
0.984001
0.984001
0.984001
0.984001
0.984001
0.984001
0.984001
0.984001
0.984001
0.984001
0.984001
0.984001
0.984001
0.984001
0.984001
0.984001
0.984028
0.984058
0.984089
0.984119
0.984165
0.98418
0.984211
0.984241
0.984272
0.984318
0.984348
0.984379
0.984409
0.98444
0.98447
0.984501
0.984547
0.984577
0.984608
0.984638
0.984669
0.984699
0.98473
0.98476
0.984791
0.984837
0.984852
0.984882
0.984928
0.984943
0.984989
0.98502
0.98505
0.985081
0.985111
0.985142
0.985172
0.985203
0.985233
0.985264
0.985294
0.985325
0.985355
0.985386
0.985416
0.985447
0.985477
0.985508
0.985538
0.985569
0.9856
0.98563
0.985676
0.985691
0.985722
0.985767
0.985783
0.985813
0.985859
0.985874
0.985893
0.985893
0.985893
0.985893
0.985893
0.985893
0.985893
0.985893
0.985893
0.985893
0.985893
0.985893
0.985893
0.985893
0.985893
0.985893
0.985893
0.985924
0.985954
0.985985
0.986015
0.986046
0.986076
0.986107
0.986137
0.986168
0.986198
0.986229
0.986275
0.986305
0.98632
0.986366
0.986397
0.986427
0.986458
0.986488
0.986519
0.986549
0.98658
0.98661
0.986641
0.986671
0.986702
0.986732
0.986763
0.986794
0.986824
0.98687
0.986885
0.986931
0.986946
0.986977
0.987022
0.987038
0.987083
0.987114
0.987144
0.987175
0.987206
0.987236
0.987267
0.987297
0.987328
0.987358
0.987389
0.987404
0.987404
0.987404
0.987404
0.987404
0.987404
0.987404
0.987404
0.987404
0.987404
0.987404
0.987404
0.987404
0.987404
0.987404
0.987404
0.987404
0.987404
0.987404
0.987419
0.98745
0.98748
0.987511
0.987541
0.987587
0.987617
0.987648
0.987679
0.987709
0.98774
0.98777
0.987801
0.987831
0.987862
0.987892
0.987923
0.987953
0.987984
0.988029
0.98806
0.988091
0.988121
0.988152
0.988182
0.988213
0.988243
0.988274
0.988304
0.988335
0.988365
0.988396
0.988426
0.988472
0.988503
0.988533
0.988564
0.988594
0.988625
0.988628
0.988628
0.988628
0.988628
0.988628
0.988628
0.988628
0.988628
0.988628
0.988628
0.988628
0.988628
0.988628
0.988628
0.988628
0.988628
0.988628
0.988628
0.988628
0.988628
0.988632
0.988663
0.988693
0.988724
0.988754
0.988785
0.988815
0.988846
0.988892
0.988907
0.988953
0.988983
0.989014
0.989044
0.989075
0.989105
0.989136
0.989166
0.989197
0.989227
0.989258
0.989288
0.989319
0.989349
0.98938
0.98941
0.989441
0.989471
0.989502
0.989532
0.989563
0.989594
0.989624
0.989655
0.989685
0.989704
0.989704
0.989704
0.989704
0.989704
0.989704
0.989704
0.989704
0.989704
0.989704
0.989704
0.989704
0.989704
0.989704
0.989704
0.989704
0.989704
0.989704
0.989704
0.989704
0.989704
0.989704
0.989708
0.989738
0.989769
0.989799
0.98983
0.989861
0.989891
0.989922
0.989952
0.989983
0.990013
0.990044
0.990074
0.990105
0.990135
0.990166
0.990196
0.990227
0.990257
0.990288
0.990318
0.990349
0.990379
0.990425
0.99044
0.990471
0.990517
0.990547
0.990578
0.990593
0.990623
0.990639
0.990639
0.990639
0.990639
0.990639
0.990639
0.990639
0.990639
0.990639
0.990639
0.990639
0.990639
0.990639
0.990639
0.990639
0.990639
0.990639
0.990639
0.990639
0.990639
0.990639
0.990639
0.990639
0.990639
0.990658
0.990688
0.990719
0.990749
0.99078
0.99081
0.990841
0.990871
0.990902
0.990932
0.990963
0.990993
0.991024
0.99107
0.991085
0.991116
0.991146
0.991177
0.991222
0.991238
0.991268
0.991299
0.991329
0.991375
0.99139
0.991421
0.991451
0.991497
0.991528
0.991528
0.991528
0.991528
0.991528
0.991528
0.991528
0.991528
0.991528
0.991528
0.991528
0.991528
0.991528
0.991528
0.991528
0.991528
0.991528
0.991528
0.991528
0.991528
0.991528
0.991528
0.991528
0.991528
0.991528
0.991528
0.991528
0.991528
0.991528
0.991558
0.991573
0.991619
0.99165
0.99168
0.991711
0.991741
0.991772
0.991802
0.991833
0.991863
0.991909
0.991924
0.991955
0.992001
0.992016
0.992046
0.992092
0.992123
0.992153
0.992184
0.992214
0.992245
0.992268
0.992268
0.992268
0.992268
0.992268
0.992268
0.992268
0.992268
0.992268
0.992268
0.992268
0.992268
0.992268
0.992268
0.992268
0.992268
0.992268
0.992268
0.992268
0.992268
0.992268
0.992268
0.992268
0.992268
0.992268
0.992268
0.992268
0.992268
0.992275
0.992306
0.992336
0.992367
0.992397
0.992428
0.992458
0.992489
0.992519
0.99255
0.99258
0.992611
0.992641
0.992672
0.992702
0.992733
0.992764
0.992794
0.992825
0.992855
0.992886
0.992916
0.992947
0.992966
0.992966
0.992966
0.992966
0.992966
0.992966
0.992966
0.992966
0.992966
0.992966
0.992966
0.992966
0.992966
0.992966
0.992966
0.992966
