0
2.28884e-05
3.05177e-05
5.34061e-05
6.10353e-05
0.000104904
0.0002594
0.000701905
0.00164604
0.00332832
0.00598526
0.00984573
0.0151176
0.0219879
0.0306072
0.0411091
0.0605774
0.0760994
0.0936623
0.113234
0.134747
0.158108
0.183187
0.209835
0.237879
0.267138
0.297434
0.328585
0.360409
0.409019
0.425373
0.458174
0.490969
0.523605
0.571932
0.603508
0.63442
0.649595
0.693848
0.72217
0.749422
0.762615
0.80036
0.823933
0.84618
0.867035
0.886444
0.904379
0.920801
0.935678
0.948992
0.960758
0.971018
0.979834
0.987276
0.996052
1.00044
1.00376
1.00611
1.00757
1.00822
1.00816
1.00745
1.00534
1.00335
1.00098
0.998301
0.995377
0.99227
0.98904
0.985743
0.982431
0.979139
0.97591
0.972778
0.969772
0.966915
0.962955
0.960552
0.958353
0.956366
0.954594
0.953045
0.951721
0.950621
0.949745
0.949091
0.94865
0.948416
0.948378
0.948523
0.948837
0.949312
0.949932
0.950687
0.951557
0.95253
0.953592
0.954729
0.955925
0.957167
0.958439
0.959724
0.961016
0.962929
0.964174
0.965385
0.966555
0.967674
0.96874
0.969748
0.970694
0.971577
0.972393
0.973143
0.973829
0.974447
0.975004
0.9755
0.975935
0.976309
0.976629
0.976896
0.977114
0.977282
0.977404
0.977507
0.97752
0.977518
0.977482
0.977409
0.977306
0.977175
0.977016
0.976835
0.976631
0.976408
0.97604
0.975777
0.975502
0.975214
0.974924
0.974621
0.974316
0.97401
0.973553
0.973248
0.972952
0.972662
0.972376
0.972101
0.971836
0.971581
0.971222
0.970997
0.970785
0.970589
0.970406
0.970238
0.970085
0.969946
0.969822
0.969713
0.969618
0.969538
0.969471
0.969416
0.969372
0.969332
0.969316
0.969315
0.969318
0.969334
0.969355
0.969385
0.969419
0.969465
0.969511
0.969564
0.969625
0.969687
0.969748
0.969816
0.969893
0.969969
0.970045
0.970121
0.970198
0.970274
0.97035
0.970427
0.970503
0.970617
0.970655
0.970732
0.970808
0.970884
0.970999
0.971062
0.971092
0.971184
0.971245
0.971306
0.971367
0.971428
0.971489
0.971542
0.971588
0.971634
0.97168
0.971725
0.971771
0.971817
0.971863
0.971909
0.971954
0.972
0.972048
0.972063
0.972094
0.972124
0.972155
0.9722
0.972216
0.972246
0.972277
0.972322
0.972353
0.972368
0.972414
0.972445
0.972475
0.972506
0.972536
0.972567
0.972597
0.972628
0.972658
0.972689
0.972719
0.97275
0.97278
0.972811
0.972851
0.972897
0.972942
0.972988
0.973034
0.97308
0.973125
0.973171
0.97324
0.973286
0.973331
0.973377
0.9734
0.973469
0.973515
0.97356
0.973606
0.973652
0.973698
0.973743
0.973789
0.973835
0.973881
0.973927
0.973972
0.974018
0.974064
0.97411
0.974155
0.974201
0.974236
0.974266
0.974297
0.974327
0.974358
0.974388
0.974419
0.974449
0.97448
0.97451
0.974541
0.974571
0.974602
0.974632
0.974663
0.974693
0.974739
0.97477
0.9748
0.974831
0.974861
0.974892
0.974928
0.974974
0.975019
0.975065
0.975111
0.975157
0.97518
0.975248
0.975294
0.97534
0.975386
0.975431
0.975477
0.975523
0.975569
0.975615
0.97566
0.975706
0.975752
0.975798
0.975842
0.975872
0.975903
0.975948
0.975979
0.976009
0.97604
0.97607
0.976101
0.976131
0.976162
0.976192
0.976223
0.976254
0.976299
0.97633
0.97636
0.976391
0.976421
0.976452
0.976482
0.976513
0.976543
0.976589
0.976604
0.976635
0.976681
0.976711
0.976742
0.976772
0.976803
0.97687
0.976915
0.976961
0.977007
0.977053
0.977098
0.977144
0.97719
0.977236
0.977282
0.977327
0.977373
0.977419
0.977465
0.97751
0.977556
0.977602
0.977648
0.97769
0.97772
0.977751
0.977781
0.977812
0.977842
0.977873
0.977903
0.977934
0.977964
0.977995
0.978025
0.978056
0.978086
0.978117
0.978148
0.978178
0.978224
0.978239
0.97827
0.978315
0.978331
0.978376
0.978392
0.978422
0.978468
0.978498
0.978529
0.978559
0.97859
0.978621
0.978651
0.978682
0.978712
0.978743
0.978773
0.978804
0.978834
0.978865
0.978895
0.978926
0.978956
0.978987
0.979017
0.979048
0.979078
0.979109
0.979139
0.979185
0.9792
0.979231
0.979277
0.979292
0.979322
0.979353
0.979383
0.979429
0.97946
0.979475
0.979521
0.979551
0.979582
0.979612
0.979643
0.979673
0.979704
0.979734
0.979765
0.979795
0.979826
0.979856
0.979887
0.979918
0.979948
0.979979
0.980009
0.98004
0.98007
0.980103
0.980148
0.980194
0.98024
0.980286
0.980331
0.980377
0.980423
0.980469
0.980515
0.98056
0.980606
0.980652
0.980698
0.980738
0.980768
0.980799
0.980829
0.980875
0.98089
0.980921
0.980951
0.980982
0.981028
0.981058
0.981089
0.981104
0.981134
0.98118
0.981211
0.981241
0.981272
0.981302
0.981333
0.981363
0.981394
0.981424
0.981455
0.981485
0.981516
0.981546
0.981577
0.981607
0.981653
0.981668
0.981699
0.98173
0.981775
0.981806
0.981821
0.981867
0.981897
0.981928
0.981958
0.981989
0.982019
0.98205
0.98208
0.982111
0.982141
0.982172
0.982203
0.982233
0.982264
0.982294
0.98234
0.98237
0.982401
0.982431
0.982462
0.982492
0.982523
0.982553
0.982599
0.98263
0.98266
0.982691
0.982721
0.982752
0.982782
0.982813
0.982859
0.982874
0.98292
0.98295
0.982981
0.983011
0.983042
0.983072
0.983103
0.983149
0.983179
0.98321
0.98324
0.983271
0.983301
0.983332
0.983362
0.983393
0.983408
0.983454
0.983484
0.983515
0.983545
0.983576
0.983606
0.983637
0.983667
0.983698
0.983744
0.983774
0.983789
0.983831
0.983847
0.983862
0.983877
0.983892
0.9839
0.983923
0.983938
0.983953
0.983969
0.983984
0.983999
0.984015
0.98403
0.984045
0.984062
0.984093
0.984123
0.984154
0.984184
0.984215
0.984245
0.984276
0.984306
0.984337
0.984383
0.984398
0.984444
0.984459
0.984505
0.984535
0.984566
0.984581
0.984627
0.984657
0.984673
0.984718
0.984734
0.984779
0.98481
0.98484
0.984871
0.984901
0.984917
0.984962
0.984993
0.985023
0.985054
0.985085
0.985115
0.985146
0.985176
0.985207
0.985237
0.985268
0.985298
0.985329
0.985355
0.985371
0.985386
0.985401
0.985416
0.985432
0.985447
0.985462
0.985477
0.985493
0.985508
0.985523
0.985538
0.985554
0.985569
0.985584
0.9856
0.985622
0.985643
0.985674
0.985704
0.985735
0.985765
0.985796
0.985826
0.985857
0.985888
0.985933
0.985949
0.985994
0.986025
0.98604
0.986086
0.986101
0.986147
0.986177
0.986208
0.986238
0.986269
0.9863
0.98633
0.986361
0.986391
0.986422
0.986452
0.986473
0.986488
0.986511
0.986526
0.986542
0.986557
0.986572
0.986588
0.986603
0.986618
0.986633
0.986649
0.986664
0.986679
0.986694
0.98671
0.986725
0.98674
0.986763
0.986778
0.986794
0.986809
0.986826
0.986856
0.986887
0.986917
0.986948
0.986979
0.987009
0.98704
0.98707
0.987101
0.987131
0.987162
0.987192
0.987223
0.987268
0.987284
0.987329
0.987345
0.987391
0.987421
0.987436
0.987482
0.987513
0.987528
0.987572
0.987579
0.987602
0.987617
0.987625
0.98764
0.987663
0.987679
0.987694
0.987709
0.987724
0.98774
0.987755
0.98777
0.987785
0.987801
0.987816
0.987831
0.987846
0.987862
0.987877
0.987892
0.987907
0.987923
0.987938
0.987961
0.987968
0.987984
0.987999
0.988014
0.988029
0.988045
0.988066
0.988096
0.988127
0.988157
0.988203
0.988218
0.988249
0.988279
0.98831
0.988356
0.988386
0.988417
0.988447
0.988478
0.988508
0.988539
0.988569
0.9886
0.988615
0.98863
0.988646
0.988661
0.988676
0.988699
0.988707
0.988722
0.988737
0.988752
0.988768
0.988791
0.988798
0.988813
0.988829
0.988852
0.988867
0.988874
0.988897
0.988905
0.98892
0.988943
0.988958
0.988974
0.988989
0.989004
0.989019
0.989035
0.98905
0.989065
0.98908
0.989096
0.989111
0.989126
0.989141
0.989157
0.98918
0.989187
0.98921
0.989218
0.989241
0.989256
0.989264
0.989285
0.98933
0.989361
0.989391
0.989422
0.989452
0.989483
0.989513
0.989544
0.989574
0.989605
0.989635
0.989666
0.989697
0.989716
0.989731
0.989746
0.989761
0.989777
0.989792
0.989807
0.989822
0.989838
0.989853
0.989868
0.989883
0.989899
0.989914
0.989929
0.989944
0.98996
0.989975
0.98999
0.990005
0.990021
0.990036
0.990051
0.990074
0.990082
0.990097
0.990112
0.990135
0.99015
0.990158
0.990181
0.990189
0.990211
0.990227
0.990234
0.990257
0.990273
0.990288
0.990303
0.990318
0.990326
0.990349
0.990364
0.990379
0.990395
0.99041
0.990425
0.99044
0.990456
0.990471
0.990494
0.990501
0.990517
0.990532
0.990547
0.99057
0.990578
0.990601
0.990616
0.990623
0.990639
0.990654
0.990677
0.990685
0.9907
0.990715
0.99073
0.990753
0.990768
0.990784
0.990799
0.990814
0.990829
0.990845
0.99086
0.990875
0.990891
0.990906
0.990921
0.990936
0.990952
0.990967
0.990982
0.990997
0.991013
0.991028
0.991043
0.991072
0.991087
0.991117
0.991163
0.991194
0.991224
0.991255
0.991285
0.991316
0.991331
0.991373
0.991381
0.991404
0.991419
0.991434
0.991449
0.991465
0.99148
0.991495
0.991518
0.991526
0.991549
0.991564
0.991571
0.991594
0.99161
0.991625
0.99164
0.991655
0.991671
0.991686
0.991701
0.991716
0.991732
0.991747
0.991762
0.991777
0.991793
0.991808
0.991823
0.991838
0.991854
0.991869
0.991884
0.991899
0.991915
0.99193
0.991945
0.991961
0.991976
0.991991
0.992006
0.992029
0.992044
0.992052
0.992075
0.99209
0.992105
0.992121
0.992136
0.992144
0.992167
0.992182
0.992197
0.992212
0.992228
0.992243
0.992258
0.992273
0.992289
0.992304
0.992319
0.992334
0.992357
0.992365
0.99238
0.992395
0.992411
0.992426
0.992449
0.992464
0.992479
0.992495
0.99251
0.992525
0.99254
0.992556
0.992571
0.992586
0.992601
0.992624
0.99264
0.992655
0.99267
0.992678
0.992701
0.992716
0.992731
0.992746
0.992762
0.992777
0.992792
0.992807
0.992823
