0
1.52588e-05
3.05177e-05
4.57765e-05
6.10353e-05
7.62941e-05
0.000112534
0.000440598
0.00110435
0.00238991
0.00452995
0.007761
0.0123043
0.0183506
0.0260773
0.0356236
0.0470982
0.0605659
0.0760632
0.1031
0.123581
0.145929
0.170036
0.195763
0.222963
0.251471
0.281105
0.311678
0.343014
0.374933
0.407269
0.439857
0.472548
0.505186
0.553724
0.569723
0.601357
0.647655
0.677593
0.706663
0.734753
0.761768
0.787643
0.812304
0.835667
0.857666
0.878258
0.897417
0.915129
0.9314
0.953131
0.965874
0.977266
0.987347
0.99617
1.00378
1.01023
1.01557
1.01985
1.02314
1.02551
1.02702
1.02775
1.02777
1.02714
1.02594
1.02424
1.02209
1.01956
1.01671
1.0136
1.01028
1.00681
1.00323
0.999599
0.995937
0.992287
0.98868
0.983419
0.981722
0.978422
0.973755
0.972286
0.968161
0.965662
0.963381
0.961321
0.959488
0.957882
0.956505
0.955355
0.95443
0.953722
0.953226
0.95293
0.952824
0.952898
0.953136
0.953531
0.954065
0.954729
0.955502
0.956371
0.957829
0.958879
0.959425
0.960541
0.961681
0.963408
0.96398
0.965673
0.966768
0.967829
0.968845
0.969816
0.970734
0.971596
0.972399
0.973146
0.973833
0.974459
0.975023
0.975527
0.975977
0.976368
0.976706
0.97699
0.977224
0.977411
0.977551
0.977646
0.977699
0.977715
0.977694
0.977638
0.977551
0.977434
0.977289
0.977119
0.976929
0.976719
0.97649
0.976116
0.975986
0.975576
0.97529
0.975
0.97471
0.974407
0.974102
0.973801
0.973511
0.973221
0.972933
0.972658
0.972387
0.972128
0.97188
0.971642
0.971415
0.9711
0.971001
0.970724
0.97064
0.97048
0.970333
0.97014
0.97003
0.969978
0.969849
0.969776
0.969715
0.969669
0.969635
0.96961
0.969595
0.969593
0.969597
0.969612
0.969633
0.969664
0.969698
0.969744
0.96979
0.969845
0.969906
0.969967
0.970028
0.970098
0.970175
0.970251
0.970366
0.970404
0.970518
0.970594
0.970671
0.970747
0.970823
0.9709
0.970976
0.971052
0.971128
0.971205
0.971273
0.971334
0.971395
0.971487
0.971548
0.971609
0.97167
0.971731
0.971779
0.971825
0.97187
0.971916
0.971962
0.972008
0.972054
0.972099
0.972145
0.972214
0.972252
0.972267
0.972298
0.972328
0.972374
0.972404
0.972435
0.972466
0.972496
0.972527
0.972557
0.972588
0.972618
0.972649
0.972679
0.97271
0.97274
0.972771
0.972801
0.972832
0.972862
0.972893
0.972923
0.972954
0.972984
0.973022
0.973068
0.973114
0.97316
0.973206
0.973274
0.973297
0.973343
0.973389
0.973434
0.973503
0.973526
0.973572
0.973618
0.973663
0.973732
0.973755
0.973824
0.973869
0.973892
0.973961
0.974007
0.974052
0.974098
0.974144
0.97419
0.974236
0.974281
0.974314
0.974344
0.974375
0.974405
0.974436
0.974466
0.974512
0.974527
0.974558
0.974588
0.974619
0.974665
0.97468
0.974726
0.974756
0.974787
0.974817
0.974848
0.974878
0.974909
0.974939
0.974985
0.975016
0.975061
0.975107
0.975153
0.975199
0.975245
0.97529
0.975336
0.975382
0.975428
0.975473
0.975519
0.975565
0.975634
0.975679
0.975725
0.975748
0.975817
0.975863
0.975908
0.975954
0.976
0.976046
0.976099
0.97613
0.97616
0.976191
0.976206
0.976252
0.976282
0.976313
0.976343
0.976374
0.976404
0.976435
0.976465
0.976496
0.976526
0.976557
0.976587
0.976618
0.976648
0.976679
0.976709
0.97674
0.97677
0.976801
0.976847
0.976877
0.976908
0.976938
0.976969
0.976999
0.97703
0.97706
0.977091
0.977121
0.977158
0.977226
0.977272
0.977295
0.977364
0.977409
0.977432
0.977501
0.977547
0.977592
0.977638
0.977684
0.97773
0.977776
0.977821
0.977858
0.977888
0.977919
0.977949
0.97798
0.97801
0.978041
0.978071
0.978102
0.978148
0.978163
0.978209
0.978224
0.97827
0.9783
0.978331
0.978346
0.978392
0.978422
0.978453
0.978483
0.978514
0.978544
0.978575
0.978605
0.978636
0.978666
0.978697
0.978727
0.978773
0.978804
0.978834
0.978865
0.978895
0.978926
0.978956
0.978987
0.979017
0.979048
0.979078
0.979109
0.979139
0.97917
0.9792
0.979231
0.979261
0.979292
0.979322
0.979353
0.979383
0.979429
0.979445
0.97949
0.979521
0.979551
0.979582
0.979612
0.979643
0.979673
0.979704
0.97974
0.979786
0.979832
0.979877
0.979923
0.979969
0.980015
0.980061
0.980106
0.980152
0.980198
0.980238
0.980268
0.980299
0.98033
0.98036
0.980391
0.980421
0.980467
0.980497
0.980528
0.980558
0.980589
0.980619
0.98065
0.98068
0.980711
0.980742
0.980772
0.980803
0.980833
0.980864
0.980894
0.980925
0.980955
0.980986
0.981016
0.981047
0.981077
0.981108
0.981153
0.981184
0.981215
0.981245
0.981276
0.981306
0.981337
0.981382
0.981413
0.981443
0.981474
0.981504
0.981535
0.981565
0.981596
0.981627
0.981657
0.981688
0.981718
0.981749
0.981779
0.981825
0.981855
0.981886
0.981916
0.981947
0.981977
0.982008
0.982038
0.982069
0.9821
0.982145
0.982176
0.982206
0.982237
0.982267
0.982298
0.982328
0.982359
0.982389
0.98242
0.98245
0.982481
0.982512
0.982542
0.982573
0.982603
0.982634
0.982679
0.982695
0.982725
0.982771
0.982801
0.982832
0.982862
0.982893
0.982924
0.982954
0.982985
0.983015
0.983046
0.983076
0.983107
0.983137
0.983168
0.983198
0.983229
0.983259
0.98329
0.98332
0.983351
0.983381
0.983412
0.983442
0.983473
0.983503
0.983534
0.983564
0.983595
0.983625
0.983671
0.983686
0.983717
0.983747
0.983793
0.983824
0.983854
0.983885
0.983915
0.983931
0.983976
0.984007
0.984037
0.984068
0.984098
0.984129
0.984159
0.98419
0.984221
0.984251
0.984282
0.984312
0.984331
0.984354
0.984369
0.984385
0.9844
0.984415
0.98443
0.984446
0.984461
0.984476
0.984499
0.984507
0.984529
0.984545
0.984552
0.984575
0.984606
0.984636
0.984667
0.984697
0.984728
0.984758
0.984789
0.984819
0.98485
0.98488
0.984911
0.984957
0.984972
0.985003
0.985048
0.985079
0.985109
0.98514
0.98517
0.985201
0.985231
0.985262
0.985292
0.985323
0.985353
0.985384
0.985415
0.985445
0.985476
0.985506
0.985537
0.985567
0.985598
0.985628
0.985659
0.985704
0.985735
0.985756
0.985771
0.985786
0.985802
0.985817
0.985832
0.985847
0.98587
0.985886
0.985901
0.985916
0.985931
0.985947
0.985962
0.985977
0.985992
0.986008
0.986031
0.986046
0.986061
0.986076
0.986095
0.986126
0.986156
0.986187
0.986217
0.986248
0.986279
0.986309
0.98634
0.98637
0.986401
0.986431
0.986462
0.986492
0.986523
0.986553
0.986584
0.986614
0.986645
0.986691
0.986706
0.986752
0.986767
0.986797
0.986828
0.986858
0.986904
0.986935
0.98695
0.986965
0.986988
0.987003
0.987019
0.987034
0.987049
0.987064
0.98708
0.987095
0.98711
0.987133
0.987148
0.987164
0.987179
0.987194
0.987209
0.987225
0.98724
0.987255
0.98727
0.987286
0.987301
0.987316
0.987331
0.987347
0.987362
0.987385
0.987415
0.987446
0.987476
0.987507
0.987537
0.987568
0.987598
0.987629
0.987659
0.987705
0.98772
0.987751
0.987782
0.987812
0.987858
0.987888
0.987904
0.987949
0.98798
0.98801
0.988041
0.98806
0.988075
0.988091
0.988106
0.988121
0.988136
0.988152
0.988167
0.988182
0.988197
0.988213
0.988228
0.988243
0.988258
0.988274
0.988289
0.988312
0.988327
0.988335
0.98835
0.988373
0.988388
0.988403
0.988419
0.988434
0.988449
0.988464
0.98848
0.988495
0.98851
0.988525
0.988541
0.988556
0.988571
0.988586
0.988602
0.988617
0.988632
0.988653
0.988684
0.988714
0.988745
0.988775
0.988806
0.988836
0.988867
0.988897
0.988943
0.988958
0.988989
0.989035
0.989065
0.989096
0.989126
0.989157
0.989187
0.989206
0.989222
0.989237
0.989252
0.989267
0.98929
0.989305
0.989321
0.989336
0.989351
0.989367
0.989382
0.989397
0.989412
0.989428
0.989443
0.989458
0.989473
0.989489
0.989504
0.989519
0.989534
0.98955
0.989565
0.98958
0.989603
0.989611
0.989626
0.989641
0.989656
0.989679
0.989687
0.989702
0.989725
0.98974
0.989756
0.989771
0.989786
0.989801
0.989817
0.989832
0.989847
0.989862
0.989878
0.989893
0.989908
0.989923
0.989939
0.989954
0.989969
0.989985
0.990007
0.990015
0.99003
0.990046
0.990061
0.990076
0.990091
0.990114
0.990129
0.990145
0.990152
0.990175
0.990191
0.990208
0.990223
0.990269
0.990299
0.99033
0.99036
0.990391
0.990421
0.990452
0.990482
0.990513
0.990543
0.990562
0.990578
0.990593
0.990608
0.990623
0.990639
0.990654
0.990669
0.990685
0.9907
0.990715
0.99073
0.990746
0.990761
0.990776
0.990791
0.990807
0.990822
0.990837
0.990852
0.990868
0.990883
0.990898
0.990913
0.990936
0.990944
0.990967
0.990982
0.990997
0.991013
0.991028
0.991043
0.991058
0.991074
0.991089
0.991104
0.991119
0.991135
0.99115
0.991165
0.99118
0.991203
0.991211
0.991234
0.991249
0.991264
0.99128
0.991287
0.991302
0.991325
0.991341
0.991356
0.991371
0.991386
0.991402
0.991417
0.991432
0.991447
0.991463
0.991478
0.991493
0.991508
0.991524
0.991539
0.991554
0.991577
0.991592
0.9916
0.991623
0.991638
0.991653
0.991669
0.991684
0.991699
0.991714
0.99173
0.991745
0.99176
0.991776
0.991791
0.991806
0.991821
0.991837
0.991852
0.991867
0.99189
0.991905
0.991913
0.991936
0.991951
0.991966
0.991982
0.991997
0.992012
0.992027
0.992043
0.992058
0.992073
0.992088
0.992104
0.992119
0.992134
0.992149
0.992165
0.99218
0.992195
0.99221
0.992226
0.992241
0.992256
0.992271
0.992287
0.99231
0.992325
0.99234
0.992355
0.992371
0.992386
0.992401
0.992416
0.992432
0.992447
0.992462
0.992477
0.992493
0.992508
0.992531
0.992538
0.992554
0.992577
0.992584
0.992599
0.992622
0.99263
0.992653
0.992661
0.992683
0.992699
0.992714
0.992729
0.992744
0.99276
0.992775
0.99279
0.992805
0.992821
0.992836
