0
3.05173e-05
4.57761e-05
9.15526e-05
0.00012207
0.000152588
0.000202179
0.00037384
0.000827789
0.00178528
0.00349045
0.00618744
0.0101204
0.0155182
0.0225945
0.0315399
0.0425301
0.0557251
0.0712509
0.0891953
0.109619
0.132526
0.157887
0.185627
0.215641
0.264599
0.281887
0.317753
0.355179
0.413742
0.45406
0.49511
0.536644
0.578434
0.641117
0.682575
0.723492
0.763649
0.802849
0.840916
0.87767
0.912956
0.946617
0.993774
1.02283
1.04988
1.07485
1.09768
1.11835
1.13681
1.15303
1.16699
1.17872
1.18824
1.19561
1.2009
1.2042
1.20559
1.20518
1.20309
1.19944
1.19433
1.18791
1.18029
1.1716
1.16196
1.15152
1.14037
1.1226
1.11646
1.10392
1.09116
1.07178
1.05887
1.04608
1.03349
1.02729
1.01514
0.997669
0.986629
0.976151
0.966278
0.957043
0.948467
0.940582
0.933426
0.927002
0.92131
0.916367
0.91217
0.908707
0.905952
0.903896
0.902515
0.901783
0.901672
0.902145
0.903172
0.90472
0.906746
0.90921
0.912075
0.915306
0.918858
0.922688
0.926758
0.931026
0.935455
0.940006
0.944637
0.949306
0.953976
0.95863
0.963223
0.967728
0.972122
0.976376
0.980476
0.984402
0.988132
0.991657
0.994968
0.998035
1.00086
1.00463
1.00681
1.0078
1.00959
1.01176
1.01287
1.01373
1.01432
1.01467
1.01478
1.01465
1.01431
1.01342
1.01261
1.01163
1.01051
1.00926
1.00791
1.00571
1.00417
1.00256
1.00091
0.999226
0.997517
0.995808
0.994099
0.99239
0.989853
0.988194
0.986568
0.984993
0.983463
0.981991
0.980587
0.979259
0.978012
0.976852
0.975288
0.974815
0.973946
0.973179
0.972515
0.971714
0.971497
0.971142
0.970886
0.970684
0.970661
0.970726
0.970875
0.971096
0.97139
0.971748
0.97216
0.972626
0.973129
0.973667
0.974228
0.974808
0.975388
0.975967
0.976547
0.977127
0.977676
0.978214
0.978725
0.97921
0.97966
0.98008
0.980465
0.980816
0.981129
0.981407
0.981644
0.981846
0.982014
0.982147
0.982246
0.982311
0.982346
0.982349
0.9823
0.982269
0.982147
0.982033
0.981972
0.981823
0.981667
0.981483
0.981297
0.980976
0.980869
0.980644
0.9804
0.980156
0.97979
0.979668
0.979424
0.979179
0.978813
0.978569
0.978325
0.978096
0.977989
0.977669
0.977459
0.977276
0.977093
0.976929
0.976776
0.976635
0.976513
0.976398
0.976307
0.976219
0.976158
0.976097
0.976067
0.976036
0.976028
0.976028
0.976036
0.976067
0.976097
0.976139
0.9762
0.976261
0.976322
0.97641
0.976501
0.976639
0.97673
0.976822
0.97694
0.977123
0.977245
0.977367
0.977489
0.977612
0.977734
0.977856
0.977978
0.9781
0.978207
0.978344
0.978436
0.978527
0.978619
0.978756
0.978848
0.978909
0.97897
0.979031
0.979092
0.979153
0.979214
0.979259
0.979305
0.979336
0.979366
0.979397
0.979427
0.979473
0.979488
0.979507
0.979507
0.979507
0.979507
0.979507
0.979507
0.979507
0.979507
0.979507
0.979507
0.979507
0.979507
0.979507
0.979507
0.979507
0.979507
0.979507
0.979507
0.979507
0.979507
0.979507
0.979507
0.979507
0.979519
0.979549
0.97958
0.97961
0.979641
0.979671
0.979702
0.979733
0.979778
0.979809
0.979839
0.97987
0.9799
0.979931
0.979977
0.980007
0.980038
0.980068
0.980099
0.980129
0.98016
0.98019
0.980221
0.980251
0.980282
0.980312
0.980343
0.980373
0.980404
0.980434
0.980465
0.980495
0.980526
0.980556
0.980602
0.980633
0.980663
0.980694
0.980724
0.980755
0.980785
0.980816
0.980846
0.980892
0.980907
0.980953
0.980984
0.981014
0.981045
0.981075
0.981106
0.981136
0.981167
0.981197
0.981228
0.981258
0.981289
0.981319
0.981365
0.981396
0.981426
0.981457
0.981487
0.981518
0.981548
0.981579
0.981609
0.98164
0.98167
0.981701
0.981731
0.981762
0.981792
0.981823
0.981853
0.981884
0.981915
0.98196
0.981976
0.982006
0.982052
0.982082
0.982113
0.982143
0.982174
0.982204
0.982235
0.982265
0.982296
0.982327
0.982357
0.982388
0.982418
0.982449
0.982479
0.98251
0.98254
0.982571
0.982601
0.982632
0.982677
0.982693
0.982738
0.982754
0.982784
0.982815
0.982845
0.982891
0.982906
0.982937
0.982983
0.983013
0.983044
0.983074
0.983105
0.983135
0.983166
0.983196
0.983227
0.983257
0.983288
0.983318
0.983349
0.983379
0.98341
0.98344
0.983471
0.983501
0.983532
0.983562
0.983593
0.983639
0.983654
0.983685
0.983685
0.983685
0.983685
0.983685
0.983685
0.983685
0.983685
0.983685
0.983685
0.983685
0.983685
0.983685
0.983685
0.983685
0.983685
0.983711
0.983742
0.983772
0.983803
0.983833
0.983864
0.983894
0.983925
0.983955
0.983986
0.984032
0.984062
0.984093
0.984123
0.984154
0.984169
0.984215
0.984245
0.984276
0.984306
0.984337
0.984367
0.984398
0.984428
0.984459
0.984489
0.98452
0.98455
0.984581
0.984612
0.984642
0.984673
0.984703
0.984734
0.984764
0.984795
0.984825
0.984856
0.984886
0.984917
0.984947
0.984978
0.985008
0.985039
0.985069
0.9851
0.98513
0.985161
0.985191
0.985222
0.985252
0.985283
0.985313
0.985344
0.985374
0.985405
0.985435
0.985481
0.985512
0.985527
0.985558
0.985588
0.985592
0.985592
0.985592
0.985592
0.985592
0.985592
0.985592
0.985592
0.985592
0.985592
0.985592
0.985592
0.985592
0.985592
0.985592
0.985592
0.985603
0.985634
0.985664
0.98571
0.985725
0.985756
0.985786
0.985817
0.985847
0.985878
0.985909
0.985954
0.98597
0.986
0.986031
0.986076
0.986107
0.986137
0.986168
0.986198
0.986229
0.986259
0.98629
0.986336
0.986366
0.986397
0.986427
0.986458
0.986488
0.986519
0.986565
0.986595
0.986626
0.986656
0.986687
0.986717
0.986748
0.986778
0.986809
0.986839
0.98687
0.9869
0.986931
0.986961
0.987007
0.987038
0.987068
0.987083
0.987118
0.987118
0.987118
0.987118
0.987118
0.987118
0.987118
0.987118
0.987118
0.987118
0.987118
0.987118
0.987118
0.987118
0.987118
0.987118
0.987118
0.987118
0.987118
0.987144
0.987175
0.987206
0.987236
0.987267
0.987297
0.987328
0.987358
0.987389
0.987419
0.98745
0.98748
0.987511
0.987541
0.987572
0.987602
0.987633
0.987663
0.987694
0.987724
0.987755
0.987801
0.987831
0.987862
0.987892
0.987923
0.987953
0.987984
0.988014
0.988045
0.988075
0.988106
0.988136
0.988167
0.988197
0.988228
0.988258
0.988304
0.988335
0.988365
0.988396
0.988396
0.988396
0.988396
0.988396
0.988396
0.988396
0.988396
0.988396
0.988396
0.988396
0.988396
0.988396
0.988396
0.988396
0.988396
0.988396
0.988396
0.988396
0.988396
0.988396
0.988403
0.988434
0.988464
0.988495
0.988525
0.988556
0.988586
0.988617
0.988647
0.988693
0.988724
0.988754
0.988785
0.988815
0.988846
0.988876
0.988907
0.988937
0.988983
0.989014
0.989044
0.989075
0.989105
0.989136
0.989166
0.989197
0.989227
0.989258
0.989288
0.989319
0.989349
0.98938
0.98941
0.989441
0.989468
0.989468
0.989468
0.989468
0.989468
0.989468
0.989468
0.989468
0.989468
0.989468
0.989468
0.989468
0.989468
0.989468
0.989468
0.989468
0.989468
0.989468
0.989468
0.989468
0.989468
0.989468
0.989498
0.989529
0.989559
0.98959
0.98962
0.989651
0.989681
0.989712
0.989742
0.989773
0.989803
0.989834
0.989864
0.989895
0.989925
0.989971
0.990002
0.990032
0.990063
0.990093
0.990124
0.990154
0.990185
0.990215
0.990246
0.990276
0.990322
0.990337
0.990383
0.990414
0.990437
0.990437
0.990437
0.990437
0.990437
0.990437
0.990437
0.990437
0.990437
0.990437
0.990437
0.990437
0.990437
0.990437
0.990437
0.990437
0.990437
0.990437
0.990437
0.990437
0.990437
0.990437
0.990437
0.990437
0.990437
0.990437
0.990437
0.990482
0.990498
0.990543
0.990574
0.990604
0.990635
0.990665
0.990681
0.990726
0.990757
0.990788
0.990818
0.990849
0.990879
0.99091
0.99094
0.990971
0.991001
0.991016
0.991047
0.991093
0.991123
0.991154
0.991184
0.991215
0.991245
0.991276
0.991306
0.991337
0.991337
0.991337
0.991337
0.991337
0.991337
0.991337
0.991337
0.991337
0.991337
0.991337
0.991337
0.991337
0.991337
0.991337
0.991337
0.991337
0.991337
0.991337
0.991337
0.991337
0.991337
0.991337
0.991337
0.991337
0.991337
0.991337
0.991371
0.991402
0.991417
0.991447
0.991493
0.991524
0.991554
0.991585
0.991615
0.991646
0.991676
0.991707
0.991737
0.991768
0.991798
0.991829
0.991859
0.99189
0.99192
0.991951
0.991982
0.992012
0.992043
0.992073
0.992104
0.992115
0.992115
0.992115
0.992115
0.992115
0.992115
0.992115
0.992115
0.992115
0.992115
0.992115
0.992115
0.992115
0.992115
0.992115
0.992115
0.992115
0.992115
0.992115
0.992115
0.992115
0.992115
0.992115
0.992115
0.992115
0.992115
0.992115
0.992119
0.992149
0.99218
0.992226
0.992256
0.992287
0.992317
0.992348
0.992378
0.992409
0.992455
0.992485
0.992516
0.992546
0.992577
0.992607
0.992638
0.992668
0.992699
0.992744
0.992775
0.992805
0.992817
0.992817
0.992817
0.992817
0.992817
0.992817
0.992817
0.992817
0.992817
0.992817
0.992817
0.992817
0.992817
0.992817
0.992817
0.992817
0.992817
0.992817
0.992817
0.992817
0.992817
0.992817
0.992817
0.992817
0.992817
0.992817
0.992817
0.992817
0.992817
0.992817
0.992817
0.992836
0.992867
0.992897
0.992928
0.992958
0.992989
0.993019
0.99305
0.99308
0.993111
0.993141
0.993172
0.993202
0.993233
0.993263
0.993294
0.993324
0.993355
0.993385
0.993416
0.993446
0.993477
0.993507
0.993511
0.993511
0.993511
0.993511
0.993511
0.993511
0.993511
0.993511
0.993511
0.993511
0.993511
0.993511
0.993511
0.993511
0.993511
0.993511
0.993511
0.993511
0.993511
0.993511
0.993511
0.993511
0.993511
0.993511
0.993511
0.993511
0.993511
0.993511
0.993511
0.993511
0.993511
0.993511
0.993511
0.993511
0.993534
0.993565
0.993595
0.993626
