0
7.62959e-06
3.05177e-05
4.57765e-05
6.10353e-05
7.62941e-05
9.1553e-05
0.000106812
0.000143051
0.000297547
0.000740051
0.00168037
0.0045414
0.00775719
0.00984383
0.0150928
0.0219326
0.0305176
0.0469322
0.0533867
0.0678082
0.0932388
0.112692
0.134071
0.157276
0.195232
0.222425
0.250925
0.280546
0.311098
0.342394
0.390318
0.422638
0.455046
0.487381
0.519491
0.551243
0.582481
0.613056
0.642832
0.671696
0.685751
0.726286
0.751858
0.776205
0.799282
0.831465
0.851299
0.860729
0.887051
0.90296
0.917561
0.930857
0.94286
0.953609
0.963133
0.971472
0.978672
0.984795
0.989897
0.994045
0.997303
0.999733
1.0014
1.00238
1.00272
1.0025
1.00177
1.0006
0.999033
0.997143
0.993807
0.99259
0.99003
0.987343
0.98316
0.980324
0.977489
0.974686
0.971939
0.969273
0.966717
0.964285
0.962
0.959877
0.957932
0.956169
0.954601
0.953228
0.952049
0.950651
0.949957
0.949453
0.949127
0.948973
0.94898
0.949142
0.94945
0.949884
0.950441
0.951113
0.951883
0.952738
0.953667
0.954655
0.95569
0.956762
0.957855
0.958954
0.960052
0.961143
0.962214
0.963253
0.964256
0.965214
0.966558
0.966982
0.967783
0.968523
0.969522
0.970114
0.97064
0.971107
0.971519
0.97187
0.972166
0.972406
0.972593
0.972731
0.972845
0.972868
0.972849
0.97279
0.972696
0.97257
0.972414
0.972229
0.972021
0.971788
0.971409
0.971273
0.97085
0.970556
0.970251
0.969946
0.969641
0.969336
0.96903
0.968725
0.968426
0.968136
0.967855
0.967587
0.967329
0.967085
0.966856
0.966642
0.966352
0.966179
0.966021
0.965879
0.965755
0.965647
0.965557
0.965483
0.965424
0.96538
0.965351
0.965336
0.965336
0.965347
0.96537
0.965401
0.965446
0.965498
0.965559
0.965626
0.965702
0.965778
0.965864
0.965956
0.966047
0.966139
0.96623
0.966322
0.966413
0.966505
0.966597
0.966734
0.966825
0.966917
0.967009
0.9671
0.967192
0.967274
0.96735
0.967426
0.967503
0.967579
0.967648
0.967709
0.96777
0.967831
0.967892
0.96797
0.968016
0.968061
0.968107
0.968153
0.968199
0.968245
0.968279
0.968309
0.96834
0.96837
0.968401
0.968447
0.968477
0.968508
0.968538
0.968569
0.968599
0.96863
0.96866
0.968691
0.968721
0.968752
0.968782
0.968813
0.968843
0.968874
0.968904
0.968935
0.968966
0.968996
0.96903
0.969076
0.969122
0.969168
0.969213
0.969259
0.969305
0.969351
0.969397
0.969465
0.969511
0.969557
0.969603
0.969648
0.969694
0.96974
0.969809
0.969831
0.969877
0.969923
0.969992
0.970037
0.97006
0.970129
0.970175
0.970221
0.970266
0.970312
0.970358
0.970404
0.970449
0.970495
0.970541
0.970587
0.970633
0.970678
0.970747
0.970793
0.970839
0.970884
0.97093
0.970976
0.971022
0.971067
0.971113
0.971159
0.971205
0.971251
0.971296
0.971342
0.971388
0.971434
0.971479
0.971525
0.971571
0.971617
0.971663
0.971708
0.971754
0.971823
0.971869
0.971914
0.97196
0.971983
0.972052
0.972097
0.972143
0.972189
0.972235
0.972281
0.972326
0.972372
0.972418
0.972464
0.972502
0.972532
0.972563
0.972593
0.972624
0.97267
0.9727
0.972731
0.972761
0.972792
0.972822
0.972853
0.972883
0.972914
0.972944
0.972975
0.973005
0.973036
0.973078
0.973124
0.973169
0.973215
0.973261
0.973307
0.973352
0.973421
0.973444
0.973513
0.973558
0.973604
0.97365
0.973696
0.973742
0.973787
0.973833
0.973879
0.973925
0.97397
0.974016
0.974062
0.974108
0.974154
0.974199
0.974245
0.974291
0.974337
0.974382
0.974428
0.974474
0.97451
0.974556
0.974586
0.974617
0.974648
0.974678
0.974709
0.974739
0.97477
0.9748
0.974831
0.974861
0.974892
0.974922
0.974953
0.974983
0.975014
0.975044
0.975075
0.975105
0.975136
0.975166
0.975197
0.975227
0.975266
0.975334
0.975357
0.975403
0.975449
0.975494
0.975563
0.975586
0.975655
0.9757
0.975746
0.975792
0.975838
0.975883
0.975929
0.975975
0.976021
0.976067
0.976112
0.976158
0.976204
0.97625
0.976284
0.976315
0.976345
0.976376
0.976406
0.976437
0.976467
0.976498
0.976528
0.976574
0.976604
0.97662
0.976665
0.976696
0.976727
0.976757
0.976788
0.976818
0.976849
0.976879
0.97691
0.97694
0.976971
0.977001
0.977032
0.977062
0.977093
0.977123
0.977154
0.977184
0.977215
0.977245
0.977276
0.977322
0.977352
0.977383
0.977427
0.977472
0.977518
0.977564
0.97761
0.977655
0.977701
0.977747
0.977793
0.977839
0.977884
0.97793
0.977999
0.978022
0.978067
0.978125
0.978155
0.978186
0.978216
0.978247
0.978277
0.978308
0.978338
0.978369
0.978399
0.97843
0.97846
0.978491
0.978521
0.978552
0.978582
0.978613
0.978643
0.978674
0.978704
0.978735
0.978781
0.978796
0.978827
0.978857
0.978888
0.978933
0.978964
0.978994
0.97901
0.97904
0.979086
0.979116
0.979147
0.979177
0.979208
0.979239
0.979269
0.9793
0.97933
0.979361
0.979391
0.979422
0.979452
0.979483
0.979513
0.979544
0.979574
0.979605
0.979635
0.979666
0.979696
0.979727
0.979757
0.979788
0.979818
0.979849
0.979879
0.97991
0.97994
0.979971
0.980001
0.980032
0.980062
0.980093
0.980124
0.980169
0.980185
0.980215
0.980246
0.980276
0.980322
0.980337
0.980368
0.980398
0.980429
0.980474
0.98049
0.980536
0.980566
0.980597
0.980627
0.980658
0.980701
0.980747
0.980793
0.980839
0.980885
0.98093
0.980976
0.981022
0.981068
0.981108
0.981138
0.981169
0.981215
0.98123
0.98126
0.981291
0.981337
0.981367
0.981382
0.981413
0.981443
0.981489
0.98152
0.98155
0.981581
0.981611
0.981642
0.981672
0.981703
0.981733
0.981764
0.981794
0.981825
0.981855
0.981886
0.981916
0.981947
0.981977
0.982008
0.982038
0.982069
0.982115
0.982145
0.982176
0.982191
0.982237
0.982267
0.982298
0.982328
0.982359
0.982389
0.98242
0.98245
0.982481
0.982512
0.982542
0.982573
0.982603
0.982634
0.982664
0.982695
0.98274
0.982771
0.982801
0.982832
0.982862
0.982893
0.982924
0.982954
0.982985
0.983015
0.983046
0.983076
0.983107
0.983152
0.983183
0.983213
0.983244
0.983274
0.983305
0.983335
0.983366
0.983397
0.983427
0.983458
0.983488
0.983519
0.983549
0.98358
0.98361
0.983641
0.983671
0.983702
0.983732
0.983763
0.983793
0.983824
0.983854
0.983885
0.983915
0.983961
0.983992
0.984022
0.984053
0.984083
0.984114
0.984144
0.984175
0.984205
0.984238
0.984253
0.984268
0.984283
0.984299
0.984314
0.984329
0.984344
0.98436
0.984375
0.984398
0.984413
0.984428
0.984444
0.984459
0.984474
0.984493
0.984524
0.984554
0.984585
0.984615
0.984646
0.984676
0.984707
0.984753
0.984783
0.984798
0.984829
0.984875
0.984905
0.984936
0.984966
0.984997
0.985027
0.985058
0.985088
0.985119
0.985149
0.98518
0.98521
0.985256
0.985287
0.985317
0.985348
0.985378
0.985409
0.985439
0.98547
0.9855
0.985531
0.985559
0.985575
0.98559
0.985605
0.98562
0.985636
0.985651
0.985666
0.985682
0.985697
0.985712
0.985727
0.985743
0.985758
0.985773
0.985788
0.985804
0.985826
0.985842
0.985872
0.985903
0.985933
0.985964
0.985994
0.986025
0.986055
0.986086
0.986116
0.986147
0.986177
0.986208
0.986238
0.986269
0.9863
0.98633
0.986361
0.986391
0.986422
0.986452
0.986483
0.986513
0.986544
0.986574
0.986605
0.98665
0.986681
0.986712
0.986742
0.986769
0.986784
0.986799
0.986814
0.98683
0.986845
0.98686
0.986876
0.986891
0.986906
0.986929
0.986944
0.986959
0.986975
0.98699
0.987005
0.98702
0.987036
0.987051
0.987066
0.987089
0.987097
0.98712
0.987127
0.98715
0.987165
0.987183
0.987213
0.987244
0.987274
0.987305
0.987335
0.987366
0.987396
0.987442
0.987457
0.987488
0.987518
0.987549
0.987595
0.98761
0.987656
0.987671
0.987701
0.987747
0.987762
0.987808
0.987827
0.987843
0.987858
0.987873
0.987888
0.987904
0.987919
0.987934
0.987949
0.987965
0.98798
0.987995
0.98801
0.988026
0.988041
0.988056
0.988071
0.988087
0.988102
0.988117
0.988132
0.988148
0.988163
0.988178
0.988194
0.988209
0.988224
0.988239
0.988255
0.98827
0.988295
0.98831
0.988356
0.988371
0.988401
0.988432
0.988462
0.988508
0.988539
0.988569
0.9886
0.98863
0.988661
0.988691
0.988722
0.988752
0.988798
0.988829
0.988848
0.988863
0.988878
0.988894
0.988909
0.988924
0.988939
0.988955
0.988977
0.988993
0.989008
0.989023
0.989038
0.989054
0.989069
0.989084
0.9891
0.989115
0.98913
0.989153
0.989161
0.989183
0.989199
0.989214
0.989229
0.989244
0.98926
0.989275
0.98929
0.989305
0.989321
0.989336
0.989351
0.989367
0.989382
0.989405
0.98942
0.989435
0.98945
0.989466
0.989481
0.989496
0.989511
0.989527
0.989542
0.989557
0.989573
0.989588
0.989611
0.989618
0.989634
0.989656
0.989672
0.989695
0.98971
0.989756
0.989786
0.989817
0.989847
0.989878
0.989908
0.989939
0.989969
0.99
0.99003
0.990061
0.990088
0.990095
0.990118
0.990126
0.990149
0.990164
0.990179
0.990194
0.99021
0.990225
0.99024
0.990255
0.990278
0.990286
0.990309
0.990324
0.990339
0.990355
0.99037
0.990385
0.9904
0.990416
0.990431
0.990454
0.990461
0.990477
0.990492
0.990507
0.99053
0.990545
0.990561
0.990576
0.990591
0.990606
0.990622
0.990637
0.990652
0.990675
0.99069
0.990705
0.990721
0.990736
0.990751
0.990767
0.990782
0.990797
0.990812
0.990835
0.990843
0.990858
0.990873
0.990889
0.990904
0.990927
0.990942
0.99095
0.990973
0.990988
0.991003
0.991018
0.991034
0.991049
0.991064
0.991079
0.991095
0.99111
0.991125
0.99114
0.991156
0.991179
0.991186
0.991201
0.991217
0.991232
0.991247
0.99127
0.991278
0.991301
0.991316
0.991323
0.991346
0.991362
0.991377
0.991392
0.991407
0.991423
0.991438
0.991453
0.991468
0.991484
0.991499
0.991514
0.991529
0.991545
