0
3.05177e-05
6.10353e-05
9.1553e-05
0.000137329
0.000167847
0.000198364
0.000362397
0.000816345
0.00177383
0.00468826
0.00797272
0.0101089
0.0188179
0.0267982
0.0315132
0.0488167
0.0631599
0.0798759
0.0990372
0.120667
0.144745
0.171227
0.200008
0.230946
0.26387
0.298592
0.334896
0.372559
0.411343
0.451023
0.49136
0.532124
0.573082
0.614017
0.65472
0.694988
0.734615
0.773418
0.811226
0.865711
0.883198
0.917053
0.949306
0.979836
1.02217
1.03531
1.07173
1.09344
1.11308
1.13063
1.1461
1.1595
1.17087
1.18026
1.1877
1.19325
1.19697
1.19891
1.19915
1.19778
1.19489
1.19056
1.18491
1.17418
1.17006
1.16109
1.15124
1.14061
1.12933
1.11144
1.10527
1.08635
1.07349
1.06057
1.04766
1.03487
1.02228
1.00998
0.998062
0.986588
0.975632
0.965256
0.955502
0.946419
0.938042
0.930397
0.923485
0.917332
0.911942
0.907314
0.90345
0.900322
0.896999
0.89566
0.894997
0.89497
0.89555
0.896702
0.898392
0.900581
0.903221
0.906269
0.909683
0.913422
0.917435
0.921692
0.926151
0.930767
0.935505
0.940319
0.945171
0.950024
0.954853
0.959618
0.964287
0.968834
0.973244
0.977493
0.981556
0.985424
0.989071
0.992504
0.995693
0.999985
1.00129
1.00478
1.00677
1.00848
1.00991
1.01107
1.01196
1.01259
1.01296
1.01307
1.01296
1.01262
1.01207
1.01133
1.01041
1.00935
1.00814
1.00682
1.00541
1.00391
1.00234
1.00072
0.99905
0.997353
0.995644
0.993904
0.992165
0.989582
0.988728
0.986202
0.985378
0.983761
0.981426
0.97995
0.978542
0.977215
0.975967
0.974812
0.973751
0.972786
0.971924
0.971169
0.970516
0.969971
0.969528
0.969193
0.96896
0.968826
0.968803
0.968842
0.968983
0.969353
0.969692
0.9701
0.970573
0.9711
0.971668
0.972275
0.972912
0.973557
0.974228
0.974899
0.975555
0.976196
0.976818
0.977417
0.977989
0.978527
0.979031
0.979496
0.979916
0.980297
0.98064
0.981075
0.981308
0.981503
0.981659
0.981773
0.98185
0.981892
0.981899
0.981873
0.981812
0.98172
0.981602
0.981457
0.981289
0.981102
0.980888
0.980663
0.980297
0.98003
0.979755
0.979481
0.979202
0.978897
0.978592
0.978287
0.977982
0.977703
0.977428
0.977154
0.976879
0.976631
0.976387
0.976154
0.975941
0.975643
0.975552
0.97538
0.975155
0.975033
0.974922
0.974831
0.974758
0.974697
0.974663
0.974632
0.974632
0.974636
0.974682
0.974728
0.974789
0.974819
0.974945
0.975037
0.975132
0.975254
0.975376
0.975498
0.97562
0.975742
0.975891
0.976044
0.976196
0.976349
0.976501
0.976654
0.976807
0.976929
0.977051
0.977173
0.977295
0.977417
0.977539
0.977657
0.977749
0.97784
0.977932
0.978024
0.978115
0.978176
0.978237
0.978298
0.978359
0.97842
0.978477
0.978493
0.978523
0.978554
0.9786
0.97863
0.978657
0.978657
0.978657
0.978657
0.978657
0.978657
0.978657
0.978657
0.978657
0.978657
0.978657
0.978657
0.978657
0.978657
0.978657
0.978657
0.978657
0.978657
0.978657
0.978657
0.978657
0.978657
0.978657
0.978657
0.978657
0.978657
0.978657
0.978657
0.978657
0.97868
0.97871
0.978741
0.978771
0.978802
0.978832
0.978863
0.978893
0.978924
0.97897
0.978985
0.979031
0.979061
0.979092
0.979122
0.979153
0.979183
0.979214
0.979244
0.979275
0.979305
0.979336
0.979382
0.979397
0.979427
0.979458
0.979488
0.979519
0.979565
0.97958
0.979626
0.979656
0.979687
0.979717
0.979771
0.979832
0.979893
0.979954
0.980015
0.980076
0.980137
0.980198
0.980259
0.98032
0.980381
0.980423
0.980453
0.980499
0.98053
0.98056
0.980591
0.980621
0.980652
0.980682
0.980713
0.980743
0.980774
0.980804
0.980835
0.980865
0.980896
0.980927
0.980957
0.980988
0.981018
0.981049
0.981079
0.981125
0.981155
0.981186
0.981201
0.981247
0.981277
0.981308
0.981339
0.981369
0.9814
0.98143
0.981461
0.981491
0.981522
0.981567
0.981598
0.981628
0.981659
0.981689
0.98172
0.98175
0.981781
0.981812
0.981842
0.981873
0.981903
0.981934
0.981964
0.981964
0.981964
0.981964
0.981964
0.981964
0.981964
0.981964
0.981964
0.981964
0.981964
0.981964
0.981964
0.981976
0.982006
0.982052
0.982082
0.982113
0.982143
0.982174
0.982204
0.982235
0.982265
0.982296
0.982327
0.982357
0.982388
0.982418
0.982449
0.982479
0.98251
0.98254
0.982571
0.982601
0.982632
0.982662
0.982693
0.982723
0.982754
0.982784
0.982815
0.982845
0.982891
0.982922
0.982952
0.982983
0.983013
0.983044
0.983074
0.983105
0.983135
0.983166
0.983196
0.983227
0.983257
0.983288
0.983318
0.983349
0.983379
0.98341
0.98344
0.983471
0.983501
0.983532
0.983562
0.983608
0.983624
0.983669
0.9837
0.98373
0.983761
0.983791
0.983822
0.983852
0.983883
0.983913
0.983944
0.983974
0.984005
0.984035
0.984066
0.984097
0.984127
0.984158
0.984188
0.984219
0.984264
0.98428
0.98431
0.984341
0.984371
0.984417
0.984447
0.984478
0.984509
0.984539
0.98457
0.9846
0.984631
0.984653
0.984653
0.984653
0.984653
0.984653
0.984653
0.984653
0.984653
0.984653
0.984653
0.984653
0.984653
0.984653
0.984653
0.984653
0.984653
0.984653
0.984692
0.984722
0.984753
0.984768
0.984814
0.984844
0.984875
0.984905
0.984936
0.984966
0.984997
0.985027
0.985058
0.985088
0.985119
0.985149
0.98518
0.98521
0.985241
0.985271
0.985302
0.985332
0.985363
0.985394
0.985424
0.985455
0.985485
0.985516
0.985546
0.985577
0.985607
0.985638
0.985668
0.985699
0.985744
0.98576
0.985806
0.985821
0.985867
0.985897
0.985928
0.985958
0.985989
0.986019
0.98605
0.98608
0.986111
0.986141
0.986172
0.986202
0.986233
0.986263
0.986294
0.986324
0.986355
0.986385
0.986416
0.986446
0.986477
0.986507
0.986538
0.986568
0.986599
0.986599
0.986599
0.986599
0.986599
0.986599
0.986599
0.986599
0.986599
0.986599
0.986599
0.986599
0.986599
0.986599
0.986599
0.986599
0.986599
0.986599
0.986622
0.986652
0.986683
0.986713
0.986744
0.986774
0.986805
0.986835
0.986866
0.986897
0.986927
0.986958
0.986988
0.987034
0.987049
0.98708
0.987125
0.987141
0.987186
0.987217
0.987247
0.987278
0.987309
0.987339
0.98737
0.9874
0.987431
0.987461
0.987492
0.987522
0.987553
0.987583
0.987614
0.987644
0.987675
0.987705
0.987736
0.987766
0.987797
0.987827
0.987858
0.987904
0.987919
0.987965
0.987995
0.987999
0.987999
0.987999
0.987999
0.987999
0.987999
0.987999
0.987999
0.987999
0.987999
0.987999
0.987999
0.987999
0.987999
0.987999
0.987999
0.987999
0.987999
0.987999
0.988022
0.988037
0.988068
0.988113
0.988144
0.988174
0.988205
0.988235
0.988266
0.988297
0.988327
0.988358
0.988388
0.988419
0.988449
0.98848
0.98851
0.988541
0.988571
0.988602
0.988632
0.988663
0.988693
0.988724
0.988754
0.988785
0.988815
0.988846
0.988876
0.988907
0.988937
0.988968
0.988998
0.989029
0.989059
0.98909
0.98912
0.989151
0.989178
0.989178
0.989178
0.989178
0.989178
0.989178
0.989178
0.989178
0.989178
0.989178
0.989178
0.989178
0.989178
0.989178
0.989178
0.989178
0.989178
0.989178
0.989178
0.989178
0.989178
0.989178
0.989197
0.989227
0.989258
0.989288
0.989334
0.989365
0.98938
0.989426
0.989441
0.989487
0.989517
0.989548
0.989578
0.989609
0.989639
0.98967
0.9897
0.989731
0.989761
0.989792
0.989822
0.989853
0.989883
0.989914
0.989944
0.989975
0.990005
0.990051
0.990067
0.990112
0.990128
0.990173
0.990177
0.990177
0.990177
0.990177
0.990177
0.990177
0.990177
0.990177
0.990177
0.990177
0.990177
0.990177
0.990177
0.990177
0.990177
0.990177
0.990177
0.990177
0.990177
0.990177
0.990177
0.990177
0.990177
0.990204
0.990234
0.990265
0.990295
0.990326
0.990356
0.990387
0.990417
0.990448
0.990479
0.990509
0.990555
0.99057
0.990601
0.990646
0.990662
0.990692
0.990723
0.990753
0.990784
0.990814
0.99086
0.990891
0.990906
0.990936
0.990982
0.991013
0.991043
0.991074
0.991104
0.991104
0.991104
0.991104
0.991104
0.991104
0.991104
0.991104
0.991104
0.991104
0.991104
0.991104
0.991104
0.991104
0.991104
0.991104
0.991104
0.991104
0.991104
0.991104
0.991104
0.991104
0.991104
0.991104
0.991104
0.991104
0.991119
0.99115
0.99118
0.991211
0.991241
0.991272
0.991302
0.991348
0.991364
0.991409
0.99144
0.99147
0.991501
0.991531
0.991562
0.991592
0.991623
0.991653
0.991684
0.991714
0.991745
0.991776
0.991806
0.991837
0.991867
0.991882
0.991882
0.991882
0.991882
0.991882
0.991882
0.991882
0.991882
0.991882
0.991882
0.991882
0.991882
0.991882
0.991882
0.991882
0.991882
0.991882
0.991882
0.991882
0.991882
0.991882
0.991882
0.991882
0.991882
0.991882
0.991882
0.991882
0.991924
0.991955
0.991985
0.992016
0.992046
0.992077
0.992107
0.992138
0.992168
0.992199
0.992229
0.99226
0.99229
0.992321
0.992352
0.992382
0.992413
0.992443
0.992474
0.992504
0.992535
0.992565
0.992596
0.992622
0.992622
0.992622
0.992622
0.992622
0.992622
0.992622
0.992622
0.992622
0.992622
0.992622
0.992622
0.992622
0.992622
0.992622
0.992622
0.992622
0.992622
0.992622
0.992622
0.992622
0.992622
0.992622
0.992622
0.992622
0.992622
0.992622
0.992622
0.992622
0.992622
0.992638
0.992668
0.992699
0.992729
0.99276
0.99279
0.992821
0.992851
0.992897
0.992928
0.992943
0.992973
0.993019
0.99305
0.993065
0.993095
0.993141
0.993172
0.993202
0.993233
0.993263
0.993294
0.993305
0.993305
0.993305
0.993305
0.993305
0.993305
0.993305
0.993305
0.993305
0.993305
0.993305
0.993305
0.993305
0.993305
0.993305
0.993305
0.993305
0.993305
0.993305
0.993305
0.993305
0.993305
0.993305
0.993305
0.993305
0.993305
0.993305
0.993305
0.993305
0.993305
0.993305
0.993305
0.993305
