0
2.28881e-05
3.81469e-05
5.34057e-05
6.86645e-05
0.000110626
0.000274658
0.00071907
0.00166702
0.00335312
0.00601578
0.00987816
0.0151539
0.0220261
0.0306492
0.041151
0.0536251
0.0681229
0.0846615
0.103228
0.123764
0.146198
0.170416
0.209803
0.223673
0.252398
0.297626
0.328947
0.360985
0.377211
0.426428
0.459473
0.492495
0.525314
0.55776
0.589697
0.621
0.651548
0.681215
0.709892
0.73748
0.763893
0.789062
0.81292
0.835424
0.856543
0.876242
0.894514
0.91136
0.926783
0.940805
0.953451
0.964758
0.974764
0.983511
0.994421
1.0003
1.00284
1.00898
1.01192
1.01401
1.01532
1.01592
1.01586
1.01523
1.01408
1.01249
1.01052
1.00822
1.00567
1.00291
0.999983
0.996946
0.993841
0.990698
0.987555
0.984442
0.981386
0.978415
0.97418
0.971521
0.969019
0.967833
0.964537
0.96258
0.960817
0.959265
0.957922
0.956793
0.95587
0.955145
0.954622
0.95429
0.95413
0.954233
0.954493
0.954889
0.955423
0.956072
0.956823
0.957663
0.958582
0.959566
0.960604
0.962225
0.963324
0.964422
0.965521
0.9666
0.967653
0.968672
0.969645
0.970572
0.971445
0.972261
0.973017
0.973711
0.974344
0.974916
0.975428
0.975878
0.976274
0.976614
0.9769
0.977228
0.977312
0.977449
0.977541
0.977587
0.977594
0.977568
0.977457
0.977346
0.977205
0.977041
0.976854
0.976641
0.976412
0.976168
0.975908
0.975634
0.975359
0.975069
0.974611
0.974459
0.974154
0.973696
0.973543
0.973085
0.972933
0.972513
0.972239
0.971964
0.971712
0.971468
0.971228
0.971014
0.9708
0.970617
0.970434
0.970278
0.970125
0.969999
0.969877
0.969782
0.96969
0.969618
0.969557
0.969503
0.969473
0.969442
0.969431
0.969431
0.969431
0.969442
0.969473
0.969503
0.969534
0.969564
0.969622
0.969713
0.969744
0.969805
0.969866
0.969957
0.969988
0.970079
0.97011
0.970201
0.970232
0.970293
0.970354
0.970446
0.970507
0.970568
0.970629
0.97069
0.970751
0.970812
0.970873
0.970934
0.970995
0.971056
0.971117
0.971178
0.971239
0.9713
0.971361
0.971422
0.971483
0.971544
0.971605
0.971666
0.971727
0.971788
0.971849
0.971907
0.971937
0.971968
0.972013
0.972029
0.972059
0.972105
0.97212
0.972166
0.972181
0.972227
0.972258
0.972288
0.972319
0.972349
0.97238
0.97241
0.972441
0.972471
0.972502
0.972532
0.972563
0.972593
0.972624
0.972654
0.972685
0.972731
0.972761
0.972792
0.972822
0.972853
0.972883
0.972914
0.972944
0.972975
0.973005
0.973036
0.973066
0.973097
0.973139
0.9732
0.973261
0.973322
0.973383
0.973444
0.973505
0.973566
0.973627
0.973688
0.973749
0.97381
0.973871
0.973932
0.973993
0.974054
0.974115
0.974176
0.974237
0.974268
0.974298
0.974344
0.97436
0.974405
0.974436
0.974466
0.974497
0.974512
0.974543
0.974573
0.974619
0.974649
0.97468
0.97471
0.974741
0.974771
0.974802
0.974833
0.974863
0.974894
0.974924
0.974955
0.974985
0.975016
0.975061
0.975092
0.975122
0.975153
0.975183
0.975214
0.975245
0.975275
0.975306
0.975336
0.975367
0.975397
0.975428
0.975458
0.975489
0.975519
0.97555
0.97558
0.975611
0.975641
0.975672
0.975718
0.975733
0.975763
0.975794
0.975824
0.975882
0.975912
0.976004
0.976065
0.976126
0.976187
0.976248
0.976309
0.9764
0.976461
0.976522
0.976583
0.976645
0.976706
0.976748
0.976778
0.976809
0.976839
0.97687
0.9769
0.976931
0.976961
0.976992
0.977022
0.977053
0.977083
0.977114
0.977144
0.97719
0.977221
0.977251
0.977266
0.977312
0.977343
0.977373
0.977404
0.977434
0.977465
0.977495
0.977526
0.977556
0.977587
0.977617
0.977648
0.977678
0.977709
0.977739
0.97777
0.9778
0.977831
0.977861
0.977907
0.977922
0.977953
0.977999
0.978029
0.97806
0.97809
0.978121
0.978151
0.978182
0.978212
0.978243
0.978289
0.978319
0.97835
0.97838
0.978411
0.978441
0.978487
0.978502
0.978533
0.978563
0.978609
0.978624
0.978655
0.978701
0.978731
0.978762
0.978792
0.978823
0.978853
0.978884
0.978914
0.978945
0.978975
0.979006
0.979036
0.979067
0.979097
0.979128
0.979158
0.979189
0.979219
0.97925
0.97928
0.979311
0.979342
0.979372
0.979403
0.979433
0.979464
0.979494
0.979525
0.97957
0.979586
0.979631
0.979662
0.979692
0.979723
0.979753
0.979784
0.979815
0.97986
0.979891
0.979921
0.979952
0.979982
0.980013
0.980043
0.980074
0.980104
0.980135
0.980165
0.980196
0.980242
0.980272
0.980303
0.980333
0.980364
0.980394
0.980425
0.980455
0.980486
0.980516
0.980547
0.980577
0.980608
0.980654
0.980715
0.980776
0.980837
0.980898
0.980959
0.98105
0.981081
0.981165
0.98118
0.981211
0.981241
0.981287
0.981318
0.981348
0.981379
0.981409
0.98144
0.98147
0.981501
0.981531
0.981562
0.981592
0.981623
0.981653
0.981684
0.981714
0.98176
0.981775
0.981806
0.981836
0.981882
0.981913
0.981943
0.981974
0.982004
0.982035
0.98208
0.982096
0.982141
0.982172
0.982203
0.982233
0.982264
0.982294
0.982325
0.982355
0.982386
0.982416
0.982447
0.982477
0.982523
0.982538
0.982569
0.982599
0.982645
0.982676
0.982706
0.982737
0.982752
0.982798
0.982828
0.982859
0.982889
0.98292
0.98295
0.982981
0.983011
0.983042
0.983072
0.983103
0.983133
0.983164
0.983194
0.983225
0.983255
0.983301
0.983316
0.983347
0.983377
0.983408
0.983454
0.983484
0.983515
0.983545
0.983576
0.983606
0.983637
0.983667
0.983698
0.983728
0.983759
0.983789
0.98382
0.98385
0.983881
0.983912
0.983942
0.983973
0.984003
0.984034
0.984064
0.984095
0.984125
0.984156
0.984186
0.984217
0.984247
0.984278
0.984308
0.984339
0.984369
0.9844
0.98443
0.984476
0.984507
0.984522
0.984568
0.984583
0.984629
0.984659
0.98469
0.98472
0.984735
0.984781
0.984812
0.984842
0.984873
0.984903
0.984934
0.984964
0.984995
0.985025
0.985056
0.985086
0.985132
0.985147
0.985155
0.985155
0.985155
0.985155
0.985155
0.985155
0.985155
0.985155
0.985155
0.985155
0.985155
0.985155
0.985163
0.985193
0.985224
0.985254
0.985285
0.985315
0.985346
0.985376
0.985407
0.985453
0.985483
0.985514
0.985544
0.985575
0.985605
0.985636
0.985666
0.985697
0.985727
0.985758
0.985788
0.985819
0.985849
0.985895
0.985926
0.985956
0.985987
0.986017
0.986048
0.986078
0.986109
0.986139
0.98617
0.9862
0.986231
0.986261
0.986292
0.986322
0.986353
0.986383
0.986414
0.986444
0.986475
0.986521
0.986551
0.986582
0.986612
0.986643
0.986673
0.986704
0.986734
0.986765
0.986811
0.986841
0.986872
0.986876
0.986876
0.986876
0.986876
0.986876
0.986876
0.986876
0.986876
0.986876
0.986876
0.986876
0.986876
0.986876
0.986876
0.986876
0.986887
0.986917
0.986948
0.986979
0.987009
0.98704
0.98707
0.987101
0.987131
0.987162
0.987192
0.987223
0.987253
0.987284
0.987314
0.987345
0.987375
0.987406
0.987436
0.987467
0.987497
0.987528
0.987574
0.987604
0.987635
0.98765
0.987696
0.987726
0.987757
0.987787
0.987818
0.987848
0.987879
0.987909
0.98794
0.98797
0.988001
0.988031
0.988062
0.988092
0.988123
0.988153
0.988199
0.98823
0.988249
0.988249
0.988249
0.988249
0.988249
0.988249
0.988249
0.988249
0.988249
0.988249
0.988249
0.988249
0.988249
0.988249
0.988249
0.988249
0.988249
0.988249
0.988253
0.988283
0.988314
0.988344
0.988375
0.988405
0.988436
0.988466
0.988497
0.988527
0.988558
0.988588
0.988619
0.988649
0.988695
0.988726
0.988741
0.988771
0.988817
0.988848
0.988878
0.988909
0.988939
0.98897
0.989
0.989031
0.989061
0.989092
0.989122
0.989153
0.989183
0.989214
0.989244
0.989275
0.989305
0.989328
0.989328
0.989328
0.989328
0.989328
0.989328
0.989328
0.989328
0.989328
0.989328
0.989328
0.989328
0.989328
0.989328
0.989328
0.989328
0.989328
0.989328
0.989328
0.989344
0.989374
0.989405
0.98945
0.989481
0.989496
0.989542
0.989573
0.989603
0.989634
0.989664
0.989695
0.989725
0.989756
0.989786
0.989832
0.989847
0.989893
0.989923
0.989954
0.989985
0.990015
0.990046
0.990091
0.990122
0.990152
0.990183
0.990213
0.990244
0.990263
0.990263
0.990263
0.990263
0.990263
0.990263
0.990263
0.990263
0.990263
0.990263
0.990263
0.990263
0.990263
0.990263
0.990263
0.990263
0.990263
0.990263
0.990263
0.990263
0.990263
0.990263
0.990294
0.990324
0.990355
0.990385
0.990416
0.990446
0.990492
0.990522
0.990538
0.990568
0.990599
0.990644
0.990675
0.990705
0.990736
0.990767
0.990797
0.990828
0.990858
0.990889
0.990919
0.99095
0.99098
0.991011
0.991041
0.991072
0.991095
0.991095
0.991095
0.991095
0.991095
0.991095
0.991095
0.991095
0.991095
0.991095
0.991095
0.991095
0.991095
0.991095
0.991095
0.991095
0.991095
0.991095
0.991095
0.991095
0.991095
0.991095
0.991095
0.991125
0.991156
0.991186
0.991217
0.991247
0.991278
0.991308
0.991339
0.991369
0.9914
0.99143
0.991461
0.991491
0.991522
0.991552
0.991583
0.991629
0.991644
0.991674
0.99172
0.991751
0.991781
0.991812
0.991827
0.991858
0.991858
0.991858
0.991858
0.991858
0.991858
0.991858
0.991858
0.991858
0.991858
0.991858
0.991858
0.991858
0.991858
0.991858
0.991858
0.991858
0.991858
0.991858
0.991858
0.991858
0.991858
0.991858
0.991858
0.991858
0.991858
0.991877
0.991922
0.991953
0.991968
0.992014
0.992044
0.992075
0.992105
0.992136
0.992167
0.992197
0.992228
0.992258
0.992289
0.992319
0.99235
0.99238
0.992411
0.992441
0.992472
0.992502
0.992533
0.992563
0.992571
0.992571
0.992571
0.992571
0.992571
0.992571
0.992571
0.992571
0.992571
0.992571
0.992571
0.992571
0.992571
0.992571
0.992571
0.992571
0.992571
0.992571
0.992571
0.992571
0.992571
0.992571
0.992571
0.992571
0.992571
0.992571
0.992613
0.992643
0.992674
