0
0
0
0
0
0
0.000244141
0.000579834
0.00125122
0.00244141
0.00430298
0.00698853
0.0106506
0.0154419
0.0214539
0.0329285
0.0374451
0.0530701
0.0652466
0.0788269
0.093811
0.110138
0.127777
0.146667
0.166748
0.198975
0.221802
0.245605
0.270355
0.295929
0.322357
0.349487
0.377289
0.405731
0.434723
0.464203
0.509216
0.524414
0.555023
0.60141
0.632599
0.663849
0.695099
0.726349
0.757599
0.788849
0.819855
0.850708
0.881317
0.911652
0.94162
0.971252
1.01489
1.02921
1.07141
1.09885
1.12567
1.13889
1.17749
1.20236
1.22647
1.24982
1.27237
1.29413
1.315
1.33502
1.35416
1.37234
1.38956
1.40585
1.42856
1.44235
1.45517
1.46701
1.47787
1.48764
1.49643
1.50424
1.51099
1.51672
1.52148
1.52527
1.52795
1.52966
1.53046
1.53027
1.52917
1.52576
1.52234
1.51807
1.51559
1.5069
1.50006
1.49243
1.48404
1.47488
1.465
1.45441
1.44315
1.43124
1.41876
1.40567
1.39206
1.3779
1.36325
1.34818
1.33267
1.31677
1.30054
1.284
1.26712
1.25
1.22391
1.20633
1.18854
1.17963
1.1528
1.13474
1.11667
1.0986
1.08078
1.06296
1.0452
1.02762
1.01019
0.99292
0.975861
0.950745
0.934326
0.918213
0.902405
0.886932
0.871826
0.857056
0.842682
0.828735
0.815216
0.808624
0.789581
0.777496
0.7659
0.754852
0.744324
0.734314
0.724854
0.715973
0.703705
0.69989
0.689362
0.686127
0.677338
0.672211
0.667664
0.663727
0.660339
0.657562
0.655365
0.653748
0.65271
0.652222
0.652283
0.652924
0.654083
0.655792
0.65802
0.660767
0.664001
0.667725
0.671936
0.679077
0.684387
0.690125
0.696259
0.702759
0.709686
0.716919
0.724548
0.732483
0.740692
0.749207
0.757965
0.766998
0.780945
0.790466
0.800232
0.81012
0.820129
0.830322
0.840576
0.85083
0.861328
0.877075
0.882324
0.892822
0.908569
0.919067
0.929474
0.939728
0.949982
0.960144
0.970154
0.980042
0.989807
0.999359
1.00876
1.01797
1.02698
1.03577
1.04431
1.05261
1.06067
1.07227
1.07602
1.08331
1.09033
1.09708
1.10666
1.10971
1.11838
1.12381
1.12888
1.13364
1.13809
1.14215
1.1459
1.15091
1.15381
1.15637
1.15863
1.16052
1.16211
1.16333
1.16422
1.16495
1.16504
1.16483
1.16428
1.16342
1.16229
1.16086
1.15912
1.1571
1.15482
1.15091
1.14795
1.14474
1.14133
1.13766
1.13379
1.1297
1.1254
1.12094
1.1163
1.11145
1.10391
1.10135
1.09338
1.08801
1.0824
1.07678
1.07108
1.06522
1.05936
1.0535
1.04764
1.04178
1.03592
1.03006
1.0242
1.01834
1.01248
1.00662
1.00076
0.995056
0.989441
0.983826
0.978333
0.972961
0.96759
0.962433
0.957306
0.952301
0.947418
0.942596
0.937958
0.93335
0.928955
0.924591
0.920441
0.916382
0.912476
0.908722
0.90509
0.901672
0.898407
0.895294
0.892365
0.889648
0.887115
0.884766
0.882599
0.880646
0.878906
0.87735
0.875977
0.874786
0.873413
0.872711
0.872467
0.871948
0.871826
0.871887
0.872009
0.872589
0.873199
0.873962
0.874939
0.876099
0.87738
0.878845
0.880463
0.882172
0.884125
0.886139
0.888336
0.890625
0.893066
0.895599
0.898285
0.90097
0.9039
0.90683
0.909851
0.913025
0.916199
0.919373
0.92276
0.926178
0.929596
0.934723
0.936432
0.93985
0.943451
0.947113
0.950775
0.954437
0.957947
0.961365
0.964783
0.96991
0.971619
0.976746
0.978333
0.981506
0.986267
0.98938
0.99231
0.995239
0.998138
1.00082
1.00351
1.0098
1.01337
1.01447
1.01666
1.01981
1.02078
1.02371
1.02548
1.02719
1.0289
1.0304
1.03186
1.03329
1.03452
1.03574
1.0369
1.03787
1.03885
1.03973
1.04047
1.0412
1.04205
1.04254
1.043
1.04324
1.04349
1.04373
1.04373
1.04373
1.04373
1.04352
1.04327
1.04303
1.04266
1.04218
1.04144
1.0412
1.0405
1.0394
1.03903
1.03787
1.0369
1.03641
1.03494
1.03397
1.0329
1.03168
1.03046
1.02985
1.02802
1.02679
1.02557
1.02423
1.02277
1.0213
1.01984
1.01837
1.01691
1.01544
1.01398
1.01178
1.01031
1.00885
1.00739
1.00592
1.00446
1.00299
1.00153
1.00006
0.997864
0.996399
0.994934
0.993469
0.992004
0.99054
0.989075
0.98761
0.986145
0.983948
0.982483
0.981018
0.979553
0.978088
0.976868
0.975647
0.973816
0.972595
0.971375
0.970154
0.968933
0.967712
0.966492
0.964874
0.963898
0.963409
0.962433
0.960968
0.96048
0.959015
0.958099
0.957367
0.956635
0.955902
0.95517
0.954437
0.953705
0.953125
0.952637
0.952148
0.95166
0.951172
0.950439
0.950195
0.949951
0.949707
0.949463
0.949219
0.948975
0.948944
0.948944
0.948944
0.948944
0.948944
0.948944
0.949066
0.949432
0.949677
0.949921
0.950165
0.950409
0.950867
0.951355
0.951843
0.952332
0.95282
0.953308
0.953796
0.954285
0.954773
0.955261
0.955933
0.956665
0.957397
0.95813
0.958862
0.959595
0.960327
0.96106
0.961792
0.962891
0.963257
0.964355
0.964722
0.965454
0.966187
0.966919
0.968018
0.96875
0.969482
0.970215
0.971313
0.97168
0.972778
0.973511
0.974243
0.974976
0.975708
0.97644
0.977173
0.977905
0.978638
0.97937
0.980103
0.981201
0.981567
0.982422
0.982666
0.983154
0.983643
0.984375
0.984863
0.985107
0.985596
0.986084
0.986572
0.987305
0.987549
0.988525
0.989014
0.98938
0.989746
0.989868
0.990234
0.990356
0.990723
0.990845
0.991089
0.991333
0.991577
0.991943
0.992188
0.992432
0.992676
0.992859
0.992859
0.992859
0.992859
0.992859
0.992859
0.992859
0.992859
0.992859
0.992859
0.992859
0.992859
0.992859
0.992859
0.992859
0.992859
0.992859
0.992859
0.992859
0.992798
0.992554
0.99231
0.992065
0.991821
0.991455
0.991211
0.990967
0.990723
0.990479
0.990234
0.98999
0.989746
0.989502
0.989258
0.989014
0.98877
0.988525
0.988159
0.988037
0.987671
0.987427
0.987183
0.986938
0.986694
0.98645
0.986206
0.985962
0.985718
0.985474
0.985229
0.984985
0.984619
0.984375
0.984131
0.983887
0.983643
0.983398
0.983154
0.98291
0.982666
0.982422
0.982178
0.981812
0.981567
0.981323
0.981079
0.980835
0.980591
0.980347
0.980103
0.979858
0.979614
0.97937
0.979004
0.978882
0.978638
0.978271
0.978027
0.977783
0.977539
0.977295
0.977051
0.976807
0.976807
0.976807
0.976807
0.976807
0.976807
0.976807
0.976807
0.976807
0.976807
0.976807
0.976807
0.976807
0.976807
0.976807
0.976807
0.976807
0.976807
0.976807
0.976807
0.976807
0.976807
0.976807
0.976807
0.976807
0.976807
0.976807
0.976807
0.976807
0.976807
0.976807
0.976807
0.976807
0.976807
0.976807
0.976807
0.976807
0.976807
0.976807
0.976807
0.976807
0.977051
0.977295
0.977539
0.977783
0.978027
0.978271
0.978516
0.97876
0.979004
0.979248
0.979492
0.979736
0.97998
0.980225
0.980469
0.980713
0.981079
0.981201
0.981445
0.981812
0.981934
0.9823
0.982544
0.982788
0.983032
0.983276
0.983521
0.983765
0.984009
0.984253
0.984497
0.984741
0.984985
0.985229
0.985474
0.985718
0.985962
0.986206
0.986572
0.986816
0.986938
0.986938
0.986938
0.986938
0.986938
0.986938
0.986938
0.986938
0.986938
0.986938
0.986938
0.986938
0.986938
0.986938
0.986938
0.986938
0.986938
0.986938
0.986938
0.986938
0.986938
0.986938
0.986938
0.986938
0.986938
0.986938
0.986938
0.986938
0.986938
0.986938
0.986938
0.986938
0.986938
0.986938
0.986938
0.986938
0.986938
0.986938
0.986938
0.986938
0.986938
0.986938
0.986938
0.986938
0.986938
0.986938
0.986938
0.986938
0.986938
0.986938
0.986938
0.986938
0.986938
0.986938
0.986938
0.986938
0.986938
0.986938
0.986938
0.986938
0.986938
0.986938
0.986938
0.986938
0.986938
0.986938
0.986938
0.986938
0.986938
0.986938
0.986938
0.986938
0.986938
0.986938
0.986938
0.986938
0.986938
0.986938
0.986938
0.986938
0.986938
0.986938
0.986938
0.986938
0.986938
0.986938
0.986938
0.986938
0.986938
0.986938
0.986938
0.986938
0.986938
0.986938
0.986938
0.986938
0.986938
0.986938
0.986938
0.986938
0.986938
0.986938
0.986938
0.986938
0.986938
0.986938
0.986938
0.986938
0.986938
0.986938
0.986938
0.986938
0.986938
0.986938
0.986938
0.986938
0.986938
0.986938
0.986938
0.986938
0.986938
0.986938
0.986938
0.986938
0.986938
0.986938
0.986938
0.986938
0.986938
0.986938
0.986938
0.986938
0.986938
0.986938
0.986938
0.986938
0.986938
0.986938
0.986938
0.986938
0.986938
0.986938
0.986938
0.986938
0.986938
0.986938
0.986938
0.986938
0.986938
0.986938
0.986938
0.986938
0.986938
0.986938
0.986938
0.986938
0.986938
0.986938
0.986938
0.986938
0.986938
0.986938
0.986938
0.986938
0.986938
0.986938
0.986938
0.986938
0.986938
0.986938
0.986938
0.986938
0.986938
0.986938
0.986938
0.986938
0.986938
0.986938
0.986938
0.986938
0.986938
0.986938
0.986938
0.986938
0.986938
0.986938
0.986938
0.986938
0.986938
0.986938
0.986938
0.986938
0.986938
0.986938
0.986938
0.986938
0.986938
0.986938
0.986938
0.986938
0.986938
0.986938
0.986938
0.986938
0.986938
0.986938
0.986938
0.986938
0.986938
0.986938
0.986938
0.986938
0.986938
0.986938
0.986938
0.986938
0.986938
0.986938
0.986938
0.986938
0.986938
0.986938
0.986938
0.986938
0.986938
0.986938
0.986938
0.986938
0.986938
0.986938
0.986938
0.986938
0.986938
0.986938
0.986938
0.986938
0.986938
0.986938
0.986938
0.986938
0.986938
0.986938
0.986938
0.986938
0.986938
0.986938
0.986938
0.986938
0.986938
0.986938
0.986938
0.986938
0.986938
0.986938
0.986938
0.986938
0.986938
0.986938
0.986938
0.986938
0.986938
0.986938
0.986938
0.986938
0.986938
0.986938
0.986938
0.986938
0.986938
0.986938
0.986938
0.986938
0.986938
