0
0
0
0
0
0
0.000366211
0.000854492
0.00177002
0.00326538
0.00552368
0.00869751
0.0129089
0.01828
0.0249634
0.0329285
0.0422974
0.0530701
0.0652466
0.0788269
0.093811
0.110107
0.127716
0.156464
0.177094
0.198822
0.221619
0.245422
0.282776
0.295654
0.322021
0.349091
0.390991
0.419617
0.448792
0.463562
0.493378
0.538788
0.569397
0.600189
0.631195
0.662201
0.709015
0.740082
0.771088
0.802032
0.832794
0.863312
0.893555
0.923492
0.953064
0.982239
1.02518
1.03922
1.06689
1.09402
1.12051
1.15903
1.17154
1.19598
1.23126
1.25381
1.27551
1.29639
1.31641
1.33554
1.35373
1.37103
1.38739
1.40277
1.41718
1.43695
1.44305
1.4599
1.46991
1.47885
1.48679
1.49374
1.49973
1.50473
1.50876
1.51297
1.51456
1.51523
1.51498
1.51379
1.51172
1.50873
1.50262
1.49747
1.49152
1.48477
1.47723
1.46893
1.45511
1.44507
1.43436
1.423
1.41104
1.39853
1.38547
1.37186
1.35782
1.33588
1.32077
1.30527
1.28946
1.27332
1.2569
1.24023
1.22339
1.2063
1.18912
1.17178
1.15445
1.13708
1.11951
1.10205
1.07605
1.05872
1.05008
1.02444
1.0076
0.990906
0.974426
0.966278
0.942261
0.926605
0.911285
0.896301
0.881683
0.867432
0.853607
0.840179
0.827179
0.814606
0.802521
0.790924
0.779816
0.769196
0.759125
0.749542
0.740509
0.731995
0.72403
0.716614
0.709747
0.70343
0.697662
0.692474
0.687836
0.683746
0.680206
0.677216
0.674774
0.672882
0.671509
0.670685
0.67038
0.670929
0.671906
0.672577
0.675415
0.677887
0.680817
0.684235
0.686096
0.692352
0.697083
0.702179
0.707672
0.713562
0.719818
0.723083
0.736908
0.744324
0.752014
0.759949
0.768158
0.776611
0.785278
0.794128
0.803162
0.812378
0.821655
0.831177
0.840698
0.855255
0.865021
0.874786
0.884552
0.894318
0.904083
0.913849
0.923615
0.93338
0.943146
0.957458
0.96698
0.976257
0.985474
0.994507
1.00336
1.01202
1.02051
1.03281
1.04074
1.04846
1.05594
1.0632
1.07022
1.08029
1.0867
1.09283
1.09869
1.10425
1.10953
1.11453
1.12146
1.12363
1.12967
1.13327
1.13657
1.13809
1.14224
1.14459
1.14664
1.14835
1.14975
1.15085
1.15164
1.15225
1.15228
1.15216
1.15176
1.15057
1.15005
1.14877
1.14722
1.14542
1.14224
1.1398
1.13712
1.13419
1.13104
1.12769
1.12415
1.12042
1.11652
1.11237
1.11029
1.1037
1.09909
1.09442
1.08954
1.08466
1.07953
1.0744
1.06918
1.06381
1.05844
1.05307
1.04758
1.04196
1.03635
1.03073
1.02512
1.0195
1.01111
1.00574
1.00305
0.994995
0.989624
0.984436
0.979309
0.974182
0.969238
0.964355
0.959503
0.954865
0.950226
0.94574
0.941345
0.937042
0.932892
0.928833
0.924927
0.921112
0.91745
0.91394
0.910553
0.900085
0.897461
0.89502
0.892792
0.890717
0.888794
0.887085
0.88559
0.884247
0.883087
0.882111
0.881378
0.880798
0.880371
0.880127
0.880127
0.88028
0.880554
0.881042
0.88208
0.882996
0.884003
0.884613
0.887299
0.888824
0.890533
0.892334
0.894287
0.896362
0.89856
0.900818
0.903259
0.905701
0.908325
0.911011
0.913696
0.916595
0.919525
0.922455
0.925385
0.928528
0.931702
0.934875
0.938049
0.941223
0.944397
0.947571
0.950745
0.953918
0.957092
0.960266
0.96344
0.966614
0.969788
0.9729
0.97583
0.97876
0.981689
0.984619
0.987335
0.991364
0.994049
0.995331
0.998993
1.00143
1.00375
1.00595
1.00815
1.01025
1.01221
1.01416
1.01605
1.01776
1.01947
1.02115
1.02261
1.02408
1.02554
1.02676
1.02859
1.02972
1.03021
1.03168
1.03262
1.03336
1.03409
1.03482
1.03534
1.03583
1.03653
1.03677
1.03702
1.03726
1.03732
1.03732
1.03732
1.03729
1.03705
1.0368
1.03656
1.03625
1.03577
1.03528
1.03455
1.03394
1.0332
1.03247
1.03174
1.03101
1.03015
1.02917
1.0282
1.02722
1.02625
1.02527
1.02429
1.0231
1.02188
1.02066
1.01944
1.01822
1.017
1.01578
1.01456
1.01334
1.01212
1.01089
1.00967
1.00836
1.0069
1.00543
1.00397
1.0025
1.00104
0.999573
0.998108
0.996643
0.995178
0.992981
0.992249
0.990784
0.988861
0.988251
0.98703
0.985199
0.983978
0.982758
0.981537
0.980316
0.979095
0.977875
0.976654
0.975433
0.974213
0.972992
0.971771
0.970642
0.969177
0.968201
0.967224
0.966248
0.965271
0.964294
0.963318
0.962341
0.961517
0.960785
0.960052
0.95932
0.958588
0.957855
0.957123
0.956177
0.955688
0.955444
0.954712
0.954468
0.953735
0.953247
0.952911
0.952667
0.952423
0.952179
0.951935
0.951691
0.951447
0.951416
0.951416
0.951416
0.951416
0.951416
0.951416
0.951416
0.951599
0.951843
0.952087
0.952454
0.952576
0.95282
0.953186
0.953308
0.953918
0.954407
0.954895
0.955383
0.955872
0.95636
0.956848
0.957336
0.957825
0.958313
0.958801
0.95929
0.95993
0.960663
0.961395
0.962128
0.96286
0.963593
0.964325
0.965057
0.96579
0.966522
0.967255
0.968353
0.969086
0.969818
0.970551
0.970917
0.972015
0.972748
0.97348
0.974213
0.974945
0.975677
0.97641
0.977142
0.977875
0.978607
0.979248
0.979736
0.980225
0.980713
0.981201
0.981689
0.982422
0.982666
0.983398
0.983887
0.984375
0.984863
0.985352
0.98584
0.986328
0.986816
0.987305
0.98761
0.987854
0.988098
0.988342
0.988586
0.988831
0.989075
0.989319
0.989563
0.989807
0.990051
0.990295
0.99054
0.990784
0.991028
0.991272
0.991364
0.991364
0.991364
0.991364
0.991364
0.991364
0.991364
0.991364
0.991364
0.991364
0.991364
0.991364
0.991364
0.991364
0.991364
0.991364
0.991364
0.991364
0.991364
0.991364
0.991364
0.991028
0.990784
0.99054
0.990295
0.990051
0.989807
0.989563
0.989319
0.989075
0.988831
0.988586
0.988342
0.988098
0.987854
0.98761
0.987366
0.987122
0.986877
0.986633
0.986389
0.986145
0.985901
0.985657
0.985413
0.985168
0.984924
0.98468
0.984436
0.984192
0.983948
0.983704
0.983459
0.983215
0.982971
0.982727
0.982361
0.982117
0.981873
0.981628
0.981384
0.98114
0.980896
0.980652
0.980408
0.980042
0.979919
0.979553
0.979309
0.979065
0.978821
0.978577
0.978333
0.978088
0.977844
0.9776
0.977356
0.977173
0.977173
0.977173
0.977173
0.977173
0.977173
0.977173
0.977173
0.977173
0.977173
0.977173
0.977173
0.977173
0.977173
0.977173
0.977173
0.977173
0.977173
0.977173
0.977173
0.977173
0.977173
0.977173
0.977173
0.977173
0.977173
0.977173
0.977173
0.977173
0.977173
0.977173
0.977173
0.977173
0.977173
0.977173
0.977173
0.977173
0.977173
0.977173
0.977173
0.977173
0.977173
0.977173
0.977173
0.977173
0.977386
0.977631
0.977875
0.978241
0.978363
0.978607
0.978851
0.979095
0.979462
0.979706
0.979828
0.980072
0.980438
0.98056
0.980927
0.981049
0.981415
0.981659
0.981903
0.982147
0.982391
0.982635
0.98288
0.983124
0.983368
0.983612
0.983856
0.9841
0.984467
0.984711
0.984833
0.985199
0.985443
0.985687
0.985931
0.986176
0.98642
0.98645
0.98645
0.98645
0.98645
0.98645
0.98645
0.98645
0.98645
0.98645
0.98645
0.98645
0.98645
0.98645
0.98645
0.98645
0.98645
0.98645
0.98645
0.98645
0.98645
0.98645
0.98645
0.98645
0.98645
0.98645
0.98645
0.98645
0.98645
0.98645
0.98645
0.98645
0.98645
0.98645
0.98645
0.98645
0.98645
0.98645
0.98645
0.98645
0.98645
0.98645
0.98645
0.98645
0.98645
0.98645
0.98645
0.98645
0.98645
0.98645
0.98645
0.98645
0.98645
0.98645
0.98645
0.98645
0.98645
0.98645
0.98645
0.98645
0.98645
0.98645
0.98645
0.98645
0.98645
0.98645
0.98645
0.98645
0.98645
0.98645
0.98645
0.98645
0.98645
0.98645
0.98645
0.98645
0.98645
0.98645
0.98645
0.98645
0.98645
0.98645
0.98645
0.98645
0.98645
0.98645
0.98645
0.98645
0.98645
0.98645
0.98645
0.98645
0.98645
0.98645
0.98645
0.98645
0.98645
0.98645
0.98645
0.98645
0.98645
0.98645
0.98645
0.98645
0.98645
0.98645
0.98645
0.98645
0.98645
0.98645
0.98645
0.98645
0.98645
0.98645
0.98645
0.98645
0.98645
0.98645
0.98645
0.98645
0.98645
0.98645
0.98645
0.98645
0.98645
0.98645
0.98645
0.98645
0.98645
0.98645
0.98645
0.98645
0.98645
0.98645
0.98645
0.98645
0.98645
0.98645
0.98645
0.98645
0.98645
0.98645
0.98645
0.98645
0.98645
0.98645
0.98645
0.98645
0.98645
0.98645
0.98645
0.98645
0.98645
0.98645
0.98645
0.98645
0.98645
0.98645
0.98645
0.98645
0.98645
0.98645
0.98645
0.98645
0.98645
0.98645
0.98645
0.98645
0.98645
0.98645
0.98645
0.98645
0.98645
0.98645
0.98645
0.98645
0.98645
0.98645
0.98645
0.98645
0.98645
0.98645
0.98645
0.98645
0.98645
0.98645
0.98645
0.98645
0.98645
0.98645
0.98645
0.98645
0.98645
0.98645
0.98645
0.98645
0.98645
0.98645
0.98645
0.98645
0.98645
0.98645
0.98645
0.98645
0.98645
0.98645
0.98645
0.98645
0.98645
0.98645
0.98645
0.98645
0.98645
0.98645
0.98645
0.98645
0.98645
0.98645
0.98645
0.98645
0.98645
0.98645
0.98645
0.98645
0.98645
0.98645
0.98645
0.98645
0.98645
0.98645
0.98645
0.98645
0.98645
0.98645
0.98645
0.98645
0.98645
0.98645
0.98645
0.98645
0.98645
0.98645
0.98645
0.98645
0.98645
0.98645
0.98645
0.98645
0.98645
0.98645
0.98645
0.98645
0.98645
0.98645
0.98645
0.98645
0.98645
0.98645
0.98645
0.98645
0.98645
0.98645
0.98645
0.98645
0.98645
0.98645
0.98645
0.98645
0.98645
0.98645
0.98645
0.98645
0.98645
0.98645
0.98645
0.98645
0.98645
0.986481
0.986725
