0
0
0
0
0
0
0.000244141
0.000579834
0.00125122
0.00244141
0.00430298
0.00698853
0.0106506
0.0154724
0.0214844
0.0288086
0.0374756
0.0475464
0.0590515
0.0719299
0.0862427
0.101929
0.118927
0.137177
0.156647
0.177307
0.199036
0.221832
0.245636
0.270294
0.308868
0.322113
0.349152
0.39093
0.405151
0.448547
0.478058
0.49295
0.538177
0.568665
0.584015
0.630249
0.661255
0.692261
0.723267
0.754272
0.785034
0.815674
0.8461
0.876251
0.906097
0.935547
0.9646
0.993164
1.02124
1.0488
1.07578
1.10214
1.1279
1.15295
1.17731
1.20093
1.22382
1.24591
1.26721
1.28766
1.29758
1.32605
1.34393
1.3609
1.37701
1.39938
1.4064
1.41971
1.43204
1.44339
1.4538
1.46332
1.47577
1.47943
1.48895
1.49408
1.49823
1.5014
1.50363
1.50497
1.50534
1.50479
1.50333
1.50101
1.4978
1.49374
1.48883
1.48312
1.47308
1.46545
1.45709
1.44803
1.43829
1.42792
1.4169
1.40527
1.3931
1.3804
1.36716
1.35349
1.33936
1.3248
1.30225
1.29456
1.271
1.25494
1.24683
1.23041
1.21381
1.19699
1.18011
1.16302
1.14594
1.12885
1.10321
1.09467
1.07758
1.06049
1.03513
1.0267
1.01004
0.985352
0.977234
0.953247
0.937561
0.92984
0.907135
0.892395
0.878021
0.863983
0.850342
0.837128
0.82431
0.811951
0.800049
0.788635
0.77771
0.767273
0.757324
0.747894
0.739014
0.730652
0.722839
0.715576
0.708862
0.702698
0.697083
0.692047
0.687592
0.681946
0.680328
0.677521
0.675262
0.672913
0.672394
0.671753
0.671661
0.672485
0.673676
0.674469
0.677582
0.680237
0.68335
0.68692
0.690948
0.695404
0.700256
0.705505
0.711151
0.717163
0.723511
0.730225
0.737213
0.744507
0.752106
0.759979
0.768097
0.776428
0.784973
0.793762
0.802734
0.811829
0.821106
0.830475
0.839996
0.849518
0.859283
0.869049
0.878815
0.893463
0.898346
0.908112
0.917877
0.932526
0.942291
0.947052
0.956573
0.966095
0.975372
0.984589
0.993622
1.0025
1.01547
1.02386
1.03207
1.04007
1.04785
1.05539
1.06268
1.06973
1.07654
1.0831
1.08939
1.0954
1.10114
1.1066
1.11176
1.11661
1.12115
1.1254
1.12933
1.13293
1.13623
1.13922
1.14185
1.14417
1.14621
1.14792
1.14929
1.15079
1.15115
1.15158
1.15173
1.1517
1.15082
1.14996
1.1488
1.1474
1.14474
1.14377
1.14157
1.13913
1.13498
1.13196
1.13037
1.12701
1.12344
1.11969
1.11371
1.11163
1.10513
1.10062
1.0983
1.09116
1.08627
1.08121
1.07608
1.07352
1.07092
1.05481
1.04944
1.04385
1.03824
1.03262
1.02701
1.02139
1.01584
1.01047
1.0051
0.999725
0.994354
0.989105
0.983978
0.978851
0.973816
0.968933
0.96405
0.95932
0.954681
0.950104
0.945709
0.941315
0.937134
0.932983
0.929016
0.923248
0.921417
0.916077
0.914368
0.911041
0.907867
0.904907
0.900726
0.898163
0.895752
0.893555
0.891541
0.889709
0.888031
0.886566
0.885315
0.884216
0.883301
0.882568
0.88205
0.881683
0.88147
0.88147
0.881653
0.881958
0.882446
0.883118
0.883911
0.884888
0.886017
0.887238
0.888702
0.890228
0.891937
0.893738
0.895691
0.897736
0.899933
0.902161
0.904602
0.907043
0.909637
0.912323
0.916412
0.917877
0.920807
0.925201
0.926666
0.931366
0.932953
0.936127
0.940887
0.944061
0.947235
0.950409
0.953583
0.956757
0.95993
0.963104
0.966278
0.969452
0.972565
0.975494
0.978424
0.981354
0.984253
0.986938
0.989624
0.99231
0.994873
0.997314
0.999756
1.00211
1.0043
1.0065
1.00867
1.01062
1.01355
1.0145
1.0162
1.01791
1.01962
1.02182
1.02255
1.02402
1.02591
1.02652
1.02832
1.0293
1.03027
1.03125
1.03201
1.03238
1.03238
1.03238
1.03455
1.03503
1.03546
1.03571
1.03595
1.03619
1.03625
1.03625
1.03625
1.03622
1.03598
1.03574
1.03549
1.03522
1.03473
1.03424
1.03375
1.03326
1.03262
1.03189
1.03116
1.03043
1.02969
1.02884
1.02786
1.02689
1.02591
1.02493
1.02396
1.02298
1.02185
1.02063
1.01941
1.01819
1.01636
1.01514
1.01453
1.0127
1.01208
1.01086
1.00964
1.00842
1.00659
1.00537
1.00415
1.00293
1.00232
1.00049
0.999268
0.998047
0.996826
0.995605
0.994385
0.993164
0.992554
0.990723
0.989502
0.988281
0.987061
0.98584
0.984619
0.982788
0.982178
0.980957
0.979736
0.978516
0.977295
0.976074
0.974854
0.973633
0.972137
0.971161
0.970673
0.969696
0.968231
0.967255
0.966278
0.96579
0.964325
0.96344
0.962708
0.961975
0.961243
0.96051
0.959778
0.959045
0.958313
0.957703
0.957214
0.956726
0.956238
0.95575
0.955261
0.954773
0.954376
0.954132
0.953888
0.953644
0.9534
0.953156
0.952911
0.952728
0.952728
0.952728
0.952728
0.952728
0.952728
0.952728
0.952789
0.953033
0.953156
0.953522
0.953766
0.95401
0.954254
0.954498
0.954742
0.955078
0.955566
0.956055
0.956543
0.957031
0.95752
0.958008
0.958496
0.958984
0.959473
0.959961
0.960449
0.960938
0.961426
0.961914
0.962616
0.963715
0.964081
0.964813
0.965912
0.966278
0.96701
0.967743
0.968475
0.969208
0.96994
0.970673
0.971405
0.972137
0.973236
0.973602
0.974335
0.975067
0.9758
0.976837
0.977325
0.97757
0.978302
0.97879
0.979279
0.979767
0.980255
0.980743
0.981232
0.98172
0.981964
0.982697
0.983185
0.983673
0.984161
0.98465
0.985138
0.985626
0.986115
0.986389
0.986633
0.986877
0.987122
0.987366
0.98761
0.987854
0.988098
0.988342
0.988586
0.988831
0.989075
0.989319
0.989563
0.989807
0.990051
0.990295
0.990387
0.990387
0.990387
0.990387
0.990387
0.990387
0.990387
0.990387
0.990387
0.990387
0.990387
0.990387
0.990387
0.990387
0.990387
0.990387
0.990387
0.990387
0.990387
0.990387
0.990387
0.990387
0.990387
0.990234
0.990112
0.989746
0.989502
0.989258
0.989014
0.98877
0.988525
0.988281
0.988037
0.987793
0.987549
0.987305
0.987061
0.986816
0.986572
0.986328
0.986084
0.98584
0.985596
0.985352
0.985107
0.984863
0.984619
0.984375
0.984131
0.983887
0.983643
0.983398
0.983032
0.982788
0.982666
0.982422
0.982056
0.981812
0.981567
0.981323
0.981201
0.980835
0.980591
0.980347
0.980103
0.979858
0.979614
0.97937
0.979126
0.978882
0.978638
0.978394
0.978149
0.977905
0.977722
0.977722
0.977722
0.977722
0.977722
0.977722
0.977722
0.977722
0.977722
0.977722
0.977722
0.977722
0.977722
0.977722
0.977722
0.977722
0.977722
0.977722
0.977722
0.977722
0.977722
0.977722
0.977722
0.977722
0.977722
0.977722
0.977722
0.977722
0.977722
0.977722
0.977722
0.977722
0.977722
0.977722
0.977722
0.977722
0.977722
0.977722
0.977722
0.977722
0.977722
0.977722
0.977722
0.977722
0.977722
0.977722
0.977722
0.977722
0.977722
0.977722
0.977722
0.977936
0.97818
0.978424
0.978668
0.978912
0.979156
0.979401
0.979645
0.979889
0.980255
0.980377
0.980621
0.980865
0.981232
0.981476
0.98172
0.981964
0.982208
0.982452
0.982697
0.982941
0.983185
0.983429
0.983673
0.983917
0.984161
0.984406
0.98465
0.984894
0.985138
0.985382
0.985626
0.985748
0.986084
0.986084
0.986084
0.986084
0.986084
0.986084
0.986084
0.986084
0.986084
0.986084
0.986084
0.986084
0.986084
0.986084
0.986084
0.986084
0.986084
0.986084
0.986084
0.986084
0.986084
0.986084
0.986084
0.986084
0.986084
0.986084
0.986084
0.986084
0.986084
0.986084
0.986084
0.986084
0.986084
0.986084
0.986084
0.986084
0.986084
0.986084
0.986084
0.986084
0.986084
0.986084
0.986084
0.986084
0.986084
0.986084
0.986084
0.986084
0.986084
0.986084
0.986084
0.986084
0.986084
0.986084
0.986084
0.986084
0.986084
0.986084
0.986084
0.986084
0.986084
0.986084
0.986084
0.986084
0.986084
0.986084
0.986084
0.986084
0.986084
0.986084
0.986084
0.986084
0.986084
0.986084
0.986084
0.986084
0.986084
0.986084
0.986084
0.986084
0.986084
0.986084
0.986084
0.986084
0.986084
0.986084
0.986084
0.986084
0.986084
0.986084
0.986084
0.986084
0.986084
0.986084
0.986084
0.986084
0.986084
0.986084
0.986084
0.986084
0.986084
0.986084
0.986084
0.986084
0.986084
0.986084
0.986084
0.986084
0.986084
0.986084
0.986084
0.986084
0.986084
0.986084
0.986084
0.986084
0.986084
0.986084
0.986084
0.986084
0.986084
0.986084
0.986084
0.986084
0.986084
0.986084
0.986084
0.986084
0.986084
0.986084
0.986084
0.986084
0.986084
0.986084
0.986084
0.986084
0.986084
0.986084
0.986084
0.986084
0.986084
0.986084
0.986084
0.986084
0.986084
0.986084
0.986084
0.986084
0.986084
0.986084
0.986084
0.986084
0.986084
0.986084
0.986084
0.986084
0.986084
0.986084
0.986084
0.986084
0.986084
0.986084
0.986084
0.986084
0.986084
0.986084
0.986084
0.986084
0.986084
0.986084
0.986084
0.986084
0.986084
0.986084
0.986084
0.986084
0.986084
0.986084
0.986084
0.986084
0.986084
0.986084
0.986084
0.986084
0.986084
0.986084
0.986084
0.986084
0.986084
0.986084
0.986084
0.986084
0.986084
0.986084
0.986084
0.986084
0.986084
0.986084
0.986084
0.986084
0.986084
0.986084
0.986084
0.986084
0.986084
0.986084
0.986084
0.986084
0.986084
0.986084
0.986084
0.986084
0.986084
0.986084
0.986084
0.986084
0.986084
0.986084
0.986084
0.986084
0.986084
0.986084
0.986084
0.986084
0.986084
0.986084
0.986084
0.986084
0.986084
0.986084
0.986084
0.986084
0.986084
0.986084
0.986084
0.986084
0.986084
0.986084
0.986084
0.986084
0.986084
0.986084
0.986084
0.986084
0.986084
0.986084
0.986084
0.986084
0.986084
0.986084
0.986084
0.986084
0.986084
0.986084
0.986084
0.986084
0.986084
0.986084
0.986084
0.986084
0.986084
0.986084
0.986115
0.986359
0.986603
0.986847
0.987213
0.987335
