0
0
0
0
0
0
0.000244141
0.000579834
0.00125122
0.00244141
0.00552368
0.00869751
0.0129089
0.01828
0.0249634
0.0329285
0.0422974
0.0531006
0.0652771
0.0788574
0.0938416
0.110138
0.127716
0.146576
0.166626
0.187805
0.210022
0.233215
0.257385
0.28244
0.308319
0.33493
0.362244
0.390198
0.418762
0.447815
0.477356
0.507294
0.537628
0.568237
0.599091
0.630096
0.661346
0.708221
0.723846
0.770721
0.80188
0.817383
0.863647
0.878937
0.924408
0.954285
0.983734
1.01273
1.04123
1.06921
1.09659
1.12341
1.14954
1.17496
1.19968
1.22363
1.24677
1.2691
1.29062
1.31125
1.33102
1.34985
1.3678
1.38477
1.40076
1.41577
1.42981
1.44287
1.45496
1.46606
1.4761
1.48514
1.49319
1.50027
1.50626
1.51126
1.51529
1.5195
1.52042
1.52151
1.52164
1.52078
1.51785
1.51477
1.51288
1.50595
1.50027
1.49377
1.48651
1.47845
1.46964
1.46011
1.44989
1.43903
1.42752
1.41541
1.40271
1.3895
1.37576
1.36154
1.34689
1.33185
1.31638
1.3006
1.28448
1.26807
1.2514
1.23453
1.21744
1.2002
1.18286
1.16537
1.1478
1.13022
1.11264
1.09506
1.07748
1.06003
1.04269
1.02545
1.00836
0.991486
0.966553
0.958374
0.934235
0.9263
0.910736
0.88797
0.880554
0.858856
0.844849
0.831299
0.818176
0.805481
0.793274
0.781555
0.770325
0.759583
0.74939
0.735077
0.730591
0.722015
0.710175
0.706512
0.696411
0.693329
0.687592
0.680054
0.677826
0.672058
0.67041
0.666351
0.664368
0.662933
0.662415
0.661835
0.661774
0.662689
0.663971
0.665741
0.66806
0.670868
0.674164
0.677887
0.682098
0.686737
0.691772
0.697235
0.703094
0.70932
0.715912
0.72287
0.730133
0.737701
0.745575
0.753723
0.762115
0.770752
0.779602
0.788635
0.797913
0.807343
0.816864
0.82663
0.836395
0.846375
0.856384
0.866394
0.876404
0.891785
0.896912
0.912292
0.922302
0.927307
0.937317
0.952301
0.962067
0.971832
0.981354
0.990784
1.00006
1.00912
1.01801
1.0267
1.03519
1.04343
1.05145
1.05923
1.06677
1.07404
1.08105
1.0878
1.09427
1.10046
1.10638
1.112
1.11731
1.12231
1.12701
1.13135
1.13538
1.1391
1.14246
1.14551
1.14825
1.15063
1.15271
1.15448
1.15649
1.15698
1.15778
1.15833
1.15833
1.15796
1.15771
1.15643
1.15524
1.15375
1.15198
1.14993
1.14761
1.14505
1.14224
1.13919
1.13593
1.13245
1.12875
1.12485
1.12073
1.11646
1.11206
1.10742
1.10269
1.10269
1.08765
1.0824
1.07703
1.07166
1.0661
1.06049
1.05487
1.04926
1.04364
1.03802
1.03241
1.02679
1.02118
1.01556
1.00995
1.00433
0.998932
0.993561
0.98819
0.982941
0.977814
0.970123
0.967682
0.960358
0.955566
0.950928
0.946289
0.941895
0.9375
0.933289
0.929138
0.925171
0.921265
0.917603
0.914032
0.910614
0.907379
0.904266
0.901337
0.898621
0.896057
0.892548
0.891449
0.889465
0.887634
0.885986
0.884521
0.88327
0.882202
0.881287
0.88031
0.880066
0.87973
0.879547
0.879639
0.879883
0.880096
0.880951
0.881317
0.88266
0.883728
0.884338
0.886353
0.887817
0.889526
0.891296
0.89325
0.895264
0.897461
0.899689
0.90213
0.904572
0.907166
0.909851
0.912537
0.915405
0.918335
0.921265
0.924194
0.927368
0.930542
0.933716
0.93689
0.940063
0.943237
0.946411
0.949585
0.952759
0.955933
0.959106
0.96228
0.965454
0.968628
0.971802
0.974976
0.977997
0.980927
0.983856
0.986786
0.989563
0.992249
0.994934
0.997559
1
1.00244
1.00488
1.00818
1.00928
1.01245
1.0144
1.01538
1.01822
1.01993
1.02164
1.02325
1.02472
1.02618
1.02759
1.02881
1.03003
1.03119
1.03217
1.03314
1.03409
1.03482
1.03555
1.03629
1.0368
1.03754
1.03778
1.03809
1.03833
1.0387
1.03873
1.03873
1.03873
1.03864
1.03839
1.03815
1.0379
1.03751
1.03702
1.03653
1.03604
1.03543
1.0347
1.03397
1.03323
1.0325
1.03159
1.03061
1.02963
1.02866
1.02768
1.0267
1.02557
1.02435
1.02313
1.02191
1.02069
1.01947
1.01825
1.01703
1.01581
1.01459
1.01324
1.01105
1.00958
1.00812
1.00665
1.00519
1.00372
1.00226
1.00079
0.999329
0.997864
0.996399
0.994934
0.993469
0.992004
0.99054
0.989075
0.98761
0.986206
0.984985
0.983765
0.982544
0.981323
0.980103
0.978882
0.977661
0.97644
0.974609
0.973999
0.972778
0.971558
0.970337
0.968811
0.968323
0.966858
0.965881
0.964905
0.963928
0.962952
0.961975
0.96109
0.960358
0.959625
0.958893
0.95816
0.957428
0.956696
0.955963
0.955475
0.954987
0.954498
0.95401
0.953522
0.953033
0.952606
0.952362
0.952118
0.951874
0.95163
0.951385
0.951141
0.95105
0.95105
0.95105
0.95105
0.95105
0.95105
0.95105
0.951202
0.951569
0.951691
0.951935
0.952301
0.952423
0.952789
0.953033
0.953278
0.95401
0.954498
0.954987
0.955475
0.955963
0.956451
0.95694
0.957428
0.957916
0.958405
0.958984
0.959717
0.960449
0.961182
0.961914
0.962646
0.963379
0.964111
0.964844
0.965576
0.966309
0.967041
0.967773
0.968506
0.969238
0.969971
0.970703
0.971436
0.972168
0.9729
0.973633
0.974731
0.975098
0.97583
0.976929
0.977295
0.978027
0.97876
0.979614
0.980103
0.980591
0.981079
0.981567
0.982056
0.982544
0.983032
0.983521
0.984009
0.984497
0.984985
0.985474
0.985962
0.98645
0.986938
0.987396
0.98764
0.987885
0.988129
0.988373
0.988617
0.988861
0.989105
0.989349
0.989594
0.989838
0.990082
0.990326
0.99057
0.990814
0.991058
0.991302
0.991302
0.991302
0.991302
0.991302
0.991302
0.991302
0.991302
0.991302
0.991302
0.991302
0.991302
0.991302
0.991302
0.991302
0.991302
0.991302
0.991302
0.991302
0.991302
0.991302
0.991272
0.991028
0.990784
0.99054
0.990295
0.990051
0.989807
0.989563
0.989319
0.989075
0.988831
0.988586
0.988342
0.988098
0.987854
0.98761
0.987366
0.987122
0.986877
0.986633
0.986389
0.986145
0.985901
0.985657
0.985413
0.985168
0.984924
0.98468
0.984436
0.984192
0.983948
0.983704
0.983459
0.983093
0.982849
0.982605
0.982361
0.982117
0.981873
0.981628
0.981384
0.98114
0.980896
0.980652
0.980408
0.980164
0.979919
0.979675
0.979431
0.979187
0.978943
0.978699
0.978455
0.97821
0.977966
0.977722
0.977478
0.977234
0.977112
0.977112
0.977112
0.977112
0.977112
0.977112
0.977112
0.977112
0.977112
0.977112
0.977112
0.977112
0.977112
0.977112
0.977112
0.977112
0.977112
0.977112
0.977112
0.977112
0.977112
0.977112
0.977112
0.977112
0.977112
0.977112
0.977112
0.977112
0.977112
0.977112
0.977112
0.977112
0.977112
0.977112
0.977112
0.977112
0.977112
0.977112
0.977112
0.977112
0.977112
0.977112
0.977112
0.977112
0.977234
0.977478
0.977722
0.977966
0.97821
0.978455
0.978699
0.978943
0.979187
0.979431
0.979675
0.979919
0.980164
0.980408
0.980652
0.980896
0.98114
0.981384
0.981628
0.981873
0.982117
0.982361
0.982605
0.982971
0.983093
0.983459
0.983704
0.983948
0.984192
0.984436
0.98468
0.984924
0.985168
0.985413
0.985657
0.985901
0.986145
0.986389
0.986481
0.986481
0.986481
0.986481
0.986481
0.986481
0.986481
0.986481
0.986481
0.986481
0.986481
0.986481
0.986481
0.986481
0.986481
0.986481
0.986481
0.986481
0.986481
0.986481
0.986481
0.986481
0.986481
0.986481
0.986481
0.986481
0.986481
0.986481
0.986481
0.986481
0.986481
0.986481
0.986481
0.986481
0.986481
0.986481
0.986481
0.986481
0.986481
0.986481
0.986481
0.986481
0.986481
0.986481
0.986481
0.986481
0.986481
0.986481
0.986481
0.986481
0.986481
0.986481
0.986481
0.986481
0.986481
0.986481
0.986481
0.986481
0.986481
0.986481
0.986481
0.986481
0.986481
0.986481
0.986481
0.986481
0.986481
0.986481
0.986481
0.986481
0.986481
0.986481
0.986481
0.986481
0.986481
0.986481
0.986481
0.986481
0.986481
0.986481
0.986481
0.986481
0.986481
0.986481
0.986481
0.986481
0.986481
0.986481
0.986481
0.986481
0.986481
0.986481
0.986481
0.986481
0.986481
0.986481
0.986481
0.986481
0.986481
0.986481
0.986481
0.986481
0.986481
0.986481
0.986481
0.986481
0.986481
0.986481
0.986481
0.986481
0.986481
0.986481
0.986481
0.986481
0.986481
0.986481
0.986481
0.986481
0.986481
0.986481
0.986481
0.986481
0.986481
0.986481
0.986481
0.986481
0.986481
0.986481
0.986481
0.986481
0.986481
0.986481
0.986481
0.986481
0.986481
0.986481
0.986481
0.986481
0.986481
0.986481
0.986481
0.986481
0.986481
0.986481
0.986481
0.986481
0.986481
0.986481
0.986481
0.986481
0.986481
0.986481
0.986481
0.986481
0.986481
0.986481
0.986481
0.986481
0.986481
0.986481
0.986481
0.986481
0.986481
0.986481
0.986481
0.986481
0.986481
0.986481
0.986481
0.986481
0.986481
0.986481
0.986481
0.986481
0.986481
0.986481
0.986481
0.986481
0.986481
0.986481
0.986481
0.986481
0.986481
0.986481
0.986481
0.986481
0.986481
0.986481
0.986481
0.986481
0.986481
0.986481
0.986481
0.986481
0.986481
0.986481
0.986481
0.986481
0.986481
0.986481
0.986481
0.986481
0.986481
0.986481
0.986481
0.986481
0.986481
0.986481
0.986481
0.986481
0.986481
0.986481
0.986481
0.986481
0.986481
0.986481
0.986481
0.986481
0.986481
0.986481
0.986481
0.986481
0.986481
0.986481
0.986481
0.986481
0.986481
0.986481
0.986481
0.986481
0.986481
0.986481
0.986481
0.986481
0.986481
0.986481
0.986481
0.986481
0.986481
0.986481
0.986481
0.986481
0.986481
0.986481
0.986481
0.986481
0.986481
0.986481
0.986481
0.986481
0.986481
0.986481
0.986481
0.986481
0.986481
0.986481
0.986481
0.986481
0.986481
0.986481
0.986481
0.986481
0.986481
0.986481
0.986481
0.986481
0.986481
