0
0
0
0
0
0
0.000244141
0.000579834
0.00125122
0.00244141
0.00430298
0.00698853
0.0106506
0.0154419
0.0214539
0.0287781
0.0374451
0.0475159
0.0589905
0.0718689
0.0861511
0.110138
0.118805
0.137054
0.156555
0.177216
0.210236
0.221771
0.257812
0.282928
0.308868
0.335571
0.362946
0.390991
0.419586
0.4487
0.478241
0.508179
0.538422
0.56897
0.599731
0.630676
0.661682
0.692688
0.723694
0.7547
0.785706
0.816498
0.847107
0.877472
0.907562
0.937286
0.966675
0.995636
1.02414
1.05215
1.09317
1.11978
1.14578
1.17114
1.1958
1.21976
1.24295
1.26535
1.29745
1.31778
1.33722
1.35577
1.37338
1.39011
1.40585
1.42062
1.43442
1.44724
1.45908
1.47498
1.47974
1.48853
1.49988
1.50623
1.5116
1.51599
1.51782
1.52185
1.52332
1.5238
1.52332
1.52191
1.51959
1.51636
1.51227
1.50729
1.5015
1.49127
1.48346
1.47488
1.46558
1.4556
1.44489
1.43353
1.4216
1.40906
1.39594
1.38229
1.36813
1.35352
1.33847
1.323
1.30716
1.29095
1.27444
1.25766
1.24063
1.22336
1.19711
1.17947
1.16165
1.14383
1.12601
1.10818
1.09036
1.07254
1.05475
1.02838
1.01102
0.993805
0.976837
0.960114
0.943665
0.92749
0.911682
0.896179
0.881012
0.859009
0.851868
0.831024
0.817688
0.80481
0.792358
0.780396
0.768921
0.757965
0.747528
0.73761
0.723785
0.71524
0.707275
0.69989
0.693085
0.686829
0.681183
0.676086
0.6716
0.667694
0.664368
0.661652
0.659485
0.657898
0.656891
0.656433
0.656525
0.657166
0.658325
0.660034
0.662231
0.664917
0.668091
0.671753
0.675903
0.680481
0.685486
0.690948
0.699921
0.703094
0.709747
0.716736
0.727844
0.735657
0.743805
0.752228
0.760895
0.769806
0.778961
0.7883
0.797821
0.807556
0.817383
0.827393
0.837433
0.847687
0.857941
0.868195
0.878448
0.888702
0.904083
0.90921
0.924591
0.934845
0.945038
0.955048
0.965057
0.974823
0.984497
0.994019
1.00333
1.01245
1.02139
1.03012
1.0386
1.04688
1.0549
1.06268
1.07022
1.07751
1.08453
1.09131
1.09781
1.10706
1.10999
1.11832
1.12097
1.12601
1.13074
1.13513
1.13919
1.14468
1.14795
1.15088
1.15222
1.15576
1.15771
1.1593
1.16058
1.1615
1.16187
1.16241
1.16245
1.16208
1.16144
1.16052
1.15927
1.15775
1.15594
1.15387
1.15152
1.14893
1.14606
1.14294
1.13959
1.13602
1.13223
1.12827
1.12411
1.11972
1.11517
1.10803
1.10312
1.09799
1.0928
1.08743
1.08206
1.07648
1.07086
1.06525
1.05945
1.05359
1.04773
1.04187
1.03601
1.03015
1.02136
1.01843
1.01257
1.00671
0.998138
0.992523
0.989716
0.981384
0.976013
0.970642
0.965424
0.960297
0.9552
0.950317
0.945435
0.940765
0.936127
0.929474
0.927277
0.923096
0.918976
0.91507
0.909454
0.905914
0.904205
0.899323
0.897766
0.893463
0.890778
0.888336
0.886078
0.884003
0.882111
0.880402
0.878937
0.877655
0.876556
0.875671
0.874939
0.874451
0.874146
0.874023
0.874054
0.874298
0.874756
0.875366
0.876099
0.877075
0.878174
0.879395
0.880859
0.882416
0.88504
0.886993
0.88797
0.890137
0.892334
0.894775
0.899872
0.902557
0.905365
0.908295
0.911224
0.914307
0.91748
0.920654
0.923828
0.927216
0.930634
0.934052
0.93576
0.940887
0.944305
0.947723
0.951141
0.954559
0.957977
0.961395
0.964813
0.968231
0.96994
0.979706
0.98288
0.986053
0.989014
0.991943
0.994873
0.999023
1.00171
1.00439
1.00684
1.00928
1.01169
1.01389
1.01608
1.01822
1.02017
1.02213
1.02396
1.02567
1.02737
1.02966
1.03113
1.03253
1.03375
1.03497
1.03613
1.03711
1.03809
1.03897
1.0397
1.04044
1.04108
1.04181
1.0423
1.04257
1.04282
1.04306
1.04309
1.04309
1.04309
1.04294
1.04269
1.04245
1.04214
1.04166
1.04117
1.04044
1.04007
1.03897
1.03824
1.03751
1.03656
1.03558
1.03461
1.03363
1.03265
1.03146
1.03024
1.02902
1.0278
1.02597
1.02475
1.02344
1.02197
1.02051
1.01904
1.01758
1.01611
1.01465
1.01318
1.01172
1.01025
1.00879
1.00732
1.00586
1.00366
1.00293
1.00073
1
0.998535
0.996338
0.994873
0.993408
0.991943
0.990479
0.989746
0.987549
0.986084
0.984619
0.983154
0.981689
0.980225
0.97876
0.977509
0.976288
0.975067
0.973846
0.972626
0.971405
0.970184
0.968353
0.967743
0.966522
0.964966
0.964478
0.963013
0.962524
0.961548
0.960083
0.959106
0.958221
0.957489
0.956757
0.956024
0.955292
0.954559
0.953827
0.953522
0.952301
0.951813
0.951324
0.950836
0.95047
0.950226
0.949982
0.949738
0.949493
0.949249
0.949097
0.949097
0.949097
0.949097
0.949097
0.949097
0.949097
0.949432
0.949554
0.949799
0.950165
0.950287
0.950531
0.950775
0.951172
0.95166
0.952148
0.952637
0.953125
0.953857
0.954346
0.954834
0.955322
0.955963
0.956696
0.957428
0.95816
0.958893
0.959625
0.960358
0.96109
0.961823
0.962555
0.963287
0.96402
0.964386
0.965485
0.966217
0.966949
0.967682
0.968414
0.969147
0.969879
0.970612
0.971344
0.972076
0.972809
0.973541
0.97464
0.975372
0.976105
0.976837
0.97757
0.978302
0.979034
0.979767
0.980865
0.981598
0.982086
0.982574
0.983063
0.983551
0.984039
0.984528
0.985016
0.985504
0.986237
0.986725
0.987213
0.987701
0.98819
0.988678
0.989075
0.989319
0.989563
0.989807
0.990051
0.990295
0.99054
0.990784
0.991028
0.991272
0.991516
0.99176
0.992004
0.992371
0.992584
0.992584
0.992584
0.992584
0.992584
0.992584
0.992584
0.992584
0.992584
0.992584
0.992584
0.992584
0.992584
0.992584
0.992584
0.992584
0.992584
0.992584
0.992584
0.992584
0.992249
0.992126
0.991882
0.991638
0.991394
0.991028
0.990784
0.99054
0.990295
0.990051
0.989807
0.989563
0.989319
0.989075
0.988831
0.988586
0.988342
0.988098
0.987854
0.98761
0.987366
0.987122
0.986877
0.986633
0.986389
0.986145
0.985901
0.985657
0.985413
0.985168
0.984802
0.984558
0.984314
0.98407
0.983826
0.983582
0.983337
0.983093
0.982849
0.982483
0.982361
0.981995
0.981873
0.981506
0.981262
0.981018
0.980896
0.98053
0.980286
0.980042
0.979797
0.979553
0.979309
0.979065
0.978821
0.978577
0.978333
0.978088
0.977722
0.977478
0.977356
0.97699
0.976868
0.976837
0.976837
0.976837
0.976837
0.976837
0.976837
0.976837
0.976837
0.976837
0.976837
0.976837
0.976837
0.976837
0.976837
0.976837
0.976837
0.976837
0.976837
0.976837
0.976837
0.976837
0.976837
0.976837
0.976837
0.976837
0.976837
0.976837
0.976837
0.976837
0.976837
0.976837
0.976837
0.976837
0.976837
0.976837
0.976837
0.976837
0.976837
0.976837
0.976837
0.97699
0.977234
0.977478
0.977722
0.977966
0.97821
0.978455
0.978699
0.979065
0.979309
0.979431
0.979675
0.979919
0.980286
0.98053
0.980652
0.981018
0.98114
0.981384
0.98175
0.981995
0.982239
0.982483
0.982727
0.982971
0.983215
0.983459
0.983704
0.983826
0.984192
0.984436
0.98468
0.984924
0.985168
0.985413
0.985657
0.985901
0.986145
0.986389
0.986633
0.986633
0.986633
0.986633
0.986633
0.986633
0.986633
0.986633
0.986633
0.986633
0.986633
0.986633
0.986633
0.986633
0.986633
0.986633
0.986633
0.986633
0.986633
0.986633
0.986633
0.986633
0.986633
0.986633
0.986633
0.986633
0.986633
0.986633
0.986633
0.986633
0.986633
0.986633
0.986633
0.986633
0.986633
0.986633
0.986633
0.986633
0.986633
0.986633
0.986633
0.986633
0.986633
0.986633
0.986633
0.986633
0.986633
0.986633
0.986633
0.986633
0.986633
0.986633
0.986633
0.986633
0.986633
0.986633
0.986633
0.986633
0.986633
0.986633
0.986633
0.986633
0.986633
0.986633
0.986633
0.986633
0.986633
0.986633
0.986633
0.986633
0.986633
0.986633
0.986633
0.986633
0.986633
0.986633
0.986633
0.986633
0.986633
0.986633
0.986633
0.986633
0.986633
0.986633
0.986633
0.986633
0.986633
0.986633
0.986633
0.986633
0.986633
0.986633
0.986633
0.986633
0.986633
0.986633
0.986633
0.986633
0.986633
0.986633
0.986633
0.986633
0.986633
0.986633
0.986633
0.986633
0.986633
0.986633
0.986633
0.986633
0.986633
0.986633
0.986633
0.986633
0.986633
0.986633
0.986633
0.986633
0.986633
0.986633
0.986633
0.986633
0.986633
0.986633
0.986633
0.986633
0.986633
0.986633
0.986633
0.986633
0.986633
0.986633
0.986633
0.986633
0.986633
0.986633
0.986633
0.986633
0.986633
0.986633
0.986633
0.986633
0.986633
0.986633
0.986633
0.986633
0.986633
0.986633
0.986633
0.986633
0.986633
0.986633
0.986633
0.986633
0.986633
0.986633
0.986633
0.986633
0.986633
0.986633
0.986633
0.986633
0.986633
0.986633
0.986633
0.986633
0.986633
0.986633
0.986633
0.986633
0.986633
0.986633
0.986633
0.986633
0.986633
0.986633
0.986633
0.986633
0.986633
0.986633
0.986633
0.986633
0.986633
0.986633
0.986633
0.986633
0.986633
0.986633
0.986633
0.986633
0.986633
0.986633
0.986633
0.986633
0.986633
0.986633
0.986633
0.986633
0.986633
0.986633
0.986633
0.986633
0.986633
0.986633
0.986633
0.986633
0.986633
0.986633
0.986633
0.986633
0.986633
0.986633
0.986633
0.986633
0.986633
0.986633
0.986633
0.986633
0.986633
0.986633
0.986633
0.986633
0.986633
0.986633
0.986633
0.986633
0.986633
0.986633
0.986633
0.986633
0.986633
0.986633
0.986633
0.986633
0.986633
0.986633
0.986633
0.986633
0.986633
0.986633
0.986633
0.986633
0.986633
0.986633
0.986633
0.986633
0.986633
0.986633
0.986633
0.986633
0.986633
0.986633
0.986633
0.986633
0.986633
0.986633
0.986633
0.986633
0.986633
0.986633
0.986633
0.986633
0.986633
0.986633
0.986633
0.986633
0.986633
0.986633
0.986633
0.986633
0.986633
0.986633
0.986633
