0
1.52588e-05
6.10349e-05
9.15526e-05
0.00012207
0.000167847
0.000335693
0.000789642
0.00174713
0.0034523
0.00614929
0.0100822
0.01548
0.0225487
0.0314941
0.0424843
0.0556793
0.0712051
0.0990486
0.109566
0.132465
0.157814
0.185535
0.215515
0.264359
0.281574
0.33569
0.373569
0.412617
0.45261
0.493282
0.534405
0.575718
0.61697
0.657932
0.698376
0.738087
0.77689
0.814579
0.868687
0.885998
0.935505
0.966328
0.995258
1.02224
1.04719
1.07006
1.09079
1.11775
1.12562
1.14592
1.15669
1.16529
1.17179
1.17627
1.17879
1.17945
1.17836
1.1756
1.1713
1.1623
1.15477
1.14618
1.13668
1.1264
1.11547
1.10402
1.09217
1.08003
1.06772
1.05534
1.04301
1.0308
1.0188
1.00709
0.990231
0.984821
0.969379
0.964512
0.955219
0.942471
0.934826
0.927898
0.924709
0.916264
0.911572
0.907635
0.904446
0.902004
0.90028
0.89925
0.898891
0.899548
0.900723
0.901531
0.903515
0.907398
0.908909
0.91222
0.915882
0.921917
0.924053
0.930752
0.933056
0.940128
0.94492
0.949741
0.954502
0.959217
0.963825
0.968304
0.97263
0.976765
0.980694
0.984386
0.987835
0.99255
0.995365
0.997913
1.00019
1.00219
1.00393
1.00539
1.00658
1.0075
1.00817
1.00859
1.00878
1.00863
1.00827
1.00773
1.00703
1.00618
1.0052
1.00411
1.00293
1.00167
1.00034
0.998257
0.996822
0.995358
0.99316
0.991695
0.990231
0.988766
0.987301
0.985889
0.984509
0.983173
0.981899
0.980694
0.979565
0.978504
0.977528
0.976643
0.975842
0.97514
0.974522
0.974003
0.973568
0.973095
0.97298
0.972775
0.972744
0.97279
0.972912
0.97311
0.97337
0.97369
0.974056
0.974476
0.974911
0.975399
0.975887
0.976376
0.976864
0.977352
0.978085
0.978573
0.979023
0.97945
0.97987
0.980236
0.980595
0.9809
0.981182
0.981426
0.981632
0.981815
0.981953
0.982075
0.982143
0.982204
0.982212
0.982212
0.982166
0.982105
0.982037
0.981853
0.981792
0.981579
0.981396
0.981304
0.981121
0.980846
0.980755
0.980389
0.980145
0.980022
0.979656
0.979534
0.979168
0.978924
0.97868
0.978436
0.978252
0.978069
0.977886
0.977703
0.97752
0.977345
0.977222
0.9771
0.976978
0.976856
0.97678
0.976719
0.976658
0.976597
0.976559
0.976559
0.976559
0.976559
0.976559
0.976574
0.976635
0.976727
0.976788
0.976849
0.97691
0.976971
0.977032
0.977146
0.977268
0.97739
0.977512
0.977634
0.977757
0.977879
0.978001
0.978123
0.978245
0.978367
0.978489
0.978611
0.978733
0.978855
0.978916
0.978977
0.979038
0.979099
0.97916
0.979252
0.979282
0.979343
0.979435
0.979465
0.979527
0.979588
0.979679
0.97974
0.97974
0.97974
0.97974
0.97974
0.97974
0.97974
0.97974
0.97974
0.97974
0.97974
0.97974
0.97974
0.97974
0.97974
0.97974
0.97974
0.97974
0.97974
0.97974
0.97974
0.97974
0.97974
0.97974
0.97974
0.97974
0.97974
0.97974
0.97974
0.97974
0.97974
0.97974
0.97974
0.979748
0.979839
0.9799
0.979961
0.979992
0.980083
0.980145
0.980206
0.980267
0.980328
0.980389
0.98045
0.980511
0.980572
0.980633
0.980694
0.980755
0.980816
0.980907
0.980968
0.98103
0.981091
0.981152
0.981213
0.981281
0.981281
0.981281
0.981281
0.981281
0.981281
0.981281
0.981281
0.981281
0.981281
0.981281
0.981281
0.981281
0.981281
0.981281
0.981281
0.981281
0.981281
0.981281
0.981281
0.981281
0.981281
0.981281
0.981281
0.981281
0.981281
0.981281
0.981281
0.981297
0.981388
0.981449
0.98148
0.981571
0.981632
0.981663
0.981754
0.981815
0.981876
0.981937
0.981998
0.982059
0.982121
0.982182
0.982243
0.982304
0.982365
0.982426
0.982487
0.982548
0.982609
0.98267
0.982731
0.982738
0.982738
0.982738
0.982738
0.982738
0.982738
0.982738
0.982738
0.982738
0.982738
0.982738
0.982738
0.982738
0.982738
0.982738
0.982738
0.982738
0.982738
0.982738
0.982738
0.982738
0.982738
0.982738
0.982738
0.982738
0.982738
0.982738
0.982738
0.982738
0.982746
0.982807
0.982868
0.982929
0.98299
0.983051
0.983112
0.983173
0.983265
0.983326
0.983387
0.983448
0.983509
0.98357
0.983631
0.983692
0.983753
0.983814
0.983875
0.983936
0.983997
0.984058
0.984081
0.984081
0.984081
0.984081
0.984081
0.984081
0.984081
0.984081
0.984081
0.984081
0.984081
0.984081
0.984081
0.984081
0.984081
0.984081
0.984081
0.984081
0.984081
0.984081
0.984081
0.984081
0.984081
0.984081
0.984081
0.984081
0.984081
0.984081
0.984081
0.984081
0.984081
0.984104
0.984165
0.984257
0.984318
0.984379
0.98444
0.984501
0.984562
0.984623
0.984684
0.984776
0.984806
0.984898
0.984928
0.98502
0.985081
0.985142
0.985203
0.985264
0.985325
0.985371
0.985371
0.985371
0.985371
0.985371
0.985371
0.985371
0.985371
0.985371
0.985371
0.985371
0.985371
0.985371
0.985371
0.985371
0.985371
0.985371
0.985371
0.985371
0.985371
0.985371
0.985371
0.985371
0.985371
0.985371
0.985371
0.985371
0.985371
0.985371
0.985371
0.985371
0.985371
0.985409
0.985439
0.985531
0.985592
0.985653
0.985714
0.985775
0.985836
0.985897
0.985958
0.98605
0.986111
0.986172
0.986233
0.986294
0.986355
0.986416
0.986477
0.986538
0.986599
0.986637
0.986637
0.986637
0.986637
0.986637
0.986637
0.986637
0.986637
0.986637
0.986637
0.986637
0.986637
0.986637
0.986637
0.986637
0.986637
0.986637
0.986637
0.986637
0.986637
0.986637
0.986637
0.986637
0.986637
0.986637
0.986637
0.986637
0.986637
0.986637
0.986637
0.986637
0.986637
0.986637
0.986637
0.986637
0.986698
0.986759
0.98682
0.986881
0.986942
0.987003
0.987064
0.987156
0.987217
0.987278
0.987339
0.9874
0.987461
0.987522
0.987614
0.987675
0.987736
0.987797
0.98782
0.98782
0.98782
0.98782
0.98782
0.98782
0.98782
0.98782
0.98782
0.98782
0.98782
0.98782
0.98782
0.98782
0.98782
0.98782
0.98782
0.98782
0.98782
0.98782
0.98782
0.98782
0.98782
0.98782
0.98782
0.98782
0.98782
0.98782
0.98782
0.98782
0.98782
0.98782
0.98782
0.98782
0.98782
0.98782
0.98782
0.98782
0.987843
0.987904
0.987965
0.988026
0.988087
0.988178
0.988209
0.9883
0.988331
0.988392
0.988453
0.988514
0.988605
0.988636
0.988728
0.988789
0.98885
0.988911
0.988972
0.989033
0.989063
0.989063
0.989063
0.989063
0.989063
0.989063
0.989063
0.989063
0.989063
0.989063
0.989063
0.989063
0.989063
0.989063
0.989063
0.989063
0.989063
0.989063
0.989063
0.989063
0.989063
0.989063
0.989063
0.989063
0.989063
0.989063
0.989063
0.989063
0.989063
0.989063
0.989063
0.989063
0.989063
0.989063
0.989063
0.989063
0.989063
0.989063
0.989063
0.989063
0.989063
0.989063
0.989063
0.989063
0.989071
0.989132
0.989193
0.989254
0.989315
0.989376
0.989437
0.989529
0.989559
0.98962
0.989681
0.989742
0.989834
0.989864
0.989956
0.989986
0.990047
0.990139
0.9902
0.990231
0.990231
0.990231
0.990231
0.990231
0.990231
0.990231
0.990231
0.990231
0.990231
0.990231
0.990231
0.990231
0.990231
0.990231
0.990231
0.990231
0.990231
0.990231
0.990231
0.990231
0.990231
0.990231
0.990231
0.990231
0.990231
0.990231
0.990231
0.990231
0.990231
0.990231
0.990231
0.990231
0.990231
0.990231
0.990231
0.990231
0.990231
0.990231
0.990231
0.990231
0.990231
0.990231
0.990231
0.990231
0.990231
0.990231
0.990231
0.990231
0.990292
0.990353
0.990414
0.990475
0.990536
0.990597
0.990688
0.990749
0.99081
0.990871
0.990932
0.990993
0.991055
0.991116
0.991177
0.991238
0.991299
0.991329
0.991329
0.991329
0.991329
0.991329
0.991329
0.991329
0.991329
0.991329
0.991329
0.991329
0.991329
0.991329
0.991329
0.991329
0.991329
0.991329
0.991329
0.991329
0.991329
0.991329
0.991329
0.991329
0.991329
0.991329
0.991329
0.991329
0.991329
0.991329
0.991329
0.991329
0.991329
0.991329
0.991329
0.991329
0.991329
0.991329
0.991329
0.991329
0.991329
0.991329
0.991329
0.991329
0.991329
0.991329
0.991329
0.991329
0.991329
0.991329
0.991329
0.991329
0.991329
0.991329
0.99136
0.991421
0.991482
0.991543
0.991604
0.991665
0.991726
0.991787
0.991848
0.991909
0.99197
0.992031
0.992092
0.992153
0.992245
0.992306
0.992336
0.992397
0.992397
0.992397
0.992397
0.992397
0.992397
0.992397
0.992397
0.992397
0.992397
0.992397
0.992397
0.992397
0.992397
0.992397
0.992397
0.992397
0.992397
0.992397
0.992397
0.992397
0.992397
0.992397
0.992397
0.992397
0.992397
0.992397
0.992397
0.992397
0.992397
0.992397
0.992397
0.992397
0.992397
0.992397
0.992397
0.992397
0.992397
0.992397
0.992397
0.992397
0.992397
0.992397
0.992397
0.992397
0.992397
0.992397
0.992397
0.992397
0.992397
0.992397
0.992397
0.992397
0.992397
0.992397
0.992397
0.992397
0.992397
0.992397
0.992397
0.992397
0.992397
0.992466
0.992527
0.992588
0.992649
0.99271
0.992771
0.992832
0.992893
0.992954
0.993015
0.993076
0.993137
0.993198
0.993259
0.99332
0.993374
0.993374
0.993374
0.993374
0.993374
0.993374
0.993374
0.993374
0.993374
0.993374
0.993374
0.993374
0.993374
0.993374
0.993374
0.993374
0.993374
0.993374
0.993374
0.993374
0.993374
0.993374
0.993374
0.993374
0.993374
0.993374
0.993374
0.993374
0.993374
0.993374
0.993374
0.993374
0.993374
0.993374
0.993374
0.993374
0.993374
0.993374
0.993374
0.993374
0.993374
0.993374
0.993374
0.993374
0.993374
0.993374
0.993374
0.993374
0.993374
0.993374
0.993374
0.993374
0.993374
0.993374
0.993374
0.993374
0.993374
0.993374
0.993374
0.993374
0.993374
0.993374
0.993374
0.993374
0.993374
0.993374
0.993427
0.993488
0.993549
0.99361
0.993671
0.993732
0.993793
0.993855
0.993916
0.993977
0.994038
0.994099
0.99416
0.994251
