0
3.05177e-05
6.10353e-05
9.1553e-05
0.000122071
0.000152588
0.000236511
0.000339508
0.00174713
0.00343323
0.00609589
0.00996017
0.0152435
0.0221138
0.0307388
0.0412407
0.0536995
0.0681648
0.0846519
0.103142
0.123581
0.145889
0.182625
0.209106
0.237
0.26614
0.296352
0.327457
0.359253
0.391529
0.424088
0.456741
0.505501
0.521622
0.569305
0.584919
0.615635
0.660168
0.68866
0.716076
0.729359
0.755009
0.791145
0.813591
0.83466
0.854332
0.87262
0.889538
0.90509
0.919289
0.932144
0.943691
0.953964
0.962997
0.970852
0.977581
0.98325
0.987919
0.991653
0.995655
0.997349
0.998348
0.998718
0.998524
0.997829
0.995995
0.99432
0.992355
0.990158
0.987789
0.985291
0.982704
0.98008
0.976147
0.973568
0.971062
0.968655
0.96637
0.964226
0.962242
0.960434
0.958817
0.957397
0.956177
0.955166
0.954029
0.953518
0.953201
0.953072
0.953117
0.953331
0.953701
0.954216
0.954868
0.955647
0.957008
0.958031
0.958572
0.959709
0.960896
0.962746
0.963997
0.965248
0.966499
0.96772
0.968918
0.970074
0.971188
0.972244
0.973248
0.974194
0.975075
0.975891
0.977001
0.977657
0.978252
0.978786
0.979259
0.979671
0.98003
0.980331
0.980579
0.980778
0.980927
0.98103
0.981091
0.98111
0.981091
0.981037
0.980949
0.980827
0.980679
0.980503
0.980305
0.980091
0.979725
0.979458
0.979183
0.978897
0.978592
0.978287
0.977982
0.977676
0.977219
0.976913
0.976608
0.976303
0.975998
0.975693
0.975414
0.97514
0.974865
0.974617
0.974373
0.97414
0.973927
0.973717
0.973534
0.973351
0.973194
0.973042
0.972908
0.972786
0.972672
0.97258
0.972488
0.97242
0.972328
0.972298
0.972267
0.972221
0.972206
0.972202
0.972202
0.972202
0.972218
0.972248
0.972263
0.972309
0.97234
0.97237
0.972412
0.972473
0.972534
0.972595
0.972656
0.972717
0.972778
0.97287
0.9729
0.972961
0.973022
0.973114
0.973175
0.973206
0.973267
0.973358
0.973389
0.97348
0.973511
0.973572
0.973663
0.973694
0.973785
0.973835
0.97385
0.973896
0.973927
0.973957
0.973988
0.974018
0.974049
0.974079
0.97411
0.97414
0.974171
0.974201
0.974232
0.974262
0.974293
0.974323
0.974354
0.974384
0.974415
0.974461
0.974491
0.974522
0.974552
0.974583
0.974613
0.974644
0.974674
0.974705
0.974735
0.974766
0.974796
0.974827
0.974857
0.974888
0.974918
0.974964
0.974995
0.975025
0.975056
0.975086
0.975117
0.975147
0.975178
0.975208
0.975239
0.975269
0.9753
0.97533
0.975361
0.975407
0.975422
0.975468
0.975483
0.975521
0.975582
0.975674
0.975735
0.975796
0.975857
0.975918
0.975979
0.97607
0.976131
0.976192
0.976254
0.976315
0.976376
0.976429
0.97646
0.97649
0.976521
0.976551
0.976582
0.976612
0.976643
0.976673
0.976719
0.976734
0.976765
0.976795
0.976841
0.976871
0.976887
0.976933
0.976963
0.976994
0.977024
0.977055
0.977085
0.977116
0.977146
0.977177
0.977207
0.977238
0.977268
0.977299
0.977329
0.97736
0.97739
0.977421
0.977451
0.977482
0.977512
0.977543
0.977573
0.977619
0.97765
0.977665
0.977695
0.977726
0.977772
0.977787
0.977818
0.977848
0.977879
0.977924
0.97794
0.97797
0.978016
0.978046
0.978077
0.978107
0.978138
0.978168
0.978199
0.97823
0.97826
0.978291
0.978321
0.978352
0.978382
0.978413
0.978443
0.978474
0.978504
0.978535
0.978565
0.978611
0.978626
0.978657
0.978687
0.978718
0.978764
0.978779
0.978809
0.978855
0.978886
0.978916
0.978947
0.978962
0.979008
0.979023
0.979069
0.979099
0.97913
0.97916
0.979191
0.979221
0.979252
0.979282
0.979317
0.979378
0.979439
0.9795
0.979561
0.979622
0.979683
0.979744
0.979805
0.979866
0.979923
0.979954
0.979984
0.980015
0.980045
0.980076
0.980106
0.980137
0.980167
0.980198
0.980228
0.980259
0.980289
0.98032
0.98035
0.980381
0.980412
0.980442
0.980473
0.980518
0.980534
0.980564
0.980595
0.980625
0.980671
0.980701
0.980717
0.980762
0.980778
0.980824
0.980854
0.980885
0.980915
0.980946
0.980976
0.981007
0.981037
0.981068
0.981098
0.981129
0.981159
0.98119
0.98122
0.981251
0.981281
0.981312
0.981342
0.981373
0.981403
0.981449
0.981464
0.981495
0.981525
0.981571
0.981602
0.981632
0.981663
0.981693
0.981724
0.981754
0.981785
0.981815
0.981846
0.981876
0.981922
0.981953
0.981983
0.982014
0.982044
0.982075
0.982105
0.982136
0.982166
0.982212
0.982243
0.982273
0.982304
0.982334
0.982365
0.982395
0.982426
0.982456
0.982487
0.982517
0.982548
0.982578
0.982609
0.982639
0.98267
0.982716
0.982746
0.982777
0.982807
0.982838
0.982883
0.982899
0.982929
0.98296
0.983006
0.983036
0.983067
0.983097
0.983128
0.983158
0.983189
0.983219
0.98325
0.98328
0.983311
0.983341
0.983372
0.983402
0.983433
0.983463
0.983494
0.983524
0.983555
0.983585
0.983616
0.983646
0.983677
0.983707
0.983738
0.983768
0.983799
0.983829
0.98386
0.983906
0.983921
0.983952
0.983997
0.984013
0.984043
0.984074
0.984119
0.984135
0.984165
0.984196
0.984241
0.984272
0.984303
0.984318
0.984364
0.984394
0.984425
0.984455
0.984486
0.984516
0.984547
0.984577
0.984608
0.984638
0.984669
0.984699
0.98473
0.98476
0.984806
0.984821
0.984852
0.984898
0.984928
0.984959
0.984989
0.98502
0.98505
0.985081
0.985111
0.985142
0.985172
0.985203
0.985203
0.985203
0.985203
0.985203
0.985203
0.985203
0.985203
0.985203
0.985203
0.985203
0.985203
0.985203
0.985203
0.985233
0.985264
0.985294
0.985325
0.985355
0.985386
0.985416
0.985447
0.985477
0.985508
0.985538
0.985569
0.9856
0.98563
0.985661
0.985706
0.985722
0.985767
0.985798
0.985828
0.985859
0.985889
0.98592
0.985935
0.985981
0.986012
0.986042
0.986073
0.986103
0.986134
0.986164
0.986195
0.986225
0.986256
0.986286
0.986317
0.986347
0.986378
0.986423
0.986454
0.986485
0.986515
0.986546
0.986576
0.986607
0.986637
0.986668
0.986698
0.986744
0.986774
0.986805
0.986835
0.986866
0.986897
0.986923
0.986923
0.986923
0.986923
0.986923
0.986923
0.986923
0.986923
0.986923
0.986923
0.986923
0.986923
0.986923
0.986923
0.986923
0.986923
0.986946
0.986977
0.987022
0.987053
0.987083
0.987114
0.987144
0.987175
0.987206
0.987236
0.987267
0.987297
0.987328
0.987358
0.987389
0.987419
0.98745
0.987495
0.987511
0.987556
0.987572
0.987602
0.987633
0.987663
0.987709
0.987724
0.987755
0.987801
0.987831
0.987862
0.987892
0.987923
0.987953
0.987984
0.988014
0.988045
0.988075
0.988106
0.988136
0.988167
0.988197
0.988228
0.988235
0.988235
0.988235
0.988235
0.988235
0.988235
0.988235
0.988235
0.988235
0.988235
0.988235
0.988235
0.988235
0.988235
0.988235
0.988235
0.988235
0.988255
0.988285
0.988316
0.988346
0.988377
0.988407
0.988438
0.988468
0.988514
0.988544
0.988575
0.988605
0.988636
0.988667
0.988697
0.988728
0.988773
0.988804
0.988834
0.988865
0.988895
0.988926
0.988956
0.988987
0.989017
0.989048
0.989079
0.989109
0.989155
0.98917
0.989201
0.989231
0.989277
0.989281
0.989281
0.989281
0.989281
0.989281
0.989281
0.989281
0.989281
0.989281
0.989281
0.989281
0.989281
0.989281
0.989281
0.989281
0.989281
0.989281
0.989281
0.989281
0.989281
0.989296
0.989326
0.989357
0.989388
0.989418
0.989449
0.989479
0.98951
0.98954
0.989571
0.989616
0.989632
0.989662
0.989708
0.989738
0.989769
0.989784
0.98983
0.989845
0.989891
0.989906
0.989952
0.989983
0.990013
0.990044
0.990074
0.990105
0.99015
0.990181
0.990211
0.990227
0.990273
0.990295
0.990295
0.990295
0.990295
0.990295
0.990295
0.990295
0.990295
0.990295
0.990295
0.990295
0.990295
0.990295
0.990295
0.990295
0.990295
0.990295
0.990295
0.990295
0.990295
0.990295
0.990318
0.990349
0.990379
0.990425
0.99044
0.990471
0.990501
0.990532
0.990578
0.990593
0.990639
0.990669
0.9907
0.99073
0.990761
0.990791
0.990822
0.990852
0.990883
0.990913
0.990944
0.990974
0.991005
0.991035
0.991066
0.991085
0.991085
0.991085
0.991085
0.991085
0.991085
0.991085
0.991085
0.991085
0.991085
0.991085
0.991085
0.991085
0.991085
0.991085
0.991085
0.991085
0.991085
0.991085
0.991085
0.991085
0.991085
0.991089
0.991119
0.99115
0.99118
0.991211
0.991257
0.991272
0.991302
0.991333
0.991364
0.991409
0.991425
0.991455
0.991501
0.991531
0.991562
0.991592
0.991623
0.991653
0.991684
0.991714
0.991745
0.991791
0.991821
0.991837
0.991837
0.991837
0.991837
0.991837
0.991837
0.991837
0.991837
0.991837
0.991837
0.991837
0.991837
0.991837
0.991837
0.991837
0.991837
0.991837
0.991837
0.991837
0.991837
0.991837
0.991837
0.991837
0.991837
0.991856
0.991901
0.991932
0.991962
0.991993
0.992023
0.992054
0.992085
0.992115
0.992161
0.992191
0.992222
0.992252
0.992283
0.992329
0.992359
0.99239
0.99242
0.992451
0.992481
0.992504
0.992504
0.992504
0.992504
0.992504
0.992504
0.992504
0.992504
0.992504
0.992504
0.992504
0.992504
0.992504
0.992504
0.992504
0.992504
0.992504
0.992504
0.992504
0.992504
0.992504
0.992504
0.992504
0.992504
0.992504
0.992504
0.992508
0.992538
0.992569
0.992599
0.99263
0.992661
0.992706
0.992737
0.992767
0.992798
0.992828
0.992859
0.992889
0.99292
0.99295
0.992996
0.993027
0.993057
0.993088
0.993118
0.993164
0.993179
0.993179
0.993179
0.993179
0.993179
0.993179
0.993179
0.993179
0.993179
0.993179
0.993179
0.993179
0.993179
0.993179
0.993179
0.993179
0.993179
0.993179
0.993179
0.993179
0.993179
0.993179
0.993179
0.993179
0.993179
0.993179
0.993179
0.993179
0.993179
0.993179
0.993206
0.993237
0.993267
0.993313
0.993328
0.993359
0.993389
0.99342
0.993465
0.993481
0.993511
0.993542
0.993572
0.993618
0.993649
