0
3.05177e-05
0.000122071
0.000183106
0.000236511
0.000297547
0.000473023
0.000946045
0.00192261
0.00364685
0.00636292
0.0103073
0.0157166
0.022789
0.0317612
0.0427628
0.0559692
0.0715103
0.0894852
0.109901
0.13282
0.15818
0.185898
0.215866
0.247955
0.281975
0.317726
0.35498
0.393539
0.433144
0.473572
0.514557
0.555901
0.597343
0.638687
0.67971
0.7202
0.759956
0.798775
0.836487
0.890617
0.907936
0.94136
0.988228
1.0171
1.0308
1.05664
1.08037
1.11191
1.13018
1.13848
1.16009
1.17178
1.18136
1.18886
1.19435
1.19789
1.19952
1.19936
1.19747
1.19398
1.18901
1.18266
1.17506
1.16634
1.15665
1.14611
1.13484
1.12298
1.11065
1.09799
1.08511
1.07211
1.0591
1.04618
1.03344
1.02097
1.00887
0.991516
0.985977
0.975342
0.965302
0.95591
0.943138
0.939247
0.932022
0.922623
0.91732
0.912788
0.909027
0.906006
0.903717
0.902153
0.901283
0.901077
0.901497
0.902512
0.904068
0.906113
0.908638
0.911575
0.914871
0.918488
0.922363
0.926476
0.930779
0.935219
0.939766
0.944374
0.949013
0.953636
0.958206
0.9627
0.967094
0.971359
0.975479
0.979424
0.983177
0.988419
0.991623
0.994583
0.997299
0.999763
1.00196
1.00388
1.00553
1.0069
1.00799
1.0088
1.00935
1.00966
1.00972
1.00954
1.00914
1.00854
1.00777
1.00685
1.00578
1.00459
1.0033
1.00191
1.00047
0.998955
0.997406
0.995819
0.994232
0.992584
0.990936
0.989296
0.987709
0.985329
0.984566
0.982307
0.981575
0.979492
0.978188
0.976967
0.97583
0.974785
0.973831
0.972977
0.972221
0.971573
0.971031
0.970581
0.970245
0.970009
0.969864
0.96981
0.969849
0.969971
0.970169
0.970444
0.970779
0.971176
0.971619
0.972107
0.972626
0.973175
0.973724
0.974274
0.974823
0.975372
0.975922
0.976471
0.976974
0.977463
0.977928
0.978355
0.978752
0.979118
0.979439
0.979736
0.97998
0.980194
0.980377
0.980507
0.980652
0.980713
0.980721
0.980721
0.980659
0.980598
0.980492
0.98037
0.980232
0.980049
0.979866
0.979568
0.979324
0.97908
0.978836
0.978592
0.978348
0.978104
0.977859
0.977615
0.977371
0.977127
0.976883
0.976639
0.976395
0.976051
0.975868
0.975777
0.975502
0.97541
0.975235
0.975113
0.97493
0.974869
0.974754
0.974693
0.974602
0.974541
0.974533
0.974533
0.974533
0.974533
0.974564
0.974625
0.974686
0.974777
0.974838
0.974915
0.975037
0.975159
0.975281
0.975403
0.975525
0.975647
0.975769
0.975891
0.976013
0.976135
0.976257
0.976379
0.976501
0.976624
0.976746
0.976868
0.97699
0.977112
0.977234
0.977333
0.977394
0.977455
0.977516
0.977577
0.977638
0.977699
0.97776
0.977821
0.977913
0.977943
0.978004
0.978043
0.978043
0.978043
0.978043
0.978043
0.978043
0.978043
0.978043
0.978043
0.978043
0.978043
0.978043
0.978043
0.978043
0.978043
0.978043
0.978043
0.978043
0.978043
0.978043
0.978043
0.978043
0.978043
0.978043
0.978043
0.978043
0.978043
0.978043
0.978043
0.978043
0.978043
0.978043
0.978043
0.978043
0.978073
0.978134
0.978195
0.978256
0.978348
0.978409
0.97847
0.978531
0.978592
0.978653
0.978714
0.978775
0.978836
0.978897
0.978958
0.979019
0.97908
0.979141
0.979202
0.979263
0.979324
0.979385
0.979446
0.979507
0.979568
0.97963
0.979691
0.979706
0.979706
0.979706
0.979706
0.979706
0.979706
0.979706
0.979706
0.979706
0.979706
0.979706
0.979706
0.979706
0.979706
0.979706
0.979706
0.979706
0.979706
0.979706
0.979706
0.979706
0.979706
0.979706
0.979706
0.979706
0.979706
0.979706
0.979767
0.979828
0.979919
0.97998
0.980042
0.980103
0.980164
0.980225
0.980286
0.980347
0.980438
0.980499
0.98056
0.980621
0.980682
0.980743
0.980804
0.980896
0.980957
0.981018
0.981079
0.98114
0.981178
0.981178
0.981178
0.981178
0.981178
0.981178
0.981178
0.981178
0.981178
0.981178
0.981178
0.981178
0.981178
0.981178
0.981178
0.981178
0.981178
0.981178
0.981178
0.981178
0.981178
0.981178
0.981178
0.981178
0.981178
0.981178
0.981178
0.981178
0.981194
0.981255
0.981316
0.981377
0.981438
0.981499
0.98156
0.981651
0.981712
0.981773
0.981834
0.981895
0.981956
0.982048
0.982079
0.98214
0.982201
0.982262
0.982323
0.982384
0.982445
0.982506
0.982597
0.98262
0.98262
0.98262
0.98262
0.98262
0.98262
0.98262
0.98262
0.98262
0.98262
0.98262
0.98262
0.98262
0.98262
0.98262
0.98262
0.98262
0.98262
0.98262
0.98262
0.98262
0.98262
0.98262
0.98262
0.98262
0.98262
0.98262
0.98262
0.98262
0.982658
0.982719
0.98278
0.982841
0.982903
0.982964
0.983025
0.983086
0.983147
0.983208
0.983269
0.98333
0.983391
0.983452
0.983513
0.983574
0.983665
0.983696
0.983757
0.983849
0.983879
0.98394
0.983986
0.983986
0.983986
0.983986
0.983986
0.983986
0.983986
0.983986
0.983986
0.983986
0.983986
0.983986
0.983986
0.983986
0.983986
0.983986
0.983986
0.983986
0.983986
0.983986
0.983986
0.983986
0.983986
0.983986
0.983986
0.983986
0.983986
0.983986
0.983986
0.983986
0.983986
0.983986
0.984032
0.984093
0.984154
0.984215
0.984276
0.984337
0.984398
0.984459
0.98452
0.984581
0.984642
0.984703
0.984764
0.984825
0.984917
0.984947
0.985008
0.9851
0.98513
0.985191
0.985283
0.985291
0.985291
0.985291
0.985291
0.985291
0.985291
0.985291
0.985291
0.985291
0.985291
0.985291
0.985291
0.985291
0.985291
0.985291
0.985291
0.985291
0.985291
0.985291
0.985291
0.985291
0.985291
0.985291
0.985291
0.985291
0.985291
0.985291
0.985291
0.985291
0.985291
0.985291
0.985291
0.985291
0.985291
0.985344
0.985435
0.985497
0.985558
0.985619
0.98568
0.985741
0.985802
0.985863
0.985924
0.985985
0.986046
0.986107
0.986168
0.986229
0.98629
0.986351
0.986412
0.986473
0.986534
0.986557
0.986557
0.986557
0.986557
0.986557
0.986557
0.986557
0.986557
0.986557
0.986557
0.986557
0.986557
0.986557
0.986557
0.986557
0.986557
0.986557
0.986557
0.986557
0.986557
0.986557
0.986557
0.986557
0.986557
0.986557
0.986557
0.986557
0.986557
0.986557
0.986557
0.986557
0.986557
0.986557
0.986557
0.986557
0.98658
0.986641
0.986732
0.986763
0.986824
0.986916
0.986977
0.987038
0.987099
0.98716
0.987221
0.987282
0.987343
0.987434
0.987495
0.987556
0.987617
0.987679
0.98774
0.987793
0.987793
0.987793
0.987793
0.987793
0.987793
0.987793
0.987793
0.987793
0.987793
0.987793
0.987793
0.987793
0.987793
0.987793
0.987793
0.987793
0.987793
0.987793
0.987793
0.987793
0.987793
0.987793
0.987793
0.987793
0.987793
0.987793
0.987793
0.987793
0.987793
0.987793
0.987793
0.987793
0.987793
0.987793
0.987793
0.987793
0.987793
0.987793
0.987793
0.987823
0.987915
0.987976
0.988037
0.988098
0.988159
0.98822
0.988281
0.988342
0.988403
0.988464
0.988525
0.988586
0.988647
0.988708
0.98877
0.988831
0.988892
0.988976
0.988976
0.988976
0.988976
0.988976
0.988976
0.988976
0.988976
0.988976
0.988976
0.988976
0.988976
0.988976
0.988976
0.988976
0.988976
0.988976
0.988976
0.988976
0.988976
0.988976
0.988976
0.988976
0.988976
0.988976
0.988976
0.988976
0.988976
0.988976
0.988976
0.988976
0.988976
0.988976
0.988976
0.988976
0.988976
0.988976
0.988976
0.988976
0.988976
0.988976
0.988976
0.988976
0.988976
0.989029
0.98909
0.989151
0.989182
0.989273
0.989334
0.989395
0.989456
0.989517
0.989578
0.989639
0.9897
0.989761
0.989822
0.989883
0.989944
0.990005
0.990067
0.990112
0.990112
0.990112
0.990112
0.990112
0.990112
0.990112
0.990112
0.990112
0.990112
0.990112
0.990112
0.990112
0.990112
0.990112
0.990112
0.990112
0.990112
0.990112
0.990112
0.990112
0.990112
0.990112
0.990112
0.990112
0.990112
0.990112
0.990112
0.990112
0.990112
0.990112
0.990112
0.990112
0.990112
0.990112
0.990112
0.990112
0.990112
0.990112
0.990112
0.990112
0.990112
0.990112
0.990112
0.990112
0.990112
0.990112
0.990158
0.990219
0.99025
0.990341
0.990402
0.990463
0.990524
0.990585
0.990646
0.990707
0.990768
0.990829
0.990891
0.990952
0.991013
0.991074
0.991135
0.99118
0.99118
0.99118
0.99118
0.99118
0.99118
0.99118
0.99118
0.99118
0.99118
0.99118
0.99118
0.99118
0.99118
0.99118
0.99118
0.99118
0.99118
0.99118
0.99118
0.99118
0.99118
0.99118
0.99118
0.99118
0.99118
0.99118
0.99118
0.99118
0.99118
0.99118
0.99118
0.99118
0.99118
0.99118
0.99118
0.99118
0.99118
0.99118
0.99118
0.99118
0.99118
0.99118
0.99118
0.99118
0.99118
0.99118
0.99118
0.99118
0.99118
0.99118
0.99118
0.991241
0.991302
0.991364
0.991425
0.991486
0.991547
0.991608
0.991669
0.99173
0.991791
0.991852
0.991913
0.991974
0.992035
0.992096
0.992188
0.992195
0.992195
0.992195
0.992195
0.992195
0.992195
0.992195
0.992195
0.992195
0.992195
0.992195
0.992195
0.992195
0.992195
0.992195
0.992195
0.992195
0.992195
0.992195
0.992195
0.992195
0.992195
0.992195
0.992195
0.992195
0.992195
0.992195
0.992195
0.992195
0.992195
0.992195
0.992195
0.992195
0.992195
0.992195
0.992195
0.992195
0.992195
0.992195
0.992195
0.992195
0.992195
0.992195
0.992195
0.992195
0.992195
0.992195
0.992195
0.992195
0.992195
0.992195
0.992195
0.992195
0.992195
0.992195
0.992195
0.992195
0.992233
0.992325
0.992355
0.992416
0.992477
0.992569
0.99263
0.992691
0.992752
0.992813
0.992874
0.992935
0.992996
0.993057
0.993118
0.993141
0.993141
0.993141
0.993141
0.993141
0.993141
0.993141
0.993141
0.993141
0.993141
0.993141
0.993141
0.993141
0.993141
0.993141
0.993141
0.993141
0.993141
0.993141
0.993141
0.993141
0.993141
0.993141
0.993141
0.993141
0.993141
0.993141
