0
3.05173e-05
6.10349e-05
9.15526e-05
0.00012207
0.000152588
0.000194549
0.000354767
0.000808716
0.00176239
0.0034523
0.00611496
0.00998306
0.0152664
0.0221443
0.0307693
0.041275
0.0537529
0.0682526
0.0847969
0.103367
0.123905
0.146332
0.170544
0.196396
0.223747
0.25243
0.282269
0.313084
0.344688
0.376907
0.42598
0.458931
0.475414
0.508297
0.540924
0.589058
0.620384
0.650928
0.680561
0.695007
0.736748
0.76313
0.788246
0.812012
0.83437
0.855301
0.874798
0.892834
0.909405
0.924511
0.938171
0.95042
0.9613
0.970852
0.97913
0.986198
0.992111
0.996952
1.00078
1.00367
1.00571
1.00732
1.0075
1.00741
1.00675
1.0056
1.00402
1.00208
0.99984
0.996052
0.99332
0.991913
0.98904
0.986122
0.981754
0.978905
0.977509
0.973488
0.970974
0.968613
0.966423
0.96442
0.96262
0.961025
0.959641
0.958469
0.957512
0.956768
0.956226
0.955887
0.955734
0.955761
0.955956
0.956306
0.956799
0.957424
0.958172
0.959019
0.959961
0.960979
0.962063
0.963188
0.964348
0.96553
0.966721
0.967896
0.969055
0.970184
0.971275
0.972328
0.973331
0.974289
0.975189
0.976028
0.976814
0.977539
0.978203
0.978806
0.979351
0.979839
0.980274
0.980652
0.980976
0.981251
0.98148
0.981735
0.981796
0.981888
0.981956
0.981953
0.981918
0.98185
0.981754
0.981632
0.98148
0.981304
0.981113
0.9809
0.980671
0.980427
0.980175
0.9799
0.979626
0.979351
0.979076
0.978775
0.97847
0.978165
0.977859
0.977577
0.977303
0.977028
0.976753
0.976479
0.976223
0.975979
0.975613
0.975506
0.975292
0.974983
0.9748
0.974617
0.974461
0.974384
0.974171
0.974049
0.973927
0.973835
0.973743
0.973667
0.973606
0.973545
0.973503
0.973473
0.973442
0.973423
0.973423
0.973423
0.973423
0.973423
0.973454
0.973484
0.973515
0.973545
0.973576
0.973606
0.973637
0.973671
0.973732
0.973793
0.973854
0.973915
0.973976
0.974037
0.974098
0.974159
0.97422
0.974281
0.974342
0.974403
0.974464
0.974525
0.974586
0.974648
0.974709
0.97477
0.974831
0.974892
0.974953
0.974998
0.975029
0.97506
0.97509
0.975121
0.975151
0.975197
0.975227
0.975243
0.975288
0.975304
0.975334
0.97538
0.975395
0.975441
0.975471
0.975502
0.975533
0.975563
0.975594
0.975624
0.975655
0.975685
0.975716
0.975746
0.975777
0.975807
0.975838
0.975868
0.975899
0.975929
0.97596
0.97599
0.976021
0.976067
0.976082
0.976112
0.976143
0.976173
0.976204
0.976234
0.976265
0.976311
0.976326
0.976357
0.976402
0.976418
0.976463
0.976494
0.976509
0.976555
0.976585
0.976616
0.976646
0.976677
0.976707
0.976738
0.976768
0.976799
0.97683
0.97686
0.976891
0.976921
0.976952
0.976982
0.977013
0.977043
0.977093
0.977154
0.977215
0.977276
0.977337
0.977398
0.977459
0.97752
0.977581
0.977642
0.977703
0.977764
0.977825
0.977886
0.977928
0.977959
0.977989
0.97802
0.97805
0.978081
0.978111
0.978142
0.978172
0.978203
0.978233
0.978264
0.978294
0.97834
0.978355
0.978386
0.978432
0.978447
0.978477
0.978508
0.978554
0.978569
0.9786
0.978645
0.978661
0.978706
0.978737
0.978767
0.978798
0.978813
0.978859
0.978874
0.978905
0.978951
0.978981
0.979012
0.979042
0.979073
0.979103
0.979134
0.979164
0.979195
0.979225
0.979256
0.979286
0.979317
0.979347
0.979378
0.979408
0.979454
0.979469
0.9795
0.979546
0.979561
0.979607
0.979637
0.979652
0.979698
0.979713
0.979744
0.97979
0.97982
0.979851
0.979881
0.979912
0.979942
0.979973
0.980003
0.980034
0.980064
0.980095
0.980125
0.980156
0.980186
0.980217
0.980247
0.980278
0.980309
0.980339
0.98037
0.9804
0.980431
0.980461
0.980492
0.980522
0.980553
0.980583
0.980614
0.980644
0.980675
0.980705
0.980751
0.980766
0.980797
0.980827
0.980858
0.980888
0.980919
0.980949
0.98098
0.98101
0.981056
0.981071
0.981117
0.981148
0.981163
0.981209
0.981224
0.981255
0.9813
0.981331
0.981361
0.981377
0.981422
0.981453
0.981483
0.981514
0.981544
0.981575
0.981606
0.981636
0.981667
0.981697
0.981728
0.981758
0.981789
0.981819
0.98185
0.98188
0.981911
0.981941
0.981972
0.982002
0.982033
0.982063
0.982094
0.982124
0.982155
0.982185
0.982216
0.982246
0.982277
0.982323
0.982338
0.982384
0.982399
0.982445
0.982475
0.982506
0.982536
0.982567
0.982597
0.982628
0.982658
0.982689
0.982719
0.98275
0.98278
0.982811
0.982841
0.982872
0.982903
0.982933
0.982964
0.982994
0.983025
0.983055
0.983086
0.983116
0.983147
0.983177
0.983208
0.983238
0.983269
0.983299
0.98333
0.98336
0.983391
0.983421
0.983467
0.983498
0.983528
0.983543
0.983574
0.983604
0.98365
0.983681
0.983711
0.983727
0.983772
0.983803
0.983833
0.983864
0.983894
0.983925
0.983955
0.983986
0.984016
0.984047
0.984077
0.984108
0.984138
0.984169
0.9842
0.98423
0.984261
0.984291
0.984322
0.984352
0.984383
0.984413
0.984444
0.984474
0.984505
0.984535
0.984566
0.984596
0.984627
0.984657
0.984703
0.984718
0.984764
0.984795
0.98481
0.984856
0.984871
0.984917
0.984947
0.984962
0.984993
0.985023
0.985069
0.9851
0.98513
0.985161
0.985176
0.985222
0.985252
0.985283
0.985313
0.985344
0.985374
0.985405
0.985435
0.985466
0.985497
0.985527
0.985558
0.985588
0.985619
0.985649
0.985657
0.985657
0.985657
0.985657
0.985657
0.985657
0.985657
0.985657
0.985657
0.985657
0.985657
0.985657
0.985657
0.985657
0.985661
0.985691
0.985722
0.985767
0.985783
0.985813
0.985859
0.985874
0.98592
0.985935
0.985981
0.986012
0.986027
0.986073
0.986103
0.986134
0.986164
0.986179
0.986225
0.986256
0.986286
0.986317
0.986347
0.986378
0.986408
0.986439
0.986469
0.9865
0.98653
0.986561
0.986591
0.986622
0.986652
0.986683
0.986713
0.986744
0.986774
0.986805
0.986835
0.986881
0.986897
0.986927
0.986973
0.986988
0.987019
0.987064
0.98708
0.987125
0.987141
0.987171
0.987217
0.987232
0.987263
0.987282
0.987282
0.987282
0.987282
0.987282
0.987282
0.987282
0.987282
0.987282
0.987282
0.987282
0.987282
0.987282
0.987282
0.987282
0.987282
0.987312
0.987343
0.987373
0.987404
0.987434
0.987465
0.987495
0.987526
0.987556
0.987587
0.987617
0.987648
0.987679
0.987709
0.98774
0.98777
0.987801
0.987831
0.987862
0.987892
0.987923
0.987953
0.987984
0.988014
0.988045
0.988091
0.988106
0.988136
0.988167
0.988197
0.988243
0.988274
0.988289
0.988319
0.98835
0.988396
0.988426
0.988441
0.988472
0.988487
0.988487
0.988487
0.988487
0.988487
0.988487
0.988487
0.988487
0.988487
0.988487
0.988487
0.988487
0.988487
0.988487
0.988487
0.988487
0.988487
0.988487
0.988514
0.988544
0.988575
0.988621
0.988636
0.988682
0.988697
0.988743
0.988773
0.988804
0.988834
0.988865
0.988895
0.988926
0.988956
0.988987
0.989017
0.989048
0.989079
0.989109
0.98914
0.98917
0.989201
0.989231
0.989262
0.989292
0.989323
0.989353
0.989384
0.989414
0.989445
0.989475
0.989502
0.989502
0.989502
0.989502
0.989502
0.989502
0.989502
0.989502
0.989502
0.989502
0.989502
0.989502
0.989502
0.989502
0.989502
0.989502
0.989502
0.989502
0.989502
0.989506
0.989536
0.989567
0.989597
0.989628
0.989674
0.989689
0.989719
0.98975
0.98978
0.989826
0.989857
0.989872
0.989902
0.989933
0.989964
0.990009
0.990025
0.990055
0.990086
0.990116
0.990162
0.990192
0.990208
0.990253
0.990284
0.990314
0.990345
0.99036
0.990402
0.990402
0.990402
0.990402
0.990402
0.990402
0.990402
0.990402
0.990402
0.990402
0.990402
0.990402
0.990402
0.990402
0.990402
0.990402
0.990402
0.990402
0.990402
0.990402
0.990402
0.990414
0.990444
0.990475
0.990505
0.990536
0.990566
0.990597
0.990627
0.990658
0.990704
0.990734
0.990749
0.990795
0.99081
0.990856
0.990887
0.990917
0.990948
0.990978
0.991009
0.991039
0.99107
0.9911
0.991131
0.991161
0.991192
0.991215
0.991215
0.991215
0.991215
0.991215
0.991215
0.991215
0.991215
0.991215
0.991215
0.991215
0.991215
0.991215
0.991215
0.991215
0.991215
0.991215
0.991215
0.991215
0.991215
0.991215
0.991215
0.991215
0.99123
0.991261
0.991291
0.991322
0.991352
0.991383
0.991413
0.991444
0.991474
0.991505
0.991535
0.991566
0.991596
0.991627
0.991657
0.991688
0.991718
0.991749
0.991779
0.99181
0.99184
0.991871
0.991901
0.991932
0.991962
0.991978
0.991978
0.991978
0.991978
0.991978
0.991978
0.991978
0.991978
0.991978
0.991978
0.991978
0.991978
0.991978
0.991978
0.991978
0.991978
0.991978
0.991978
0.991978
0.991978
0.991978
0.991978
0.991978
0.991978
0.991978
0.991985
0.992001
0.992031
0.992062
0.992107
0.992138
0.992168
0.992199
0.992214
0.99226
0.99229
0.992321
0.992352
0.992382
0.992413
0.992443
0.992474
0.992504
0.992535
0.992565
0.992596
0.992626
0.99263
0.99263
0.99263
0.99263
0.99263
0.99263
0.99263
0.99263
0.99263
0.99263
0.99263
0.99263
0.99263
0.99263
0.99263
0.99263
0.99263
0.99263
0.99263
0.99263
0.99263
0.99263
0.99263
0.99263
0.99263
0.99263
0.992653
0.992683
0.992714
0.992744
0.992775
0.992805
0.992836
0.992867
0.992897
0.992928
0.992958
0.992989
0.993019
0.99305
0.993095
0.993126
0.993156
0.993187
0.993217
0.993248
0.993279
0.99329
0.99329
0.99329
0.99329
0.99329
0.99329
0.99329
0.99329
0.99329
0.99329
0.99329
0.99329
0.99329
0.99329
0.99329
0.99329
0.99329
0.99329
0.99329
0.99329
0.99329
0.99329
0.99329
0.99329
0.99329
0.99329
0.99329
0.99329
0.99329
0.99329
0.99329
0.993317
0.993347
0.993378
0.993408
0.993439
0.993469
0.9935
0.99353
0.993561
0.993591
0.993622
0.993652
0.993683
0.993713
0.993759
0.993774
0.99382
0.993851
