0
6.10349e-05
0.00012207
0.000213623
0.000274658
0.000335693
0.000442505
0.000732422
0.00143433
0.00274658
0.00494385
0.00823975
0.0158081
0.0228882
0.0318604
0.0428619
0.0560684
0.0716095
0.0895844
0.110001
0.132858
0.158157
0.185822
0.215721
0.247704
0.281601
0.317223
0.354347
0.392746
0.432175
0.47242
0.513222
0.554359
0.616211
0.636749
0.677544
0.737656
0.757309
0.814751
0.851585
0.88707
0.904266
0.953484
0.984215
1.01316
1.04025
1.06539
1.08856
1.10971
1.12878
1.14576
1.16726
1.17894
1.18851
1.19601
1.20146
1.20494
1.2065
1.20624
1.20419
1.20047
1.19519
1.18845
1.18038
1.17111
1.1608
1.14364
1.13127
1.12486
1.10493
1.09122
1.08429
1.06335
1.05637
1.03568
1.0222
1.00909
0.996422
0.984276
0.97271
0.961792
0.951599
0.942154
0.933517
0.925705
0.918755
0.912674
0.907463
0.903122
0.899643
0.897003
0.89518
0.894135
0.893967
0.89473
0.896149
0.898163
0.902214
0.905518
0.909248
0.913353
0.917786
0.922485
0.927422
0.932533
0.937759
0.943054
0.951019
0.953644
0.961433
0.966484
0.971375
0.976089
0.980591
0.984863
0.988869
0.992584
0.99601
0.999123
1.00191
1.00437
1.00653
1.00836
1.00986
1.01106
1.01196
1.01276
1.01295
1.01289
1.01258
1.01204
1.01083
1.0098
1.00861
1.00729
1.00584
1.0043
1.00267
1.00098
0.99926
0.99749
0.99572
0.99395
0.99218
0.99041
0.988663
0.986115
0.985291
0.983681
0.982132
0.980652
0.979263
0.977341
0.976189
0.975136
0.97419
0.973358
0.972633
0.972023
0.971527
0.971146
0.970871
0.970718
0.970673
0.970726
0.970879
0.971123
0.971458
0.972099
0.972343
0.973175
0.97348
0.974098
0.975105
0.975777
0.976448
0.976784
0.977791
0.978462
0.979095
0.979706
0.980278
0.980827
0.981323
0.981796
0.982224
0.982597
0.982941
0.983246
0.98349
0.983704
0.983887
0.984009
0.9841
0.984161
0.984177
0.984177
0.984093
0.984016
0.983894
0.983772
0.983604
0.983421
0.983238
0.983032
0.982788
0.982544
0.9823
0.982056
0.981689
0.981567
0.981323
0.981079
0.980835
0.980469
0.980347
0.97998
0.979736
0.979492
0.979248
0.979019
0.978836
0.978653
0.97847
0.978287
0.978119
0.977997
0.977875
0.977753
0.977631
0.97757
0.977509
0.977448
0.977371
0.977371
0.977371
0.977371
0.977371
0.977394
0.977455
0.977516
0.977577
0.977638
0.977699
0.97776
0.977852
0.977974
0.978096
0.978218
0.97834
0.978462
0.978584
0.978706
0.978889
0.979012
0.979134
0.979256
0.979378
0.9795
0.979622
0.979744
0.979843
0.979935
0.979965
0.980026
0.980087
0.980179
0.98024
0.98027
0.980362
0.980392
0.980453
0.980545
0.980583
0.980583
0.980583
0.980583
0.980583
0.980583
0.980583
0.980583
0.980583
0.980583
0.980583
0.980583
0.980583
0.980583
0.980583
0.980583
0.980583
0.980583
0.980583
0.980583
0.980583
0.980583
0.980583
0.980583
0.980583
0.980583
0.980583
0.980583
0.980583
0.980583
0.980583
0.980583
0.980629
0.98069
0.980751
0.980812
0.980873
0.980934
0.980995
0.981056
0.981117
0.981178
0.981239
0.981331
0.981361
0.981422
0.981514
0.981575
0.981636
0.981697
0.981758
0.981819
0.98188
0.981972
0.982033
0.982094
0.98214
0.98214
0.98214
0.98214
0.98214
0.98214
0.98214
0.98214
0.98214
0.98214
0.98214
0.98214
0.98214
0.98214
0.98214
0.98214
0.98214
0.98214
0.98214
0.98214
0.98214
0.98214
0.98214
0.98214
0.98214
0.98214
0.98214
0.98214
0.98214
0.98214
0.982201
0.982262
0.982323
0.982384
0.982445
0.982506
0.982567
0.982628
0.982689
0.98275
0.982811
0.982872
0.982933
0.982994
0.983055
0.983116
0.983208
0.983238
0.983299
0.983391
0.983452
0.983482
0.983543
0.983589
0.983589
0.983589
0.983589
0.983589
0.983589
0.983589
0.983589
0.983589
0.983589
0.983589
0.983589
0.983589
0.983589
0.983589
0.983589
0.983589
0.983589
0.983589
0.983589
0.983589
0.983589
0.983589
0.983589
0.983589
0.983589
0.983589
0.983589
0.983589
0.983597
0.983658
0.983719
0.98378
0.983841
0.983902
0.983963
0.984024
0.984085
0.984146
0.984238
0.984299
0.98436
0.984421
0.984451
0.984543
0.984604
0.984665
0.984726
0.984787
0.984848
0.984909
0.984909
0.984909
0.984909
0.984909
0.984909
0.984909
0.984909
0.984909
0.984909
0.984909
0.984909
0.984909
0.984909
0.984909
0.984909
0.984909
0.984909
0.984909
0.984909
0.984909
0.984909
0.984909
0.984909
0.984909
0.984909
0.984909
0.984909
0.984909
0.984909
0.984909
0.984909
0.984909
0.984947
0.985008
0.985069
0.98513
0.985191
0.985283
0.985313
0.985405
0.985466
0.985527
0.985588
0.985649
0.98571
0.985771
0.985832
0.985893
0.985954
0.986015
0.986076
0.986137
0.986198
0.986214
0.986214
0.986214
0.986214
0.986214
0.986214
0.986214
0.986214
0.986214
0.986214
0.986214
0.986214
0.986214
0.986214
0.986214
0.986214
0.986214
0.986214
0.986214
0.986214
0.986214
0.986214
0.986214
0.986214
0.986214
0.986214
0.986214
0.986214
0.986214
0.986214
0.986214
0.986214
0.986221
0.986282
0.986343
0.986404
0.986496
0.986526
0.986588
0.986679
0.98674
0.986801
0.986862
0.986923
0.986984
0.987045
0.987106
0.987167
0.987228
0.987289
0.987381
0.987411
0.987434
0.987434
0.987434
0.987434
0.987434
0.987434
0.987434
0.987434
0.987434
0.987434
0.987434
0.987434
0.987434
0.987434
0.987434
0.987434
0.987434
0.987434
0.987434
0.987434
0.987434
0.987434
0.987434
0.987434
0.987434
0.987434
0.987434
0.987434
0.987434
0.987434
0.987434
0.987434
0.987434
0.987434
0.987434
0.987495
0.987556
0.987648
0.987709
0.98777
0.987831
0.987892
0.987953
0.988014
0.988075
0.988136
0.988197
0.988258
0.98835
0.98838
0.988472
0.988503
0.988564
0.988617
0.988617
0.988617
0.988617
0.988617
0.988617
0.988617
0.988617
0.988617
0.988617
0.988617
0.988617
0.988617
0.988617
0.988617
0.988617
0.988617
0.988617
0.988617
0.988617
0.988617
0.988617
0.988617
0.988617
0.988617
0.988617
0.988617
0.988617
0.988617
0.988617
0.988617
0.988617
0.988617
0.988617
0.988617
0.988617
0.988617
0.988617
0.988617
0.988663
0.988724
0.988785
0.988876
0.988907
0.988968
0.989029
0.98909
0.989182
0.989243
0.989304
0.989365
0.989426
0.989487
0.989548
0.989609
0.98967
0.989731
0.989738
0.989738
0.989738
0.989738
0.989738
0.989738
0.989738
0.989738
0.989738
0.989738
0.989738
0.989738
0.989738
0.989738
0.989738
0.989738
0.989738
0.989738
0.989738
0.989738
0.989738
0.989738
0.989738
0.989738
0.989738
0.989738
0.989738
0.989738
0.989738
0.989738
0.989738
0.989738
0.989738
0.989738
0.989738
0.989738
0.989738
0.989738
0.989738
0.989738
0.989738
0.989738
0.989738
0.989754
0.989815
0.989876
0.989937
0.989998
0.990059
0.99012
0.990181
0.990242
0.990303
0.990364
0.990456
0.990517
0.990547
0.990608
0.990669
0.990761
0.990822
0.990845
0.990845
0.990845
0.990845
0.990845
0.990845
0.990845
0.990845
0.990845
0.990845
0.990845
0.990845
0.990845
0.990845
0.990845
0.990845
0.990845
0.990845
0.990845
0.990845
0.990845
0.990845
0.990845
0.990845
0.990845
0.990845
0.990845
0.990845
0.990845
0.990845
0.990845
0.990845
0.990845
0.990845
0.990845
0.990845
0.990845
0.990845
0.990845
0.990845
0.990845
0.990845
0.990845
0.990845
0.990845
0.990845
0.990845
0.990845
0.990898
0.990959
0.99102
0.991081
0.991142
0.991203
0.991264
0.991325
0.991386
0.991447
0.991508
0.99157
0.991631
0.991692
0.991753
0.991844
0.991875
0.991936
0.991936
0.991936
0.991936
0.991936
0.991936
0.991936
0.991936
0.991936
0.991936
0.991936
0.991936
0.991936
0.991936
0.991936
0.991936
0.991936
0.991936
0.991936
0.991936
0.991936
0.991936
0.991936
0.991936
0.991936
0.991936
0.991936
0.991936
0.991936
0.991936
0.991936
0.991936
0.991936
0.991936
0.991936
0.991936
0.991936
0.991936
0.991936
0.991936
0.991936
0.991936
0.991936
0.991936
0.991936
0.991936
0.991936
0.991936
0.991936
0.991936
0.991936
0.991936
0.991936
0.991936
0.991936
0.991936
0.991951
0.992012
0.992073
0.992134
0.992195
0.992256
0.992317
0.992378
0.992439
0.9925
0.992561
0.992622
0.992683
0.992744
0.992805
0.992867
0.992889
0.992889
0.992889
0.992889
0.992889
0.992889
0.992889
0.992889
0.992889
0.992889
0.992889
0.992889
0.992889
0.992889
0.992889
0.992889
0.992889
0.992889
0.992889
0.992889
0.992889
0.992889
0.992889
0.992889
0.992889
0.992889
0.992889
0.992889
0.992889
0.992889
0.992889
0.992889
0.992889
0.992889
0.992889
0.992889
0.992889
0.992889
0.992889
0.992889
0.992889
0.992889
0.992889
0.992889
0.992889
0.992889
0.992889
0.992889
0.992889
0.992889
0.992889
0.992889
0.992889
0.992889
0.992889
0.992889
0.992889
0.992966
0.993027
0.993088
0.993149
0.99321
0.993271
0.993332
0.993393
0.993454
0.993515
0.993576
0.993637
0.993698
0.993759
0.99379
0.99379
0.99379
0.99379
0.99379
0.99379
0.99379
0.99379
0.99379
0.99379
0.99379
0.99379
0.99379
0.99379
0.99379
0.99379
0.99379
0.99379
0.99379
0.99379
0.99379
0.99379
0.99379
0.99379
0.99379
0.99379
0.99379
0.99379
0.99379
0.99379
0.99379
0.99379
0.99379
0.99379
0.99379
0.99379
0.99379
0.99379
0.99379
0.99379
0.99379
0.99379
0.99379
0.99379
0.99379
0.99379
0.99379
0.99379
0.99379
0.99379
0.99379
0.99379
0.99379
0.99379
0.99379
0.99379
0.99379
0.99379
0.99379
0.99379
0.99379
0.99379
0.99379
0.99379
0.99379
0.993843
0.993904
0.993965
0.994026
0.994087
0.994148
0.994209
0.99427
0.994331
0.994392
0.994453
0.994514
0.994576
0.994637
0.994698
0.994736
0.994736
0.994736
