0
0
0
0
0
1.52588e-05
7.62938e-05
0.00025177
0.000724792
0.00170135
0.0034256
0.0079422
0.0100784
0.01548
0.0225525
0.0367584
0.0488434
0.0557327
0.0799255
0.0991135
0.12075
0.144829
0.171326
0.200096
0.23101
0.263885
0.298508
0.334663
0.372124
0.410629
0.449951
0.48983
0.530045
0.570374
0.610573
0.650444
0.689774
0.728355
0.766014
0.802567
0.837852
0.871735
0.904045
0.934669
0.963486
1.00311
1.02701
1.04882
1.06851
1.08605
1.10143
1.11465
1.12569
1.13459
1.1414
1.14617
1.14902
1.15004
1.14933
1.14701
1.1432
1.13804
1.13165
1.12415
1.1157
1.10642
1.09644
1.08586
1.07484
1.06348
1.04607
1.04021
1.0285
1.01116
0.99987
0.988892
0.978302
0.968201
0.958603
0.949593
0.941223
0.93354
0.92659
0.923401
0.914978
0.910339
0.906471
0.903381
0.901031
0.899414
0.898506
0.898277
0.898689
0.899704
0.901283
0.904625
0.905983
0.910645
0.914223
0.918114
0.922264
0.92662
0.931145
0.935783
0.940483
0.945183
0.949883
0.954521
0.959068
0.963486
0.967751
0.971848
0.975754
0.979454
0.982933
0.986168
0.989159
0.991905
0.995544
0.997635
0.999466
1.00102
1.00231
1.00335
1.00412
1.00464
1.00491
1.00496
1.00479
1.00442
1.00386
1.00314
1.00227
1.00127
1.00017
0.99897
0.997696
0.996353
0.994949
0.993507
0.992043
0.990578
0.989082
0.987572
0.985374
0.98391
0.982483
0.981781
0.980415
0.978462
0.977249
0.976112
0.975052
0.974091
0.973213
0.972427
0.971733
0.971146
0.970451
0.970116
0.969872
0.969719
0.969666
0.969696
0.969803
0.970001
0.970268
0.970604
0.971001
0.971451
0.971939
0.972481
0.97303
0.973579
0.974174
0.97477
0.975594
0.975868
0.976677
0.977165
0.977638
0.977852
0.978462
0.978828
0.979134
0.979408
0.979645
0.979828
0.979973
0.980087
0.980148
0.980179
0.980179
0.980125
0.980064
0.979942
0.97982
0.979645
0.979462
0.979263
0.979019
0.978775
0.978409
0.978279
0.977974
0.977669
0.977364
0.976906
0.976753
0.976448
0.97599
0.975685
0.975433
0.975189
0.974945
0.974701
0.974472
0.974289
0.974106
0.973938
0.973816
0.973694
0.973572
0.973541
0.97348
0.973457
0.973457
0.973457
0.973511
0.973572
0.973633
0.973694
0.973793
0.973915
0.974037
0.974159
0.974281
0.974403
0.974525
0.974648
0.97477
0.974892
0.975014
0.975136
0.975258
0.97538
0.975502
0.975624
0.975746
0.975868
0.97599
0.976112
0.976234
0.976418
0.97654
0.976601
0.976662
0.976723
0.976784
0.976845
0.976936
0.976997
0.977028
0.977089
0.97715
0.97718
0.97718
0.97718
0.97718
0.97718
0.97718
0.97718
0.97718
0.97718
0.97718
0.97718
0.97718
0.97718
0.97718
0.97718
0.97718
0.97718
0.97718
0.97718
0.97718
0.97718
0.97718
0.97718
0.97718
0.97718
0.97718
0.97718
0.97718
0.97718
0.97718
0.97718
0.97718
0.97718
0.97718
0.97718
0.977211
0.977272
0.977333
0.977394
0.977455
0.977516
0.977577
0.977638
0.977699
0.97776
0.977852
0.977882
0.977943
0.978004
0.978065
0.978157
0.978218
0.978249
0.97831
0.978401
0.978462
0.978523
0.978584
0.978645
0.978706
0.978767
0.978828
0.978889
0.978912
0.978912
0.978912
0.978912
0.978912
0.978912
0.978912
0.978912
0.978912
0.978912
0.978912
0.978912
0.978912
0.978912
0.978912
0.978912
0.978912
0.978912
0.978912
0.978912
0.978912
0.978912
0.978912
0.978912
0.978912
0.978966
0.979027
0.979088
0.979149
0.97921
0.979271
0.979332
0.979393
0.979454
0.979515
0.979576
0.979637
0.979698
0.979759
0.97982
0.979881
0.979942
0.980003
0.980095
0.980156
0.980217
0.980278
0.980339
0.9804
0.980461
0.980522
0.980545
0.980545
0.980545
0.980545
0.980545
0.980545
0.980545
0.980545
0.980545
0.980545
0.980545
0.980545
0.980545
0.980545
0.980545
0.980545
0.980545
0.980545
0.980545
0.980545
0.980545
0.980545
0.980545
0.980545
0.980545
0.980545
0.980576
0.980637
0.980698
0.980759
0.98082
0.980881
0.980942
0.981003
0.981064
0.981125
0.981186
0.981277
0.981308
0.981369
0.98143
0.981491
0.981583
0.981644
0.981705
0.981766
0.981796
0.981888
0.981949
0.98201
0.982071
0.982101
0.982101
0.982101
0.982101
0.982101
0.982101
0.982101
0.982101
0.982101
0.982101
0.982101
0.982101
0.982101
0.982101
0.982101
0.982101
0.982101
0.982101
0.982101
0.982101
0.982101
0.982101
0.982101
0.982101
0.982101
0.982101
0.982101
0.982101
0.982101
0.982162
0.982224
0.982285
0.982346
0.982407
0.982498
0.982529
0.98262
0.982681
0.982742
0.982773
0.982864
0.982925
0.982986
0.983047
0.983109
0.98317
0.983231
0.983292
0.983353
0.983414
0.983459
0.983459
0.983459
0.983459
0.983459
0.983459
0.983459
0.983459
0.983459
0.983459
0.983459
0.983459
0.983459
0.983459
0.983459
0.983459
0.983459
0.983459
0.983459
0.983459
0.983459
0.983459
0.983459
0.983459
0.983459
0.983459
0.983459
0.983459
0.983459
0.98349
0.983582
0.983612
0.983673
0.983734
0.983795
0.983887
0.983917
0.984009
0.984039
0.984131
0.984192
0.984253
0.984314
0.984375
0.984436
0.984497
0.984558
0.984619
0.984711
0.984741
0.984779
0.984779
0.984779
0.984779
0.984779
0.984779
0.984779
0.984779
0.984779
0.984779
0.984779
0.984779
0.984779
0.984779
0.984779
0.984779
0.984779
0.984779
0.984779
0.984779
0.984779
0.984779
0.984779
0.984779
0.984779
0.984779
0.984779
0.984779
0.984779
0.984779
0.984779
0.98481
0.98484
0.984932
0.984993
0.985054
0.985115
0.985176
0.985237
0.985298
0.985359
0.98542
0.985512
0.985573
0.985634
0.985695
0.985756
0.985817
0.985878
0.985939
0.986
0.986061
0.986069
0.986069
0.986069
0.986069
0.986069
0.986069
0.986069
0.986069
0.986069
0.986069
0.986069
0.986069
0.986069
0.986069
0.986069
0.986069
0.986069
0.986069
0.986069
0.986069
0.986069
0.986069
0.986069
0.986069
0.986069
0.986069
0.986069
0.986069
0.986069
0.986069
0.986069
0.986069
0.986069
0.986099
0.98616
0.986221
0.986282
0.986343
0.986404
0.986465
0.986526
0.986588
0.986649
0.98671
0.986771
0.986832
0.986893
0.986954
0.987015
0.987076
0.987137
0.987198
0.987259
0.987297
0.987297
0.987297
0.987297
0.987297
0.987297
0.987297
0.987297
0.987297
0.987297
0.987297
0.987297
0.987297
0.987297
0.987297
0.987297
0.987297
0.987297
0.987297
0.987297
0.987297
0.987297
0.987297
0.987297
0.987297
0.987297
0.987297
0.987297
0.987297
0.987297
0.987297
0.987297
0.987297
0.987297
0.987297
0.987335
0.987396
0.987457
0.987518
0.987579
0.98764
0.987701
0.987762
0.987823
0.987885
0.987946
0.988007
0.988068
0.988129
0.98819
0.988251
0.988312
0.988373
0.988434
0.988449
0.988449
0.988449
0.988449
0.988449
0.988449
0.988449
0.988449
0.988449
0.988449
0.988449
0.988449
0.988449
0.988449
0.988449
0.988449
0.988449
0.988449
0.988449
0.988449
0.988449
0.988449
0.988449
0.988449
0.988449
0.988449
0.988449
0.988449
0.988449
0.988449
0.988449
0.988449
0.988449
0.988449
0.988449
0.988449
0.988449
0.988449
0.988495
0.988556
0.988617
0.988678
0.98877
0.988831
0.988892
0.988953
0.989014
0.989075
0.989136
0.989197
0.989258
0.989319
0.98938
0.989441
0.989502
0.989563
0.989601
0.989601
0.989601
0.989601
0.989601
0.989601
0.989601
0.989601
0.989601
0.989601
0.989601
0.989601
0.989601
0.989601
0.989601
0.989601
0.989601
0.989601
0.989601
0.989601
0.989601
0.989601
0.989601
0.989601
0.989601
0.989601
0.989601
0.989601
0.989601
0.989601
0.989601
0.989601
0.989601
0.989601
0.989601
0.989601
0.989601
0.989601
0.989601
0.989601
0.989601
0.989601
0.989601
0.989616
0.989677
0.989738
0.989799
0.989861
0.989922
0.989983
0.990044
0.990135
0.990196
0.990257
0.990318
0.990379
0.99044
0.990501
0.990562
0.990623
0.990685
0.990723
0.990723
0.990723
0.990723
0.990723
0.990723
0.990723
0.990723
0.990723
0.990723
0.990723
0.990723
0.990723
0.990723
0.990723
0.990723
0.990723
0.990723
0.990723
0.990723
0.990723
0.990723
0.990723
0.990723
0.990723
0.990723
0.990723
0.990723
0.990723
0.990723
0.990723
0.990723
0.990723
0.990723
0.990723
0.990723
0.990723
0.990723
0.990723
0.990723
0.990723
0.990723
0.990723
0.990723
0.990723
0.990723
0.990723
0.990723
0.990723
0.990723
0.990784
0.990814
0.990906
0.990936
0.991028
0.991089
0.991119
0.99118
0.991241
0.991333
0.991394
0.991455
0.991516
0.991577
0.991638
0.991699
0.99176
0.991791
0.991791
0.991791
0.991791
0.991791
0.991791
0.991791
0.991791
0.991791
0.991791
0.991791
0.991791
0.991791
0.991791
0.991791
0.991791
0.991791
0.991791
0.991791
0.991791
0.991791
0.991791
0.991791
0.991791
0.991791
0.991791
0.991791
0.991791
0.991791
0.991791
0.991791
0.991791
0.991791
0.991791
0.991791
0.991791
0.991791
0.991791
0.991791
0.991791
0.991791
0.991791
0.991791
0.991791
0.991791
0.991791
0.991791
0.991791
0.991791
0.991791
0.991791
0.991791
0.991791
0.991791
0.991806
0.991837
0.991928
0.991989
0.99205
0.992111
0.992172
0.992233
0.992294
0.992355
0.992416
0.992477
0.992538
0.992599
0.992661
0.992722
0.992729
0.992729
0.992729
0.992729
0.992729
0.992729
0.992729
0.992729
0.992729
0.992729
0.992729
0.992729
0.992729
0.992729
0.992729
0.992729
0.992729
0.992729
0.992729
0.992729
0.992729
0.992729
0.992729
0.992729
0.992729
0.992729
0.992729
0.992729
0.992729
0.992729
0.992729
0.992729
0.992729
0.992729
0.992729
0.992729
0.992729
0.992729
0.992729
0.992729
0.992729
0.992729
0.992729
0.992729
0.992729
0.992729
0.992729
0.992729
0.992729
0.992729
0.992729
0.992729
0.992729
0.992729
0.992729
0.992729
0.992783
