0
3.05173e-05
6.10349e-05
9.15526e-05
0.00012207
0.000152588
0.000194549
0.000354767
0.000808716
0.00176239
0.0034523
0.00788498
0.0124397
0.0184937
0.0262222
0.0357704
0.0472488
0.0607262
0.0762329
0.0937653
0.113266
0.13467
0.157875
0.182743
0.209129
0.236862
0.265766
0.310921
0.341949
0.373497
0.405388
0.437439
0.469471
0.501289
0.532707
0.563553
0.593681
0.622963
0.651291
0.678558
0.704689
0.729607
0.753281
0.775658
0.796707
0.816406
0.834759
0.851757
0.867413
0.881741
0.894772
0.906536
0.91708
0.926437
0.934666
0.941814
0.947948
0.955368
0.957397
0.96085
0.963528
0.966263
0.967319
0.967838
0.967876
0.967499
0.966766
0.965744
0.964478
0.96302
0.961418
0.959721
0.957966
0.956196
0.954441
0.95274
0.951111
0.949585
0.948181
0.946922
0.945812
0.94487
0.944099
0.943512
0.9431
0.942871
0.94286
0.94294
0.943428
0.943951
0.944618
0.945423
0.94635
0.947384
0.948517
0.94973
0.951008
0.952335
0.953701
0.955078
0.956482
0.957863
0.959232
0.960571
0.961876
0.963139
0.964348
0.965504
0.966602
0.967636
0.968605
0.969509
0.970345
0.971115
0.971817
0.972454
0.973026
0.973537
0.973988
0.974377
0.974861
0.974995
0.975224
0.975403
0.975586
0.975658
0.975689
0.975681
0.975639
0.975567
0.975464
0.975334
0.975182
0.975002
0.974812
0.974598
0.97438
0.974136
0.973892
0.973648
0.973404
0.97316
0.972916
0.972672
0.972427
0.972183
0.971939
0.971695
0.971474
0.97126
0.971046
0.970852
0.970669
0.97049
0.970337
0.970116
0.970055
0.969933
0.969822
0.96973
0.969608
0.969578
0.969517
0.969471
0.969425
0.969402
0.969402
0.969402
0.969402
0.969418
0.969463
0.969494
0.969524
0.969563
0.969624
0.969685
0.969746
0.969807
0.969868
0.969929
0.96999
0.970051
0.970112
0.970173
0.970234
0.970295
0.970356
0.970417
0.970478
0.970539
0.9706
0.970661
0.970722
0.970783
0.970844
0.970905
0.970966
0.971027
0.971088
0.97118
0.97121
0.971272
0.971333
0.971394
0.971474
0.971504
0.971535
0.971565
0.971596
0.971626
0.971657
0.971687
0.971718
0.971748
0.971779
0.971809
0.97184
0.97187
0.971901
0.971931
0.971962
0.971992
0.972023
0.972054
0.972099
0.97213
0.972145
0.972191
0.972221
0.972252
0.972282
0.972313
0.972343
0.972374
0.972404
0.972435
0.972466
0.972496
0.972527
0.972557
0.972588
0.972618
0.972649
0.972679
0.97271
0.972759
0.97282
0.972881
0.972942
0.973003
0.973064
0.973125
0.973186
0.973248
0.973309
0.97337
0.973461
0.973492
0.973583
0.973614
0.973705
0.973766
0.973797
0.973873
0.973904
0.973934
0.973965
0.973995
0.974026
0.974056
0.974087
0.974117
0.974148
0.974178
0.974209
0.974239
0.97427
0.9743
0.974331
0.974361
0.974407
0.974422
0.974453
0.974499
0.974514
0.974545
0.974575
0.974621
0.974651
0.974682
0.974712
0.974743
0.974773
0.974804
0.974834
0.974865
0.974895
0.974926
0.974957
0.974987
0.975018
0.975048
0.975079
0.975109
0.97514
0.97517
0.975201
0.975231
0.975262
0.975292
0.975323
0.975353
0.975395
0.975456
0.975517
0.975578
0.975639
0.9757
0.975761
0.975822
0.975914
0.975945
0.976036
0.976097
0.976158
0.976189
0.97628
0.976337
0.976368
0.976398
0.976429
0.97646
0.97649
0.976521
0.976551
0.976582
0.976612
0.976643
0.976673
0.976704
0.976734
0.976765
0.976795
0.976826
0.976871
0.976887
0.976917
0.976948
0.976978
0.977009
0.977039
0.97707
0.977116
0.977131
0.977177
0.977192
0.977222
0.977268
0.977299
0.977329
0.97736
0.97739
0.977421
0.977451
0.977482
0.977512
0.977543
0.977573
0.977604
0.977634
0.977665
0.977695
0.977726
0.977757
0.977787
0.977818
0.977848
0.977879
0.977909
0.97794
0.97797
0.978001
0.978031
0.978062
0.978092
0.978123
0.978153
0.978184
0.978214
0.978245
0.978275
0.978321
0.978352
0.978367
0.978397
0.978428
0.978474
0.978489
0.978535
0.978565
0.978596
0.978626
0.978657
0.978687
0.978718
0.978748
0.978779
0.978809
0.97884
0.97887
0.978901
0.978931
0.978962
0.978992
0.979023
0.979053
0.979099
0.979115
0.979145
0.979176
0.979206
0.979252
0.979267
0.979313
0.979328
0.979343
0.979389
0.979446
0.979507
0.979568
0.97963
0.979691
0.979752
0.979813
0.979874
0.979935
0.979996
0.980057
0.980118
0.980148
0.980179
0.980209
0.98024
0.98027
0.980301
0.980331
0.980362
0.980392
0.980423
0.980453
0.980484
0.980515
0.980545
0.980591
0.980606
0.980637
0.980667
0.980698
0.980743
0.980759
0.980789
0.98082
0.98085
0.980896
0.980911
0.980942
0.980972
0.981003
0.981049
0.981079
0.98111
0.98114
0.981171
0.981186
0.981232
0.981247
0.981277
0.981323
0.981354
0.981384
0.981415
0.981445
0.981476
0.981506
0.981537
0.981567
0.981598
0.981628
0.981659
0.981689
0.98172
0.98175
0.981781
0.981812
0.981842
0.981873
0.981903
0.981934
0.981964
0.981995
0.982025
0.982071
0.982101
0.982132
0.982162
0.982193
0.982224
0.982254
0.982285
0.982315
0.982346
0.982376
0.982407
0.982437
0.982468
0.982498
0.982529
0.982559
0.98259
0.98262
0.982651
0.982681
0.982712
0.982742
0.982773
0.982803
0.982834
0.982864
0.982895
0.982925
0.982956
0.982986
0.983017
0.983047
0.983093
0.983109
0.983154
0.98317
0.9832
0.983246
0.983261
0.983307
0.983337
0.983368
0.983398
0.983429
0.983459
0.98349
0.983521
0.983551
0.983582
0.983612
0.983643
0.983673
0.983704
0.983734
0.983765
0.983795
0.983826
0.983856
0.983887
0.983917
0.983948
0.983978
0.984009
0.984039
0.984085
0.984116
0.984131
0.984177
0.984207
0.984238
0.984268
0.984299
0.984329
0.98436
0.98439
0.984421
0.984451
0.984482
0.984512
0.984543
0.984573
0.984604
0.984634
0.984665
0.984695
0.984726
0.984756
0.984787
0.984818
0.984848
0.984879
0.98489
0.98489
0.98489
0.98489
0.98489
0.98489
0.98489
0.98489
0.98489
0.98489
0.98489
0.98489
0.984898
0.984928
0.984959
0.984989
0.98502
0.98505
0.985081
0.985111
0.985142
0.985172
0.985203
0.985233
0.985264
0.985294
0.98534
0.985371
0.985386
0.985416
0.985462
0.985477
0.985523
0.985554
0.985584
0.985615
0.985645
0.985676
0.985706
0.985737
0.985767
0.985798
0.985828
0.985859
0.985889
0.98592
0.98595
0.985981
0.986012
0.986042
0.986073
0.986103
0.986134
0.986164
0.986195
0.986225
0.986256
0.986286
0.986317
0.986347
0.986378
0.986423
0.986439
0.986469
0.986515
0.986546
0.986576
0.986607
0.986637
0.986668
0.986698
0.986729
0.986744
0.986744
0.986744
0.986744
0.986744
0.986744
0.986744
0.986744
0.986744
0.986744
0.986744
0.986744
0.986744
0.986744
0.986744
0.986755
0.986786
0.986816
0.986847
0.986877
0.986908
0.986938
0.986969
0.987
0.98703
0.987061
0.987091
0.987122
0.987152
0.987183
0.987213
0.987244
0.987274
0.987305
0.987335
0.987366
0.987396
0.987427
0.987457
0.987488
0.987518
0.987549
0.987579
0.98761
0.987656
0.987671
0.987701
0.987732
0.987762
0.987808
0.987823
0.987869
0.987885
0.98793
0.987946
0.987976
0.988022
0.988052
0.988083
0.988113
0.988121
0.988121
0.988121
0.988121
0.988121
0.988121
0.988121
0.988121
0.988121
0.988121
0.988121
0.988121
0.988121
0.988121
0.988121
0.988121
0.988121
0.988136
0.988152
0.988182
0.988213
0.988243
0.988289
0.988304
0.988335
0.988365
0.988396
0.988426
0.988472
0.988487
0.988518
0.988548
0.988579
0.988625
0.98864
0.988686
0.988716
0.988731
0.988777
0.988792
0.988823
0.988869
0.988884
0.98893
0.988945
0.988991
0.989021
0.989037
0.989082
0.989113
0.989128
0.989174
0.989178
0.989178
0.989178
0.989178
0.989178
0.989178
0.989178
0.989178
0.989178
0.989178
0.989178
0.989178
0.989178
0.989178
0.989178
0.989178
0.989178
0.989178
0.989178
0.989178
0.989201
0.989231
0.989277
0.989292
0.989323
0.989368
0.989384
0.989429
0.98946
0.989491
0.989521
0.989552
0.989582
0.989613
0.989643
0.989674
0.989704
0.989735
0.989765
0.989796
0.989826
0.989857
0.989887
0.989918
0.989948
0.989994
0.990009
0.99004
0.990086
0.990116
0.990147
0.990166
0.990166
0.990166
0.990166
0.990166
0.990166
0.990166
0.990166
0.990166
0.990166
0.990166
0.990166
0.990166
0.990166
0.990166
0.990166
0.990166
0.990166
0.990166
0.990166
0.99017
0.9902
0.990246
0.990276
0.990292
0.990322
0.990353
0.990383
0.990429
0.990459
0.99049
0.99052
0.990551
0.990582
0.990612
0.990643
0.990673
0.990704
0.990734
0.990765
0.990795
0.990841
0.990856
0.990902
0.990917
0.990948
0.99099
0.99099
0.99099
0.99099
0.99099
0.99099
0.99099
0.99099
0.99099
0.99099
0.99099
0.99099
0.99099
0.99099
0.99099
0.99099
0.99099
0.99099
0.99099
0.99099
0.99099
0.99099
0.99099
0.991016
0.991047
0.991077
0.991108
0.991138
0.991169
0.991199
0.99123
0.991276
0.991291
0.991322
0.991352
0.991398
0.991428
0.991444
0.991474
0.99152
0.99155
0.991581
0.991611
0.991642
0.991673
0.991703
0.991734
0.991756
0.991756
0.991756
0.991756
0.991756
0.991756
0.991756
0.991756
0.991756
0.991756
0.991756
0.991756
0.991756
0.991756
0.991756
0.991756
0.991756
0.991756
0.991756
0.991756
0.991756
0.991756
0.991756
0.991756
0.991756
0.991764
0.99181
0.991825
0.991856
0.991901
0.991932
0.991962
0.991978
0.992023
0.992054
0.992085
0.992115
0.992146
0.992176
0.992207
0.992237
0.992268
0.992298
0.992329
0.992359
0.99239
0.99242
0.99242
0.99242
0.99242
0.99242
0.99242
0.99242
0.99242
0.99242
0.99242
0.99242
0.99242
0.99242
0.99242
0.99242
0.99242
0.99242
0.99242
0.99242
0.99242
0.99242
0.99242
0.99242
0.99242
0.99242
0.99242
0.99242
0.992432
0.992462
0.992493
0.992523
0.992554
0.992584
