0
6.10349e-05
0.00012207
0.000213623
0.000244141
0.000343323
0.000518799
0.000991821
0.00196838
0.00369263
0.00640869
0.0103607
0.0157776
0.0228577
0.0318298
0.0428314
0.0560379
0.071579
0.0895081
0.109924
0.132782
0.158066
0.185692
0.21553
0.247452
0.298843
0.316803
0.353806
0.411613
0.431366
0.491669
0.53241
0.573303
0.61412
0.65461
0.69458
0.733833
0.772163
0.809387
0.845345
0.879852
0.928596
0.958862
0.987244
1.0136
1.03786
1.05997
1.07989
1.09756
1.11296
1.12608
1.13695
1.14911
1.15456
1.15798
1.15948
1.15919
1.1572
1.15363
1.14861
1.14226
1.13473
1.12618
1.11671
1.1065
1.09007
1.07858
1.0668
1.05487
1.04291
1.03099
1.01925
1.00777
0.99128
0.980873
0.970993
0.961723
0.953094
0.941444
0.934593
0.928513
0.923218
0.918724
0.915031
0.912125
0.910004
0.908646
0.908028
0.908104
0.908836
0.910187
0.912109
0.91452
0.917419
0.920746
0.924438
0.928452
0.932724
0.93721
0.941856
0.946625
0.951447
0.956306
0.961128
0.965904
0.970581
0.975128
0.981644
0.983727
0.989632
0.993271
0.996658
0.999771
1.00259
1.00511
1.00732
1.00922
1.0108
1.01205
1.01301
1.01366
1.01401
1.01408
1.01389
1.01344
1.01276
1.01187
1.01079
1.00954
1.00741
1.00584
1.00418
1.00244
1.00065
0.998817
0.996964
0.995071
0.993179
0.991341
0.98951
0.987717
0.985962
0.984268
0.982643
0.980339
0.978912
0.977592
0.976364
0.975243
0.974236
0.973343
0.972565
0.971909
0.971375
0.970963
0.970673
0.97049
0.970421
0.970451
0.970596
0.970818
0.971138
0.971527
0.971985
0.972504
0.973068
0.973679
0.974312
0.974983
0.975655
0.976326
0.976997
0.977638
0.978249
0.978851
0.979401
0.979927
0.980637
0.98085
0.98143
0.981758
0.982048
0.982292
0.982483
0.982635
0.982758
0.982819
0.982849
0.982849
0.982796
0.982735
0.982613
0.982491
0.982315
0.982132
0.981934
0.981689
0.981445
0.981201
0.980934
0.980629
0.980324
0.980019
0.979713
0.979408
0.979103
0.978798
0.978493
0.978188
0.977882
0.977592
0.977348
0.977104
0.97686
0.976616
0.97641
0.976227
0.976044
0.975868
0.975746
0.975624
0.975502
0.975433
0.975342
0.975281
0.975281
0.975281
0.975281
0.975296
0.975357
0.975418
0.975479
0.97554
0.975624
0.975746
0.975868
0.97599
0.976112
0.976234
0.976357
0.976479
0.976601
0.976723
0.976906
0.977028
0.977089
0.977211
0.977333
0.977516
0.977638
0.97776
0.977882
0.978004
0.978127
0.978218
0.978279
0.97834
0.978401
0.978493
0.978523
0.978584
0.978676
0.978737
0.978798
0.978813
0.978813
0.978813
0.978813
0.978813
0.978813
0.978813
0.978813
0.978813
0.978813
0.978813
0.978813
0.978813
0.978813
0.978813
0.978813
0.978813
0.978813
0.978813
0.978813
0.978813
0.978813
0.978813
0.978813
0.978813
0.978813
0.978813
0.978813
0.978813
0.978813
0.978813
0.978813
0.978813
0.978813
0.978828
0.978889
0.978951
0.979012
0.979073
0.979134
0.979195
0.979256
0.979347
0.979408
0.979469
0.97953
0.979591
0.979652
0.979713
0.979805
0.979866
0.979927
0.979988
0.980049
0.98011
0.980171
0.980232
0.980293
0.980354
0.980362
0.980362
0.980362
0.980362
0.980362
0.980362
0.980362
0.980362
0.980362
0.980362
0.980362
0.980362
0.980362
0.980362
0.980362
0.980362
0.980362
0.980362
0.980362
0.980362
0.980362
0.980362
0.980362
0.980362
0.980362
0.980362
0.980423
0.980484
0.980545
0.980606
0.980667
0.980728
0.980789
0.98085
0.980911
0.980972
0.981064
0.981094
0.981186
0.981216
0.981308
0.981369
0.98143
0.981491
0.981552
0.981613
0.981674
0.981735
0.981796
0.981857
0.981873
0.981873
0.981873
0.981873
0.981873
0.981873
0.981873
0.981873
0.981873
0.981873
0.981873
0.981873
0.981873
0.981873
0.981873
0.981873
0.981873
0.981873
0.981873
0.981873
0.981873
0.981873
0.981873
0.981873
0.981873
0.981873
0.981873
0.981873
0.981873
0.981918
0.981979
0.98204
0.982101
0.982162
0.982224
0.982315
0.982376
0.982437
0.982498
0.982559
0.98262
0.982681
0.982742
0.982834
0.982895
0.982956
0.983017
0.983078
0.983139
0.9832
0.983253
0.983253
0.983253
0.983253
0.983253
0.983253
0.983253
0.983253
0.983253
0.983253
0.983253
0.983253
0.983253
0.983253
0.983253
0.983253
0.983253
0.983253
0.983253
0.983253
0.983253
0.983253
0.983253
0.983253
0.983253
0.983253
0.983253
0.983253
0.983253
0.983253
0.983253
0.983253
0.983315
0.983376
0.983437
0.983498
0.983559
0.98362
0.983681
0.983742
0.983803
0.983894
0.983955
0.984016
0.984077
0.984138
0.9842
0.984261
0.984322
0.984383
0.984444
0.984505
0.984566
0.984627
0.984634
0.984634
0.984634
0.984634
0.984634
0.984634
0.984634
0.984634
0.984634
0.984634
0.984634
0.984634
0.984634
0.984634
0.984634
0.984634
0.984634
0.984634
0.984634
0.984634
0.984634
0.984634
0.984634
0.984634
0.984634
0.984634
0.984634
0.984634
0.984634
0.984634
0.984634
0.984634
0.984657
0.984718
0.984779
0.98484
0.984901
0.984962
0.985023
0.985085
0.985146
0.985207
0.985298
0.985359
0.98542
0.985481
0.985542
0.985603
0.985664
0.985725
0.985786
0.985847
0.985901
0.985901
0.985901
0.985901
0.985901
0.985901
0.985901
0.985901
0.985901
0.985901
0.985901
0.985901
0.985901
0.985901
0.985901
0.985901
0.985901
0.985901
0.985901
0.985901
0.985901
0.985901
0.985901
0.985901
0.985901
0.985901
0.985901
0.985901
0.985901
0.985901
0.985901
0.985901
0.985901
0.985901
0.985962
0.986023
0.986084
0.986145
0.986206
0.986267
0.986328
0.986389
0.98645
0.986511
0.986603
0.986664
0.986725
0.986786
0.986847
0.986908
0.986969
0.98703
0.987091
0.987137
0.987137
0.987137
0.987137
0.987137
0.987137
0.987137
0.987137
0.987137
0.987137
0.987137
0.987137
0.987137
0.987137
0.987137
0.987137
0.987137
0.987137
0.987137
0.987137
0.987137
0.987137
0.987137
0.987137
0.987137
0.987137
0.987137
0.987137
0.987137
0.987137
0.987137
0.987137
0.987137
0.987137
0.987137
0.987137
0.987144
0.987206
0.987267
0.987328
0.987389
0.98745
0.987511
0.987572
0.987663
0.987694
0.987755
0.987816
0.987877
0.987938
0.988029
0.988091
0.988152
0.988213
0.988274
0.988335
0.988373
0.988373
0.988373
0.988373
0.988373
0.988373
0.988373
0.988373
0.988373
0.988373
0.988373
0.988373
0.988373
0.988373
0.988373
0.988373
0.988373
0.988373
0.988373
0.988373
0.988373
0.988373
0.988373
0.988373
0.988373
0.988373
0.988373
0.988373
0.988373
0.988373
0.988373
0.988373
0.988373
0.988373
0.988373
0.988373
0.988373
0.988373
0.988373
0.988373
0.988373
0.988388
0.988449
0.98851
0.988571
0.988632
0.988693
0.988785
0.988846
0.988907
0.988968
0.989029
0.98909
0.989151
0.989212
0.989273
0.989334
0.989395
0.989456
0.989479
0.989479
0.989479
0.989479
0.989479
0.989479
0.989479
0.989479
0.989479
0.989479
0.989479
0.989479
0.989479
0.989479
0.989479
0.989479
0.989479
0.989479
0.989479
0.989479
0.989479
0.989479
0.989479
0.989479
0.989479
0.989479
0.989479
0.989479
0.989479
0.989479
0.989479
0.989479
0.989479
0.989479
0.989479
0.989479
0.989479
0.989479
0.989479
0.989479
0.989479
0.989479
0.989525
0.989586
0.989647
0.989708
0.989769
0.98983
0.989891
0.989952
0.990013
0.990074
0.990135
0.990196
0.990257
0.990318
0.99041
0.99044
0.990501
0.990562
0.990562
0.990562
0.990562
0.990562
0.990562
0.990562
0.990562
0.990562
0.990562
0.990562
0.990562
0.990562
0.990562
0.990562
0.990562
0.990562
0.990562
0.990562
0.990562
0.990562
0.990562
0.990562
0.990562
0.990562
0.990562
0.990562
0.990562
0.990562
0.990562
0.990562
0.990562
0.990562
0.990562
0.990562
0.990562
0.990562
0.990562
0.990562
0.990562
0.990562
0.990562
0.990562
0.990562
0.990562
0.990562
0.990562
0.990562
0.990608
0.990669
0.99073
0.990822
0.990883
0.990944
0.990974
0.991066
0.991127
0.991188
0.991249
0.99131
0.991371
0.991432
0.991493
0.991554
0.991562
0.991562
0.991562
0.991562
0.991562
0.991562
0.991562
0.991562
0.991562
0.991562
0.991562
0.991562
0.991562
0.991562
0.991562
0.991562
0.991562
0.991562
0.991562
0.991562
0.991562
0.991562
0.991562
0.991562
0.991562
0.991562
0.991562
0.991562
0.991562
0.991562
0.991562
0.991562
0.991562
0.991562
0.991562
0.991562
0.991562
0.991562
0.991562
0.991562
0.991562
0.991562
0.991562
0.991562
0.991562
0.991562
0.991562
0.991562
0.991562
0.991562
0.991585
0.991646
0.991707
0.991768
0.991829
0.99189
0.991951
0.992012
0.992073
0.992134
0.992195
0.992256
0.992317
0.992409
0.99247
0.992531
0.992592
0.992592
0.992592
0.992592
0.992592
0.992592
0.992592
0.992592
0.992592
0.992592
0.992592
0.992592
0.992592
0.992592
0.992592
0.992592
0.992592
0.992592
0.992592
0.992592
0.992592
0.992592
0.992592
0.992592
0.992592
0.992592
0.992592
0.992592
0.992592
0.992592
0.992592
0.992592
0.992592
0.992592
0.992592
0.992592
0.992592
0.992592
0.992592
0.992592
0.992592
0.992592
0.992592
0.992592
0.992592
0.992592
0.992592
0.992592
0.992592
0.992592
0.992592
0.992592
0.992592
0.992592
0.992592
0.992592
0.992592
0.992592
0.992592
0.992592
0.992592
0.992592
0.992645
0.992706
0.992767
0.992859
0.992889
0.99295
0.993042
0.993103
0.993164
0.993225
0.993286
0.993347
0.993408
0.993469
0.99353
0.993568
0.993568
0.993568
0.993568
0.993568
0.993568
0.993568
0.993568
0.993568
0.993568
0.993568
0.993568
0.993568
0.993568
0.993568
0.993568
0.993568
0.993568
0.993568
0.993568
0.993568
0.993568
0.993568
0.993568
0.993568
0.993568
0.993568
0.993568
0.993568
0.993568
0.993568
0.993568
0.993568
0.993568
0.993568
0.993568
0.993568
