0
3.05173e-05
6.10349e-05
9.15526e-05
0.000137329
0.000179291
0.000339508
0.000793457
0.00174713
0.00343323
0.00609589
0.00996017
0.0152397
0.02211
0.030735
0.0412369
0.0537033
0.0681953
0.0847282
0.103275
0.123783
0.146183
0.170353
0.196159
0.223446
0.252048
0.281784
0.312466
0.343918
0.375942
0.40836
0.440987
0.473652
0.522346
0.554379
0.585884
0.616722
0.646774
0.690109
0.704025
0.743946
0.768913
0.792469
0.814545
0.835091
0.854088
0.87149
0.887264
0.907845
0.913887
0.929657
0.938293
0.945503
0.951382
0.95602
0.959518
0.961967
0.963459
0.964092
0.963963
0.963177
0.960979
0.960022
0.957836
0.955379
0.951317
0.949902
0.947037
0.944168
0.939976
0.937325
0.934845
0.932568
0.931507
0.928711
0.927185
0.926529
0.925003
0.924362
0.924023
0.923969
0.924206
0.924709
0.92548
0.926495
0.927731
0.92918
0.93082
0.932632
0.934597
0.936699
0.938908
0.9412
0.943565
0.945969
0.94838
0.95079
0.953194
0.955559
0.95787
0.960114
0.962276
0.964355
0.966339
0.968224
0.970009
0.971687
0.973259
0.974724
0.976082
0.977337
0.978485
0.979534
0.98048
0.981331
0.98209
0.982758
0.983341
0.983845
0.984268
0.984619
0.984901
0.985115
0.985268
0.985359
0.985397
0.985382
0.985317
0.985134
0.984962
0.984859
0.984505
0.984226
0.984074
0.983585
0.983227
0.983044
0.982452
0.982254
0.981613
0.981186
0.980743
0.980286
0.979828
0.97937
0.978912
0.978455
0.97802
0.977592
0.977165
0.976757
0.97636
0.975975
0.975609
0.975254
0.974918
0.974602
0.974297
0.974022
0.973759
0.973515
0.973293
0.973083
0.9729
0.972729
0.972576
0.972382
0.972267
0.972176
0.972092
0.972031
0.97197
0.971939
0.971909
0.971889
0.971889
0.971889
0.971889
0.97192
0.971951
0.971981
0.972012
0.972042
0.972073
0.972134
0.972195
0.972256
0.972317
0.972378
0.972439
0.9725
0.972561
0.972622
0.972683
0.972744
0.972805
0.972866
0.972927
0.972988
0.973049
0.97308
0.97311
0.973141
0.973171
0.973202
0.973232
0.973263
0.973293
0.973324
0.973354
0.973385
0.973415
0.973446
0.973476
0.973507
0.973537
0.973568
0.973598
0.973629
0.97366
0.97369
0.973721
0.973751
0.973797
0.973812
0.973843
0.973873
0.973904
0.973949
0.973965
0.97401
0.974041
0.974056
0.974102
0.974133
0.974163
0.974194
0.974224
0.974255
0.974285
0.974316
0.974346
0.974377
0.974407
0.974438
0.974468
0.974499
0.974529
0.97456
0.97459
0.974621
0.974651
0.974682
0.974712
0.974743
0.974773
0.974804
0.974834
0.974865
0.974895
0.974926
0.974957
0.975002
0.975018
0.975048
0.975079
0.975109
0.975155
0.975185
0.975201
0.975231
0.975307
0.975368
0.97543
0.975491
0.975552
0.975613
0.975674
0.975735
0.975796
0.975857
0.975918
0.975979
0.97604
0.976089
0.97612
0.976151
0.976181
0.976212
0.976242
0.976273
0.976303
0.976334
0.976364
0.976395
0.976425
0.976456
0.976486
0.976517
0.976547
0.976578
0.976608
0.976639
0.976669
0.9767
0.97673
0.976761
0.976791
0.976822
0.976852
0.976883
0.976913
0.976944
0.976974
0.977005
0.977036
0.977066
0.977112
0.977127
0.977173
0.977203
0.977234
0.977264
0.977295
0.977325
0.977356
0.977386
0.977417
0.977448
0.977478
0.977509
0.977539
0.97757
0.9776
0.977631
0.977661
0.977692
0.977722
0.977753
0.977783
0.977814
0.977844
0.977875
0.977905
0.977936
0.977966
0.977997
0.978027
0.978058
0.978088
0.978119
0.978165
0.978191
0.978252
0.978344
0.978374
0.978466
0.978497
0.978558
0.978649
0.97871
0.978771
0.978802
0.978863
0.978893
0.978924
0.978954
0.978985
0.979015
0.979046
0.979076
0.979107
0.979137
0.979168
0.979198
0.979229
0.979259
0.97929
0.979321
0.979351
0.979382
0.979412
0.979443
0.979473
0.979504
0.979534
0.979565
0.979595
0.979626
0.979656
0.979687
0.979717
0.979748
0.979778
0.979809
0.979839
0.97987
0.9799
0.979931
0.979961
0.979992
0.980022
0.980053
0.980083
0.980114
0.980145
0.98016
0.980206
0.980236
0.980267
0.980297
0.980343
0.980373
0.980404
0.980434
0.98045
0.980495
0.980511
0.980541
0.980572
0.980602
0.980648
0.980679
0.980709
0.98074
0.98077
0.980801
0.980831
0.980862
0.980892
0.980923
0.980953
0.980984
0.981014
0.981045
0.981075
0.981106
0.981136
0.981167
0.981197
0.981228
0.981258
0.981289
0.981319
0.98135
0.98138
0.981411
0.981441
0.981472
0.981503
0.981533
0.981564
0.981594
0.981625
0.981655
0.981686
0.981716
0.981747
0.981777
0.981808
0.981853
0.981869
0.981915
0.981945
0.981976
0.982006
0.982037
0.982082
0.982113
0.982143
0.982174
0.982204
0.982235
0.982265
0.982296
0.982327
0.982357
0.982388
0.982418
0.982449
0.982479
0.98251
0.98254
0.982571
0.982601
0.982632
0.982662
0.982693
0.982708
0.982754
0.982784
0.982815
0.982845
0.982876
0.982906
0.982952
0.982983
0.983013
0.983044
0.983059
0.983105
0.983135
0.983166
0.983196
0.983227
0.983257
0.983273
0.983318
0.983349
0.983379
0.98341
0.98344
0.983471
0.983501
0.983532
0.983562
0.983593
0.983624
0.983654
0.983685
0.983715
0.983746
0.983776
0.983807
0.983837
0.983868
0.983898
0.983929
0.983959
0.98399
0.98402
0.984051
0.984081
0.984112
0.984142
0.984173
0.984203
0.984234
0.984264
0.984295
0.984325
0.984356
0.984386
0.984417
0.984447
0.984478
0.984509
0.984554
0.98457
0.9846
0.984646
0.984676
0.984707
0.984722
0.984768
0.984798
0.984829
0.984859
0.98489
0.984921
0.984951
0.984982
0.985012
0.985043
0.985073
0.985104
0.985134
0.985165
0.985195
0.985226
0.985256
0.985287
0.985332
0.985348
0.985378
0.985409
0.985439
0.985485
0.9855
0.985519
0.985519
0.985519
0.985519
0.985519
0.985519
0.985519
0.985519
0.985519
0.985519
0.985519
0.985519
0.985519
0.985523
0.985554
0.985584
0.985615
0.985645
0.985676
0.985706
0.985737
0.985767
0.985798
0.985828
0.985859
0.985889
0.98592
0.98595
0.985981
0.986012
0.986042
0.986073
0.986103
0.986134
0.986164
0.986195
0.986225
0.986271
0.986286
0.986317
0.986347
0.986378
0.986423
0.986439
0.986469
0.986515
0.98653
0.986561
0.986591
0.986622
0.986652
0.986683
0.986713
0.986744
0.98679
0.986805
0.986835
0.986881
0.986912
0.986942
0.986973
0.987003
0.987034
0.987049
0.987095
0.987125
0.987156
0.987171
0.987171
0.987171
0.987171
0.987171
0.987171
0.987171
0.987171
0.987171
0.987171
0.987171
0.987171
0.987171
0.987171
0.987171
0.987171
0.987175
0.987221
0.987236
0.987267
0.987297
0.987328
0.987358
0.987389
0.987419
0.987465
0.98748
0.987511
0.987556
0.987572
0.987617
0.987633
0.987679
0.987709
0.98774
0.98777
0.987801
0.987831
0.987862
0.987892
0.987923
0.987953
0.987984
0.988014
0.988045
0.988075
0.988106
0.988136
0.988167
0.988197
0.988228
0.988258
0.988289
0.988319
0.98835
0.988358
0.988358
0.988358
0.988358
0.988358
0.988358
0.988358
0.988358
0.988358
0.988358
0.988358
0.988358
0.988358
0.988358
0.988358
0.988358
0.988358
0.988369
0.9884
0.98843
0.988476
0.988491
0.988522
0.988552
0.988583
0.988628
0.988644
0.988674
0.988705
0.988735
0.988781
0.988811
0.988827
0.988873
0.988903
0.988934
0.988964
0.988995
0.989025
0.989056
0.989086
0.989117
0.989147
0.989178
0.989208
0.989239
0.989269
0.9893
0.98933
0.989361
0.989391
0.989422
0.989422
0.989422
0.989422
0.989422
0.989422
0.989422
0.989422
0.989422
0.989422
0.989422
0.989422
0.989422
0.989422
0.989422
0.989422
0.989422
0.989422
0.989422
0.989449
0.989479
0.98951
0.98954
0.989571
0.989601
0.989632
0.989662
0.989693
0.989738
0.989754
0.989799
0.98983
0.989845
0.989876
0.989922
0.989952
0.989983
0.990013
0.990044
0.990074
0.990105
0.990135
0.990166
0.990196
0.990227
0.990257
0.990276
0.990276
0.990276
0.990276
0.990276
0.990276
0.990276
0.990276
0.990276
0.990276
0.990276
0.990276
0.990276
0.990276
0.990276
0.990276
0.990276
0.990276
0.990276
0.990276
0.990276
0.990307
0.990337
0.990368
0.990398
0.990429
0.990459
0.99049
0.99052
0.990551
0.990582
0.990612
0.990643
0.990673
0.990704
0.990734
0.990765
0.990795
0.990826
0.990856
0.990887
0.990917
0.990948
0.990978
0.991009
0.991039
0.99107
0.9911
0.991116
0.991116
0.991116
0.991116
0.991116
0.991116
0.991116
0.991116
0.991116
0.991116
0.991116
0.991116
0.991116
0.991116
0.991116
0.991116
0.991116
0.991116
0.991116
0.991116
0.991116
0.991116
0.991138
0.991169
0.991199
0.99123
0.991261
0.991291
0.991322
0.991352
0.991383
0.991413
0.991444
0.991474
0.991505
0.991535
0.991566
0.991596
0.991627
0.991657
0.991688
0.991718
0.991749
0.991779
0.99181
0.991833
0.991833
0.991833
0.991833
0.991833
0.991833
0.991833
0.991833
0.991833
0.991833
0.991833
0.991833
0.991833
0.991833
0.991833
0.991833
0.991833
0.991833
0.991833
0.991833
0.991833
0.991833
0.991833
0.991833
0.991844
0.991859
0.99189
0.991936
0.991951
0.991997
0.992012
0.992043
0.992073
0.992119
0.992149
0.99218
0.99221
0.992241
0.992271
0.992302
0.992332
0.992363
0.992393
0.992424
0.992455
0.992485
0.992516
0.992531
0.992531
0.992531
0.992531
0.992531
0.992531
0.992531
0.992531
0.992531
0.992531
0.992531
0.992531
0.992531
0.992531
0.992531
0.992531
0.992531
0.992531
0.992531
0.992531
0.992531
0.992531
0.992531
0.992531
0.992531
0.992531
0.992542
0.992573
0.992603
0.992634
0.992664
0.992695
0.992725
0.992756
0.992786
0.992817
0.992847
0.992878
0.992908
0.992939
0.99297
0.993
0.993031
0.993061
0.993092
0.993122
0.993137
0.993137
0.993137
0.993137
0.993137
0.993137
0.993137
0.993137
0.993137
0.993137
0.993137
0.993137
0.993137
0.993137
0.993137
0.993137
