0
1.52588e-05
6.10349e-05
9.15526e-05
0.00012207
0.000152588
0.000236511
0.000518799
0.001194
0.00248718
0.00463104
0.00786972
0.0124245
0.0184784
0.026207
0.0412483
0.0472298
0.0606956
0.0846901
0.0936928
0.123627
0.145897
0.157684
0.195423
0.222351
0.250484
0.279636
0.309612
0.340225
0.371281
0.402592
0.433979
0.46526
0.496273
0.526852
0.556873
0.586201
0.614704
0.642292
0.668858
0.694324
0.706623
0.741695
0.7635
0.784004
0.803188
0.821045
0.837593
0.852867
0.866882
0.879654
0.891216
0.9016
0.910843
0.918991
0.926098
0.932213
0.937405
0.941727
0.945248
0.948029
0.950138
0.952183
0.952595
0.953068
0.953125
0.95282
0.951828
0.951378
0.95034
0.949154
0.947201
0.946526
0.945152
0.943794
0.942482
0.940647
0.940086
0.939049
0.937756
0.937084
0.936577
0.936382
0.936127
0.936073
0.936253
0.936607
0.937126
0.937809
0.938641
0.939617
0.940716
0.941936
0.94326
0.944675
0.946167
0.94772
0.949314
0.950932
0.952576
0.954212
0.95583
0.95742
0.958965
0.960464
0.961906
0.963287
0.9646
0.965839
0.967003
0.968086
0.969097
0.970463
0.970882
0.972023
0.972366
0.973297
0.973827
0.974293
0.974697
0.97504
0.975327
0.975555
0.975735
0.975868
0.975952
0.975998
0.976006
0.975971
0.975906
0.975811
0.975689
0.97554
0.975368
0.975185
0.974972
0.974758
0.974522
0.974277
0.974033
0.973789
0.973526
0.973251
0.972977
0.972706
0.972462
0.972218
0.971973
0.971729
0.971497
0.971176
0.971069
0.970871
0.970688
0.970509
0.97028
0.970139
0.970016
0.969898
0.969807
0.969715
0.96965
0.969589
0.969547
0.969517
0.96949
0.96949
0.96949
0.969494
0.969524
0.969555
0.969585
0.969616
0.969677
0.969738
0.969799
0.96986
0.969921
0.969982
0.970074
0.970135
0.970196
0.970257
0.970318
0.970379
0.97044
0.970501
0.970562
0.970623
0.970684
0.970745
0.970806
0.970867
0.970928
0.970989
0.97105
0.971111
0.971172
0.971222
0.971252
0.971283
0.971313
0.971344
0.971375
0.971405
0.971436
0.971466
0.971497
0.971527
0.971558
0.971588
0.971619
0.971649
0.97168
0.97171
0.971741
0.971771
0.971802
0.971832
0.971863
0.971893
0.971939
0.971954
0.971985
0.972015
0.972046
0.972092
0.972107
0.972137
0.972168
0.972198
0.972244
0.97226
0.97229
0.972336
0.972351
0.972397
0.972427
0.972458
0.972515
0.972576
0.972637
0.972698
0.972759
0.97282
0.972881
0.972942
0.973003
0.973064
0.973125
0.973186
0.973248
0.973309
0.97337
0.973431
0.97348
0.973511
0.973541
0.973587
0.973618
0.973633
0.973679
0.973694
0.97374
0.97377
0.973801
0.973831
0.973862
0.973892
0.973923
0.973953
0.973984
0.974014
0.974045
0.974075
0.974106
0.974136
0.974167
0.974197
0.974228
0.974258
0.974289
0.974319
0.97435
0.97438
0.974411
0.974442
0.974472
0.974503
0.974533
0.974564
0.974594
0.97464
0.97467
0.974701
0.974731
0.974762
0.974819
0.97488
0.974941
0.975002
0.975063
0.975124
0.975185
0.975246
0.975307
0.975368
0.97543
0.975491
0.975552
0.975613
0.975666
0.975697
0.975742
0.975758
0.975803
0.975834
0.975864
0.975895
0.975925
0.975956
0.975986
0.976017
0.976048
0.976078
0.976109
0.976139
0.97617
0.9762
0.976231
0.976261
0.976292
0.976322
0.976353
0.976383
0.976414
0.976444
0.976475
0.976505
0.976536
0.976566
0.976597
0.976627
0.976658
0.976688
0.976734
0.976749
0.976795
0.97681
0.976856
0.976887
0.976917
0.976948
0.976978
0.977009
0.977039
0.97707
0.9771
0.977131
0.977161
0.977192
0.977222
0.977253
0.977283
0.977314
0.977345
0.977375
0.977406
0.977436
0.977467
0.977497
0.977543
0.977573
0.977589
0.977634
0.97765
0.977718
0.977779
0.97784
0.977901
0.977962
0.978024
0.978085
0.978146
0.978207
0.978268
0.978325
0.978355
0.978386
0.978416
0.978447
0.978477
0.978508
0.978539
0.978569
0.9786
0.97863
0.978661
0.978691
0.978722
0.978752
0.978783
0.978813
0.978859
0.978889
0.97892
0.978951
0.978981
0.979012
0.979042
0.979073
0.979103
0.979134
0.979164
0.979195
0.979225
0.979256
0.979286
0.979317
0.979347
0.979378
0.979408
0.979439
0.979469
0.9795
0.97953
0.979576
0.979591
0.979622
0.979652
0.979698
0.979729
0.979759
0.97979
0.97982
0.979851
0.979881
0.979912
0.979942
0.979973
0.980003
0.980034
0.980064
0.980095
0.980125
0.980156
0.980186
0.980217
0.980247
0.980278
0.980309
0.980339
0.98037
0.9804
0.980431
0.980461
0.980492
0.980522
0.980553
0.980583
0.980614
0.980659
0.98069
0.980721
0.980751
0.980782
0.980812
0.980843
0.980873
0.980904
0.980934
0.980965
0.980995
0.981026
0.981056
0.981087
0.981117
0.981148
0.981178
0.981209
0.981239
0.98127
0.9813
0.981331
0.981361
0.981392
0.981422
0.981453
0.981483
0.981514
0.981544
0.981575
0.981606
0.981636
0.981682
0.981697
0.981743
0.981773
0.981804
0.981819
0.98185
0.98188
0.981911
0.981941
0.981972
0.982002
0.982033
0.982063
0.982109
0.98214
0.982155
0.982201
0.982231
0.982246
0.982292
0.982307
0.982353
0.982384
0.982399
0.982445
0.982475
0.982506
0.982536
0.982567
0.982597
0.982628
0.982658
0.982689
0.982719
0.98275
0.98278
0.982811
0.982841
0.982872
0.982903
0.982933
0.982964
0.982994
0.983025
0.983055
0.983086
0.983116
0.983147
0.983177
0.983208
0.983238
0.983269
0.983299
0.983345
0.983376
0.983391
0.983421
0.983452
0.983498
0.983513
0.983559
0.983589
0.98362
0.98365
0.983681
0.983711
0.983742
0.983772
0.983803
0.983833
0.983864
0.983894
0.983925
0.983955
0.983986
0.984016
0.984047
0.984077
0.984108
0.984138
0.984169
0.9842
0.984245
0.984276
0.984291
0.984337
0.984367
0.984398
0.984428
0.984459
0.984489
0.98452
0.98455
0.984581
0.984612
0.984642
0.984673
0.984703
0.984734
0.984764
0.984795
0.984825
0.984856
0.984886
0.984917
0.984947
0.984978
0.985008
0.985039
0.985069
0.9851
0.98513
0.985176
0.985191
0.985237
0.985268
0.985298
0.985329
0.985344
0.98539
0.98542
0.985451
0.985481
0.985512
0.985542
0.985573
0.985603
0.985634
0.985664
0.985695
0.985725
0.985748
0.985748
0.985748
0.985748
0.985748
0.985748
0.985748
0.985748
0.985748
0.985748
0.985748
0.985748
0.985748
0.985748
0.985764
0.985794
0.985825
0.985855
0.985886
0.985916
0.985947
0.985977
0.986008
0.986038
0.986069
0.986099
0.98613
0.98616
0.986191
0.986221
0.986252
0.986282
0.986313
0.986343
0.986374
0.98642
0.986435
0.986465
0.986496
0.986526
0.986572
0.986603
0.986633
0.986664
0.986694
0.986725
0.986755
0.986786
0.986816
0.986847
0.986877
0.986908
0.986938
0.986969
0.987
0.98703
0.987061
0.987091
0.987122
0.987152
0.987183
0.987213
0.987244
0.987274
0.987301
0.987301
0.987301
0.987301
0.987301
0.987301
0.987301
0.987301
0.987301
0.987301
0.987301
0.987301
0.987301
0.987301
0.987301
0.987301
0.98732
0.98735
0.987381
0.987411
0.987442
0.987473
0.987503
0.987534
0.987564
0.987595
0.987625
0.987656
0.987701
0.987717
0.987762
0.987778
0.987823
0.987854
0.987885
0.987915
0.987946
0.987976
0.988007
0.988037
0.988068
0.988098
0.988129
0.988159
0.98819
0.98822
0.988251
0.988281
0.988312
0.988342
0.988373
0.988403
0.988449
0.988464
0.988495
0.988503
0.988503
0.988503
0.988503
0.988503
0.988503
0.988503
0.988503
0.988503
0.988503
0.988503
0.988503
0.988503
0.988503
0.988503
0.988503
0.988503
0.988518
0.988548
0.988579
0.988609
0.98864
0.98867
0.988701
0.988731
0.988762
0.988792
0.988823
0.988853
0.988899
0.988914
0.988945
0.988976
0.989006
0.989052
0.989067
0.989113
0.989128
0.989159
0.989204
0.98922
0.98925
0.989296
0.989326
0.989357
0.989372
0.989418
0.989449
0.989479
0.98951
0.98954
0.98954
0.98954
0.98954
0.98954
0.98954
0.98954
0.98954
0.98954
0.98954
0.98954
0.98954
0.98954
0.98954
0.98954
0.98954
0.98954
0.98954
0.98954
0.98954
0.989544
0.98959
0.989605
0.989635
0.989681
0.989712
0.989727
0.989773
0.989788
0.989834
0.989864
0.989895
0.989925
0.989956
0.989986
0.990017
0.990047
0.990078
0.990108
0.990139
0.99017
0.9902
0.990231
0.990261
0.990292
0.990322
0.990353
0.990383
0.990391
0.990391
0.990391
0.990391
0.990391
0.990391
0.990391
0.990391
0.990391
0.990391
0.990391
0.990391
0.990391
0.990391
0.990391
0.990391
0.990391
0.990391
0.990391
0.990391
0.990402
0.990433
0.990463
0.990494
0.990524
0.990555
0.990585
0.990616
0.990646
0.990677
0.990707
0.990738
0.990768
0.990799
0.990829
0.99086
0.990891
0.990921
0.990952
0.990982
0.991013
0.991043
0.991074
0.991104
0.99115
0.99118
0.991196
0.991203
0.991203
0.991203
0.991203
0.991203
0.991203
0.991203
0.991203
0.991203
0.991203
0.991203
0.991203
0.991203
0.991203
0.991203
0.991203
0.991203
0.991203
0.991203
0.991203
0.991203
0.991203
0.991207
0.991238
0.991268
0.991299
0.991344
0.99136
0.99139
0.991421
0.991451
0.991482
0.991512
0.991543
0.991589
0.991604
0.99165
0.99168
0.991711
0.991741
0.991772
0.991802
0.991833
0.991863
0.991894
0.991924
0.991955
0.991959
0.991959
0.991959
0.991959
0.991959
0.991959
0.991959
0.991959
0.991959
0.991959
0.991959
0.991959
0.991959
0.991959
0.991959
0.991959
0.991959
0.991959
0.991959
0.991959
0.991959
0.991959
0.991959
0.991959
0.99197
0.992001
0.992031
0.992062
0.992092
0.992123
0.992153
0.992184
0.992214
0.992245
0.992275
0.992306
0.992336
0.992367
0.992397
0.992428
0.992458
0.992489
0.992519
0.99255
0.99258
0.992611
0.992641
0.992657
0.992657
0.992657
0.992657
0.992657
0.992657
0.992657
0.992657
0.992657
0.992657
0.992657
0.992657
0.992657
0.992657
0.992657
0.992657
