0
6.10353e-05
0.00012207
0.000183106
0.000244141
0.000305176
0.000511169
0.000984192
0.00196075
0.003685
0.00640106
0.0103455
0.0157547
0.0228271
0.0317993
0.049118
0.0634766
0.0802307
0.0994263
0.121078
0.145218
0.171722
0.2005
0.231415
0.281334
0.29882
0.353424
0.391312
0.430092
0.469521
0.509338
0.549294
0.589111
0.62854
0.686432
0.723892
0.760239
0.795319
0.828979
0.861115
0.891602
0.920311
0.947159
0.972061
0.994934
1.0254
1.0431
1.05872
1.0723
1.08384
1.09342
1.10107
1.10683
1.11079
1.11298
1.11354
1.11253
1.11008
1.10632
1.10136
1.09533
1.08458
1.0806
1.06771
1.05846
1.0537
1.03896
1.02892
1.01884
1.0088
0.998917
0.989265
0.979935
0.970985
0.962471
0.954498
0.94709
0.940285
0.93412
0.928619
0.921654
0.91787
0.914772
0.912361
0.910614
0.909515
0.90905
0.909187
0.909912
0.911186
0.912987
0.915268
0.919479
0.921074
0.92453
0.930244
0.934357
0.93866
0.943092
0.947617
0.952194
0.956772
0.961311
0.967964
0.972252
0.976387
0.980339
0.984085
0.987595
0.99086
0.993866
0.997849
1.00014
1.00117
1.00381
1.0052
1.00578
1.00709
1.0076
1.00784
1.00784
1.0076
1.00713
1.00645
1.00558
1.00455
1.0034
1.00211
1.00073
0.999275
0.997749
0.99617
0.994568
0.99292
0.991272
0.989624
0.987976
0.986374
0.984787
0.983261
0.981781
0.980362
0.979027
0.977776
0.976608
0.97554
0.974571
0.973312
0.972946
0.972298
0.971756
0.971321
0.970993
0.970779
0.970642
0.970642
0.970787
0.970993
0.971275
0.971626
0.972038
0.972511
0.973022
0.973572
0.974136
0.975052
0.975662
0.976273
0.976883
0.97744
0.977989
0.978523
0.979012
0.979683
0.980087
0.980453
0.980766
0.981041
0.981285
0.981468
0.981613
0.98172
0.981781
0.981804
0.981804
0.981743
0.981606
0.981483
0.981316
0.981133
0.980934
0.98069
0.980324
0.98008
0.979782
0.979477
0.979172
0.978867
0.978561
0.978256
0.977951
0.977646
0.977348
0.977104
0.97686
0.976616
0.976372
0.976151
0.975967
0.975693
0.975533
0.97541
0.975288
0.975174
0.975113
0.975021
0.974983
0.974983
0.974983
0.974983
0.975029
0.97509
0.975151
0.975212
0.975273
0.975395
0.975517
0.975639
0.975761
0.975883
0.976006
0.976128
0.976311
0.976433
0.976555
0.976677
0.976799
0.976921
0.977043
0.977165
0.977287
0.977409
0.977531
0.977654
0.977776
0.977921
0.977982
0.978043
0.978104
0.978165
0.978226
0.978287
0.978348
0.978409
0.97847
0.978516
0.978516
0.978516
0.978516
0.978516
0.978516
0.978516
0.978516
0.978516
0.978516
0.978516
0.978516
0.978516
0.978516
0.978516
0.978516
0.978516
0.978516
0.978516
0.978516
0.978516
0.978516
0.978516
0.978516
0.978516
0.978516
0.978516
0.978516
0.978516
0.978516
0.978516
0.978516
0.978516
0.978516
0.978516
0.978577
0.978638
0.978699
0.97879
0.978851
0.978912
0.978973
0.979034
0.979095
0.979156
0.979218
0.979279
0.97934
0.979401
0.979492
0.979553
0.979614
0.979675
0.979736
0.979797
0.979858
0.979919
0.980011
0.980072
0.980133
0.980179
0.980179
0.980179
0.980179
0.980179
0.980179
0.980179
0.980179
0.980179
0.980179
0.980179
0.980179
0.980179
0.980179
0.980179
0.980179
0.980179
0.980179
0.980179
0.980179
0.980179
0.980179
0.980179
0.980179
0.980179
0.980209
0.98027
0.980331
0.980392
0.980453
0.980545
0.980606
0.980667
0.980728
0.980789
0.98085
0.980911
0.980972
0.981064
0.981125
0.981186
0.981247
0.981308
0.981369
0.98143
0.981491
0.981552
0.981613
0.981705
0.981743
0.981743
0.981743
0.981743
0.981743
0.981743
0.981743
0.981743
0.981743
0.981743
0.981743
0.981743
0.981743
0.981743
0.981743
0.981743
0.981743
0.981743
0.981743
0.981743
0.981743
0.981743
0.981743
0.981743
0.981743
0.981743
0.981766
0.981827
0.981888
0.981949
0.98201
0.982071
0.982132
0.982193
0.982285
0.982346
0.982407
0.982468
0.982529
0.98259
0.982651
0.982742
0.982803
0.982864
0.982925
0.982986
0.983047
0.983109
0.983154
0.983154
0.983154
0.983154
0.983154
0.983154
0.983154
0.983154
0.983154
0.983154
0.983154
0.983154
0.983154
0.983154
0.983154
0.983154
0.983154
0.983154
0.983154
0.983154
0.983154
0.983154
0.983154
0.983154
0.983154
0.983154
0.983154
0.983154
0.983192
0.983253
0.983315
0.983376
0.983467
0.983528
0.983589
0.98365
0.983711
0.983772
0.983833
0.983894
0.983955
0.984016
0.984108
0.984169
0.98423
0.984291
0.984352
0.984413
0.984474
0.984528
0.984528
0.984528
0.984528
0.984528
0.984528
0.984528
0.984528
0.984528
0.984528
0.984528
0.984528
0.984528
0.984528
0.984528
0.984528
0.984528
0.984528
0.984528
0.984528
0.984528
0.984528
0.984528
0.984528
0.984528
0.984528
0.984528
0.984528
0.984528
0.984528
0.984528
0.984558
0.984619
0.98468
0.984741
0.984802
0.984863
0.984955
0.985016
0.985077
0.985138
0.985199
0.98526
0.985321
0.985382
0.985443
0.985504
0.985565
0.985626
0.985687
0.985748
0.985809
0.98584
0.98584
0.98584
0.98584
0.98584
0.98584
0.98584
0.98584
0.98584
0.98584
0.98584
0.98584
0.98584
0.98584
0.98584
0.98584
0.98584
0.98584
0.98584
0.98584
0.98584
0.98584
0.98584
0.98584
0.98584
0.98584
0.98584
0.98584
0.98584
0.98584
0.98584
0.985855
0.985916
0.985977
0.986038
0.986099
0.98616
0.986221
0.986282
0.986343
0.986435
0.986465
0.986557
0.986618
0.986679
0.98674
0.986801
0.986862
0.986923
0.986984
0.987045
0.987106
0.987114
0.987114
0.987114
0.987114
0.987114
0.987114
0.987114
0.987114
0.987114
0.987114
0.987114
0.987114
0.987114
0.987114
0.987114
0.987114
0.987114
0.987114
0.987114
0.987114
0.987114
0.987114
0.987114
0.987114
0.987114
0.987114
0.987114
0.987114
0.987114
0.987114
0.987114
0.987114
0.987114
0.987114
0.987144
0.987206
0.987267
0.987328
0.987389
0.98748
0.987541
0.987602
0.987663
0.987724
0.987785
0.987846
0.987907
0.987968
0.988029
0.988091
0.988152
0.988213
0.988274
0.988297
0.988297
0.988297
0.988297
0.988297
0.988297
0.988297
0.988297
0.988297
0.988297
0.988297
0.988297
0.988297
0.988297
0.988297
0.988297
0.988297
0.988297
0.988297
0.988297
0.988297
0.988297
0.988297
0.988297
0.988297
0.988297
0.988297
0.988297
0.988297
0.988297
0.988297
0.988297
0.988297
0.988297
0.988297
0.988297
0.988312
0.988373
0.988434
0.988495
0.988556
0.988617
0.988678
0.988739
0.9888
0.988861
0.988922
0.988983
0.989044
0.989105
0.989166
0.989227
0.989288
0.989349
0.98941
0.989471
0.989494
0.989494
0.989494
0.989494
0.989494
0.989494
0.989494
0.989494
0.989494
0.989494
0.989494
0.989494
0.989494
0.989494
0.989494
0.989494
0.989494
0.989494
0.989494
0.989494
0.989494
0.989494
0.989494
0.989494
0.989494
0.989494
0.989494
0.989494
0.989494
0.989494
0.989494
0.989494
0.989494
0.989494
0.989494
0.989494
0.989494
0.989494
0.989494
0.989494
0.989494
0.989494
0.989494
0.989555
0.989616
0.989677
0.989738
0.989799
0.989861
0.989922
0.989983
0.990044
0.990105
0.990166
0.990227
0.990288
0.990349
0.99041
0.990471
0.990532
0.990562
0.990562
0.990562
0.990562
0.990562
0.990562
0.990562
0.990562
0.990562
0.990562
0.990562
0.990562
0.990562
0.990562
0.990562
0.990562
0.990562
0.990562
0.990562
0.990562
0.990562
0.990562
0.990562
0.990562
0.990562
0.990562
0.990562
0.990562
0.990562
0.990562
0.990562
0.990562
0.990562
0.990562
0.990562
0.990562
0.990562
0.990562
0.990562
0.990562
0.990562
0.990562
0.990562
0.990562
0.990601
0.990662
0.990723
0.990784
0.990875
0.990936
0.990997
0.991058
0.991119
0.99118
0.991241
0.991302
0.991394
0.991425
0.991516
0.991577
0.991623
0.991623
0.991623
0.991623
0.991623
0.991623
0.991623
0.991623
0.991623
0.991623
0.991623
0.991623
0.991623
0.991623
0.991623
0.991623
0.991623
0.991623
0.991623
0.991623
0.991623
0.991623
0.991623
0.991623
0.991623
0.991623
0.991623
0.991623
0.991623
0.991623
0.991623
0.991623
0.991623
0.991623
0.991623
0.991623
0.991623
0.991623
0.991623
0.991623
0.991623
0.991623
0.991623
0.991623
0.991623
0.991623
0.991623
0.991623
0.991623
0.991623
0.991623
0.991623
0.991631
0.991692
0.991753
0.991814
0.991875
0.991936
0.991997
0.992088
0.992149
0.99221
0.992271
0.992332
0.992393
0.992455
0.992516
0.992577
0.992638
0.992668
0.992668
0.992668
0.992668
0.992668
0.992668
0.992668
0.992668
0.992668
0.992668
0.992668
0.992668
0.992668
0.992668
0.992668
0.992668
0.992668
0.992668
0.992668
0.992668
0.992668
0.992668
0.992668
0.992668
0.992668
0.992668
0.992668
0.992668
0.992668
0.992668
0.992668
0.992668
0.992668
0.992668
0.992668
0.992668
0.992668
0.992668
0.992668
0.992668
0.992668
0.992668
0.992668
0.992668
0.992668
0.992668
0.992668
0.992668
0.992668
0.992668
0.992668
0.992668
0.992668
0.992668
0.992668
0.992668
0.992668
0.992676
0.992706
0.992767
0.992828
0.992889
0.99295
0.993011
0.993073
0.993134
0.993195
0.993256
0.993347
0.993408
0.993439
0.99353
0.993561
0.993622
0.993622
0.993622
0.993622
0.993622
0.993622
0.993622
0.993622
0.993622
0.993622
0.993622
0.993622
0.993622
0.993622
0.993622
0.993622
0.993622
0.993622
0.993622
0.993622
0.993622
0.993622
0.993622
0.993622
0.993622
0.993622
0.993622
0.993622
0.993622
0.993622
0.993622
0.993622
0.993622
0.993622
0.993622
0.993622
0.993622
0.993622
0.993622
0.993622
0.993622
0.993622
0.993622
0.993622
0.993622
0.993622
0.993622
0.993622
0.993622
0.993622
0.993622
0.993622
0.993622
0.993622
0.993622
0.993622
0.993622
0.993622
0.993622
0.993622
0.993622
0.993622
0.993622
0.993622
