0
6.10353e-05
0.000122071
0.000183106
0.000244141
0.000305176
0.000366211
0.000541687
0.00101471
0.00273895
0.00493622
0.00643158
0.012886
0.0190964
0.0270996
0.0370636
0.0491486
0.0635071
0.080246
0.0994339
0.121071
0.145149
0.171585
0.200272
0.231079
0.263817
0.298279
0.334244
0.371483
0.409737
0.448784
0.488358
0.528229
0.588097
0.607956
0.647354
0.686165
0.742821
0.779305
0.81456
0.84845
0.880821
0.911583
0.940605
0.967781
0.993011
1.01622
1.03733
1.05631
1.07314
1.08781
1.10033
1.11075
1.11908
1.12543
1.12983
1.13239
1.13318
1.13234
1.12999
1.12621
1.12114
1.11491
1.10764
1.0951
1.08582
1.08096
1.06564
1.05497
1.04408
1.03309
1.0221
1.01122
1.00054
0.990158
0.980148
0.970596
0.961563
0.95311
0.945274
0.938118
0.931648
0.925911
0.920906
0.916634
0.911598
0.910286
0.907425
0.906815
0.906097
0.906212
0.906555
0.908417
0.909317
0.912704
0.915504
0.918663
0.92215
0.925903
0.929893
0.934052
0.938339
0.942711
0.947105
0.9515
0.955849
0.962219
0.966324
0.968323
0.974083
0.977707
0.981133
0.984337
0.987297
0.990013
0.992485
0.99469
0.996628
0.998291
0.999687
1.00082
1.00167
1.00228
1.00265
1.00278
1.0027
1.00221
1.00196
1.00134
1.00013
0.999664
0.998657
0.996971
0.996368
0.995125
0.993156
0.991814
0.990425
0.989021
0.987617
0.986214
0.984848
0.983505
0.982208
0.980957
0.979759
0.97863
0.97757
0.976593
0.9757
0.974884
0.974167
0.973534
0.973
0.972549
0.972198
0.971931
0.971756
0.971664
0.971649
0.971718
0.971947
0.972183
0.972481
0.972832
0.973221
0.973648
0.974091
0.974579
0.975067
0.975555
0.976044
0.976524
0.976952
0.977379
0.977776
0.978142
0.978477
0.978912
0.979156
0.979355
0.97953
0.979652
0.979736
0.979797
0.979805
0.979797
0.979736
0.97966
0.979538
0.979324
0.979141
0.978958
0.978737
0.978493
0.978249
0.978004
0.97776
0.977325
0.97702
0.976715
0.97641
0.976135
0.975891
0.975647
0.975403
0.975159
0.974915
0.974709
0.974525
0.974342
0.974106
0.974045
0.973862
0.973755
0.973694
0.973633
0.973572
0.973572
0.973572
0.973572
0.973625
0.973656
0.973747
0.973808
0.973885
0.974007
0.974129
0.974251
0.974373
0.974495
0.974617
0.974739
0.974861
0.974983
0.975105
0.975288
0.97541
0.975533
0.975655
0.975777
0.975899
0.976021
0.976143
0.976265
0.976364
0.976456
0.976517
0.976578
0.976639
0.9767
0.976761
0.976822
0.976883
0.976944
0.976944
0.976944
0.976944
0.976944
0.976944
0.976944
0.976944
0.976944
0.976944
0.976944
0.976944
0.976944
0.976944
0.976944
0.976944
0.976944
0.976944
0.976944
0.976944
0.976944
0.976944
0.976944
0.976944
0.976944
0.976944
0.976944
0.976944
0.976944
0.976944
0.976944
0.976944
0.976944
0.977005
0.977066
0.977127
0.977188
0.977249
0.97731
0.977371
0.977432
0.977493
0.977554
0.977615
0.977707
0.977737
0.977798
0.977859
0.977921
0.977982
0.978073
0.978134
0.978195
0.978256
0.978317
0.978378
0.978439
0.9785
0.978561
0.978622
0.978676
0.978676
0.978676
0.978676
0.978676
0.978676
0.978676
0.978676
0.978676
0.978676
0.978676
0.978676
0.978676
0.978676
0.978676
0.978676
0.978676
0.978676
0.978676
0.978676
0.978676
0.978676
0.978676
0.978699
0.97876
0.978821
0.978882
0.978943
0.979004
0.979065
0.979156
0.979218
0.979279
0.97934
0.979401
0.979462
0.979523
0.979584
0.979645
0.979706
0.979767
0.979828
0.979889
0.97995
0.980042
0.980103
0.980164
0.980225
0.980255
0.980255
0.980255
0.980255
0.980255
0.980255
0.980255
0.980255
0.980255
0.980255
0.980255
0.980255
0.980255
0.980255
0.980255
0.980255
0.980255
0.980255
0.980255
0.980255
0.980255
0.980255
0.980255
0.980255
0.980255
0.980286
0.980347
0.980408
0.980469
0.98053
0.980591
0.980652
0.980713
0.980774
0.980835
0.980927
0.980988
0.981049
0.98111
0.981171
0.981232
0.981293
0.981354
0.981415
0.981476
0.981537
0.981598
0.981689
0.981735
0.981735
0.981735
0.981735
0.981735
0.981735
0.981735
0.981735
0.981735
0.981735
0.981735
0.981735
0.981735
0.981735
0.981735
0.981735
0.981735
0.981735
0.981735
0.981735
0.981735
0.981735
0.981735
0.981735
0.981735
0.981735
0.981735
0.981743
0.981804
0.981865
0.981926
0.981987
0.982048
0.982109
0.98217
0.982231
0.982292
0.982353
0.982414
0.982475
0.982536
0.982597
0.982658
0.982719
0.98278
0.982841
0.982903
0.982964
0.983025
0.983086
0.983147
0.983208
0.983215
0.983215
0.983215
0.983215
0.983215
0.983215
0.983215
0.983215
0.983215
0.983215
0.983215
0.983215
0.983215
0.983215
0.983215
0.983215
0.983215
0.983215
0.983215
0.983215
0.983215
0.983215
0.983215
0.983215
0.983215
0.983215
0.983215
0.983215
0.983215
0.983215
0.983253
0.983315
0.983376
0.983437
0.983498
0.983559
0.98362
0.983681
0.983742
0.983833
0.983894
0.983955
0.984016
0.984077
0.984138
0.9842
0.984261
0.984352
0.984383
0.984474
0.984535
0.984573
0.984573
0.984573
0.984573
0.984573
0.984573
0.984573
0.984573
0.984573
0.984573
0.984573
0.984573
0.984573
0.984573
0.984573
0.984573
0.984573
0.984573
0.984573
0.984573
0.984573
0.984573
0.984573
0.984573
0.984573
0.984573
0.984573
0.984573
0.984573
0.984573
0.984573
0.984573
0.984596
0.984657
0.984718
0.984779
0.98484
0.984901
0.984962
0.985023
0.985085
0.985146
0.985237
0.985298
0.985359
0.98542
0.985481
0.985542
0.985603
0.985664
0.985725
0.985786
0.985847
0.985909
0.985909
0.985909
0.985909
0.985909
0.985909
0.985909
0.985909
0.985909
0.985909
0.985909
0.985909
0.985909
0.985909
0.985909
0.985909
0.985909
0.985909
0.985909
0.985909
0.985909
0.985909
0.985909
0.985909
0.985909
0.985909
0.985909
0.985909
0.985909
0.985909
0.985909
0.985909
0.985909
0.985909
0.985924
0.985985
0.986046
0.986107
0.986168
0.986229
0.98632
0.986382
0.986443
0.986504
0.986565
0.986626
0.986687
0.986748
0.986809
0.98687
0.986931
0.986992
0.987053
0.987114
0.98716
0.98716
0.98716
0.98716
0.98716
0.98716
0.98716
0.98716
0.98716
0.98716
0.98716
0.98716
0.98716
0.98716
0.98716
0.98716
0.98716
0.98716
0.98716
0.98716
0.98716
0.98716
0.98716
0.98716
0.98716
0.98716
0.98716
0.98716
0.98716
0.98716
0.98716
0.98716
0.98716
0.98716
0.98716
0.98716
0.987183
0.987244
0.987305
0.987366
0.987427
0.987488
0.987549
0.98761
0.987671
0.987732
0.987823
0.987885
0.987946
0.988007
0.988068
0.988129
0.98819
0.988251
0.988312
0.988373
0.988373
0.988373
0.988373
0.988373
0.988373
0.988373
0.988373
0.988373
0.988373
0.988373
0.988373
0.988373
0.988373
0.988373
0.988373
0.988373
0.988373
0.988373
0.988373
0.988373
0.988373
0.988373
0.988373
0.988373
0.988373
0.988373
0.988373
0.988373
0.988373
0.988373
0.988373
0.988373
0.988373
0.988373
0.988373
0.988373
0.988373
0.988373
0.988373
0.988419
0.98848
0.988541
0.988602
0.988663
0.988724
0.988785
0.988846
0.988907
0.988968
0.989029
0.98909
0.989151
0.989212
0.989304
0.989365
0.989426
0.989487
0.989502
0.989502
0.989502
0.989502
0.989502
0.989502
0.989502
0.989502
0.989502
0.989502
0.989502
0.989502
0.989502
0.989502
0.989502
0.989502
0.989502
0.989502
0.989502
0.989502
0.989502
0.989502
0.989502
0.989502
0.989502
0.989502
0.989502
0.989502
0.989502
0.989502
0.989502
0.989502
0.989502
0.989502
0.989502
0.989502
0.989502
0.989502
0.989502
0.989502
0.989502
0.989502
0.989563
0.989624
0.989685
0.989746
0.989807
0.989868
0.989929
0.990021
0.990082
0.990143
0.990204
0.990265
0.990326
0.990387
0.990448
0.990509
0.99057
0.990616
0.990616
0.990616
0.990616
0.990616
0.990616
0.990616
0.990616
0.990616
0.990616
0.990616
0.990616
0.990616
0.990616
0.990616
0.990616
0.990616
0.990616
0.990616
0.990616
0.990616
0.990616
0.990616
0.990616
0.990616
0.990616
0.990616
0.990616
0.990616
0.990616
0.990616
0.990616
0.990616
0.990616
0.990616
0.990616
0.990616
0.990616
0.990616
0.990616
0.990616
0.990616
0.990616
0.990616
0.990616
0.990616
0.990616
0.990616
0.990692
0.990753
0.990814
0.990875
0.990936
0.990997
0.991058
0.991119
0.99118
0.991272
0.991333
0.991394
0.991455
0.991516
0.991577
0.991638
0.991646
0.991646
0.991646
0.991646
0.991646
0.991646
0.991646
0.991646
0.991646
0.991646
0.991646
0.991646
0.991646
0.991646
0.991646
0.991646
0.991646
0.991646
0.991646
0.991646
0.991646
0.991646
0.991646
0.991646
0.991646
0.991646
0.991646
0.991646
0.991646
0.991646
0.991646
0.991646
0.991646
0.991646
0.991646
0.991646
0.991646
0.991646
0.991646
0.991646
0.991646
0.991646
0.991646
0.991646
0.991646
0.991646
0.991646
0.991646
0.991646
0.991646
0.991699
0.99176
0.991821
0.991882
0.991943
0.992004
0.992065
0.992126
0.992188
0.992249
0.99234
0.992401
0.992462
0.992523
0.992584
0.992645
0.992683
0.992683
0.992683
0.992683
0.992683
0.992683
0.992683
0.992683
0.992683
0.992683
0.992683
0.992683
0.992683
0.992683
0.992683
0.992683
0.992683
0.992683
0.992683
0.992683
0.992683
0.992683
0.992683
0.992683
0.992683
0.992683
0.992683
0.992683
0.992683
0.992683
0.992683
0.992683
0.992683
0.992683
0.992683
0.992683
0.992683
0.992683
0.992683
0.992683
0.992683
0.992683
0.992683
0.992683
0.992683
0.992683
0.992683
0.992683
0.992683
0.992683
0.992683
0.992683
0.992683
0.992683
0.992683
0.992683
0.992683
0.992683
0.992683
0.992683
0.992737
0.992798
0.992859
0.99292
0.992981
0.993042
0.993103
0.993164
0.993225
0.993286
0.993347
0.993408
0.993469
0.99353
0.993591
0.993652
0.993675
0.993675
