0
1.52588e-05
6.10353e-05
9.1553e-05
0.000122071
0.000152588
0.00019455
0.000354767
0.000808716
0.00176239
0.00464249
0.00611115
0.00997925
0.0152626
0.0221329
0.0307579
0.047245
0.0607224
0.0762291
0.0937691
0.103291
0.134758
0.146172
0.182949
0.209389
0.237144
0.266052
0.295929
0.326603
0.35788
0.38958
0.421497
0.453445
0.485256
0.532326
0.563057
0.593102
0.622337
0.664429
0.691158
0.716713
0.740978
0.763874
0.785328
0.805305
0.82375
0.84063
0.855946
0.86972
0.881989
0.892822
0.906521
0.914074
0.920444
0.925735
0.930023
0.933411
0.93597
0.938431
0.938915
0.939499
0.939255
0.938587
0.93758
0.936302
0.934818
0.933189
0.931477
0.929737
0.928013
0.926361
0.924812
0.923401
0.922161
0.921116
0.92028
0.919678
0.919296
0.919182
0.919266
0.919617
0.920212
0.921535
0.922085
0.923336
0.924782
0.926407
0.929131
0.930107
0.932148
0.93539
0.937645
0.939949
0.942276
0.944626
0.946949
0.949249
0.951504
0.953701
0.95583
0.957878
0.959835
0.961704
0.963474
0.965145
0.966713
0.968182
0.969547
0.970818
0.971989
0.973064
0.974049
0.974945
0.975754
0.976482
0.977131
0.977707
0.978214
0.978649
0.979023
0.979332
0.979584
0.979782
0.979923
0.980019
0.980064
0.980072
0.980034
0.979961
0.979855
0.979641
0.979549
0.979355
0.979019
0.978897
0.978642
0.97823
0.978081
0.977623
0.97747
0.977013
0.976704
0.976536
0.976212
0.975906
0.975449
0.975143
0.974838
0.974689
0.974415
0.974003
0.973755
0.973511
0.973286
0.973072
0.972874
0.972691
0.972523
0.97237
0.972233
0.972111
0.971958
0.971867
0.971802
0.971741
0.971695
0.971664
0.971634
0.971634
0.971626
0.971626
0.971657
0.971687
0.971718
0.971748
0.971783
0.971844
0.971905
0.971966
0.972027
0.972118
0.972179
0.97224
0.972301
0.972363
0.972424
0.972485
0.972546
0.972607
0.972668
0.972729
0.97279
0.972851
0.9729
0.972931
0.972961
0.972992
0.973022
0.973053
0.973083
0.973114
0.973145
0.973175
0.973206
0.973236
0.973267
0.973297
0.973328
0.973358
0.973389
0.973419
0.97345
0.97348
0.973526
0.973557
0.973572
0.973602
0.973648
0.973679
0.973679
0.973755
0.973785
0.973816
0.973846
0.973877
0.973907
0.973938
0.973969
0.973999
0.97403
0.97406
0.974106
0.974136
0.974152
0.974197
0.974213
0.974258
0.974289
0.974304
0.97435
0.974365
0.974396
0.974426
0.974457
0.974503
0.974518
0.974548
0.974594
0.974625
0.974655
0.974686
0.974716
0.974747
0.974777
0.974808
0.974838
0.974869
0.974899
0.97493
0.97496
0.974991
0.975021
0.975052
0.975082
0.975113
0.975143
0.975227
0.975258
0.975319
0.97538
0.975441
0.975502
0.975563
0.975655
0.975685
0.975746
0.975807
0.975868
0.975929
0.976021
0.976051
0.976082
0.976128
0.976158
0.976189
0.976219
0.97625
0.97628
0.976311
0.976341
0.976372
0.976402
0.976433
0.976463
0.976494
0.976524
0.976555
0.976585
0.976616
0.976646
0.976677
0.976723
0.976753
0.976784
0.976814
0.976845
0.976875
0.976921
0.976952
0.976967
0.977013
0.977028
0.977074
0.977104
0.977119
0.977165
0.977196
0.977226
0.977257
0.977287
0.977318
0.977348
0.977379
0.977409
0.97744
0.97747
0.977501
0.977531
0.977562
0.977592
0.977623
0.977654
0.977684
0.977715
0.977745
0.977776
0.977806
0.977837
0.977867
0.977898
0.977928
0.977959
0.977989
0.97802
0.97805
0.978096
0.978111
0.978157
0.978172
0.978218
0.978233
0.978264
0.978294
0.978325
0.978401
0.978462
0.978523
0.978584
0.978645
0.978706
0.978767
0.978859
0.97892
0.978951
0.979031
0.979031
0.979092
0.979122
0.979153
0.979183
0.979214
0.979259
0.979275
0.979305
0.979336
0.979366
0.979412
0.979427
0.979458
0.979488
0.979519
0.979565
0.97958
0.979626
0.979641
0.979687
0.979717
0.979748
0.979778
0.979809
0.979839
0.97987
0.979885
0.979931
0.979961
0.979992
0.980022
0.980053
0.980099
0.980129
0.98016
0.98019
0.980221
0.980251
0.980282
0.980312
0.980343
0.980389
0.980419
0.98045
0.98048
0.980511
0.980541
0.980572
0.980602
0.980633
0.980663
0.980694
0.980724
0.98077
0.980801
0.980816
0.980846
0.980877
0.980923
0.980953
0.980968
0.980999
0.981045
0.981075
0.981106
0.981136
0.981167
0.981197
0.981228
0.981258
0.981289
0.981319
0.98135
0.98138
0.981411
0.981441
0.981472
0.981503
0.981533
0.981564
0.981609
0.98164
0.98167
0.981701
0.981731
0.981762
0.981792
0.981823
0.981869
0.981899
0.98193
0.98196
0.981991
0.982021
0.982052
0.982082
0.982113
0.982143
0.982174
0.982204
0.982235
0.982265
0.982296
0.982327
0.982357
0.982388
0.982418
0.982449
0.982494
0.982525
0.982555
0.982586
0.982616
0.982647
0.982677
0.982708
0.982738
0.982769
0.9828
0.98283
0.982861
0.982891
0.982922
0.982952
0.982983
0.983028
0.983044
0.983089
0.98312
0.98315
0.983181
0.983212
0.983242
0.983273
0.983303
0.983334
0.983364
0.983395
0.983425
0.983456
0.983486
0.983517
0.983547
0.983578
0.983608
0.983639
0.983669
0.9837
0.98373
0.983761
0.983807
0.983837
0.983852
0.983898
0.983929
0.983959
0.98399
0.98402
0.984051
0.984081
0.984112
0.984142
0.984173
0.984203
0.984234
0.984264
0.984295
0.984325
0.984356
0.984386
0.984417
0.984447
0.984478
0.984509
0.984539
0.98457
0.9846
0.984631
0.984661
0.984692
0.984722
0.984768
0.984798
0.984829
0.984859
0.98489
0.984921
0.984951
0.984982
0.985012
0.985058
0.985088
0.985119
0.985149
0.98518
0.98521
0.985241
0.985271
0.985302
0.985321
0.985321
0.985321
0.985321
0.985321
0.985321
0.985321
0.985321
0.985321
0.985321
0.985321
0.985321
0.985321
0.985332
0.985378
0.985409
0.985439
0.98547
0.9855
0.985531
0.985561
0.985607
0.985638
0.985668
0.985699
0.985729
0.98576
0.98579
0.985821
0.985851
0.985897
0.985928
0.985958
0.985989
0.986034
0.98605
0.98608
0.986111
0.986141
0.986172
0.986217
0.986233
0.986263
0.986309
0.986324
0.98637
0.986385
0.986431
0.986462
0.986492
0.986523
0.986553
0.986584
0.986614
0.986645
0.986675
0.986706
0.986736
0.986767
0.986797
0.986828
0.986858
0.986889
0.986919
0.98695
0.986958
0.986958
0.986958
0.986958
0.986958
0.986958
0.986958
0.986958
0.986958
0.986958
0.986958
0.986958
0.986958
0.986958
0.986958
0.986988
0.987019
0.987049
0.987095
0.987125
0.987156
0.987186
0.987217
0.987247
0.987278
0.987309
0.987339
0.98737
0.9874
0.987431
0.987461
0.987492
0.987522
0.987553
0.987583
0.987614
0.987644
0.987675
0.987705
0.987736
0.987766
0.987797
0.987827
0.987858
0.987888
0.987919
0.987949
0.98798
0.98801
0.988041
0.988071
0.988102
0.988132
0.988163
0.988194
0.988224
0.988251
0.988251
0.988251
0.988251
0.988251
0.988251
0.988251
0.988251
0.988251
0.988251
0.988251
0.988251
0.988251
0.988251
0.988251
0.988251
0.988251
0.988255
0.988285
0.988316
0.988346
0.988377
0.988407
0.988438
0.988468
0.988499
0.988529
0.98856
0.98859
0.988621
0.988651
0.988682
0.988728
0.988758
0.988789
0.988819
0.98885
0.98888
0.988911
0.988941
0.988987
0.989017
0.989048
0.989079
0.989109
0.98914
0.98917
0.989201
0.989231
0.989262
0.989281
0.989281
0.989281
0.989281
0.989281
0.989281
0.989281
0.989281
0.989281
0.989281
0.989281
0.989281
0.989281
0.989281
0.989281
0.989281
0.989281
0.989281
0.989288
0.989319
0.989349
0.98938
0.98941
0.989441
0.989471
0.989502
0.989532
0.989563
0.989594
0.989624
0.98967
0.9897
0.989731
0.989761
0.989792
0.989838
0.989868
0.989899
0.989929
0.98996
0.98999
0.990021
0.990051
0.990082
0.990112
0.990143
0.990189
0.990215
0.990215
0.990215
0.990215
0.990215
0.990215
0.990215
0.990215
0.990215
0.990215
0.990215
0.990215
0.990215
0.990215
0.990215
0.990215
0.990215
0.990215
0.990215
0.990215
0.990215
0.990238
0.990269
0.990299
0.99033
0.99036
0.990391
0.990421
0.990452
0.990482
0.990513
0.990543
0.990574
0.990604
0.990635
0.990665
0.990696
0.990726
0.990757
0.990788
0.990818
0.990849
0.990879
0.990925
0.990955
0.990971
0.991001
0.991047
0.99107
0.99107
0.99107
0.99107
0.99107
0.99107
0.99107
0.99107
0.99107
0.99107
0.99107
0.99107
0.99107
0.99107
0.99107
0.99107
0.99107
0.99107
0.99107
0.99107
0.99107
0.99107
0.99107
0.991089
0.991119
0.99115
0.99118
0.991211
0.991241
0.991272
0.991302
0.991333
0.991364
0.991394
0.991425
0.991455
0.991486
0.991516
0.991547
0.991577
0.991608
0.991638
0.991669
0.991699
0.99173
0.99176
0.991783
0.991783
0.991783
0.991783
0.991783
0.991783
0.991783
0.991783
0.991783
0.991783
0.991783
0.991783
0.991783
0.991783
0.991783
0.991783
0.991783
0.991783
0.991783
0.991783
0.991783
0.991783
0.991783
0.991783
0.991802
0.991833
0.991863
0.991894
0.991924
0.991955
0.991985
0.992016
0.992046
0.992077
0.992107
0.992138
0.992168
0.992199
0.992229
0.99226
0.99229
0.992321
0.992367
0.992382
0.992413
0.992443
0.992474
0.992474
0.992474
0.992474
0.992474
0.992474
0.992474
0.992474
0.992474
0.992474
0.992474
0.992474
0.992474
0.992474
0.992474
0.992474
0.992474
0.992474
0.992474
0.992474
0.992474
0.992474
0.992474
0.992474
0.992474
0.992474
0.992489
0.992519
0.99255
0.99258
0.992611
0.992641
0.992672
0.992702
0.992733
0.992764
0.992794
0.992825
0.992855
0.992901
0.992916
0.992947
0.992977
0.993008
0.993053
0.993084
0.993114
0.993134
0.993134
0.993134
0.993134
0.993134
0.993134
0.993134
0.993134
0.993134
0.993134
0.993134
0.993134
0.993134
0.993134
0.993134
0.993134
0.993134
0.993134
0.993134
0.993134
0.993134
0.993134
0.993134
0.993134
0.993134
0.993134
0.993134
0.993134
0.993134
0.993137
