0
6.10349e-05
0.00012207
0.000183105
0.000244141
0.000305176
0.000480652
0.000953674
0.00193024
0.00365448
0.00637054
0.0103226
0.0157394
0.0228195
0.0317917
0.0427933
0.0559998
0.0802231
0.0994186
0.121063
0.145195
0.1717
0.200508
0.231438
0.264313
0.31678
0.353508
0.39135
0.430046
0.469376
0.509071
0.548904
0.588623
0.627998
0.666801
0.704834
0.74192
0.77787
0.812538
0.845772
0.877449
0.90744
0.935638
0.974365
0.997719
1.01902
1.03824
1.05534
1.07032
1.08319
1.09394
1.10259
1.10919
1.11543
1.11656
1.11736
1.11588
1.11294
1.10867
1.10321
1.09668
1.08925
1.08105
1.0722
1.06284
1.05309
1.04308
1.02777
1.02264
1.00737
1.00235
0.987671
0.978271
0.969276
0.960762
0.952766
0.945351
0.938553
0.932419
0.924522
0.920143
0.916481
0.913544
0.911308
0.909767
0.908897
0.908813
0.909096
0.91011
0.912682
0.915031
0.917831
0.921036
0.924599
0.928467
0.932587
0.936913
0.941391
0.945961
0.9506
0.955238
0.959824
0.964325
0.970863
0.975021
0.979004
0.982773
0.986313
0.989601
0.992615
0.995346
0.99778
0.999908
1.00172
1.00322
1.00441
1.0053
1.00609
1.00627
1.00618
1.00584
1.00529
1.00452
1.00358
1.00247
1.00053
0.999825
0.997566
0.995964
0.994316
0.992607
0.990898
0.989189
0.98748
0.985771
0.984093
0.982452
0.980873
0.979362
0.977928
0.97657
0.975311
0.97361
0.973091
0.972145
0.97094
0.970596
0.970001
0.969315
0.969009
0.968811
0.96875
0.968742
0.968788
0.96907
0.969208
0.969543
0.970192
0.970436
0.971275
0.971886
0.972534
0.973206
0.974213
0.974884
0.975555
0.976227
0.976837
0.977448
0.977997
0.978516
0.978996
0.979424
0.979797
0.980125
0.9804
0.980629
0.980812
0.980934
0.98101
0.981049
0.981049
0.980995
0.980911
0.980789
0.980629
0.980446
0.98011
0.979866
0.979744
0.979294
0.979141
0.978683
0.978378
0.978058
0.977875
0.977325
0.976974
0.976669
0.976364
0.976059
0.975754
0.975449
0.975174
0.97493
0.974686
0.974472
0.974289
0.974106
0.973976
0.973854
0.973717
0.973686
0.973625
0.973595
0.973595
0.973595
0.97364
0.973701
0.973763
0.973824
0.97393
0.974052
0.974236
0.974297
0.97448
0.974541
0.974663
0.974785
0.974907
0.97509
0.975151
0.975334
0.975456
0.975517
0.9757
0.975822
0.975945
0.976006
0.976128
0.976311
0.976433
0.976547
0.976608
0.976669
0.97673
0.976791
0.976852
0.976913
0.976974
0.977036
0.977097
0.977135
0.977135
0.977135
0.977135
0.977135
0.977135
0.977135
0.977135
0.977135
0.977135
0.977135
0.977135
0.977135
0.977135
0.977135
0.977135
0.977135
0.977135
0.977135
0.977135
0.977135
0.977135
0.977135
0.977135
0.977135
0.977135
0.977135
0.977135
0.977135
0.977135
0.977135
0.977135
0.977135
0.977135
0.977135
0.977158
0.977219
0.97728
0.977371
0.977432
0.977463
0.977524
0.977585
0.977646
0.977737
0.977798
0.977829
0.977921
0.977982
0.978043
0.978104
0.978165
0.978226
0.978287
0.978348
0.978409
0.97847
0.978531
0.978592
0.978653
0.978714
0.978775
0.978836
0.978882
0.978882
0.978882
0.978882
0.978882
0.978882
0.978882
0.978882
0.978882
0.978882
0.978882
0.978882
0.978882
0.978882
0.978882
0.978882
0.978882
0.978882
0.978882
0.978882
0.978882
0.978882
0.978882
0.978882
0.978897
0.978958
0.979019
0.97908
0.979141
0.979233
0.979263
0.979324
0.979385
0.979477
0.979507
0.979599
0.97963
0.979691
0.979782
0.979843
0.979904
0.979965
0.980026
0.980087
0.980148
0.980209
0.98027
0.980331
0.980392
0.980469
0.980469
0.980469
0.980469
0.980469
0.980469
0.980469
0.980469
0.980469
0.980469
0.980469
0.980469
0.980469
0.980469
0.980469
0.980469
0.980469
0.980469
0.980469
0.980469
0.980469
0.980469
0.980469
0.980469
0.980469
0.980469
0.98053
0.980591
0.980682
0.980743
0.980804
0.980865
0.980927
0.980988
0.981049
0.98111
0.981171
0.981232
0.981293
0.981354
0.981415
0.981476
0.981537
0.981598
0.981689
0.98172
0.981781
0.981842
0.981934
0.981987
0.981987
0.981987
0.981987
0.981987
0.981987
0.981987
0.981987
0.981987
0.981987
0.981987
0.981987
0.981987
0.981987
0.981987
0.981987
0.981987
0.981987
0.981987
0.981987
0.981987
0.981987
0.981987
0.981987
0.981987
0.981987
0.981987
0.981987
0.982056
0.982086
0.982147
0.982208
0.9823
0.982361
0.982422
0.982483
0.982544
0.982605
0.982666
0.982727
0.982788
0.982849
0.982941
0.983002
0.983063
0.983124
0.983185
0.983246
0.983307
0.983368
0.983383
0.983383
0.983383
0.983383
0.983383
0.983383
0.983383
0.983383
0.983383
0.983383
0.983383
0.983383
0.983383
0.983383
0.983383
0.983383
0.983383
0.983383
0.983383
0.983383
0.983383
0.983383
0.983383
0.983383
0.983383
0.983383
0.983383
0.983383
0.983383
0.983398
0.983429
0.98349
0.983551
0.983643
0.983704
0.983734
0.983826
0.983856
0.983948
0.983978
0.984039
0.9841
0.984192
0.984253
0.984314
0.984375
0.984436
0.984497
0.984558
0.98465
0.98468
0.984711
0.984711
0.984711
0.984711
0.984711
0.984711
0.984711
0.984711
0.984711
0.984711
0.984711
0.984711
0.984711
0.984711
0.984711
0.984711
0.984711
0.984711
0.984711
0.984711
0.984711
0.984711
0.984711
0.984711
0.984711
0.984711
0.984711
0.984711
0.984711
0.984711
0.984734
0.984825
0.984886
0.984947
0.985008
0.985069
0.98513
0.985191
0.985252
0.985313
0.985405
0.985466
0.985527
0.985588
0.985649
0.98571
0.985771
0.985832
0.985924
0.985985
0.986046
0.986053
0.986053
0.986053
0.986053
0.986053
0.986053
0.986053
0.986053
0.986053
0.986053
0.986053
0.986053
0.986053
0.986053
0.986053
0.986053
0.986053
0.986053
0.986053
0.986053
0.986053
0.986053
0.986053
0.986053
0.986053
0.986053
0.986053
0.986053
0.986053
0.986053
0.986053
0.986053
0.986053
0.986069
0.98613
0.986221
0.986282
0.986343
0.986404
0.986465
0.986526
0.986588
0.986649
0.98671
0.986771
0.986862
0.986923
0.986984
0.987045
0.987106
0.987167
0.987228
0.987289
0.987289
0.987289
0.987289
0.987289
0.987289
0.987289
0.987289
0.987289
0.987289
0.987289
0.987289
0.987289
0.987289
0.987289
0.987289
0.987289
0.987289
0.987289
0.987289
0.987289
0.987289
0.987289
0.987289
0.987289
0.987289
0.987289
0.987289
0.987289
0.987289
0.987289
0.987289
0.987289
0.987289
0.987297
0.987358
0.987419
0.98748
0.987541
0.987602
0.987663
0.987724
0.987785
0.987846
0.987907
0.987968
0.988029
0.988121
0.988152
0.988243
0.988304
0.988365
0.988426
0.988487
0.988525
0.988525
0.988525
0.988525
0.988525
0.988525
0.988525
0.988525
0.988525
0.988525
0.988525
0.988525
0.988525
0.988525
0.988525
0.988525
0.988525
0.988525
0.988525
0.988525
0.988525
0.988525
0.988525
0.988525
0.988525
0.988525
0.988525
0.988525
0.988525
0.988525
0.988525
0.988525
0.988525
0.988525
0.988525
0.988525
0.988525
0.988525
0.988525
0.988525
0.988564
0.988625
0.988686
0.988747
0.988808
0.988869
0.98893
0.988991
0.989052
0.989113
0.989204
0.989265
0.989326
0.989388
0.989449
0.98951
0.989571
0.989632
0.989693
0.989693
0.989693
0.989693
0.989693
0.989693
0.989693
0.989693
0.989693
0.989693
0.989693
0.989693
0.989693
0.989693
0.989693
0.989693
0.989693
0.989693
0.989693
0.989693
0.989693
0.989693
0.989693
0.989693
0.989693
0.989693
0.989693
0.989693
0.989693
0.989693
0.989693
0.989693
0.989693
0.989693
0.989693
0.989693
0.989693
0.989693
0.989693
0.989693
0.989693
0.989693
0.989693
0.989716
0.989777
0.989838
0.989899
0.98996
0.990021
0.990082
0.990143
0.990204
0.990295
0.990356
0.990417
0.990479
0.990509
0.99057
0.990662
0.990723
0.990784
0.990807
0.990807
0.990807
0.990807
0.990807
0.990807
0.990807
0.990807
0.990807
0.990807
0.990807
0.990807
0.990807
0.990807
0.990807
0.990807
0.990807
0.990807
0.990807
0.990807
0.990807
0.990807
0.990807
0.990807
0.990807
0.990807
0.990807
0.990807
0.990807
0.990807
0.990807
0.990807
0.990807
0.990807
0.990807
0.990807
0.990807
0.990807
0.990807
0.990807
0.990807
0.990807
0.990807
0.990807
0.990807
0.990807
0.990807
0.990807
0.990807
0.990829
0.990891
0.990952
0.991043
0.991104
0.991135
0.991226
0.991287
0.991348
0.991409
0.99147
0.991531
0.991592
0.991653
0.991714
0.991776
0.991837
0.991844
0.991844
0.991844
0.991844
0.991844
0.991844
0.991844
0.991844
0.991844
0.991844
0.991844
0.991844
0.991844
0.991844
0.991844
0.991844
0.991844
0.991844
0.991844
0.991844
0.991844
0.991844
0.991844
0.991844
0.991844
0.991844
0.991844
0.991844
0.991844
0.991844
0.991844
0.991844
0.991844
0.991844
0.991844
0.991844
0.991844
0.991844
0.991844
0.991844
0.991844
0.991844
0.991844
0.991844
0.991844
0.991844
0.991844
0.991844
0.991844
0.991844
0.991844
0.991844
0.991844
0.991905
0.991966
0.992027
0.992088
0.992149
0.99221
0.992271
0.992332
0.992424
0.992455
0.992516
0.992577
0.992638
0.992729
0.99279
0.992813
0.992813
0.992813
0.992813
0.992813
0.992813
0.992813
0.992813
0.992813
0.992813
0.992813
0.992813
0.992813
0.992813
0.992813
0.992813
0.992813
0.992813
0.992813
0.992813
0.992813
0.992813
0.992813
0.992813
0.992813
0.992813
0.992813
0.992813
0.992813
0.992813
0.992813
0.992813
0.992813
0.992813
0.992813
0.992813
0.992813
0.992813
0.992813
0.992813
0.992813
0.992813
0.992813
0.992813
0.992813
0.992813
0.992813
0.992813
0.992813
0.992813
0.992813
0.992813
0.992813
0.992813
0.992813
0.992813
0.992813
0.992836
0.992867
0.992958
0.99305
0.99308
0.993141
0.993202
0.993263
0.993355
0.993416
0.993477
0.993507
0.993599
0.99366
0.993721
0.993744
0.993744
0.993744
0.993744
