0
3.05177e-05
6.10353e-05
9.1553e-05
0.000122071
0.000152588
0.00019455
0.000354767
0.000808716
0.00176239
0.0034523
0.00611496
0.00998306
0.0152664
0.0221367
0.0307617
0.0472527
0.0607338
0.0682335
0.0847702
0.103317
0.123825
0.158054
0.182983
0.209431
0.237232
0.251591
0.296227
0.32703
0.358425
0.390202
0.422161
0.454132
0.48597
0.517498
0.548557
0.59396
0.608704
0.651546
0.678822
0.692032
0.729836
0.741783
0.77557
0.796291
0.815548
0.83334
0.84967
0.864574
0.878056
0.890148
0.900894
0.910347
0.918571
0.925621
0.931576
0.93652
0.940521
0.943665
0.94603
0.947674
0.948685
0.949131
0.949085
0.948624
0.947811
0.946712
0.945393
0.943901
0.942299
0.940632
0.938953
0.937283
0.935669
0.934147
0.932743
0.931492
0.930405
0.929501
0.928799
0.928303
0.92802
0.928009
0.928112
0.928749
0.929062
0.929844
0.931366
0.931965
0.933285
0.934757
0.937214
0.938091
0.939922
0.941841
0.944836
0.946888
0.948963
0.951038
0.953106
0.955143
0.957142
0.959084
0.960957
0.962761
0.964481
0.966114
0.967651
0.969097
0.970448
0.971703
0.973408
0.974426
0.975357
0.976196
0.976955
0.977631
0.978226
0.978748
0.979393
0.979736
0.979881
0.980225
0.980381
0.980484
0.980534
0.980537
0.980492
0.980408
0.980282
0.980122
0.979931
0.979713
0.979469
0.979198
0.978912
0.978607
0.978294
0.977959
0.977623
0.977287
0.976952
0.976616
0.97628
0.975777
0.975441
0.975105
0.974792
0.974487
0.974045
0.973907
0.973507
0.973263
0.973034
0.97282
0.972626
0.972443
0.972286
0.972137
0.972015
0.971859
0.971767
0.971706
0.971645
0.971611
0.971581
0.971561
0.971561
0.971561
0.971573
0.971603
0.971634
0.971664
0.971722
0.971752
0.971844
0.971874
0.971966
0.972027
0.972088
0.972149
0.97221
0.972271
0.972332
0.972393
0.972454
0.972515
0.972576
0.972637
0.972698
0.972729
0.972759
0.97279
0.97282
0.972851
0.972881
0.972912
0.972942
0.972973
0.973003
0.973034
0.973064
0.973095
0.973125
0.973156
0.973186
0.973217
0.973248
0.973278
0.973309
0.973339
0.97337
0.9734
0.973431
0.973461
0.973492
0.973522
0.973553
0.973583
0.973614
0.973644
0.973675
0.973705
0.973736
0.973766
0.973797
0.973827
0.973858
0.973888
0.973919
0.973949
0.97398
0.974026
0.974041
0.974087
0.974117
0.974148
0.974178
0.974209
0.974239
0.97427
0.9743
0.974331
0.974377
0.974392
0.974438
0.974453
0.974499
0.974529
0.97456
0.97459
0.974621
0.974651
0.974682
0.974712
0.974743
0.974773
0.974804
0.974834
0.974865
0.974895
0.974926
0.974957
0.974987
0.975018
0.975048
0.975079
0.975109
0.975155
0.975185
0.975201
0.975231
0.975277
0.975307
0.975338
0.975353
0.975384
0.97543
0.97546
0.975491
0.975521
0.975552
0.975582
0.975613
0.975643
0.975674
0.975704
0.975735
0.975765
0.975796
0.975826
0.975857
0.975887
0.975918
0.975948
0.975986
0.976078
0.976109
0.9762
0.976261
0.976322
0.976383
0.976444
0.976505
0.976597
0.976627
0.976719
0.97678
0.97681
0.976841
0.976871
0.976917
0.976933
0.976978
0.977009
0.977039
0.97707
0.9771
0.977131
0.977177
0.977192
0.977222
0.977268
0.977299
0.977329
0.97736
0.97739
0.977421
0.977451
0.977482
0.977512
0.977543
0.977573
0.977604
0.977634
0.977665
0.977695
0.977726
0.977757
0.977787
0.977818
0.977848
0.977879
0.977909
0.977955
0.97797
0.978001
0.978046
0.978062
0.978107
0.978138
0.978168
0.978199
0.97823
0.97826
0.978291
0.978321
0.978352
0.978382
0.978428
0.978443
0.978489
0.978519
0.97855
0.97858
0.978611
0.978642
0.978687
0.978718
0.978748
0.978779
0.978809
0.97884
0.978886
0.978916
0.978947
0.978977
0.979008
0.979038
0.979084
0.979099
0.97913
0.97916
0.979206
0.979237
0.979267
0.979298
0.979328
0.979359
0.979389
0.97942
0.97945
0.979481
0.979511
0.979542
0.979572
0.979603
0.979633
0.979664
0.979694
0.979725
0.979755
0.979786
0.979816
0.979847
0.979877
0.979908
0.979939
0.979973
0.980064
0.980095
0.980156
0.980217
0.980309
0.98037
0.9804
0.980461
0.980553
0.980614
0.980652
0.980667
0.980713
0.980743
0.980774
0.980804
0.980835
0.980865
0.980896
0.980927
0.980972
0.980988
0.981033
0.981049
0.981094
0.981125
0.981155
0.981186
0.981216
0.981247
0.981277
0.981308
0.981339
0.981369
0.9814
0.98143
0.981461
0.981491
0.981522
0.981552
0.981583
0.981613
0.981644
0.981674
0.98172
0.98175
0.981766
0.981796
0.981827
0.981873
0.981888
0.981934
0.981949
0.981995
0.982025
0.982056
0.982086
0.982117
0.982147
0.982178
0.982208
0.982239
0.982269
0.9823
0.98233
0.982361
0.982391
0.982422
0.982468
0.982498
0.982529
0.982559
0.98259
0.98262
0.982651
0.982681
0.982712
0.982742
0.982773
0.982803
0.982834
0.982864
0.98291
0.982941
0.982971
0.983002
0.983032
0.983063
0.983093
0.983139
0.983154
0.983185
0.983215
0.983261
0.983276
0.983307
0.983353
0.983383
0.983414
0.983429
0.983475
0.983505
0.983536
0.983566
0.983597
0.983627
0.983658
0.983688
0.983719
0.983749
0.98378
0.98381
0.983841
0.983871
0.983902
0.983932
0.983963
0.983994
0.984024
0.984055
0.984085
0.984116
0.984161
0.984192
0.984222
0.984253
0.984283
0.984314
0.984344
0.984375
0.984406
0.984436
0.984482
0.984512
0.984543
0.984573
0.984604
0.984634
0.984665
0.984695
0.984726
0.984756
0.984787
0.984791
0.984791
0.984791
0.984791
0.984791
0.984791
0.984791
0.984791
0.984791
0.984791
0.984791
0.984791
0.984825
0.984856
0.984886
0.984917
0.984947
0.984978
0.985008
0.985039
0.985069
0.985115
0.985146
0.985161
0.985191
0.985237
0.985268
0.985298
0.985329
0.985359
0.98539
0.98542
0.985451
0.985481
0.985512
0.985542
0.985573
0.985603
0.985634
0.985664
0.985695
0.985741
0.985756
0.985786
0.985817
0.985847
0.985878
0.985924
0.985954
0.98597
0.986015
0.986046
0.986076
0.986107
0.986137
0.986168
0.986198
0.986229
0.986259
0.98629
0.98632
0.986351
0.986382
0.986412
0.986443
0.986473
0.986504
0.986534
0.986565
0.986595
0.986626
0.986671
0.986683
0.986683
0.986683
0.986683
0.986683
0.986683
0.986683
0.986683
0.986683
0.986683
0.986683
0.986683
0.986683
0.986683
0.986683
0.98671
0.98674
0.986771
0.986801
0.986832
0.986862
0.986893
0.986923
0.986954
0.986984
0.987015
0.987045
0.987076
0.987122
0.987137
0.987167
0.987198
0.987228
0.987259
0.987289
0.98732
0.987366
0.987396
0.987427
0.987457
0.987488
0.987518
0.987549
0.987595
0.98761
0.987656
0.987686
0.987717
0.987747
0.987778
0.987808
0.987839
0.987869
0.9879
0.98793
0.987961
0.987968
0.987968
0.987968
0.987968
0.987968
0.987968
0.987968
0.987968
0.987968
0.987968
0.987968
0.987968
0.987968
0.987968
0.987968
0.987968
0.987968
0.987984
0.988014
0.988045
0.988075
0.988121
0.988136
0.988182
0.988197
0.988243
0.988274
0.988304
0.988335
0.988365
0.98838
0.988426
0.988457
0.988487
0.988518
0.988548
0.988579
0.988609
0.98864
0.98867
0.988701
0.988747
0.988777
0.988808
0.988838
0.988869
0.988899
0.98893
0.98896
0.988991
0.989037
0.989052
0.989082
0.989105
0.989105
0.989105
0.989105
0.989105
0.989105
0.989105
0.989105
0.989105
0.989105
0.989105
0.989105
0.989105
0.989105
0.989105
0.989105
0.989105
0.989105
0.989105
0.989132
0.989162
0.989193
0.989223
0.989254
0.989285
0.989315
0.989346
0.989376
0.989407
0.989437
0.989468
0.989498
0.989544
0.989574
0.98959
0.989635
0.989666
0.989697
0.989727
0.989758
0.989788
0.989819
0.989849
0.98988
0.98991
0.989941
0.989971
0.990002
0.990028
0.990028
0.990028
0.990028
0.990028
0.990028
0.990028
0.990028
0.990028
0.990028
0.990028
0.990028
0.990028
0.990028
0.990028
0.990028
0.990028
0.990028
0.990028
0.990028
0.990059
0.990089
0.99012
0.99015
0.990181
0.990211
0.990242
0.990273
0.990303
0.990334
0.990364
0.990395
0.990425
0.990456
0.990486
0.990517
0.990547
0.990578
0.990608
0.990639
0.990669
0.9907
0.99073
0.990791
0.990807
0.990837
0.990883
0.990891
0.990891
0.990891
0.990891
0.990891
0.990891
0.990891
0.990891
0.990891
0.990891
0.990891
0.990891
0.990891
0.990891
0.990891
0.990891
0.990891
0.990891
0.990891
0.990891
0.990891
0.990891
0.990891
0.990917
0.990948
0.990978
0.991009
0.991039
0.99107
0.9911
0.991131
0.991161
0.991192
0.991222
0.991253
0.991283
0.991314
0.991344
0.991375
0.991405
0.991436
0.991467
0.991497
0.991528
0.991573
0.991589
0.991619
0.99165
0.991673
0.991673
0.991673
0.991673
0.991673
0.991673
0.991673
0.991673
0.991673
0.991673
0.991673
0.991673
0.991673
0.991673
0.991673
0.991673
0.991673
0.991673
0.991673
0.991673
0.991673
0.991673
0.991673
0.991673
0.991688
0.991718
0.991749
0.991779
0.99181
0.99184
0.991886
0.991917
0.991947
0.991978
0.992008
0.992039
0.992069
0.9921
0.992146
0.992176
0.992207
0.992237
0.992268
0.992298
0.992329
0.992359
0.992359
0.992359
0.992359
0.992359
0.992359
0.992359
0.992359
0.992359
0.992359
0.992359
0.992359
0.992359
0.992359
0.992359
0.992359
0.992359
0.992359
0.992359
0.992359
0.992359
0.992359
0.992359
0.992359
0.992359
0.992359
0.992367
0.992397
0.992443
0.992474
0.992504
0.992535
0.992565
0.992596
0.992626
0.992657
0.992702
0.992718
0.992764
0.992794
0.992825
0.992855
0.992886
0.992916
0.992947
0.992977
0.993008
0.993011
0.993011
0.993011
0.993011
0.993011
0.993011
0.993011
0.993011
0.993011
0.993011
0.993011
0.993011
0.993011
0.993011
0.993011
0.993011
0.993011
0.993011
0.993011
0.993011
0.993011
0.993011
0.993011
0.993011
0.993011
0.993011
0.993011
0.993011
0.993031
0.993061
0.993107
0.993137
