0
6.10353e-05
0.000122071
0.000183106
0.000244141
0.000305176
0.000434876
0.000541687
0.0014267
0.00273895
0.00493622
0.00823212
0.0128937
0.0191116
0.0271149
0.0370789
0.0491638
0.0635223
0.0802536
0.099411
0.121048
0.145103
0.171516
0.200188
0.230965
0.263657
0.315849
0.333977
0.371132
0.409302
0.467896
0.487656
0.527328
0.586754
0.625992
0.664673
0.702599
0.739609
0.775543
0.810242
0.843536
0.875282
0.905342
0.933617
0.959984
0.984398
1.00677
1.02708
1.04528
1.06136
1.07533
1.08721
1.09704
1.10485
1.11073
1.11475
1.11749
1.11757
1.11552
1.1124
1.108
1.10537
1.0959
1.08845
1.08023
1.07138
1.06203
1.05228
1.04229
1.03215
1.02197
1.01187
1.00195
0.992287
0.982964
0.974045
0.965599
0.953964
0.950378
0.943687
0.937645
0.932281
0.925529
0.921913
0.920372
0.917801
0.915222
0.914696
0.914055
0.914383
0.915268
0.916702
0.918602
0.920929
0.923645
0.926712
0.930069
0.93367
0.937462
0.941414
0.945473
0.9496
0.953751
0.957901
0.96199
0.965996
0.969902
0.973686
0.977318
0.980782
0.984055
0.987122
0.98996
0.992577
0.994957
0.99707
0.998932
1.00124
1.00188
1.00298
1.0038
1.00458
1.00481
1.00481
1.00461
1.0042
1.00362
1.00287
1.00197
1.00095
0.999817
0.998596
0.997292
0.995934
0.99453
0.99308
0.991615
0.99015
0.988686
0.986488
0.985756
0.983643
0.982285
0.981621
0.979736
0.978561
0.978012
0.976479
0.976013
0.975151
0.974045
0.973427
0.972916
0.972511
0.972198
0.971977
0.97184
0.971802
0.97184
0.971954
0.972153
0.972412
0.97274
0.973122
0.973549
0.97403
0.974518
0.975334
0.975609
0.976433
0.976982
0.977531
0.978043
0.978531
0.979004
0.979431
0.979836
0.980202
0.980522
0.980812
0.981056
0.981255
0.981422
0.981544
0.981628
0.981689
0.981689
0.981674
0.981613
0.981537
0.981415
0.981201
0.98111
0.980927
0.980621
0.980377
0.980133
0.979889
0.979645
0.979523
0.979279
0.978912
0.978668
0.978424
0.97818
0.977936
0.977692
0.977448
0.977203
0.976974
0.976791
0.976608
0.976425
0.976242
0.976112
0.97599
0.975868
0.975746
0.975685
0.975624
0.975533
0.97551
0.97551
0.97551
0.97551
0.975525
0.975586
0.975647
0.975708
0.975769
0.97583
0.975891
0.976006
0.976128
0.976311
0.976372
0.976494
0.976616
0.976799
0.976921
0.977043
0.977165
0.977287
0.977409
0.977531
0.977654
0.977737
0.977798
0.977859
0.977921
0.977982
0.978043
0.978104
0.978195
0.978226
0.978287
0.978348
0.978378
0.978378
0.978378
0.978378
0.978378
0.978378
0.978378
0.978378
0.978378
0.978378
0.978378
0.978378
0.978378
0.978378
0.978378
0.978378
0.978378
0.978378
0.978378
0.978378
0.978378
0.978378
0.978378
0.978378
0.978378
0.978378
0.978378
0.978378
0.978378
0.978394
0.978455
0.978516
0.978577
0.978638
0.978699
0.97876
0.978821
0.978882
0.978943
0.979004
0.979065
0.979126
0.979187
0.979248
0.979309
0.97937
0.979431
0.979492
0.979553
0.979614
0.979675
0.979736
0.979797
0.979858
0.97995
0.97998
0.980072
0.980087
0.980087
0.980087
0.980087
0.980087
0.980087
0.980087
0.980087
0.980087
0.980087
0.980087
0.980087
0.980087
0.980087
0.980087
0.980087
0.980087
0.980087
0.980087
0.980087
0.980087
0.980087
0.980087
0.980087
0.980087
0.980133
0.980194
0.980255
0.980316
0.980377
0.980469
0.98053
0.980591
0.980652
0.980713
0.980774
0.980835
0.980896
0.980957
0.981018
0.98111
0.981171
0.981232
0.981293
0.981354
0.981415
0.981476
0.981537
0.981575
0.981575
0.981575
0.981575
0.981575
0.981575
0.981575
0.981575
0.981575
0.981575
0.981575
0.981575
0.981575
0.981575
0.981575
0.981575
0.981575
0.981575
0.981575
0.981575
0.981575
0.981575
0.981575
0.981575
0.981575
0.981583
0.981644
0.981705
0.981766
0.981827
0.981888
0.981949
0.98204
0.982101
0.982162
0.982224
0.982285
0.982346
0.982407
0.982468
0.982529
0.98259
0.982651
0.982712
0.982803
0.982864
0.982925
0.982986
0.983017
0.983017
0.983017
0.983017
0.983017
0.983017
0.983017
0.983017
0.983017
0.983017
0.983017
0.983017
0.983017
0.983017
0.983017
0.983017
0.983017
0.983017
0.983017
0.983017
0.983017
0.983017
0.983017
0.983017
0.983017
0.983017
0.983017
0.983017
0.983055
0.983116
0.983177
0.983238
0.983299
0.98336
0.983421
0.983482
0.983543
0.983604
0.983665
0.983727
0.983788
0.983849
0.98391
0.983971
0.984032
0.984093
0.984154
0.984245
0.984306
0.984367
0.984428
0.984436
0.984436
0.984436
0.984436
0.984436
0.984436
0.984436
0.984436
0.984436
0.984436
0.984436
0.984436
0.984436
0.984436
0.984436
0.984436
0.984436
0.984436
0.984436
0.984436
0.984436
0.984436
0.984436
0.984436
0.984436
0.984436
0.984436
0.984436
0.984436
0.984436
0.984444
0.984505
0.984566
0.984627
0.984718
0.984779
0.98484
0.984901
0.984962
0.985023
0.985085
0.985146
0.985207
0.985298
0.985359
0.98542
0.985481
0.985542
0.985603
0.985664
0.985725
0.985733
0.985733
0.985733
0.985733
0.985733
0.985733
0.985733
0.985733
0.985733
0.985733
0.985733
0.985733
0.985733
0.985733
0.985733
0.985733
0.985733
0.985733
0.985733
0.985733
0.985733
0.985733
0.985733
0.985733
0.985733
0.985733
0.985733
0.985733
0.985733
0.985733
0.985733
0.985733
0.985794
0.985855
0.985916
0.985977
0.986069
0.98613
0.986191
0.986252
0.986313
0.986374
0.986435
0.986496
0.986557
0.986618
0.986679
0.98674
0.986801
0.986862
0.986923
0.986992
0.986992
0.986992
0.986992
0.986992
0.986992
0.986992
0.986992
0.986992
0.986992
0.986992
0.986992
0.986992
0.986992
0.986992
0.986992
0.986992
0.986992
0.986992
0.986992
0.986992
0.986992
0.986992
0.986992
0.986992
0.986992
0.986992
0.986992
0.986992
0.986992
0.986992
0.986992
0.986992
0.987
0.987091
0.987152
0.987213
0.987274
0.987335
0.987396
0.987488
0.987518
0.98761
0.987671
0.987732
0.987823
0.987885
0.987946
0.988007
0.988068
0.988113
0.988113
0.988113
0.988113
0.988113
0.988113
0.988113
0.988113
0.988113
0.988113
0.988113
0.988113
0.988113
0.988113
0.988113
0.988113
0.988113
0.988113
0.988113
0.988113
0.988113
0.988113
0.988113
0.988113
0.988113
0.988113
0.988113
0.988113
0.988113
0.988113
0.988113
0.988113
0.988113
0.988113
0.988113
0.988159
0.98819
0.988251
0.988342
0.988403
0.988464
0.988525
0.988586
0.988647
0.988708
0.98877
0.988831
0.988892
0.988953
0.989014
0.989075
0.989136
0.989197
0.989235
0.989235
0.989235
0.989235
0.989235
0.989235
0.989235
0.989235
0.989235
0.989235
0.989235
0.989235
0.989235
0.989235
0.989235
0.989235
0.989235
0.989235
0.989235
0.989235
0.989235
0.989235
0.989235
0.989235
0.989235
0.989235
0.989235
0.989235
0.989235
0.989235
0.989235
0.989235
0.989235
0.989235
0.989235
0.989235
0.989235
0.989235
0.989273
0.989334
0.989395
0.989456
0.989517
0.989578
0.989639
0.9897
0.989761
0.989822
0.989883
0.989944
0.990036
0.990097
0.990158
0.990219
0.99028
0.990303
0.990303
0.990303
0.990303
0.990303
0.990303
0.990303
0.990303
0.990303
0.990303
0.990303
0.990303
0.990303
0.990303
0.990303
0.990303
0.990303
0.990303
0.990303
0.990303
0.990303
0.990303
0.990303
0.990303
0.990303
0.990303
0.990303
0.990303
0.990303
0.990303
0.990303
0.990303
0.990303
0.990303
0.990303
0.990303
0.990303
0.990303
0.990303
0.990303
0.990303
0.990303
0.990334
0.990395
0.990456
0.990517
0.990578
0.990639
0.9907
0.990761
0.990822
0.990883
0.990944
0.991005
0.991066
0.991127
0.991188
0.991249
0.99131
0.991371
0.991402
0.991402
0.991402
0.991402
0.991402
0.991402
0.991402
0.991402
0.991402
0.991402
0.991402
0.991402
0.991402
0.991402
0.991402
0.991402
0.991402
0.991402
0.991402
0.991402
0.991402
0.991402
0.991402
0.991402
0.991402
0.991402
0.991402
0.991402
0.991402
0.991402
0.991402
0.991402
0.991402
0.991402
0.991402
0.991402
0.991402
0.991402
0.991402
0.991402
0.991402
0.991402
0.991402
0.991402
0.991402
0.991402
0.991402
0.991402
0.991402
0.991402
0.991402
0.991432
0.991493
0.991554
0.991615
0.991676
0.991737
0.991798
0.991859
0.99192
0.991982
0.992043
0.992104
0.992165
0.992226
0.992287
0.992348
0.992401
0.992401
0.992401
0.992401
0.992401
0.992401
0.992401
0.992401
0.992401
0.992401
0.992401
0.992401
0.992401
0.992401
0.992401
0.992401
0.992401
0.992401
0.992401
0.992401
0.992401
0.992401
0.992401
0.992401
0.992401
0.992401
0.992401
0.992401
0.992401
0.992401
0.992401
0.992401
0.992401
0.992401
0.992401
0.992401
0.992401
0.992401
0.992401
0.992401
0.992401
0.992401
0.992401
0.992401
0.992401
0.992401
0.992401
0.992401
0.992401
0.992401
0.992401
0.992401
0.992401
0.992432
0.992462
0.992523
0.992584
0.992645
0.992706
0.992767
0.992859
0.99292
0.992981
0.993042
0.993103
0.993164
0.993225
0.993286
0.99334
0.99334
0.99334
0.99334
0.99334
0.99334
0.99334
0.99334
0.99334
0.99334
0.99334
0.99334
0.99334
0.99334
0.99334
0.99334
0.99334
0.99334
0.99334
0.99334
0.99334
0.99334
0.99334
0.99334
0.99334
0.99334
0.99334
0.99334
0.99334
0.99334
0.99334
0.99334
0.99334
0.99334
0.99334
0.99334
0.99334
0.99334
0.99334
0.99334
0.99334
0.99334
0.99334
0.99334
0.99334
0.99334
0.99334
0.99334
0.99334
0.99334
0.99334
0.99334
0.99334
0.99334
0.99334
0.99334
0.99334
0.99334
0.99334
0.99334
0.993362
0.993423
0.993484
0.993546
0.993607
0.993668
0.993759
0.99382
0.993881
0.993942
0.994003
0.994064
0.994125
0.994186
0.994247
0.994247
0.994247
0.994247
0.994247
0.994247
0.994247
0.994247
0.994247
0.994247
