0
3.05177e-05
6.10349e-05
9.15526e-05
0.00012207
0.000152588
0.000194549
0.000354767
0.000808716
0.00176239
0.00344849
0.00611115
0.00997543
0.0152588
0.0221291
0.0307541
0.041256
0.05373
0.068222
0.0847588
0.113316
0.134773
0.158054
0.183025
0.209538
0.237415
0.266468
0.296478
0.327232
0.358524
0.390152
0.421913
0.453648
0.500813
0.516331
0.56205
0.57695
0.620399
0.634418
0.661655
0.700348
0.724575
0.747478
0.76902
0.789173
0.807938
0.825329
0.841324
0.855919
0.869118
0.880947
0.891445
0.9048
0.908649
0.918499
0.923737
0.925991
0.929806
0.932774
0.935787
0.936962
0.937553
0.937634
0.937286
0.936596
0.935635
0.93446
0.933132
0.931717
0.929535
0.928116
0.926773
0.925537
0.92445
0.923527
0.922794
0.922268
0.921963
0.921886
0.922054
0.922447
0.923073
0.923923
0.924992
0.92627
0.927734
0.929379
0.931183
0.933132
0.935204
0.937382
0.939644
0.941971
0.94553
0.947918
0.950298
0.95266
0.954983
0.957249
0.959446
0.961563
0.963589
0.965519
0.968212
0.969875
0.971432
0.972881
0.97422
0.975456
0.976589
0.977619
0.978546
0.979378
0.980114
0.980759
0.981323
0.981808
0.982384
0.98254
0.982918
0.983093
0.983212
0.983276
0.983295
0.983273
0.983204
0.983101
0.982964
0.982792
0.982594
0.982372
0.982128
0.981861
0.981586
0.981281
0.980976
0.980667
0.980331
0.979996
0.97966
0.979324
0.978989
0.978485
0.978317
0.978001
0.977543
0.977238
0.976952
0.976677
0.976406
0.976162
0.975918
0.975704
0.975491
0.975307
0.975124
0.974972
0.974819
0.974697
0.974575
0.97448
0.974388
0.974312
0.974251
0.97419
0.974155
0.974125
0.974094
0.974083
0.974083
0.974083
0.974083
0.974083
0.974113
0.974144
0.974174
0.974205
0.974236
0.974266
0.974297
0.974327
0.974358
0.974388
0.974419
0.974449
0.974495
0.974525
0.974556
0.974586
0.974617
0.974648
0.974678
0.974709
0.974739
0.97477
0.9748
0.974831
0.974861
0.974876
0.974922
0.974953
0.974983
0.975014
0.975044
0.975075
0.975105
0.975136
0.975166
0.975197
0.975227
0.975258
0.975288
0.975319
0.975349
0.97538
0.975426
0.975456
0.975487
0.975517
0.975548
0.975578
0.975609
0.975639
0.97567
0.9757
0.975731
0.975761
0.975792
0.975822
0.975853
0.975883
0.975914
0.975945
0.975975
0.976006
0.976036
0.976067
0.976097
0.976143
0.976158
0.976204
0.976234
0.976265
0.97628
0.976326
0.976357
0.976387
0.976418
0.976448
0.976479
0.976509
0.97654
0.97657
0.976601
0.976631
0.976677
0.976707
0.976738
0.976768
0.976799
0.97683
0.97686
0.976891
0.976921
0.976952
0.976982
0.977013
0.977043
0.977074
0.977104
0.97715
0.97718
0.977211
0.977242
0.977272
0.977303
0.977348
0.977379
0.977409
0.97744
0.97747
0.977501
0.977531
0.977562
0.977592
0.977623
0.977665
0.977726
0.977787
0.977848
0.977909
0.97797
0.978031
0.978123
0.978184
0.978245
0.978306
0.978367
0.97842
0.978466
0.978481
0.978512
0.978542
0.978588
0.978619
0.978634
0.97868
0.978695
0.978741
0.978771
0.978786
0.978832
0.978848
0.978893
0.978909
0.978939
0.97897
0.979
0.979046
0.979076
0.979107
0.979137
0.979168
0.979198
0.979229
0.979259
0.97929
0.979321
0.979351
0.979382
0.979412
0.979443
0.979473
0.979504
0.979534
0.979565
0.979595
0.979626
0.979656
0.979687
0.979717
0.979748
0.979794
0.979824
0.979855
0.979885
0.979916
0.979946
0.979977
0.980007
0.980038
0.980068
0.980114
0.980129
0.98016
0.98019
0.980221
0.980267
0.980282
0.980328
0.980343
0.980373
0.980419
0.98045
0.98048
0.980495
0.980541
0.980572
0.980602
0.980633
0.980663
0.980694
0.980724
0.980755
0.980785
0.980816
0.980846
0.980877
0.980907
0.980938
0.980968
0.980999
0.98103
0.98106
0.981091
0.981121
0.981152
0.981182
0.981213
0.981243
0.981274
0.981304
0.981335
0.981365
0.981396
0.981426
0.981472
0.981487
0.981518
0.981548
0.981579
0.981609
0.981655
0.98167
0.981701
0.981747
0.981762
0.981808
0.981838
0.981853
0.981899
0.98193
0.98196
0.981991
0.982021
0.982052
0.982082
0.982113
0.982143
0.982174
0.982204
0.982235
0.982265
0.982311
0.982327
0.982357
0.982388
0.982418
0.982464
0.982479
0.982525
0.982555
0.982586
0.982616
0.982647
0.982677
0.982708
0.982738
0.982769
0.9828
0.98283
0.982861
0.982891
0.982922
0.982952
0.982983
0.983013
0.983044
0.983074
0.983105
0.983135
0.983166
0.983196
0.983227
0.983273
0.983288
0.983318
0.983364
0.983379
0.983425
0.983456
0.983486
0.983517
0.983547
0.983578
0.983608
0.983639
0.983669
0.9837
0.98373
0.983761
0.983807
0.983822
0.983852
0.983883
0.983929
0.983959
0.98399
0.98402
0.984051
0.984081
0.984112
0.984142
0.984173
0.984203
0.984234
0.984264
0.984295
0.984325
0.984356
0.984386
0.984417
0.984447
0.984478
0.984509
0.984539
0.98457
0.9846
0.984631
0.984661
0.984692
0.984722
0.984753
0.984783
0.984814
0.984844
0.984875
0.984905
0.984936
0.984966
0.984997
0.985027
0.985058
0.985088
0.985119
0.985149
0.98518
0.98521
0.985241
0.985287
0.985302
0.985332
0.985363
0.985394
0.985424
0.985455
0.9855
0.985516
0.985531
0.985531
0.985531
0.985531
0.985531
0.985531
0.985531
0.985531
0.985531
0.985531
0.985531
0.985531
0.985531
0.985531
0.985561
0.985592
0.985622
0.985668
0.985683
0.985714
0.98576
0.985775
0.985806
0.985851
0.985867
0.985897
0.985928
0.985958
0.986004
0.986019
0.98605
0.98608
0.986111
0.986156
0.986187
0.986202
0.986248
0.986263
0.986309
0.98634
0.98637
0.986401
0.986431
0.986462
0.986492
0.986523
0.986553
0.986584
0.986614
0.986645
0.986675
0.986706
0.986736
0.986767
0.986797
0.986828
0.986858
0.986889
0.986919
0.98695
0.98698
0.987011
0.987041
0.987072
0.987103
0.987133
0.987133
0.987133
0.987133
0.987133
0.987133
0.987133
0.987133
0.987133
0.987133
0.987133
0.987133
0.987133
0.987133
0.987133
0.987133
0.987152
0.987198
0.987228
0.987259
0.987289
0.98732
0.98735
0.987381
0.987427
0.987442
0.987488
0.987518
0.987549
0.987579
0.98761
0.98764
0.987671
0.987701
0.987732
0.987762
0.987793
0.987823
0.987854
0.9879
0.98793
0.987961
0.987991
0.988022
0.988052
0.988083
0.988113
0.988144
0.98819
0.98822
0.988251
0.988281
0.988304
0.988304
0.988304
0.988304
0.988304
0.988304
0.988304
0.988304
0.988304
0.988304
0.988304
0.988304
0.988304
0.988304
0.988304
0.988304
0.988304
0.988319
0.98835
0.98838
0.988411
0.988441
0.988472
0.988503
0.988548
0.988564
0.988594
0.98864
0.98867
0.988701
0.988716
0.988747
0.988792
0.988823
0.988853
0.988884
0.988914
0.988945
0.988976
0.989006
0.989052
0.989082
0.989113
0.989143
0.989174
0.989204
0.989235
0.989265
0.989296
0.989326
0.989357
0.98938
0.98938
0.98938
0.98938
0.98938
0.98938
0.98938
0.98938
0.98938
0.98938
0.98938
0.98938
0.98938
0.98938
0.98938
0.98938
0.98938
0.98938
0.98938
0.989395
0.989426
0.989456
0.989487
0.989532
0.989548
0.989578
0.989609
0.989639
0.98967
0.989716
0.989746
0.989761
0.989807
0.989822
0.989868
0.989899
0.989914
0.98996
0.98999
0.990005
0.990051
0.990067
0.990097
0.990143
0.990173
0.990204
0.990234
0.990265
0.990276
0.990276
0.990276
0.990276
0.990276
0.990276
0.990276
0.990276
0.990276
0.990276
0.990276
0.990276
0.990276
0.990276
0.990276
0.990276
0.990276
0.990276
0.990276
0.990276
0.990276
0.990307
0.990337
0.990368
0.990398
0.990429
0.990459
0.99049
0.99052
0.990551
0.990582
0.990612
0.990643
0.990673
0.990704
0.990734
0.990765
0.990795
0.990826
0.990856
0.990887
0.990917
0.990948
0.990978
0.991009
0.991039
0.991085
0.9911
0.991112
0.991112
0.991112
0.991112
0.991112
0.991112
0.991112
0.991112
0.991112
0.991112
0.991112
0.991112
0.991112
0.991112
0.991112
0.991112
0.991112
0.991112
0.991112
0.991112
0.991112
0.991116
0.991146
0.991177
0.991207
0.991238
0.991268
0.991299
0.991329
0.99136
0.99139
0.991421
0.991451
0.991482
0.991512
0.991543
0.991573
0.991604
0.991634
0.991665
0.991695
0.991741
0.991756
0.991802
0.991817
0.991863
0.991875
0.991875
0.991875
0.991875
0.991875
0.991875
0.991875
0.991875
0.991875
0.991875
0.991875
0.991875
0.991875
0.991875
0.991875
0.991875
0.991875
0.991875
0.991875
0.991875
0.991875
0.991875
0.991875
0.991875
0.991875
0.991886
0.991917
0.991947
0.991978
0.992008
0.992039
0.992069
0.9921
0.99213
0.992161
0.992191
0.992222
0.992252
0.992283
0.992313
0.992344
0.992374
0.992405
0.992435
0.992466
0.992512
0.992527
0.992542
0.992542
0.992542
0.992542
0.992542
0.992542
0.992542
0.992542
0.992542
0.992542
0.992542
0.992542
0.992542
0.992542
0.992542
0.992542
0.992542
0.992542
0.992542
0.992542
0.992542
0.992542
0.992542
0.992542
0.992542
0.992542
0.992565
0.992596
0.992626
0.992657
0.992702
0.992733
0.992764
0.992794
0.992825
0.992855
0.992886
0.992916
0.992947
0.992977
0.993023
0.993038
0.993084
0.993114
0.99313
0.993176
0.993176
0.993176
0.993176
0.993176
0.993176
0.993176
0.993176
0.993176
0.993176
0.993176
0.993176
0.993176
0.993176
0.993176
0.993176
0.993176
0.993176
0.993176
0.993176
0.993176
0.993176
0.993176
0.993176
0.993176
0.993176
0.993176
0.993176
0.993176
0.993195
0.993225
0.993256
0.993286
0.993317
0.993347
0.993378
0.993423
0.993439
0.993469
0.9935
0.993546
0.993576
0.993607
0.993637
0.993668
0.993698
0.993729
0.993755
0.993755
0.993755
0.993755
0.993755
0.993755
0.993755
0.993755
0.993755
0.993755
0.993755
0.993755
0.993755
0.993755
0.993755
0.993755
0.993755
0.993755
0.993755
0.993755
0.993755
0.993755
0.993755
