0
0
0
0
0
7.62924e-06
4.95911e-05
0.000205994
0.000656128
0.00160599
0.00329208
0.00595474
0.00981903
0.0151024
0.0219803
0.0306053
0.0471001
0.060585
0.0761032
0.0936546
0.113186
0.146057
0.157906
0.195847
0.222923
0.251205
0.280487
0.310555
0.341213
0.372234
0.403397
0.449959
0.465347
0.51083
0.540421
0.569283
0.597305
0.624371
0.650387
0.675266
0.698925
0.710274
0.742313
0.761971
0.780239
0.797127
0.812656
0.826874
0.845848
0.851562
0.862099
0.871498
0.879818
0.887112
0.893444
0.901279
0.905506
0.907345
0.911877
0.914173
0.915974
0.917332
0.918312
0.91898
0.919392
0.919609
0.91967
0.919624
0.919514
0.919361
0.919209
0.919094
0.919025
0.919044
0.919155
0.919384
0.919735
0.920219
0.920849
0.922062
0.923054
0.923603
0.925468
0.926876
0.928417
0.930065
0.931816
0.933659
0.935577
0.937557
0.939579
0.941624
0.943691
0.94574
0.947777
0.94978
0.95174
0.953648
0.95549
0.958122
0.958958
0.960571
0.962101
0.964245
0.965565
0.966801
0.967949
0.969013
0.969994
0.970894
0.971714
0.972458
0.973129
0.973732
0.974262
0.974728
0.975132
0.975483
0.975777
0.976017
0.976212
0.976421
0.976505
0.976555
0.97657
0.976555
0.976509
0.976437
0.976345
0.976223
0.976086
0.975933
0.975765
0.975491
0.975307
0.975109
0.974895
0.974682
0.974468
0.974255
0.974045
0.973862
0.973679
0.973495
0.973312
0.973156
0.973003
0.972851
0.972725
0.972603
0.972485
0.972393
0.972301
0.972225
0.972164
0.972103
0.972065
0.972034
0.972004
0.971992
0.971992
0.971992
0.972004
0.972019
0.97205
0.97208
0.972126
0.972157
0.972206
0.972237
0.972328
0.972389
0.97245
0.972511
0.972572
0.972633
0.972694
0.972755
0.972816
0.972878
0.972939
0.973
0.973061
0.973122
0.973183
0.973244
0.973286
0.973316
0.973347
0.973377
0.973408
0.973438
0.973484
0.973515
0.973545
0.973576
0.973606
0.973637
0.973667
0.973698
0.973728
0.973759
0.973789
0.97382
0.97385
0.973881
0.973911
0.973942
0.973972
0.974003
0.974033
0.974064
0.974094
0.974125
0.974155
0.974186
0.974232
0.974262
0.974277
0.974323
0.974354
0.974384
0.974415
0.974445
0.974476
0.974506
0.974537
0.974567
0.974598
0.974628
0.974659
0.974689
0.97472
0.974751
0.974781
0.974812
0.974842
0.974873
0.974903
0.974934
0.974964
0.97501
0.97504
0.975071
0.975101
0.975132
0.975163
0.975193
0.975224
0.975254
0.9753
0.97533
0.975361
0.975391
0.975422
0.975452
0.975498
0.975559
0.975651
0.975712
0.975773
0.975834
0.975895
0.975956
0.976017
0.976078
0.976139
0.9762
0.976257
0.976288
0.976318
0.976349
0.976395
0.97641
0.976456
0.976486
0.976517
0.976547
0.976578
0.976608
0.976639
0.976669
0.9767
0.97673
0.976761
0.976791
0.976837
0.976852
0.976883
0.976929
0.976944
0.97699
0.97702
0.977051
0.977081
0.977112
0.977142
0.977173
0.977203
0.977234
0.977264
0.977295
0.977325
0.977356
0.977386
0.977417
0.977448
0.977478
0.977509
0.977539
0.97757
0.9776
0.977631
0.977661
0.977692
0.977722
0.977753
0.977783
0.977814
0.977859
0.977875
0.977905
0.977936
0.977982
0.978012
0.978043
0.978073
0.978104
0.978134
0.978165
0.978195
0.978226
0.978256
0.978287
0.978317
0.978348
0.978378
0.978409
0.978439
0.978474
0.978535
0.978596
0.978657
0.978718
0.978779
0.97884
0.978901
0.978962
0.979053
0.979084
0.97916
0.979191
0.979221
0.979252
0.979282
0.979313
0.979343
0.979374
0.979404
0.979435
0.979465
0.979496
0.979527
0.979557
0.979588
0.979618
0.979649
0.979679
0.97971
0.97974
0.979771
0.979801
0.979832
0.979862
0.979893
0.979923
0.979954
0.979984
0.980015
0.980061
0.980076
0.980106
0.980137
0.980167
0.980213
0.980244
0.980274
0.980289
0.980335
0.980366
0.980396
0.980427
0.980457
0.980488
0.980518
0.980549
0.980579
0.98061
0.98064
0.980671
0.980701
0.980732
0.980778
0.980793
0.980824
0.980869
0.980885
0.98093
0.980961
0.980976
0.981022
0.981052
0.981083
0.981113
0.981144
0.981174
0.981205
0.981236
0.981266
0.981297
0.981327
0.981358
0.981403
0.981434
0.981464
0.981495
0.981525
0.981556
0.981586
0.981617
0.981647
0.981678
0.981709
0.981739
0.98177
0.9818
0.981846
0.981876
0.981907
0.981922
0.981953
0.981998
0.982029
0.982059
0.98209
0.982121
0.982151
0.982182
0.982212
0.982243
0.982273
0.982304
0.982334
0.982365
0.982395
0.982426
0.982456
0.982487
0.982517
0.982563
0.982594
0.982624
0.982655
0.982685
0.982716
0.982761
0.982792
0.982822
0.982853
0.982883
0.982914
0.982944
0.982975
0.983006
0.983036
0.983067
0.983097
0.983128
0.983158
0.983204
0.983234
0.983265
0.983295
0.983326
0.983356
0.983387
0.983418
0.983448
0.983479
0.983509
0.983555
0.983585
0.983616
0.983631
0.983677
0.983707
0.983738
0.983753
0.983799
0.983829
0.98386
0.983891
0.983921
0.983952
0.983982
0.984013
0.984043
0.984074
0.984104
0.984135
0.984165
0.984196
0.984241
0.984257
0.984303
0.984318
0.984348
0.984394
0.984409
0.984455
0.984486
0.984501
0.984531
0.984562
0.984608
0.984638
0.984669
0.984699
0.98473
0.98476
0.984791
0.984821
0.984852
0.984882
0.984913
0.984943
0.984974
0.985004
0.985035
0.985065
0.985096
0.985126
0.985157
0.985188
0.985218
0.985249
0.985279
0.985298
0.985298
0.985298
0.985298
0.985298
0.985298
0.985298
0.985298
0.985298
0.985298
0.985298
0.985298
0.985298
0.985321
0.985352
0.985382
0.985413
0.985443
0.985474
0.985519
0.98555
0.98558
0.985611
0.985657
0.985687
0.985718
0.985748
0.985779
0.985809
0.98584
0.98587
0.985901
0.985931
0.985962
0.985992
0.986023
0.986053
0.986084
0.986115
0.986145
0.986191
0.986221
0.986252
0.986282
0.986313
0.986343
0.986374
0.986404
0.986435
0.986465
0.986511
0.986542
0.986572
0.986603
0.986633
0.986664
0.986694
0.986725
0.986755
0.986786
0.986816
0.986847
0.986877
0.986885
0.986885
0.986885
0.986885
0.986885
0.986885
0.986885
0.986885
0.986885
0.986885
0.986885
0.986885
0.986885
0.986885
0.986885
0.986916
0.986946
0.986977
0.987007
0.987038
0.987068
0.987099
0.987129
0.98716
0.98719
0.987236
0.987251
0.987282
0.987328
0.987343
0.987389
0.987404
0.987434
0.987465
0.987495
0.987526
0.987556
0.987587
0.987633
0.987663
0.987694
0.987724
0.987755
0.987785
0.987816
0.987846
0.987877
0.987907
0.987938
0.987968
0.987999
0.988029
0.98806
0.988091
0.988121
0.988152
0.988163
0.988163
0.988163
0.988163
0.988163
0.988163
0.988163
0.988163
0.988163
0.988163
0.988163
0.988163
0.988163
0.988163
0.988163
0.988163
0.988167
0.988197
0.988243
0.988274
0.988304
0.988335
0.988365
0.988396
0.988426
0.988457
0.988487
0.988518
0.988548
0.988579
0.988609
0.98864
0.98867
0.988701
0.988731
0.988762
0.988792
0.988823
0.988853
0.988884
0.988914
0.988945
0.988976
0.989006
0.989052
0.989067
0.989098
0.989143
0.989174
0.989204
0.98922
0.98922
0.98922
0.98922
0.98922
0.98922
0.98922
0.98922
0.98922
0.98922
0.98922
0.98922
0.98922
0.98922
0.98922
0.98922
0.98922
0.98922
0.989231
0.989262
0.989292
0.989323
0.989353
0.989384
0.989414
0.989445
0.989475
0.989506
0.989536
0.989567
0.989597
0.989628
0.989674
0.989704
0.989735
0.989765
0.989796
0.989826
0.989841
0.989887
0.989918
0.989948
0.989979
0.990009
0.99004
0.99007
0.990101
0.990131
0.990162
0.990162
0.990162
0.990162
0.990162
0.990162
0.990162
0.990162
0.990162
0.990162
0.990162
0.990162
0.990162
0.990162
0.990162
0.990162
0.990162
0.990162
0.990162
0.990162
0.990181
0.990211
0.990242
0.990273
0.990303
0.990334
0.990364
0.990395
0.99044
0.990471
0.990501
0.990532
0.990562
0.990593
0.990623
0.990654
0.990685
0.990715
0.990746
0.990776
0.990807
0.990837
0.990868
0.990913
0.990929
0.990959
0.990959
0.990959
0.990959
0.990959
0.990959
0.990959
0.990959
0.990959
0.990959
0.990959
0.990959
0.990959
0.990959
0.990959
0.990959
0.990959
0.990959
0.990959
0.990959
0.990959
0.990959
0.990971
0.991001
0.991032
0.991062
0.991093
0.991138
0.991169
0.991184
0.99123
0.991261
0.991291
0.991322
0.991352
0.991383
0.991413
0.991444
0.991474
0.991505
0.991535
0.991566
0.991596
0.991627
0.991657
0.991684
0.991684
0.991684
0.991684
0.991684
0.991684
0.991684
0.991684
0.991684
0.991684
0.991684
0.991684
0.991684
0.991684
0.991684
0.991684
0.991684
0.991684
0.991684
0.991684
0.991684
0.991684
0.991684
0.991684
0.991711
0.991741
0.991787
0.991802
0.991848
0.991863
0.991909
0.99194
0.991955
0.992001
0.992031
0.992062
0.992092
0.992123
0.992153
0.992184
0.992214
0.992245
0.992275
0.992306
0.992336
0.992363
0.992363
0.992363
0.992363
0.992363
0.992363
0.992363
0.992363
0.992363
0.992363
0.992363
0.992363
0.992363
0.992363
0.992363
0.992363
0.992363
0.992363
0.992363
0.992363
0.992363
0.992363
0.992363
0.992363
0.992363
0.992367
0.992397
0.992428
0.992458
0.992489
0.992519
0.99255
0.99258
0.992611
0.992641
0.992672
0.992702
0.992733
0.992764
0.992809
0.99284
0.99287
0.992886
0.992931
0.992962
0.992992
0.993011
0.993011
0.993011
0.993011
0.993011
0.993011
0.993011
0.993011
0.993011
0.993011
0.993011
0.993011
0.993011
0.993011
0.993011
0.993011
0.993011
0.993011
0.993011
0.993011
0.993011
0.993011
0.993011
0.993011
0.993011
0.993011
0.993011
0.993042
0.993073
0.993103
0.993134
0.993164
0.993195
0.993225
0.993256
0.993286
0.993317
0.993347
0.993378
0.993408
0.993454
0.993469
0.9935
0.99353
0.993561
0.993607
0.993622
0.993633
0.993633
0.993633
0.993633
0.993633
0.993633
0.993633
0.993633
