0
3.05177e-05
0.000122071
0.000183106
0.000244141
0.000305176
0.000366211
0.000541687
0.00101471
0.00199127
0.00371552
0.00823212
0.010376
0.0157852
0.0270996
0.0318298
0.0491486
0.0560379
0.0802231
0.0993881
0.121025
0.145103
0.171539
0.200226
0.231033
0.263771
0.298203
0.352531
0.39019
0.428696
0.467789
0.507248
0.546837
0.586304
0.62542
0.663948
0.701683
0.738419
0.773994
0.824829
0.856804
0.887108
0.915634
0.942291
0.96698
0.989624
1.01015
1.02853
1.04474
1.05875
1.07062
1.08038
1.08808
1.09382
1.0977
1.09981
1.10027
1.0992
1.09673
1.09066
1.08525
1.08219
1.07543
1.06395
1.0556
1.04683
1.03777
1.02853
1.0192
1.00989
1.0007
0.99173
0.98304
0.974701
0.966797
0.959381
0.952461
0.943146
0.937683
0.932846
0.928658
0.925117
0.922211
0.919952
0.917778
0.917122
0.917061
0.917572
0.91864
0.920197
0.922218
0.92466
0.927483
0.930649
0.935928
0.939735
0.943726
0.947845
0.952049
0.956314
0.960571
0.964775
0.968895
0.974838
0.9786
0.98217
0.985527
0.98864
0.991508
0.994125
0.99646
0.998505
1.00102
1.00233
1.00336
1.00409
1.00455
1.00474
1.00468
1.00438
1.00386
1.00314
1.00172
1.00117
0.999985
0.997978
0.996536
0.995026
0.993469
0.991882
0.990295
0.988708
0.987122
0.985535
0.983986
0.98175
0.980339
0.979004
0.977753
0.976585
0.975517
0.974556
0.973701
0.972954
0.972328
0.971603
0.97142
0.971146
0.970978
0.970909
0.971008
0.971184
0.971451
0.971611
0.972206
0.972679
0.97319
0.97374
0.974312
0.974922
0.975533
0.976143
0.976738
0.977287
0.977837
0.97834
0.978828
0.979256
0.97966
0.980026
0.980484
0.980728
0.980934
0.981102
0.981224
0.9813
0.981346
0.981346
0.981308
0.981194
0.981071
0.980927
0.980835
0.98056
0.980324
0.98008
0.979836
0.979584
0.979279
0.978973
0.978668
0.978363
0.978058
0.977753
0.977448
0.977142
0.976761
0.976639
0.976395
0.976151
0.975906
0.975723
0.97554
0.975357
0.975204
0.975082
0.97496
0.974861
0.9748
0.974709
0.974678
0.974678
0.974678
0.974678
0.974731
0.974792
0.974854
0.974915
0.974976
0.975151
0.975273
0.975395
0.975517
0.975639
0.975761
0.975883
0.976006
0.976189
0.976311
0.976433
0.976555
0.976677
0.976799
0.976921
0.977043
0.977165
0.977272
0.977303
0.977364
0.977425
0.977486
0.977547
0.977638
0.977699
0.97773
0.977783
0.977783
0.977783
0.977783
0.977783
0.977783
0.977783
0.977783
0.977783
0.977783
0.977783
0.977783
0.977783
0.977783
0.977783
0.977783
0.977783
0.977783
0.977783
0.977783
0.977783
0.977783
0.977783
0.977783
0.977783
0.977783
0.977783
0.977783
0.977783
0.977783
0.977783
0.977783
0.977783
0.977806
0.977867
0.977928
0.977989
0.978081
0.978142
0.978203
0.978264
0.978325
0.978386
0.978447
0.978508
0.978569
0.97863
0.978691
0.978752
0.978813
0.978905
0.978966
0.979027
0.979088
0.979149
0.97924
0.979271
0.979332
0.97937
0.97937
0.97937
0.97937
0.97937
0.97937
0.97937
0.97937
0.97937
0.97937
0.97937
0.97937
0.97937
0.97937
0.97937
0.97937
0.97937
0.97937
0.97937
0.97937
0.97937
0.97937
0.97937
0.97937
0.979439
0.9795
0.979561
0.979622
0.979683
0.979744
0.979805
0.979866
0.979927
0.979988
0.980049
0.98011
0.980171
0.980263
0.980324
0.980385
0.980446
0.980507
0.980568
0.980629
0.98069
0.980751
0.980843
0.980904
0.980927
0.980927
0.980927
0.980927
0.980927
0.980927
0.980927
0.980927
0.980927
0.980927
0.980927
0.980927
0.980927
0.980927
0.980927
0.980927
0.980927
0.980927
0.980927
0.980927
0.980927
0.980927
0.980927
0.980927
0.980927
0.980927
0.980927
0.980949
0.98098
0.981041
0.981102
0.981194
0.981255
0.981316
0.981377
0.981438
0.981499
0.98156
0.981621
0.981682
0.981743
0.981804
0.981865
0.981926
0.981987
0.982048
0.982109
0.98217
0.982231
0.982292
0.982338
0.982338
0.982338
0.982338
0.982338
0.982338
0.982338
0.982338
0.982338
0.982338
0.982338
0.982338
0.982338
0.982338
0.982338
0.982338
0.982338
0.982338
0.982338
0.982338
0.982338
0.982338
0.982338
0.982338
0.982338
0.982338
0.982338
0.982361
0.982452
0.982513
0.982574
0.982635
0.982697
0.982758
0.982849
0.98288
0.982971
0.983002
0.983063
0.983124
0.983215
0.983246
0.983337
0.983368
0.983459
0.983521
0.983582
0.983643
0.983688
0.983688
0.983688
0.983688
0.983688
0.983688
0.983688
0.983688
0.983688
0.983688
0.983688
0.983688
0.983688
0.983688
0.983688
0.983688
0.983688
0.983688
0.983688
0.983688
0.983688
0.983688
0.983688
0.983688
0.983688
0.983688
0.983688
0.983688
0.983688
0.983688
0.983704
0.983765
0.983826
0.983887
0.983948
0.984009
0.98407
0.984131
0.984192
0.984253
0.984314
0.984375
0.984436
0.984497
0.984558
0.984619
0.98468
0.984772
0.984802
0.984894
0.984955
0.984985
0.984985
0.984985
0.984985
0.984985
0.984985
0.984985
0.984985
0.984985
0.984985
0.984985
0.984985
0.984985
0.984985
0.984985
0.984985
0.984985
0.984985
0.984985
0.984985
0.984985
0.984985
0.984985
0.984985
0.984985
0.984985
0.984985
0.984985
0.984985
0.984985
0.984985
0.984985
0.985016
0.985077
0.985138
0.985199
0.98526
0.985321
0.985413
0.985474
0.985504
0.985565
0.985657
0.985718
0.985779
0.98584
0.985901
0.985962
0.986023
0.986084
0.986145
0.986206
0.986214
0.986214
0.986214
0.986214
0.986214
0.986214
0.986214
0.986214
0.986214
0.986214
0.986214
0.986214
0.986214
0.986214
0.986214
0.986214
0.986214
0.986214
0.986214
0.986214
0.986214
0.986214
0.986214
0.986214
0.986214
0.986214
0.986214
0.986214
0.986214
0.986214
0.986214
0.986214
0.986221
0.986282
0.986343
0.986404
0.986496
0.986557
0.986618
0.986679
0.98674
0.986801
0.986862
0.986954
0.987015
0.987076
0.987137
0.987198
0.987259
0.98732
0.987381
0.987434
0.987434
0.987434
0.987434
0.987434
0.987434
0.987434
0.987434
0.987434
0.987434
0.987434
0.987434
0.987434
0.987434
0.987434
0.987434
0.987434
0.987434
0.987434
0.987434
0.987434
0.987434
0.987434
0.987434
0.987434
0.987434
0.987434
0.987434
0.987434
0.987434
0.987434
0.987434
0.987434
0.987434
0.987434
0.987434
0.987495
0.987556
0.987617
0.987679
0.98774
0.987801
0.987862
0.987923
0.987984
0.988045
0.988106
0.988197
0.988258
0.988319
0.988411
0.988472
0.988533
0.988594
0.98864
0.98864
0.98864
0.98864
0.98864
0.98864
0.98864
0.98864
0.98864
0.98864
0.98864
0.98864
0.98864
0.98864
0.98864
0.98864
0.98864
0.98864
0.98864
0.98864
0.98864
0.98864
0.98864
0.98864
0.98864
0.98864
0.98864
0.98864
0.98864
0.98864
0.98864
0.98864
0.98864
0.98864
0.98864
0.98864
0.98864
0.98864
0.98864
0.98864
0.988663
0.988724
0.988785
0.988846
0.988937
0.988998
0.989059
0.98912
0.989212
0.989243
0.989304
0.989395
0.989456
0.989517
0.989578
0.989639
0.9897
0.989738
0.989738
0.989738
0.989738
0.989738
0.989738
0.989738
0.989738
0.989738
0.989738
0.989738
0.989738
0.989738
0.989738
0.989738
0.989738
0.989738
0.989738
0.989738
0.989738
0.989738
0.989738
0.989738
0.989738
0.989738
0.989738
0.989738
0.989738
0.989738
0.989738
0.989738
0.989738
0.989738
0.989738
0.989738
0.989738
0.989738
0.989738
0.989738
0.989738
0.989738
0.989738
0.989792
0.989853
0.989914
0.989975
0.990036
0.990097
0.990158
0.990219
0.990311
0.990372
0.990433
0.990494
0.990555
0.990616
0.990677
0.990768
0.990829
0.990829
0.990829
0.990829
0.990829
0.990829
0.990829
0.990829
0.990829
0.990829
0.990829
0.990829
0.990829
0.990829
0.990829
0.990829
0.990829
0.990829
0.990829
0.990829
0.990829
0.990829
0.990829
0.990829
0.990829
0.990829
0.990829
0.990829
0.990829
0.990829
0.990829
0.990829
0.990829
0.990829
0.990829
0.990829
0.990829
0.990829
0.990829
0.990829
0.990829
0.990829
0.990829
0.990829
0.990829
0.990829
0.990829
0.990829
0.990829
0.990875
0.990936
0.990997
0.991058
0.991119
0.99118
0.991241
0.991302
0.991364
0.991425
0.991516
0.991547
0.991608
0.991669
0.99176
0.991821
0.991852
0.991852
0.991852
0.991852
0.991852
0.991852
0.991852
0.991852
0.991852
0.991852
0.991852
0.991852
0.991852
0.991852
0.991852
0.991852
0.991852
0.991852
0.991852
0.991852
0.991852
0.991852
0.991852
0.991852
0.991852
0.991852
0.991852
0.991852
0.991852
0.991852
0.991852
0.991852
0.991852
0.991852
0.991852
0.991852
0.991852
0.991852
0.991852
0.991852
0.991852
0.991852
0.991852
0.991852
0.991852
0.991852
0.991852
0.991852
0.991852
0.991852
0.991852
0.991882
0.991943
0.992004
0.992065
0.992126
0.992218
0.992279
0.99231
0.992371
0.992432
0.992523
0.992584
0.992645
0.992706
0.992767
0.992828
0.992844
0.992844
0.992844
0.992844
0.992844
0.992844
0.992844
0.992844
0.992844
0.992844
0.992844
0.992844
0.992844
0.992844
0.992844
0.992844
0.992844
0.992844
0.992844
0.992844
0.992844
0.992844
0.992844
0.992844
0.992844
0.992844
0.992844
0.992844
0.992844
0.992844
0.992844
0.992844
0.992844
0.992844
0.992844
0.992844
0.992844
0.992844
0.992844
0.992844
0.992844
0.992844
0.992844
0.992844
0.992844
0.992844
0.992844
0.992844
0.992844
0.992844
0.992844
0.992844
0.992844
0.992844
0.992844
0.992844
0.992844
0.992844
0.992844
0.992844
0.992889
0.99295
0.993011
0.993073
0.993134
0.993195
0.993256
0.993317
0.993378
0.993439
0.9935
0.993561
0.993622
0.993683
0.993744
0.993767
0.993767
0.993767
0.993767
0.993767
0.993767
0.993767
0.993767
0.993767
0.993767
0.993767
0.993767
0.993767
0.993767
0.993767
0.993767
0.993767
0.993767
0.993767
0.993767
0.993767
