0
0
0
0
0
0
0.000152588
0.000396728
0.00088501
0.00180054
0.0032959
0.0055542
0.00872803
0.0129395
0.0183411
0.0250244
0.0375061
0.0423584
0.0531616
0.071991
0.0863037
0.10199
0.118988
0.137268
0.156769
0.17746
0.199219
0.222046
0.24585
0.270538
0.296082
0.322388
0.349457
0.377167
0.405457
0.434296
0.463593
0.493286
0.523376
0.553772
0.584412
0.615204
0.64621
0.677216
0.708221
0.739227
0.770233
0.800995
0.831635
0.86203
0.892151
0.921936
0.951355
0.99469
1.00891
1.05075
1.06442
1.09131
1.13055
1.15585
1.18045
1.20432
1.22742
1.24973
1.27118
1.29181
1.31155
1.33038
1.34833
1.3653
1.38129
1.39642
1.41058
1.42377
1.43591
1.44702
1.45715
1.46631
1.47449
1.48169
1.48792
1.49316
1.49744
1.50073
1.50305
1.50446
1.50494
1.50449
1.50214
1.50092
1.49783
1.49387
1.48636
1.48346
1.47357
1.46988
1.46198
1.44876
1.44403
1.43405
1.41788
1.40634
1.40033
1.38153
1.375
1.35468
1.34058
1.32605
1.31113
1.29587
1.28027
1.26437
1.24823
1.23187
1.21527
1.19852
1.18167
1.1647
1.14761
1.13052
1.11343
1.09634
1.07925
1.06238
1.04553
1.02887
1.01233
0.995972
0.979858
0.963989
0.948395
0.933075
0.91806
0.903351
0.889008
0.875
0.861359
0.848114
0.835297
0.816864
0.810944
0.793884
0.788422
0.777863
0.763
0.758301
0.749268
0.740784
0.729034
0.721893
0.718536
0.712189
0.703705
0.698761
0.694366
0.690491
0.687164
0.684418
0.68219
0.680511
0.679352
0.678741
0.67865
0.679077
0.679993
0.681396
0.683289
0.685669
0.688507
0.690094
0.695526
0.699677
0.704224
0.709198
0.714539
0.720245
0.726288
0.732697
0.73941
0.746429
0.753723
0.761322
0.769165
0.777252
0.785553
0.794067
0.802765
0.811615
0.820648
0.829803
0.839081
0.848419
0.857941
0.867462
0.876984
0.886505
0.900787
0.905548
0.91507
0.924591
0.934113
0.948364
0.953003
0.966919
0.971466
0.980499
0.993805
0.998199
1.00674
1.01514
1.02335
1.03134
1.03912
1.05035
1.05759
1.06113
1.06799
1.07462
1.08099
1.09009
1.09302
1.0986
1.10391
1.10895
1.116
1.1203
1.12433
1.12805
1.13147
1.13455
1.13736
1.13986
1.142
1.14386
1.14542
1.14667
1.14758
1.14819
1.14853
1.14856
1.14828
1.14774
1.14688
1.14578
1.14441
1.14276
1.14087
1.1387
1.13501
1.13226
1.1293
1.12613
1.12274
1.11914
1.11539
1.11148
1.10733
1.10309
1.09869
1.09412
1.08948
1.08466
1.07977
1.07483
1.0697
1.06458
1.05945
1.05408
1.04871
1.04333
1.03796
1.03259
1.02722
1.01917
1.01379
1.01111
1.00308
1.00052
0.992828
0.990265
0.985138
0.977783
0.9729
0.968109
0.96347
0.958832
0.956573
0.949982
0.945648
0.941498
0.937347
0.933441
0.929535
0.925842
0.92218
0.918762
0.915405
0.912231
0.90921
0.906281
0.903595
0.901062
0.898651
0.896454
0.89444
0.892578
0.890869
0.889404
0.888123
0.886993
0.886017
0.885284
0.88446
0.884277
0.884033
0.883972
0.884064
0.884308
0.88501
0.885345
0.886078
0.887482
0.888
0.889832
0.891266
0.892731
0.89444
0.896179
0.898132
0.900085
0.902283
0.90448
0.90683
0.909271
0.911713
0.914368
0.917053
0.919739
0.922516
0.925446
0.928375
0.931305
0.934235
0.937225
0.940399
0.943573
0.946747
0.949921
0.953094
0.956268
0.961029
0.962616
0.967255
0.968719
0.971649
0.974579
0.977509
0.981812
0.983154
0.98584
0.989868
0.991211
0.994873
0.997314
0.999725
1.00192
1.00302
1.00632
1.0083
1.01025
1.01221
1.01398
1.01569
1.0174
1.01898
1.02045
1.02191
1.02328
1.02451
1.02573
1.02692
1.02789
1.02936
1.02985
1.03061
1.03134
1.03244
1.03293
1.03317
1.03391
1.03415
1.03452
1.03476
1.035
1.035
1.035
1.035
1.03497
1.03473
1.03448
1.03424
1.03397
1.03348
1.03299
1.0325
1.03201
1.0314
1.0303
1.02994
1.02884
1.02811
1.02725
1.02628
1.0253
1.02432
1.02335
1.02237
1.02139
1.02039
1.01917
1.01794
1.01672
1.0155
1.01428
1.01306
1.01184
1.01001
1.0094
1.00818
1.00635
1.00574
1.00391
1.00269
1.00208
1.00085
0.999023
0.997803
0.996582
0.995361
0.994141
0.99292
0.991699
0.990479
0.989258
0.988037
0.986816
0.985596
0.984375
0.983154
0.981934
0.980713
0.979492
0.978271
0.977051
0.97583
0.974823
0.973846
0.97287
0.971893
0.970917
0.96994
0.968964
0.967987
0.96701
0.966034
0.965088
0.964355
0.963623
0.962891
0.962158
0.961426
0.960693
0.959961
0.959229
0.958649
0.95816
0.957672
0.957184
0.956696
0.956207
0.955719
0.955231
0.954987
0.954742
0.954498
0.954132
0.953888
0.953644
0.95343
0.95343
0.95343
0.95343
0.95343
0.95343
0.95343
0.95343
0.953491
0.953735
0.953979
0.954224
0.954468
0.954712
0.954956
0.9552
0.955444
0.955719
0.956451
0.956696
0.957428
0.957672
0.95816
0.958649
0.959137
0.959869
0.960114
0.960846
0.96109
0.961823
0.962311
0.962799
0.963287
0.963776
0.964478
0.96521
0.965942
0.966675
0.967407
0.96814
0.968872
0.969604
0.970337
0.971069
0.971802
0.972534
0.973267
0.973999
0.974731
0.97525
0.975739
0.976227
0.976715
0.977203
0.977692
0.97818
0.978668
0.979401
0.979889
0.980133
0.980865
0.981354
0.981598
0.982086
0.982819
0.983307
0.983795
0.984283
0.984772
0.98526
0.985687
0.985931
0.986176
0.98642
0.986664
0.986908
0.987152
0.987396
0.98764
0.987885
0.988129
0.988373
0.988617
0.988861
0.989105
0.989349
0.989594
0.989838
0.98999
0.98999
0.98999
0.98999
0.98999
0.98999
0.98999
0.98999
0.98999
0.98999
0.98999
0.98999
0.98999
0.98999
0.98999
0.98999
0.98999
0.98999
0.98999
0.98999
0.98999
0.98999
0.98999
0.98999
0.989899
0.989655
0.98941
0.989166
0.988922
0.988678
0.988434
0.98819
0.987946
0.987701
0.987457
0.987213
0.986969
0.986725
0.986481
0.986237
0.985992
0.985748
0.985504
0.98526
0.985016
0.984772
0.984528
0.984283
0.984039
0.983795
0.983551
0.983307
0.983063
0.982819
0.982574
0.98233
0.982086
0.981842
0.981598
0.981354
0.98111
0.980865
0.980621
0.980377
0.980133
0.979889
0.979645
0.979401
0.979156
0.978912
0.978668
0.978424
0.97818
0.977905
0.977905
0.977905
0.977905
0.977905
0.977905
0.977905
0.977905
0.977905
0.977905
0.977905
0.977905
0.977905
0.977905
0.977905
0.977905
0.977905
0.977905
0.977905
0.977905
0.977905
0.977905
0.977905
0.977905
0.977905
0.977905
0.977905
0.977905
0.977905
0.977905
0.977905
0.977905
0.977905
0.977905
0.977905
0.977905
0.977905
0.977905
0.977905
0.977905
0.977905
0.977905
0.977905
0.977905
0.977905
0.977905
0.977905
0.977905
0.977905
0.977905
0.977905
0.977905
0.977905
0.978027
0.978271
0.978516
0.97876
0.979004
0.979248
0.979492
0.979736
0.97998
0.980347
0.980469
0.980713
0.980957
0.981201
0.981567
0.981812
0.982056
0.9823
0.982544
0.982788
0.983154
0.983398
0.983521
0.983887
0.984131
0.984375
0.984619
0.984863
0.985107
0.985352
0.985596
0.98584
0.986023
0.986023
0.986023
0.986023
0.986023
0.986023
0.986023
0.986023
0.986023
0.986023
0.986023
0.986023
0.986023
0.986023
0.986023
0.986023
0.986023
0.986023
0.986023
0.986023
0.986023
0.986023
0.986023
0.986023
0.986023
0.986023
0.986023
0.986023
0.986023
0.986023
0.986023
0.986023
0.986023
0.986023
0.986023
0.986023
0.986023
0.986023
0.986023
0.986023
0.986023
0.986023
0.986023
0.986023
0.986023
0.986023
0.986023
0.986023
0.986023
0.986023
0.986023
0.986023
0.986023
0.986023
0.986023
0.986023
0.986023
0.986023
0.986023
0.986023
0.986023
0.986023
0.986023
0.986023
0.986023
0.986023
0.986023
0.986023
0.986023
0.986023
0.986023
0.986023
0.986023
0.986023
0.986023
0.986023
0.986023
0.986023
0.986023
0.986023
0.986023
0.986023
0.986023
0.986023
0.986023
0.986023
0.986023
0.986023
0.986023
0.986023
0.986023
0.986023
0.986023
0.986023
0.986023
0.986023
0.986023
0.986023
0.986023
0.986023
0.986023
0.986023
0.986023
0.986023
0.986023
0.986023
0.986023
0.986023
0.986023
0.986023
0.986023
0.986023
0.986023
0.986023
0.986023
0.986023
0.986023
0.986023
0.986023
0.986023
0.986023
0.986023
0.986023
0.986023
0.986023
0.986023
0.986023
0.986023
0.986023
0.986023
0.986023
0.986023
0.986023
0.986023
0.986023
0.986023
0.986023
0.986023
0.986023
0.986023
0.986023
0.986023
0.986023
0.986023
0.986023
0.986023
0.986023
0.986023
0.986023
0.986023
0.986023
0.986023
0.986023
0.986023
0.986023
0.986023
0.986023
0.986023
0.986023
0.986023
0.986023
0.986023
0.986023
0.986023
0.986023
0.986023
0.986023
0.986023
0.986023
0.986023
0.986023
0.986023
0.986023
0.986023
0.986023
0.986023
0.986023
0.986023
0.986023
0.986023
0.986023
0.986023
0.986023
0.986023
0.986023
0.986023
0.986023
0.986023
0.986023
0.986023
0.986023
0.986023
0.986023
0.986023
0.986023
0.986023
0.986023
0.986023
0.986023
0.986023
0.986023
0.986023
0.986023
0.986023
0.986023
0.986023
0.986023
0.986023
0.986023
0.986023
0.986023
0.986023
0.986023
0.986023
0.986023
0.986023
0.986023
0.986023
0.986023
0.986023
0.986023
0.986023
0.986023
0.986023
0.986023
0.986023
0.986023
0.986023
0.986023
0.986023
0.986023
0.986023
0.986023
0.986023
0.986023
0.986023
0.986023
0.986023
0.986023
0.986023
0.986023
0.986023
0.986023
0.986023
0.986023
0.986023
0.986023
0.986023
0.986023
0.986023
0.986023
0.986023
0.986023
0.986023
0.986023
0.986023
0.986023
0.986023
0.986023
0.986053
0.986298
0.986542
0.986786
0.98703
0.987274
0.987518
