0
0
0
0
0
3.05177e-05
0.000274658
0.000610352
0.00128174
0.00247192
0.0043335
0.00701904
0.0106812
0.0155029
0.0215149
0.0288391
0.0375061
0.0475769
0.059082
0.071991
0.0863037
0.110321
0.118988
0.137238
0.156708
0.177338
0.210297
0.221832
0.245575
0.282837
0.308716
0.335358
0.362671
0.390594
0.419098
0.44809
0.477509
0.507294
0.537415
0.56778
0.598297
0.629059
0.659821
0.690582
0.721344
0.752106
0.782745
0.813263
0.843536
0.873535
0.903229
0.932617
0.961578
0.990143
1.03217
1.0459
1.07297
1.11249
1.12537
1.15063
1.17523
1.21075
1.22223
1.25549
1.27664
1.28693
1.31647
1.32587
1.35278
1.3696
1.38547
1.40036
1.41428
1.42722
1.43918
1.45016
1.46017
1.46921
1.47726
1.48434
1.49045
1.49557
1.49973
1.5029
1.5051
1.50632
1.50659
1.50598
1.50443
1.50198
1.49869
1.49213
1.4895
1.4837
1.47711
1.46576
1.46161
1.45279
1.4433
1.43311
1.42233
1.405
1.39893
1.38641
1.37335
1.35284
1.34579
1.32401
1.31656
1.30139
1.27805
1.27011
1.24594
1.22958
1.21298
1.19629
1.17944
1.1626
1.1456
1.12851
1.11142
1.09451
1.07767
1.06082
1.04422
1.02771
1.01135
0.995239
0.97934
0.963715
0.948364
0.933319
0.918549
0.904114
0.890045
0.876312
0.862976
0.850037
0.837494
0.825409
0.813751
0.802551
0.791809
0.781555
0.77179
0.762512
0.753723
0.745483
0.737732
0.73053
0.723846
0.717682
0.712067
0.70697
0.702393
0.698364
0.694885
0.691925
0.689484
0.687561
0.686157
0.685272
0.684906
0.685272
0.685638
0.686737
0.688324
0.691589
0.694336
0.695862
0.701111
0.705139
0.709564
0.714355
0.719574
0.725128
0.731049
0.7341
0.743805
0.750671
0.757812
0.765228
0.772888
0.780762
0.788849
0.79715
0.805664
0.814301
0.82309
0.832031
0.841064
0.850159
0.859436
0.868713
0.877991
0.887268
0.901184
0.905823
0.9151
0.929016
0.933655
0.942871
0.951904
0.965363
0.974152
0.982819
0.991364
0.999695
1.00385
1.01587
1.01978
1.03125
1.0386
1.04575
1.05267
1.05936
1.06583
1.07205
1.07803
1.08374
1.0892
1.09439
1.0993
1.10391
1.10825
1.1123
1.11606
1.11954
1.12271
1.12558
1.12814
1.13043
1.13242
1.13406
1.13544
1.13654
1.13733
1.13785
1.13806
1.138
1.13766
1.13708
1.13623
1.13513
1.13379
1.13217
1.13034
1.12827
1.12598
1.12347
1.12076
1.11783
1.11469
1.11136
1.10788
1.10422
1.10037
1.09644
1.09021
1.08804
1.08365
1.07687
1.07455
1.06992
1.06509
1.06021
1.05289
1.05045
1.04279
1.03766
1.03253
1.0274
1.02484
1.01715
1.01202
1.00711
1.00223
0.997345
0.992462
0.987671
0.983032
0.978394
0.973755
0.96936
0.964966
0.960602
0.956451
0.952301
0.948273
0.944366
0.94046
0.934967
0.933136
0.929657
0.924591
0.923004
0.918335
0.91687
0.913971
0.911285
0.907501
0.905182
0.904083
0.901031
0.8992
0.897522
0.896057
0.894745
0.893585
0.892609
0.891815
0.891144
0.890656
0.890381
0.890228
0.890228
0.890442
0.890747
0.891235
0.891876
0.892609
0.893555
0.894562
0.895782
0.897064
0.898529
0.900055
0.901764
0.903503
0.905457
0.90741
0.909546
0.911743
0.91394
0.916382
0.918823
0.921265
0.923889
0.926575
0.92926
0.931946
0.936157
0.937622
0.940552
0.944946
0.947876
0.950806
0.953735
0.956665
0.95813
0.962524
0.963989
0.968384
0.971069
0.973755
0.97644
0.979126
0.981781
0.984222
0.986664
0.989105
0.991516
0.993713
0.995911
0.998108
1.00113
1.00211
1.00406
1.00684
1.00769
1.0094
1.01111
1.01263
1.0141
1.01556
1.01694
1.01816
1.01938
1.0206
1.02209
1.02307
1.02405
1.02448
1.02557
1.02594
1.02701
1.0275
1.02798
1.02823
1.02872
1.02914
1.02927
1.02951
1.02979
1.02979
1.02979
1.02979
1.02975
1.02951
1.02927
1.02902
1.02878
1.02841
1.02792
1.02744
1.0267
1.02646
1.02594
1.02521
1.02448
1.02374
1.02301
1.02228
1.02118
1.02069
1.01923
1.01874
1.01776
1.0163
1.01581
1.01434
1.01385
1.01239
1.01141
1.01035
1.00912
1.0079
1.00729
1.00607
1.00485
1.00363
1.0018
1.00119
0.999969
0.998749
0.996918
0.995697
0.995087
0.993256
0.992035
0.990814
0.989594
0.988373
0.987152
0.985931
0.984711
0.98349
0.982269
0.981049
0.980072
0.979095
0.978119
0.977142
0.976166
0.975189
0.974213
0.973236
0.97226
0.971283
0.969818
0.96933
0.968353
0.967499
0.966766
0.966034
0.964935
0.964203
0.963837
0.963104
0.962372
0.961639
0.960663
0.960175
0.95993
0.959198
0.95871
0.958221
0.957733
0.957245
0.956848
0.956604
0.95636
0.956116
0.955872
0.955627
0.955383
0.955139
0.955017
0.955017
0.955017
0.955017
0.955017
0.955017
0.955017
0.955017
0.955017
0.955261
0.955505
0.95575
0.955994
0.956238
0.956482
0.956726
0.95697
0.957214
0.957458
0.957855
0.958344
0.958832
0.95932
0.959808
0.960297
0.960785
0.961273
0.961761
0.96225
0.962738
0.963226
0.963959
0.964203
0.964691
0.965424
0.965668
0.966156
0.966888
0.967377
0.967621
0.968109
0.968597
0.96933
0.969818
0.970306
0.970795
0.971283
0.971771
0.97226
0.972748
0.973236
0.973724
0.974213
0.974701
0.975189
0.975677
0.976166
0.976654
0.977142
0.977631
0.978119
0.978607
0.979095
0.979584
0.980072
0.98056
0.981293
0.981781
0.982025
0.982758
0.983246
0.983734
0.98407
0.984314
0.984558
0.984802
0.985046
0.985291
0.985535
0.985779
0.986023
0.986267
0.986389
0.986755
0.987
0.987244
0.987488
0.987732
0.987976
0.98822
0.988464
0.988708
0.988708
0.988708
0.988708
0.988708
0.988708
0.988708
0.988708
0.988708
0.988708
0.988708
0.988708
0.988708
0.988708
0.988708
0.988708
0.988708
0.988708
0.988708
0.988708
0.988708
0.988708
0.988708
0.988708
0.988708
0.988708
0.988708
0.988708
0.988708
0.988403
0.988159
0.987915
0.987671
0.987427
0.987183
0.986938
0.986694
0.98645
0.986206
0.985962
0.985718
0.985474
0.985229
0.984985
0.984741
0.984375
0.984253
0.984009
0.983643
0.983521
0.983154
0.983032
0.982788
0.982422
0.9823
0.982056
0.981812
0.981567
0.981201
0.980957
0.980713
0.980469
0.980225
0.97998
0.979736
0.979492
0.979248
0.979004
0.97876
0.978516
0.978394
0.978394
0.978394
0.978394
0.978394
0.978394
0.978394
0.978394
0.978394
0.978394
0.978394
0.978394
0.978394
0.978394
0.978394
0.978394
0.978394
0.978394
0.978394
0.978394
0.978394
0.978394
0.978394
0.978394
0.978394
0.978394
0.978394
0.978394
0.978394
0.978394
0.978394
0.978394
0.978394
0.978394
0.978394
0.978394
0.978394
0.978394
0.978394
0.978394
0.978394
0.978394
0.978394
0.978394
0.978394
0.978394
0.978394
0.978394
0.978394
0.978394
0.978394
0.978394
0.978394
0.978394
0.978394
0.978394
0.978394
0.978394
0.978394
0.978394
0.978638
0.978882
0.979126
0.97937
0.979614
0.979858
0.980103
0.980347
0.980591
0.980835
0.981079
0.981323
0.981567
0.981689
0.982178
0.982422
0.982666
0.98291
0.983154
0.983398
0.983643
0.983887
0.984131
0.984375
0.984619
0.984863
0.985107
0.985352
0.985596
0.985657
0.985657
0.985657
0.985657
0.985657
0.985657
0.985657
0.985657
0.985657
0.985657
0.985657
0.985657
0.985657
0.985657
0.985657
0.985657
0.985657
0.985657
0.985657
0.985657
0.985657
0.985657
0.985657
0.985657
0.985657
0.985657
0.985657
0.985657
0.985657
0.985657
0.985657
0.985657
0.985657
0.985657
0.985657
0.985657
0.985657
0.985657
0.985657
0.985657
0.985657
0.985657
0.985657
0.985657
0.985657
0.985657
0.985657
0.985657
0.985657
0.985657
0.985657
0.985657
0.985657
0.985657
0.985657
0.985657
0.985657
0.985657
0.985657
0.985657
0.985657
0.985657
0.985657
0.985657
0.985657
0.985657
0.985657
0.985657
0.985657
0.985657
0.985657
0.985657
0.985657
0.985657
0.985657
0.985657
0.985657
0.985657
0.985657
0.985657
0.985657
0.985657
0.985657
0.985657
0.985657
0.985657
0.985657
0.985657
0.985657
0.985657
0.985657
0.985657
0.985657
0.985657
0.985657
0.985657
0.985657
0.985657
0.985657
0.985657
0.985657
0.985657
0.985657
0.985657
0.985657
0.985657
0.985657
0.985657
0.985657
0.985657
0.985657
0.985657
0.985657
0.985657
0.985657
0.985657
0.985657
0.985657
0.985657
0.985657
0.985657
0.985657
0.985657
0.985657
0.985657
0.985657
0.985657
0.985657
0.985657
0.985657
0.985657
0.985657
0.985657
0.985657
0.985657
0.985657
0.985657
0.985657
0.985657
0.985657
0.985657
0.985657
0.985657
0.985657
0.985657
0.985657
0.985657
0.985657
0.985657
0.985657
0.985657
0.985657
0.985657
0.985657
0.985657
0.985657
0.985657
0.985657
0.985657
0.985657
0.985657
0.985657
0.985657
0.985657
0.985657
0.985657
0.985657
0.985657
0.985657
0.985657
0.985657
0.985657
0.985657
0.985657
0.985657
0.985657
0.985657
0.985657
0.985657
0.985657
0.985657
0.985657
0.985657
0.985657
0.985657
0.985657
0.985657
0.985657
0.985657
0.985657
0.985657
0.985657
0.985657
0.985657
0.985657
0.985657
0.985657
0.985657
0.985657
0.985657
0.985657
0.985657
0.985657
0.985657
0.985657
0.985657
0.985657
0.985657
0.985657
0.985657
0.985657
0.985657
0.985657
0.985657
0.985657
0.985657
0.985657
0.985657
0.985657
0.985657
0.985657
0.985657
0.985657
0.985657
0.985657
0.985657
0.985657
0.985657
0.985657
0.985657
0.985657
0.985657
0.985657
0.985657
0.985657
0.985657
0.985657
0.985657
0.985657
0.985657
0.985992
0.986115
0.986359
0.986603
0.986847
0.987213
0.987335
0.987701
0.987946
0.98819
0.988434
0.988678
0.988922
0.989166
0.98941
0.989594
0.989594
0.989594
0.989594
0.989594
0.989594
0.989594
0.989594
