0
0
0
0
0
0
0.000152588
0.000396728
0.00088501
0.00247192
0.0032959
0.00701904
0.0106812
0.0155029
0.0215149
0.0288391
0.0375061
0.0531616
0.059082
0.0789795
0.0939636
0.110321
0.12796
0.14682
0.16687
0.188049
0.210266
0.233459
0.257629
0.282654
0.308472
0.335052
0.376129
0.404297
0.433014
0.462189
0.491821
0.52179
0.552094
0.582611
0.613373
0.644196
0.675201
0.706207
0.752533
0.783295
0.813843
0.844177
0.874268
0.903992
0.93338
0.962341
0.990845
1.01883
1.04623
1.07306
1.09927
1.12485
1.14972
1.17389
1.19733
1.23102
1.2525
1.27316
1.293
1.31198
1.33008
1.34729
1.36359
1.38629
1.40021
1.41318
1.42526
1.43637
1.4465
1.45557
1.46362
1.4707
1.47681
1.48193
1.48795
1.48947
1.49179
1.49347
1.49347
1.49258
1.49179
1.48956
1.48462
1.48029
1.47516
1.46924
1.46255
1.45511
1.44693
1.43811
1.42862
1.41849
1.40771
1.3905
1.38449
1.3721
1.35922
1.33902
1.32501
1.31064
1.2959
1.28085
1.26553
1.24994
1.2341
1.21808
1.20197
1.19379
1.16107
1.1445
1.1279
1.1113
1.0947
1.07822
1.06186
1.0455
1.02936
1.0054
0.997498
0.981873
0.966492
0.951385
0.92923
0.922028
0.900848
0.893951
0.87384
0.86087
0.848328
0.836212
0.824524
0.813263
0.80246
0.792145
0.782318
0.77298
0.76413
0.755829
0.748016
0.740723
0.733948
0.727692
0.721985
0.716797
0.712128
0.707977
0.702759
0.701263
0.698669
0.696594
0.695038
0.693665
0.693359
0.693542
0.694214
0.695343
0.69693
0.699005
0.701508
0.704437
0.707794
0.713623
0.715759
0.720306
0.727844
0.73053
0.739075
0.742096
0.748352
0.75827
0.765228
0.77243
0.776093
0.787537
0.79538
0.803436
0.811676
0.820007
0.828552
0.837128
0.845917
0.854706
0.863495
0.872467
0.8815
0.890533
0.899567
0.9086
0.917633
0.926422
0.935211
0.944
0.952728
0.961273
0.969818
0.978119
0.986359
0.994415
1.00229
1.01004
1.01761
1.02493
1.03207
1.03903
1.04578
1.05548
1.05862
1.06473
1.07059
1.07623
1.08163
1.08679
1.09171
1.09637
1.10284
1.10489
1.10873
1.11401
1.11716
1.12003
1.12262
1.12494
1.12698
1.12872
1.13016
1.13132
1.1322
1.13281
1.13315
1.13321
1.133
1.13254
1.13181
1.13083
1.12961
1.12814
1.12643
1.12448
1.12231
1.11993
1.11734
1.11456
1.11163
1.10846
1.10513
1.09985
1.09802
1.09229
1.09033
1.08417
1.07999
1.07559
1.07339
1.06665
1.06201
1.05737
1.05273
1.04797
1.04309
1.03821
1.03333
1.02844
1.02356
1.01868
1.01382
1.00919
1.00455
0.999908
0.99527
0.990631
0.986237
0.981842
0.977448
0.971069
0.968994
0.964844
0.960754
0.956848
0.950989
0.947296
0.945465
0.940033
0.936615
0.933197
0.929993
0.926819
0.923828
0.920898
0.918182
0.915527
0.911865
0.909637
0.907501
0.905548
0.903778
0.90213
0.900665
0.899384
0.898224
0.897247
0.896454
0.895782
0.895294
0.894958
0.894745
0.894745
0.894867
0.895325
0.895813
0.896088
0.89682
0.897644
0.899109
0.900299
0.90152
0.902985
0.904449
0.906097
0.907806
0.909637
0.911591
0.913544
0.91571
0.919006
0.920105
0.922455
0.926117
0.928558
0.929779
0.933685
0.935028
0.939056
0.941742
0.944427
0.947113
0.949799
0.952484
0.95517
0.957855
0.960541
0.963226
0.965912
0.969788
0.972229
0.97467
0.977112
0.979553
0.981873
0.98407
0.986267
0.988464
0.990601
0.99353
0.994507
0.997437
0.999176
1.00089
1.00259
1.00427
1.00574
1.0072
1.00867
1.01004
1.01126
1.01248
1.01248
1.01477
1.01575
1.01672
1.0177
1.01849
1.01923
1.01996
1.02069
1.02124
1.02173
1.02222
1.02271
1.02307
1.02332
1.02356
1.0238
1.02405
1.02405
1.02405
1.02405
1.02405
1.02402
1.02377
1.02353
1.02316
1.02292
1.02261
1.02213
1.02164
1.02115
1.02066
1.02017
1.01968
1.01898
1.01825
1.01752
1.01678
1.01605
1.01532
1.01459
1.01385
1.01312
1.01215
1.01117
1.0097
1.00873
1.00775
1.00677
1.0058
1.00482
1.00385
1.00287
1.00189
1.00043
0.999451
0.998474
0.997498
0.996521
0.995544
0.994568
0.993591
0.992615
0.991638
0.990662
0.989685
0.988708
0.987732
0.986755
0.985291
0.984802
0.983826
0.982849
0.981873
0.980408
0.979919
0.978455
0.977478
0.976501
0.975525
0.975037
0.973572
0.972839
0.972107
0.971375
0.970642
0.96991
0.969177
0.968445
0.967712
0.96698
0.966248
0.965515
0.964844
0.964355
0.963867
0.963379
0.962891
0.962402
0.961914
0.961426
0.960938
0.960449
0.959961
0.959839
0.959595
0.959351
0.959106
0.95874
0.958618
0.958374
0.95813
0.957916
0.957916
0.957916
0.957916
0.957916
0.957916
0.957916
0.957916
0.957916
0.957916
0.958099
0.958344
0.958588
0.958832
0.959076
0.959442
0.959686
0.95993
0.960175
0.960419
0.960663
0.960907
0.961243
0.961731
0.962219
0.962708
0.963196
0.963684
0.964172
0.964661
0.965393
0.965637
0.966125
0.966858
0.967102
0.967834
0.968323
0.968811
0.969299
0.969788
0.970276
0.970764
0.971252
0.971741
0.972229
0.972717
0.973206
0.973694
0.974182
0.97467
0.975159
0.975647
0.976135
0.976624
0.977112
0.9776
0.978088
0.978577
0.979065
0.979553
0.980042
0.98053
0.981018
0.981506
0.981995
0.982422
0.982544
0.98291
0.983154
0.983398
0.983643
0.983887
0.984131
0.984375
0.984619
0.984863
0.985107
0.985352
0.985596
0.98584
0.986084
0.986328
0.986572
0.986816
0.987061
0.987305
0.987549
0.98764
0.98764
0.98764
0.98764
0.98764
0.98764
0.98764
0.98764
0.98764
0.98764
0.98764
0.98764
0.98764
0.98764
0.98764
0.98764
0.98764
0.98764
0.98764
0.98764
0.98764
0.98764
0.98764
0.98764
0.98764
0.98764
0.98764
0.98764
0.98764
0.98764
0.98764
0.98764
0.98764
0.987427
0.987061
0.986816
0.986572
0.986328
0.986084
0.98584
0.985596
0.985352
0.985107
0.984863
0.984619
0.984375
0.984009
0.983887
0.983643
0.983398
0.983154
0.982788
0.982666
0.982422
0.982178
0.981934
0.981567
0.981323
0.980957
0.980713
0.980347
0.980225
0.97998
0.979614
0.97937
0.97934
0.97934
0.97934
0.97934
0.97934
0.97934
0.97934
0.97934
0.97934
0.97934
0.97934
0.97934
0.97934
0.97934
0.97934
0.97934
0.97934
0.97934
0.97934
0.97934
0.97934
0.97934
0.97934
0.97934
0.97934
0.97934
0.97934
0.97934
0.97934
0.97934
0.97934
0.97934
0.97934
0.97934
0.97934
0.97934
0.97934
0.97934
0.97934
0.97934
0.97934
0.97934
0.97934
0.97934
0.97934
0.97934
0.97934
0.97934
0.97934
0.97934
0.97934
0.97934
0.97934
0.97934
0.97934
0.97934
0.97934
0.97934
0.97934
0.97934
0.97934
0.97934
0.97934
0.97934
0.97934
0.97934
0.97934
0.97934
0.97934
0.97934
0.97934
0.97934
0.97934
0.979401
0.979645
0.979889
0.980133
0.980377
0.980621
0.980865
0.98111
0.981354
0.981598
0.981842
0.982086
0.98233
0.982574
0.982819
0.983063
0.983307
0.983551
0.983795
0.984039
0.984283
0.984528
0.984772
0.985016
0.98526
0.985626
0.985626
0.985626
0.985626
0.985626
0.985626
0.985626
0.985626
0.985626
0.985626
0.985626
0.985626
0.985626
0.985626
0.985626
0.985626
0.985626
0.985626
0.985626
0.985626
0.985626
0.985626
0.985626
0.985626
0.985626
0.985626
0.985626
0.985626
0.985626
0.985626
0.985626
0.985626
0.985626
0.985626
0.985626
0.985626
0.985626
0.985626
0.985626
0.985626
0.985626
0.985626
0.985626
0.985626
0.985626
0.985626
0.985626
0.985626
0.985626
0.985626
0.985626
0.985626
0.985626
0.985626
0.985626
0.985626
0.985626
0.985626
0.985626
0.985626
0.985626
0.985626
0.985626
0.985626
0.985626
0.985626
0.985626
0.985626
0.985626
0.985626
0.985626
0.985626
0.985626
0.985626
0.985626
0.985626
0.985626
0.985626
0.985626
0.985626
0.985626
0.985626
0.985626
0.985626
0.985626
0.985626
0.985626
0.985626
0.985626
0.985626
0.985626
0.985626
0.985626
0.985626
0.985626
0.985626
0.985626
0.985626
0.985626
0.985626
0.985626
0.985626
0.985626
0.985626
0.985626
0.985626
0.985626
0.985626
0.985626
0.985626
0.985626
0.985626
0.985626
0.985626
0.985626
0.985626
0.985626
0.985626
0.985626
0.985626
0.985626
0.985626
0.985626
0.985626
0.985626
0.985626
0.985626
0.985626
0.985626
0.985626
0.985626
0.985626
0.985626
0.985626
0.985626
0.985626
0.985626
0.985626
0.985626
0.985626
0.985626
0.985626
0.985626
0.985626
0.985626
0.985626
0.985626
0.985626
0.985626
0.985626
0.985626
0.985626
0.985626
0.985626
0.985626
0.985626
0.985626
0.985626
0.985626
0.985626
0.985626
0.985626
0.985626
0.985626
0.985626
0.985626
0.985626
0.985626
0.985626
0.985626
0.985626
0.985626
0.985626
0.985626
0.985626
0.985626
0.985626
0.985626
0.985626
0.985626
0.985626
0.985626
0.985626
0.985626
0.985626
0.985626
0.985626
0.985626
0.985626
0.985626
0.985626
0.985626
0.985626
0.985626
0.985626
0.985626
0.985626
0.985626
0.985626
0.985626
0.985626
0.985626
0.985626
0.985626
0.985626
0.985626
0.985626
0.985626
0.985626
0.985626
0.985626
0.985626
0.985626
0.985626
0.985626
0.985626
0.985626
0.985626
0.985626
0.985626
0.985626
0.985626
0.985626
0.985626
0.985626
0.98584
0.986084
0.986328
0.986572
0.986816
0.987061
0.987305
0.987671
0.987915
0.988159
0.988403
0.988647
0.988892
0.989136
0.98938
0.989563
0.989563
0.989563
0.989563
0.989563
0.989563
0.989563
0.989563
0.989563
0.989563
0.989563
0.989563
0.989563
0.989563
0.989563
0.989563
0.989563
0.989563
0.989563
0.989563
0.989563
0.989563
0.989563
0.989563
0.989563
0.989563
0.989563
