0
0
0
0
0
6.10349e-05
0.000305176
0.000640869
0.00131226
0.00250244
0.00436401
0.00704956
0.0107117
0.0155334
0.0215454
0.0288696
0.0375366
0.0476074
0.0591125
0.0720215
0.0939941
0.10202
0.119019
0.146851
0.166901
0.18811
0.210327
0.233582
0.257751
0.282806
0.308685
0.335266
0.362549
0.390411
0.418823
0.447754
0.477081
0.506775
0.536804
0.567108
0.597626
0.628357
0.659119
0.68988
0.720642
0.751404
0.782166
0.812744
0.84314
0.873291
0.903168
0.932739
0.961914
0.990662
1.01898
1.04678
1.07407
1.10074
1.12683
1.15225
1.177
1.21277
1.2243
1.24683
1.26852
1.2894
1.31915
1.33786
1.34689
1.36423
1.38068
1.39618
1.41071
1.42426
1.43683
1.44843
1.46399
1.47314
1.48129
1.48837
1.49448
1.4996
1.50375
1.50693
1.50912
1.51038
1.51074
1.51013
1.50861
1.50616
1.50287
1.49869
1.49368
1.48785
1.4812
1.47379
1.46564
1.45676
1.4472
1.43698
1.42612
1.41461
1.40256
1.38992
1.37677
1.36313
1.34903
1.3345
1.31958
1.30429
1.28867
1.27274
1.24838
1.24014
1.22354
1.20673
1.18985
1.16422
1.15567
1.13858
1.12149
1.1044
1.07877
1.06177
1.04492
1.02823
1.01166
0.9953
0.979187
0.963348
0.947784
0.932495
0.917511
0.902863
0.88858
0.874695
0.861176
0.848083
0.835388
0.82312
0.81131
0.799957
0.789093
0.778717
0.768829
0.75943
0.750519
0.742157
0.734283
0.726959
0.720154
0.713867
0.70813
0.700562
0.698303
0.692322
0.689026
0.686279
0.684052
0.683136
0.681183
0.680511
0.680389
0.680756
0.68161
0.682953
0.684784
0.687103
0.689911
0.693146
0.696838
0.700928
0.705444
0.710358
0.715637
0.721313
0.727325
0.733673
0.740356
0.743774
0.75827
0.76593
0.773834
0.781952
0.790253
0.798798
0.807526
0.816376
0.825409
0.834534
0.843811
0.857758
0.867279
0.87204
0.886322
0.895844
0.905365
0.914886
0.924408
0.933929
0.943207
0.952484
0.96167
0.970703
0.979614
0.992706
0.996979
1.0054
1.01364
1.0217
1.03333
1.03711
1.04449
1.05515
1.06195
1.06851
1.07483
1.0809
1.0867
1.09225
1.09753
1.10254
1.10727
1.11169
1.11578
1.1196
1.12311
1.12634
1.12924
1.13184
1.13412
1.13614
1.13782
1.13919
1.14029
1.14108
1.1416
1.14182
1.14175
1.14142
1.14081
1.13992
1.13809
1.13657
1.1348
1.13278
1.13052
1.12805
1.12537
1.12244
1.11932
1.11603
1.11432
1.10889
1.10504
1.10107
1.09692
1.09265
1.08826
1.08139
1.07907
1.07437
1.06949
1.06461
1.05713
1.05457
1.04944
1.04431
1.03918
1.03149
1.02893
1.02124
1.01611
1.01099
1.00586
1.00098
0.996094
0.991211
0.986359
0.979401
0.974762
0.972443
0.965851
0.961456
0.957245
0.953094
0.948975
0.945068
0.941162
0.937439
0.933777
0.930237
0.926819
0.923523
0.920349
0.917358
0.914429
0.911743
0.909149
0.906708
0.90448
0.902374
0.900421
0.898682
0.897095
0.89563
0.894409
0.893341
0.892029
0.891663
0.890839
0.890625
0.890381
0.890289
0.890442
0.890564
0.891174
0.891754
0.892487
0.893402
0.894379
0.895599
0.896851
0.898315
0.899811
0.90152
0.903229
0.905151
0.907104
0.90918
0.911377
0.913574
0.915955
0.918396
0.920837
0.92337
0.926056
0.928741
0.931427
0.934113
0.93692
0.93985
0.944244
0.947174
0.950104
0.953033
0.955963
0.960358
0.963287
0.966217
0.968903
0.971588
0.974274
0.976959
0.979645
0.982147
0.984589
0.98703
0.989471
0.991699
0.993896
0.996094
0.99823
1.00018
1.00214
1.00409
1.00586
1.00757
1.00928
1.01093
1.01239
1.01385
1.01532
1.01663
1.01785
1.01907
1.02075
1.02124
1.02222
1.02319
1.02441
1.02478
1.02551
1.02625
1.02679
1.02753
1.02777
1.02826
1.02853
1.02878
1.02914
1.02927
1.0293
1.0293
1.0293
1.0293
1.02905
1.02881
1.02856
1.02832
1.02798
1.0275
1.02701
1.02652
1.02603
1.02554
1.02484
1.02411
1.02338
1.02264
1.02191
1.02118
1.02045
1.01947
1.01849
1.01703
1.01654
1.01556
1.01459
1.01361
1.01263
1.01117
1.01068
1.0097
1.008
1.00739
1.00616
1.00494
1.00311
1.0025
1.00067
0.999451
0.99823
0.997009
0.995789
0.994568
0.993347
0.992126
0.990906
0.989685
0.988464
0.987244
0.986023
0.984802
0.983582
0.982574
0.981598
0.980621
0.979645
0.978668
0.977692
0.976715
0.975739
0.974762
0.973785
0.972809
0.971832
0.970856
0.969879
0.968903
0.96814
0.967407
0.966675
0.965942
0.964844
0.964478
0.963745
0.963013
0.961914
0.961273
0.960785
0.960297
0.959808
0.95932
0.958832
0.958344
0.957855
0.957367
0.957123
0.956879
0.956635
0.95639
0.956146
0.955902
0.955658
0.955414
0.955383
0.955383
0.955383
0.955383
0.955383
0.955383
0.955383
0.955383
0.955444
0.955688
0.955933
0.956299
0.956543
0.956787
0.957031
0.957275
0.95752
0.957764
0.958069
0.958557
0.959045
0.959534
0.960022
0.96051
0.960999
0.961487
0.961975
0.962708
0.963196
0.963684
0.964172
0.964661
0.965149
0.965637
0.966125
0.966858
0.967102
0.967834
0.968323
0.968811
0.969299
0.969788
0.970276
0.970764
0.971252
0.971741
0.972229
0.972717
0.973206
0.973694
0.974182
0.97467
0.975159
0.975647
0.976135
0.976868
0.977356
0.9776
0.978333
0.978821
0.979065
0.979553
0.980286
0.980774
0.981262
0.98175
0.982239
0.982727
0.983215
0.983704
0.983948
0.984192
0.984436
0.98468
0.984924
0.985168
0.985413
0.985657
0.985901
0.986145
0.986511
0.986633
0.986877
0.987244
0.987366
0.98761
0.987976
0.98822
0.988464
0.988617
0.988617
0.988617
0.988617
0.988617
0.988617
0.988617
0.988617
0.988617
0.988617
0.988617
0.988617
0.988617
0.988617
0.988617
0.988617
0.988617
0.988617
0.988617
0.988617
0.988617
0.988617
0.988617
0.988617
0.988617
0.988617
0.988617
0.988617
0.988586
0.988342
0.988098
0.987854
0.98761
0.987366
0.987122
0.986877
0.986633
0.986389
0.986145
0.985901
0.985657
0.985291
0.985046
0.984802
0.984558
0.984314
0.98407
0.983826
0.983582
0.983337
0.982849
0.982727
0.982361
0.982117
0.981873
0.981628
0.981384
0.98114
0.980896
0.980652
0.980408
0.980164
0.979919
0.979553
0.979309
0.979065
0.978821
0.978577
0.978546
0.978546
0.978546
0.978546
0.978546
0.978546
0.978546
0.978546
0.978546
0.978546
0.978546
0.978546
0.978546
0.978546
0.978546
0.978546
0.978546
0.978546
0.978546
0.978546
0.978546
0.978546
0.978546
0.978546
0.978546
0.978546
0.978546
0.978546
0.978546
0.978546
0.978546
0.978546
0.978546
0.978546
0.978546
0.978546
0.978546
0.978546
0.978546
0.978546
0.978546
0.978546
0.978546
0.978546
0.978546
0.978546
0.978546
0.978546
0.978546
0.978546
0.978546
0.978546
0.978546
0.978546
0.978546
0.978546
0.978546
0.978546
0.978546
0.978638
0.97876
0.979126
0.979248
0.979614
0.979858
0.980103
0.980347
0.980591
0.980835
0.981079
0.981445
0.981567
0.981812
0.982056
0.982422
0.982666
0.98291
0.983154
0.983398
0.983643
0.983887
0.984131
0.984375
0.984619
0.984863
0.985229
0.985474
0.985718
0.985718
0.985718
0.985718
0.985718
0.985718
0.985718
0.985718
0.985718
0.985718
0.985718
0.985718
0.985718
0.985718
0.985718
0.985718
0.985718
0.985718
0.985718
0.985718
0.985718
0.985718
0.985718
0.985718
0.985718
0.985718
0.985718
0.985718
0.985718
0.985718
0.985718
0.985718
0.985718
0.985718
0.985718
0.985718
0.985718
0.985718
0.985718
0.985718
0.985718
0.985718
0.985718
0.985718
0.985718
0.985718
0.985718
0.985718
0.985718
0.985718
0.985718
0.985718
0.985718
0.985718
0.985718
0.985718
0.985718
0.985718
0.985718
0.985718
0.985718
0.985718
0.985718
0.985718
0.985718
0.985718
0.985718
0.985718
0.985718
0.985718
0.985718
0.985718
0.985718
0.985718
0.985718
0.985718
0.985718
0.985718
0.985718
0.985718
0.985718
0.985718
0.985718
0.985718
0.985718
0.985718
0.985718
0.985718
0.985718
0.985718
0.985718
0.985718
0.985718
0.985718
0.985718
0.985718
0.985718
0.985718
0.985718
0.985718
0.985718
0.985718
0.985718
0.985718
0.985718
0.985718
0.985718
0.985718
0.985718
0.985718
0.985718
0.985718
0.985718
0.985718
0.985718
0.985718
0.985718
0.985718
0.985718
0.985718
0.985718
0.985718
0.985718
0.985718
0.985718
0.985718
0.985718
0.985718
0.985718
0.985718
0.985718
0.985718
0.985718
0.985718
0.985718
0.985718
0.985718
0.985718
0.985718
0.985718
0.985718
0.985718
0.985718
0.985718
0.985718
0.985718
0.985718
0.985718
0.985718
0.985718
0.985718
0.985718
0.985718
0.985718
0.985718
0.985718
0.985718
0.985718
0.985718
0.985718
0.985718
0.985718
0.985718
0.985718
0.985718
0.985718
0.985718
0.985718
0.985718
0.985718
0.985718
0.985718
0.985718
0.985718
0.985718
0.985718
0.985718
0.985718
0.985718
0.985718
0.985718
0.985718
0.985718
0.985718
0.985718
0.985718
0.985718
0.985718
0.985718
0.985718
0.985718
0.985718
0.985718
0.985718
0.985718
0.985718
0.985718
0.985718
0.985718
0.985718
0.985718
0.985718
0.985718
0.985718
0.985718
0.985718
0.985718
0.985718
0.985718
0.985718
0.985718
0.985718
0.985718
0.985718
0.985718
0.985718
0.985718
0.985718
0.985718
0.985718
0.985718
0.985718
0.985718
0.985718
0.985718
0.985718
0.985718
0.985718
0.985718
0.985718
0.985718
0.985718
0.985718
0.985718
0.985718
0.985718
0.985718
0.985718
0.98584
0.986084
0.986328
0.986572
0.986816
0.987061
0.987427
0.987549
0.987793
0.988037
0.988403
0.988647
0.988892
0.989136
0.98938
0.989624
0.989838
0.989838
0.989838
0.989838
0.989838
0.989838
0.989838
0.989838
0.989838
0.989838
0.989838
0.989838
0.989838
0.989838
0.989838
0.989838
