0
1.52588e-05
6.10353e-05
9.15526e-05
0.00012207
0.000152588
0.000194549
0.000354767
0.000808716
0.00176239
0.0034523
0.00611496
0.00998306
0.0152664
0.0262299
0.0307693
0.041275
0.0537491
0.0682411
0.0937958
0.103317
0.123802
0.157982
0.170235
0.209316
0.223045
0.266006
0.295895
0.326557
0.357788
0.389385
0.437084
0.4688
0.50024
0.531231
0.561604
0.591213
0.619881
0.647423
0.673698
0.710484
0.733135
0.754242
0.773785
0.791759
0.808186
0.823078
0.829948
0.848312
0.858727
0.86776
0.875484
0.882
0.887421
0.89185
0.895374
0.89809
0.900097
0.901478
0.902332
0.902744
0.902798
0.902569
0.902134
0.901562
0.900913
0.900242
0.899597
0.899025
0.898567
0.898163
0.898121
0.898285
0.898666
0.899277
0.900116
0.901199
0.902508
0.904041
0.905788
0.907738
0.909874
0.912182
0.915928
0.918583
0.921349
0.924198
0.927113
0.930069
0.933044
0.936005
0.93895
0.941845
0.946064
0.94743
0.951389
0.953903
0.956303
0.958591
0.960758
0.962788
0.964684
0.966442
0.96806
0.96954
0.970886
0.972107
0.973206
0.974186
0.975056
0.975826
0.976498
0.977081
0.977585
0.978008
0.978363
0.978775
0.978973
0.979122
0.979225
0.979279
0.979294
0.979271
0.979214
0.979126
0.979008
0.97879
0.978615
0.978432
0.978218
0.978004
0.977783
0.977539
0.977295
0.977051
0.976807
0.976562
0.976318
0.976074
0.975849
0.975636
0.975315
0.975208
0.975021
0.974747
0.974655
0.974426
0.974274
0.974152
0.97403
0.973923
0.973831
0.97374
0.973679
0.973587
0.973553
0.973522
0.973492
0.973484
0.973484
0.973484
0.973484
0.973511
0.973541
0.973572
0.973602
0.973633
0.973663
0.973724
0.973785
0.973846
0.973907
0.973969
0.97403
0.974091
0.974182
0.974243
0.974274
0.974365
0.974426
0.974464
0.974495
0.974525
0.974556
0.974586
0.974617
0.974648
0.974678
0.974709
0.974754
0.97477
0.974815
0.974846
0.974876
0.974907
0.974937
0.974968
0.974998
0.975029
0.975075
0.975105
0.975136
0.975166
0.975197
0.975227
0.975258
0.975288
0.975319
0.975349
0.97538
0.97541
0.975441
0.975471
0.975517
0.975533
0.975563
0.975594
0.975624
0.97567
0.975685
0.975716
0.975746
0.975777
0.975822
0.975838
0.975868
0.975899
0.975945
0.975975
0.97599
0.976021
0.976051
0.976097
0.976128
0.976158
0.976189
0.976219
0.976234
0.97628
0.976311
0.976341
0.976372
0.976402
0.976433
0.976463
0.976494
0.976524
0.976555
0.976585
0.976616
0.976646
0.976677
0.976707
0.976738
0.976768
0.976799
0.97683
0.97686
0.976891
0.976921
0.976952
0.976982
0.977013
0.977043
0.977089
0.977104
0.977135
0.977165
0.977196
0.977242
0.977257
0.977287
0.977318
0.977348
0.977394
0.977425
0.97744
0.977486
0.977516
0.977547
0.977577
0.977608
0.977638
0.977669
0.977699
0.97773
0.97776
0.977791
0.977837
0.977867
0.977898
0.977928
0.977959
0.977989
0.97802
0.97805
0.978081
0.978111
0.978157
0.978188
0.978203
0.978233
0.978264
0.97831
0.97834
0.978397
0.978458
0.978519
0.97858
0.978642
0.978703
0.978794
0.978855
0.978916
0.978977
0.979027
0.979057
0.979088
0.979118
0.979149
0.979179
0.97921
0.979256
0.979271
0.979301
0.979347
0.979378
0.979408
0.979439
0.979469
0.9795
0.97953
0.979561
0.979591
0.979622
0.979652
0.979683
0.979713
0.979744
0.979774
0.979805
0.979836
0.979866
0.979897
0.979927
0.979958
0.979988
0.980034
0.980064
0.980095
0.980125
0.980156
0.980186
0.980217
0.980247
0.980278
0.980309
0.980339
0.98037
0.9804
0.980431
0.980461
0.980492
0.980522
0.980553
0.980583
0.980614
0.980644
0.980675
0.980705
0.980736
0.980766
0.980797
0.980827
0.980858
0.980888
0.980919
0.980949
0.98098
0.98101
0.981041
0.981087
0.981117
0.981148
0.981178
0.981194
0.981239
0.98127
0.9813
0.981331
0.981361
0.981392
0.981422
0.981453
0.981483
0.981514
0.981544
0.981575
0.981606
0.981636
0.981667
0.981697
0.981728
0.981758
0.981789
0.981819
0.98185
0.98188
0.981911
0.981941
0.981972
0.982002
0.982033
0.982063
0.982094
0.982124
0.982155
0.982185
0.982216
0.982246
0.982277
0.982323
0.982338
0.982368
0.982399
0.982445
0.982475
0.982491
0.982521
0.982567
0.982597
0.982628
0.982658
0.982689
0.982719
0.98275
0.98278
0.982811
0.982857
0.982872
0.982903
0.982933
0.982964
0.983009
0.983025
0.98307
0.983101
0.983131
0.983162
0.983192
0.983223
0.983253
0.983284
0.983315
0.983345
0.983376
0.983406
0.983437
0.983467
0.983498
0.983528
0.983559
0.983589
0.98362
0.98365
0.983681
0.983711
0.983742
0.983772
0.983803
0.983833
0.983864
0.983894
0.983925
0.983955
0.983986
0.984016
0.984047
0.984077
0.984108
0.984138
0.984169
0.9842
0.98423
0.984261
0.984306
0.984322
0.984352
0.984383
0.984428
0.984459
0.984489
0.98452
0.98455
0.984581
0.984612
0.984642
0.984688
0.984718
0.984749
0.984779
0.98481
0.98484
0.984871
0.984901
0.984932
0.984962
0.985008
0.985039
0.985069
0.9851
0.98513
0.985161
0.985191
0.985222
0.985252
0.985283
0.985313
0.985344
0.985374
0.985405
0.985435
0.985443
0.985443
0.985443
0.985443
0.985443
0.985443
0.985443
0.985443
0.985443
0.985443
0.985443
0.985443
0.985443
0.985455
0.9855
0.985531
0.985561
0.985577
0.985622
0.985653
0.985683
0.985714
0.985744
0.985775
0.985806
0.985836
0.985867
0.985897
0.985928
0.985958
0.985989
0.986019
0.98605
0.98608
0.986111
0.986141
0.986172
0.986202
0.986233
0.986263
0.986294
0.98634
0.98637
0.986401
0.986431
0.986462
0.986492
0.986523
0.986553
0.986584
0.986614
0.986645
0.986675
0.986721
0.986736
0.986767
0.986797
0.986843
0.986874
0.986904
0.986935
0.986965
0.986996
0.987007
0.987007
0.987007
0.987007
0.987007
0.987007
0.987007
0.987007
0.987007
0.987007
0.987007
0.987007
0.987007
0.987007
0.987007
0.987026
0.987057
0.987087
0.987118
0.987148
0.987179
0.987209
0.98724
0.98727
0.987301
0.987347
0.987377
0.987408
0.987438
0.987469
0.987499
0.98753
0.98756
0.987591
0.987621
0.987652
0.987682
0.987713
0.987743
0.987774
0.987804
0.987835
0.987865
0.987896
0.987942
0.987972
0.988003
0.988033
0.988064
0.988094
0.988125
0.988155
0.988186
0.988216
0.988247
0.988277
0.988289
0.988289
0.988289
0.988289
0.988289
0.988289
0.988289
0.988289
0.988289
0.988289
0.988289
0.988289
0.988289
0.988289
0.988289
0.988289
0.988289
0.988293
0.988323
0.988354
0.988384
0.988415
0.988445
0.988476
0.988506
0.988537
0.988567
0.988598
0.988628
0.988659
0.988689
0.98872
0.98875
0.988781
0.988811
0.988842
0.988873
0.988903
0.988934
0.988964
0.988995
0.989025
0.989071
0.989101
0.989132
0.989162
0.989193
0.989223
0.989254
0.989285
0.989315
0.989346
0.989376
0.98938
0.98938
0.98938
0.98938
0.98938
0.98938
0.98938
0.98938
0.98938
0.98938
0.98938
0.98938
0.98938
0.98938
0.98938
0.98938
0.98938
0.98938
0.98938
0.989403
0.989449
0.989479
0.98951
0.98954
0.989571
0.989601
0.989632
0.989662
0.989693
0.989738
0.989769
0.989784
0.989815
0.989845
0.989876
0.989922
0.989952
0.989967
0.989998
0.990044
0.990074
0.990105
0.990135
0.990166
0.990196
0.990227
0.990257
0.990261
0.990261
0.990261
0.990261
0.990261
0.990261
0.990261
0.990261
0.990261
0.990261
0.990261
0.990261
0.990261
0.990261
0.990261
0.990261
0.990261
0.990261
0.990261
0.990261
0.990276
0.990307
0.990337
0.990368
0.990398
0.990429
0.990459
0.990505
0.99052
0.990566
0.990597
0.990612
0.990658
0.990688
0.990719
0.990749
0.99078
0.99081
0.990841
0.990871
0.990902
0.990932
0.990963
0.990993
0.991024
0.991035
0.991035
0.991035
0.991035
0.991035
0.991035
0.991035
0.991035
0.991035
0.991035
0.991035
0.991035
0.991035
0.991035
0.991035
0.991035
0.991035
0.991035
0.991035
0.991035
0.991035
0.991035
0.991062
0.991093
0.991108
0.991138
0.991169
0.991199
0.991245
0.991261
0.991291
0.991337
0.991367
0.991383
0.991428
0.991459
0.991489
0.99152
0.99155
0.991581
0.991611
0.991642
0.991673
0.991703
0.991734
0.991764
0.991795
0.991798
0.991798
0.991798
0.991798
0.991798
0.991798
0.991798
0.991798
0.991798
0.991798
0.991798
0.991798
0.991798
0.991798
0.991798
0.991798
0.991798
0.991798
0.991798
0.991798
0.991798
0.991798
0.991814
0.991859
0.99189
0.991905
0.991936
0.991966
0.992012
0.992043
0.992073
0.992104
0.992134
0.992165
0.992195
0.992241
0.992271
0.992302
0.992332
0.992363
0.992393
0.992424
0.992455
0.992474
0.992474
0.992474
0.992474
0.992474
0.992474
0.992474
0.992474
0.992474
0.992474
0.992474
0.992474
0.992474
0.992474
0.992474
0.992474
0.992474
0.992474
0.992474
0.992474
0.992474
0.992474
0.992474
0.992474
0.992474
0.992474
0.992474
0.992504
0.992535
0.992565
0.992611
0.992641
0.992672
0.992702
0.992733
0.992764
0.992794
0.992825
0.992855
0.992886
0.992931
0.992947
0.992992
0.993023
0.993053
0.993084
0.993099
0.993099
0.993099
0.993099
0.993099
0.993099
0.993099
0.993099
0.993099
0.993099
0.993099
0.993099
0.993099
0.993099
0.993099
0.993099
0.993099
0.993099
0.993099
0.993099
0.993099
0.993099
0.993099
0.993099
0.993099
0.993099
0.993099
0.993099
0.993122
0.993153
0.993183
0.993214
0.993244
0.99329
0.99332
0.993351
0.993382
0.993412
0.993443
0.993473
0.993504
0.993534
0.993565
0.993595
0.993626
0.993656
0.993687
0.993687
0.993687
0.993687
0.993687
0.993687
0.993687
0.993687
0.993687
0.993687
0.993687
0.993687
0.993687
0.993687
0.993687
0.993687
0.993687
0.993687
0.993687
0.993687
0.993687
0.993687
0.993687
0.993687
0.993687
0.993687
0.993687
0.993687
0.993687
0.993687
0.993687
0.993713
