0
6.10353e-05
0.000152588
0.000213623
0.000274658
0.000335693
0.000511169
0.000984192
0.00196075
0.003685
0.00640106
0.0103455
0.0157547
0.0228271
0.0317993
0.0428009
0.0560074
0.0802307
0.0994263
0.121063
0.145142
0.171638
0.200409
0.231316
0.26413
0.298637
0.334595
0.390701
0.409859
0.448677
0.487938
0.547142
0.586472
0.625381
0.663727
0.701286
0.737885
0.773338
0.807472
0.840111
0.871109
0.900345
0.927689
0.953072
0.976418
1.0075
1.02555
1.04146
1.05523
1.06689
1.0765
1.08408
1.08969
1.09338
1.09526
1.09491
1.09274
1.0892
1.08442
1.07856
1.07175
1.06413
1.05584
1.04246
1.0331
1.02351
1.01381
1.0041
0.994492
0.985062
0.975929
0.967178
0.958908
0.951141
0.943954
0.937386
0.93148
0.92627
0.921753
0.917961
0.913605
0.912506
0.910843
0.909843
0.9095
0.910156
0.91066
0.912094
0.914017
0.916428
0.920792
0.922432
0.927803
0.931694
0.935776
0.94001
0.944336
0.94873
0.953125
0.957474
0.961739
0.965897
0.969917
0.973763
0.977409
0.980827
0.984016
0.986946
0.989616
0.992012
0.994125
0.995956
0.997498
0.998764
0.999756
1.00049
1.00095
1.00116
1.00114
1.0009
1.00046
0.99984
0.999054
0.998123
0.99707
0.995903
0.994652
0.992638
0.991936
0.989777
0.989044
0.987579
0.985382
0.983917
0.982452
0.981026
0.979637
0.978302
0.977036
0.975838
0.974716
0.973694
0.972763
0.971939
0.971222
0.970612
0.970108
0.969711
0.969429
0.969254
0.969177
0.969208
0.969322
0.969528
0.969994
0.970398
0.970863
0.971382
0.971657
0.972542
0.973152
0.973763
0.974373
0.974983
0.975594
0.976196
0.976746
0.97728
0.977768
0.97821
0.978615
0.978981
0.979286
0.979546
0.979759
0.979935
0.980103
0.980133
0.980171
0.980148
0.980087
0.97998
0.979858
0.979683
0.9795
0.979286
0.979042
0.978798
0.978378
0.978226
0.977768
0.977615
0.977158
0.976852
0.976547
0.976242
0.975937
0.975632
0.97538
0.975136
0.974892
0.97467
0.974487
0.974304
0.974159
0.974037
0.973915
0.973846
0.973785
0.973724
0.973724
0.973724
0.973724
0.97377
0.973831
0.973892
0.973953
0.974045
0.974228
0.974289
0.974411
0.974594
0.974716
0.974838
0.97496
0.975082
0.975204
0.975327
0.975449
0.975571
0.975693
0.975815
0.975937
0.976059
0.976181
0.97628
0.976311
0.976402
0.976463
0.976524
0.976585
0.976646
0.976707
0.976768
0.976807
0.976807
0.976807
0.976807
0.976807
0.976807
0.976807
0.976807
0.976807
0.976807
0.976807
0.976807
0.976807
0.976807
0.976807
0.976807
0.976807
0.976807
0.976807
0.976807
0.976807
0.976807
0.976807
0.976807
0.976807
0.976807
0.976807
0.976807
0.976807
0.976807
0.976807
0.976807
0.976807
0.976807
0.976807
0.976822
0.976883
0.976944
0.977005
0.977066
0.977127
0.977188
0.977249
0.977341
0.977371
0.977432
0.977524
0.977585
0.977646
0.977676
0.977768
0.977798
0.97789
0.977951
0.978012
0.978073
0.978134
0.978195
0.978256
0.978317
0.978378
0.978439
0.9785
0.978554
0.978554
0.978554
0.978554
0.978554
0.978554
0.978554
0.978554
0.978554
0.978554
0.978554
0.978554
0.978554
0.978554
0.978554
0.978554
0.978554
0.978554
0.978554
0.978554
0.978554
0.978554
0.978554
0.978554
0.978607
0.978668
0.978729
0.97879
0.978851
0.978912
0.978973
0.979034
0.979095
0.979156
0.979218
0.979279
0.97934
0.979401
0.979462
0.979523
0.979584
0.979675
0.979736
0.979797
0.979858
0.979919
0.97998
0.980042
0.980103
0.980194
0.980194
0.980194
0.980194
0.980194
0.980194
0.980194
0.980194
0.980194
0.980194
0.980194
0.980194
0.980194
0.980194
0.980194
0.980194
0.980194
0.980194
0.980194
0.980194
0.980194
0.980194
0.980194
0.980194
0.980194
0.980194
0.980194
0.980232
0.980293
0.980354
0.980415
0.980476
0.980537
0.980629
0.980659
0.980751
0.980812
0.980873
0.980934
0.980995
0.981056
0.981117
0.981209
0.98127
0.981331
0.981392
0.981453
0.981514
0.981575
0.981636
0.981697
0.981728
0.981728
0.981728
0.981728
0.981728
0.981728
0.981728
0.981728
0.981728
0.981728
0.981728
0.981728
0.981728
0.981728
0.981728
0.981728
0.981728
0.981728
0.981728
0.981728
0.981728
0.981728
0.981728
0.981728
0.981728
0.981728
0.98175
0.981812
0.981873
0.981934
0.981995
0.982056
0.982117
0.982178
0.982269
0.9823
0.982361
0.982452
0.982513
0.982574
0.982635
0.982697
0.982758
0.982819
0.98291
0.982971
0.983032
0.983093
0.983124
0.983124
0.983124
0.983124
0.983124
0.983124
0.983124
0.983124
0.983124
0.983124
0.983124
0.983124
0.983124
0.983124
0.983124
0.983124
0.983124
0.983124
0.983124
0.983124
0.983124
0.983124
0.983124
0.983124
0.983124
0.983124
0.983124
0.983124
0.983154
0.983215
0.983276
0.983337
0.983398
0.983459
0.983521
0.983582
0.983643
0.983704
0.983765
0.983826
0.983887
0.983948
0.984009
0.984039
0.984131
0.984192
0.984253
0.984314
0.984375
0.984436
0.984459
0.984459
0.984459
0.984459
0.984459
0.984459
0.984459
0.984459
0.984459
0.984459
0.984459
0.984459
0.984459
0.984459
0.984459
0.984459
0.984459
0.984459
0.984459
0.984459
0.984459
0.984459
0.984459
0.984459
0.984459
0.984459
0.984459
0.984459
0.984459
0.984482
0.984512
0.984573
0.984634
0.984695
0.984787
0.984848
0.984909
0.98497
0.985031
0.985092
0.985153
0.985214
0.985275
0.985336
0.985397
0.985458
0.985519
0.98558
0.985641
0.985687
0.985687
0.985687
0.985687
0.985687
0.985687
0.985687
0.985687
0.985687
0.985687
0.985687
0.985687
0.985687
0.985687
0.985687
0.985687
0.985687
0.985687
0.985687
0.985687
0.985687
0.985687
0.985687
0.985687
0.985687
0.985687
0.985687
0.985687
0.985687
0.985687
0.985687
0.985687
0.985741
0.985802
0.985863
0.985924
0.985985
0.986046
0.986107
0.986168
0.986229
0.98629
0.986382
0.986443
0.986504
0.986565
0.986626
0.986687
0.986748
0.986809
0.98687
0.986916
0.986916
0.986916
0.986916
0.986916
0.986916
0.986916
0.986916
0.986916
0.986916
0.986916
0.986916
0.986916
0.986916
0.986916
0.986916
0.986916
0.986916
0.986916
0.986916
0.986916
0.986916
0.986916
0.986916
0.986916
0.986916
0.986916
0.986916
0.986916
0.986916
0.986916
0.986916
0.986916
0.986916
0.986916
0.987
0.987061
0.987122
0.987183
0.987244
0.987305
0.987366
0.987427
0.987488
0.987549
0.98761
0.987671
0.987732
0.987793
0.987854
0.987915
0.987976
0.988037
0.988068
0.988068
0.988068
0.988068
0.988068
0.988068
0.988068
0.988068
0.988068
0.988068
0.988068
0.988068
0.988068
0.988068
0.988068
0.988068
0.988068
0.988068
0.988068
0.988068
0.988068
0.988068
0.988068
0.988068
0.988068
0.988068
0.988068
0.988068
0.988068
0.988068
0.988068
0.988068
0.988068
0.988068
0.988068
0.988106
0.988136
0.988228
0.988289
0.98835
0.988411
0.988472
0.988533
0.988594
0.988655
0.988716
0.988777
0.988838
0.988899
0.98896
0.989052
0.989082
0.989174
0.989204
0.989204
0.989204
0.989204
0.989204
0.989204
0.989204
0.989204
0.989204
0.989204
0.989204
0.989204
0.989204
0.989204
0.989204
0.989204
0.989204
0.989204
0.989204
0.989204
0.989204
0.989204
0.989204
0.989204
0.989204
0.989204
0.989204
0.989204
0.989204
0.989204
0.989204
0.989204
0.989204
0.989204
0.989204
0.989204
0.989204
0.989204
0.989204
0.989204
0.989204
0.98925
0.989311
0.989372
0.989433
0.989494
0.989555
0.989647
0.989708
0.989769
0.98983
0.989891
0.989952
0.990013
0.990074
0.990135
0.990196
0.99025
0.99025
0.99025
0.99025
0.99025
0.99025
0.99025
0.99025
0.99025
0.99025
0.99025
0.99025
0.99025
0.99025
0.99025
0.99025
0.99025
0.99025
0.99025
0.99025
0.99025
0.99025
0.99025
0.99025
0.99025
0.99025
0.99025
0.99025
0.99025
0.99025
0.99025
0.99025
0.99025
0.99025
0.99025
0.99025
0.99025
0.99025
0.99025
0.99025
0.99025
0.99025
0.99025
0.99025
0.990288
0.990349
0.99041
0.990471
0.990532
0.990593
0.990654
0.990715
0.990807
0.990837
0.990929
0.990959
0.99102
0.991112
0.991173
0.991234
0.991295
0.991333
0.991333
0.991333
0.991333
0.991333
0.991333
0.991333
0.991333
0.991333
0.991333
0.991333
0.991333
0.991333
0.991333
0.991333
0.991333
0.991333
0.991333
0.991333
0.991333
0.991333
0.991333
0.991333
0.991333
0.991333
0.991333
0.991333
0.991333
0.991333
0.991333
0.991333
0.991333
0.991333
0.991333
0.991333
0.991333
0.991333
0.991333
0.991333
0.991333
0.991333
0.991333
0.991333
0.991333
0.991333
0.991333
0.991333
0.991333
0.991333
0.991333
0.991333
0.991371
0.991432
0.991524
0.991585
0.991646
0.991707
0.991768
0.991829
0.99189
0.991951
0.992012
0.992073
0.992165
0.992195
0.992287
0.992302
0.992302
0.992302
0.992302
0.992302
0.992302
0.992302
0.992302
0.992302
0.992302
0.992302
0.992302
0.992302
0.992302
0.992302
0.992302
0.992302
0.992302
0.992302
0.992302
0.992302
0.992302
0.992302
0.992302
0.992302
0.992302
0.992302
0.992302
0.992302
0.992302
0.992302
0.992302
0.992302
0.992302
0.992302
0.992302
0.992302
0.992302
0.992302
0.992302
0.992302
0.992302
0.992302
0.992302
0.992302
0.992302
0.992302
0.992302
0.992302
0.992302
0.992302
0.992302
0.992302
0.99234
0.992401
0.992462
0.992554
0.992584
0.992645
0.992737
0.992767
0.992859
0.992889
0.99295
0.993042
0.993073
0.993164
0.993225
0.993279
0.993279
0.993279
0.993279
0.993279
0.993279
0.993279
0.993279
0.993279
0.993279
0.993279
0.993279
0.993279
0.993279
0.993279
0.993279
0.993279
0.993279
0.993279
0.993279
0.993279
0.993279
0.993279
0.993279
0.993279
0.993279
0.993279
0.993279
0.993279
0.993279
0.993279
0.993279
0.993279
0.993279
0.993279
0.993279
0.993279
