0
0
0
0
7.62959e-06
4.95911e-05
0.000205994
0.000656128
0.00160599
0.00329208
0.00595474
0.00981903
0.0151024
0.0219803
0.0306053
0.041111
0.0535851
0.0680847
0.0846214
0.103168
0.123672
0.146049
0.17017
0.1959
0.223076
0.251522
0.296158
0.326946
0.35833
0.390118
0.422112
0.454132
0.485973
0.517437
0.54834
0.578499
0.607765
0.636021
0.663132
0.689014
0.713577
0.736759
0.758507
0.77877
0.797546
0.814812
0.830585
0.844868
0.863613
0.869164
0.879257
0.888065
0.895653
0.904896
0.907444
0.911808
0.91526
0.918922
0.919788
0.921455
0.921913
0.921921
0.92157
0.920944
0.920097
0.919098
0.917999
0.916855
0.915707
0.9146
0.913574
0.912659
0.91188
0.91127
0.910843
0.910618
0.910603
0.910805
0.911236
0.911892
0.912766
0.91386
0.915165
0.91666
0.918343
0.920193
0.923252
0.925449
0.927757
0.928944
0.931377
0.935131
0.937664
0.940197
0.942715
0.945194
0.94762
0.949982
0.953373
0.955517
0.957558
0.959492
0.961311
0.96302
0.964607
0.966084
0.967442
0.968678
0.969791
0.970791
0.971684
0.972469
0.973152
0.973743
0.974247
0.97467
0.975014
0.975285
0.975491
0.975636
0.975723
0.975758
0.975742
0.975689
0.97559
0.975456
0.975288
0.975094
0.974876
0.974632
0.974369
0.974094
0.973808
0.973503
0.973045
0.972893
0.972435
0.97213
0.971825
0.971539
0.971264
0.970989
0.970741
0.970497
0.970177
0.969986
0.969807
0.969654
0.969517
0.969395
0.969303
0.969223
0.969162
0.969124
0.969093
0.969093
0.969112
0.969143
0.969181
0.969242
0.969303
0.96941
0.969456
0.969593
0.969685
0.969776
0.969868
0.969959
0.970051
0.970142
0.970234
0.970325
0.970417
0.970505
0.970566
0.970627
0.970718
0.970779
0.97084
0.97089
0.970921
0.970951
0.970982
0.971012
0.971043
0.971073
0.971119
0.97113
0.97113
0.97113
0.97113
0.97113
0.97113
0.97113
0.97113
0.97113
0.97113
0.97113
0.97113
0.97113
0.97113
0.97113
0.971153
0.971184
0.971214
0.971245
0.971291
0.971321
0.971352
0.971382
0.971413
0.971443
0.971489
0.971519
0.97155
0.971581
0.971611
0.971642
0.971676
0.971737
0.971828
0.971859
0.97192
0.971981
0.972042
0.972134
0.972195
0.972256
0.972317
0.972378
0.972439
0.9725
0.972561
0.972618
0.972649
0.972679
0.97271
0.97274
0.972771
0.972801
0.972832
0.972862
0.972908
0.972939
0.972969
0.973
0.97303
0.973061
0.973091
0.973122
0.973152
0.973183
0.973213
0.973244
0.973274
0.973305
0.973335
0.973366
0.973396
0.973427
0.973457
0.973488
0.973518
0.973549
0.973579
0.97361
0.97364
0.973671
0.973701
0.973732
0.973778
0.973869
0.97393
0.973991
0.974052
0.974113
0.974174
0.974236
0.974297
0.974358
0.974419
0.97451
0.974571
0.974632
0.974693
0.974743
0.974773
0.974804
0.97485
0.97488
0.974911
0.974941
0.974972
0.975002
0.975033
0.975063
0.975094
0.975124
0.975155
0.975185
0.975216
0.975246
0.975277
0.975307
0.975353
0.975384
0.975414
0.975445
0.975475
0.975506
0.975536
0.975567
0.975597
0.975628
0.975658
0.975689
0.975719
0.975765
0.975796
0.975826
0.975857
0.975887
0.975918
0.975948
0.975979
0.976009
0.97604
0.97607
0.976101
0.976131
0.976162
0.976192
0.976223
0.976254
0.976284
0.976315
0.976345
0.976376
0.976406
0.976444
0.976505
0.976566
0.976627
0.976688
0.976749
0.97681
0.976871
0.976933
0.976994
0.977055
0.977116
0.977207
0.977238
0.977299
0.977352
0.977383
0.977428
0.977459
0.977489
0.97752
0.977551
0.977581
0.977612
0.977642
0.977688
0.977703
0.977749
0.977779
0.977795
0.97784
0.977871
0.977901
0.977932
0.977962
0.977993
0.978024
0.978054
0.978085
0.978115
0.978146
0.978176
0.978207
0.978237
0.978268
0.978298
0.978329
0.978359
0.97839
0.97842
0.978451
0.978481
0.978512
0.978542
0.978573
0.978603
0.978634
0.978664
0.978695
0.978725
0.978756
0.978786
0.978817
0.978848
0.978878
0.978909
0.978939
0.97897
0.979
0.979031
0.979061
0.979092
0.979122
0.979168
0.979198
0.979229
0.979259
0.97929
0.979321
0.979351
0.979382
0.979412
0.979443
0.979473
0.979504
0.979534
0.979565
0.979595
0.979626
0.979656
0.979687
0.979717
0.979748
0.979778
0.979809
0.979839
0.97987
0.9799
0.979931
0.979961
0.979992
0.980022
0.980053
0.980083
0.980114
0.980145
0.980175
0.980221
0.980251
0.980282
0.980312
0.980343
0.980373
0.980404
0.980434
0.980465
0.980495
0.980526
0.980572
0.980587
0.980618
0.980663
0.980694
0.980724
0.980755
0.980785
0.980816
0.980846
0.980877
0.980907
0.980938
0.980968
0.981014
0.981045
0.98106
0.981106
0.981136
0.981167
0.981197
0.981228
0.981258
0.981289
0.981319
0.98135
0.98138
0.981411
0.981441
0.981472
0.981503
0.981533
0.981564
0.981594
0.981625
0.981655
0.981686
0.981731
0.981747
0.981777
0.981808
0.981838
0.981869
0.981899
0.981945
0.981976
0.981991
0.982037
0.982067
0.982098
0.982128
0.982159
0.982189
0.982235
0.982265
0.982296
0.982327
0.982357
0.982388
0.982418
0.982449
0.982479
0.98251
0.98254
0.982571
0.982601
0.982632
0.982662
0.982708
0.982723
0.982769
0.9828
0.98283
0.982861
0.982891
0.982922
0.982952
0.982983
0.983013
0.983044
0.983074
0.983105
0.983135
0.983166
0.983212
0.983242
0.983273
0.983303
0.983334
0.983364
0.983395
0.983425
0.983456
0.983486
0.983517
0.983562
0.983593
0.983624
0.983654
0.983685
0.983715
0.983746
0.983776
0.983807
0.983837
0.983868
0.983898
0.983929
0.983974
0.98399
0.984035
0.984051
0.984097
0.984127
0.984158
0.984188
0.984219
0.984249
0.98428
0.98431
0.984341
0.984371
0.984402
0.984432
0.984463
0.984493
0.984524
0.984554
0.984585
0.984615
0.984646
0.984676
0.984707
0.984737
0.984768
0.984814
0.984844
0.984875
0.98489
0.984936
0.984966
0.984997
0.985027
0.985058
0.985088
0.985119
0.985149
0.98518
0.98521
0.985241
0.985271
0.985302
0.985332
0.985363
0.985394
0.985424
0.985455
0.985485
0.985516
0.985546
0.985592
0.985622
0.985653
0.985683
0.985714
0.985744
0.985775
0.985806
0.985836
0.985855
0.985855
0.985855
0.985855
0.985855
0.985855
0.985855
0.985855
0.985855
0.985855
0.985855
0.985855
0.985855
0.985855
0.985859
0.985889
0.98592
0.98595
0.985981
0.986027
0.986057
0.986088
0.986118
0.986149
0.986179
0.98621
0.98624
0.986271
0.986317
0.986347
0.986378
0.986393
0.986423
0.986469
0.9865
0.98653
0.986561
0.986591
0.986622
0.986652
0.986683
0.986713
0.986744
0.986774
0.986805
0.986835
0.986866
0.986897
0.986927
0.986958
0.986988
0.987019
0.987049
0.98708
0.98711
0.987141
0.987171
0.987202
0.987232
0.987263
0.987293
0.987324
0.987354
0.987373
0.987373
0.987373
0.987373
0.987373
0.987373
0.987373
0.987373
0.987373
0.987373
0.987373
0.987373
0.987373
0.987373
0.987373
0.987385
0.9874
0.987446
0.987476
0.987507
0.987537
0.987568
0.987598
0.987629
0.987659
0.98769
0.98772
0.987751
0.987782
0.987812
0.987843
0.987873
0.987904
0.987934
0.987965
0.987995
0.988026
0.988056
0.988087
0.988117
0.988148
0.988178
0.988209
0.988255
0.988285
0.988316
0.988346
0.988377
0.988407
0.988438
0.988468
0.988499
0.988529
0.988541
0.988541
0.988541
0.988541
0.988541
0.988541
0.988541
0.988541
0.988541
0.988541
0.988541
0.988541
0.988541
0.988541
0.988541
0.988541
0.988541
0.98856
0.98859
0.988621
0.988651
0.988682
0.988712
0.988743
0.988789
0.988804
0.988834
0.988865
0.988911
0.988941
0.988972
0.988987
0.989033
0.989063
0.989094
0.989124
0.989155
0.989185
0.989216
0.989246
0.989277
0.989307
0.989338
0.989368
0.989399
0.989429
0.98946
0.989491
0.989521
0.989548
0.989548
0.989548
0.989548
0.989548
0.989548
0.989548
0.989548
0.989548
0.989548
0.989548
0.989548
0.989548
0.989548
0.989548
0.989548
0.989548
0.989548
0.989548
0.989567
0.989597
0.989628
0.989658
0.989689
0.989719
0.98975
0.98978
0.989811
0.989841
0.989887
0.989902
0.989933
0.989964
0.990009
0.99004
0.99007
0.990086
0.990131
0.990162
0.990192
0.990223
0.990253
0.990284
0.990314
0.990345
0.990376
0.990406
0.990433
0.990433
0.990433
0.990433
0.990433
0.990433
0.990433
0.990433
0.990433
0.990433
0.990433
0.990433
0.990433
0.990433
0.990433
0.990433
0.990433
0.990433
0.990433
0.990433
0.990433
0.990456
0.990486
0.990517
0.990547
0.990578
0.990608
0.990639
0.990669
0.9907
0.99073
0.990761
0.990791
0.990822
0.990852
0.990883
0.990913
0.990944
0.990974
0.991005
0.991051
0.991081
0.991112
0.991142
0.991173
0.991196
0.991196
0.991196
0.991196
0.991196
0.991196
0.991196
0.991196
0.991196
0.991196
0.991196
0.991196
0.991196
0.991196
0.991196
0.991196
0.991196
0.991196
0.991196
0.991196
0.991196
0.991196
0.991203
0.991234
0.991264
0.991295
0.991325
0.991356
0.991386
0.991417
0.991447
0.991478
0.991524
0.991554
0.991585
0.991615
0.991646
0.991676
0.991707
0.991737
0.991768
0.991798
0.991829
0.991875
0.991905
0.991932
0.991932
0.991932
0.991932
0.991932
0.991932
0.991932
0.991932
0.991932
0.991932
0.991932
0.991932
0.991932
0.991932
0.991932
0.991932
0.991932
0.991932
0.991932
0.991932
0.991932
0.991932
0.991932
0.991932
0.991932
0.991936
0.991966
0.991997
0.992027
0.992058
0.992088
0.992134
0.992149
0.99218
0.992226
0.992241
0.992271
0.992302
0.992332
0.992378
0.992409
0.992439
0.99247
0.9925
0.992531
0.992561
0.992592
0.992607
0.992607
0.992607
0.992607
0.992607
0.992607
0.992607
0.992607
0.992607
0.992607
0.992607
0.992607
0.992607
0.992607
0.992607
0.992607
0.992607
0.992607
0.992607
0.992607
0.992607
0.992607
0.992607
0.992607
0.992607
