0
3.05177e-05
0.00012207
0.000183106
0.000213623
0.000305176
0.000480652
0.000953674
0.00193024
0.00365448
0.00637054
0.0103226
0.0157394
0.0228195
0.0317917
0.0427933
0.0559998
0.0715408
0.0895157
0.109932
0.13279
0.158089
0.18573
0.215599
0.24752
0.281319
0.316772
0.353645
0.391701
0.430679
0.450439
0.530571
0.590942
0.630875
0.670303
0.709038
0.746925
0.783852
0.819733
0.854416
0.887756
0.90387
0.949768
0.978142
1.00459
1.029
1.05127
1.07135
1.08923
1.10486
1.11824
1.12939
1.13833
1.14511
1.1498
1.15244
1.15316
1.15205
1.14722
1.14206
1.13896
1.1318
1.11893
1.10914
1.09856
1.08737
1.07569
1.06365
1.0514
1.03907
1.0268
1.01472
1.00292
0.991539
0.980644
0.970314
0.960625
0.951653
0.943428
0.932587
0.92939
0.923637
0.918755
0.913048
0.911575
0.908409
0.907761
0.907005
0.907433
0.908554
0.910316
0.912674
0.915573
0.918945
0.922729
0.926857
0.931282
0.935936
0.940758
0.945686
0.950684
0.955688
0.96064
0.965515
0.972603
0.977127
0.981453
0.985542
0.989388
0.992973
0.996269
0.999252
1.00191
1.00423
1.0062
1.00784
1.00914
1.01046
1.01095
1.01114
1.01105
1.01068
1.01007
1.00925
1.00822
1.00635
1.0049
1.00333
1.00165
0.999893
0.998077
0.996246
0.994354
0.992462
0.990631
0.988808
0.986183
0.984512
0.982933
0.981438
0.980057
0.97879
0.977646
0.976624
0.975746
0.975006
0.974152
0.973938
0.97361
0.973366
0.973366
0.97348
0.973709
0.974045
0.974472
0.974983
0.975563
0.976204
0.976891
0.977623
0.978355
0.979088
0.97982
0.980553
0.981651
0.98233
0.982666
0.983604
0.984177
0.984711
0.985199
0.985626
0.986
0.986328
0.98661
0.986847
0.98703
0.98716
0.987251
0.987312
0.987312
0.987282
0.987221
0.987114
0.986992
0.986816
0.986633
0.98642
0.986176
0.985931
0.985657
0.985352
0.985046
0.984741
0.984436
0.983978
0.98362
0.983253
0.982887
0.982574
0.982269
0.981964
0.981659
0.981354
0.981049
0.980766
0.980522
0.980278
0.980034
0.979828
0.979645
0.979462
0.979301
0.979179
0.979057
0.978935
0.978874
0.978813
0.978752
0.978722
0.978722
0.978722
0.978722
0.97876
0.978821
0.978882
0.978943
0.979004
0.979065
0.979126
0.979187
0.979301
0.979424
0.979546
0.979668
0.97979
0.979912
0.980034
0.980156
0.980278
0.9804
0.980507
0.980568
0.980629
0.98069
0.980751
0.980812
0.980873
0.980934
0.981026
0.981087
0.981148
0.981209
0.98127
0.981316
0.981316
0.981316
0.981316
0.981316
0.981316
0.981316
0.981316
0.981316
0.981316
0.981316
0.981316
0.981316
0.981316
0.981316
0.981316
0.981316
0.981316
0.981316
0.981316
0.981316
0.981316
0.981316
0.981316
0.981316
0.981316
0.981316
0.981316
0.981316
0.981316
0.981316
0.981316
0.981316
0.981316
0.981323
0.981384
0.981445
0.981506
0.981567
0.981628
0.981689
0.98175
0.981812
0.981873
0.981934
0.981995
0.982056
0.982117
0.982208
0.982239
0.9823
0.982361
0.982422
0.982513
0.982574
0.982605
0.982666
0.982704
0.982704
0.982704
0.982704
0.982704
0.982704
0.982704
0.982704
0.982704
0.982704
0.982704
0.982704
0.982704
0.982704
0.982704
0.982704
0.982704
0.982704
0.982704
0.982704
0.982704
0.982704
0.982704
0.982704
0.982704
0.982704
0.982704
0.982704
0.982704
0.982704
0.982704
0.982742
0.982803
0.982895
0.982956
0.983017
0.983078
0.983139
0.9832
0.983292
0.983353
0.983414
0.983475
0.983536
0.983597
0.983658
0.983719
0.98378
0.983841
0.983902
0.983963
0.983971
0.983971
0.983971
0.983971
0.983971
0.983971
0.983971
0.983971
0.983971
0.983971
0.983971
0.983971
0.983971
0.983971
0.983971
0.983971
0.983971
0.983971
0.983971
0.983971
0.983971
0.983971
0.983971
0.983971
0.983971
0.983971
0.983971
0.983971
0.983971
0.983971
0.983971
0.983994
0.984055
0.984116
0.984177
0.984238
0.984299
0.98436
0.984421
0.984482
0.984543
0.984604
0.984695
0.984726
0.984818
0.984879
0.98494
0.985001
0.985062
0.985123
0.985184
0.985245
0.985268
0.985268
0.985268
0.985268
0.985268
0.985268
0.985268
0.985268
0.985268
0.985268
0.985268
0.985268
0.985268
0.985268
0.985268
0.985268
0.985268
0.985268
0.985268
0.985268
0.985268
0.985268
0.985268
0.985268
0.985268
0.985268
0.985268
0.985268
0.985268
0.985268
0.985268
0.985268
0.985268
0.985268
0.985283
0.985344
0.985405
0.985466
0.985527
0.985588
0.985649
0.985741
0.985771
0.985863
0.985924
0.985985
0.986046
0.986107
0.986168
0.986229
0.98629
0.986351
0.986412
0.986473
0.986481
0.986481
0.986481
0.986481
0.986481
0.986481
0.986481
0.986481
0.986481
0.986481
0.986481
0.986481
0.986481
0.986481
0.986481
0.986481
0.986481
0.986481
0.986481
0.986481
0.986481
0.986481
0.986481
0.986481
0.986481
0.986481
0.986481
0.986481
0.986481
0.986481
0.986481
0.986481
0.986481
0.986481
0.986481
0.986534
0.986595
0.986656
0.986717
0.986778
0.986839
0.9869
0.986992
0.987053
0.987114
0.987175
0.987206
0.987297
0.987358
0.987419
0.98748
0.987541
0.987602
0.987663
0.987671
0.987671
0.987671
0.987671
0.987671
0.987671
0.987671
0.987671
0.987671
0.987671
0.987671
0.987671
0.987671
0.987671
0.987671
0.987671
0.987671
0.987671
0.987671
0.987671
0.987671
0.987671
0.987671
0.987671
0.987671
0.987671
0.987671
0.987671
0.987671
0.987671
0.987671
0.987671
0.987671
0.987671
0.987671
0.987671
0.987671
0.987671
0.987701
0.987762
0.987823
0.987885
0.987976
0.988037
0.988068
0.988129
0.98819
0.988251
0.988342
0.988373
0.988464
0.988495
0.988556
0.988647
0.988708
0.98877
0.98877
0.98877
0.98877
0.98877
0.98877
0.98877
0.98877
0.98877
0.98877
0.98877
0.98877
0.98877
0.98877
0.98877
0.98877
0.98877
0.98877
0.98877
0.98877
0.98877
0.98877
0.98877
0.98877
0.98877
0.98877
0.98877
0.98877
0.98877
0.98877
0.98877
0.98877
0.98877
0.98877
0.98877
0.98877
0.98877
0.98877
0.98877
0.98877
0.98877
0.988777
0.988869
0.98893
0.988991
0.989052
0.989113
0.989174
0.989265
0.989296
0.989388
0.989418
0.98951
0.989571
0.989632
0.989693
0.989723
0.989815
0.989822
0.989822
0.989822
0.989822
0.989822
0.989822
0.989822
0.989822
0.989822
0.989822
0.989822
0.989822
0.989822
0.989822
0.989822
0.989822
0.989822
0.989822
0.989822
0.989822
0.989822
0.989822
0.989822
0.989822
0.989822
0.989822
0.989822
0.989822
0.989822
0.989822
0.989822
0.989822
0.989822
0.989822
0.989822
0.989822
0.989822
0.989822
0.989822
0.989822
0.989822
0.989822
0.989822
0.989838
0.989868
0.98996
0.990021
0.990082
0.990143
0.990204
0.990265
0.990326
0.990387
0.990448
0.990509
0.99057
0.990631
0.990692
0.990753
0.990814
0.99086
0.99086
0.99086
0.99086
0.99086
0.99086
0.99086
0.99086
0.99086
0.99086
0.99086
0.99086
0.99086
0.99086
0.99086
0.99086
0.99086
0.99086
0.99086
0.99086
0.99086
0.99086
0.99086
0.99086
0.99086
0.99086
0.99086
0.99086
0.99086
0.99086
0.99086
0.99086
0.99086
0.99086
0.99086
0.99086
0.99086
0.99086
0.99086
0.99086
0.99086
0.99086
0.99086
0.99086
0.99086
0.99086
0.99086
0.99086
0.99086
0.990921
0.990982
0.991043
0.991104
0.991165
0.991257
0.991318
0.991379
0.99144
0.991501
0.991562
0.991623
0.991684
0.991745
0.991806
0.991867
0.991875
0.991875
0.991875
0.991875
0.991875
0.991875
0.991875
0.991875
0.991875
0.991875
0.991875
0.991875
0.991875
0.991875
0.991875
0.991875
0.991875
0.991875
0.991875
0.991875
0.991875
0.991875
0.991875
0.991875
0.991875
0.991875
0.991875
0.991875
0.991875
0.991875
0.991875
0.991875
0.991875
0.991875
0.991875
0.991875
0.991875
0.991875
0.991875
0.991875
0.991875
0.991875
0.991875
0.991875
0.991875
0.991875
0.991875
0.991875
0.991875
0.991875
0.991875
0.991875
0.991875
0.991875
0.991875
0.991928
0.991989
0.99205
0.992111
0.992172
0.992233
0.992294
0.992355
0.992447
0.992508
0.992569
0.99263
0.992691
0.992752
0.992813
0.992867
0.992867
0.992867
0.992867
0.992867
0.992867
0.992867
0.992867
0.992867
0.992867
0.992867
0.992867
0.992867
0.992867
0.992867
0.992867
0.992867
0.992867
0.992867
0.992867
0.992867
0.992867
0.992867
0.992867
0.992867
0.992867
0.992867
0.992867
0.992867
0.992867
0.992867
0.992867
0.992867
0.992867
0.992867
0.992867
0.992867
0.992867
0.992867
0.992867
0.992867
0.992867
0.992867
0.992867
0.992867
0.992867
0.992867
0.992867
0.992867
0.992867
0.992867
0.992867
0.992867
0.992867
0.992867
0.992867
0.992867
0.992867
0.992867
0.992867
0.992867
0.992867
0.992867
0.992897
0.992958
0.993019
0.993111
0.993141
0.993202
0.993263
0.993324
0.993385
0.993446
0.993507
0.993599
0.99366
0.993721
0.993782
0.993813
0.993813
0.993813
0.993813
0.993813
0.993813
0.993813
0.993813
0.993813
0.993813
0.993813
0.993813
0.993813
0.993813
0.993813
0.993813
0.993813
0.993813
0.993813
0.993813
0.993813
0.993813
0.993813
0.993813
0.993813
0.993813
0.993813
0.993813
0.993813
0.993813
0.993813
0.993813
0.993813
0.993813
0.993813
0.993813
0.993813
0.993813
0.993813
0.993813
0.993813
0.993813
0.993813
0.993813
0.993813
0.993813
0.993813
0.993813
0.993813
0.993813
0.993813
0.993813
0.993813
0.993813
0.993813
0.993813
0.993813
0.993813
0.993813
0.993813
0.993813
0.993813
0.993813
0.993813
0.993813
0.993813
0.993813
0.993813
0.993813
0.993813
0.993813
0.993843
0.993935
0.993965
0.994057
0.994087
0.994148
0.99424
0.99427
0.994362
0.994423
0.994484
0.994545
0.994606
0.994659
0.994659
0.994659
0.994659
0.994659
0.994659
0.994659
0.994659
