0
0
0
0
0
1.52588e-05
7.62941e-05
0.00025177
0.000724793
0.00170135
0.0034256
0.00614166
0.0100784
0.01548
0.0225525
0.0367584
0.0425262
0.0557327
0.0712662
0.0991211
0.120758
0.132492
0.171288
0.200005
0.230858
0.263634
0.298111
0.334068
0.371262
0.409416
0.44828
0.487572
0.527054
0.56649
0.605629
0.644257
0.682152
0.719116
0.754959
0.789505
0.822586
0.854042
0.897911
0.911583
0.949608
0.972359
0.992958
1.01136
1.02758
1.04162
1.05347
1.06316
1.07076
1.07638
1.08007
1.08197
1.08222
1.08097
1.07831
1.07442
1.06942
1.06346
1.05667
1.04919
1.04111
1.03262
1.02377
1.01473
1.00558
0.996422
0.987366
0.978493
0.96991
0.96167
0.95385
0.946503
0.936531
0.933502
0.925354
0.922974
0.918709
0.913605
0.912254
0.909248
0.908592
0.907784
0.907791
0.908569
0.90992
0.910789
0.914215
0.917046
0.92028
0.923859
0.92775
0.931885
0.936226
0.940712
0.945282
0.949913
0.954529
0.959091
0.96357
0.967918
0.972122
0.976135
0.979942
0.983513
0.98838
0.989868
0.992622
0.995079
0.997238
0.999908
1.0013
1.0024
1.0032
1.00372
1.00396
1.00396
1.00372
1.00324
1.00257
1.00172
1.00072
0.999573
0.998314
0.996956
0.995529
0.994041
0.992516
0.990936
0.989349
0.987762
0.986176
0.984589
0.983063
0.981567
0.980125
0.978752
0.977455
0.97625
0.975128
0.973648
0.973206
0.972404
0.971718
0.970894
0.97068
0.970337
0.970032
0.969963
0.970001
0.970146
0.970367
0.970688
0.971085
0.97155
0.972076
0.972656
0.973267
0.973923
0.97493
0.975266
0.975937
0.976608
0.977234
0.978142
0.978691
0.97921
0.979691
0.980118
0.980492
0.98082
0.981094
0.981323
0.981499
0.981621
0.981689
0.98172
0.981712
0.981651
0.981552
0.98143
0.981247
0.981056
0.980812
0.980568
0.980278
0.979973
0.979668
0.979172
0.978806
0.978622
0.978256
0.977707
0.977341
0.976974
0.976791
0.976311
0.976006
0.9757
0.97541
0.975166
0.974922
0.974716
0.974533
0.974373
0.974251
0.974144
0.974083
0.974022
0.974022
0.974022
0.974045
0.974106
0.974167
0.974236
0.974358
0.97448
0.974602
0.974724
0.974846
0.974968
0.97509
0.97522
0.975441
0.975502
0.975624
0.975746
0.975868
0.976051
0.976112
0.976234
0.976357
0.97654
0.976662
0.976715
0.976807
0.976868
0.976929
0.97699
0.977051
0.977112
0.977173
0.977203
0.977203
0.977203
0.977203
0.977203
0.977203
0.977203
0.977203
0.977203
0.977203
0.977203
0.977203
0.977203
0.977203
0.977203
0.977203
0.977203
0.977203
0.977203
0.977203
0.977203
0.977203
0.977203
0.977203
0.977203
0.977203
0.977203
0.977203
0.977203
0.977203
0.977203
0.977203
0.977203
0.977203
0.977203
0.977203
0.977203
0.977203
0.977203
0.977203
0.977203
0.977264
0.977325
0.977386
0.977448
0.977509
0.97757
0.977631
0.977692
0.977753
0.977814
0.977875
0.977936
0.977997
0.978058
0.978149
0.97818
0.978241
0.978333
0.978394
0.978455
0.978516
0.978577
0.978607
0.978668
0.978729
0.978821
0.978828
0.978828
0.978828
0.978828
0.978828
0.978828
0.978828
0.978828
0.978828
0.978828
0.978828
0.978828
0.978828
0.978828
0.978828
0.978828
0.978828
0.978828
0.978828
0.978828
0.978828
0.978828
0.978828
0.978828
0.978828
0.97892
0.978981
0.979042
0.979103
0.979164
0.979225
0.979286
0.979378
0.979439
0.9795
0.979561
0.979622
0.979683
0.979744
0.979805
0.979866
0.979927
0.979988
0.980049
0.98011
0.980171
0.980232
0.980324
0.980331
0.980331
0.980331
0.980331
0.980331
0.980331
0.980331
0.980331
0.980331
0.980331
0.980331
0.980331
0.980331
0.980331
0.980331
0.980331
0.980331
0.980331
0.980331
0.980331
0.980331
0.980331
0.980331
0.980331
0.980331
0.980331
0.980392
0.980484
0.980545
0.980606
0.980667
0.980728
0.980789
0.98085
0.980911
0.980972
0.981033
0.981094
0.981155
0.981216
0.981277
0.981339
0.9814
0.981461
0.981522
0.981583
0.981644
0.981705
0.981735
0.981735
0.981735
0.981735
0.981735
0.981735
0.981735
0.981735
0.981735
0.981735
0.981735
0.981735
0.981735
0.981735
0.981735
0.981735
0.981735
0.981735
0.981735
0.981735
0.981735
0.981735
0.981735
0.981735
0.981735
0.981735
0.981735
0.981758
0.981819
0.981911
0.981972
0.982033
0.982094
0.982155
0.982216
0.982277
0.982338
0.982399
0.98246
0.982521
0.982582
0.982643
0.982704
0.982765
0.982826
0.982887
0.982948
0.983009
0.983063
0.983063
0.983063
0.983063
0.983063
0.983063
0.983063
0.983063
0.983063
0.983063
0.983063
0.983063
0.983063
0.983063
0.983063
0.983063
0.983063
0.983063
0.983063
0.983063
0.983063
0.983063
0.983063
0.983063
0.983063
0.983063
0.983063
0.983063
0.983063
0.983078
0.983139
0.9832
0.983261
0.983322
0.983383
0.983444
0.983505
0.983566
0.983627
0.983688
0.983749
0.98381
0.983871
0.983932
0.983994
0.984055
0.984116
0.984207
0.984238
0.984299
0.98436
0.98436
0.98436
0.98436
0.98436
0.98436
0.98436
0.98436
0.98436
0.98436
0.98436
0.98436
0.98436
0.98436
0.98436
0.98436
0.98436
0.98436
0.98436
0.98436
0.98436
0.98436
0.98436
0.98436
0.98436
0.98436
0.98436
0.98436
0.98436
0.98436
0.98436
0.98436
0.984421
0.984482
0.984543
0.984604
0.984665
0.984726
0.984787
0.984848
0.984909
0.98497
0.985031
0.985092
0.985153
0.985214
0.985275
0.985336
0.985397
0.985458
0.985519
0.98558
0.985641
0.985664
0.985664
0.985664
0.985664
0.985664
0.985664
0.985664
0.985664
0.985664
0.985664
0.985664
0.985664
0.985664
0.985664
0.985664
0.985664
0.985664
0.985664
0.985664
0.985664
0.985664
0.985664
0.985664
0.985664
0.985664
0.985664
0.985664
0.985664
0.985664
0.985664
0.985664
0.985664
0.985664
0.985664
0.985703
0.985764
0.985825
0.985886
0.985947
0.986008
0.986069
0.98613
0.986191
0.986252
0.986313
0.986374
0.986435
0.986496
0.986557
0.986618
0.986679
0.98674
0.986801
0.986862
0.98687
0.98687
0.98687
0.98687
0.98687
0.98687
0.98687
0.98687
0.98687
0.98687
0.98687
0.98687
0.98687
0.98687
0.98687
0.98687
0.98687
0.98687
0.98687
0.98687
0.98687
0.98687
0.98687
0.98687
0.98687
0.98687
0.98687
0.98687
0.98687
0.98687
0.98687
0.98687
0.98687
0.98687
0.986893
0.986954
0.987015
0.987076
0.987137
0.987198
0.987259
0.98732
0.987381
0.987442
0.987503
0.987564
0.987625
0.987686
0.987747
0.987808
0.987869
0.98793
0.987991
0.987999
0.987999
0.987999
0.987999
0.987999
0.987999
0.987999
0.987999
0.987999
0.987999
0.987999
0.987999
0.987999
0.987999
0.987999
0.987999
0.987999
0.987999
0.987999
0.987999
0.987999
0.987999
0.987999
0.987999
0.987999
0.987999
0.987999
0.987999
0.987999
0.987999
0.987999
0.987999
0.987999
0.987999
0.987999
0.987999
0.988029
0.988091
0.988152
0.988213
0.988274
0.988335
0.988396
0.988457
0.988518
0.988579
0.98864
0.988701
0.988762
0.988823
0.988884
0.988945
0.989006
0.989067
0.989067
0.989067
0.989067
0.989067
0.989067
0.989067
0.989067
0.989067
0.989067
0.989067
0.989067
0.989067
0.989067
0.989067
0.989067
0.989067
0.989067
0.989067
0.989067
0.989067
0.989067
0.989067
0.989067
0.989067
0.989067
0.989067
0.989067
0.989067
0.989067
0.989067
0.989067
0.989067
0.989067
0.989067
0.989067
0.989067
0.989067
0.989067
0.989067
0.989098
0.989159
0.98922
0.989281
0.989342
0.989403
0.989464
0.989525
0.989586
0.989677
0.989738
0.989799
0.98983
0.989922
0.989983
0.990044
0.990105
0.99012
0.99012
0.99012
0.99012
0.99012
0.99012
0.99012
0.99012
0.99012
0.99012
0.99012
0.99012
0.99012
0.99012
0.99012
0.99012
0.99012
0.99012
0.99012
0.99012
0.99012
0.99012
0.99012
0.99012
0.99012
0.99012
0.99012
0.99012
0.99012
0.99012
0.99012
0.99012
0.99012
0.99012
0.99012
0.99012
0.99012
0.99012
0.99012
0.99012
0.99012
0.99012
0.99012
0.99012
0.990173
0.990234
0.990295
0.990356
0.990417
0.990479
0.99054
0.990601
0.990662
0.990723
0.990784
0.990845
0.990906
0.990967
0.991028
0.991089
0.991142
0.991142
0.991142
0.991142
0.991142
0.991142
0.991142
0.991142
0.991142
0.991142
0.991142
0.991142
0.991142
0.991142
0.991142
0.991142
0.991142
0.991142
0.991142
0.991142
0.991142
0.991142
0.991142
0.991142
0.991142
0.991142
0.991142
0.991142
0.991142
0.991142
0.991142
0.991142
0.991142
0.991142
0.991142
0.991142
0.991142
0.991142
0.991142
0.991142
0.991142
0.991142
0.991142
0.991142
0.991142
0.991142
0.991142
0.991142
0.991142
0.991142
0.991188
0.991249
0.99131
0.991371
0.991432
0.991524
0.991554
0.991646
0.991707
0.991768
0.991829
0.99189
0.991951
0.992012
0.992073
0.992134
0.992149
0.992149
0.992149
0.992149
0.992149
0.992149
0.992149
0.992149
0.992149
0.992149
0.992149
0.992149
0.992149
0.992149
0.992149
0.992149
0.992149
0.992149
0.992149
0.992149
0.992149
0.992149
0.992149
0.992149
0.992149
0.992149
0.992149
0.992149
0.992149
0.992149
0.992149
0.992149
0.992149
0.992149
0.992149
0.992149
0.992149
0.992149
0.992149
0.992149
0.992149
0.992149
0.992149
0.992149
0.992149
0.992149
0.992149
0.992149
0.992149
0.992149
0.992149
0.992149
0.992149
0.992149
0.992149
0.992149
0.992203
0.992264
0.992325
0.992386
0.992447
0.992477
0.992569
0.99263
0.992691
0.992752
0.992813
0.992874
0.992935
0.992996
0.993057
0.993095
0.993095
0.993095
0.993095
0.993095
0.993095
0.993095
0.993095
0.993095
0.993095
0.993095
0.993095
0.993095
0.993095
0.993095
0.993095
0.993095
0.993095
0.993095
0.993095
0.993095
0.993095
0.993095
0.993095
0.993095
0.993095
0.993095
