0
3.05177e-05
6.10353e-05
9.15526e-05
0.00012207
0.000167847
0.00025177
0.000534058
0.00120926
0.00249863
0.00464249
0.00997543
0.015255
0.0221252
0.0307503
0.0412521
0.0537109
0.0681725
0.0846405
0.103073
0.123409
0.145538
0.169323
0.194641
0.221321
0.249203
0.278118
0.30788
0.338306
0.369213
0.40041
0.431732
0.462994
0.509422
0.524696
0.569649
0.598721
0.612934
0.640644
0.667309
0.70509
0.717045
0.750858
0.771629
0.781471
0.808861
0.825321
0.833019
0.853989
0.866211
0.877079
0.886639
0.894932
0.902046
0.908047
0.913002
0.916985
0.920082
0.922367
0.923939
0.924873
0.92527
0.925198
0.924744
0.923977
0.922981
0.921822
0.920559
0.91925
0.917953
0.916126
0.915569
0.914562
0.913719
0.912819
0.912498
0.91243
0.912548
0.912724
0.913616
0.914513
0.915627
0.916973
0.91853
0.92028
0.922211
0.924294
0.926517
0.930058
0.932533
0.93507
0.937649
0.940243
0.942837
0.94669
0.9492
0.951645
0.95401
0.956287
0.958466
0.960541
0.962509
0.964355
0.96608
0.967682
0.969151
0.970505
0.971741
0.972858
0.974335
0.974773
0.975948
0.976292
0.9772
0.977703
0.97813
0.978489
0.978779
0.979008
0.979183
0.979309
0.979385
0.979416
0.979404
0.979359
0.979279
0.979168
0.979031
0.97887
0.978687
0.978485
0.978271
0.978043
0.977798
0.977554
0.97731
0.977066
0.9767
0.976578
0.976334
0.976089
0.975845
0.975479
0.975266
0.975159
0.974838
0.974655
0.974472
0.9743
0.974148
0.973999
0.973877
0.973755
0.973656
0.973564
0.973484
0.973423
0.973362
0.973328
0.973297
0.973267
0.973259
0.973259
0.973259
0.973259
0.973286
0.973316
0.973362
0.973377
0.973408
0.973438
0.973469
0.973515
0.973545
0.973606
0.973698
0.973759
0.97382
0.973881
0.973942
0.973991
0.974022
0.974052
0.974083
0.974113
0.974144
0.974174
0.974205
0.974236
0.974266
0.974297
0.974327
0.974358
0.974403
0.974434
0.974464
0.974495
0.974525
0.974556
0.974586
0.974617
0.974648
0.974678
0.974709
0.974739
0.974785
0.974815
0.974846
0.974876
0.974907
0.974937
0.974968
0.974998
0.975029
0.97506
0.97509
0.975121
0.975151
0.975182
0.975212
0.975243
0.975288
0.975319
0.975334
0.975365
0.975395
0.975441
0.975456
0.975502
0.975533
0.975563
0.975594
0.975624
0.975655
0.975685
0.975716
0.975746
0.975777
0.975807
0.975838
0.975868
0.975899
0.975929
0.97596
0.97599
0.976021
0.976051
0.976082
0.976112
0.976143
0.976173
0.976219
0.976234
0.97628
0.976295
0.976341
0.976372
0.976387
0.976418
0.976463
0.976494
0.976524
0.976555
0.976585
0.976616
0.976646
0.976677
0.976707
0.976738
0.976768
0.976799
0.97683
0.97686
0.976891
0.976921
0.976952
0.976982
0.977013
0.977043
0.977074
0.977104
0.977135
0.977165
0.977196
0.977226
0.977257
0.977287
0.977318
0.977348
0.977394
0.977425
0.97744
0.977486
0.977516
0.977547
0.977577
0.977608
0.977638
0.977669
0.977699
0.97773
0.97776
0.977791
0.977837
0.977879
0.97794
0.978001
0.978062
0.978123
0.978214
0.978275
0.978306
0.978367
0.978458
0.978519
0.978565
0.978596
0.978626
0.978657
0.978687
0.978718
0.978748
0.978779
0.978809
0.978855
0.97887
0.978916
0.978947
0.978977
0.979008
0.979038
0.979069
0.979099
0.97913
0.97916
0.979191
0.979221
0.979252
0.979282
0.979313
0.979343
0.979374
0.979404
0.979435
0.979465
0.979496
0.979527
0.979557
0.979588
0.979618
0.979649
0.979679
0.97971
0.97974
0.979771
0.979801
0.979832
0.979862
0.979908
0.979923
0.979954
0.979984
0.98003
0.980061
0.980091
0.980122
0.980152
0.980183
0.980213
0.980244
0.980274
0.980305
0.980335
0.980366
0.980396
0.980442
0.980473
0.980503
0.980534
0.980564
0.980595
0.980625
0.980671
0.980686
0.980717
0.980762
0.980793
0.980824
0.980854
0.980885
0.980915
0.980946
0.980976
0.981007
0.981037
0.981068
0.981098
0.981129
0.981159
0.981205
0.981236
0.981266
0.981297
0.981327
0.981358
0.981388
0.981419
0.981449
0.98148
0.98151
0.981541
0.981571
0.981602
0.981632
0.981663
0.981693
0.981724
0.981754
0.981785
0.981815
0.981846
0.981876
0.981907
0.981937
0.981968
0.981998
0.982044
0.982075
0.98209
0.982136
0.982151
0.982197
0.982227
0.982258
0.982288
0.982304
0.982349
0.98238
0.98241
0.982441
0.982471
0.982502
0.982533
0.982563
0.982594
0.982624
0.982655
0.982685
0.982716
0.982746
0.982777
0.982807
0.982838
0.982868
0.982899
0.982929
0.98296
0.98299
0.983021
0.983051
0.983082
0.983128
0.983143
0.983173
0.983204
0.98325
0.98328
0.983295
0.983341
0.983372
0.983402
0.983433
0.983463
0.983494
0.983524
0.983555
0.983585
0.983616
0.983646
0.983677
0.983707
0.983738
0.983768
0.983799
0.983829
0.98386
0.983891
0.983921
0.983952
0.983982
0.984013
0.984043
0.984074
0.984104
0.98415
0.98418
0.984211
0.984241
0.984272
0.984303
0.984333
0.984364
0.984394
0.984425
0.984455
0.984486
0.984516
0.984547
0.984577
0.984608
0.984638
0.984669
0.984699
0.98473
0.984776
0.984806
0.984837
0.984867
0.984898
0.984928
0.984959
0.984989
0.985035
0.985065
0.985096
0.985126
0.985157
0.985188
0.985218
0.985264
0.985294
0.985325
0.985355
0.985386
0.985416
0.985447
0.98547
0.98547
0.98547
0.98547
0.98547
0.98547
0.98547
0.98547
0.98547
0.98547
0.98547
0.98547
0.98547
0.985474
0.985504
0.985535
0.985565
0.985611
0.985626
0.985672
0.985703
0.985733
0.985764
0.985794
0.985825
0.985855
0.985886
0.985916
0.985947
0.985977
0.986008
0.986038
0.986069
0.986099
0.98613
0.98616
0.986191
0.986221
0.986252
0.986282
0.986313
0.986343
0.986374
0.986404
0.986435
0.986465
0.986496
0.986526
0.986557
0.986588
0.986618
0.986664
0.986679
0.98671
0.98674
0.986771
0.986816
0.986832
0.986862
0.986908
0.986923
0.986969
0.986984
0.98703
0.987061
0.987076
0.987122
0.987122
0.987122
0.987122
0.987122
0.987122
0.987122
0.987122
0.987122
0.987122
0.987122
0.987122
0.987122
0.987122
0.987122
0.987122
0.987144
0.987175
0.987206
0.987236
0.987267
0.987297
0.987328
0.987358
0.987389
0.987419
0.98745
0.98748
0.987511
0.987556
0.987587
0.987617
0.987648
0.987679
0.987709
0.98774
0.98777
0.987801
0.987831
0.987862
0.987907
0.987938
0.987968
0.987999
0.988045
0.988075
0.988106
0.988136
0.988167
0.988197
0.988228
0.988258
0.988289
0.988304
0.988304
0.988304
0.988304
0.988304
0.988304
0.988304
0.988304
0.988304
0.988304
0.988304
0.988304
0.988304
0.988304
0.988304
0.988304
0.988312
0.988342
0.988373
0.988403
0.988434
0.988464
0.988495
0.988525
0.988556
0.988586
0.988617
0.988647
0.988678
0.988708
0.988739
0.98877
0.9888
0.988831
0.988861
0.988892
0.988922
0.988953
0.988983
0.989014
0.989059
0.989075
0.989105
0.989136
0.989166
0.989197
0.989227
0.989258
0.989304
0.989319
0.989349
0.989349
0.989349
0.989349
0.989349
0.989349
0.989349
0.989349
0.989349
0.989349
0.989349
0.989349
0.989349
0.989349
0.989349
0.989349
0.989349
0.989349
0.989353
0.989384
0.989414
0.989445
0.989475
0.989506
0.989536
0.989567
0.989597
0.989628
0.989658
0.989689
0.989719
0.98975
0.98978
0.989811
0.989857
0.989887
0.989918
0.989948
0.989979
0.990009
0.99004
0.99007
0.990101
0.990131
0.990162
0.990192
0.990223
0.99025
0.99025
0.99025
0.99025
0.99025
0.99025
0.99025
0.99025
0.99025
0.99025
0.99025
0.99025
0.99025
0.99025
0.99025
0.99025
0.99025
0.99025
0.99025
0.99025
0.990253
0.990284
0.990314
0.990345
0.990376
0.990406
0.990437
0.990467
0.990498
0.990528
0.990559
0.990589
0.99062
0.99065
0.990696
0.990711
0.990757
0.990788
0.990818
0.990849
0.990879
0.99091
0.99094
0.990971
0.991001
0.991032
0.991062
0.991066
0.991066
0.991066
0.991066
0.991066
0.991066
0.991066
0.991066
0.991066
0.991066
0.991066
0.991066
0.991066
0.991066
0.991066
0.991066
0.991066
0.991066
0.991066
0.991066
0.991066
0.991066
0.991077
0.991123
0.991154
0.991184
0.991215
0.991245
0.991276
0.991306
0.991337
0.991367
0.991398
0.991428
0.991459
0.991489
0.99152
0.99155
0.991581
0.991611
0.991642
0.991673
0.991703
0.991734
0.991764
0.991776
0.991776
0.991776
0.991776
0.991776
0.991776
0.991776
0.991776
0.991776
0.991776
0.991776
0.991776
0.991776
0.991776
0.991776
0.991776
0.991776
0.991776
0.991776
0.991776
0.991776
0.991776
0.991776
0.991783
0.991814
0.991844
0.991875
0.991905
0.991936
0.991982
0.992012
0.992027
0.992058
0.992104
0.992134
0.992165
0.992195
0.992226
0.992256
0.992287
0.992317
0.992348
0.992378
0.992409
0.992439
0.992439
0.992439
0.992439
0.992439
0.992439
0.992439
0.992439
0.992439
0.992439
0.992439
0.992439
0.992439
0.992439
0.992439
0.992439
0.992439
0.992439
0.992439
0.992439
0.992439
0.992439
0.992439
0.992439
0.992439
0.992443
0.992474
0.992504
0.992535
0.992565
0.992596
0.992626
0.992657
0.992702
0.992733
0.992764
0.992794
0.992825
0.992855
0.992886
0.992916
0.992947
0.992977
0.993008
0.993038
0.993069
0.993092
0.993092
0.993092
0.993092
0.993092
0.993092
0.993092
0.993092
0.993092
0.993092
0.993092
0.993092
0.993092
0.993092
0.993092
0.993092
0.993092
0.993092
0.993092
0.993092
0.993092
0.993092
0.993092
0.993092
0.993092
0.993092
0.993092
0.993092
0.993111
0.993141
0.993172
0.993202
0.993233
0.993263
0.993294
0.993324
0.993355
0.993385
0.993416
0.993446
0.993477
0.993507
0.993538
0.993568
0.993599
0.993629
0.99366
0.99369
0.99371
0.99371
0.99371
0.99371
0.99371
0.99371
0.99371
0.99371
0.99371
0.99371
0.99371
0.99371
0.99371
0.99371
0.99371
0.99371
0.99371
0.99371
