0
4.57765e-05
6.10353e-05
0.000106811
0.000137329
0.000152588
0.00019455
0.000534058
0.000808716
0.00249863
0.00344849
0.00788116
0.0124359
0.0184898
0.0262184
0.0357666
0.0472412
0.0607109
0.0762062
0.0937119
0.113178
0.145866
0.169811
0.195301
0.222172
0.250233
0.279297
0.309155
0.339603
0.370434
0.401447
0.432468
0.463322
0.493847
0.523895
0.567764
0.582005
0.609825
0.636669
0.662437
0.698891
0.710411
0.74295
0.753109
0.772373
0.798626
0.814354
0.82169
0.84161
0.853191
0.863461
0.872478
0.880287
0.886971
0.892597
0.89724
0.900967
0.903866
0.906021
0.907516
0.90844
0.908875
0.908905
0.908611
0.908062
0.907333
0.906487
0.905579
0.904667
0.903801
0.903023
0.90237
0.901691
0.901562
0.901478
0.901707
0.90218
0.902897
0.903858
0.905033
0.906452
0.908085
0.90992
0.911949
0.914146
0.916492
0.918964
0.921543
0.924202
0.926922
0.929668
0.932446
0.935192
0.937916
0.940586
0.943192
0.945721
0.948154
0.950493
0.952724
0.954845
0.956856
0.958748
0.960526
0.962189
0.963734
0.965168
0.966496
0.967712
0.96883
0.969849
0.970772
0.971603
0.972351
0.973019
0.973602
0.974113
0.974556
0.97493
0.975243
0.975498
0.975697
0.975845
0.975948
0.976006
0.976021
0.976002
0.975948
0.975861
0.975746
0.975605
0.975353
0.975262
0.975063
0.974743
0.974636
0.974277
0.974155
0.973911
0.973667
0.973423
0.973057
0.972824
0.97261
0.972397
0.972187
0.972004
0.971821
0.971657
0.971504
0.971371
0.971191
0.9711
0.971012
0.970951
0.97089
0.97086
0.970829
0.970818
0.970818
0.970818
0.970863
0.970894
0.970924
0.970985
0.971046
0.971107
0.971169
0.97123
0.971291
0.971352
0.971443
0.971504
0.971565
0.971626
0.971687
0.971748
0.97184
0.97187
0.971962
0.972023
0.972084
0.972145
0.972206
0.972271
0.972286
0.972332
0.972347
0.972393
0.972424
0.972454
0.972485
0.972515
0.972546
0.972576
0.972607
0.972652
0.972683
0.972713
0.972744
0.972775
0.972805
0.972836
0.972881
0.972912
0.972942
0.972973
0.973003
0.973034
0.973064
0.973095
0.973125
0.973156
0.973202
0.973232
0.973263
0.973293
0.973324
0.973354
0.973385
0.973415
0.973446
0.973476
0.973507
0.973537
0.973568
0.973598
0.973629
0.97366
0.973705
0.973721
0.973766
0.973782
0.973812
0.973843
0.973873
0.973919
0.973934
0.97398
0.973995
0.974026
0.974072
0.974087
0.974133
0.974148
0.974178
0.974209
0.974255
0.974285
0.974316
0.974346
0.974377
0.974407
0.974438
0.974468
0.974499
0.974529
0.97456
0.97459
0.974621
0.974651
0.974682
0.974712
0.974743
0.974773
0.974804
0.974834
0.974892
0.974953
0.975014
0.975075
0.975136
0.975197
0.975258
0.975319
0.97538
0.975441
0.975502
0.975563
0.975624
0.975685
0.975777
0.975807
0.975849
0.97588
0.97591
0.975956
0.975971
0.976017
0.976032
0.976078
0.976109
0.976124
0.97617
0.9762
0.976231
0.976261
0.976292
0.976322
0.976353
0.976383
0.976429
0.97646
0.97649
0.976521
0.976551
0.976582
0.976612
0.976643
0.976688
0.976704
0.976749
0.97678
0.976795
0.976841
0.976871
0.976887
0.976933
0.976963
0.976994
0.977024
0.977055
0.977085
0.977116
0.977161
0.977192
0.977222
0.977253
0.977283
0.977314
0.977345
0.977375
0.977406
0.977436
0.977467
0.977497
0.977528
0.977558
0.977589
0.977619
0.97765
0.97768
0.977711
0.977741
0.977772
0.977802
0.977833
0.977863
0.977894
0.977924
0.977955
0.977985
0.978016
0.978046
0.978092
0.978153
0.978214
0.978306
0.978336
0.978397
0.978458
0.978519
0.978611
0.978672
0.978733
0.978764
0.978832
0.978863
0.978893
0.978924
0.978954
0.978985
0.979015
0.979046
0.979076
0.979107
0.979137
0.979168
0.979198
0.979229
0.979259
0.97929
0.979321
0.979351
0.979382
0.979412
0.979443
0.979473
0.979504
0.979534
0.979549
0.979595
0.979626
0.979656
0.979687
0.979717
0.979748
0.979778
0.979809
0.979839
0.97987
0.979916
0.979931
0.979961
0.980007
0.980022
0.980053
0.980083
0.980129
0.98016
0.980175
0.980206
0.980236
0.980267
0.980297
0.980328
0.980358
0.980389
0.980434
0.98045
0.98048
0.980511
0.980556
0.980587
0.980618
0.980648
0.980679
0.980709
0.98074
0.98077
0.980801
0.980831
0.980877
0.980907
0.980938
0.980968
0.980999
0.98103
0.98106
0.981091
0.981121
0.981152
0.981182
0.981213
0.981243
0.981289
0.981304
0.98135
0.981365
0.981396
0.981441
0.981457
0.981487
0.981518
0.981548
0.981579
0.981609
0.981655
0.981686
0.981701
0.981747
0.981777
0.981808
0.981838
0.981869
0.981899
0.98193
0.98196
0.981991
0.982021
0.982052
0.982082
0.982113
0.982143
0.982174
0.982204
0.982235
0.982265
0.982296
0.982327
0.982357
0.982403
0.982433
0.982464
0.982494
0.982525
0.982555
0.982586
0.982616
0.982647
0.982677
0.982723
0.982738
0.982769
0.982815
0.98283
0.982861
0.982906
0.982922
0.982967
0.982983
0.983028
0.983044
0.983074
0.98312
0.983135
0.983181
0.983212
0.983242
0.983273
0.983303
0.983334
0.983364
0.983395
0.983425
0.983456
0.983486
0.983517
0.983547
0.983578
0.983624
0.983654
0.983685
0.983715
0.983746
0.983776
0.983807
0.983837
0.983868
0.983898
0.983929
0.983959
0.98399
0.984035
0.984066
0.984097
0.984127
0.984158
0.984188
0.984219
0.984249
0.98428
0.98431
0.984341
0.984371
0.984402
0.984432
0.984463
0.984493
0.984524
0.984554
0.984585
0.984615
0.984646
0.984676
0.984707
0.984737
0.984768
0.984798
0.984829
0.984859
0.98489
0.984921
0.984951
0.984982
0.985012
0.985043
0.985073
0.985104
0.985134
0.985165
0.985195
0.985226
0.985256
0.985302
0.985321
0.985321
0.985321
0.985321
0.985321
0.985321
0.985321
0.985321
0.985321
0.985321
0.985321
0.985321
0.985321
0.985321
0.985367
0.985397
0.985413
0.985458
0.985489
0.985519
0.98555
0.98558
0.985611
0.985641
0.985672
0.985703
0.985733
0.985764
0.985794
0.985825
0.98587
0.985886
0.985916
0.985962
0.985992
0.986008
0.986053
0.986084
0.986115
0.986145
0.986176
0.986206
0.986237
0.986267
0.986298
0.986328
0.986359
0.986389
0.98642
0.98645
0.986481
0.986511
0.986542
0.986588
0.986618
0.986649
0.986679
0.98671
0.98674
0.986771
0.986801
0.986832
0.986862
0.986893
0.986923
0.986927
0.986927
0.986927
0.986927
0.986927
0.986927
0.986927
0.986927
0.986927
0.986927
0.986927
0.986927
0.986927
0.986927
0.986927
0.986958
0.986973
0.987019
0.987049
0.98708
0.98711
0.987141
0.987171
0.987202
0.987232
0.987263
0.987293
0.987324
0.987354
0.987385
0.987415
0.987446
0.987476
0.987507
0.987537
0.987568
0.987598
0.987629
0.987659
0.98769
0.98772
0.987751
0.987782
0.987812
0.987843
0.987873
0.987904
0.987934
0.987965
0.987995
0.988026
0.988056
0.988087
0.988117
0.988148
0.988178
0.988224
0.988235
0.988235
0.988235
0.988235
0.988235
0.988235
0.988235
0.988235
0.988235
0.988235
0.988235
0.988235
0.988235
0.988235
0.988235
0.988235
0.988235
0.988262
0.988293
0.988323
0.988354
0.988384
0.988415
0.988445
0.988476
0.988506
0.988537
0.988567
0.988598
0.988628
0.988659
0.988689
0.98872
0.98875
0.988781
0.988811
0.988842
0.988873
0.988903
0.988934
0.988964
0.988995
0.989025
0.989056
0.989086
0.989117
0.989147
0.989178
0.989208
0.989254
0.989262
0.989262
0.989262
0.989262
0.989262
0.989262
0.989262
0.989262
0.989262
0.989262
0.989262
0.989262
0.989262
0.989262
0.989262
0.989262
0.989262
0.989262
0.989277
0.989307
0.989338
0.989368
0.989399
0.989429
0.98946
0.989491
0.989521
0.989552
0.989582
0.989613
0.989643
0.989674
0.989704
0.989735
0.989765
0.989811
0.989826
0.989872
0.989902
0.989918
0.989964
0.989994
0.990025
0.990055
0.990086
0.990131
0.990162
0.990192
0.990192
0.990192
0.990192
0.990192
0.990192
0.990192
0.990192
0.990192
0.990192
0.990192
0.990192
0.990192
0.990192
0.990192
0.990192
0.990192
0.990192
0.990192
0.990192
0.990192
0.990192
0.990219
0.99025
0.99028
0.990311
0.990356
0.990372
0.990402
0.990448
0.990463
0.990509
0.99054
0.99057
0.990601
0.990616
0.990662
0.990692
0.990723
0.990753
0.990784
0.990814
0.990845
0.990875
0.990906
0.990936
0.990967
0.990993
0.990993
0.990993
0.990993
0.990993
0.990993
0.990993
0.990993
0.990993
0.990993
0.990993
0.990993
0.990993
0.990993
0.990993
0.990993
0.990993
0.990993
0.990993
0.990993
0.990993
0.990993
0.99102
0.991051
0.991081
0.991112
0.991142
0.991188
0.991203
0.991234
0.991264
0.991295
0.991341
0.991371
0.991402
0.991432
0.991463
0.991493
0.991524
0.991554
0.991585
0.991631
0.991661
0.991692
0.991722
0.991734
0.991734
0.991734
0.991734
0.991734
0.991734
0.991734
0.991734
0.991734
0.991734
0.991734
0.991734
0.991734
0.991734
0.991734
0.991734
0.991734
0.991734
0.991734
0.991734
0.991734
0.991734
0.991734
0.991764
0.991795
0.991825
0.991856
0.991886
0.991932
0.991962
0.991993
0.992023
0.992054
0.992085
0.992115
0.992146
0.992176
0.992207
0.992237
0.992268
0.992298
0.992329
0.992359
0.992386
0.992386
0.992386
0.992386
0.992386
0.992386
0.992386
0.992386
0.992386
0.992386
0.992386
0.992386
0.992386
0.992386
0.992386
0.992386
0.992386
0.992386
0.992386
0.992386
0.992386
0.992386
0.992386
0.992386
0.992386
0.992416
0.992447
0.992477
0.992508
0.992538
0.992569
0.992599
0.99263
0.992661
0.992691
0.992722
0.992752
0.992783
0.992813
0.992844
0.992874
0.992905
0.992935
0.992966
0.992996
0.993008
0.993008
0.993008
0.993008
0.993008
0.993008
0.993008
0.993008
0.993008
0.993008
0.993008
0.993008
0.993008
0.993008
0.993008
0.993008
0.993008
0.993008
0.993008
0.993008
0.993008
0.993008
0.993008
0.993008
0.993008
0.993008
