0
6.10349e-05
0.00012207
0.000183105
0.000274658
0.000305176
0.000442505
0.000556946
0.00102997
0.00200653
0.00373077
0.00644684
0.0129166
0.0191345
0.0228958
0.031868
0.0491867
0.0635452
0.0802765
0.0895386
0.121056
0.145111
0.171524
0.20018
0.230927
0.263557
0.297874
0.333649
0.370621
0.408539
0.447128
0.486145
0.525322
0.564438
0.603264
0.641571
0.679138
0.715782
0.751297
0.785522
0.818291
0.849442
0.878845
0.906372
0.931938
0.966423
0.976852
1.00491
1.01316
1.02805
1.04633
1.05136
1.06339
1.06892
1.07098
1.07374
1.07473
1.07348
1.07086
1.06701
1.06207
1.05619
1.04951
1.04214
1.03011
1.02159
1.01282
1.0039
0.994926
0.986023
0.973
0.964684
0.956749
0.949272
0.942322
0.935951
0.930191
0.92511
0.920715
0.917038
0.914078
0.91185
0.910332
0.909508
0.909363
0.910324
0.911713
0.912613
0.91478
0.917435
0.920509
0.925819
0.927742
0.933876
0.936028
0.940445
0.947273
0.949562
0.95417
0.960999
0.963226
0.969727
0.971809
0.97776
0.9832
0.984879
0.98951
0.992226
0.994637
0.996735
0.998505
0.999947
1.00107
1.00188
1.00237
1.00256
1.00248
1.00212
1.00153
1.00071
0.99971
0.998543
0.997231
0.995796
0.99427
0.992668
0.991005
0.989296
0.987572
0.985802
0.984039
0.98233
0.980629
0.978981
0.977402
0.975891
0.974457
0.973122
0.971886
0.970764
0.969757
0.968872
0.968109
0.967468
0.966957
0.966576
0.966316
0.966171
0.966141
0.966225
0.966415
0.966873
0.967072
0.967529
0.968056
0.968971
0.969307
0.970001
0.9711
0.971466
0.972565
0.972931
0.973663
0.974754
0.97509
0.976067
0.976669
0.976944
0.97747
0.977943
0.978539
0.978714
0.979134
0.979347
0.9795
0.979599
0.979645
0.979645
0.979584
0.979477
0.979324
0.979141
0.978897
0.978638
0.978333
0.97802
0.977654
0.977287
0.976921
0.976501
0.976074
0.975433
0.97522
0.974579
0.974152
0.973785
0.973602
0.973053
0.97274
0.972435
0.972183
0.971954
0.971771
0.971634
0.971535
0.971474
0.971466
0.971497
0.971558
0.97168
0.971809
0.971992
0.972176
0.972397
0.972641
0.972885
0.973129
0.973373
0.973618
0.973862
0.974106
0.97435
0.974556
0.974739
0.974922
0.975105
0.975227
0.975349
0.975471
0.97554
0.975601
0.975662
0.975677
0.975677
0.975677
0.97567
0.975609
0.975517
0.975456
0.975395
0.975296
0.975174
0.975052
0.97493
0.974808
0.974747
0.974625
0.974442
0.974319
0.974197
0.974075
0.973953
0.973862
0.973801
0.97374
0.973679
0.973618
0.973557
0.973503
0.973503
0.973503
0.973503
0.973503
0.973503
0.973549
0.97361
0.973671
0.973732
0.973793
0.973854
0.973915
0.973976
0.974037
0.974098
0.974159
0.97422
0.974342
0.974464
0.974648
0.974709
0.97477
0.974831
0.974892
0.974953
0.975014
0.975105
0.975136
0.975197
0.975258
0.975319
0.97538
0.975441
0.975502
0.975594
0.975624
0.975685
0.975777
0.975838
0.975899
0.975929
0.97599
0.976051
0.976112
0.976143
0.976143
0.976143
0.976143
0.976143
0.976143
0.976143
0.976143
0.976143
0.976143
0.976143
0.976143
0.976143
0.976143
0.976143
0.976143
0.976143
0.976143
0.976143
0.976143
0.976143
0.976143
0.976158
0.976219
0.97628
0.976341
0.976402
0.976463
0.976524
0.976585
0.976646
0.976707
0.976768
0.97683
0.976921
0.976952
0.977013
0.977074
0.977135
0.977226
0.977257
0.977318
0.977409
0.97744
0.977531
0.977592
0.977623
0.977684
0.977776
0.977837
0.977867
0.977867
0.977867
0.977867
0.977867
0.977867
0.977867
0.977867
0.977867
0.977867
0.977867
0.977867
0.977867
0.977867
0.977867
0.977867
0.977867
0.977867
0.977867
0.977867
0.977867
0.977867
0.977867
0.977875
0.977936
0.977997
0.978058
0.978149
0.97821
0.978271
0.978333
0.978394
0.978455
0.978516
0.978577
0.978638
0.978699
0.97879
0.978851
0.978882
0.978943
0.979004
0.979065
0.979156
0.979187
0.979248
0.979309
0.97937
0.979439
0.979439
0.979439
0.979439
0.979439
0.979439
0.979439
0.979439
0.979439
0.979439
0.979439
0.979439
0.979439
0.979439
0.979439
0.979439
0.979439
0.979439
0.979439
0.979439
0.979439
0.979439
0.979439
0.979439
0.979439
0.9795
0.979561
0.979622
0.979683
0.979744
0.979805
0.979866
0.979927
0.979988
0.980049
0.98011
0.980171
0.980232
0.980293
0.980354
0.980415
0.980476
0.980537
0.980598
0.980659
0.980721
0.980782
0.980873
0.980904
0.980995
0.980995
0.980995
0.980995
0.980995
0.980995
0.980995
0.980995
0.980995
0.980995
0.980995
0.980995
0.980995
0.980995
0.980995
0.980995
0.980995
0.980995
0.980995
0.980995
0.980995
0.980995
0.980995
0.980995
0.980995
0.980995
0.980995
0.980995
0.981056
0.981117
0.981178
0.981239
0.9813
0.981361
0.981422
0.981483
0.981544
0.981606
0.981667
0.981758
0.981819
0.98188
0.981941
0.982002
0.982063
0.982124
0.982185
0.982246
0.982307
0.982368
0.982422
0.982422
0.982422
0.982422
0.982422
0.982422
0.982422
0.982422
0.982422
0.982422
0.982422
0.982422
0.982422
0.982422
0.982422
0.982422
0.982422
0.982422
0.982422
0.982422
0.982422
0.982422
0.982422
0.982422
0.982422
0.982422
0.982422
0.982422
0.982422
0.982483
0.982544
0.982605
0.982666
0.982727
0.982788
0.982849
0.98291
0.982971
0.983032
0.983093
0.983154
0.983215
0.983276
0.983337
0.983398
0.983459
0.983521
0.983582
0.983643
0.983704
0.983765
0.98381
0.98381
0.98381
0.98381
0.98381
0.98381
0.98381
0.98381
0.98381
0.98381
0.98381
0.98381
0.98381
0.98381
0.98381
0.98381
0.98381
0.98381
0.98381
0.98381
0.98381
0.98381
0.98381
0.98381
0.98381
0.98381
0.98381
0.98381
0.98381
0.98381
0.98381
0.983818
0.983879
0.98394
0.984001
0.984062
0.984123
0.984184
0.984245
0.984306
0.984367
0.984428
0.984489
0.98455
0.984612
0.984673
0.984734
0.984795
0.984856
0.984917
0.984978
0.985069
0.985092
0.985092
0.985092
0.985092
0.985092
0.985092
0.985092
0.985092
0.985092
0.985092
0.985092
0.985092
0.985092
0.985092
0.985092
0.985092
0.985092
0.985092
0.985092
0.985092
0.985092
0.985092
0.985092
0.985092
0.985092
0.985092
0.985092
0.985092
0.985092
0.985092
0.985092
0.9851
0.98513
0.985191
0.985252
0.985313
0.985405
0.985466
0.985527
0.985558
0.985649
0.98568
0.985771
0.985832
0.985893
0.985954
0.986015
0.986076
0.986137
0.986198
0.986259
0.98632
0.986343
0.986343
0.986343
0.986343
0.986343
0.986343
0.986343
0.986343
0.986343
0.986343
0.986343
0.986343
0.986343
0.986343
0.986343
0.986343
0.986343
0.986343
0.986343
0.986343
0.986343
0.986343
0.986343
0.986343
0.986343
0.986343
0.986343
0.986343
0.986343
0.986343
0.986343
0.986343
0.986343
0.986359
0.98642
0.986481
0.986542
0.986603
0.986664
0.986725
0.986786
0.986847
0.986908
0.986969
0.98703
0.987091
0.987152
0.987213
0.987274
0.987335
0.987396
0.987457
0.987495
0.987495
0.987495
0.987495
0.987495
0.987495
0.987495
0.987495
0.987495
0.987495
0.987495
0.987495
0.987495
0.987495
0.987495
0.987495
0.987495
0.987495
0.987495
0.987495
0.987495
0.987495
0.987495
0.987495
0.987495
0.987495
0.987495
0.987495
0.987495
0.987495
0.987495
0.987495
0.987495
0.987495
0.987495
0.987518
0.987579
0.98764
0.987701
0.987762
0.987823
0.987885
0.987946
0.988007
0.988068
0.988129
0.98819
0.988251
0.988312
0.988373
0.988434
0.988495
0.988556
0.988617
0.98864
0.98864
0.98864
0.98864
0.98864
0.98864
0.98864
0.98864
0.98864
0.98864
0.98864
0.98864
0.98864
0.98864
0.98864
0.98864
0.98864
0.98864
0.98864
0.98864
0.98864
0.98864
0.98864
0.98864
0.98864
0.98864
0.98864
0.98864
0.98864
0.98864
0.98864
0.98864
0.98864
0.98864
0.98864
0.98864
0.98864
0.98864
0.988663
0.988724
0.988785
0.988846
0.988907
0.988968
0.989029
0.98909
0.989151
0.989212
0.989273
0.989334
0.989395
0.989487
0.989517
0.989578
0.989639
0.9897
0.989723
0.989723
0.989723
0.989723
0.989723
0.989723
0.989723
0.989723
0.989723
0.989723
0.989723
0.989723
0.989723
0.989723
0.989723
0.989723
0.989723
0.989723
0.989723
0.989723
0.989723
0.989723
0.989723
0.989723
0.989723
0.989723
0.989723
0.989723
0.989723
0.989723
0.989723
0.989723
0.989723
0.989723
0.989723
0.989723
0.989723
0.989723
0.989723
0.989723
0.989723
0.989723
0.989769
0.98983
0.989891
0.989952
0.990013
0.990074
0.990135
0.990196
0.990257
0.990318
0.990379
0.99044
0.990501
0.990562
0.990623
0.990715
0.990746
0.990761
0.990761
0.990761
0.990761
0.990761
0.990761
0.990761
0.990761
0.990761
0.990761
0.990761
0.990761
0.990761
0.990761
0.990761
0.990761
0.990761
0.990761
0.990761
0.990761
0.990761
0.990761
0.990761
0.990761
0.990761
0.990761
0.990761
0.990761
0.990761
0.990761
0.990761
0.990761
0.990761
0.990761
0.990761
0.990761
0.990761
0.990761
0.990761
0.990761
0.990761
0.990761
0.990761
0.990761
0.990761
0.990761
0.990807
0.990868
0.990929
0.99099
0.991051
0.991112
0.991173
0.991234
0.991295
0.991356
0.991417
0.991478
0.991539
0.991631
0.991692
0.991753
0.991814
0.991814
0.991814
0.991814
0.991814
0.991814
0.991814
0.991814
0.991814
0.991814
0.991814
0.991814
0.991814
0.991814
0.991814
0.991814
0.991814
0.991814
0.991814
0.991814
0.991814
0.991814
0.991814
0.991814
0.991814
0.991814
0.991814
0.991814
0.991814
0.991814
0.991814
0.991814
0.991814
0.991814
0.991814
0.991814
0.991814
0.991814
0.991814
0.991814
0.991814
0.991814
0.991814
0.991814
0.991814
0.991814
0.991814
0.991814
0.991814
0.991814
0.991814
0.991814
0.991814
0.991814
0.991814
0.991875
0.991936
0.991997
0.992058
0.992119
0.99218
0.992241
