0
3.05177e-05
6.10353e-05
9.1553e-05
0.000122071
0.000152588
0.00019455
0.000354767
0.000808716
0.00176239
0.0034523
0.00788498
0.0124397
0.0184937
0.0262222
0.0357704
0.047245
0.0607185
0.0762138
0.0937195
0.123631
0.145874
0.169811
0.195293
0.222145
0.250179
0.279202
0.324123
0.339367
0.385555
0.4165
0.447361
0.477978
0.508156
0.53775
0.566612
0.594589
0.621548
0.647373
0.671974
0.695274
0.71722
0.73777
0.756889
0.77457
0.798405
0.812531
0.825279
0.8367
0.846844
0.855766
0.863529
0.870186
0.875782
0.88039
0.884068
0.888046
0.889
0.890911
0.891495
0.891621
0.891434
0.891212
0.890236
0.8894
0.888493
0.888035
0.886711
0.885933
0.8853
0.884842
0.884594
0.884579
0.884827
0.885342
0.886135
0.887211
0.888565
0.890198
0.892101
0.894253
0.896637
0.900608
0.902027
0.906525
0.909698
0.911324
0.916332
0.919735
0.923153
0.926571
0.929966
0.933308
0.936577
0.939758
0.942829
0.945782
0.948601
0.951283
0.953819
0.956207
0.95845
0.960545
0.96249
0.964291
0.965946
0.967468
0.968857
0.970116
0.971249
0.972271
0.973595
0.973984
0.97501
0.975307
0.975842
0.976494
0.976837
0.977112
0.977325
0.977486
0.977592
0.977654
0.977669
0.977631
0.977558
0.977455
0.977329
0.977177
0.977001
0.976818
0.976608
0.976395
0.976181
0.975941
0.975697
0.975452
0.975208
0.974964
0.97472
0.974503
0.974289
0.974075
0.973866
0.973682
0.973499
0.973255
0.973103
0.972973
0.972912
0.972794
0.972702
0.972576
0.972515
0.972458
0.972427
0.972397
0.972385
0.972385
0.972385
0.972404
0.972435
0.972466
0.972496
0.972542
0.972633
0.972694
0.972755
0.972816
0.972878
0.972939
0.973
0.973061
0.973122
0.973183
0.973244
0.973305
0.973396
0.973427
0.973488
0.973579
0.97364
0.973675
0.973705
0.973736
0.973782
0.973812
0.973843
0.973873
0.973904
0.973934
0.973965
0.973995
0.974026
0.974056
0.974087
0.974117
0.974148
0.974178
0.974224
0.974255
0.974285
0.9743
0.974331
0.974377
0.974407
0.974438
0.974468
0.974499
0.974529
0.97456
0.97459
0.974621
0.974651
0.974682
0.974712
0.974743
0.974773
0.974804
0.974834
0.974865
0.974895
0.974926
0.974957
0.974987
0.975018
0.975048
0.975079
0.975109
0.97514
0.97517
0.975201
0.975246
0.975262
0.975292
0.975338
0.975368
0.975399
0.97543
0.97546
0.975491
0.975521
0.975552
0.975582
0.975613
0.975643
0.975674
0.975704
0.975735
0.975765
0.975811
0.975826
0.975857
0.975887
0.975933
0.975964
0.975994
0.976025
0.976055
0.976086
0.976116
0.976147
0.976177
0.976223
0.976238
0.976269
0.976315
0.97633
0.97636
0.976391
0.976421
0.976452
0.976482
0.976513
0.976559
0.976589
0.97662
0.97665
0.976681
0.976711
0.976742
0.976772
0.976803
0.976833
0.976864
0.976894
0.976925
0.976986
0.977047
0.977108
0.977169
0.97723
0.977291
0.977352
0.977413
0.977474
0.977535
0.977596
0.977657
0.977718
0.977772
0.977802
0.977833
0.977863
0.977894
0.977924
0.977955
0.977985
0.978016
0.978046
0.978077
0.978107
0.978138
0.978184
0.978199
0.97823
0.978275
0.978306
0.978336
0.978352
0.978397
0.978428
0.978458
0.978489
0.978519
0.97855
0.97858
0.978611
0.978642
0.978672
0.978703
0.978733
0.978764
0.978794
0.97884
0.97887
0.978901
0.978931
0.978962
0.978992
0.979023
0.979053
0.979099
0.97913
0.97916
0.979191
0.979221
0.979252
0.979282
0.979328
0.979359
0.979389
0.97942
0.97945
0.979481
0.979511
0.979542
0.979572
0.979603
0.979633
0.979664
0.979694
0.979725
0.979755
0.979786
0.979816
0.979862
0.979893
0.979923
0.979939
0.979984
0.980015
0.980045
0.980076
0.980106
0.980137
0.980167
0.980198
0.980228
0.980274
0.980289
0.980335
0.980366
0.980381
0.980412
0.980457
0.980488
0.980518
0.980549
0.980579
0.980625
0.98064
0.980686
0.980717
0.980747
0.980778
0.980808
0.980839
0.980869
0.9809
0.98093
0.980961
0.980991
0.981022
0.981052
0.981098
0.981129
0.981159
0.98119
0.98122
0.981251
0.981281
0.981312
0.981342
0.981388
0.981419
0.981449
0.98148
0.981525
0.981556
0.981586
0.981617
0.981647
0.981678
0.981709
0.981739
0.98177
0.9818
0.981831
0.981861
0.981892
0.981937
0.981953
0.981998
0.982014
0.982059
0.982075
0.982121
0.982151
0.982182
0.982212
0.982243
0.982273
0.982304
0.982334
0.982365
0.982395
0.982426
0.982456
0.982487
0.982517
0.982548
0.982594
0.982609
0.982639
0.98267
0.9827
0.982731
0.982777
0.982807
0.982838
0.982853
0.982899
0.982929
0.98296
0.98299
0.983021
0.983051
0.983097
0.983112
0.983143
0.983173
0.983219
0.98325
0.98328
0.983311
0.983341
0.983372
0.983402
0.983433
0.983463
0.983494
0.983524
0.983555
0.983601
0.983631
0.983662
0.983692
0.983723
0.983738
0.983784
0.983814
0.983845
0.983875
0.983906
0.983936
0.983967
0.983997
0.984028
0.984058
0.984089
0.984119
0.98415
0.98418
0.984211
0.984241
0.984287
0.984318
0.984348
0.984379
0.984409
0.98444
0.98447
0.984516
0.984547
0.984577
0.984608
0.984638
0.984669
0.984699
0.98473
0.98476
0.984806
0.984821
0.984867
0.984898
0.984928
0.984959
0.984989
0.98502
0.98505
0.985096
0.985111
0.985142
0.985172
0.985218
0.985249
0.985279
0.98531
0.98534
0.985371
0.985401
0.985432
0.985462
0.985493
0.985523
0.985554
0.985584
0.985615
0.985622
0.985622
0.985622
0.985622
0.985622
0.985622
0.985622
0.985622
0.985622
0.985622
0.985622
0.985622
0.985622
0.985641
0.985672
0.985703
0.985733
0.985764
0.985794
0.985825
0.985855
0.985901
0.985916
0.985947
0.985977
0.986023
0.986053
0.986084
0.986115
0.986145
0.986176
0.986206
0.986237
0.986267
0.986313
0.986343
0.986359
0.986389
0.986435
0.986465
0.986496
0.986526
0.986542
0.986588
0.986618
0.986649
0.986679
0.98671
0.98674
0.986771
0.986801
0.986832
0.986847
0.986893
0.986923
0.986954
0.986984
0.987015
0.987045
0.987076
0.987106
0.987137
0.987167
0.987167
0.987167
0.987167
0.987167
0.987167
0.987167
0.987167
0.987167
0.987167
0.987167
0.987167
0.987167
0.987167
0.987167
0.987198
0.987228
0.987259
0.987289
0.98732
0.98735
0.987381
0.987411
0.987442
0.987473
0.987503
0.987534
0.987564
0.987595
0.987625
0.987656
0.987701
0.987717
0.987762
0.987793
0.987823
0.987854
0.987885
0.987915
0.987946
0.987976
0.988007
0.988037
0.988068
0.988098
0.988129
0.988159
0.98819
0.98822
0.988251
0.988281
0.988312
0.988342
0.988361
0.988361
0.988361
0.988361
0.988361
0.988361
0.988361
0.988361
0.988361
0.988361
0.988361
0.988361
0.988361
0.988361
0.988361
0.988361
0.988361
0.988384
0.988415
0.988445
0.988476
0.988506
0.988537
0.988567
0.988598
0.988628
0.988659
0.988705
0.98872
0.98875
0.988781
0.988827
0.988857
0.988888
0.988918
0.988949
0.988979
0.98901
0.98904
0.989071
0.989101
0.989147
0.989178
0.989193
0.989239
0.989269
0.9893
0.98933
0.989334
0.989334
0.989334
0.989334
0.989334
0.989334
0.989334
0.989334
0.989334
0.989334
0.989334
0.989334
0.989334
0.989334
0.989334
0.989334
0.989334
0.989338
0.989368
0.989399
0.989429
0.98946
0.989491
0.989521
0.989552
0.989582
0.989613
0.989643
0.989674
0.989704
0.989735
0.989765
0.989811
0.989841
0.989857
0.989902
0.989918
0.989948
0.989994
0.990025
0.990055
0.990086
0.990116
0.990147
0.990177
0.990208
0.990253
0.990273
0.990273
0.990273
0.990273
0.990273
0.990273
0.990273
0.990273
0.990273
0.990273
0.990273
0.990273
0.990273
0.990273
0.990273
0.990273
0.990273
0.990273
0.990273
0.990273
0.990273
0.99028
0.990311
0.990341
0.990372
0.990402
0.990433
0.990463
0.990494
0.990524
0.990555
0.990585
0.990616
0.990646
0.990677
0.990707
0.990738
0.990768
0.990799
0.990845
0.99086
0.990891
0.990921
0.990952
0.990982
0.991013
0.991043
0.991074
0.991089
0.991089
0.991089
0.991089
0.991089
0.991089
0.991089
0.991089
0.991089
0.991089
0.991089
0.991089
0.991089
0.991089
0.991089
0.991089
0.991089
0.991089
0.991089
0.991089
0.991089
0.991104
0.991135
0.991165
0.991196
0.991226
0.991272
0.991302
0.991333
0.991364
0.991394
0.991425
0.991455
0.991486
0.991516
0.991547
0.991577
0.991608
0.991638
0.991669
0.991699
0.99173
0.99176
0.991791
0.991817
0.991817
0.991817
0.991817
0.991817
0.991817
0.991817
0.991817
0.991817
0.991817
0.991817
0.991817
0.991817
0.991817
0.991817
0.991817
0.991817
0.991817
0.991817
0.991817
0.991817
0.991817
0.991817
0.991817
0.991844
0.991875
0.991905
0.991936
0.991966
0.991997
0.992027
0.992058
0.992088
0.992119
0.992149
0.99218
0.99221
0.992241
0.992271
0.992302
0.992332
0.992363
0.992393
0.992424
0.992455
0.992477
0.992477
0.992477
0.992477
0.992477
0.992477
0.992477
0.992477
0.992477
0.992477
0.992477
0.992477
0.992477
0.992477
0.992477
0.992477
0.992477
0.992477
0.992477
0.992477
0.992477
0.992477
0.992477
0.992477
0.992477
0.992477
0.992496
0.992527
0.992558
0.992588
0.992634
0.992649
0.99268
0.992725
0.992756
0.992786
0.992817
0.992847
0.992878
0.992908
0.992939
0.99297
0.993
0.993031
0.993061
0.993092
0.993092
0.993092
0.993092
0.993092
0.993092
0.993092
0.993092
0.993092
0.993092
0.993092
0.993092
0.993092
0.993092
0.993092
0.993092
0.993092
0.993092
0.993092
0.993092
0.993092
0.993092
0.993092
0.993092
0.993092
0.993092
0.993092
0.993092
0.993107
0.993137
0.993168
0.993198
0.993229
0.993259
0.99329
0.99332
0.993351
0.993382
0.993412
0.993443
0.993473
0.993504
0.993534
0.993565
0.99361
0.993626
0.993671
0.99369
0.99369
0.99369
0.99369
0.99369
0.99369
0.99369
0.99369
0.99369
0.99369
0.99369
0.99369
