0
6.10349e-05
0.00012207
0.000183106
0.000244141
0.000305176
0.00037384
0.000549316
0.00143433
0.0019989
0.00494385
0.00643921
0.0103912
0.0191345
0.0271378
0.0371017
0.0491867
0.0635452
0.0895386
0.0994263
0.121063
0.145088
0.185486
0.215118
0.230667
0.279968
0.297195
0.332672
0.387924
0.406754
0.444824
0.502556
0.521843
0.579506
0.6175
0.654907
0.691551
0.727257
0.761871
0.795235
0.827187
0.85762
0.886375
0.91333
0.938408
0.961472
0.982483
1.0014
1.01817
1.03281
1.04531
1.05572
1.06409
1.07047
1.07494
1.07761
1.07845
1.07707
1.0743
1.07025
1.06779
1.05891
1.05189
1.04414
1.03581
1.02704
1.02253
1.0087
0.999359
0.990082
0.980965
0.972107
0.963593
0.955505
0.947906
0.940865
0.934433
0.928665
0.923592
0.919228
0.915596
0.912697
0.91053
0.909096
0.908371
0.908325
0.908928
0.910149
0.913017
0.914223
0.917
0.920204
0.925697
0.927681
0.931831
0.938438
0.943001
0.947639
0.949959
0.956909
0.959198
0.965904
0.970184
0.972252
0.978142
0.981773
0.98513
0.988213
0.991005
0.993492
0.995667
0.997536
0.999092
1.00034
1.00128
1.00193
1.0023
1.00234
1.00207
1.00155
1.00083
0.999413
0.998268
0.997002
0.995628
0.994179
0.992653
0.991074
0.989487
0.9879
0.985519
0.983948
0.982422
0.980949
0.979538
0.97821
0.976967
0.97583
0.974792
0.973869
0.973061
0.972374
0.971825
0.971397
0.971092
0.970848
0.970825
0.970917
0.971107
0.97139
0.971756
0.97245
0.972992
0.973595
0.974579
0.974915
0.975967
0.9767
0.977417
0.978088
0.97876
0.979385
0.979988
0.980804
0.981049
0.981514
0.982109
0.982292
0.982727
0.982956
0.983047
0.983253
0.983292
0.983345
0.98333
0.983269
0.983154
0.983009
0.982826
0.982613
0.982368
0.982101
0.981796
0.981491
0.981163
0.980797
0.980431
0.980064
0.979698
0.979332
0.978966
0.9786
0.978233
0.977867
0.977516
0.977211
0.976906
0.976601
0.976334
0.976089
0.975845
0.975647
0.975372
0.975235
0.975174
0.975052
0.974968
0.974907
0.974846
0.974846
0.974846
0.974876
0.974937
0.974968
0.97506
0.975159
0.975281
0.975403
0.975525
0.975647
0.975769
0.975891
0.975952
0.976074
0.976257
0.976379
0.976501
0.976624
0.976746
0.976868
0.97699
0.977112
0.977234
0.977341
0.977402
0.977463
0.977524
0.977585
0.977646
0.977707
0.977768
0.977829
0.97789
0.97789
0.97789
0.97789
0.97789
0.97789
0.97789
0.97789
0.97789
0.97789
0.97789
0.97789
0.97789
0.97789
0.97789
0.97789
0.97789
0.97789
0.97789
0.97789
0.97789
0.97789
0.97789
0.97789
0.97789
0.97789
0.97789
0.97789
0.97789
0.97789
0.97789
0.97789
0.97789
0.97789
0.977905
0.977966
0.978027
0.978088
0.978149
0.97821
0.978271
0.978333
0.978394
0.978455
0.978546
0.978577
0.978638
0.978699
0.97876
0.978821
0.978882
0.978973
0.979034
0.979095
0.979156
0.979218
0.979279
0.97934
0.979401
0.979462
0.979515
0.979515
0.979515
0.979515
0.979515
0.979515
0.979515
0.979515
0.979515
0.979515
0.979515
0.979515
0.979515
0.979515
0.979515
0.979515
0.979515
0.979515
0.979515
0.979515
0.979515
0.979515
0.979515
0.979515
0.97953
0.979591
0.979652
0.979713
0.979774
0.979836
0.979897
0.979958
0.980019
0.98008
0.980141
0.980202
0.980263
0.980324
0.980385
0.980446
0.980507
0.980568
0.980629
0.98069
0.980751
0.980812
0.980904
0.980934
0.980995
0.981056
0.981056
0.981056
0.981056
0.981056
0.981056
0.981056
0.981056
0.981056
0.981056
0.981056
0.981056
0.981056
0.981056
0.981056
0.981056
0.981056
0.981056
0.981056
0.981056
0.981056
0.981056
0.981056
0.981056
0.981056
0.981056
0.98111
0.981171
0.981232
0.981293
0.981354
0.981415
0.981506
0.981537
0.981598
0.981659
0.98175
0.981781
0.981842
0.981934
0.981964
0.982056
0.982117
0.982178
0.982239
0.9823
0.982361
0.982391
0.982483
0.982513
0.982513
0.982513
0.982513
0.982513
0.982513
0.982513
0.982513
0.982513
0.982513
0.982513
0.982513
0.982513
0.982513
0.982513
0.982513
0.982513
0.982513
0.982513
0.982513
0.982513
0.982513
0.982513
0.982513
0.982513
0.982513
0.982513
0.982513
0.982544
0.982605
0.982666
0.982727
0.982788
0.982849
0.98291
0.982971
0.983063
0.983093
0.983154
0.983246
0.983307
0.983368
0.983429
0.983459
0.983551
0.983612
0.983673
0.983734
0.983795
0.983856
0.983887
0.983887
0.983887
0.983887
0.983887
0.983887
0.983887
0.983887
0.983887
0.983887
0.983887
0.983887
0.983887
0.983887
0.983887
0.983887
0.983887
0.983887
0.983887
0.983887
0.983887
0.983887
0.983887
0.983887
0.983887
0.983887
0.983887
0.983887
0.983887
0.983887
0.983917
0.983978
0.984039
0.9841
0.984161
0.984222
0.984283
0.984344
0.984406
0.984467
0.984528
0.984589
0.98465
0.984711
0.984772
0.984833
0.984894
0.984955
0.985016
0.985077
0.985138
0.985199
0.985229
0.985229
0.985229
0.985229
0.985229
0.985229
0.985229
0.985229
0.985229
0.985229
0.985229
0.985229
0.985229
0.985229
0.985229
0.985229
0.985229
0.985229
0.985229
0.985229
0.985229
0.985229
0.985229
0.985229
0.985229
0.985229
0.985229
0.985229
0.985229
0.985229
0.985229
0.985229
0.985283
0.985313
0.985405
0.985435
0.985497
0.985588
0.985649
0.98571
0.985771
0.985832
0.985893
0.985954
0.986015
0.986107
0.986168
0.986229
0.98629
0.986351
0.986412
0.986473
0.986481
0.986481
0.986481
0.986481
0.986481
0.986481
0.986481
0.986481
0.986481
0.986481
0.986481
0.986481
0.986481
0.986481
0.986481
0.986481
0.986481
0.986481
0.986481
0.986481
0.986481
0.986481
0.986481
0.986481
0.986481
0.986481
0.986481
0.986481
0.986481
0.986481
0.986481
0.986481
0.986481
0.986526
0.986618
0.986649
0.98674
0.986801
0.986862
0.986923
0.986954
0.987015
0.987106
0.987167
0.987228
0.987289
0.98735
0.987411
0.987473
0.987534
0.987595
0.987656
0.987701
0.987701
0.987701
0.987701
0.987701
0.987701
0.987701
0.987701
0.987701
0.987701
0.987701
0.987701
0.987701
0.987701
0.987701
0.987701
0.987701
0.987701
0.987701
0.987701
0.987701
0.987701
0.987701
0.987701
0.987701
0.987701
0.987701
0.987701
0.987701
0.987701
0.987701
0.987701
0.987701
0.987701
0.987701
0.987701
0.987762
0.987823
0.987885
0.987946
0.988007
0.988068
0.988159
0.98819
0.988281
0.988342
0.988403
0.988464
0.988495
0.988586
0.988647
0.988708
0.98877
0.988808
0.988808
0.988808
0.988808
0.988808
0.988808
0.988808
0.988808
0.988808
0.988808
0.988808
0.988808
0.988808
0.988808
0.988808
0.988808
0.988808
0.988808
0.988808
0.988808
0.988808
0.988808
0.988808
0.988808
0.988808
0.988808
0.988808
0.988808
0.988808
0.988808
0.988808
0.988808
0.988808
0.988808
0.988808
0.988808
0.988808
0.988808
0.988808
0.988846
0.988937
0.988968
0.989029
0.98909
0.989151
0.989212
0.989304
0.989365
0.989395
0.989487
0.989517
0.989609
0.98967
0.989731
0.989792
0.989853
0.989883
0.989883
0.989883
0.989883
0.989883
0.989883
0.989883
0.989883
0.989883
0.989883
0.989883
0.989883
0.989883
0.989883
0.989883
0.989883
0.989883
0.989883
0.989883
0.989883
0.989883
0.989883
0.989883
0.989883
0.989883
0.989883
0.989883
0.989883
0.989883
0.989883
0.989883
0.989883
0.989883
0.989883
0.989883
0.989883
0.989883
0.989883
0.989883
0.989883
0.989883
0.989883
0.989906
0.989967
0.990028
0.990089
0.99015
0.990211
0.990273
0.990334
0.990395
0.990456
0.990517
0.990578
0.990669
0.9907
0.990761
0.990822
0.990883
0.990929
0.990929
0.990929
0.990929
0.990929
0.990929
0.990929
0.990929
0.990929
0.990929
0.990929
0.990929
0.990929
0.990929
0.990929
0.990929
0.990929
0.990929
0.990929
0.990929
0.990929
0.990929
0.990929
0.990929
0.990929
0.990929
0.990929
0.990929
0.990929
0.990929
0.990929
0.990929
0.990929
0.990929
0.990929
0.990929
0.990929
0.990929
0.990929
0.990929
0.990929
0.990929
0.990929
0.990929
0.990929
0.990936
0.990997
0.991058
0.991119
0.991211
0.991241
0.991333
0.991394
0.991455
0.991516
0.991577
0.991638
0.991699
0.99176
0.991821
0.991882
0.991936
0.991936
0.991936
0.991936
0.991936
0.991936
0.991936
0.991936
0.991936
0.991936
0.991936
0.991936
0.991936
0.991936
0.991936
0.991936
0.991936
0.991936
0.991936
0.991936
0.991936
0.991936
0.991936
0.991936
0.991936
0.991936
0.991936
0.991936
0.991936
0.991936
0.991936
0.991936
0.991936
0.991936
0.991936
0.991936
0.991936
0.991936
0.991936
0.991936
0.991936
0.991936
0.991936
0.991936
0.991936
0.991936
0.991936
0.991936
0.991936
0.991936
0.991936
0.991936
0.991951
0.992043
0.992073
0.992165
0.992226
0.992287
0.992348
0.992409
0.99247
0.992531
0.992592
0.992653
0.992714
0.992775
0.992836
0.992897
0.992897
0.992897
0.992897
0.992897
0.992897
0.992897
0.992897
0.992897
0.992897
0.992897
0.992897
0.992897
0.992897
0.992897
0.992897
0.992897
0.992897
0.992897
0.992897
0.992897
0.992897
0.992897
0.992897
0.992897
0.992897
0.992897
0.992897
0.992897
0.992897
0.992897
0.992897
0.992897
0.992897
0.992897
0.992897
0.992897
0.992897
0.992897
0.992897
0.992897
0.992897
0.992897
0.992897
0.992897
0.992897
0.992897
0.992897
0.992897
0.992897
0.992897
0.992897
0.992897
0.992897
0.992897
0.992897
0.992897
0.992912
0.992973
0.993034
0.993095
0.993156
0.993217
0.993279
0.99334
0.993431
0.993492
0.993553
0.993614
0.993675
0.993767
0.993828
0.993843
0.993843
0.993843
0.993843
0.993843
0.993843
0.993843
0.993843
0.993843
0.993843
0.993843
0.993843
0.993843
0.993843
0.993843
0.993843
0.993843
0.993843
0.993843
0.993843
0.993843
0.993843
0.993843
0.993843
0.993843
0.993843
