0
3.05177e-05
0.000122071
0.000183106
0.000244141
0.000305176
0.000404358
0.000694275
0.00139618
0.00270844
0.0049057
0.0082016
0.0157547
0.0190659
0.0270691
0.0428009
0.049118
0.0715256
0.0801773
0.0993118
0.132584
0.144867
0.185127
0.214645
0.246101
0.279289
0.313972
0.34993
0.386864
0.424469
0.462463
0.50061
0.538681
0.576454
0.613731
0.650314
0.68602
0.720711
0.754211
0.786369
0.817039
0.846107
0.873459
0.898994
0.922615
0.944283
0.973
0.989586
0.997108
1.01062
1.02711
1.03563
1.04224
1.04699
1.04998
1.05138
1.05045
1.04815
1.04653
1.04001
1.03445
1.02808
1.02106
1.01352
1.0056
0.997437
0.989151
0.980858
0.972672
0.964676
0.95697
0.949631
0.942711
0.936279
0.930397
0.925095
0.92041
0.916359
0.912971
0.910255
0.908211
0.90638
0.905975
0.906189
0.906998
0.908371
0.910294
0.914062
0.915543
0.918777
0.924263
0.928276
0.93251
0.936905
0.941399
0.945969
0.950546
0.955055
0.95948
0.963783
0.967926
0.971878
0.975632
0.979141
0.982391
0.985374
0.988068
0.990463
0.992561
0.994354
0.995842
0.997025
0.99791
0.998505
0.998817
0.998871
0.998657
0.998222
0.997574
0.996735
0.995163
0.994568
0.992599
0.991898
0.990417
0.988075
0.987282
0.98481
0.983162
0.981514
0.979897
0.977547
0.976784
0.975327
0.973946
0.972656
0.971466
0.969887
0.969421
0.968208
0.967552
0.967033
0.966637
0.966362
0.966209
0.966179
0.966347
0.966454
0.966736
0.967339
0.967842
0.968422
0.969063
0.969749
0.970482
0.971237
0.972031
0.972824
0.973984
0.974716
0.975433
0.976105
0.976723
0.977295
0.977814
0.978271
0.978668
0.979004
0.979279
0.979492
0.979637
0.979729
0.979759
0.979736
0.97966
0.979446
0.979256
0.979012
0.978737
0.978432
0.978088
0.977722
0.977356
0.976936
0.976295
0.975868
0.975441
0.975014
0.974586
0.974159
0.973778
0.973412
0.973068
0.972763
0.972504
0.972275
0.972031
0.97197
0.971886
0.971848
0.971886
0.971962
0.972084
0.97226
0.972458
0.972702
0.972946
0.973251
0.973557
0.973862
0.974167
0.974625
0.97493
0.975235
0.97554
0.975784
0.976028
0.976265
0.97654
0.976631
0.976761
0.976883
0.976997
0.977058
0.977066
0.977066
0.977036
0.976974
0.976913
0.976814
0.976692
0.976509
0.976372
0.976189
0.976006
0.975822
0.975639
0.975456
0.975273
0.97509
0.974907
0.974724
0.974541
0.974396
0.974274
0.974152
0.97403
0.973907
0.973816
0.973755
0.973663
0.973602
0.973595
0.973595
0.973595
0.973595
0.973618
0.973679
0.97374
0.973831
0.973862
0.973923
0.97406
0.974182
0.974304
0.974426
0.974548
0.97467
0.974792
0.974915
0.975098
0.975159
0.975342
0.975464
0.975571
0.975632
0.975693
0.975754
0.975815
0.975876
0.975937
0.975998
0.976059
0.976151
0.976151
0.976151
0.976151
0.976151
0.976151
0.976151
0.976151
0.976151
0.976151
0.976151
0.976151
0.976151
0.976151
0.976151
0.976151
0.976151
0.976151
0.976151
0.976151
0.976151
0.976151
0.976151
0.976151
0.976151
0.976151
0.976151
0.976212
0.976273
0.976334
0.976395
0.976456
0.976517
0.976578
0.976639
0.97673
0.976761
0.976822
0.976883
0.976974
0.977036
0.977097
0.977127
0.977219
0.97728
0.977341
0.977402
0.977463
0.977524
0.977585
0.977646
0.977707
0.977768
0.977829
0.977852
0.977852
0.977852
0.977852
0.977852
0.977852
0.977852
0.977852
0.977852
0.977852
0.977852
0.977852
0.977852
0.977852
0.977852
0.977852
0.977852
0.977852
0.977852
0.977852
0.977852
0.977875
0.977936
0.977997
0.978058
0.978119
0.97818
0.978241
0.978302
0.978363
0.978424
0.978516
0.978546
0.978638
0.978699
0.97876
0.978821
0.978882
0.978973
0.979034
0.979065
0.979156
0.979218
0.979279
0.97934
0.979401
0.979462
0.979523
0.97953
0.97953
0.97953
0.97953
0.97953
0.97953
0.97953
0.97953
0.97953
0.97953
0.97953
0.97953
0.97953
0.97953
0.97953
0.97953
0.97953
0.97953
0.97953
0.97953
0.97953
0.97953
0.97953
0.97953
0.979576
0.979637
0.979698
0.979759
0.97982
0.979881
0.979973
0.980003
0.980095
0.980156
0.980217
0.980278
0.980339
0.9804
0.980461
0.980522
0.980583
0.980644
0.980705
0.980766
0.980827
0.980888
0.980949
0.98101
0.981026
0.981026
0.981026
0.981026
0.981026
0.981026
0.981026
0.981026
0.981026
0.981026
0.981026
0.981026
0.981026
0.981026
0.981026
0.981026
0.981026
0.981026
0.981026
0.981026
0.981026
0.981026
0.981026
0.981026
0.981064
0.981125
0.981186
0.981247
0.981308
0.981369
0.98143
0.981491
0.981552
0.981613
0.981674
0.981735
0.981796
0.981857
0.981918
0.981979
0.98204
0.982101
0.982162
0.982224
0.982285
0.982346
0.982407
0.98246
0.98246
0.98246
0.98246
0.98246
0.98246
0.98246
0.98246
0.98246
0.98246
0.98246
0.98246
0.98246
0.98246
0.98246
0.98246
0.98246
0.98246
0.98246
0.98246
0.98246
0.98246
0.98246
0.98246
0.98246
0.98246
0.982468
0.982529
0.98259
0.982651
0.982712
0.982773
0.982834
0.982895
0.982956
0.983017
0.983078
0.983139
0.9832
0.983261
0.983322
0.983383
0.983444
0.983505
0.983566
0.983627
0.983688
0.983749
0.98381
0.983871
0.983871
0.983871
0.983871
0.983871
0.983871
0.983871
0.983871
0.983871
0.983871
0.983871
0.983871
0.983871
0.983871
0.983871
0.983871
0.983871
0.983871
0.983871
0.983871
0.983871
0.983871
0.983871
0.983871
0.983871
0.983871
0.983871
0.983871
0.983871
0.983871
0.983932
0.983994
0.984055
0.984116
0.984177
0.984238
0.984299
0.98436
0.984421
0.984482
0.984543
0.984604
0.984665
0.984726
0.984787
0.984848
0.984909
0.98497
0.985031
0.985092
0.985153
0.985161
0.985161
0.985161
0.985161
0.985161
0.985161
0.985161
0.985161
0.985161
0.985161
0.985161
0.985161
0.985161
0.985161
0.985161
0.985161
0.985161
0.985161
0.985161
0.985161
0.985161
0.985161
0.985161
0.985161
0.985161
0.985161
0.985161
0.985161
0.985161
0.985161
0.985214
0.985275
0.985336
0.985397
0.985458
0.985519
0.98558
0.985672
0.985703
0.985794
0.985825
0.985916
0.985977
0.986038
0.986099
0.98616
0.986221
0.986282
0.986343
0.986374
0.986374
0.986374
0.986374
0.986374
0.986374
0.986374
0.986374
0.986374
0.986374
0.986374
0.986374
0.986374
0.986374
0.986374
0.986374
0.986374
0.986374
0.986374
0.986374
0.986374
0.986374
0.986374
0.986374
0.986374
0.986374
0.986374
0.986374
0.986374
0.986374
0.986374
0.986374
0.98642
0.986481
0.986542
0.986603
0.986664
0.986725
0.986786
0.986847
0.986908
0.987
0.98703
0.987091
0.987183
0.987213
0.987305
0.987335
0.987396
0.987488
0.987549
0.98761
0.987625
0.987625
0.987625
0.987625
0.987625
0.987625
0.987625
0.987625
0.987625
0.987625
0.987625
0.987625
0.987625
0.987625
0.987625
0.987625
0.987625
0.987625
0.987625
0.987625
0.987625
0.987625
0.987625
0.987625
0.987625
0.987625
0.987625
0.987625
0.987625
0.987625
0.987625
0.987625
0.987625
0.987625
0.987625
0.987625
0.987671
0.987732
0.987793
0.987854
0.987915
0.987976
0.988037
0.988098
0.98819
0.98822
0.988281
0.988342
0.988403
0.988464
0.988525
0.988617
0.988678
0.988739
0.988747
0.988747
0.988747
0.988747
0.988747
0.988747
0.988747
0.988747
0.988747
0.988747
0.988747
0.988747
0.988747
0.988747
0.988747
0.988747
0.988747
0.988747
0.988747
0.988747
0.988747
0.988747
0.988747
0.988747
0.988747
0.988747
0.988747
0.988747
0.988747
0.988747
0.988747
0.988747
0.988747
0.988747
0.988747
0.988747
0.988747
0.988747
0.988808
0.988869
0.98893
0.989021
0.989082
0.989113
0.989204
0.989235
0.989326
0.989388
0.989449
0.98951
0.989571
0.989632
0.989693
0.989754
0.989815
0.989861
0.989861
0.989861
0.989861
0.989861
0.989861
0.989861
0.989861
0.989861
0.989861
0.989861
0.989861
0.989861
0.989861
0.989861
0.989861
0.989861
0.989861
0.989861
0.989861
0.989861
0.989861
0.989861
0.989861
0.989861
0.989861
0.989861
0.989861
0.989861
0.989861
0.989861
0.989861
0.989861
0.989861
0.989861
0.989861
0.989861
0.989861
0.989861
0.989861
0.989861
0.989861
0.989861
0.989914
0.989975
0.990036
0.990097
0.990158
0.990219
0.99028
0.990341
0.990402
0.990463
0.990524
0.990585
0.990646
0.990707
0.990768
0.990829
0.990891
0.990898
0.990898
0.990898
0.990898
0.990898
0.990898
0.990898
0.990898
0.990898
0.990898
0.990898
0.990898
0.990898
0.990898
0.990898
0.990898
0.990898
0.990898
0.990898
0.990898
0.990898
0.990898
0.990898
0.990898
0.990898
0.990898
0.990898
0.990898
0.990898
0.990898
0.990898
0.990898
0.990898
0.990898
0.990898
0.990898
0.990898
0.990898
0.990898
0.990898
0.990898
0.990898
0.990898
0.990898
0.990898
0.990921
0.990982
0.991043
0.991104
0.991165
0.991226
0.991318
0.991379
0.99144
0.991501
0.991562
0.991623
0.991684
0.991745
0.991806
0.991867
0.991867
0.991867
0.991867
0.991867
0.991867
0.991867
0.991867
0.991867
0.991867
0.991867
0.991867
0.991867
0.991867
0.991867
0.991867
0.991867
0.991867
0.991867
0.991867
0.991867
0.991867
0.991867
0.991867
0.991867
0.991867
0.991867
0.991867
0.991867
0.991867
0.991867
0.991867
0.991867
0.991867
0.991867
0.991867
0.991867
0.991867
0.991867
0.991867
0.991867
0.991867
0.991867
0.991867
0.991867
0.991867
0.991867
0.991867
0.991867
0.991867
0.991867
0.99192
0.991982
0.992043
0.992104
0.992165
0.992226
0.992287
0.992348
0.992409
0.99247
0.992531
0.992592
0.992653
0.992714
0.992775
0.992775
0.992775
0.992775
0.992775
0.992775
0.992775
0.992775
0.992775
0.992775
0.992775
0.992775
0.992775
0.992775
0.992775
0.992775
0.992775
0.992775
0.992775
0.992775
0.992775
0.992775
0.992775
0.992775
0.992775
