0
3.05177e-05
6.10349e-05
9.15526e-05
0.00012207
0.000152588
0.000236511
0.000518799
0.001194
0.00248718
0.00463104
0.0099678
0.0124245
0.0184784
0.026207
0.0412483
0.0537071
0.0681686
0.0846443
0.103107
0.123482
0.145649
0.169464
0.194763
0.221359
0.249092
0.277782
0.30724
0.337296
0.383095
0.413845
0.444572
0.459869
0.505283
0.534958
0.563961
0.592133
0.619328
0.645432
0.670372
0.69405
0.705395
0.737377
0.756927
0.783524
0.799438
0.813927
0.827034
0.838802
0.849262
0.858456
0.866405
0.873173
0.878799
0.883358
0.886929
0.889587
0.891441
0.892578
0.893093
0.893093
0.892654
0.891876
0.89024
0.888962
0.887604
0.886238
0.884922
0.883717
0.882664
0.881809
0.881184
0.880836
0.880775
0.881016
0.881577
0.88245
0.884365
0.886028
0.887985
0.890224
0.892712
0.895443
0.898392
0.903149
0.904808
0.909958
0.913502
0.917095
0.920723
0.924343
0.927933
0.931465
0.934921
0.938282
0.941532
0.944649
0.949062
0.950459
0.953136
0.95686
0.959148
0.961273
0.963238
0.965038
0.966675
0.968151
0.969463
0.970612
0.971603
0.972443
0.973145
0.973709
0.974155
0.974499
0.974743
0.974899
0.974983
0.974998
0.974957
0.974808
0.974735
0.974476
0.974266
0.974037
0.973793
0.973545
0.97327
0.972996
0.972721
0.972466
0.972221
0.971977
0.971756
0.971542
0.971355
0.97118
0.971027
0.970898
0.970787
0.970695
0.9706
0.97057
0.970554
0.970554
0.970581
0.970615
0.970676
0.970741
0.970833
0.970924
0.971035
0.971218
0.97134
0.971466
0.971619
0.971771
0.971924
0.972076
0.972229
0.972458
0.972603
0.972664
0.972847
0.972969
0.973091
0.973213
0.973312
0.973404
0.973495
0.973587
0.973667
0.973728
0.973789
0.97385
0.973911
0.973961
0.973991
0.974022
0.974052
0.974083
0.974113
0.974144
0.974174
0.974205
0.974236
0.974262
0.974262
0.974262
0.974262
0.974262
0.974262
0.974262
0.974262
0.97427
0.9743
0.974331
0.974361
0.974407
0.974438
0.974468
0.974499
0.974529
0.97456
0.97459
0.974621
0.974651
0.974697
0.974712
0.974743
0.974789
0.974819
0.97485
0.97488
0.974911
0.974941
0.974972
0.975002
0.975033
0.975063
0.975094
0.975124
0.975155
0.975185
0.975216
0.975262
0.975285
0.975346
0.975407
0.975498
0.975559
0.97562
0.975681
0.975742
0.975803
0.975864
0.975925
0.975986
0.976048
0.976139
0.976185
0.976215
0.976246
0.976276
0.976307
0.976337
0.976368
0.976398
0.976429
0.97646
0.97649
0.976521
0.976551
0.976597
0.976627
0.976643
0.976673
0.976719
0.976749
0.97678
0.97681
0.976826
0.976871
0.976902
0.976933
0.976963
0.976994
0.977024
0.977055
0.977085
0.977116
0.977146
0.977177
0.977207
0.977238
0.977268
0.977314
0.977345
0.977375
0.977406
0.977436
0.977467
0.977497
0.977528
0.977558
0.977589
0.977619
0.977665
0.977695
0.977711
0.977741
0.977787
0.977802
0.977848
0.977879
0.977909
0.97794
0.97797
0.978001
0.978031
0.978062
0.978092
0.978123
0.978153
0.978184
0.97823
0.97826
0.978291
0.978306
0.978352
0.978367
0.978397
0.978443
0.978474
0.978489
0.978535
0.978565
0.978596
0.978626
0.978657
0.978687
0.978718
0.978771
0.978832
0.978893
0.978954
0.979015
0.979076
0.979137
0.979198
0.979259
0.979321
0.979382
0.979469
0.9795
0.97953
0.979561
0.979591
0.979622
0.979652
0.979683
0.979713
0.979744
0.979774
0.979805
0.979836
0.979866
0.979897
0.979927
0.979958
0.980003
0.980019
0.980064
0.980095
0.980125
0.980141
0.980186
0.980217
0.980247
0.980278
0.980309
0.980339
0.98037
0.9804
0.980431
0.980461
0.980492
0.980537
0.980553
0.980598
0.980629
0.980659
0.98069
0.980721
0.980751
0.980782
0.980812
0.980843
0.980873
0.980904
0.980949
0.98098
0.98101
0.981041
0.981071
0.981102
0.981133
0.981163
0.981194
0.981224
0.981255
0.981285
0.981316
0.981361
0.981377
0.981407
0.981438
0.981468
0.981499
0.981544
0.981575
0.98159
0.981621
0.981667
0.981697
0.981728
0.981758
0.981789
0.981819
0.98185
0.98188
0.981926
0.981956
0.981987
0.982018
0.982048
0.982079
0.982109
0.98214
0.98217
0.982201
0.982231
0.982262
0.982292
0.982323
0.982353
0.982384
0.982414
0.982445
0.982475
0.982506
0.982536
0.982567
0.982597
0.982643
0.982658
0.982704
0.982719
0.982765
0.982796
0.982826
0.982857
0.982887
0.982918
0.982948
0.982979
0.983009
0.98304
0.98307
0.983101
0.983131
0.983162
0.983208
0.983238
0.983269
0.983299
0.98333
0.98336
0.983391
0.983421
0.983452
0.983498
0.983528
0.983559
0.983589
0.98362
0.98365
0.983681
0.983711
0.983742
0.983772
0.983803
0.983833
0.983864
0.983894
0.98394
0.983955
0.983986
0.984032
0.984047
0.984093
0.984108
0.984154
0.984184
0.984215
0.984245
0.984276
0.984306
0.984337
0.984367
0.984398
0.984428
0.984459
0.984489
0.98452
0.98455
0.984581
0.984612
0.984642
0.984673
0.984703
0.984734
0.984764
0.984791
0.984791
0.984791
0.984791
0.984791
0.984791
0.984791
0.984791
0.984791
0.984791
0.984791
0.984791
0.984814
0.984829
0.984875
0.984905
0.984936
0.984966
0.984997
0.985027
0.985043
0.985088
0.985119
0.985149
0.98518
0.98521
0.985241
0.985271
0.985302
0.985332
0.985363
0.985394
0.985424
0.985455
0.985485
0.985516
0.985561
0.985577
0.985607
0.985653
0.985683
0.985699
0.985744
0.98576
0.985806
0.985836
0.985867
0.985882
0.985912
0.985958
0.985973
0.986004
0.98605
0.98608
0.986111
0.986141
0.986172
0.986202
0.986233
0.986263
0.986294
0.986324
0.986355
0.986385
0.986416
0.986446
0.986477
0.986507
0.986538
0.986568
0.986584
0.986584
0.986584
0.986584
0.986584
0.986584
0.986584
0.986584
0.986584
0.986584
0.986584
0.986584
0.986584
0.986584
0.986595
0.986626
0.986656
0.986687
0.986717
0.986748
0.986778
0.986809
0.986839
0.98687
0.9869
0.986931
0.986961
0.986992
0.987022
0.987053
0.987083
0.987114
0.98716
0.98719
0.987221
0.987251
0.987282
0.987312
0.987343
0.987389
0.987404
0.98745
0.98748
0.987511
0.987541
0.987572
0.987602
0.987633
0.987663
0.987694
0.987724
0.987755
0.987785
0.987831
0.987846
0.987869
0.987869
0.987869
0.987869
0.987869
0.987869
0.987869
0.987869
0.987869
0.987869
0.987869
0.987869
0.987869
0.987869
0.987869
0.987869
0.987896
0.987926
0.987957
0.987988
0.988018
0.988049
0.988079
0.98811
0.98814
0.988171
0.988201
0.988232
0.988262
0.988293
0.988323
0.988354
0.988384
0.988415
0.988445
0.988476
0.988506
0.988537
0.988567
0.988613
0.988644
0.988674
0.988705
0.988735
0.988766
0.988796
0.988827
0.988857
0.988888
0.988918
0.988941
0.988941
0.988941
0.988941
0.988941
0.988941
0.988941
0.988941
0.988941
0.988941
0.988941
0.988941
0.988941
0.988941
0.988941
0.988941
0.988941
0.988956
0.988987
0.989017
0.989048
0.989063
0.989109
0.98914
0.98917
0.989201
0.989231
0.989262
0.989292
0.989323
0.989353
0.989384
0.989414
0.989445
0.989475
0.989506
0.989536
0.989567
0.989597
0.989628
0.989658
0.989689
0.989735
0.98975
0.989796
0.989826
0.989841
0.989883
0.989883
0.989883
0.989883
0.989883
0.989883
0.989883
0.989883
0.989883
0.989883
0.989883
0.989883
0.989883
0.989883
0.989883
0.989883
0.989883
0.989883
0.989883
0.989883
0.98991
0.989941
0.989971
0.990002
0.990032
0.990063
0.990093
0.990124
0.990154
0.990185
0.990215
0.990246
0.990276
0.990307
0.990337
0.990368
0.990414
0.990444
0.990459
0.99049
0.990536
0.990566
0.990597
0.990612
0.990658
0.990688
0.990719
0.990734
0.990734
0.990734
0.990734
0.990734
0.990734
0.990734
0.990734
0.990734
0.990734
0.990734
0.990734
0.990734
0.990734
0.990734
0.990734
0.990734
0.990734
0.990734
0.990734
0.990734
0.990734
0.990757
0.990803
0.990818
0.990864
0.990879
0.99091
0.990955
0.990986
0.991016
0.991047
0.991077
0.991108
0.991138
0.991169
0.991199
0.99123
0.991261
0.991291
0.991322
0.991352
0.991383
0.991413
0.991444
0.991463
0.991463
0.991463
0.991463
0.991463
0.991463
0.991463
0.991463
0.991463
0.991463
0.991463
0.991463
0.991463
0.991463
0.991463
0.991463
0.991463
0.991463
0.991463
0.991463
0.991463
0.991463
0.991463
0.991505
0.99152
0.99155
0.991596
0.991627
0.991657
0.991688
0.991718
0.991749
0.991779
0.99181
0.99184
0.991871
0.991901
0.991932
0.991962
0.991993
0.992023
0.992054
0.992085
0.992115
0.992146
0.992146
0.992146
0.992146
0.992146
0.992146
0.992146
0.992146
0.992146
0.992146
0.992146
0.992146
0.992146
0.992146
0.992146
0.992146
0.992146
0.992146
0.992146
0.992146
0.992146
0.992146
0.992146
0.992146
0.992161
0.992191
0.992222
0.992252
0.992283
0.992313
0.992344
0.992374
0.992405
0.992435
0.992466
0.992496
0.992527
0.992558
0.992588
0.992619
0.992649
0.99268
0.99271
0.992741
0.992771
0.992809
0.992809
0.992809
0.992809
0.992809
0.992809
0.992809
0.992809
0.992809
0.992809
0.992809
0.992809
0.992809
0.992809
0.992809
0.992809
0.992809
0.992809
0.992809
0.992809
0.992809
0.992809
0.992809
0.992809
0.992809
0.992809
0.992809
0.992825
0.992855
0.992886
0.992916
0.992947
0.992977
0.993008
0.993038
0.993069
0.993099
0.99313
0.99316
0.993206
0.993221
0.993252
0.993282
0.993313
0.993359
0.993389
0.993397
0.993397
0.993397
0.993397
0.993397
0.993397
0.993397
0.993397
0.993397
0.993397
0.993397
0.993397
0.993397
0.993397
0.993397
0.993397
0.993397
0.993397
0.993397
0.993397
0.993397
0.993397
0.993397
0.993397
0.993397
0.993397
0.993397
0.993397
0.993423
0.993454
0.993484
0.993515
0.993546
0.993576
0.993607
0.993637
0.993683
0.993713
0.993744
0.993774
0.993805
0.993835
0.993866
0.993896
0.993927
0.993958
0.993961
0.993961
