0
3.05177e-05
0.00012207
0.000183106
0.000244141
0.000312805
0.000495911
0.000968933
0.0019455
0.00366974
0.0063858
0.0103378
0.0157547
0.0270844
0.0370483
0.0491333
0.0634918
0.0895386
0.109955
0.132812
0.158043
0.18557
0.215248
0.246902
0.280312
0.315254
0.351501
0.388794
0.426903
0.465569
0.504562
0.543625
0.58255
0.621094
0.65905
0.696205
0.732361
0.767342
0.800941
0.833038
0.863464
0.892082
0.918785
0.955009
0.976486
0.995773
1.01282
1.02763
1.04021
1.05058
1.05876
1.06479
1.06873
1.07071
1.07085
1.0693
1.06622
1.06174
1.05606
1.04935
1.03764
1.02901
1.0199
1.01044
1.00562
0.995926
0.986237
0.976677
0.962868
0.95417
0.945961
0.942055
0.931244
0.92485
0.919174
0.914253
0.910118
0.906761
0.904175
0.902344
0.901268
0.900993
0.901672
0.903
0.904945
0.907455
0.910477
0.913971
0.917877
0.922127
0.926674
0.933914
0.938934
0.944038
0.949165
0.954277
0.959312
0.964211
0.968933
0.97345
0.977699
0.981659
0.985313
0.988632
0.991608
0.994232
0.996498
0.999222
1.00059
1.00114
1.00198
1.00262
1.00267
1.00242
1.00219
1.00109
1.00008
0.998878
0.99749
0.995964
0.994316
0.992577
0.990761
0.988899
0.987007
0.985115
0.983223
0.980469
0.979584
0.977852
0.975426
0.973938
0.972565
0.971329
0.97023
0.969269
0.96846
0.967796
0.967285
0.966927
0.966713
0.966644
0.966705
0.966904
0.967216
0.967636
0.968163
0.968781
0.969482
0.970245
0.971069
0.971924
0.972824
0.97374
0.975113
0.975998
0.976852
0.977676
0.978455
0.979187
0.979858
0.980469
0.98101
0.981483
0.981888
0.982224
0.982491
0.982689
0.982826
0.982895
0.982903
0.982849
0.982742
0.982582
0.982376
0.982132
0.981834
0.981514
0.981148
0.98056
0.980133
0.979706
0.979263
0.978775
0.978287
0.977798
0.97731
0.976837
0.97641
0.975983
0.975555
0.975166
0.9748
0.974312
0.974159
0.973778
0.973663
0.97348
0.973343
0.973244
0.973183
0.973183
0.973251
0.973351
0.973473
0.973648
0.973831
0.974045
0.974289
0.974533
0.974777
0.975021
0.975266
0.97551
0.975754
0.975998
0.976242
0.97644
0.976624
0.976807
0.976967
0.977089
0.977211
0.97731
0.977371
0.977463
0.977463
0.977463
0.977463
0.977417
0.977356
0.977295
0.977234
0.97715
0.977028
0.976906
0.976784
0.976662
0.97654
0.976418
0.976295
0.976173
0.976051
0.975929
0.975746
0.975624
0.975502
0.97538
0.975304
0.975243
0.975182
0.975121
0.97506
0.974998
0.974976
0.974976
0.974976
0.974976
0.974976
0.974976
0.975014
0.975075
0.975136
0.975197
0.975288
0.975319
0.97538
0.975441
0.975533
0.975594
0.975655
0.975716
0.975777
0.975838
0.975899
0.97596
0.976021
0.976082
0.976143
0.976204
0.976265
0.976326
0.976387
0.976448
0.976509
0.97657
0.976631
0.976692
0.976753
0.976814
0.976875
0.976936
0.976997
0.977089
0.977119
0.977211
0.977272
0.977333
0.977394
0.977455
0.977463
0.977463
0.977463
0.977463
0.977463
0.977463
0.977463
0.977463
0.977463
0.977463
0.977463
0.977463
0.977463
0.977463
0.977463
0.977463
0.977463
0.977463
0.977463
0.977463
0.977463
0.977463
0.977463
0.977463
0.977486
0.977547
0.977608
0.977669
0.97773
0.977791
0.977852
0.977913
0.978004
0.978035
0.978096
0.978157
0.978218
0.978279
0.978371
0.978432
0.978462
0.978523
0.978584
0.978676
0.978737
0.978798
0.978859
0.97892
0.978981
0.979042
0.979073
0.979073
0.979073
0.979073
0.979073
0.979073
0.979073
0.979073
0.979073
0.979073
0.979073
0.979073
0.979073
0.979073
0.979073
0.979073
0.979073
0.979073
0.979073
0.979073
0.979073
0.979073
0.979073
0.979073
0.979095
0.979156
0.979248
0.979309
0.97937
0.979431
0.979492
0.979553
0.979614
0.979675
0.979736
0.979797
0.979858
0.979919
0.97998
0.980042
0.980103
0.980194
0.980255
0.980316
0.980377
0.980438
0.98053
0.98053
0.98053
0.98053
0.98053
0.98053
0.98053
0.98053
0.98053
0.98053
0.98053
0.98053
0.98053
0.98053
0.98053
0.98053
0.98053
0.98053
0.98053
0.98053
0.98053
0.98053
0.98053
0.98053
0.98053
0.98053
0.980568
0.980659
0.98069
0.980782
0.980843
0.980904
0.980965
0.981026
0.981087
0.981148
0.981209
0.98127
0.981331
0.981392
0.981453
0.981544
0.981606
0.981667
0.981728
0.981789
0.98185
0.981911
0.981964
0.981964
0.981964
0.981964
0.981964
0.981964
0.981964
0.981964
0.981964
0.981964
0.981964
0.981964
0.981964
0.981964
0.981964
0.981964
0.981964
0.981964
0.981964
0.981964
0.981964
0.981964
0.981964
0.981964
0.981964
0.981964
0.981964
0.981964
0.982002
0.982063
0.982124
0.982185
0.982246
0.982307
0.982368
0.98246
0.982521
0.982552
0.982643
0.982704
0.982765
0.982826
0.982887
0.982948
0.983009
0.98307
0.983131
0.983192
0.983253
0.983322
0.983322
0.983322
0.983322
0.983322
0.983322
0.983322
0.983322
0.983322
0.983322
0.983322
0.983322
0.983322
0.983322
0.983322
0.983322
0.983322
0.983322
0.983322
0.983322
0.983322
0.983322
0.983322
0.983322
0.983322
0.983322
0.983322
0.983322
0.983322
0.983322
0.983383
0.983444
0.983475
0.983536
0.983627
0.983688
0.983749
0.98381
0.983871
0.983932
0.983994
0.984055
0.984116
0.984177
0.984238
0.984329
0.98436
0.984421
0.984482
0.984573
0.984596
0.984596
0.984596
0.984596
0.984596
0.984596
0.984596
0.984596
0.984596
0.984596
0.984596
0.984596
0.984596
0.984596
0.984596
0.984596
0.984596
0.984596
0.984596
0.984596
0.984596
0.984596
0.984596
0.984596
0.984596
0.984596
0.984596
0.984596
0.984596
0.984596
0.984596
0.984642
0.984673
0.984764
0.984825
0.984886
0.984947
0.985008
0.985069
0.98513
0.985191
0.985252
0.985313
0.985374
0.985435
0.985497
0.985558
0.985619
0.98568
0.985741
0.985802
0.985832
0.985832
0.985832
0.985832
0.985832
0.985832
0.985832
0.985832
0.985832
0.985832
0.985832
0.985832
0.985832
0.985832
0.985832
0.985832
0.985832
0.985832
0.985832
0.985832
0.985832
0.985832
0.985832
0.985832
0.985832
0.985832
0.985832
0.985832
0.985832
0.985832
0.985832
0.985832
0.98587
0.985931
0.985992
0.986053
0.986115
0.986176
0.986237
0.986328
0.986389
0.98645
0.986511
0.986572
0.986633
0.986694
0.986755
0.986847
0.986877
0.986938
0.987
0.987022
0.987022
0.987022
0.987022
0.987022
0.987022
0.987022
0.987022
0.987022
0.987022
0.987022
0.987022
0.987022
0.987022
0.987022
0.987022
0.987022
0.987022
0.987022
0.987022
0.987022
0.987022
0.987022
0.987022
0.987022
0.987022
0.987022
0.987022
0.987022
0.987022
0.987022
0.987022
0.987022
0.987022
0.987045
0.987106
0.987198
0.987228
0.987289
0.98735
0.987411
0.987503
0.987534
0.987625
0.987686
0.987747
0.987808
0.987869
0.98793
0.987991
0.988083
0.988144
0.988174
0.98819
0.98819
0.98819
0.98819
0.98819
0.98819
0.98819
0.98819
0.98819
0.98819
0.98819
0.98819
0.98819
0.98819
0.98819
0.98819
0.98819
0.98819
0.98819
0.98819
0.98819
0.98819
0.98819
0.98819
0.98819
0.98819
0.98819
0.98819
0.98819
0.98819
0.98819
0.98819
0.98819
0.98819
0.98819
0.98819
0.98819
0.98819
0.988251
0.988312
0.988373
0.988464
0.988525
0.988556
0.988647
0.988708
0.98877
0.988831
0.988892
0.988953
0.989014
0.989075
0.989136
0.989197
0.989235
0.989235
0.989235
0.989235
0.989235
0.989235
0.989235
0.989235
0.989235
0.989235
0.989235
0.989235
0.989235
0.989235
0.989235
0.989235
0.989235
0.989235
0.989235
0.989235
0.989235
0.989235
0.989235
0.989235
0.989235
0.989235
0.989235
0.989235
0.989235
0.989235
0.989235
0.989235
0.989235
0.989235
0.989235
0.989235
0.989235
0.989235
0.989235
0.989243
0.989304
0.989365
0.989426
0.989487
0.989548
0.989609
0.98967
0.989731
0.989792
0.989853
0.989914
0.989975
0.990036
0.990097
0.990158
0.990219
0.99025
0.99025
0.99025
0.99025
0.99025
0.99025
0.99025
0.99025
0.99025
0.99025
0.99025
0.99025
0.99025
0.99025
0.99025
0.99025
0.99025
0.99025
0.99025
0.99025
0.99025
0.99025
0.99025
0.99025
0.99025
0.99025
0.99025
0.99025
0.99025
0.99025
0.99025
0.99025
0.99025
0.99025
0.99025
0.99025
0.99025
0.99025
0.99025
0.99025
0.99025
0.99025
0.990273
0.990334
0.990395
0.990456
0.990547
0.990608
0.990669
0.99073
0.990791
0.990852
0.990913
0.990974
0.991035
0.991096
0.991158
0.991219
0.99128
0.99128
0.99128
0.99128
0.99128
0.99128
0.99128
0.99128
0.99128
0.99128
0.99128
0.99128
0.99128
0.99128
0.99128
0.99128
0.99128
0.99128
0.99128
0.99128
0.99128
0.99128
0.99128
0.99128
0.99128
0.99128
0.99128
0.99128
0.99128
0.99128
0.99128
0.99128
0.99128
0.99128
0.99128
0.99128
0.99128
0.99128
0.99128
0.99128
0.99128
0.99128
0.99128
0.99128
0.99128
0.99128
0.99128
0.99128
0.99128
0.99128
0.991333
0.991394
0.991455
0.991516
0.991577
0.991638
0.991699
0.991791
0.991852
0.991913
0.991974
0.992035
0.992096
0.992157
0.992218
0.992241
0.992241
0.992241
0.992241
0.992241
0.992241
0.992241
0.992241
0.992241
0.992241
0.992241
0.992241
0.992241
0.992241
0.992241
0.992241
0.992241
0.992241
0.992241
0.992241
0.992241
0.992241
0.992241
0.992241
0.992241
0.992241
0.992241
0.992241
0.992241
0.992241
0.992241
0.992241
0.992241
0.992241
0.992241
0.992241
0.992241
0.992241
0.992241
0.992241
0.992241
0.992241
0.992241
0.992241
0.992241
0.992241
0.992241
0.992241
0.992241
0.992241
0.992241
0.992241
0.992249
0.99231
0.992371
0.992432
0.992493
0.992554
0.992615
0.992676
0.992737
0.992798
0.992859
0.99292
0.993011
0.993042
0.993103
0.993195
0.993225
