0
0
0
0
0
1.52588e-05
5.72203e-05
0.000213623
0.000667572
0.00162125
0.00330734
0.00597
0.0098381
0.0151215
0.0220032
0.0306282
0.0411339
0.0536079
0.076107
0.0846252
0.113171
0.12365
0.157818
0.182693
0.209038
0.236664
0.265377
0.294979
0.32526
0.356014
0.387028
0.418087
0.449001
0.494705
0.524487
0.553535
0.581718
0.608898
0.634975
0.65984
0.694618
0.70549
0.745163
0.762653
0.778576
0.792938
0.805763
0.817085
0.826992
0.835575
0.842915
0.849075
0.854137
0.858196
0.86134
0.863655
0.86525
0.866219
0.866653
0.866657
0.866318
0.865723
0.864948
0.864067
0.862705
0.862274
0.861485
0.86084
0.860378
0.860149
0.860176
0.860489
0.861107
0.862633
0.864056
0.864891
0.866798
0.870243
0.872906
0.875847
0.877411
0.88245
0.886059
0.889839
0.893753
0.897766
0.901852
0.905975
0.910118
0.914234
0.918301
0.922295
0.926193
0.929977
0.933632
0.937141
0.940491
0.943676
0.94669
0.94952
0.952168
0.954628
0.956902
0.958984
0.960884
0.962608
0.964157
0.965542
0.966774
0.967861
0.968807
0.969631
0.970333
0.970928
0.971642
0.971836
0.972168
0.97242
0.97261
0.972786
0.972836
0.972843
0.972828
0.97274
0.972645
0.972523
0.972374
0.972218
0.972034
0.971851
0.971668
0.971485
0.971302
0.971119
0.970936
0.970753
0.970573
0.970421
0.970268
0.970135
0.970013
0.969906
0.969814
0.969738
0.969677
0.969631
0.969601
0.969582
0.969582
0.969589
0.96962
0.96965
0.96973
0.969791
0.969822
0.969894
0.969986
0.970123
0.970215
0.970306
0.970398
0.97049
0.970581
0.970673
0.970764
0.970856
0.970947
0.971039
0.97113
0.971222
0.971313
0.971405
0.971489
0.97155
0.971611
0.971672
0.971733
0.971794
0.971855
0.971916
0.97197
0.972
0.972015
0.972061
0.972107
0.972122
0.972168
0.972183
0.972214
0.97226
0.97229
0.972321
0.972336
0.972382
0.972412
0.972443
0.972473
0.972504
0.972534
0.972565
0.972595
0.972626
0.972656
0.972687
0.972717
0.972748
0.972794
0.972824
0.972855
0.972885
0.972916
0.972946
0.972977
0.973007
0.973038
0.973068
0.973099
0.973129
0.97316
0.97319
0.973221
0.973251
0.973282
0.973328
0.973358
0.973373
0.973419
0.973434
0.973465
0.973495
0.973526
0.973572
0.973587
0.973618
0.973648
0.973694
0.973724
0.973763
0.973824
0.973885
0.973946
0.974007
0.974068
0.974129
0.97419
0.974251
0.974312
0.974373
0.974434
0.974495
0.974556
0.974617
0.974678
0.974754
0.974785
0.974815
0.974846
0.974876
0.974907
0.974937
0.974968
0.974998
0.975029
0.97506
0.97509
0.975121
0.975151
0.975182
0.975212
0.975243
0.975288
0.975304
0.975349
0.97538
0.97541
0.975441
0.975471
0.975502
0.975533
0.975578
0.975609
0.975639
0.97567
0.9757
0.975731
0.975761
0.975792
0.975822
0.975853
0.975899
0.975929
0.97596
0.97599
0.976021
0.976051
0.976082
0.976112
0.976143
0.976173
0.976204
0.976234
0.976265
0.976311
0.976341
0.976372
0.976402
0.976433
0.976463
0.976509
0.97657
0.976631
0.976692
0.976753
0.976814
0.976875
0.976936
0.976997
0.977089
0.97715
0.977211
0.977264
0.977295
0.977325
0.977356
0.977386
0.977417
0.977448
0.977493
0.977509
0.977539
0.97757
0.9776
0.977646
0.977661
0.977692
0.977737
0.977768
0.977798
0.977829
0.977859
0.97789
0.977921
0.977951
0.977982
0.978012
0.978043
0.978073
0.978119
0.978149
0.97818
0.978195
0.978241
0.978271
0.978302
0.978333
0.978363
0.978394
0.978424
0.978455
0.978485
0.978516
0.978546
0.978577
0.978607
0.978638
0.978683
0.978714
0.978745
0.978775
0.978806
0.978836
0.978882
0.978897
0.978928
0.978958
0.979004
0.979034
0.979065
0.979095
0.979126
0.979141
0.979187
0.979218
0.979248
0.979279
0.979309
0.97934
0.97937
0.979401
0.979431
0.979477
0.979492
0.979523
0.979553
0.979599
0.97963
0.979645
0.979691
0.979721
0.979752
0.979782
0.979813
0.979843
0.979874
0.979904
0.979935
0.979965
0.979996
0.980026
0.980057
0.980087
0.980118
0.980148
0.980179
0.980209
0.98024
0.98027
0.980301
0.980331
0.980362
0.980392
0.980423
0.980453
0.980484
0.980515
0.98056
0.980576
0.980606
0.980652
0.980682
0.980713
0.980743
0.980774
0.980804
0.980835
0.980865
0.980896
0.980927
0.980957
0.980988
0.981018
0.981049
0.981079
0.98111
0.981155
0.981171
0.981216
0.981247
0.981277
0.981308
0.981339
0.981369
0.9814
0.98143
0.981461
0.981491
0.981522
0.981552
0.981583
0.981613
0.981644
0.981674
0.981705
0.981735
0.981766
0.981812
0.981827
0.981857
0.981888
0.981918
0.981964
0.981979
0.982025
0.982056
0.982086
0.982117
0.982147
0.982178
0.982208
0.982239
0.982269
0.9823
0.98233
0.982361
0.982391
0.982422
0.982452
0.982483
0.982513
0.982544
0.982574
0.982605
0.982635
0.982666
0.982697
0.982727
0.982758
0.982788
0.982819
0.982849
0.98288
0.98291
0.982941
0.982971
0.983002
0.983032
0.983063
0.983109
0.983139
0.98317
0.9832
0.983231
0.983261
0.983292
0.983322
0.983353
0.983383
0.983414
0.983444
0.983475
0.983505
0.983536
0.983566
0.983597
0.983627
0.983658
0.983688
0.983719
0.983749
0.98381
0.983841
0.983871
0.983902
0.983932
0.983963
0.983994
0.984024
0.984055
0.9841
0.984116
0.984161
0.984192
0.984207
0.984238
0.984268
0.984299
0.984329
0.98436
0.984406
0.984421
0.984467
0.984482
0.984528
0.984558
0.984589
0.984619
0.98465
0.98468
0.984711
0.984741
0.984772
0.984802
0.984833
0.984863
0.984894
0.984924
0.984955
0.984985
0.985016
0.985046
0.985077
0.985107
0.985138
0.985168
0.985199
0.985229
0.98526
0.985291
0.985321
0.985367
0.985382
0.985413
0.985443
0.985474
0.985504
0.985535
0.98558
0.985611
0.985626
0.985672
0.985703
0.985733
0.985764
0.985794
0.985825
0.985855
0.985886
0.985916
0.985947
0.985954
0.985954
0.985954
0.985954
0.985954
0.985954
0.985954
0.985954
0.985954
0.985954
0.985954
0.985954
0.985954
0.985958
0.985989
0.986034
0.986065
0.986095
0.986126
0.986156
0.986187
0.986217
0.986248
0.986294
0.986309
0.98634
0.986385
0.986401
0.986446
0.986477
0.986507
0.986538
0.986568
0.986599
0.986629
0.98666
0.986691
0.986721
0.986752
0.986797
0.986828
0.986858
0.986889
0.986919
0.98695
0.98698
0.987011
0.987041
0.987072
0.987103
0.987148
0.987164
0.987209
0.98724
0.98727
0.987301
0.987305
0.987305
0.987305
0.987305
0.987305
0.987305
0.987305
0.987305
0.987305
0.987305
0.987305
0.987305
0.987305
0.987305
0.987312
0.987343
0.987373
0.987419
0.98745
0.98748
0.987511
0.987541
0.987572
0.987602
0.987633
0.987663
0.987694
0.98774
0.98777
0.987801
0.987831
0.987862
0.987892
0.987923
0.987953
0.987999
0.988014
0.98806
0.988091
0.988121
0.988152
0.988182
0.988213
0.988243
0.988274
0.988304
0.988335
0.988365
0.988411
0.988441
0.988464
0.988464
0.988464
0.988464
0.988464
0.988464
0.988464
0.988464
0.988464
0.988464
0.988464
0.988464
0.988464
0.988464
0.988464
0.988464
0.988464
0.988499
0.988514
0.98856
0.98859
0.988621
0.988651
0.988682
0.988712
0.988743
0.988773
0.988804
0.988834
0.988865
0.988895
0.988926
0.988972
0.988987
0.989033
0.989063
0.989079
0.989109
0.989155
0.98917
0.989216
0.989231
0.989277
0.989307
0.989338
0.989368
0.989399
0.989429
0.98946
0.989464
0.989464
0.989464
0.989464
0.989464
0.989464
0.989464
0.989464
0.989464
0.989464
0.989464
0.989464
0.989464
0.989464
0.989464
0.989464
0.989464
0.989464
0.989468
0.989483
0.989529
0.989544
0.98959
0.989605
0.989651
0.989681
0.989712
0.989742
0.989773
0.989819
0.989849
0.98988
0.98991
0.989941
0.989971
0.990002
0.990032
0.990063
0.990093
0.990139
0.990154
0.990185
0.990231
0.990261
0.990292
0.990307
0.990345
0.990345
0.990345
0.990345
0.990345
0.990345
0.990345
0.990345
0.990345
0.990345
0.990345
0.990345
0.990345
0.990345
0.990345
0.990345
0.990345
0.990345
0.990345
0.990349
0.990379
0.99041
0.99044
0.990471
0.990501
0.990547
0.990562
0.990608
0.990639
0.990669
0.990685
0.99073
0.990761
0.990791
0.990822
0.990852
0.990883
0.990913
0.990944
0.990974
0.991005
0.991035
0.991066
0.991112
0.991142
0.991142
0.991142
0.991142
0.991142
0.991142
0.991142
0.991142
0.991142
0.991142
0.991142
0.991142
0.991142
0.991142
0.991142
0.991142
0.991142
0.991142
0.991142
0.991142
0.991142
0.991142
0.991154
0.991199
0.99123
0.991261
0.991291
0.991322
0.991352
0.991383
0.991413
0.991459
0.991489
0.99152
0.99155
0.991581
0.991611
0.991642
0.991673
0.991703
0.991734
0.991764
0.991795
0.991825
0.991852
0.991852
0.991852
0.991852
0.991852
0.991852
0.991852
0.991852
0.991852
0.991852
0.991852
0.991852
0.991852
0.991852
0.991852
0.991852
0.991852
0.991852
0.991852
0.991852
0.991852
0.991852
0.991852
0.991871
0.991901
0.991932
0.991962
0.991993
0.992023
0.992054
0.9921
0.99213
0.992161
0.992191
0.992222
0.992268
0.992283
0.992329
0.992359
0.99239
0.992405
0.992435
0.992481
0.992496
0.992504
0.992504
0.992504
0.992504
0.992504
0.992504
0.992504
0.992504
0.992504
0.992504
0.992504
0.992504
0.992504
0.992504
0.992504
0.992504
0.992504
0.992504
0.992504
0.992504
0.992504
0.992504
0.992504
0.992504
0.992512
0.992542
0.992573
0.992619
0.992634
0.99268
0.992695
0.992741
0.992771
0.992802
0.992832
0.992863
0.992893
0.992924
0.992954
0.992985
0.993015
0.993046
0.993076
0.993107
0.993137
0.993141
0.993141
0.993141
0.993141
0.993141
0.993141
0.993141
0.993141
0.993141
0.993141
0.993141
0.993141
0.993141
0.993141
0.993141
0.993141
0.993141
0.993141
0.993141
0.993141
0.993141
0.993141
0.993141
