0
3.05177e-05
0.00012207
0.000183106
0.000244141
0.000305176
0.00037384
0.000556946
0.00102997
0.00200653
0.00373077
0.00824738
0.0103989
0.0158157
0.0229034
0.0318756
0.0428772
0.0635529
0.0716248
0.0994339
0.109947
0.145149
0.171585
0.200264
0.231018
0.263634
0.29792
0.333633
0.370499
0.408272
0.446648
0.485382
0.5242
0.562881
0.601181
0.63887
0.675735
0.711586
0.746231
0.779503
0.811218
0.84124
0.855576
0.895676
0.919907
0.942024
0.961983
0.987854
1.00242
1.01487
1.02524
1.0336
1.04001
1.04455
1.04728
1.04829
1.04768
1.04558
1.04211
1.03743
1.03169
1.02502
1.01757
1.0095
1.00095
0.992081
0.983002
0.973846
0.964752
0.955818
0.947151
0.934868
0.931007
0.923683
0.913834
0.908112
0.903107
0.898872
0.895416
0.892761
0.8909
0.889839
0.889572
0.89006
0.891281
0.893204
0.895767
0.898926
0.902618
0.906784
0.911346
0.91626
0.921448
0.929611
0.932404
0.938034
0.946526
0.949333
0.954872
0.960274
0.968002
0.972855
0.977432
0.979607
0.985641
0.989227
0.992439
0.995255
0.997688
0.999718
1.00136
1.00262
1.0035
1.00402
1.00419
1.00404
1.0036
1.00287
1.00189
1.00069
0.999306
0.997749
0.996056
0.994255
0.992363
0.99041
0.988403
0.986389
0.984375
0.982361
0.980408
0.978508
0.976692
0.97496
0.973343
0.971848
0.970482
0.969254
0.967697
0.96685
0.966171
0.965881
0.965256
0.965034
0.964966
0.965034
0.965248
0.965599
0.966064
0.966644
0.967323
0.968094
0.968933
0.969841
0.970787
0.971764
0.97274
0.973717
0.974693
0.975662
0.976578
0.977455
0.978279
0.97905
0.979752
0.980392
0.980965
0.981468
0.981895
0.982246
0.982651
0.982834
0.982948
0.983002
0.982994
0.982933
0.982811
0.982635
0.982414
0.982155
0.98185
0.981506
0.980949
0.980522
0.980095
0.979652
0.979164
0.978676
0.978188
0.977699
0.977211
0.976723
0.976257
0.97583
0.975189
0.974823
0.974464
0.974159
0.973892
0.973656
0.973473
0.973343
0.973267
0.973236
0.973259
0.973328
0.97345
0.973618
0.973808
0.974052
0.974297
0.974594
0.974899
0.975204
0.97551
0.975815
0.97612
0.976425
0.97673
0.977013
0.977257
0.977501
0.977722
0.977905
0.978157
0.978279
0.978401
0.978462
0.978523
0.978546
0.978546
0.978539
0.978477
0.978416
0.978348
0.978226
0.978104
0.977982
0.977859
0.977692
0.977509
0.977325
0.977142
0.976959
0.976776
0.976501
0.97641
0.976135
0.97596
0.975838
0.975716
0.975594
0.975471
0.975349
0.975281
0.97522
0.975159
0.975098
0.975082
0.975082
0.975082
0.975082
0.97509
0.975151
0.975212
0.975273
0.975334
0.975395
0.975456
0.975525
0.975647
0.975769
0.975891
0.976013
0.976135
0.976257
0.976379
0.976501
0.976624
0.976746
0.976868
0.976952
0.977013
0.977074
0.977135
0.977196
0.977257
0.977318
0.977379
0.97747
0.977531
0.977531
0.977531
0.977531
0.977531
0.977531
0.977531
0.977531
0.977531
0.977531
0.977531
0.977531
0.977531
0.977531
0.977531
0.977531
0.977531
0.977531
0.977531
0.977531
0.977531
0.977531
0.977531
0.977531
0.977531
0.977531
0.977531
0.977531
0.977531
0.977531
0.977531
0.977531
0.977531
0.977547
0.977608
0.977669
0.97773
0.977791
0.977852
0.977913
0.977974
0.978035
0.978096
0.978157
0.978249
0.97831
0.97834
0.978401
0.978493
0.978554
0.978615
0.978676
0.978737
0.978798
0.978859
0.97892
0.978981
0.979042
0.979103
0.979134
0.979134
0.979134
0.979134
0.979134
0.979134
0.979134
0.979134
0.979134
0.979134
0.979134
0.979134
0.979134
0.979134
0.979134
0.979134
0.979134
0.979134
0.979134
0.979134
0.979134
0.979134
0.979134
0.979134
0.979172
0.979233
0.979294
0.979355
0.979416
0.979507
0.979568
0.97963
0.979691
0.979721
0.979813
0.979874
0.979935
0.979996
0.980057
0.980118
0.980179
0.98024
0.980301
0.980362
0.980423
0.980484
0.980545
0.980606
0.980621
0.980621
0.980621
0.980621
0.980621
0.980621
0.980621
0.980621
0.980621
0.980621
0.980621
0.980621
0.980621
0.980621
0.980621
0.980621
0.980621
0.980621
0.980621
0.980621
0.980621
0.980621
0.980621
0.980621
0.980621
0.980652
0.980713
0.980774
0.980835
0.980896
0.980957
0.981018
0.981079
0.98114
0.981201
0.981262
0.981323
0.981384
0.981445
0.981506
0.981598
0.981628
0.981689
0.981781
0.981842
0.981903
0.981964
0.982025
0.982071
0.982071
0.982071
0.982071
0.982071
0.982071
0.982071
0.982071
0.982071
0.982071
0.982071
0.982071
0.982071
0.982071
0.982071
0.982071
0.982071
0.982071
0.982071
0.982071
0.982071
0.982071
0.982071
0.982071
0.982071
0.982071
0.982071
0.982071
0.982086
0.982147
0.982208
0.982269
0.98233
0.982391
0.982452
0.982513
0.982574
0.982635
0.982697
0.982788
0.982849
0.98291
0.982971
0.983032
0.983093
0.983154
0.983215
0.983276
0.983337
0.983398
0.983421
0.983421
0.983421
0.983421
0.983421
0.983421
0.983421
0.983421
0.983421
0.983421
0.983421
0.983421
0.983421
0.983421
0.983421
0.983421
0.983421
0.983421
0.983421
0.983421
0.983421
0.983421
0.983421
0.983421
0.983421
0.983421
0.983421
0.983421
0.983421
0.983421
0.983452
0.983513
0.983604
0.983665
0.983727
0.983788
0.983849
0.98391
0.983971
0.984032
0.984093
0.984154
0.984215
0.984276
0.984337
0.984398
0.984459
0.98452
0.984581
0.984642
0.98468
0.98468
0.98468
0.98468
0.98468
0.98468
0.98468
0.98468
0.98468
0.98468
0.98468
0.98468
0.98468
0.98468
0.98468
0.98468
0.98468
0.98468
0.98468
0.98468
0.98468
0.98468
0.98468
0.98468
0.98468
0.98468
0.98468
0.98468
0.98468
0.98468
0.984711
0.984802
0.984863
0.984924
0.984985
0.985046
0.985107
0.985168
0.985229
0.985291
0.985352
0.985413
0.985474
0.985535
0.985596
0.985657
0.985718
0.985779
0.98587
0.985893
0.985893
0.985893
0.985893
0.985893
0.985893
0.985893
0.985893
0.985893
0.985893
0.985893
0.985893
0.985893
0.985893
0.985893
0.985893
0.985893
0.985893
0.985893
0.985893
0.985893
0.985893
0.985893
0.985893
0.985893
0.985893
0.985893
0.985893
0.985893
0.985893
0.985893
0.985901
0.985962
0.986023
0.986084
0.986145
0.986206
0.986267
0.986328
0.986389
0.98645
0.986511
0.986572
0.986633
0.986694
0.986755
0.986816
0.986877
0.986938
0.987
0.987061
0.987122
0.987144
0.987144
0.987144
0.987144
0.987144
0.987144
0.987144
0.987144
0.987144
0.987144
0.987144
0.987144
0.987144
0.987144
0.987144
0.987144
0.987144
0.987144
0.987144
0.987144
0.987144
0.987144
0.987144
0.987144
0.987144
0.987144
0.987144
0.987144
0.987144
0.987144
0.987144
0.987144
0.987144
0.987144
0.987144
0.987183
0.987244
0.987305
0.987366
0.987427
0.987488
0.987549
0.98761
0.987671
0.987732
0.987793
0.987854
0.987915
0.987976
0.988037
0.988098
0.988159
0.98822
0.988274
0.988274
0.988274
0.988274
0.988274
0.988274
0.988274
0.988274
0.988274
0.988274
0.988274
0.988274
0.988274
0.988274
0.988274
0.988274
0.988274
0.988274
0.988274
0.988274
0.988274
0.988274
0.988274
0.988274
0.988274
0.988274
0.988274
0.988274
0.988274
0.988274
0.988274
0.988274
0.988274
0.988274
0.988274
0.988274
0.988274
0.988304
0.988365
0.988426
0.988487
0.988548
0.988609
0.98867
0.988731
0.988792
0.988853
0.988914
0.988976
0.989037
0.989098
0.989189
0.98922
0.989281
0.989342
0.989357
0.989357
0.989357
0.989357
0.989357
0.989357
0.989357
0.989357
0.989357
0.989357
0.989357
0.989357
0.989357
0.989357
0.989357
0.989357
0.989357
0.989357
0.989357
0.989357
0.989357
0.989357
0.989357
0.989357
0.989357
0.989357
0.989357
0.989357
0.989357
0.989357
0.989357
0.989357
0.989357
0.989357
0.989357
0.989357
0.989357
0.989357
0.989357
0.989357
0.989426
0.989456
0.989548
0.989578
0.98967
0.989731
0.989792
0.989853
0.989914
0.989975
0.990036
0.990097
0.990158
0.990219
0.99028
0.990341
0.990356
0.990356
0.990356
0.990356
0.990356
0.990356
0.990356
0.990356
0.990356
0.990356
0.990356
0.990356
0.990356
0.990356
0.990356
0.990356
0.990356
0.990356
0.990356
0.990356
0.990356
0.990356
0.990356
0.990356
0.990356
0.990356
0.990356
0.990356
0.990356
0.990356
0.990356
0.990356
0.990356
0.990356
0.990356
0.990356
0.990356
0.990356
0.990356
0.990356
0.990356
0.990356
0.990356
0.99041
0.990471
0.990532
0.990593
0.990654
0.990715
0.990776
0.990837
0.990929
0.99099
0.991051
0.991112
0.991173
0.991234
0.991295
0.991356
0.991402
0.991402
0.991402
0.991402
0.991402
0.991402
0.991402
0.991402
0.991402
0.991402
0.991402
0.991402
0.991402
0.991402
0.991402
0.991402
0.991402
0.991402
0.991402
0.991402
0.991402
0.991402
0.991402
0.991402
0.991402
0.991402
0.991402
0.991402
0.991402
0.991402
0.991402
0.991402
0.991402
0.991402
0.991402
0.991402
0.991402
0.991402
0.991402
0.991402
0.991402
0.991402
0.991402
0.991402
0.991402
0.991402
0.991402
0.991402
0.991402
0.991402
0.99144
0.991501
0.991562
0.991623
0.991684
0.991745
0.991806
0.991867
0.991928
0.991989
0.992081
0.992142
0.992172
0.992233
0.992325
0.992355
0.992363
0.992363
0.992363
0.992363
0.992363
0.992363
0.992363
0.992363
0.992363
0.992363
0.992363
0.992363
0.992363
0.992363
0.992363
0.992363
0.992363
0.992363
0.992363
0.992363
0.992363
0.992363
0.992363
0.992363
0.992363
0.992363
0.992363
0.992363
0.992363
0.992363
0.992363
0.992363
0.992363
0.992363
0.992363
0.992363
0.992363
0.992363
0.992363
0.992363
0.992363
0.992363
0.992363
0.992363
0.992363
0.992363
0.992363
0.992363
0.992363
0.992363
0.992363
0.992363
0.992363
0.992386
0.992447
0.992538
0.992569
0.992661
0.992691
0.992783
0.992813
0.992905
0.992966
0.993027
0.993088
