0
6.10353e-05
0.00012207
0.000183106
0.000244141
0.000305176
0.00037384
0.000556946
0.00102997
0.00200653
0.00373077
0.00644684
0.0103989
0.0158157
0.0229034
0.0318756
0.0428772
0.0560837
0.0716248
0.0895996
0.110016
0.132874
0.15815
0.200386
0.231201
0.247345
0.298409
0.334351
0.371506
0.409607
0.448334
0.487465
0.526711
0.565857
0.604645
0.642838
0.680191
0.716515
0.751602
0.785263
0.817337
0.847672
0.876114
0.902557
0.926895
0.95929
0.978065
0.994568
1.00879
1.02076
1.03053
1.03817
1.04372
1.04726
1.04887
1.04792
1.04527
1.04118
1.0358
1.0293
1.02186
1.01363
1.00021
0.990761
0.981094
0.971344
0.961678
0.952194
0.943031
0.934273
0.926064
0.918465
0.911568
0.905411
0.900047
0.895515
0.891823
0.889
0.887047
0.885948
0.885681
0.886223
0.887535
0.890862
0.893913
0.897575
0.901756
0.906425
0.911507
0.919754
0.92263
0.92852
0.934532
0.940598
0.946648
0.952637
0.961349
0.966904
0.972214
0.977234
0.981926
0.986259
0.990219
0.993767
0.996887
0.999565
1.00274
1.00358
1.00542
1.00582
1.00641
1.00641
1.00613
1.00507
1.00455
1.00259
1.00097
1.00008
0.997131
0.994995
0.992752
0.990433
0.988052
0.985672
0.983292
0.980972
0.978706
0.976532
0.974472
0.972534
0.96991
0.969109
0.967651
0.96637
0.965271
0.963982
0.963356
0.96312
0.962669
0.962601
0.962692
0.962944
0.963356
0.963905
0.964577
0.965363
0.966248
0.967209
0.968239
0.969322
0.970421
0.971519
0.972618
0.973717
0.974808
0.975845
0.976837
0.977776
0.978653
0.979836
0.980202
0.980858
0.981445
0.982178
0.982574
0.982895
0.983025
0.983307
0.983406
0.983437
0.983406
0.983376
0.98317
0.982971
0.982727
0.982422
0.982086
0.98172
0.981308
0.980881
0.980423
0.979935
0.979446
0.978958
0.97847
0.977982
0.977493
0.977005
0.976517
0.976028
0.975601
0.975174
0.974777
0.974411
0.974083
0.973785
0.973541
0.973343
0.973183
0.973038
0.973007
0.973
0.973038
0.973175
0.973305
0.973396
0.973579
0.973801
0.974045
0.974411
0.974533
0.974899
0.975143
0.975388
0.975632
0.975876
0.97612
0.976349
0.976532
0.976715
0.976883
0.977005
0.977127
0.977219
0.97728
0.977341
0.977356
0.977356
0.977356
0.977318
0.977257
0.977196
0.977135
0.977028
0.976906
0.976784
0.976662
0.97654
0.97654
0.976295
0.976173
0.97599
0.975929
0.975746
0.975624
0.975502
0.97538
0.975258
0.975136
0.975052
0.974991
0.97493
0.974869
0.974808
0.974754
0.974754
0.974754
0.974754
0.974754
0.974754
0.974792
0.974854
0.974915
0.975006
0.975037
0.975098
0.975159
0.97522
0.975311
0.975372
0.975433
0.975494
0.975555
0.975616
0.975677
0.975739
0.9758
0.975861
0.975922
0.975983
0.976044
0.976135
0.976196
0.976257
0.976318
0.976379
0.97644
0.976501
0.976562
0.976624
0.976685
0.976746
0.976807
0.976868
0.976929
0.97699
0.977051
0.977142
0.977173
0.977234
0.977325
0.977341
0.977341
0.977341
0.977341
0.977341
0.977341
0.977341
0.977341
0.977341
0.977341
0.977341
0.977341
0.977341
0.977341
0.977341
0.977341
0.977341
0.977341
0.977341
0.977341
0.977341
0.977341
0.977341
0.977341
0.977379
0.97744
0.977501
0.977562
0.977623
0.977684
0.977745
0.977806
0.977867
0.977928
0.977989
0.978081
0.978142
0.978172
0.978233
0.978325
0.978386
0.978447
0.978508
0.978569
0.97863
0.978691
0.978752
0.978813
0.978836
0.978836
0.978836
0.978836
0.978836
0.978836
0.978836
0.978836
0.978836
0.978836
0.978836
0.978836
0.978836
0.978836
0.978836
0.978836
0.978836
0.978836
0.978836
0.978836
0.978836
0.978836
0.978836
0.978836
0.978867
0.978958
0.979019
0.97908
0.979141
0.979202
0.979263
0.979324
0.979385
0.979446
0.979507
0.979568
0.97963
0.979691
0.979752
0.979813
0.979874
0.979935
0.979996
0.980057
0.980118
0.980179
0.98024
0.98027
0.98027
0.98027
0.98027
0.98027
0.98027
0.98027
0.98027
0.98027
0.98027
0.98027
0.98027
0.98027
0.98027
0.98027
0.98027
0.98027
0.98027
0.98027
0.98027
0.98027
0.98027
0.98027
0.98027
0.98027
0.980354
0.980415
0.980476
0.980537
0.980598
0.980659
0.980721
0.980782
0.980843
0.980904
0.980965
0.981026
0.981087
0.981148
0.981209
0.98127
0.981331
0.981392
0.981453
0.981514
0.981606
0.981636
0.981651
0.981651
0.981651
0.981651
0.981651
0.981651
0.981651
0.981651
0.981651
0.981651
0.981651
0.981651
0.981651
0.981651
0.981651
0.981651
0.981651
0.981651
0.981651
0.981651
0.981651
0.981651
0.981651
0.981651
0.981651
0.981667
0.981728
0.981789
0.98185
0.981941
0.981972
0.982063
0.982124
0.982185
0.982246
0.982307
0.982368
0.98243
0.982491
0.982552
0.982613
0.982674
0.982735
0.982796
0.982857
0.982918
0.982925
0.982925
0.982925
0.982925
0.982925
0.982925
0.982925
0.982925
0.982925
0.982925
0.982925
0.982925
0.982925
0.982925
0.982925
0.982925
0.982925
0.982925
0.982925
0.982925
0.982925
0.982925
0.982925
0.982925
0.982925
0.982925
0.982925
0.982964
0.983025
0.983086
0.983147
0.983238
0.983299
0.98336
0.983421
0.983482
0.983543
0.983604
0.983665
0.983727
0.983788
0.983879
0.98394
0.984001
0.984062
0.984123
0.984184
0.984215
0.984215
0.984215
0.984215
0.984215
0.984215
0.984215
0.984215
0.984215
0.984215
0.984215
0.984215
0.984215
0.984215
0.984215
0.984215
0.984215
0.984215
0.984215
0.984215
0.984215
0.984215
0.984215
0.984215
0.984215
0.984215
0.984215
0.984215
0.984215
0.984215
0.984215
0.984222
0.984283
0.984344
0.984406
0.984467
0.984528
0.984589
0.98465
0.984711
0.984772
0.984833
0.984924
0.984985
0.985046
0.985107
0.985168
0.985229
0.985291
0.985352
0.985413
0.985458
0.985458
0.985458
0.985458
0.985458
0.985458
0.985458
0.985458
0.985458
0.985458
0.985458
0.985458
0.985458
0.985458
0.985458
0.985458
0.985458
0.985458
0.985458
0.985458
0.985458
0.985458
0.985458
0.985458
0.985458
0.985458
0.985458
0.985458
0.985458
0.985458
0.985458
0.985458
0.985466
0.985527
0.985588
0.985649
0.98571
0.985771
0.985832
0.985893
0.985954
0.986015
0.986076
0.986137
0.986198
0.986259
0.986351
0.986382
0.986443
0.986534
0.986595
0.986656
0.986664
0.986664
0.986664
0.986664
0.986664
0.986664
0.986664
0.986664
0.986664
0.986664
0.986664
0.986664
0.986664
0.986664
0.986664
0.986664
0.986664
0.986664
0.986664
0.986664
0.986664
0.986664
0.986664
0.986664
0.986664
0.986664
0.986664
0.986664
0.986664
0.986664
0.986664
0.986664
0.986664
0.986664
0.986679
0.98674
0.986801
0.986862
0.986923
0.987015
0.987076
0.987137
0.987198
0.987259
0.98732
0.987381
0.987442
0.987503
0.987564
0.987625
0.987686
0.987747
0.987839
0.987854
0.987854
0.987854
0.987854
0.987854
0.987854
0.987854
0.987854
0.987854
0.987854
0.987854
0.987854
0.987854
0.987854
0.987854
0.987854
0.987854
0.987854
0.987854
0.987854
0.987854
0.987854
0.987854
0.987854
0.987854
0.987854
0.987854
0.987854
0.987854
0.987854
0.987854
0.987854
0.987854
0.987854
0.987854
0.987854
0.9879
0.987961
0.988022
0.988083
0.988144
0.988205
0.988266
0.988327
0.988388
0.988449
0.98851
0.988571
0.988663
0.988693
0.988754
0.988815
0.988876
0.988968
0.988998
0.988998
0.988998
0.988998
0.988998
0.988998
0.988998
0.988998
0.988998
0.988998
0.988998
0.988998
0.988998
0.988998
0.988998
0.988998
0.988998
0.988998
0.988998
0.988998
0.988998
0.988998
0.988998
0.988998
0.988998
0.988998
0.988998
0.988998
0.988998
0.988998
0.988998
0.988998
0.988998
0.988998
0.988998
0.988998
0.988998
0.988998
0.988998
0.988998
0.988998
0.988998
0.989029
0.989059
0.989059
0.989182
0.989395
0.989456
0.989517
0.989578
0.98967
0.9897
0.989761
0.989853
0.989883
0.989975
0.990036
0.990097
0.99012
0.99012
0.99012
0.99012
0.99012
0.99012
0.99012
0.99012
0.99012
0.99012
0.99012
0.99012
0.99012
0.99012
0.99012
0.99012
0.99012
0.99012
0.99012
0.99012
0.99012
0.99012
0.99012
0.99012
0.99012
0.99012
0.99012
0.99012
0.99012
0.99012
0.99012
0.99012
0.99012
0.99012
0.99012
0.99012
0.99012
0.99012
0.99012
0.99012
0.99012
0.99012
0.99012
0.99012
0.99012
0.99012
0.99012
0.99015
0.990211
0.990273
0.990334
0.990395
0.990456
0.990517
0.990578
0.990639
0.9907
0.990761
0.990822
0.990883
0.990944
0.991005
0.991066
0.991127
0.991135
0.991135
0.991135
0.991135
0.991135
0.991135
0.991135
0.991135
0.991135
0.991135
0.991135
0.991135
0.991135
0.991135
0.991135
0.991135
0.991135
0.991135
0.991135
0.991135
0.991135
0.991135
0.991135
0.991135
0.991135
0.991135
0.991135
0.991135
0.991135
0.991135
0.991135
0.991135
0.991135
0.991135
0.991135
0.991135
0.991135
0.991135
0.991135
0.991135
0.991135
0.991135
0.991135
0.991135
0.991135
0.991135
0.991135
0.991196
0.991257
0.991318
0.991379
0.99147
0.991501
0.991562
0.991653
0.991714
0.991776
0.991837
0.991898
0.991959
0.99202
0.992081
0.992126
0.992126
0.992126
0.992126
0.992126
0.992126
0.992126
0.992126
0.992126
0.992126
0.992126
0.992126
0.992126
0.992126
0.992126
0.992126
0.992126
0.992126
0.992126
0.992126
0.992126
0.992126
0.992126
0.992126
0.992126
0.992126
0.992126
0.992126
0.992126
0.992126
0.992126
0.992126
0.992126
0.992126
0.992126
0.992126
0.992126
0.992126
0.992126
0.992126
0.992126
0.992126
0.992126
0.992126
0.992126
0.992126
0.992126
0.992126
0.992126
0.992126
0.992126
0.992126
0.992126
0.992126
0.992126
0.992149
0.99221
0.992271
0.992332
0.992393
0.992455
0.992516
0.992607
0.992638
0.992699
0.99276
0.992851
0.992912
0.992973
0.993034
