0
3.05177e-05
6.10353e-05
9.1553e-05
0.000122071
0.000152588
0.000339508
0.000518799
0.001194
0.00343704
0.0060997
0.0099678
0.0152512
0.0221214
0.0307465
0.0412369
0.0536842
0.0681267
0.084568
0.103001
0.123337
0.145496
0.169361
0.194782
0.2216
0.249638
0.278706
0.308598
0.354557
0.385658
0.416897
0.448082
0.479034
0.509583
0.539539
0.568718
0.596939
0.624065
0.649967
0.674538
0.697697
0.729641
0.739521
0.766819
0.783062
0.797752
0.810917
0.822575
0.832794
0.841679
0.849304
0.855755
0.861115
0.865456
0.868881
0.871479
0.873337
0.874546
0.875198
0.87534
0.875206
0.874409
0.873638
0.872765
0.871849
0.870964
0.870159
0.869488
0.868996
0.868717
0.868694
0.868942
0.869484
0.870331
0.871487
0.872959
0.874737
0.876812
0.879173
0.883221
0.886211
0.889416
0.892799
0.896339
0.900002
0.903763
0.907593
0.911457
0.915329
0.919167
0.922958
0.926678
0.930302
0.93552
0.937199
0.940449
0.945049
0.947918
0.950623
0.953159
0.954361
0.957699
0.959698
0.961514
0.963146
0.964596
0.965878
0.966995
0.967957
0.968773
0.969448
0.969997
0.970432
0.97076
0.971001
0.971207
0.971241
0.971264
0.971195
0.971149
0.970955
0.970791
0.970699
0.970394
0.970181
0.969963
0.969719
0.96949
0.969276
0.969063
0.968853
0.96867
0.968498
0.968346
0.96822
0.968109
0.968021
0.967937
0.967907
0.967903
0.967918
0.967949
0.96801
0.968124
0.96817
0.968273
0.968395
0.968594
0.968746
0.968822
0.968975
0.969128
0.969357
0.969433
0.969585
0.969738
0.969891
0.970119
0.970272
0.970348
0.970566
0.970688
0.97081
0.970932
0.971054
0.971146
0.971191
0.971329
0.97142
0.971481
0.971542
0.971603
0.971664
0.971714
0.971745
0.971775
0.971806
0.971836
0.971867
0.971897
0.971928
0.971958
0.971989
0.971989
0.971989
0.971989
0.971989
0.971989
0.971989
0.971989
0.972004
0.972034
0.972065
0.972095
0.972141
0.972172
0.972202
0.972218
0.972248
0.972294
0.972324
0.972355
0.972385
0.972416
0.972446
0.972477
0.972507
0.972538
0.972569
0.972603
0.972664
0.972755
0.972816
0.972878
0.972939
0.973
0.973061
0.973122
0.973183
0.973244
0.973305
0.973366
0.973427
0.973488
0.973549
0.973595
0.973625
0.973656
0.973686
0.973717
0.973747
0.973778
0.973808
0.973839
0.973869
0.973915
0.973946
0.973976
0.974007
0.974037
0.974068
0.974098
0.974129
0.974159
0.97419
0.97422
0.974251
0.974281
0.974327
0.974358
0.974388
0.974419
0.974449
0.97448
0.97451
0.974541
0.974571
0.974602
0.974632
0.974663
0.974693
0.974724
0.974754
0.974785
0.97485
0.974911
0.974972
0.975033
0.975094
0.975155
0.975216
0.975277
0.975368
0.97543
0.975491
0.975552
0.975613
0.975674
0.975735
0.975773
0.975803
0.975834
0.975864
0.975895
0.975925
0.975956
0.975986
0.976032
0.976063
0.976093
0.976124
0.976154
0.976185
0.976215
0.976246
0.976276
0.976307
0.976337
0.976368
0.976398
0.976429
0.97646
0.97649
0.976521
0.976551
0.976597
0.976627
0.976658
0.976688
0.976719
0.976749
0.97678
0.976826
0.976856
0.976887
0.976917
0.976948
0.976978
0.977009
0.977039
0.97707
0.9771
0.977131
0.977161
0.977192
0.977222
0.977253
0.977299
0.977314
0.97736
0.97739
0.977421
0.977451
0.977482
0.977512
0.977543
0.977573
0.977604
0.977634
0.977665
0.977711
0.977741
0.977772
0.977802
0.977818
0.977863
0.977901
0.977962
0.978024
0.978085
0.978146
0.978207
0.978268
0.978329
0.97839
0.978451
0.978508
0.978539
0.978569
0.9786
0.97863
0.978661
0.978691
0.978722
0.978752
0.978783
0.978813
0.978844
0.978874
0.978905
0.978935
0.978981
0.978996
0.979027
0.979073
0.979103
0.979134
0.979164
0.979195
0.979225
0.979256
0.979286
0.979317
0.979347
0.979378
0.979408
0.979439
0.979469
0.979515
0.979546
0.979576
0.979607
0.979637
0.979668
0.979698
0.979744
0.979774
0.979805
0.979836
0.979866
0.979897
0.979927
0.979958
0.979988
0.980019
0.980049
0.98008
0.98011
0.980141
0.980186
0.980217
0.980247
0.980278
0.980309
0.980339
0.98037
0.9804
0.980431
0.980461
0.980507
0.980537
0.980568
0.980598
0.980629
0.980659
0.98069
0.980721
0.980751
0.980782
0.980812
0.980843
0.980873
0.980904
0.980949
0.980965
0.98101
0.981041
0.981056
0.981102
0.981133
0.981163
0.981194
0.981224
0.981255
0.981285
0.981316
0.981346
0.981377
0.981407
0.981438
0.981468
0.981499
0.981529
0.981575
0.98159
0.981621
0.981651
0.981697
0.981728
0.981758
0.981789
0.981819
0.98185
0.98188
0.981911
0.981941
0.981972
0.982002
0.982033
0.982063
0.982094
0.982124
0.98217
0.982201
0.982231
0.982262
0.982292
0.982323
0.982353
0.982384
0.982414
0.982445
0.982491
0.982521
0.982552
0.982582
0.982613
0.982643
0.982674
0.982704
0.982735
0.982765
0.982796
0.982826
0.982857
0.982887
0.982933
0.982948
0.982979
0.983009
0.983055
0.983086
0.983116
0.983147
0.983177
0.983208
0.983238
0.983269
0.983299
0.98333
0.98336
0.983391
0.983421
0.983452
0.983482
0.983513
0.983543
0.983574
0.983604
0.983635
0.983665
0.983696
0.983727
0.983757
0.983788
0.983818
0.983864
0.983894
0.983925
0.983955
0.983986
0.984016
0.984047
0.984077
0.984123
0.984154
0.984184
0.984215
0.984245
0.984276
0.984306
0.984337
0.984367
0.984398
0.984428
0.984474
0.984505
0.984535
0.984566
0.984596
0.984627
0.984657
0.984688
0.984718
0.984749
0.984779
0.98481
0.98484
0.984886
0.984917
0.984947
0.984978
0.985008
0.985039
0.985069
0.9851
0.98513
0.985161
0.985191
0.985222
0.985252
0.985283
0.985313
0.985344
0.985374
0.985405
0.985435
0.985481
0.985497
0.985519
0.985519
0.985519
0.985519
0.985519
0.985519
0.985519
0.985519
0.985519
0.985519
0.985519
0.985519
0.985519
0.985542
0.985573
0.985603
0.985634
0.985664
0.985695
0.985725
0.985756
0.985786
0.985817
0.985847
0.985878
0.985924
0.985954
0.985985
0.986015
0.986046
0.986076
0.986107
0.986137
0.986168
0.986198
0.986229
0.986259
0.98629
0.98632
0.986351
0.986382
0.986412
0.986443
0.986473
0.986504
0.986534
0.98658
0.98661
0.986641
0.986671
0.986702
0.986732
0.986763
0.986794
0.986824
0.986855
0.986885
0.986916
0.986946
0.986977
0.987007
0.987038
0.987061
0.987061
0.987061
0.987061
0.987061
0.987061
0.987061
0.987061
0.987061
0.987061
0.987061
0.987061
0.987061
0.987061
0.987061
0.987091
0.987122
0.987152
0.987183
0.987213
0.987244
0.987274
0.987305
0.987335
0.987366
0.987411
0.987442
0.987473
0.987503
0.987534
0.987564
0.987595
0.987625
0.987656
0.987701
0.987732
0.987762
0.987793
0.987823
0.987854
0.987885
0.987915
0.987961
0.987991
0.988022
0.988052
0.988083
0.988113
0.988144
0.988174
0.988205
0.988213
0.988213
0.988213
0.988213
0.988213
0.988213
0.988213
0.988213
0.988213
0.988213
0.988213
0.988213
0.988213
0.988213
0.988213
0.988213
0.988224
0.988255
0.9883
0.988331
0.988346
0.988392
0.988422
0.988453
0.988483
0.988514
0.988544
0.988575
0.988605
0.988636
0.988667
0.988697
0.988728
0.988773
0.988804
0.988834
0.988865
0.988895
0.988926
0.988956
0.988987
0.989017
0.989048
0.989079
0.989109
0.98914
0.989185
0.989197
0.989197
0.989197
0.989197
0.989197
0.989197
0.989197
0.989197
0.989197
0.989197
0.989197
0.989197
0.989197
0.989197
0.989197
0.989197
0.989197
0.989197
0.989212
0.989227
0.989273
0.989304
0.989334
0.989365
0.989395
0.989426
0.989456
0.989487
0.989517
0.989563
0.989578
0.989609
0.989639
0.98967
0.989716
0.989746
0.989777
0.989807
0.989838
0.989868
0.989899
0.989929
0.98996
0.98999
0.990021
0.990051
0.990082
0.990112
0.990128
0.990128
0.990128
0.990128
0.990128
0.990128
0.990128
0.990128
0.990128
0.990128
0.990128
0.990128
0.990128
0.990128
0.990128
0.990128
0.990128
0.990128
0.990128
0.990139
0.99017
0.9902
0.990215
0.990261
0.990292
0.990322
0.990353
0.990383
0.990414
0.990444
0.990475
0.990505
0.990536
0.990566
0.990597
0.990627
0.990658
0.990688
0.990719
0.990749
0.99078
0.990826
0.990841
0.990871
0.990902
0.990932
0.990952
0.990952
0.990952
0.990952
0.990952
0.990952
0.990952
0.990952
0.990952
0.990952
0.990952
0.990952
0.990952
0.990952
0.990952
0.990952
0.990952
0.990952
0.990952
0.990952
0.990952
0.990974
0.991005
0.991035
0.991081
0.991096
0.991142
0.991173
0.991188
0.991234
0.991264
0.991295
0.991325
0.991356
0.991386
0.991417
0.991447
0.991478
0.991508
0.991539
0.99157
0.9916
0.991631
0.991661
0.991688
0.991688
0.991688
0.991688
0.991688
0.991688
0.991688
0.991688
0.991688
0.991688
0.991688
0.991688
0.991688
0.991688
0.991688
0.991688
0.991688
0.991688
0.991688
0.991688
0.991688
0.991688
0.991688
0.991688
0.991718
0.991749
0.991779
0.99181
0.991856
0.991886
0.991917
0.991947
0.991978
0.992008
0.992039
0.992069
0.9921
0.99213
0.992176
0.992207
0.992237
0.992268
0.992298
0.992329
0.992359
0.992378
0.992378
0.992378
0.992378
0.992378
0.992378
0.992378
0.992378
0.992378
0.992378
0.992378
0.992378
0.992378
0.992378
0.992378
0.992378
0.992378
0.992378
0.992378
0.992378
0.992378
0.992378
0.992378
0.992378
0.992378
0.992378
0.992405
0.992435
0.992466
0.992496
0.992527
0.992558
0.992588
0.992619
0.992649
0.99268
0.99271
0.992741
0.992771
0.992802
0.992832
0.992863
0.992908
0.992924
0.992954
0.992985
0.993015
0.993019
0.993019
0.993019
0.993019
0.993019
0.993019
0.993019
0.993019
0.993019
0.993019
0.993019
0.993019
0.993019
0.993019
0.993019
0.993019
0.993019
0.993019
0.993019
0.993019
0.993019
0.993019
0.993019
0.993019
0.993019
0.993019
0.993019
0.993065
0.993095
0.993126
0.993156
