0
3.05177e-05
0.000122071
0.000152588
0.000244141
0.000274659
0.000495911
0.000968933
0.0019455
0.00366974
0.0063858
0.0103378
0.0157547
0.0228424
0.0318146
0.0428162
0.0560226
0.0715408
0.0894547
0.10981
0.132607
0.157791
0.18528
0.214951
0.24662
0.280098
0.315163
0.351585
0.389107
0.42746
0.4664
0.505661
0.544998
0.584152
0.622902
0.661018
0.698288
0.752144
0.769455
0.819138
0.834885
0.879402
0.906647
0.919495
0.943604
0.975723
0.985344
1.01094
1.01839
1.03758
1.04295
1.05605
1.06242
1.06696
1.06977
1.07054
1.07052
1.06869
1.06555
1.06123
1.05586
1.05283
1.04254
1.03487
1.0267
1.0182
1.00946
1.00061
0.991768
0.983032
0.974525
0.966331
0.958549
0.951256
0.944481
0.938324
0.932808
0.927971
0.923851
0.919044
0.917809
0.915176
0.914658
0.914139
0.914299
0.915741
0.917442
0.918495
0.920967
0.923927
0.929115
0.932976
0.937096
0.941429
0.945908
0.950478
0.955055
0.959633
0.964142
0.968536
0.972778
0.97683
0.980667
0.984261
0.987579
0.990616
0.993347
0.996857
0.997864
1.00042
1.00111
1.00225
1.00307
1.00359
1.00382
1.00376
1.00343
1.00286
1.0016
1.00053
0.999306
0.997948
0.996475
0.994919
0.993301
0.991653
0.989952
0.988243
0.986565
0.984917
0.983315
0.981773
0.980309
0.978935
0.977669
0.976509
0.975471
0.974556
0.973778
0.973129
0.972618
0.972237
0.971916
0.97187
0.97187
0.971992
0.972214
0.972748
0.972969
0.97348
0.974365
0.974701
0.975372
0.976105
0.977203
0.977936
0.978668
0.979401
0.980087
0.980759
0.981369
0.981949
0.982475
0.982956
0.983376
0.983742
0.984047
0.984299
0.984497
0.984642
0.984734
0.984779
0.984779
0.984726
0.984642
0.98452
0.984344
0.984161
0.983917
0.983673
0.983383
0.983078
0.982773
0.982437
0.982071
0.981705
0.981339
0.980972
0.980606
0.98024
0.979874
0.979507
0.979141
0.978821
0.978363
0.978058
0.977905
0.977539
0.977295
0.977097
0.976913
0.976746
0.976624
0.976501
0.976425
0.976364
0.976318
0.976318
0.976318
0.976349
0.97641
0.976471
0.976532
0.9767
0.976761
0.976883
0.977066
0.977127
0.977249
0.977432
0.977493
0.977676
0.977798
0.977921
0.978043
0.978165
0.978287
0.978409
0.978531
0.978638
0.978699
0.97876
0.978821
0.978882
0.978943
0.979004
0.979065
0.979103
0.979103
0.979103
0.979103
0.979103
0.979103
0.979103
0.979103
0.979103
0.979103
0.979103
0.979103
0.979103
0.979103
0.979103
0.979103
0.979103
0.979103
0.979103
0.979103
0.979103
0.979103
0.979103
0.979103
0.979103
0.979103
0.979103
0.979103
0.979103
0.979103
0.979103
0.979103
0.979103
0.979103
0.979103
0.979103
0.979103
0.979103
0.979103
0.979103
0.979103
0.979103
0.979118
0.979179
0.97924
0.979301
0.979393
0.979454
0.979515
0.979576
0.979637
0.979698
0.979759
0.97982
0.979881
0.979942
0.980003
0.980064
0.980125
0.980186
0.980247
0.980309
0.98037
0.980431
0.980492
0.980553
0.980568
0.980568
0.980568
0.980568
0.980568
0.980568
0.980568
0.980568
0.980568
0.980568
0.980568
0.980568
0.980568
0.980568
0.980568
0.980568
0.980568
0.980568
0.980568
0.980568
0.980568
0.980568
0.980568
0.980568
0.980568
0.980576
0.980637
0.980698
0.980759
0.98082
0.980881
0.980942
0.981003
0.981064
0.981125
0.981186
0.981247
0.981308
0.981369
0.98143
0.981491
0.981552
0.981613
0.981674
0.981766
0.981827
0.981857
0.981949
0.981979
0.981979
0.981979
0.981979
0.981979
0.981979
0.981979
0.981979
0.981979
0.981979
0.981979
0.981979
0.981979
0.981979
0.981979
0.981979
0.981979
0.981979
0.981979
0.981979
0.981979
0.981979
0.981979
0.981979
0.981979
0.981979
0.981979
0.981979
0.981979
0.98201
0.982071
0.982132
0.982193
0.982254
0.982315
0.982376
0.982437
0.982498
0.982559
0.98262
0.982712
0.982742
0.982803
0.982864
0.982925
0.983017
0.983047
0.983109
0.98317
0.983231
0.983231
0.983231
0.983231
0.983231
0.983231
0.983231
0.983231
0.983231
0.983231
0.983231
0.983231
0.983231
0.983231
0.983231
0.983231
0.983231
0.983231
0.983231
0.983231
0.983231
0.983231
0.983231
0.983231
0.983231
0.983231
0.983231
0.983231
0.983231
0.983261
0.983322
0.983383
0.983444
0.983505
0.983566
0.983627
0.983688
0.983749
0.98381
0.983871
0.983932
0.983994
0.984055
0.984116
0.984177
0.984238
0.984299
0.98436
0.984421
0.984436
0.984436
0.984436
0.984436
0.984436
0.984436
0.984436
0.984436
0.984436
0.984436
0.984436
0.984436
0.984436
0.984436
0.984436
0.984436
0.984436
0.984436
0.984436
0.984436
0.984436
0.984436
0.984436
0.984436
0.984436
0.984436
0.984436
0.984436
0.984436
0.984436
0.984436
0.984512
0.984573
0.984634
0.984695
0.984756
0.984818
0.984879
0.98494
0.985001
0.985062
0.985123
0.985184
0.985245
0.985306
0.985367
0.985428
0.985489
0.98555
0.985611
0.985657
0.985657
0.985657
0.985657
0.985657
0.985657
0.985657
0.985657
0.985657
0.985657
0.985657
0.985657
0.985657
0.985657
0.985657
0.985657
0.985657
0.985657
0.985657
0.985657
0.985657
0.985657
0.985657
0.985657
0.985657
0.985657
0.985657
0.985657
0.985657
0.985657
0.985657
0.985657
0.985657
0.985703
0.985764
0.985825
0.985886
0.985947
0.986008
0.986069
0.98616
0.986191
0.986282
0.986343
0.986404
0.986465
0.986526
0.986588
0.986649
0.98671
0.986771
0.986832
0.986855
0.986855
0.986855
0.986855
0.986855
0.986855
0.986855
0.986855
0.986855
0.986855
0.986855
0.986855
0.986855
0.986855
0.986855
0.986855
0.986855
0.986855
0.986855
0.986855
0.986855
0.986855
0.986855
0.986855
0.986855
0.986855
0.986855
0.986855
0.986855
0.986855
0.986855
0.986855
0.986855
0.986855
0.986855
0.986855
0.986916
0.986977
0.987038
0.987099
0.98716
0.987221
0.987282
0.987343
0.987404
0.987465
0.987526
0.987587
0.987648
0.987709
0.98777
0.987831
0.987892
0.987953
0.988014
0.988029
0.988029
0.988029
0.988029
0.988029
0.988029
0.988029
0.988029
0.988029
0.988029
0.988029
0.988029
0.988029
0.988029
0.988029
0.988029
0.988029
0.988029
0.988029
0.988029
0.988029
0.988029
0.988029
0.988029
0.988029
0.988029
0.988029
0.988029
0.988029
0.988029
0.988029
0.988029
0.988029
0.988029
0.988029
0.988029
0.988029
0.988029
0.988052
0.988113
0.988144
0.988235
0.988297
0.988358
0.988419
0.98848
0.988541
0.988602
0.988663
0.988724
0.988785
0.988846
0.988907
0.988968
0.989029
0.98909
0.989113
0.989113
0.989113
0.989113
0.989113
0.989113
0.989113
0.989113
0.989113
0.989113
0.989113
0.989113
0.989113
0.989113
0.989113
0.989113
0.989113
0.989113
0.989113
0.989113
0.989113
0.989113
0.989113
0.989113
0.989113
0.989113
0.989113
0.989113
0.989113
0.989113
0.989113
0.989113
0.989113
0.989113
0.989113
0.989113
0.989113
0.989113
0.989113
0.989113
0.989113
0.989166
0.989258
0.989288
0.989349
0.98941
0.989471
0.989563
0.989594
0.989655
0.989746
0.989777
0.989868
0.989929
0.98999
0.990051
0.990112
0.990173
0.990181
0.990181
0.990181
0.990181
0.990181
0.990181
0.990181
0.990181
0.990181
0.990181
0.990181
0.990181
0.990181
0.990181
0.990181
0.990181
0.990181
0.990181
0.990181
0.990181
0.990181
0.990181
0.990181
0.990181
0.990181
0.990181
0.990181
0.990181
0.990181
0.990181
0.990181
0.990181
0.990181
0.990181
0.990181
0.990181
0.990181
0.990181
0.990181
0.990181
0.990181
0.990181
0.990181
0.990181
0.990181
0.990189
0.99025
0.990311
0.990372
0.990433
0.990494
0.990555
0.990616
0.990677
0.990768
0.990829
0.990891
0.990952
0.991013
0.991074
0.991135
0.991165
0.991165
0.991165
0.991165
0.991165
0.991165
0.991165
0.991165
0.991165
0.991165
0.991165
0.991165
0.991165
0.991165
0.991165
0.991165
0.991165
0.991165
0.991165
0.991165
0.991165
0.991165
0.991165
0.991165
0.991165
0.991165
0.991165
0.991165
0.991165
0.991165
0.991165
0.991165
0.991165
0.991165
0.991165
0.991165
0.991165
0.991165
0.991165
0.991165
0.991165
0.991165
0.991165
0.991165
0.991165
0.991165
0.991165
0.991165
0.991165
0.991226
0.991287
0.991348
0.991409
0.99147
0.991531
0.991592
0.991653
0.991714
0.991776
0.991837
0.991898
0.991959
0.99202
0.992081
0.992088
0.992088
0.992088
0.992088
0.992088
0.992088
0.992088
0.992088
0.992088
0.992088
0.992088
0.992088
0.992088
0.992088
0.992088
0.992088
0.992088
0.992088
0.992088
0.992088
0.992088
0.992088
0.992088
0.992088
0.992088
0.992088
0.992088
0.992088
0.992088
0.992088
0.992088
0.992088
0.992088
0.992088
0.992088
0.992088
0.992088
0.992088
0.992088
0.992088
0.992088
0.992088
0.992088
0.992088
0.992088
0.992088
0.992088
0.992088
0.992088
0.992088
0.992142
0.992203
0.992264
0.992325
0.992386
0.992447
0.992508
0.992569
0.99263
0.992691
0.992752
0.992813
0.992874
0.992935
0.992996
0.99305
0.99305
0.99305
0.99305
0.99305
0.99305
0.99305
0.99305
0.99305
0.99305
0.99305
0.99305
0.99305
0.99305
0.99305
0.99305
0.99305
0.99305
0.99305
0.99305
0.99305
0.99305
0.99305
0.99305
0.99305
0.99305
0.99305
0.99305
0.99305
0.99305
0.99305
0.99305
0.99305
0.99305
0.99305
0.99305
0.99305
0.99305
0.99305
0.99305
0.99305
0.99305
0.99305
0.99305
0.99305
0.99305
0.99305
0.99305
0.99305
0.99305
0.99305
0.99305
0.99305
0.99305
0.99305
0.99305
0.99305
0.99305
0.99305
0.99305
0.99305
0.99305
0.993073
0.993134
0.993195
0.993256
0.993317
0.993378
0.993439
0.9935
0.993561
0.993622
0.993683
0.993744
0.993805
0.993866
0.993927
0.993927
0.993927
0.993927
0.993927
0.993927
0.993927
0.993927
0.993927
0.993927
0.993927
0.993927
0.993927
0.993927
