0
3.05173e-05
4.57761e-05
9.15526e-05
0.000106811
0.000152588
0.000236511
0.000339508
0.000793457
0.00248337
0.00462723
0.00786591
0.0124207
0.0184746
0.0262032
0.0357513
0.047226
0.060688
0.0761681
0.0936508
0.113087
0.134392
0.157444
0.182095
0.208183
0.249599
0.263912
0.293156
0.323044
0.368637
0.399242
0.42976
0.460014
0.489838
0.51907
0.547535
0.575066
0.601521
0.62677
0.650726
0.673309
0.694458
0.714142
0.74086
0.749023
0.771282
0.777981
0.79031
0.806248
0.81525
0.823029
0.829655
0.835197
0.83976
0.843437
0.846306
0.848469
0.850014
0.851028
0.851624
0.851879
0.851883
0.851727
0.851337
0.851204
0.85091
0.850861
0.850986
0.851337
0.851933
0.852795
0.853951
0.855408
0.85717
0.859238
0.861607
0.864262
0.867176
0.870335
0.873734
0.877335
0.881107
0.885029
0.889072
0.893208
0.897404
0.901638
0.905876
0.91008
0.914238
0.91832
0.922302
0.926178
0.929916
0.935253
0.936951
0.940228
0.94482
0.947659
0.950306
0.952759
0.955013
0.957066
0.958923
0.960583
0.962048
0.963329
0.964432
0.965366
0.966152
0.966797
0.967537
0.967728
0.96804
0.968269
0.968418
0.968521
0.968525
0.968472
0.968388
0.968334
0.968212
0.96806
0.967819
0.967636
0.967453
0.96727
0.967102
0.966949
0.966797
0.966671
0.966553
0.966461
0.966393
0.966343
0.966312
0.966312
0.966331
0.966404
0.966434
0.966568
0.966686
0.966812
0.966965
0.967117
0.9673
0.967484
0.967667
0.967976
0.968082
0.968296
0.96851
0.96883
0.969044
0.969234
0.969418
0.969601
0.969784
0.969955
0.970108
0.970261
0.970406
0.970528
0.97065
0.970764
0.970856
0.970947
0.971035
0.971096
0.971157
0.971218
0.971275
0.971321
0.971336
0.971367
0.971397
0.971443
0.971474
0.971485
0.971485
0.971485
0.971485
0.971485
0.971485
0.971485
0.971485
0.971485
0.971516
0.971546
0.971592
0.971622
0.971653
0.971684
0.971714
0.971745
0.97179
0.971821
0.971867
0.971928
0.971989
0.97205
0.972111
0.972172
0.972233
0.972294
0.972385
0.972416
0.972507
0.972569
0.97263
0.972691
0.972752
0.972813
0.972874
0.972935
0.972996
0.973057
0.973118
0.973179
0.973225
0.973255
0.97327
0.973301
0.973331
0.973362
0.973408
0.973438
0.973469
0.973499
0.97353
0.97356
0.973591
0.973621
0.973652
0.973682
0.973713
0.973743
0.973774
0.973804
0.973835
0.973866
0.973896
0.973927
0.973957
0.973988
0.974018
0.974049
0.974079
0.97411
0.974155
0.974171
0.974258
0.974289
0.97438
0.974442
0.974472
0.974564
0.974625
0.974686
0.974747
0.974808
0.974869
0.97493
0.974991
0.975052
0.975113
0.975159
0.975189
0.97522
0.97525
0.975281
0.975311
0.975357
0.975372
0.975418
0.975433
0.975479
0.97551
0.97554
0.975571
0.975601
0.975632
0.975662
0.975693
0.975723
0.975754
0.975784
0.975815
0.975845
0.975876
0.975906
0.975937
0.975967
0.976013
0.976028
0.976074
0.976089
0.97612
0.976166
0.976196
0.976227
0.976257
0.976288
0.976318
0.976349
0.976379
0.97641
0.97644
0.976471
0.976501
0.976532
0.976562
0.976593
0.976624
0.976654
0.976685
0.976715
0.976746
0.976791
0.976807
0.976837
0.976871
0.976963
0.977024
0.977085
0.977146
0.977207
0.977268
0.977329
0.97739
0.977451
0.977512
0.977558
0.977589
0.977634
0.977665
0.977695
0.977726
0.977757
0.977787
0.977818
0.977848
0.977879
0.977909
0.97794
0.97797
0.978001
0.978031
0.978062
0.978092
0.978123
0.978153
0.978199
0.978214
0.978245
0.978275
0.978306
0.978352
0.978367
0.978397
0.978428
0.978458
0.978504
0.978519
0.97855
0.978596
0.978626
0.978657
0.978687
0.978718
0.978748
0.978779
0.978809
0.97884
0.97887
0.978916
0.978947
0.978962
0.979008
0.979038
0.979069
0.979099
0.97913
0.97916
0.979191
0.979221
0.979252
0.979282
0.979313
0.979343
0.979374
0.979404
0.979435
0.979481
0.979496
0.979527
0.979572
0.979603
0.979633
0.979664
0.979694
0.979725
0.979755
0.979786
0.979816
0.979862
0.979893
0.979923
0.979954
0.979984
0.980015
0.980045
0.980076
0.980106
0.980137
0.980167
0.980198
0.980228
0.980259
0.980289
0.980335
0.98035
0.980381
0.980427
0.980457
0.980488
0.980518
0.980549
0.980579
0.98061
0.98064
0.980671
0.980701
0.980732
0.980762
0.980793
0.980824
0.980869
0.9809
0.98093
0.980961
0.980991
0.981022
0.981052
0.981098
0.981129
0.981159
0.98119
0.98122
0.981251
0.981281
0.981312
0.981342
0.981373
0.981419
0.981449
0.98148
0.98151
0.981556
0.981571
0.981602
0.981632
0.981678
0.981709
0.981739
0.98177
0.9818
0.981831
0.981861
0.981892
0.981922
0.981953
0.981983
0.982014
0.982044
0.982075
0.982105
0.982136
0.982166
0.982197
0.982227
0.982258
0.982288
0.982334
0.982349
0.98238
0.98241
0.982441
0.982487
0.982517
0.982548
0.982578
0.982609
0.982639
0.98267
0.9827
0.982731
0.982761
0.982792
0.982822
0.982853
0.982883
0.982914
0.982944
0.982975
0.983021
0.983036
0.983067
0.983097
0.983128
0.983173
0.983189
0.983234
0.983265
0.983295
0.983326
0.983356
0.983387
0.983418
0.983448
0.983479
0.983509
0.98354
0.98357
0.983601
0.983631
0.983662
0.983692
0.983723
0.983753
0.983784
0.983814
0.98386
0.983891
0.983921
0.983952
0.983982
0.984013
0.984043
0.984074
0.984104
0.98415
0.98418
0.984211
0.984241
0.984272
0.984303
0.984333
0.984364
0.984394
0.98444
0.984455
0.984486
0.984516
0.984562
0.984592
0.984623
0.984653
0.984684
0.984715
0.984745
0.984776
0.984821
0.984852
0.984882
0.984913
0.984943
0.984974
0.985004
0.985035
0.985065
0.985096
0.985126
0.985157
0.985188
0.985218
0.985249
0.985279
0.98531
0.98534
0.985386
0.985416
0.985447
0.985477
0.985508
0.985538
0.985569
0.9856
0.985645
0.985676
0.985706
0.985737
0.985767
0.985798
0.985828
0.985859
0.985878
0.985878
0.985878
0.985878
0.985878
0.985878
0.985878
0.985878
0.985878
0.985878
0.985878
0.985878
0.985878
0.985878
0.985878
0.985893
0.985924
0.985954
0.986
0.986015
0.986046
0.986076
0.986107
0.986153
0.986183
0.986214
0.986244
0.986275
0.986305
0.986336
0.986366
0.986397
0.986427
0.986458
0.986488
0.986519
0.986549
0.98658
0.98661
0.986641
0.986671
0.986702
0.986732
0.986763
0.986794
0.986824
0.986855
0.986885
0.986916
0.986946
0.986992
0.987007
0.987053
0.987083
0.987114
0.987144
0.987175
0.987206
0.987236
0.987267
0.987297
0.987328
0.987373
0.987389
0.987434
0.987465
0.98748
0.98748
0.98748
0.98748
0.98748
0.98748
0.98748
0.98748
0.98748
0.98748
0.98748
0.98748
0.98748
0.98748
0.98748
0.98748
0.987507
0.987537
0.987568
0.987598
0.987629
0.987659
0.98769
0.98772
0.987751
0.987797
0.987812
0.987843
0.987873
0.987919
0.987949
0.98798
0.98801
0.988041
0.988071
0.988102
0.988132
0.988163
0.988194
0.988224
0.988255
0.988285
0.988316
0.988346
0.988377
0.988422
0.988453
0.988483
0.988514
0.988544
0.988575
0.988605
0.988632
0.988632
0.988632
0.988632
0.988632
0.988632
0.988632
0.988632
0.988632
0.988632
0.988632
0.988632
0.988632
0.988632
0.988632
0.988632
0.988632
0.988632
0.988644
0.988674
0.988705
0.988735
0.988766
0.988796
0.988827
0.988857
0.988888
0.988918
0.988949
0.988979
0.98901
0.98904
0.989071
0.989101
0.989132
0.989162
0.989193
0.989223
0.989254
0.989285
0.989315
0.989361
0.989376
0.989407
0.989452
0.989483
0.989513
0.989544
0.989574
0.989605
0.989632
0.989632
0.989632
0.989632
0.989632
0.989632
0.989632
0.989632
0.989632
0.989632
0.989632
0.989632
0.989632
0.989632
0.989632
0.989632
0.989632
0.989632
0.989632
0.989651
0.989681
0.989712
0.989742
0.989773
0.989803
0.989834
0.989864
0.989895
0.989941
0.989956
0.989986
0.990032
0.990063
0.990093
0.990124
0.990154
0.990185
0.990215
0.990246
0.990276
0.990307
0.990337
0.990368
0.990398
0.990429
0.990459
0.99049
0.99049
0.99049
0.99049
0.99049
0.99049
0.99049
0.99049
0.99049
0.99049
0.99049
0.99049
0.99049
0.99049
0.99049
0.99049
0.99049
0.99049
0.99049
0.99049
0.990505
0.990536
0.990582
0.990612
0.990643
0.990673
0.990704
0.990734
0.990765
0.990795
0.990841
0.990871
0.990902
0.990932
0.990963
0.990993
0.991024
0.991055
0.9911
0.991116
0.991161
0.991177
0.991196
0.991196
0.991196
0.991196
0.991196
0.991196
0.991196
0.991196
0.991196
0.991196
0.991196
0.991196
0.991196
0.991196
0.991196
0.991196
0.991196
0.991196
0.991196
0.991196
0.991199
0.99123
0.991261
0.991291
0.991322
0.991352
0.991383
0.991413
0.991444
0.991474
0.99152
0.991535
0.991566
0.991611
0.991642
0.991673
0.991703
0.991734
0.991764
0.991795
0.991825
0.991856
0.991898
0.991898
0.991898
0.991898
0.991898
0.991898
0.991898
0.991898
0.991898
0.991898
0.991898
0.991898
0.991898
0.991898
0.991898
0.991898
0.991898
0.991898
0.991898
0.991898
0.991898
0.991898
0.991898
0.991898
0.991909
0.99194
0.99197
0.992001
0.992031
0.992062
0.992092
0.992123
0.992153
0.992184
0.992214
0.992245
0.992275
0.992306
0.992336
0.992367
0.992413
0.992443
0.992474
0.992504
0.992535
0.992565
0.992603
0.992603
0.992603
0.992603
0.992603
0.992603
0.992603
0.992603
0.992603
0.992603
0.992603
0.992603
0.992603
0.992603
0.992603
0.992603
0.992603
0.992603
0.992603
0.992603
0.992603
0.992603
0.992603
0.992603
0.992603
0.992611
0.992641
0.992672
0.992702
0.992733
0.992764
0.992794
0.992825
0.992855
0.992886
0.992916
0.992947
0.992992
0.993023
0.993038
0.993084
0.993114
0.993145
0.993176
0.993206
0.993237
0.993237
0.993237
0.993237
0.993237
0.993237
0.993237
0.993237
0.993237
0.993237
0.993237
0.993237
0.993237
0.993237
0.993237
