0
0
0
0
0
3.05177e-05
0.000274659
0.000610352
0.00128174
0.00247192
0.0043335
0.00701904
0.0106812
0.0155029
0.0215149
0.0288391
0.0375061
0.0475769
0.059082
0.0789795
0.0939636
0.101959
0.12793
0.14679
0.16684
0.188019
0.210236
0.233429
0.257568
0.282562
0.30835
0.334869
0.362061
0.389862
0.418182
0.446991
0.476196
0.505798
0.535706
0.565857
0.596191
0.626709
0.657227
0.687988
0.734009
0.749268
0.779785
0.81012
0.840302
0.885101
0.899872
0.943695
0.972382
1.00064
1.02841
1.05566
1.08234
1.12122
1.13385
1.17072
1.19434
1.21722
1.23929
1.26056
1.28094
1.30048
1.31912
1.33682
1.35355
1.36942
1.37698
1.39822
1.41727
1.42313
1.43915
1.44397
1.45288
1.46082
1.47089
1.47638
1.4809
1.48447
1.48715
1.48813
1.48813
1.48914
1.4877
1.48392
1.48035
1.47592
1.47342
1.4678
1.45795
1.45432
1.44229
1.43341
1.42386
1.41373
1.40295
1.39163
1.37973
1.36734
1.35446
1.34113
1.32736
1.31323
1.29871
1.28387
1.26877
1.24554
1.2298
1.2139
1.19778
1.18158
1.16522
1.14886
1.13251
1.11615
1.09979
1.08344
1.06708
1.05087
1.03476
1.01883
1.00305
0.987457
0.972107
0.957001
0.942169
0.927612
0.906311
0.899353
0.885742
0.872467
0.859589
0.840942
0.829071
0.823273
0.812042
0.796021
0.785889
0.776245
0.76709
0.758484
0.750366
0.742737
0.735657
0.729065
0.720184
0.714935
0.710236
0.706085
0.702454
0.699341
0.696747
0.693878
0.693176
0.692139
0.69165
0.69165
0.692566
0.693787
0.695465
0.697601
0.700165
0.703186
0.706635
0.708496
0.714752
0.719391
0.724396
0.729767
0.735474
0.741486
0.751129
0.757904
0.764954
0.772247
0.779785
0.787567
0.795532
0.80365
0.811951
0.820435
0.833344
0.842133
0.850922
0.859894
0.868927
0.87796
0.886993
0.896027
0.90506
0.914093
0.923126
0.932159
0.94104
0.949829
0.958618
0.967163
0.975677
0.988129
0.992157
1.00409
1.01184
1.01941
1.02673
1.03387
1.0408
1.04752
1.05399
1.06024
1.06625
1.07202
1.07755
1.08282
1.09027
1.09488
1.09921
1.1033
1.10712
1.11066
1.11392
1.11691
1.11957
1.12305
1.12405
1.12671
1.12744
1.12872
1.12973
1.13043
1.13086
1.13101
1.13089
1.13025
1.12949
1.129
1.12723
1.12573
1.12488
1.12207
1.1199
1.11752
1.11496
1.11221
1.10928
1.10614
1.10284
1.09943
1.09576
1.09201
1.08615
1.082
1.07785
1.07349
1.06909
1.06467
1.06003
1.05539
1.05075
1.04379
1.03891
1.03403
1.02914
1.02426
1.0195
1.01486
1.01022
1.00558
1.00095
0.996307
0.991882
0.987488
0.983093
0.97876
0.972534
0.968384
0.964355
0.960449
0.956543
0.952759
0.949097
0.945435
0.941986
0.936859
0.935242
0.932068
0.928925
0.925995
0.921753
0.919067
0.916565
0.914154
0.911957
0.909882
0.907928
0.906189
0.904541
0.902405
0.901184
0.900146
0.899658
0.898499
0.897919
0.897339
0.897095
0.897095
0.897186
0.897583
0.897827
0.898315
0.899017
0.89975
0.901215
0.902344
0.902954
0.904907
0.906372
0.907928
0.909637
0.910492
0.913269
0.915222
0.917206
0.919403
0.9216
0.923798
0.926147
0.928589
0.93103
0.933472
0.935913
0.938568
0.942596
0.945282
0.947968
0.950653
0.953339
0.956024
0.95871
0.961395
0.964081
0.966583
0.969025
0.971466
0.973907
0.976349
0.97876
0.980957
0.983154
0.985352
0.987549
0.99054
0.991516
0.993469
0.995422
0.997223
0.999786
1.0015
1.00235
1.00461
1.00534
1.00754
1.00888
1.00949
1.01132
1.01254
1.01361
1.01459
1.01556
1.01654
1.01736
1.0181
1.01883
1.0192
1.02017
1.02066
1.02115
1.02164
1.02206
1.02231
1.02255
1.0228
1.02304
1.0231
1.0231
1.0231
1.0231
1.0231
1.02292
1.02267
1.02243
1.02219
1.02194
1.02164
1.02115
1.02066
1.02017
1.01944
1.0192
1.01871
1.01807
1.01733
1.01624
1.01587
1.01514
1.01404
1.01367
1.01257
1.01221
1.01096
1.00998
1.00949
1.00803
1.00705
1.00607
1.0051
1.00412
1.00314
1.00217
1.00119
1.00021
0.999237
0.99826
0.997284
0.996307
0.995331
0.994354
0.993378
0.992401
0.991425
0.990448
0.989471
0.988495
0.987518
0.986053
0.985077
0.9841
0.983612
0.982147
0.981171
0.980194
0.979218
0.978241
0.977264
0.976288
0.975311
0.974335
0.973572
0.972839
0.972107
0.971375
0.970642
0.96991
0.969177
0.968079
0.967712
0.966614
0.966248
0.965179
0.964691
0.964203
0.963959
0.963226
0.962738
0.96225
0.961761
0.961273
0.960785
0.960358
0.960114
0.959869
0.959625
0.959381
0.959137
0.958893
0.958649
0.958405
0.95816
0.95813
0.95813
0.95813
0.95813
0.95813
0.95813
0.95813
0.95813
0.95813
0.958221
0.958466
0.95871
0.958954
0.959198
0.959442
0.959808
0.95993
0.960297
0.960541
0.960785
0.961029
0.961273
0.96167
0.962158
0.962646
0.963135
0.963623
0.964111
0.9646
0.965088
0.96582
0.966309
0.966797
0.967285
0.967773
0.968262
0.968994
0.969482
0.969971
0.970459
0.970947
0.971436
0.971924
0.972412
0.9729
0.973389
0.973877
0.974365
0.974854
0.975342
0.97583
0.976318
0.976807
0.977295
0.977783
0.978271
0.97876
0.979248
0.979736
0.980225
0.980713
0.981201
0.981689
0.981964
0.98233
0.982574
0.982819
0.983063
0.983307
0.983551
0.983795
0.984161
0.984406
0.98465
0.984894
0.985138
0.985382
0.985626
0.98587
0.986115
0.986359
0.986603
0.986847
0.987091
0.987335
0.987427
0.987427
0.987427
0.987427
0.987427
0.987427
0.987427
0.987427
0.987427
0.987427
0.987427
0.987427
0.987427
0.987427
0.987427
0.987427
0.987427
0.987427
0.987427
0.987427
0.987427
0.987427
0.987427
0.987427
0.987427
0.987427
0.987427
0.987427
0.987427
0.987427
0.987427
0.987427
0.987427
0.987335
0.987091
0.986847
0.986603
0.986359
0.985992
0.985748
0.985504
0.98526
0.985016
0.984772
0.984528
0.984283
0.984039
0.983917
0.983551
0.983307
0.983063
0.982819
0.982574
0.98233
0.982086
0.981842
0.981476
0.981232
0.980988
0.980743
0.980499
0.980255
0.980011
0.979767
0.979523
0.979401
0.979401
0.979401
0.979401
0.979401
0.979401
0.979401
0.979401
0.979401
0.979401
0.979401
0.979401
0.979401
0.979401
0.979401
0.979401
0.979401
0.979401
0.979401
0.979401
0.979401
0.979401
0.979401
0.979401
0.979401
0.979401
0.979401
0.979401
0.979401
0.979401
0.979401
0.979401
0.979401
0.979401
0.979401
0.979401
0.979401
0.979401
0.979401
0.979401
0.979401
0.979401
0.979401
0.979401
0.979401
0.979401
0.979401
0.979401
0.979401
0.979401
0.979401
0.979401
0.979401
0.979401
0.979401
0.979401
0.979401
0.979401
0.979401
0.979401
0.979401
0.979401
0.979401
0.979401
0.979401
0.979401
0.979401
0.979401
0.979401
0.979401
0.979401
0.979401
0.979401
0.979401
0.979401
0.979645
0.979889
0.980133
0.980499
0.980743
0.980865
0.981232
0.981476
0.98172
0.981964
0.982208
0.982452
0.982697
0.983063
0.983185
0.983551
0.983795
0.984039
0.984283
0.984528
0.984772
0.985016
0.98526
0.985504
0.985596
0.985596
0.985596
0.985596
0.985596
0.985596
0.985596
0.985596
0.985596
0.985596
0.985596
0.985596
0.985596
0.985596
0.985596
0.985596
0.985596
0.985596
0.985596
0.985596
0.985596
0.985596
0.985596
0.985596
0.985596
0.985596
0.985596
0.985596
0.985596
0.985596
0.985596
0.985596
0.985596
0.985596
0.985596
0.985596
0.985596
0.985596
0.985596
0.985596
0.985596
0.985596
0.985596
0.985596
0.985596
0.985596
0.985596
0.985596
0.985596
0.985596
0.985596
0.985596
0.985596
0.985596
0.985596
0.985596
0.985596
0.985596
0.985596
0.985596
0.985596
0.985596
0.985596
0.985596
0.985596
0.985596
0.985596
0.985596
0.985596
0.985596
0.985596
0.985596
0.985596
0.985596
0.985596
0.985596
0.985596
0.985596
0.985596
0.985596
0.985596
0.985596
0.985596
0.985596
0.985596
0.985596
0.985596
0.985596
0.985596
0.985596
0.985596
0.985596
0.985596
0.985596
0.985596
0.985596
0.985596
0.985596
0.985596
0.985596
0.985596
0.985596
0.985596
0.985596
0.985596
0.985596
0.985596
0.985596
0.985596
0.985596
0.985596
0.985596
0.985596
0.985596
0.985596
0.985596
0.985596
0.985596
0.985596
0.985596
0.985596
0.985596
0.985596
0.985596
0.985596
0.985596
0.985596
0.985596
0.985596
0.985596
0.985596
0.985596
0.985596
0.985596
0.985596
0.985596
0.985596
0.985596
0.985596
0.985596
0.985596
0.985596
0.985596
0.985596
0.985596
0.985596
0.985596
0.985596
0.985596
0.985596
0.985596
0.985596
0.985596
0.985596
0.985596
0.985596
0.985596
0.985596
0.985596
0.985596
0.985596
0.985596
0.985596
0.985596
0.985596
0.985596
0.985596
0.985596
0.985596
0.985596
0.985596
0.985596
0.985596
0.985596
0.985596
0.985596
0.985596
0.985596
0.985596
0.985596
0.985596
0.985596
0.985596
0.985596
0.985596
0.985596
0.985596
0.985596
0.985596
0.985596
0.985596
0.985596
0.985596
0.985596
0.985596
0.985596
0.985596
0.985596
0.985596
0.985596
0.985596
0.985596
0.985596
0.985596
0.985596
0.985596
0.985596
0.985596
0.985596
0.985596
0.985596
0.985596
0.985596
0.985596
0.985596
0.985596
0.985596
0.985596
0.985596
0.985596
0.985596
0.985596
0.985687
0.985931
0.986053
0.98642
0.986542
0.986786
0.987152
0.987274
0.98764
0.987885
0.988129
0.988373
0.988617
0.988861
0.989105
0.989349
0.98941
0.98941
0.98941
0.98941
0.98941
0.98941
0.98941
0.98941
0.98941
0.98941
0.98941
0.98941
0.98941
0.98941
0.98941
0.98941
0.98941
0.98941
0.98941
0.98941
0.98941
0.98941
0.98941
0.98941
0.98941
0.98941
0.98941
0.98941
0.98941
0.98941
0.98941
0.98941
0.98941
