0
0
0
0
0
3.05173e-05
0.000274658
0.000610351
0.00128174
0.0032959
0.0055542
0.00872803
0.0155029
0.0250244
0.0329895
0.0423584
0.0531616
0.0653381
0.0789185
0.0939026
0.110229
0.137115
0.156586
0.177185
0.198914
0.221619
0.2453
0.269928
0.29538
0.321594
0.348511
0.376068
0.404205
0.432892
0.462006
0.491516
0.521393
0.551514
0.581848
0.612366
0.642944
0.673706
0.719788
0.735046
0.765564
0.795898
0.82605
0.870789
0.900208
0.92923
0.957855
0.986023
1.01367
1.0408
1.06735
1.09326
1.11853
1.14307
1.16687
1.18991
1.21219
1.23364
1.25427
1.27408
1.30215
1.31976
1.33649
1.35229
1.36719
1.38116
1.39423
1.40631
1.41742
1.43237
1.44116
1.44519
1.45581
1.46167
1.46655
1.47055
1.4736
1.47568
1.4769
1.47717
1.47656
1.4751
1.47278
1.46964
1.46564
1.45816
1.45221
1.44553
1.43814
1.43005
1.4213
1.4119
1.40192
1.39136
1.38022
1.36856
1.35641
1.34381
1.32407
1.31729
1.30347
1.2821
1.26749
1.25259
1.23746
1.22211
1.2066
1.19098
1.1752
1.15933
1.14346
1.12759
1.11172
1.08792
1.07208
1.05646
1.04083
1.02545
1.01016
0.995056
0.980164
0.965515
0.951141
0.937042
0.923218
0.909698
0.903076
0.871216
0.859131
0.847443
0.836151
0.825287
0.81488
0.804901
0.79538
0.786346
0.777802
0.769745
0.762177
0.755096
0.748505
0.742432
0.736877
0.731812
0.727264
0.723236
0.719696
0.716705
0.714203
0.712189
0.710663
0.70929
0.709076
0.708984
0.709717
0.710205
0.711487
0.713196
0.715332
0.71933
0.720856
0.724182
0.72995
0.734253
0.738892
0.743896
0.749176
0.754791
0.760712
0.766907
0.773346
0.780029
0.786926
0.794037
0.801361
0.808868
0.816498
0.82431
0.832245
0.840302
0.848389
0.856689
0.86499
0.873291
0.881592
0.890137
0.898682
0.907227
0.915771
0.924103
0.932404
0.940704
0.949005
0.957153
0.969238
0.977081
0.984894
0.992462
0.999908
1.00723
1.01431
1.02124
1.02798
1.03452
1.04391
1.04993
1.05576
1.06137
1.06674
1.07187
1.07678
1.08145
1.08588
1.09006
1.09396
1.0976
1.10098
1.10556
1.1095
1.11182
1.11386
1.11563
1.11716
1.11841
1.11938
1.12009
1.12054
1.12073
1.12067
1.12036
1.11981
1.11902
1.11801
1.11679
1.11533
1.11365
1.11176
1.10968
1.10742
1.10498
1.10229
1.09949
1.09656
1.09338
1.09012
1.0867
1.08313
1.07947
1.07565
1.07175
1.06778
1.06363
1.0574
1.05313
1.04874
1.04434
1.03995
1.03555
1.03116
1.02457
1.02237
1.01797
1.01138
1.00699
1.00262
0.998474
0.994324
0.990173
0.986023
0.980103
0.978149
0.97229
0.968567
0.964905
0.961243
0.957672
0.954254
0.950836
0.94754
0.944366
0.941193
0.938202
0.935272
0.932434
0.929749
0.925873
0.924652
0.922241
0.920044
0.917938
0.915985
0.914185
0.912476
0.91098
0.909576
0.908356
0.907257
0.906281
0.905518
0.904846
0.904358
0.90387
0.903748
0.903687
0.903687
0.903931
0.904449
0.904938
0.905243
0.906342
0.907257
0.908234
0.909363
0.910583
0.911865
0.91333
0.914795
0.917297
0.918152
0.919861
0.92276
0.924713
0.926666
0.928833
0.93103
0.932129
0.934326
0.936523
0.940063
0.942505
0.944946
0.947388
0.949829
0.952271
0.954712
0.957153
0.959595
0.962036
0.964478
0.966675
0.968872
0.971069
0.973267
0.975464
0.977661
0.979645
0.981598
0.984528
0.985504
0.988281
0.98999
0.990845
0.993408
0.994263
0.996521
0.997986
0.999451
1.00089
1.00211
1.00333
1.00455
1.00577
1.00677
1.00775
1.00873
1.0097
1.01056
1.01129
1.01202
1.01276
1.01349
1.01398
1.01447
1.01495
1.01544
1.01587
1.01611
1.01648
1.0166
1.01685
1.01706
1.01706
1.01706
1.01706
1.01706
1.01706
1.01682
1.01657
1.01633
1.01608
1.01584
1.01559
1.01526
1.01477
1.01428
1.01379
1.01331
1.01282
1.01233
1.01184
1.01135
1.01062
1.00989
1.00916
1.00842
1.00769
1.00696
1.00623
1.00549
1.00476
1.00403
1.0033
1.00256
1.00146
1.0011
1.00037
0.999573
0.998108
0.997131
0.996643
0.995178
0.994202
0.993225
0.992249
0.991272
0.990295
0.989319
0.988342
0.987366
0.986389
0.985413
0.984436
0.983459
0.982483
0.981689
0.980957
0.980225
0.979492
0.97876
0.978027
0.977295
0.976562
0.97583
0.974731
0.974365
0.973633
0.9729
0.972168
0.971436
0.970703
0.969971
0.969238
0.968597
0.967865
0.967621
0.967133
0.966644
0.965912
0.965424
0.965179
0.964447
0.963959
0.96347
0.962982
0.962738
0.962494
0.96225
0.962006
0.961761
0.961517
0.961151
0.960907
0.960663
0.960419
0.960388
0.960388
0.960388
0.960388
0.960388
0.960388
0.960388
0.960388
0.960388
0.960388
0.960388
0.96048
0.960724
0.960968
0.961212
0.961456
0.9617
0.961945
0.962311
0.962433
0.962677
0.962921
0.963165
0.963531
0.963776
0.96402
0.964264
0.964508
0.964996
0.965485
0.965973
0.966461
0.966949
0.967438
0.967926
0.968414
0.969147
0.969391
0.969879
0.970367
0.9711
0.971588
0.972076
0.972565
0.973053
0.973541
0.97403
0.974518
0.975006
0.975494
0.975983
0.976471
0.976959
0.977448
0.977936
0.978424
0.978912
0.979401
0.979675
0.979919
0.980164
0.98053
0.980774
0.981018
0.981262
0.981506
0.98175
0.981995
0.982239
0.982483
0.982849
0.982971
0.983215
0.983582
0.983704
0.98407
0.984314
0.984558
0.984802
0.985046
0.985291
0.985535
0.985779
0.986023
0.986176
0.986176
0.986176
0.986176
0.986176
0.986176
0.986176
0.986176
0.986176
0.986176
0.986176
0.986176
0.986176
0.986176
0.986176
0.986176
0.986176
0.986176
0.986176
0.986176
0.986176
0.986176
0.986176
0.986176
0.986176
0.986176
0.986176
0.986176
0.986176
0.986176
0.986176
0.986176
0.986176
0.986176
0.986176
0.986176
0.986176
0.986176
0.986176
0.986176
0.986176
0.986176
0.986176
0.986176
0.986176
0.985931
0.985565
0.985321
0.985077
0.984833
0.984589
0.984344
0.9841
0.983856
0.983612
0.983368
0.983124
0.982758
0.982513
0.982147
0.981903
0.981659
0.981415
0.981171
0.981049
0.980682
0.980682
0.980682
0.980682
0.980682
0.980682
0.980682
0.980682
0.980682
0.980682
0.980682
0.980682
0.980682
0.980682
0.980682
0.980682
0.980682
0.980682
0.980682
0.980682
0.980682
0.980682
0.980682
0.980682
0.980682
0.980682
0.980682
0.980682
0.980682
0.980682
0.980682
0.980682
0.980682
0.980682
0.980682
0.980682
0.980682
0.980682
0.980682
0.980682
0.980682
0.980682
0.980682
0.980682
0.980682
0.980682
0.980682
0.980682
0.980682
0.980682
0.980682
0.980682
0.980682
0.980682
0.980682
0.980682
0.980682
0.980682
0.980682
0.980682
0.980682
0.980682
0.980682
0.980682
0.980682
0.980682
0.980682
0.980682
0.980682
0.980682
0.980682
0.980682
0.980682
0.980682
0.980682
0.980682
0.980682
0.980682
0.980682
0.980682
0.980682
0.980682
0.980682
0.980682
0.980682
0.980682
0.980682
0.980682
0.980682
0.980682
0.980682
0.980682
0.980682
0.980682
0.980682
0.980682
0.980682
0.980682
0.980682
0.980682
0.980682
0.980682
0.980682
0.980682
0.980682
0.980682
0.980682
0.980896
0.98114
0.981384
0.981628
0.981873
0.982117
0.982361
0.982727
0.982849
0.983215
0.983337
0.983704
0.983826
0.984192
0.984314
0.984558
0.984924
0.985046
0.985413
0.985535
0.98584
0.98584
0.98584
0.98584
0.98584
0.98584
0.98584
0.98584
0.98584
0.98584
0.98584
0.98584
0.98584
0.98584
0.98584
0.98584
0.98584
0.98584
0.98584
0.98584
0.98584
0.98584
0.98584
0.98584
0.98584
0.98584
0.98584
0.98584
0.98584
0.98584
0.98584
0.98584
0.98584
0.98584
0.98584
0.98584
0.98584
0.98584
0.98584
0.98584
0.98584
0.98584
0.98584
0.98584
0.98584
0.98584
0.98584
0.98584
0.98584
0.98584
0.98584
0.98584
0.98584
0.98584
0.98584
0.98584
0.98584
0.98584
0.98584
0.98584
0.98584
0.98584
0.98584
0.98584
0.98584
0.98584
0.98584
0.98584
0.98584
0.98584
0.98584
0.98584
0.98584
0.98584
0.98584
0.98584
0.98584
0.98584
0.98584
0.98584
0.98584
0.98584
0.98584
0.98584
0.98584
0.98584
0.98584
0.98584
0.98584
0.98584
0.98584
0.98584
0.98584
0.98584
0.98584
0.98584
0.98584
0.98584
0.98584
0.98584
0.98584
0.98584
0.98584
0.98584
0.98584
0.98584
0.98584
0.98584
0.98584
0.98584
0.98584
0.98584
0.98584
0.98584
0.98584
0.98584
0.98584
0.98584
0.98584
0.98584
0.98584
0.98584
0.98584
0.98584
0.98584
0.98584
0.98584
0.98584
0.98584
0.98584
0.98584
0.98584
0.98584
0.98584
0.98584
0.98584
0.98584
0.98584
0.98584
0.98584
0.98584
0.98584
0.98584
0.98584
0.98584
0.98584
0.98584
0.98584
0.98584
0.98584
0.98584
0.98584
0.98584
0.98584
0.98584
0.98584
0.98584
0.98584
0.98584
0.98584
0.98584
0.98584
0.98584
0.98584
0.98584
0.98584
0.98584
0.98584
0.98584
0.98584
0.98584
0.98584
0.98584
0.98584
0.98584
0.98584
0.98584
0.98584
0.98584
0.98584
0.98584
0.98584
0.98584
0.98584
0.98584
0.98584
0.98584
0.98584
0.98584
0.98584
0.98584
0.98584
0.98584
0.98584
0.98584
0.98584
0.98584
0.98584
0.98584
0.98584
0.98584
0.98584
0.98584
0.98584
0.98584
0.98584
0.98584
0.98584
0.98584
0.98584
0.98584
0.985931
0.986298
0.986542
0.986786
0.98703
0.987274
0.987518
0.987762
0.988007
0.988251
0.988373
0.988617
0.988861
0.989227
0.989471
0.989594
0.989685
0.989685
0.989685
0.989685
0.989685
0.989685
0.989685
0.989685
0.989685
0.989685
0.989685
0.989685
0.989685
0.989685
0.989685
0.989685
0.989685
0.989685
0.989685
