0
0
0
0
0
3.05177e-05
0.000274659
0.000610352
0.00128174
0.00247192
0.0043335
0.00701904
0.0106812
0.0155029
0.0250244
0.0288391
0.0375061
0.0475769
0.059082
0.0653687
0.110291
0.127899
0.146759
0.166809
0.187988
0.210205
0.23349
0.25766
0.282745
0.308624
0.335266
0.362579
0.390503
0.419006
0.447998
0.477417
0.507263
0.537415
0.567841
0.59848
0.629242
0.660156
0.706665
0.722168
0.753052
0.799164
0.829681
0.859955
0.904816
0.919586
0.963348
0.991974
1.02011
1.0477
1.07468
1.10101
1.12668
1.16394
1.17599
1.19952
1.22229
1.25494
1.27567
1.29553
1.31451
1.33258
1.34979
1.36603
1.38132
1.39572
1.40915
1.42746
1.43307
1.44351
1.45291
1.46518
1.47214
1.47812
1.48312
1.48715
1.4902
1.49228
1.49344
1.49368
1.49298
1.49139
1.48892
1.4856
1.48141
1.47644
1.47067
1.46414
1.45685
1.44882
1.44009
1.43069
1.42065
1.41
1.39877
1.38699
1.37466
1.36185
1.34854
1.33481
1.32068
1.30615
1.29132
1.27612
1.26065
1.24493
1.229
1.21289
1.19656
1.18021
1.1636
1.1387
1.1221
1.1055
1.0889
1.0723
1.05585
1.03949
1.02332
1.00729
0.991486
0.975922
0.960602
0.945557
0.930817
0.916351
0.902283
0.888519
0.875183
0.855865
0.84964
0.837494
0.825775
0.814484
0.80368
0.793304
0.778687
0.769592
0.765228
0.756866
0.745331
0.738281
0.73175
0.725739
0.720306
0.715393
0.710999
0.707153
0.703796
0.700989
0.69873
0.696259
0.695282
0.694794
0.694794
0.695282
0.696259
0.697662
0.699554
0.703217
0.706207
0.709595
0.713409
0.717651
0.722229
0.727203
0.732483
0.738159
0.744141
0.750397
0.756927
0.763763
0.770844
0.778168
0.789612
0.793518
0.805542
0.809662
0.817963
0.826447
0.834991
0.848114
0.852509
0.865753
0.874786
0.88382
0.892853
0.901886
0.910919
0.919952
0.928955
0.937744
0.946533
0.955261
0.963806
0.97229
0.980591
0.988739
0.996765
1.00458
1.01221
1.01965
1.02689
1.03394
1.04077
1.04736
1.05374
1.0629
1.06583
1.07153
1.077
1.08221
1.08719
1.09415
1.09845
1.10248
1.10623
1.10971
1.11292
1.11581
1.11844
1.12079
1.12189
1.12463
1.12613
1.12732
1.12823
1.12888
1.12912
1.12933
1.12918
1.12875
1.12808
1.12717
1.12601
1.1246
1.12296
1.12109
1.11902
1.11673
1.11426
1.11157
1.1087
1.10568
1.10251
1.09909
1.09558
1.09192
1.0881
1.0842
1.08014
1.07599
1.07178
1.06738
1.06299
1.05624
1.05392
1.04929
1.04233
1.04001
1.03305
1.02841
1.02377
1.01913
1.0145
1.00986
1.00522
1.00058
0.996185
0.991791
0.987396
0.983032
0.978882
0.972656
0.968567
0.964661
0.960754
0.956909
0.953247
0.949585
0.946045
0.942627
0.939209
0.936035
0.932861
0.929901
0.926971
0.924225
0.921539
0.919067
0.916656
0.914459
0.912354
0.9104
0.90863
0.906952
0.905487
0.904144
0.902435
0.901459
0.900696
0.900024
0.899536
0.8992
0.898956
0.898956
0.899017
0.899261
0.899658
0.900146
0.900818
0.90155
0.902496
0.903473
0.904663
0.905884
0.90802
0.908752
0.910339
0.912048
0.914703
0.91568
0.917633
0.919586
0.921783
0.923981
0.927277
0.929657
0.932098
0.933319
0.93576
0.939423
0.941864
0.944305
0.94693
0.949615
0.952301
0.954773
0.958435
0.959656
0.962097
0.964539
0.96698
0.970642
0.973053
0.974152
0.97525
0.978546
0.981842
0.984009
0.985962
0.987915
0.989868
0.991821
0.993561
0.99527
0.996979
0.998688
1.00021
1.00168
1.00388
1.00528
1.0065
1.00772
1.00894
1.0101
1.01108
1.01205
1.01303
1.01398
1.01471
1.01544
1.01654
1.01718
1.01767
1.01791
1.01865
1.01913
1.01941
1.01965
1.02002
1.02014
1.02036
1.02036
1.02036
1.02036
1.02036
1.02036
1.02002
1.01978
1.01953
1.01929
1.01904
1.01871
1.01822
1.01773
1.017
1.01675
1.01602
1.01553
1.01492
1.01419
1.01346
1.01273
1.01199
1.01089
1.01053
1.0098
1.00906
1.00797
1.00723
1.00632
1.00534
1.00436
1.00339
1.00241
1.00143
0.999969
0.998993
0.998016
0.99704
0.996063
0.995087
0.99411
0.993134
0.992157
0.99118
0.990204
0.989227
0.988251
0.987274
0.986298
0.985321
0.984344
0.983368
0.981903
0.980927
0.97995
0.978973
0.977997
0.977051
0.976318
0.975586
0.974854
0.974121
0.973389
0.972656
0.971924
0.971191
0.970459
0.969727
0.968994
0.968262
0.967163
0.966827
0.966339
0.965851
0.965363
0.964874
0.964142
0.963898
0.963409
0.962921
0.962189
0.9617
0.961426
0.961182
0.960938
0.960693
0.960449
0.960205
0.959961
0.959717
0.959473
0.959229
0.959198
0.959198
0.959198
0.959198
0.959198
0.959198
0.959198
0.959198
0.959198
0.959198
0.959259
0.959503
0.959747
0.959991
0.960358
0.96048
0.960846
0.960968
0.961334
0.961578
0.961823
0.962067
0.962311
0.962433
0.962799
0.963287
0.963531
0.964264
0.964264
0.965485
0.965973
0.966705
0.967194
0.967438
0.96817
0.968658
0.968903
0.969635
0.970123
0.970612
0.9711
0.971588
0.972076
0.972565
0.973053
0.973297
0.97403
0.974518
0.975006
0.975494
0.975739
0.976715
0.977448
0.977692
0.97818
0.978668
0.979156
0.979889
0.980133
0.980682
0.980804
0.981171
0.981415
0.981537
0.981903
0.982147
0.982391
0.982635
0.98288
0.983124
0.983368
0.983612
0.983856
0.9841
0.984344
0.984589
0.984833
0.985077
0.985321
0.985565
0.985809
0.986176
0.986298
0.986542
0.986664
0.986664
0.986664
0.986664
0.986664
0.986664
0.986664
0.986664
0.986664
0.986664
0.986664
0.986664
0.986664
0.986664
0.986664
0.986664
0.986664
0.986664
0.986664
0.986664
0.986664
0.986664
0.986664
0.986664
0.986664
0.986664
0.986664
0.986664
0.986664
0.986664
0.986664
0.986664
0.986664
0.986664
0.986664
0.986664
0.986664
0.986664
0.986603
0.986359
0.986115
0.98587
0.985748
0.985382
0.985138
0.984894
0.98465
0.984406
0.984039
0.983917
0.983673
0.983307
0.983185
0.982819
0.982697
0.98233
0.982086
0.981964
0.981598
0.981354
0.98111
0.980865
0.980621
0.980377
0.980133
0.980042
0.980042
0.980042
0.980042
0.980042
0.980042
0.980042
0.980042
0.980042
0.980042
0.980042
0.980042
0.980042
0.980042
0.980042
0.980042
0.980042
0.980042
0.980042
0.980042
0.980042
0.980042
0.980042
0.980042
0.980042
0.980042
0.980042
0.980042
0.980042
0.980042
0.980042
0.980042
0.980042
0.980042
0.980042
0.980042
0.980042
0.980042
0.980042
0.980042
0.980042
0.980042
0.980042
0.980042
0.980042
0.980042
0.980042
0.980042
0.980042
0.980042
0.980042
0.980042
0.980042
0.980042
0.980042
0.980042
0.980042
0.980042
0.980042
0.980042
0.980042
0.980042
0.980042
0.980042
0.980042
0.980042
0.980042
0.980042
0.980042
0.980042
0.980042
0.980042
0.980042
0.980042
0.980042
0.980042
0.980042
0.980042
0.980042
0.980042
0.980042
0.980042
0.980042
0.980042
0.980042
0.980042
0.980042
0.980042
0.980042
0.980042
0.980255
0.980621
0.980865
0.98111
0.981354
0.981598
0.981842
0.982086
0.98233
0.982574
0.982819
0.983063
0.983307
0.983551
0.983795
0.984161
0.984283
0.98465
0.984894
0.985138
0.985382
0.985626
0.985657
0.985657
0.985657
0.985657
0.985657
0.985657
0.985657
0.985657
0.985657
0.985657
0.985657
0.985657
0.985657
0.985657
0.985657
0.985657
0.985657
0.985657
0.985657
0.985657
0.985657
0.985657
0.985657
0.985657
0.985657
0.985657
0.985657
0.985657
0.985657
0.985657
0.985657
0.985657
0.985657
0.985657
0.985657
0.985657
0.985657
0.985657
0.985657
0.985657
0.985657
0.985657
0.985657
0.985657
0.985657
0.985657
0.985657
0.985657
0.985657
0.985657
0.985657
0.985657
0.985657
0.985657
0.985657
0.985657
0.985657
0.985657
0.985657
0.985657
0.985657
0.985657
0.985657
0.985657
0.985657
0.985657
0.985657
0.985657
0.985657
0.985657
0.985657
0.985657
0.985657
0.985657
0.985657
0.985657
0.985657
0.985657
0.985657
0.985657
0.985657
0.985657
0.985657
0.985657
0.985657
0.985657
0.985657
0.985657
0.985657
0.985657
0.985657
0.985657
0.985657
0.985657
0.985657
0.985657
0.985657
0.985657
0.985657
0.985657
0.985657
0.985657
0.985657
0.985657
0.985657
0.985657
0.985657
0.985657
0.985657
0.985657
0.985657
0.985657
0.985657
0.985657
0.985657
0.985657
0.985657
0.985657
0.985657
0.985657
0.985657
0.985657
0.985657
0.985657
0.985657
0.985657
0.985657
0.985657
0.985657
0.985657
0.985657
0.985657
0.985657
0.985657
0.985657
0.985657
0.985657
0.985657
0.985657
0.985657
0.985657
0.985657
0.985657
0.985657
0.985657
0.985657
0.985657
0.985657
0.985657
0.985657
0.985657
0.985657
0.985657
0.985657
0.985657
0.985657
0.985657
0.985657
0.985657
0.985657
0.985657
0.985657
0.985657
0.985657
0.985657
0.985657
0.985657
0.985657
0.985657
0.985657
0.985657
0.985657
0.985657
0.985657
0.985657
0.985657
0.985657
0.985657
0.985657
0.985657
0.985657
0.985657
0.985657
0.985657
0.985657
0.985657
0.985657
0.985657
0.985657
0.985657
0.985657
0.985657
0.985657
0.985657
0.985657
0.985657
0.985657
0.985657
0.985657
0.985657
0.985657
0.985657
0.985657
0.985657
0.985657
0.985657
0.985657
0.985657
0.985657
0.985657
0.985657
0.985657
0.985657
0.985657
0.985657
0.985657
0.98584
0.986084
0.986328
0.986572
0.986816
0.987061
0.987305
0.987549
0.987793
0.988037
0.988281
0.988525
0.98877
0.989014
0.989258
0.989349
0.989349
0.989349
0.989349
0.989349
0.989349
0.989349
0.989349
0.989349
0.989349
0.989349
0.989349
0.989349
0.989349
0.989349
0.989349
0.989349
0.989349
0.989349
0.989349
0.989349
0.989349
0.989349
0.989349
0.989349
0.989349
0.989349
0.989349
0.989349
