0
0
0
0
0
0
0.000152588
0.000396728
0.00088501
0.00180054
0.0032959
0.0055542
0.00872803
0.0129395
0.0183411
0.0288391
0.0329895
0.0423584
0.0531616
0.071991
0.0863037
0.10199
0.118988
0.127991
0.146881
0.177429
0.199158
0.221954
0.245697
0.270325
0.295807
0.322052
0.348999
0.376587
0.404724
0.433411
0.462555
0.492065
0.521912
0.552032
0.582336
0.612854
0.643372
0.674103
0.704773
0.735291
0.765808
0.796082
0.826172
0.870819
0.885559
0.914734
0.943512
0.971863
1.01349
1.0271
1.06705
1.0929
1.11807
1.14261
1.16641
1.18945
1.21173
1.23318
1.25381
1.27359
1.29251
1.31049
1.32758
1.34372
1.35898
1.37326
1.38657
1.3989
1.41028
1.42078
1.4303
1.43884
1.44641
1.453
1.45868
1.46344
1.46722
1.47012
1.47208
1.47318
1.47336
1.47269
1.47113
1.46875
1.46552
1.46152
1.45673
1.45117
1.44489
1.43787
1.43018
1.42175
1.41272
1.39801
1.38748
1.38202
1.37067
1.35272
1.34015
1.32712
1.32047
1.30688
1.28583
1.27136
1.25665
1.2417
1.22653
1.21115
1.19559
1.17996
1.16418
1.14832
1.13245
1.11658
1.10071
1.08484
1.06912
1.0535
1.03799
1.02261
1.00748
0.992523
0.977783
0.963287
0.949036
0.935059
0.921417
0.90152
0.89505
0.882416
0.870117
0.852448
0.841125
0.830261
0.819824
0.809814
0.800262
0.791168
0.782562
0.774445
0.766815
0.759674
0.753052
0.746948
0.741333
0.736237
0.731659
0.72757
0.723969
0.720917
0.718353
0.716278
0.714691
0.713593
0.712982
0.712799
0.713104
0.713837
0.715027
0.716644
0.718689
0.721161
0.723999
0.727264
0.730896
0.734924
0.739258
0.74646
0.749023
0.754364
0.76004
0.765991
0.772186
0.781952
0.788788
0.795837
0.80307
0.810486
0.818054
0.825836
0.833679
0.841736
0.849792
0.858002
0.866302
0.874603
0.882904
0.891205
0.903656
0.907806
0.916107
0.924408
0.932709
0.94101
0.949066
0.957123
0.965057
0.97287
0.98053
0.988098
0.999115
1.0062
1.01312
1.01654
1.02649
1.03284
1.039
1.04495
1.05072
1.05627
1.06161
1.06671
1.07159
1.07623
1.08063
1.08478
1.08868
1.09232
1.0957
1.09882
1.10168
1.10428
1.10663
1.1087
1.11053
1.11209
1.1134
1.11444
1.11523
1.11578
1.11606
1.11609
1.11591
1.11548
1.11481
1.11392
1.11282
1.11151
1.10999
1.10828
1.10632
1.10419
1.1019
1.09946
1.09677
1.09396
1.08948
1.08789
1.08298
1.08127
1.07596
1.0723
1.06851
1.06461
1.0607
1.05667
1.05252
1.04837
1.04422
1.04007
1.03592
1.03177
1.02762
1.02347
1.01932
1.01517
1.01102
1.00687
1.00064
0.998566
0.992706
0.9888
0.984894
0.981018
0.977356
0.973694
0.970032
0.966492
0.963074
0.959656
0.956299
0.953125
0.949951
0.946838
0.943909
0.940979
0.938202
0.935516
0.932861
0.93042
0.927979
0.925781
0.923584
0.9216
0.919647
0.917938
0.91626
0.914795
0.913422
0.912201
0.911133
0.910156
0.909393
0.908691
0.908203
0.907776
0.907532
0.90741
0.90741
0.907562
0.907806
0.908203
0.908691
0.909332
0.910065
0.911407
0.911896
0.912933
0.914154
0.915375
0.917511
0.918243
0.919708
0.922272
0.923126
0.925781
0.927734
0.929688
0.931641
0.933685
0.935883
0.93808
0.940277
0.942474
0.944672
0.946869
0.949066
0.951263
0.953461
0.955658
0.957855
0.960052
0.96225
0.964447
0.966644
0.968842
0.971039
0.972992
0.974945
0.976898
0.978851
0.980804
0.982635
0.985199
0.986053
0.987762
0.990295
0.99176
0.992493
0.99469
0.996155
0.997467
0.998688
0.999908
1.00113
1.00232
1.0033
1.00427
1.00525
1.00623
1.00708
1.00781
1.00854
1.00928
1.01001
1.01056
1.01105
1.01154
1.01202
1.01251
1.01282
1.01306
1.01331
1.01355
1.01379
1.01398
1.01398
1.01398
1.01398
1.01398
1.01398
1.01395
1.0137
1.01346
1.01321
1.01297
1.01273
1.01248
1.01224
1.01154
1.01129
1.0108
1.01031
1.00983
1.00934
1.00885
1.00836
1.00787
1.00732
1.00659
1.00586
1.00476
1.00403
1.0033
1.00256
1.00183
1.0011
1.00037
0.999634
0.998901
0.998169
0.997437
0.996704
0.995972
0.995239
0.994507
0.993774
0.993042
0.99231
0.991211
0.990845
0.989746
0.98938
0.988647
0.987915
0.986816
0.986084
0.985718
0.984619
0.984253
0.983521
0.982422
0.982056
0.980957
0.980591
0.979492
0.97876
0.978027
0.977295
0.976562
0.97583
0.975098
0.974365
0.973633
0.9729
0.972168
0.971436
0.970886
0.970398
0.96991
0.969421
0.968933
0.968445
0.967712
0.967468
0.96698
0.966492
0.966003
0.965515
0.964783
0.964478
0.964233
0.963989
0.963745
0.963501
0.963257
0.963013
0.962769
0.962524
0.96228
0.962036
0.961823
0.961823
0.961823
0.961823
0.961823
0.961823
0.961823
0.961823
0.961823
0.961823
0.961823
0.961823
0.961823
0.962067
0.962311
0.962555
0.962799
0.963043
0.963287
0.963531
0.963776
0.96402
0.964264
0.964508
0.964752
0.964996
0.96524
0.965485
0.965729
0.965973
0.966217
0.966461
0.966705
0.967041
0.967529
0.968018
0.968506
0.968994
0.969482
0.970215
0.970459
0.970947
0.971436
0.972168
0.972656
0.973145
0.973633
0.974121
0.974609
0.975098
0.975586
0.976074
0.976562
0.977051
0.977539
0.978027
0.978516
0.97876
0.979004
0.979248
0.979492
0.979736
0.97998
0.980347
0.980469
0.980713
0.980957
0.981323
0.981567
0.981812
0.981934
0.982178
0.982544
0.982788
0.98291
0.983276
0.983521
0.983765
0.984009
0.984253
0.984497
0.984741
0.984985
0.985229
0.985474
0.985718
0.98587
0.98587
0.98587
0.98587
0.98587
0.98587
0.98587
0.98587
0.98587
0.98587
0.98587
0.98587
0.98587
0.98587
0.98587
0.98587
0.98587
0.98587
0.98587
0.98587
0.98587
0.98587
0.98587
0.98587
0.98587
0.98587
0.98587
0.98587
0.98587
0.98587
0.98587
0.98587
0.98587
0.98587
0.98587
0.98587
0.98587
0.98587
0.98587
0.98587
0.98587
0.98587
0.98587
0.98587
0.98587
0.98587
0.98587
0.98587
0.98587
0.98587
0.98587
0.98587
0.98587
0.985626
0.985382
0.985016
0.984772
0.98465
0.984406
0.984161
0.983795
0.983551
0.983429
0.983063
0.982941
0.982697
0.98233
0.982086
0.981842
0.981598
0.981537
0.981537
0.981537
0.981537
0.981537
0.981537
0.981537
0.981537
0.981537
0.981537
0.981537
0.981537
0.981537
0.981537
0.981537
0.981537
0.981537
0.981537
0.981537
0.981537
0.981537
0.981537
0.981537
0.981537
0.981537
0.981537
0.981537
0.981537
0.981537
0.981537
0.981537
0.981537
0.981537
0.981537
0.981537
0.981537
0.981537
0.981537
0.981537
0.981537
0.981537
0.981537
0.981537
0.981537
0.981537
0.981537
0.981537
0.981537
0.981537
0.981537
0.981537
0.981537
0.981537
0.981537
0.981537
0.981537
0.981537
0.981537
0.981537
0.981537
0.981537
0.981537
0.981537
0.981537
0.981537
0.981537
0.981537
0.981537
0.981537
0.981537
0.981537
0.981537
0.981537
0.981537
0.981537
0.981537
0.981537
0.981537
0.981537
0.981537
0.981537
0.981537
0.981537
0.981537
0.981537
0.981537
0.981537
0.981537
0.981537
0.981537
0.981537
0.981537
0.981537
0.981537
0.981537
0.981537
0.981537
0.981537
0.981537
0.981537
0.981537
0.981537
0.981537
0.981537
0.981537
0.981537
0.981537
0.981537
0.981537
0.981537
0.981537
0.981537
0.981537
0.981537
0.981537
0.981537
0.981537
0.981537
0.981537
0.981537
0.981537
0.981537
0.981537
0.981537
0.981537
0.981781
0.982025
0.982269
0.982513
0.982758
0.983002
0.983368
0.98349
0.983734
0.9841
0.984222
0.984467
0.984833
0.984955
0.985321
0.985565
0.985809
0.986053
0.986298
0.986542
0.986542
0.986542
0.986542
0.986542
0.986542
0.986542
0.986542
0.986542
0.986542
0.986542
0.986542
0.986542
0.986542
0.986542
0.986542
0.986542
0.986542
0.986542
0.986542
0.986542
0.986542
0.986542
0.986542
0.986542
0.986542
0.986542
0.986542
0.986542
0.986542
0.986542
0.986542
0.986542
0.986542
0.986542
0.986542
0.986542
0.986542
0.986542
0.986542
0.986542
0.986542
0.986542
0.986542
0.986542
0.986542
0.986542
0.986542
0.986542
0.986542
0.986542
0.986542
0.986542
0.986542
0.986542
0.986542
0.986542
0.986542
0.986542
0.986542
0.986542
0.986542
0.986542
0.986542
0.986542
0.986542
0.986542
0.986542
0.986542
0.986542
0.986542
0.986542
0.986542
0.986542
0.986542
0.986542
0.986542
0.986542
0.986542
0.986542
0.986542
0.986542
0.986542
0.986542
0.986542
0.986542
0.986542
0.986542
0.986542
0.986542
0.986542
0.986542
0.986542
0.986542
0.986542
0.986542
0.986542
0.986542
0.986542
0.986542
0.986542
0.986542
0.986542
0.986542
0.986542
0.986542
0.986542
0.986542
0.986542
0.986542
0.986542
0.986542
0.986542
0.986542
0.986542
0.986542
0.986542
0.986542
0.986542
0.986542
0.986542
0.986542
0.986542
0.986542
0.986542
0.986542
0.986542
0.986542
0.986542
0.986542
0.986542
0.986542
0.986542
0.986542
0.986542
0.986542
0.986542
0.986542
0.986542
0.986542
0.986542
0.986542
0.986542
0.986542
0.986542
0.986542
0.986542
0.986542
0.986542
0.986542
0.986542
0.986542
0.986542
0.986542
0.986542
0.986542
0.986542
0.986542
0.986542
0.986542
0.986542
0.986542
0.986542
0.986542
0.986542
0.986542
0.986542
0.986542
0.986542
0.986542
0.986542
0.986542
0.986542
0.986542
0.986542
0.986542
0.986542
0.986542
0.986542
0.986542
0.986542
0.986542
0.986542
0.986542
0.986542
0.986542
0.986542
0.986542
0.986542
0.986542
0.986542
0.986542
0.986542
0.986542
0.986542
0.986542
0.986542
0.986542
0.986542
0.986542
0.986542
0.986542
0.986542
0.986542
0.986542
0.986542
0.986542
0.986542
0.986542
0.986542
0.986542
0.986542
0.986542
