0
0
0
0
0
0
0.000152588
0.000610352
0.00128174
0.00247192
0.0043335
0.00701904
0.0106812
0.0155029
0.0215149
0.0288391
0.0375061
0.0423584
0.059082
0.0719604
0.0862732
0.101929
0.118927
0.137177
0.156647
0.177246
0.198975
0.22168
0.245361
0.269989
0.295441
0.321655
0.348572
0.376129
0.404266
0.432953
0.462097
0.491638
0.521545
0.551727
0.582123
0.61264
0.643402
0.689545
0.704926
0.735687
0.781525
0.81189
0.857025
0.901459
0.916107
0.959412
0.987762
1.01566
1.043
1.06979
1.09595
1.12146
1.15848
1.18225
1.19388
1.22757
1.2384
1.25946
1.28949
1.29907
1.32648
1.34366
1.35989
1.37518
1.38959
1.40302
1.41547
1.42694
1.43744
1.44696
1.45551
1.46307
1.46967
1.47528
1.47992
1.48367
1.48648
1.48831
1.4892
1.4892
1.48831
1.48651
1.48389
1.47833
1.4736
1.46808
1.46179
1.45477
1.44702
1.4386
1.42944
1.41971
1.40933
1.39838
1.38687
1.37485
1.36234
1.34933
1.33591
1.32208
1.30786
1.2933
1.27847
1.26331
1.24008
1.22433
1.20844
1.19232
1.17612
1.15976
1.1434
1.12704
1.11069
1.09433
1.07797
1.06171
1.04559
1.0296
1.01376
0.998138
0.982727
0.96756
0.952637
0.938019
0.923706
0.909698
0.889313
0.87619
0.869751
0.857178
0.845001
0.827545
0.816437
0.805817
0.80069
0.790741
0.776733
0.768005
0.759796
0.752106
0.744934
0.738281
0.732147
0.726532
0.721466
0.716919
0.712891
0.709412
0.706451
0.70401
0.702057
0.700653
0.699738
0.69931
0.699371
0.699921
0.700897
0.702362
0.704254
0.706604
0.709381
0.712585
0.718109
0.720154
0.726837
0.731781
0.73703
0.742645
0.748566
0.754791
0.761292
0.768066
0.775085
0.786041
0.789825
0.797516
0.809387
0.813416
0.821625
0.834137
0.842682
0.851227
0.859894
0.868683
0.877472
0.886261
0.89505
0.903839
0.912628
0.921417
0.930206
0.938751
0.947296
0.955811
0.964111
0.972412
0.980469
0.992371
0.996277
1.00769
1.01138
1.01871
1.02927
1.03268
1.0394
1.04907
1.05524
1.06119
1.06693
1.07242
1.0777
1.08273
1.08752
1.09207
1.09634
1.10037
1.10413
1.1076
1.11081
1.11371
1.11633
1.11868
1.12076
1.12256
1.12408
1.12582
1.12665
1.12698
1.12741
1.12756
1.12735
1.12686
1.1265
1.12515
1.12393
1.1225
1.12082
1.11893
1.11682
1.11453
1.11206
1.10938
1.10648
1.10342
1.10025
1.09683
1.09332
1.08966
1.08588
1.08197
1.07794
1.07172
1.06964
1.06525
1.06085
1.0542
1.04956
1.04492
1.04028
1.03333
1.03101
1.02637
1.02173
1.01477
1.01013
1.00549
1.00101
0.996613
0.992218
0.987823
0.983551
0.979401
0.97525
0.97113
0.967224
0.963318
0.959442
0.95578
0.952118
0.948547
0.945129
0.940063
0.938477
0.935303
0.930756
0.929291
0.925079
0.923737
0.921112
0.91745
0.916321
0.914124
0.912079
0.910126
0.907562
0.906799
0.904663
0.903442
0.902863
0.901428
0.900696
0.900085
0.899597
0.899323
0.899139
0.899139
0.899261
0.899689
0.899933
0.900421
0.90152
0.901917
0.902893
0.9039
0.905121
0.906342
0.907806
0.910034
0.911743
0.912598
0.915283
0.917236
0.919189
0.921265
0.923462
0.925659
0.927856
0.930237
0.932678
0.93512
0.937561
0.940002
0.942444
0.945068
0.947754
0.950439
0.953125
0.955811
0.959839
0.96106
0.963501
0.967163
0.968384
0.972046
0.973267
0.975708
0.979095
0.981293
0.98349
0.985687
0.987762
0.989716
0.991669
0.993622
0.995483
0.997192
0.998901
1.00061
1.0022
1.00366
1.00513
1.00659
1.00851
1.00974
1.01096
1.01212
1.01309
1.01407
1.01505
1.01596
1.01669
1.01669
1.01816
1.01886
1.01935
1.01984
1.02032
1.02081
1.02112
1.02136
1.02161
1.02185
1.02206
1.02206
1.02206
1.02206
1.02206
1.02203
1.02179
1.02155
1.0213
1.02106
1.02081
1.02045
1.01996
1.01947
1.01898
1.01849
1.01776
1.01752
1.01651
1.01614
1.01505
1.01468
1.01395
1.01285
1.01248
1.01175
1.01102
1.01028
1.0094
1.00842
1.00696
1.00647
1.00549
1.00452
1.00354
1.00208
1.0011
1.00012
0.999146
0.998169
0.997192
0.996216
0.995239
0.994263
0.993286
0.99231
0.991333
0.990356
0.98938
0.988403
0.987427
0.98645
0.985474
0.984497
0.983032
0.982544
0.981079
0.980103
0.979126
0.978149
0.977173
0.976196
0.97522
0.974487
0.973755
0.973022
0.97229
0.971558
0.970825
0.970093
0.96936
0.968628
0.967896
0.967163
0.966431
0.96579
0.965302
0.964569
0.964325
0.963837
0.963348
0.962616
0.962372
0.961884
0.961151
0.960938
0.960693
0.960449
0.960205
0.959839
0.959595
0.959473
0.959229
0.958862
0.958618
0.958618
0.958618
0.958618
0.958618
0.958618
0.958618
0.958618
0.958618
0.958618
0.958618
0.958771
0.959015
0.959137
0.959503
0.959869
0.959991
0.960358
0.96048
0.960724
0.960968
0.961212
0.961578
0.961823
0.962128
0.962372
0.963104
0.963593
0.964081
0.964569
0.965057
0.965546
0.966034
0.966522
0.96701
0.967499
0.967987
0.968475
0.968964
0.969452
0.96994
0.970428
0.970917
0.971405
0.971893
0.972382
0.973114
0.973358
0.973846
0.974335
0.975067
0.975311
0.9758
0.976288
0.976776
0.978485
0.979218
0.979706
0.980194
0.980682
0.981171
0.981689
0.981812
0.982056
0.9823
0.982666
0.982788
0.983154
0.983276
0.983521
0.983887
0.984131
0.984375
0.984619
0.984863
0.985107
0.985352
0.985474
0.986084
0.986328
0.986572
0.986816
0.987061
0.987244
0.987244
0.987244
0.987244
0.987244
0.987244
0.987244
0.987244
0.987244
0.987244
0.987244
0.987244
0.987244
0.987244
0.987244
0.987244
0.987244
0.987244
0.987244
0.987244
0.987244
0.987244
0.987244
0.987244
0.987244
0.987244
0.987244
0.987244
0.987244
0.987244
0.987244
0.987244
0.987244
0.987244
0.987244
0.987213
0.986969
0.986725
0.986481
0.986237
0.985992
0.985748
0.985504
0.98526
0.985016
0.984772
0.984528
0.984283
0.984039
0.983795
0.983551
0.983185
0.982941
0.982697
0.982452
0.982208
0.981964
0.98172
0.981476
0.981232
0.980865
0.980621
0.980377
0.980133
0.979889
0.979645
0.979462
0.979462
0.979462
0.979462
0.979462
0.979462
0.979462
0.979462
0.979462
0.979462
0.979462
0.979462
0.979462
0.979462
0.979462
0.979462
0.979462
0.979462
0.979462
0.979462
0.979462
0.979462
0.979462
0.979462
0.979462
0.979462
0.979462
0.979462
0.979462
0.979462
0.979462
0.979462
0.979462
0.979462
0.979462
0.979462
0.979462
0.979462
0.979462
0.979462
0.979462
0.979462
0.979462
0.979462
0.979462
0.979462
0.979462
0.979462
0.979462
0.979462
0.979462
0.979462
0.979462
0.979462
0.979462
0.979462
0.979462
0.979462
0.979462
0.979462
0.979462
0.979462
0.979462
0.979462
0.979462
0.979462
0.979462
0.979462
0.979462
0.979462
0.979462
0.979462
0.979462
0.979462
0.979462
0.979462
0.979492
0.979614
0.97998
0.980225
0.980469
0.980713
0.980957
0.981201
0.981445
0.981689
0.981934
0.982178
0.982422
0.982666
0.98291
0.983154
0.983398
0.983643
0.983887
0.984131
0.984375
0.984619
0.984863
0.985107
0.985352
0.985504
0.985504
0.985504
0.985504
0.985504
0.985504
0.985504
0.985504
0.985504
0.985504
0.985504
0.985504
0.985504
0.985504
0.985504
0.985504
0.985504
0.985504
0.985504
0.985504
0.985504
0.985504
0.985504
0.985504
0.985504
0.985504
0.985504
0.985504
0.985504
0.985504
0.985504
0.985504
0.985504
0.985504
0.985504
0.985504
0.985504
0.985504
0.985504
0.985504
0.985504
0.985504
0.985504
0.985504
0.985504
0.985504
0.985504
0.985504
0.985504
0.985504
0.985504
0.985504
0.985504
0.985504
0.985504
0.985504
0.985504
0.985504
0.985504
0.985504
0.985504
0.985504
0.985504
0.985504
0.985504
0.985504
0.985504
0.985504
0.985504
0.985504
0.985504
0.985504
0.985504
0.985504
0.985504
0.985504
0.985504
0.985504
0.985504
0.985504
0.985504
0.985504
0.985504
0.985504
0.985504
0.985504
0.985504
0.985504
0.985504
0.985504
0.985504
0.985504
0.985504
0.985504
0.985504
0.985504
0.985504
0.985504
0.985504
0.985504
0.985504
0.985504
0.985504
0.985504
0.985504
0.985504
0.985504
0.985504
0.985504
0.985504
0.985504
0.985504
0.985504
0.985504
0.985504
0.985504
0.985504
0.985504
0.985504
0.985504
0.985504
0.985504
0.985504
0.985504
0.985504
0.985504
0.985504
0.985504
0.985504
0.985504
0.985504
0.985504
0.985504
0.985504
0.985504
0.985504
0.985504
0.985504
0.985504
0.985504
0.985504
0.985504
0.985504
0.985504
0.985504
0.985504
0.985504
0.985504
0.985504
0.985504
0.985504
0.985504
0.985504
0.985504
0.985504
0.985504
0.985504
0.985504
0.985504
0.985504
0.985504
0.985504
0.985504
0.985504
0.985504
0.985504
0.985504
0.985504
0.985504
0.985504
0.985504
0.985504
0.985504
0.985504
0.985504
0.985504
0.985504
0.985504
0.985504
0.985504
0.985504
0.985504
0.985504
0.985504
0.985504
0.985504
0.985504
0.985504
0.985504
0.985504
0.985504
0.985504
0.985504
0.985504
0.985504
0.985504
0.985504
0.985504
0.985504
0.985504
0.985504
0.985504
0.985504
0.985504
0.985504
0.985504
0.985504
0.985504
0.985504
0.985504
0.985504
0.985504
0.985504
0.985504
0.985504
0.985504
0.985504
0.985504
0.985504
0.985565
0.985809
0.986053
0.986298
0.986542
0.986908
0.987152
0.987274
0.987518
0.987885
0.988129
0.988373
0.988495
0.988861
0.989105
0.989349
0.989532
0.989532
0.989532
0.989532
0.989532
0.989532
0.989532
0.989532
0.989532
0.989532
0.989532
0.989532
0.989532
0.989532
0.989532
0.989532
0.989532
0.989532
0.989532
0.989532
0.989532
0.989532
0.989532
0.989532
0.989532
0.989532
0.989532
0.989532
0.989532
0.989532
0.989532
0.989532
0.989532
