0
3.05177e-05
0.00012207
0.000183106
0.000244141
0.000305176
0.000480652
0.000953674
0.00193024
0.00365448
0.00637054
0.0103149
0.0157242
0.0227966
0.0317688
0.0427704
0.0559769
0.0714951
0.0894089
0.109764
0.132545
0.1577
0.185127
0.214714
0.2463
0.279671
0.314613
0.350883
0.388237
0.426414
0.465164
0.504219
0.543335
0.582268
0.620796
0.677299
0.713806
0.749146
0.783112
0.815559
0.846321
0.875237
0.888954
0.926979
0.949593
0.969933
0.987953
1.00365
1.01706
1.02823
1.03721
1.04406
1.04888
1.05177
1.05286
1.05141
1.05017
1.04668
1.03922
1.03621
1.02593
1.02215
1.00999
1.0014
0.992607
0.983757
0.974937
0.966293
0.957932
0.949966
0.94249
0.935555
0.929245
0.92363
0.918747
0.914612
0.911255
0.908676
0.906883
0.905861
0.905586
0.906044
0.907196
0.908997
0.912819
0.91436
0.917809
0.921722
0.926018
0.933044
0.938026
0.943176
0.948425
0.953735
0.959038
0.964264
0.969383
0.974319
0.97905
0.983505
0.987671
0.991501
0.99498
0.998093
1.00082
1.00416
1.00507
1.0066
1.00816
1.00849
1.00893
1.0089
1.00832
1.00757
1.00708
1.00592
1.00454
1.00212
1.00031
0.999367
0.996384
0.994308
0.992188
0.990051
0.987938
0.985863
0.983856
0.981926
0.980103
0.978394
0.976822
0.975403
0.974129
0.972527
0.971664
0.970963
0.970444
0.970245
0.969879
0.969833
0.969925
0.970161
0.970528
0.971016
0.971603
0.972298
0.973068
0.9739
0.974777
0.975693
0.976608
0.977524
0.978439
0.97934
0.980194
0.98101
0.98214
0.982819
0.983131
0.983711
0.98423
0.984879
0.985062
0.985497
0.985703
0.985847
0.985924
0.985947
0.985909
0.985817
0.98568
0.985497
0.98526
0.984993
0.984688
0.984344
0.983978
0.983589
0.983162
0.982735
0.982307
0.981865
0.981377
0.980888
0.9804
0.979912
0.979462
0.979034
0.978607
0.977966
0.977585
0.977219
0.97686
0.976555
0.97625
0.976128
0.975769
0.975586
0.975426
0.975304
0.975212
0.975151
0.975128
0.975128
0.975166
0.975227
0.975304
0.975426
0.975548
0.97567
0.975838
0.976021
0.976204
0.976479
0.97657
0.976845
0.976936
0.977211
0.977303
0.97757
0.977692
0.977753
0.977936
0.977997
0.978119
0.978233
0.978264
0.978355
0.978386
0.978447
0.978447
0.978447
0.978447
0.978447
0.978447
0.978416
0.978355
0.978294
0.978264
0.978172
0.978111
0.97805
0.977989
0.977928
0.977867
0.977806
0.977745
0.977684
0.977623
0.977562
0.977501
0.97744
0.977425
0.977425
0.977425
0.977425
0.977425
0.977425
0.977425
0.977425
0.977425
0.977425
0.977455
0.977516
0.977577
0.977638
0.97773
0.97776
0.977821
0.977882
0.977943
0.978004
0.978065
0.978157
0.978218
0.97831
0.978371
0.978432
0.978493
0.978554
0.978615
0.978676
0.978737
0.978798
0.978859
0.97892
0.978981
0.978989
0.978989
0.978989
0.978989
0.978989
0.978989
0.978989
0.978989
0.978989
0.978989
0.978989
0.978989
0.978989
0.978989
0.978989
0.978989
0.978989
0.978989
0.978989
0.978989
0.978989
0.978989
0.978989
0.978989
0.978989
0.979027
0.979088
0.979149
0.97921
0.979271
0.979362
0.979393
0.979485
0.979515
0.979576
0.979637
0.979729
0.97979
0.979851
0.979912
0.979973
0.980034
0.980095
0.980156
0.980217
0.980278
0.980339
0.9804
0.980438
0.980438
0.980438
0.980438
0.980438
0.980438
0.980438
0.980438
0.980438
0.980438
0.980438
0.980438
0.980438
0.980438
0.980438
0.980438
0.980438
0.980438
0.980438
0.980438
0.980438
0.980438
0.980438
0.980438
0.980438
0.980438
0.980453
0.980515
0.980576
0.980637
0.980698
0.980759
0.98082
0.980881
0.980942
0.981003
0.981094
0.981125
0.981186
0.981247
0.981308
0.981369
0.98143
0.981491
0.981552
0.981613
0.981674
0.981766
0.981796
0.981842
0.981842
0.981842
0.981842
0.981842
0.981842
0.981842
0.981842
0.981842
0.981842
0.981842
0.981842
0.981842
0.981842
0.981842
0.981842
0.981842
0.981842
0.981842
0.981842
0.981842
0.981842
0.981842
0.981842
0.981842
0.981842
0.981842
0.981842
0.981842
0.981911
0.981941
0.982002
0.982063
0.982155
0.982216
0.982277
0.982338
0.982399
0.98246
0.982521
0.982582
0.982643
0.982704
0.982765
0.982826
0.982887
0.982948
0.983009
0.98307
0.983078
0.983078
0.983078
0.983078
0.983078
0.983078
0.983078
0.983078
0.983078
0.983078
0.983078
0.983078
0.983078
0.983078
0.983078
0.983078
0.983078
0.983078
0.983078
0.983078
0.983078
0.983078
0.983078
0.983078
0.983078
0.983078
0.983078
0.983078
0.983086
0.983147
0.983208
0.983269
0.98333
0.983421
0.983452
0.983543
0.983574
0.983665
0.983727
0.983757
0.983849
0.98391
0.983971
0.984032
0.984093
0.984154
0.984215
0.984276
0.984306
0.984306
0.984306
0.984306
0.984306
0.984306
0.984306
0.984306
0.984306
0.984306
0.984306
0.984306
0.984306
0.984306
0.984306
0.984306
0.984306
0.984306
0.984306
0.984306
0.984306
0.984306
0.984306
0.984306
0.984306
0.984306
0.984306
0.984306
0.984306
0.984306
0.984306
0.984337
0.984398
0.984489
0.98455
0.984612
0.984673
0.984734
0.984795
0.984856
0.984917
0.984978
0.985069
0.9851
0.985161
0.985222
0.985283
0.985374
0.985435
0.985497
0.985504
0.985504
0.985504
0.985504
0.985504
0.985504
0.985504
0.985504
0.985504
0.985504
0.985504
0.985504
0.985504
0.985504
0.985504
0.985504
0.985504
0.985504
0.985504
0.985504
0.985504
0.985504
0.985504
0.985504
0.985504
0.985504
0.985504
0.985504
0.985504
0.985504
0.985504
0.985542
0.985634
0.985695
0.985756
0.985817
0.985878
0.985939
0.986
0.986061
0.986122
0.986183
0.986244
0.986305
0.986366
0.986427
0.986488
0.986549
0.98661
0.986641
0.986641
0.986641
0.986641
0.986641
0.986641
0.986641
0.986641
0.986641
0.986641
0.986641
0.986641
0.986641
0.986641
0.986641
0.986641
0.986641
0.986641
0.986641
0.986641
0.986641
0.986641
0.986641
0.986641
0.986641
0.986641
0.986641
0.986641
0.986641
0.986641
0.986641
0.986641
0.986641
0.986687
0.986748
0.986809
0.98687
0.986931
0.986992
0.987053
0.987114
0.987175
0.987236
0.987297
0.987389
0.987419
0.98748
0.987572
0.987633
0.987694
0.987732
0.987732
0.987732
0.987732
0.987732
0.987732
0.987732
0.987732
0.987732
0.987732
0.987732
0.987732
0.987732
0.987732
0.987732
0.987732
0.987732
0.987732
0.987732
0.987732
0.987732
0.987732
0.987732
0.987732
0.987732
0.987732
0.987732
0.987732
0.987732
0.987732
0.987732
0.987732
0.987732
0.987732
0.987732
0.987793
0.987854
0.987915
0.987976
0.988037
0.988098
0.988159
0.98822
0.988281
0.988373
0.988403
0.988464
0.988556
0.988617
0.988678
0.988739
0.9888
0.988861
0.988869
0.988869
0.988869
0.988869
0.988869
0.988869
0.988869
0.988869
0.988869
0.988869
0.988869
0.988869
0.988869
0.988869
0.988869
0.988869
0.988869
0.988869
0.988869
0.988869
0.988869
0.988869
0.988869
0.988869
0.988869
0.988869
0.988869
0.988869
0.988869
0.988869
0.988869
0.988869
0.988869
0.988869
0.988869
0.988869
0.988869
0.988869
0.988869
0.988869
0.988869
0.988884
0.988945
0.989006
0.989067
0.989128
0.989189
0.98925
0.989311
0.989403
0.989433
0.989525
0.989555
0.989616
0.989708
0.989738
0.98983
0.989891
0.989952
0.989952
0.989952
0.989952
0.989952
0.989952
0.989952
0.989952
0.989952
0.989952
0.989952
0.989952
0.989952
0.989952
0.989952
0.989952
0.989952
0.989952
0.989952
0.989952
0.989952
0.989952
0.989952
0.989952
0.989952
0.989952
0.989952
0.989952
0.989952
0.989952
0.989952
0.989952
0.989952
0.989952
0.989952
0.989952
0.989952
0.989952
0.989952
0.989952
0.989952
0.989952
0.989952
0.989952
0.989952
0.989952
0.989998
0.990059
0.99012
0.990181
0.990242
0.990303
0.990364
0.990425
0.990486
0.990547
0.990608
0.990669
0.990761
0.990822
0.990883
0.990944
0.990997
0.990997
0.990997
0.990997
0.990997
0.990997
0.990997
0.990997
0.990997
0.990997
0.990997
0.990997
0.990997
0.990997
0.990997
0.990997
0.990997
0.990997
0.990997
0.990997
0.990997
0.990997
0.990997
0.990997
0.990997
0.990997
0.990997
0.990997
0.990997
0.990997
0.990997
0.990997
0.990997
0.990997
0.990997
0.990997
0.990997
0.990997
0.990997
0.990997
0.990997
0.990997
0.990997
0.990997
0.990997
0.990997
0.990997
0.990997
0.990997
0.99102
0.991081
0.991142
0.991203
0.991264
0.991325
0.991386
0.991447
0.991508
0.99157
0.991631
0.991692
0.991753
0.991814
0.991875
0.991936
0.991959
0.991959
0.991959
0.991959
0.991959
0.991959
0.991959
0.991959
0.991959
0.991959
0.991959
0.991959
0.991959
0.991959
0.991959
0.991959
0.991959
0.991959
0.991959
0.991959
0.991959
0.991959
0.991959
0.991959
0.991959
0.991959
0.991959
0.991959
0.991959
0.991959
0.991959
0.991959
0.991959
0.991959
0.991959
0.991959
0.991959
0.991959
0.991959
0.991959
0.991959
0.991959
0.991959
0.991959
0.991959
0.991959
0.991959
0.991959
0.991959
0.991959
0.991959
0.991959
0.991989
0.99205
0.992111
0.992172
0.992233
0.992294
0.992355
0.992416
0.992477
0.992538
0.992599
0.992661
0.992722
0.992783
0.992844
0.992874
0.992874
0.992874
0.992874
0.992874
0.992874
0.992874
0.992874
0.992874
0.992874
0.992874
0.992874
0.992874
0.992874
0.992874
0.992874
0.992874
0.992874
0.992874
0.992874
0.992874
0.992874
0.992874
0.992874
0.992874
0.992874
0.992874
0.992874
0.992874
0.992874
0.992874
0.992874
0.992874
0.992874
0.992874
0.992874
0.992874
0.992874
0.992874
0.992874
0.992874
0.992874
0.992874
0.992874
0.992874
0.992874
0.992874
0.992874
0.992874
0.992874
0.992874
0.992874
0.992874
0.992874
0.992874
0.992874
0.992874
0.992874
0.992912
0.992973
0.993034
0.993095
0.993156
0.993217
0.993279
