0
1.52585e-05
6.10349e-05
9.15526e-05
0.00012207
0.000152588
0.000236511
0.000518799
0.001194
0.00248718
0.00463104
0.00786972
0.0124245
0.0184784
0.026207
0.0412483
0.0472298
0.060688
0.0761604
0.0936356
0.123478
0.134335
0.157337
0.181923
0.221405
0.249184
0.27787
0.30727
0.337189
0.367413
0.397732
0.427921
0.457779
0.487122
0.515785
0.543621
0.570496
0.596294
0.620934
0.644321
0.666397
0.687115
0.706432
0.724335
0.740814
0.755875
0.77586
0.781841
0.797825
0.802517
0.811008
0.821632
0.824642
0.832218
0.836155
0.839298
0.841747
0.84359
0.844913
0.845814
0.846367
0.846657
0.846756
0.846741
0.84668
0.846634
0.846668
0.846825
0.847385
0.847683
0.848461
0.849491
0.8508
0.852398
0.855347
0.857674
0.860279
0.863159
0.866287
0.869644
0.873207
0.876942
0.880817
0.884808
0.888882
0.893005
0.897156
0.901287
0.90538
0.909412
0.913361
0.917206
0.920929
0.924522
0.927975
0.931274
0.934418
0.937397
0.940205
0.942844
0.945316
0.948704
0.95076
0.952652
0.95438
0.955189
0.95739
0.958679
0.959831
0.960854
0.961311
0.962513
0.963177
0.963737
0.964207
0.964588
0.964897
0.965134
0.965309
0.965435
0.965511
0.965549
0.965534
0.965492
0.965431
0.965343
0.965252
0.96516
0.965038
0.964916
0.964809
0.964718
0.964626
0.964535
0.964474
0.964413
0.964378
0.964348
0.964348
0.964359
0.96439
0.964474
0.964554
0.964645
0.964703
0.964886
0.965034
0.965187
0.965351
0.965534
0.965717
0.9659
0.966084
0.966297
0.966511
0.966831
0.966938
0.967121
0.967304
0.967487
0.96767
0.967854
0.968094
0.968246
0.968323
0.968475
0.968658
0.968781
0.968899
0.96899
0.969082
0.969173
0.96925
0.969311
0.969372
0.969433
0.969494
0.969524
0.969555
0.969585
0.969616
0.969646
0.969677
0.969723
0.969738
0.969784
0.969814
0.969845
0.969875
0.969906
0.969936
0.969967
0.969997
0.970028
0.970058
0.970089
0.970135
0.97015
0.970196
0.970226
0.970257
0.970287
0.970318
0.970348
0.970383
0.970444
0.970505
0.970566
0.970627
0.970718
0.970779
0.97084
0.970901
0.970963
0.971024
0.971085
0.971146
0.971207
0.971298
0.971329
0.97139
0.971451
0.971542
0.971603
0.971664
0.971725
0.971786
0.971848
0.971878
0.971909
0.971939
0.97197
0.972
0.972031
0.972061
0.972092
0.972122
0.972153
0.972183
0.972214
0.972244
0.972275
0.972305
0.972336
0.972366
0.972397
0.972427
0.972458
0.972488
0.972519
0.972549
0.97258
0.97261
0.972656
0.972672
0.972733
0.972794
0.972855
0.972946
0.972977
0.973068
0.973099
0.97316
0.973251
0.973312
0.973373
0.973434
0.973495
0.973557
0.973618
0.973679
0.97374
0.973789
0.97382
0.97385
0.973881
0.973911
0.973957
0.973988
0.974018
0.974049
0.974079
0.97411
0.97414
0.974171
0.974201
0.974247
0.974277
0.974308
0.974339
0.974369
0.9744
0.974445
0.974476
0.974506
0.974537
0.974567
0.974598
0.974628
0.974659
0.974705
0.974735
0.974766
0.974796
0.974827
0.974857
0.974888
0.974934
0.974949
0.974979
0.97501
0.97504
0.975086
0.975117
0.975147
0.975178
0.975216
0.975277
0.975338
0.975399
0.97546
0.975521
0.975582
0.975643
0.975704
0.975765
0.975857
0.975918
0.975979
0.97604
0.976101
0.976139
0.97617
0.9762
0.976231
0.976261
0.976307
0.976337
0.976368
0.976398
0.976429
0.97646
0.97649
0.976521
0.976551
0.976582
0.976627
0.976658
0.976688
0.976719
0.976749
0.97678
0.97681
0.976856
0.976887
0.976917
0.976948
0.976978
0.977009
0.977039
0.97707
0.9771
0.977131
0.977161
0.977192
0.977222
0.977253
0.977283
0.977314
0.977345
0.977375
0.977406
0.977436
0.977467
0.977497
0.977528
0.977558
0.977604
0.977619
0.977665
0.97768
0.977711
0.977741
0.977772
0.977802
0.977848
0.977863
0.977894
0.977924
0.977955
0.978001
0.978031
0.978062
0.978092
0.978123
0.978153
0.978184
0.978214
0.97826
0.978291
0.978306
0.978352
0.978382
0.978413
0.978447
0.978508
0.978569
0.97863
0.978691
0.978752
0.978813
0.978874
0.978935
0.978996
0.979057
0.979088
0.979118
0.979149
0.979179
0.97921
0.97924
0.979271
0.979301
0.979332
0.979362
0.979393
0.979439
0.979454
0.979485
0.97953
0.979546
0.979576
0.979622
0.979637
0.979683
0.979713
0.979744
0.979774
0.979805
0.979836
0.979866
0.979897
0.979927
0.979958
0.979988
0.980034
0.980064
0.980095
0.980125
0.980156
0.980186
0.980217
0.980247
0.980278
0.980309
0.980339
0.980385
0.9804
0.980446
0.980476
0.980507
0.980537
0.980568
0.980598
0.980629
0.980659
0.98069
0.980721
0.980751
0.980782
0.980812
0.980858
0.980888
0.980919
0.980949
0.98098
0.98101
0.981041
0.981071
0.981102
0.981133
0.981163
0.981194
0.981224
0.981255
0.981285
0.981316
0.981346
0.981377
0.981407
0.981438
0.981468
0.981499
0.981529
0.98156
0.98159
0.981621
0.981651
0.981682
0.981728
0.981743
0.981773
0.981819
0.981834
0.981865
0.981895
0.981926
0.981972
0.981987
0.982033
0.982063
0.982094
0.982124
0.982155
0.982185
0.982216
0.982246
0.982277
0.982307
0.982338
0.982368
0.982399
0.98243
0.98246
0.982491
0.982521
0.982552
0.982582
0.982613
0.982658
0.982689
0.982719
0.98275
0.98278
0.982811
0.982841
0.982872
0.982903
0.982933
0.982964
0.982994
0.983025
0.983055
0.983086
0.983116
0.983147
0.983177
0.983208
0.983238
0.983269
0.983299
0.983345
0.983376
0.983406
0.983437
0.983467
0.983498
0.983528
0.983559
0.983589
0.98362
0.98365
0.983681
0.983711
0.983742
0.983772
0.983803
0.983833
0.983864
0.983894
0.983925
0.983971
0.984001
0.984016
0.984062
0.984077
0.984123
0.984154
0.984184
0.984215
0.984245
0.984276
0.984306
0.984337
0.984367
0.984398
0.984428
0.984459
0.984489
0.98452
0.98455
0.984581
0.984612
0.984657
0.984673
0.984718
0.984734
0.984764
0.984795
0.984825
0.984856
0.984901
0.984917
0.984947
0.984993
0.985023
0.985054
0.985069
0.985115
0.985146
0.985176
0.985207
0.985237
0.985268
0.985298
0.985329
0.985332
0.985332
0.985332
0.985332
0.985332
0.985332
0.985332
0.985332
0.985332
0.985332
0.985332
0.985332
0.985348
0.985363
0.985409
0.985439
0.98547
0.9855
0.985531
0.985561
0.985592
0.985622
0.985653
0.985683
0.985714
0.985744
0.985775
0.985806
0.985836
0.985867
0.985897
0.985928
0.985958
0.985989
0.986019
0.98605
0.98608
0.986111
0.986141
0.986172
0.986202
0.986233
0.986263
0.986294
0.986324
0.986355
0.986385
0.986416
0.986446
0.986492
0.986507
0.986553
0.986584
0.986614
0.986645
0.986675
0.986706
0.986736
0.986767
0.986797
0.986828
0.986858
0.986889
0.986919
0.986946
0.986946
0.986946
0.986946
0.986946
0.986946
0.986946
0.986946
0.986946
0.986946
0.986946
0.986946
0.986946
0.986946
0.986946
0.986969
0.987
0.98703
0.987061
0.987106
0.987137
0.987152
0.987198
0.987228
0.987259
0.987289
0.98732
0.98735
0.987381
0.987411
0.987442
0.987473
0.987503
0.987534
0.987579
0.987595
0.987625
0.987671
0.987701
0.987732
0.987762
0.987793
0.987823
0.987854
0.987885
0.987915
0.987946
0.987976
0.988007
0.988037
0.988068
0.988098
0.988129
0.988159
0.988163
0.988163
0.988163
0.988163
0.988163
0.988163
0.988163
0.988163
0.988163
0.988163
0.988163
0.988163
0.988163
0.988163
0.988163
0.988163
0.988182
0.988213
0.988243
0.988274
0.988304
0.988335
0.98838
0.988411
0.988441
0.988472
0.988503
0.988533
0.988564
0.988594
0.988625
0.988655
0.988686
0.988716
0.988747
0.988777
0.988808
0.988838
0.988884
0.988914
0.988945
0.988976
0.989006
0.989037
0.989067
0.989098
0.989128
0.989159
0.989185
0.989185
0.989185
0.989185
0.989185
0.989185
0.989185
0.989185
0.989185
0.989185
0.989185
0.989185
0.989185
0.989185
0.989185
0.989185
0.989185
0.989189
0.98922
0.98925
0.989281
0.989311
0.989342
0.989372
0.989403
0.989433
0.989464
0.989494
0.989525
0.989571
0.989586
0.989632
0.989662
0.989693
0.989723
0.989754
0.989784
0.989815
0.989845
0.989876
0.989906
0.989952
0.989983
0.990013
0.990044
0.990047
0.990047
0.990047
0.990047
0.990047
0.990047
0.990047
0.990047
0.990047
0.990047
0.990047
0.990047
0.990047
0.990047
0.990047
0.990047
0.990047
0.990047
0.990047
0.990074
0.990105
0.99015
0.990166
0.990211
0.990242
0.990257
0.990288
0.990334
0.990364
0.990395
0.990425
0.990456
0.990486
0.990517
0.990547
0.990578
0.990608
0.990639
0.990669
0.9907
0.99073
0.990761
0.990791
0.990822
0.990868
0.990883
0.990883
0.990883
0.990883
0.990883
0.990883
0.990883
0.990883
0.990883
0.990883
0.990883
0.990883
0.990883
0.990883
0.990883
0.990883
0.990883
0.990883
0.990883
0.990883
0.990883
0.990902
0.990932
0.990963
0.990993
0.991024
0.99107
0.991085
0.991116
0.991161
0.991192
0.991222
0.991253
0.991283
0.991314
0.991344
0.991375
0.991405
0.991436
0.991467
0.991497
0.991543
0.991573
0.991604
0.991623
0.991623
0.991623
0.991623
0.991623
0.991623
0.991623
0.991623
0.991623
0.991623
0.991623
0.991623
0.991623
0.991623
0.991623
0.991623
0.991623
0.991623
0.991623
0.991623
0.991623
0.991623
0.991623
0.991627
0.991657
0.991688
0.991718
0.991749
0.991779
0.99181
0.991856
0.991886
0.991917
0.991947
0.991978
0.992008
0.992039
0.992069
0.9921
0.99213
0.992176
0.992207
0.992237
0.992268
0.992298
0.992317
0.992317
0.992317
0.992317
0.992317
0.992317
0.992317
0.992317
0.992317
0.992317
0.992317
0.992317
0.992317
0.992317
0.992317
0.992317
0.992317
0.992317
0.992317
0.992317
0.992317
0.992317
0.992317
0.992317
0.992317
0.992317
0.992348
0.992378
0.992409
0.992439
0.99247
0.9925
0.992531
0.992577
0.992607
0.992622
0.992668
0.992699
0.992729
