0
-3.43319e-05
-5.72203e-05
-8.01087e-05
-0.000102997
-9.82282e-05
2.47954e-05
0.000435829
0.00135231
0.00301361
0.00566578
0.00954533
0.0148745
0.0218506
0.0306482
0.0414076
0.0614595
0.0692234
0.0958233
0.116316
0.138996
0.163818
0.190721
0.219628
0.266566
0.283119
0.317514
0.372143
0.391109
0.430105
0.470427
0.511967
0.554619
0.62044
0.642817
0.711067
0.757356
0.80415
0.851335
0.898797
0.946423
0.994103
1.04173
1.08921
1.13642
1.20653
1.22966
1.27547
1.3206
1.36495
1.40842
1.45091
1.51258
1.53254
1.59044
1.62729
1.66262
1.69635
1.7284
1.77315
1.80064
1.82618
1.84969
1.87111
1.89038
1.90743
1.92223
1.93473
1.9449
1.95271
1.95816
1.96122
1.96188
1.96016
1.95606
1.94959
1.94076
1.92961
1.90857
1.89173
1.87267
1.85146
1.82814
1.80276
1.77539
1.7461
1.71495
1.68202
1.62948
1.59247
1.55398
1.51411
1.47295
1.43061
1.38718
1.34278
1.2975
1.22818
1.18119
1.13369
1.08581
1.03764
0.989308
0.940917
0.892583
0.844424
0.796562
0.749116
0.702201
0.655934
0.610428
0.565795
0.500719
0.47958
0.43821
0.39813
0.359441
0.304223
0.286613
0.252656
0.205029
0.190078
0.148126
0.122665
0.110713
0.0884027
0.0590239
0.0422382
0.0277443
0.0155773
0.00576878
-0.00165844
-0.00668716
-0.00930691
-0.00951099
-0.00730228
-0.0052948
0.0043211
0.0137024
0.0254297
0.0394697
0.0557842
0.0743294
0.0950565
0.117913
0.142841
0.16978
0.198663
0.245478
0.261977
0.296258
0.332182
0.388965
0.40862
0.448955
0.511838
0.533383
0.599599
0.644925
0.667903
0.714419
0.785384
0.833323
0.88163
0.930185
0.978875
1.02758
1.07618
1.12457
1.1965
1.22024
1.29055
1.33653
1.3592
1.40387
1.46893
1.51086
1.55151
1.59077
1.62856
1.66477
1.69931
1.7321
1.76305
1.7921
1.81916
1.84419
1.86712
1.88791
1.90652
1.92288
1.94318
1.95382
1.95826
1.96538
1.97163
1.97282
1.97162
1.96804
1.96208
1.95376
1.94309
1.9301
1.91482
1.89729
1.87754
1.85564
1.83163
1.80558
1.77754
1.74759
1.71579
1.68224
1.62879
1.5912
1.55216
1.51174
1.47006
1.42721
1.3833
1.33842
1.29268
1.24617
1.19902
1.15132
1.079
1.03043
0.981719
0.932967
0.884295
0.835814
0.787642
0.739896
0.669337
0.623172
0.577841
0.533459
0.490136
0.44798
0.407098
0.367592
0.329555
0.293077
0.241471
0.209256
0.178883
0.150419
0.123935
0.0994921
0.0771523
0.0569735
0.0390081
0.023304
0.00990772
-0.00114536
-0.00982189
-0.0160999
-0.0199585
-0.0211897
-0.0189676
-0.0143156
-0.00724697
0.00222111
0.0140629
0.0282459
0.0447359
0.063489
0.0844564
0.119946
0.132823
0.160101
0.204706
0.220521
0.270676
0.306271
0.343492
0.382251
0.422459
0.464019
0.506831
0.550795
0.5958
0.641739
0.688498
0.735958
0.784008
0.832528
0.881401
0.930507
0.979728
1.02894
1.07804
1.1269
1.1754
1.24725
1.2709
1.31766
1.36361
1.4308
1.45267
1.49557
1.53724
1.59721
1.61648
1.67195
1.70687
1.74004
1.77138
1.8008
1.82824
1.85362
1.87688
1.89796
1.91681
1.93337
1.94761
1.9595
1.969
1.97611
1.9808
1.98307
1.98292
1.98035
1.97536
1.96798
1.95822
1.94612
1.92363
1.9058
1.89606
1.87493
1.85165
1.81286
1.79892
1.76959
1.72207
1.70533
1.65257
1.63416
1.57664
1.53649
1.49501
1.45229
1.40845
1.36357
1.31778
1.27118
1.2239
1.17603
1.12772
1.07906
1.03019
0.981219
0.932271
0.883461
0.810763
0.762813
0.715407
0.668656
0.622674
0.577565
0.533433
0.490378
0.448491
0.407867
0.349501
0.312431
0.276937
0.243099
0.211
0.195627
0.138872
0.125913
0.101533
0.0689363
0.0591602
0.0331974
0.0256863
0.00665283
-0.0030756
-0.0103989
-0.0153008
-0.017765
-0.0177832
-0.015357
-0.0104895
-0.00319481
0.00650692
0.01859
0.0330219
0.0589838
0.0687656
0.101405
0.125843
0.15235
0.180863
0.211311
0.24362
0.277712
0.313503
0.350906
0.38983
0.43018
0.471858
0.536645
0.581197
0.626712
0.673079
0.720189
0.767924
0.816181
0.864844
0.913806
0.962957
0.987568
1.08591
1.13482
1.1834
1.23154
1.27913
1.34923
1.39497
1.41749
1.46178
1.52613
1.56747
1.60745
1.64596
1.68289
1.71815
1.7677
1.79839
1.82711
1.85378
1.88982
1.90075
1.92094
1.94697
1.95449
1.96777
1.97868
1.99054
1.99328
1.99692
1.99811
1.99685
1.99036
1.98698
1.9732
1.96103
1.9465
1.92964
1.91052
1.88917
1.85309
1.82643
1.79774
1.76712
1.73461
1.70032
1.66431
1.62667
1.5875
1.54688
1.50493
1.43972
1.41742
1.37208
1.30239
1.27877
1.20695
1.15841
1.10948
1.06029
1.01095
0.961589
0.912321
0.863274
0.814564
0.742385
0.718616
0.648369
0.625347
0.579969
0.513754
0.492223
0.450046
0.389174
0.369569
0.31297
0.277201
0.243103
0.210764
0.195278
0.151676
0.138124
0.100543
0.0781326
0.0579109
0.0399313
0.0242405
0.0108833
-0.00470638
-0.0120974
-0.0170622
-0.0195875
-0.0196714
-0.0173063
-0.0125036
-0.00919151
0.00436592
0.0163908
0.0307674
0.0474606
0.0664282
0.0876198
0.110983
0.149971
0.163987
0.193501
0.224926
0.25819
0.311357
0.32991
0.368196
0.407979
0.449165
0.513366
0.557633
0.602952
0.625972
0.696311
0.744131
0.792562
0.841482
0.86609
0.940321
0.989996
1.03968
1.08925
1.13859
1.18758
1.2361
1.28404
1.33128
1.37771
1.42321
1.46769
1.53223
1.57366
1.61369
1.65223
1.68918
1.72445
1.75795
1.78959
1.8193
1.84698
1.87257
1.896
1.91722
1.93618
1.95284
1.96716
1.97912
1.98868
1.99584
2.00203
2.00288
2.00275
1.998
1.9918
1.9832
1.97221
1.95887
1.9432
1.92524
1.89411
1.87063
1.8581
1.81741
1.78779
1.75627
1.72292
1.68782
1.65106
1.59302
1.57294
1.51068
1.48929
1.44563
1.37813
1.33193
1.2849
1.23716
1.18881
1.13997
1.09075
1.04128
0.991683
0.94207
0.867899
0.843301
0.794385
0.721932
0.674415
0.627657
0.6046
0.53688
0.493082
0.450489
0.409206
0.369333
0.312372
0.276422
0.242188
0.209751
0.164627
0.150562
0.123948
0.0879374
0.0770073
0.0475359
0.0307226
0.0162296
0.00409794
-0.00563812
-0.0129528
-0.0178251
-0.0202398
-0.0192432
-0.0155029
-0.00931549
-0.000693321
0.0103359
0.0237408
0.0394859
0.0575266
0.0887861
0.1003
0.124925
0.165732
0.180335
0.227007
0.260415
0.277776
0.33236
0.370722
0.410551
0.451751
0.494219
0.537852
0.582541
0.628179
0.674655
0.721864
0.769698
0.842387
0.891316
0.915882
0.965144
1.03916
1.08842
1.13748
1.18623
1.23455
1.28231
1.32942
1.37574
1.42118
1.46561
1.53014
1.57158
1.61165
1.65024
1.68726
1.72261
1.7562
1.78794
1.81775
1.84554
1.87126
1.89482
1.91618
1.93528
1.95208
1.96653
1.9786
1.98826
1.99549
2.00028
2.00263
2.00253
1.99999
1.99163
1.98764
1.97209
1.96572
1.95125
1.93447
1.91543
1.89418
1.85828
1.84527
1.81771
1.78818
1.74034
1.70619
1.68846
1.65177
1.5938
1.57373
1.51149
1.46841
1.42418
1.37891
1.3327
1.28567
1.23794
1.18961
1.1408
1.09165
1.09165
0.992751
0.943259
0.893896
0.844781
0.796031
0.747761
0.700082
0.653106
0.606938
0.561691
0.495779
0.474383
0.432535
0.392026
0.333989
0.297256
0.279512
0.245327
0.197463
0.167949
0.140442
0.115015
0.0917339
0.0706615
0.0518522
0.0353546
0.0212126
0.00946045
0.000130653
-0.00675583
-0.0111799
-0.0131369
-0.0126219
-0.00964069
-0.00420856
0.00365543
0.0139256
0.0337706
0.0499067
0.0683184
0.0889549
0.111768
0.136699
0.163686
0.192665
0.223563
0.256305
0.308698
0.34569
0.364772
0.424221
0.444732
0.486722
0.529918
0.574212
0.619495
0.689026
0.712574
0.784131
0.832454
0.881136
0.930062
0.979117
1.02818
1.07713
1.12586
1.17423
1.22213
1.26945
1.31605
1.36184
1.4067
1.45053
1.49322
1.53467
1.5748
1.61351
1.65071
1.68634
1.7203
1.76797
1.78295
1.81149
1.8381
1.87423
1.89572
1.91507
1.93222
1.94713
1.95976
1.97437
1.97807
1.9856
1.98692
1.98776
1.98452
1.97937
1.97182
1.96192
1.94967
1.94267
1.92697
1.8992
1.87795
1.85457
1.82913
1.80169
1.77232
1.74109
1.70809
1.67338
1.63706
1.57974
1.55992
1.49847
1.45595
1.43427
1.36767
1.32211
1.27574
1.22868
1.18104
1.13294
1.0845
1.03583
0.987053
0.938294
0.889671
0.841301
0.793302
0.74579
0.698881
0.652687
0.584977
0.562882
0.519486
0.456568
0.416219
0.396561
0.339793
0.321646
0.269688
0.253233
0.221683
0.17791
0.151207
0.126571
0.104065
0.083746
0.0656691
0.0498753
0.0364075
0.0252972
0.016572
0.010253
0.00635624
0.00488853
0.00585365
0.00924492
0.0150509
0.0232553
0.0338316
0.046751
0.0619745
0.0794611
0.0991659
0.121035
0.145011
0.17103
0.199026
0.228929
0.260659
0.294144
0.329301
0.36605
0.404309
0.44399
0.485003
0.527254
0.592738
0.615079
0.683453
0.730027
0.753572
0.825064
0.873301
0.921862
0.946226
1.01948
1.06829
1.11695
1.16535
1.21334
1.26083
1.3077
1.35384
1.39913
1.44347
1.48675
1.52887
1.58963
1.60919
1.64719
1.70125
1.71844
1.76735
1.79764
1.81207
1.85234
1.87659
1.8987
1.91861
1.93625
1.95159
1.96459
1.9752
1.98341
1.98919
1.99254
1.99345
1.99191
1.98795
1.98156
1.97279
1.96164
1.94815
1.93237
1.91432
1.88312
1.87165
1.83409
1.80652
1.77701
1.74561
1.71242
1.6775
1.64094
1.60284
1.54297
1.52235
1.45863
1.41474
1.36986
1.32409
1.27755
1.23035
1.1826
1.11018
1.08589
1.01273
0.963864
0.915054
0.866409
0.818044
0.770072
0.699099
0.675761
0.606913
0.584397
0.540104
0.475711
0.434306
0.394244
0.355627
0.318554
0.283121
0.249418
0.202288
0.173263
0.146232
0.121257
0.0983963
0.0776997
0.0592175
0.0429926
0.0290632
0.0174675
