0
2.28884e-05
3.05178e-05
5.34049e-05
7.53398e-05
0.000121117
0.00028801
0.000740051
0.00169182
0.00337791
0.00603676
0.00989342
0.0151558
0.0260839
0.0356121
0.0470686
0.0605326
0.0760584
0.0936632
0.113344
0.135073
0.158802
0.184474
0.212014
0.241343
0.272377
0.305027
0.3392
0.374804
0.411746
0.449932
0.489265
0.529649
0.591978
0.634557
0.656116
0.721724
0.766109
0.810896
0.855975
0.901243
0.946591
0.991914
1.0371
1.08206
1.12666
1.17082
1.21443
1.2574
1.29963
1.34104
1.40142
1.44041
1.4783
1.49681
1.55047
1.5846
1.61733
1.64859
1.6783
1.70641
1.73283
1.76919
1.79115
1.81122
1.82937
1.84553
1.85967
1.87175
1.88175
1.88964
1.8954
1.89903
1.90051
1.89985
1.89706
1.89214
1.88512
1.87601
1.86484
1.84427
1.82808
1.80995
1.78992
1.76805
1.74437
1.71896
1.69187
1.64823
1.61723
1.5848
1.55101
1.51594
1.47968
1.44233
1.40396
1.36468
1.32458
1.28376
1.24232
1.20036
1.15797
1.11526
1.0723
1.0292
0.986043
0.942921
0.899921
0.857135
0.814651
0.77256
0.730953
0.68992
0.629642
0.590431
0.5521
0.514734
0.478417
0.443231
0.409255
0.376568
0.345249
0.315376
0.287021
0.247483
0.223218
0.200697
0.179976
0.161109
0.144136
0.129101
0.116042
0.104993
0.0959787
0.0890188
0.0841284
0.0813131
0.0805702
0.0818968
0.0877485
0.094202
0.102674
0.113146
0.125582
0.139956
0.156229
0.174362
0.194309
0.216022
0.251786
0.277677
0.305134
0.334092
0.364483
0.396235
0.429272
0.463513
0.498879
0.535288
0.572657
0.610902
0.669727
0.709791
0.750429
0.791551
0.833065
0.874878
0.916898
0.959027
1.00117
1.04321
1.08508
1.12665
1.18826
1.2287
1.26851
1.30761
1.34592
1.38333
1.41977
1.45516
1.48942
1.52248
1.55426
1.5847
1.61374
1.64132
1.66738
1.69186
1.71472
1.73589
1.75534
1.76441
1.78889
1.80292
1.81506
1.8253
1.83703
1.84239
1.84579
1.8472
1.84662
1.84405
1.83951
1.83299
1.82451
1.8141
1.80178
1.78758
1.77153
1.75367
1.73404
1.7127
1.67759
1.6522
1.62529
1.59693
1.56719
1.53614
1.50385
1.47041
1.41824
1.38225
1.36392
1.30772
1.26934
1.24991
1.1908
1.15082
1.13069
1.06989
1.02913
0.988298
0.947495
0.906807
0.86633
0.806213
0.78638
0.747088
0.689261
0.651577
0.614689
0.578681
0.543638
0.509639
0.476765
0.445091
0.414693
0.385637
0.357989
0.331809
0.295406
0.284062
0.262591
0.233513
0.216269
0.200782
0.187084
0.175205
0.165174
0.15701
0.150738
0.146372
0.143426
0.143872
0.146248
0.150551
0.15342
0.164882
0.174878
0.186726
0.200399
0.21586
0.233072
0.251991
0.27257
0.294762
0.318514
0.343769
0.37047
0.398553
0.427952
0.458601
0.490429
0.52336
0.557319
0.61001
0.628001
0.683113
0.701827
0.758849
0.797489
0.836525
0.875867
0.915424
0.955105
0.994814
1.03446
1.07395
1.1132
1.15211
1.19058
1.24729
1.26589
1.32058
1.33842
1.37345
1.42421
1.44061
1.48816
1.51838
1.54733
1.57494
1.60115
1.6259
1.64914
1.67081
1.70028
1.71784
1.7337
1.74782
1.76017
1.77534
1.78318
1.78641
1.7915
1.79563
1.79608
1.79461
1.79129
1.78893
1.77907
1.7702
1.75951
1.74703
1.7328
1.71685
1.69922
1.67995
1.6591
1.63672
1.61286
1.58758
1.54715
1.51859
1.48884
1.45796
1.42603
1.39311
1.35927
1.32461
1.27125
1.23488
1.19799
1.16065
1.12296
1.085
1.02776
0.989505
0.95128
0.913163
0.875239
0.837589
0.78181
0.763444
0.709179
0.6738
0.639154
0.622134
0.572399
0.540447
0.509549
0.479778
0.45121
0.423913
0.397951
0.373386
0.350273
0.328663
0.308598
0.290118
0.273262
0.258062
0.244552
0.232754
0.222693
0.214389
0.207857
0.20311
0.199356
0.199005
0.199656
0.202107
0.206354
0.212387
0.220192
0.235181
0.24104
0.254036
0.276661
0.285019
0.312476
0.322404
0.34339
0.377593
0.402135
0.427999
0.455122
0.469136
0.512888
0.543393
0.574884
0.607285
0.640518
0.674503
0.709164
0.744413
0.780173
0.816357
0.871243
0.908116
0.945116
0.982155
1.01915
1.05602
1.09267
1.12902
1.16498
1.20047
1.2354
1.26968
1.30325
1.33601
1.3679
1.39885
1.42879
1.45766
1.4854
1.51194
1.53723
1.56123
1.58388
1.60513
1.62494
1.64327
1.66792
1.67536
1.6953
1.70114
1.7116
1.72417
1.72752
1.73295
1.73789
1.73868
1.73846
1.73616
1.73215
1.72642
1.71899
1.70988
1.69912
1.69312
1.67272
1.65715
1.64005
1.62146
1.60143
1.56879
1.54537
1.52069
1.49482
1.4678
1.43972
1.41064
1.38063
1.34977
1.31813
1.28579
1.25283
1.21933
1.18538
1.15106
1.11644
1.0816
1.04662
1.01158
0.976543
0.941594
0.889495
0.855088
0.821027
0.770738
0.737847
0.705548
0.673911
0.643004
0.612898
0.583661
0.555354
0.514776
0.501783
0.476637
0.452657
0.429897
0.398158
0.388242
0.369441
0.352051
0.336114
0.321665
0.302856
0.292271
0.287575
0.279389
0.27016
0.267903
0.264633
0.263023
0.26308
0.264802
0.270501
0.276364
0.283867
0.292988
0.303706
0.315995
0.329823
0.345161
0.361971
0.380208
0.399832
0.420792
0.443037
0.466515
0.491165
0.530211
0.55753
0.571553
0.600281
0.629862
0.660224
0.707076
0.739073
0.771588
0.804547
0.837875
0.871493
0.90533
0.956334
0.990398
1.02443
1.05835
1.0921
1.12559
1.15876
1.20773
1.23976
1.27119
1.30195
1.33199
1.36121
1.38956
1.41698
1.44341
1.48107
1.50477
1.52729
1.54858
1.5686
1.58729
1.61277
1.62055
1.64173
1.64805
1.66472
1.6695
1.67789
1.68749
1.69187
1.69462
1.69574
1.69522
1.69306
1.68927
1.68386
1.67684
1.66822
1.65805
1.64633
1.6331
1.6184
1.60226
1.57544
1.55588
1.53503
1.51294
1.48967
1.46526
1.43979
1.4133
1.38586
1.34307
1.32841
1.28334
1.25249
1.22108
1.18918
1.15687
1.12423
1.09134
1.05827
1.02511
0.975356
0.942284
0.925802
0.876686
0.844301
0.812279
0.78069
0.734268
0.704062
0.674528
0.645731
0.617741
0.59062
0.564437
0.539252
0.51513
0.492127
0.470304
0.449705
0.430381
0.412372
0.395718
0.380449
0.366599
0.354195
0.338346
0.333809
0.322469
0.316821
0.312714
0.309464
0.309158
0.310583
0.311838
0.317931
0.323922
0.331445
0.34048
0.351006
0.369536
0.376431
0.399206
0.416088
0.434283
0.453747
0.474434
0.496294
0.53117
0.555728
0.581264
0.607714
0.635015
0.663102
0.691905
0.721353
0.766574
0.781893
0.812845
0.859935
0.875773
0.907613
0.955644
0.987745
1.01983
1.03584
1.08366
1.11527
1.14658
1.17751
1.208
1.25274
1.28182
1.31021
1.33785
1.36468
1.39064
1.41565
1.45128
1.47369
1.49497
1.51506
1.53392
1.55153
1.56783
1.58977
1.60268
1.61418
1.62424
1.63284
1.63996
1.64558
1.64968
1.65227
1.65332
1.65284
1.65082
1.64728
1.64222
1.63565
1.6276
1.61278
1.60111
1.58805
1.57361
1.55785
1.54079
1.52249
1.50297
1.4823
1.46053
1.43769
1.41386
1.38909
1.36343
1.33696
1.30973
1.2818
1.25325
1.22415
1.19455
1.16453
1.13416
1.1035
1.07264
1.04164
1.01057
0.979494
0.948497
0.90229
0.871782
0.841592
0.811789
0.78244
0.753613
0.711487
0.684239
0.657728
0.632009
0.607135
0.58316
0.560134
0.538106
0.517126
0.497242
0.478501
0.460948
0.444625
0.429569
0.415819
0.403407
0.392361
0.382706
0.374466
0.36766
0.362305
0.358411
0.355327
0.355037
0.35638
0.359117
0.361035
0.368971
0.376061
0.384572
0.394483
0.405767
0.418397
0.432338
0.447556
0.464015
0.481671
0.500481
0.520397
0.54137
0.563347
0.586272
0.610089
0.634742
0.660172
0.686324
0.713136
0.740553
0.768514
0.796956
0.825814
0.855019
0.884503
0.9142
0.944044
0.973967
1.00391
1.0338
1.06357
1.09316
1.12251
1.15156
1.1944
1.20846
1.24986
1.27674
1.28994
1.31582
1.35325
1.37719
1.40025
1.42238
1.44353
1.46364
1.49177
1.50058
1.52523
1.54014
1.55379
1.56614
1.57716
1.58683
1.59513
1.60203
1.60752
1.6116
1.61426
1.61556
1.61528
1.61364
1.61058
1.6061
1.60022
1.59295
1.57948
1.56882
1.55684
1.54358
1.53648
1.51333
1.49641
1.47834
1.45918
1.43897
1.41775
1.39558
1.37251
1.34859
1.32388
1.29845
1.27235
1.24564
1.20458
1.17663
1.14831
1.11967
1.09078
1.0617
1.03251
1.00326
0.974025
0.944856
0.901368
0.872647
0.85839
0.816134
0.788469
0.761276
0.734619
0.708561
0.683159
0.658474
0.634563
0.611485
0.600276
0.568044
0.547784
0.528563
0.510429
0.493422
0.47758
0.46294
0.449536
0.431813
0.421624
0.417027
0.408836
0.402004
0.396544
0.390953
0.389788
0.38851
0.389225
0.391451
0.395072
0.400079
0.406458
0.414193
0.423264
0.433646
0.445314
0.458241
0.472395
0.487741
0.504242
0.531074
0.540551
0.560276
0.580986
0.602633
0.625166
0.648531
0.68502
0.697541
0.723072
0.762484
0.775888
0.816799
0.830643
0.872679
0.886831
0.929605
0.958299
0.987055
1.01581
1.04449
1.07304
1.10139
1.12948
1.15723
1.18458
1.21148
1.23785
1.26364
1.28879
1.31324
1.33693
1.37094
1.38184
1.40295
1.43279
1.45142
1.46897
1.48542
1.50072
1.51483
1.52773
1.53939
1.54977
1.55885
1.56662
1.57577
1.57815
1.5819
1.58429
1.58533
1.58433
1.58197
1.57827
1.57324
1.56688
1.55922
1.55026
1.54004
1.52858
1.51589
1.50202
1.487
1.47086
1.45364
1.43539
1.41614
1.39595
1.37486
1.35292
1.33018
1.29471
1.28255
1.24515
1.2324
1.19342
1.1669
1.14002
1.11285
1.08545
1.05789
1.03023
1.00254
0.974878
0.947323
0.919933
0.892776
0.865916
