0
5.72242e-06
2.28884e-05
3.43319e-05
4.57768e-05
7.29566e-05
0.000173569
0.000440598
0.00141096
0.00261593
0.00440598
0.00688601
0.0101476
0.0142632
0.01929
0.0252695
0.0322251
0.0445113
0.0539336
0.0643253
0.075666
0.0879283
0.101084
0.1151
0.129941
0.145574
0.161964
0.187894
0.206028
0.224801
0.244179
0.264132
0.295068
0.316316
0.338025
0.360164
0.382699
0.4056
0.428834
0.452371
0.476181
0.500233
0.524498
0.548945
0.573545
0.610666
0.635519
0.660421
0.685345
0.710261
0.73514
0.77233
0.796995
0.821524
0.845889
0.870062
0.894018
0.917732
0.94118
0.964341
0.98719
1.00971
1.03187
1.06441
1.07506
1.10637
1.12669
1.14656
1.16595
1.18485
1.20326
1.22115
1.23851
1.26353
1.27952
1.29493
1.30975
1.32398
1.3376
1.35061
1.36299
1.37474
1.38585
1.39632
1.41082
1.41967
1.42788
1.43543
1.44234
1.44861
1.45423
1.45921
1.46355
1.46725
1.47033
1.47277
1.47459
1.47617
1.47646
1.47616
1.47525
1.47377
1.47171
1.46909
1.46591
1.4622
1.45795
1.45318
1.44791
1.44214
1.43589
1.42918
1.41826
1.41044
1.40221
1.39357
1.38455
1.37515
1.36541
1.35532
1.34491
1.3342
1.32319
1.30619
1.29454
1.28266
1.27057
1.25829
1.24583
1.2332
1.22044
1.20755
1.19454
1.18143
1.16825
1.14836
1.13504
1.1217
1.10834
1.095
1.08167
1.06838
1.05514
1.04197
1.02237
1.01589
1.00301
0.983955
0.977677
0.965245
0.94693
0.934962
0.9232
0.911653
0.90033
0.889236
0.878379
0.867763
0.857396
0.847284
0.837433
0.82785
0.818543
0.809521
0.800788
0.792355
0.784226
0.776408
0.768907
0.761728
0.754877
0.745221
0.739203
0.733524
0.728188
0.723195
0.718546
0.714244
0.710289
0.706681
0.703422
0.699184
0.696792
0.694745
0.693041
0.691679
0.690655
0.689966
0.689608
0.689685
0.690138
0.690907
0.691988
0.693375
0.695061
0.697042
0.699312
0.701864
0.704692
0.709435
0.712921
0.716658
0.720638
0.724853
0.729295
0.733958
0.741345
0.74652
0.751885
0.757432
0.763152
0.769037
0.775078
0.784412
0.787592
0.794047
0.800621
0.807306
0.814091
0.820967
0.827925
0.838496
0.84205
0.852789
0.860001
0.86362
0.874511
0.881792
0.889078
0.89636
0.903631
0.910882
0.918104
0.925288
0.932428
0.939515
0.946541
0.953498
0.960378
0.967174
0.973874
0.980472
0.986958
0.993325
0.999567
1.00568
1.01165
1.01747
1.02315
1.02868
1.03406
1.03928
1.04435
1.04926
1.05402
1.05862
1.06307
1.06736
1.07149
1.07547
1.0793
1.08297
1.08649
1.08986
1.09307
1.09612
1.09902
1.10307
1.10558
1.10792
1.11011
1.11114
1.11397
1.11565
1.11716
1.11849
1.11965
1.12063
1.12142
1.12228
1.12248
1.12274
1.1228
1.12262
1.12247
1.12175
1.12106
1.12021
1.1192
1.11864
1.11671
1.11599
1.11362
1.11093
1.10897
1.10687
1.10465
1.1023
1.09984
1.09726
1.09457
1.09178
1.08889
1.0859
1.08282
1.07966
1.07642
1.07311
1.06973
1.0663
1.06282
1.05929
1.05573
1.05034
1.04853
1.04308
1.04126
1.03761
1.03396
1.02849
1.02666
1.02303
1.01941
1.01402
1.01045
1.00691
1.00339
0.999905
0.996454
0.993039
0.989661
0.986321
0.98139
0.978155
0.974964
0.971818
0.968719
0.965666
0.961176
0.958244
0.955362
0.952531
0.949753
0.947027
0.944355
0.94174
0.939179
0.936677
0.934232
0.930679
0.929525
0.927263
0.923985
0.921879
0.919839
0.917865
0.915958
0.913226
0.911492
0.909829
0.908239
0.906723
0.905281
0.903915
0.902627
0.901418
0.899759
0.89876
0.897848
0.897026
0.896296
0.895657
0.895112
0.894471
0.894163
0.89395
0.893833
0.893811
0.893882
0.894048
0.894306
0.894655
0.895095
0.895625
0.896242
0.896945
0.897731
0.899065
0.900053
0.901117
0.902256
0.903468
0.904749
0.906097
0.907509
0.90974
0.911301
0.912915
0.91458
0.91629
0.918041
0.919828
0.921646
0.923491
0.92536
0.927248
0.930107
0.932026
0.933952
0.935883
0.937817
0.93975
0.941679
0.943604
0.94552
0.947427
0.949322
0.95214
0.953998
0.955838
0.957657
0.959456
0.961231
0.962982
0.964707
0.966404
0.968073
0.969712
0.97132
0.973674
0.975203
0.975955
0.977434
0.979588
0.980979
0.982336
0.983656
0.984941
0.986188
0.987398
0.988571
0.989706
0.991338
0.992379
0.993382
0.994347
0.995274
0.996163
0.997015
0.997829
0.998606
0.999346
1.00039
1.00104
1.00165
1.00223
1.00277
1.00328
1.00375
1.00419
1.0046
1.00514
1.00547
1.00576
1.00602
1.00625
1.00645
1.0067
1.00683
1.00693
1.007
1.00704
1.00706
1.00705
1.00701
1.00691
1.00681
1.00669
1.00655
1.00638
1.00619
1.00598
1.00574
1.00549
1.00522
1.00493
1.00445
1.00411
1.00376
1.00338
1.00299
1.00259
1.00217
1.00173
1.00128
1.00082
1.00034
0.999607
0.999101
0.998584
0.998057
0.99752
0.996974
0.996138
0.99557
0.994995
0.994413
0.993824
0.993228
0.992324
0.991715
0.991102
0.990484
0.989863
0.989238
0.988611
0.987982
0.98735
0.986717
0.986084
0.985451
0.984818
0.984184
0.983551
0.982603
0.981973
0.981345
0.98072
0.980097
0.979478
0.978862
0.97825
0.97734
0.976739
0.976144
0.975555
0.974971
0.974393
0.973823
0.973259
0.972702
0.972153
0.971611
0.970814
0.970293
0.969781
0.969278
0.968784
0.968299
0.967824
0.967359
0.966903
0.966458
0.96581
0.965392
0.964984
0.964588
0.964203
0.96383
0.963468
0.963118
0.96278
0.962454
0.96214
0.961838
0.961549
0.961272
0.961007
0.960754
0.960515
0.960287
0.959969
0.959773
0.959589
0.959417
0.959258
0.95911
0.958975
0.958796
0.958691
0.958599
0.958519
0.958451
0.958395
0.95835
0.958318
0.958297
0.958287
0.958289
0.958313
0.958343
0.958383
0.958434
0.958495
0.958567
0.958649
0.95879
0.958896
0.959011
0.959136
0.95927
0.959412
0.959563
0.959722
0.959889
0.960064
0.960247
0.960437
0.960634
0.960838
0.961156
0.961376
0.961603
0.961835
0.962073
0.962316
0.962564
0.962817
0.963204
0.963468
0.963736
0.964007
0.964282
0.9647
0.964841
0.965267
0.965553
0.965843
0.966133
0.966427
0.966721
0.967014
0.967312
0.967609
0.968056
0.968353
0.968651
0.968948
0.969246
0.969543
0.969839
0.970132
0.970426
0.970863
0.971153
0.971441
0.971727
0.972011
0.972293
0.972572
0.97285
0.973125
0.973396
0.973798
0.974062
0.974323
0.974581
0.974835
0.975085
0.975332
0.975575
0.975815
0.97605
0.976281
0.976508
0.976731
0.97695
0.977271
0.977479
0.977683
0.977883
0.978078
0.978269
0.978455
0.978637
0.978901
0.979071
0.979237
0.979398
0.979555
0.979707
0.979854
0.979997
0.980135
0.980269
0.980461
0.980583
0.9807
0.980814
0.980922
0.981027
0.981127
0.981223
0.981314
0.9814
0.981483
0.981562
0.981672
0.98174
0.981805
0.981865
0.981921
0.981974
0.982022
0.982067
0.982128
0.982163
0.982181
0.982225
0.982251
0.982273
0.982292
0.982308
0.98232
0.98233
0.982337
0.982342
0.982342
0.982338
0.982333
0.982319
0.982314
0.982301
0.982285
0.982258
0.982238
0.982215
0.98219
0.98215
0.98212
0.982089
0.982056
0.982021
0.981987
0.981948
0.98191
0.981871
0.981829
0.981787
0.981724
0.981678
0.981632
0.981586
0.981541
0.98147
0.98142
0.98137
0.981321
0.981271
0.981222
0.981172
0.981122
0.981073
0.980999
0.980974
0.980924
0.980875
0.9808
0.980751
0.980701
0.980651
0.980602
0.980552
0.980505
0.98046
0.980414
0.980368
0.980322
0.980277
0.980234
0.980171
0.980129
0.980087
0.980049
0.980011
0.979973
0.979936
0.979901
0.979867
0.979833
0.979802
0.979771
0.979741
0.979712
0.979686
0.979646
0.979623
0.9796
0.979578
0.979559
0.97954
0.979522
0.979507
0.979492
0.979479
0.979467
0.979452
0.979444
0.979436
0.979432
0.979428
0.979424
0.979424
0.979424
0.979425
0.979429
0.979435
0.979439
0.979451
0.979455
0.979471
0.979483
0.979496
0.979512
0.979527
0.979545
0.979564
0.979583
0.979606
0.979629
0.979651
0.979677
0.979704
0.979731
0.979775
0.979805
0.979836
0.979869
0.979904
0.979938
0.979973
0.980011
0.980049
0.980087
0.980127
0.98019
0.980232
0.980274
0.980318
0.980364
0.98041
0.980455
0.980501
0.980575
0.980624
0.980674
0.980723
0.980773
0.980824
0.980877
0.980931
0.980984
0.981038
0.981091
0.981171
0.981225
0.981282
0.981339
0.981396
0.981453
0.981511
0.981568
0.981625
0.981711
0.981768
0.981825
0.981883
0.98194
0.981997
0.982054
0.982111
0.982169
0.982226
0.982312
0.982369
0.982426
0.982483
0.982541
0.982626
0.982684
0.982741
0.982798
0.982855
0.982913
0.98297
0.983027
0.983113
0.98317
0.983227
0.983284
0.983339
0.983392
0.983446
0.983499
0.983552
0.983633
0.983686
0.983739
0.983793
0.983846
0.983896
0.983971
0.98402
0.98407
0.984119
0.984169
0.984219
0.984268
0.984314
0.984383
0.984429
0.984475
0.98452
0.984566
0.984612
0.984655
0.984697
0.984739
0.984781
0.984823
0.984865
0.984907
0.984967
0.985005
0.985044
0.985082
0.98512
0.985158
0.985196
0.985234
0.985285
0.98532
0.985354
0.985388
0.985423
0.985457
0.985491
0.985522
0.985553
0.985583
0.985614
0.98566
0.98569
0.985721
0.985751
0.985778
0.985805
0.985831
0.985858
0.985898
0.985925
0.985951
0.985978
0.986005
0.986028
0.986051
0.986073
0.986096
0.986119
0.986142
0.986165
0.986199
0.986222
0.986245
0.986268
0.986287
0.986306
0.986325
0.986344
0.986363
0.986382
0.986402
0.98643
0.986449
0.986468
0.986487
0.986506
0.986526
0.986545
0.986564
0.986583
0.9866
0.986616
0.986631
0.986654
0.986669
0.986684
0.9867
0.986715
0.98673
0.986745
0.986768
0.986784
0.986799
0.986814
0.986829
0.986845
0.98686
0.986875
0.98689
