0
0
0
0
0
1.14435e-05
8.58311e-05
0.000356674
0.00157165
0.00326538
0.00595093
0.00986862
0.0152435
0.0222893
0.0311871
0.0420933
0.0551281
0.0703869
0.087923
0.107765
0.129906
0.154318
0.18095
0.209738
0.240597
0.273443
0.308176
0.363596
0.382902
0.443136
0.485086
0.528345
0.572802
0.618343
0.664854
0.712215
0.760305
0.808998
0.858168
0.907686
0.957426
1.00726
1.05706
1.10669
1.15604
1.20498
1.25339
1.30113
1.3481
1.39418
1.43924
1.48319
1.54675
1.5874
1.62655
1.66409
1.69992
1.73396
1.7661
1.79626
1.82437
1.86249
1.87409
1.90547
1.92347
1.93908
1.95225
1.96296
1.97118
1.97435
1.98005
1.98068
1.97876
1.97429
1.96729
1.95776
1.9388
1.93124
1.91432
1.895
1.87334
1.83657
1.82321
1.79487
1.76444
1.71506
1.67976
1.64266
1.60386
1.56346
1.52155
1.47825
1.43366
1.38789
1.34108
1.29333
1.24477
1.19551
1.12058
1.09538
1.01933
0.993874
0.942896
0.866493
0.815775
0.765371
0.715416
0.666027
0.617329
0.569447
0.522503
0.476616
0.431911
0.38851
0.346519
0.306061
0.267241
0.212313
0.178043
0.145771
0.11558
0.0875511
0.0617695
0.0383034
0.0172215
-0.00141907
-0.0246868
-0.0370083
-0.0467472
-0.0538826
-0.058403
-0.0603065
-0.059597
-0.056282
-0.0503769
-0.0419006
-0.0308762
-0.017334
-0.00130463
0.017168
0.0493526
0.073719
0.10034
0.129152
0.160084
0.193054
0.227983
0.264778
0.303349
0.343605
0.385448
0.428776
0.47349
0.519491
0.590664
0.61491
0.664104
0.714136
0.764881
0.842072
0.868023
0.94632
0.998722
1.05113
1.10343
1.12949
1.20714
1.2583
1.30882
1.35856
1.40741
1.45523
1.5019
1.5473
1.59131
1.63381
1.69448
1.73273
1.76909
1.80345
1.83574
1.86585
1.89371
1.91925
1.94241
1.96313
1.98135
1.99704
2.01016
2.02069
2.02859
2.03386
2.03648
2.03646
2.03378
2.02847
2.01558
2.00999
1.98936
1.97244
1.95303
1.93119
1.90697
1.88041
1.8516
1.8206
1.78748
1.75234
1.71526
1.67633
1.63565
1.59332
1.54946
1.50416
1.45753
1.4097
1.36078
1.3109
1.26018
1.20874
1.15672
1.10424
1.05145
0.971928
0.971928
0.892427
0.839657
0.761181
0.709499
0.683899
0.608252
0.558937
0.510658
0.463539
0.417702
0.373268
0.330357
0.289085
0.249569
0.211918
0.176237
0.14263
0.111187
0.0820007
0.055151
0.0307064
0.0087204
-0.0107574
-0.0276871
-0.0420456
-0.0538044
-0.0629444
-0.0694599
-0.0733433
-0.0745926
-0.0732117
-0.0692101
-0.0625992
-0.0534
-0.0347977
-0.0273323
-0.00119781
0.0192852
0.0421619
0.0673752
0.0948677
0.124571
0.156412
0.190311
0.226189
0.263952
0.303509
0.344759
0.387596
0.431915
0.477612
0.524567
0.597109
0.646704
0.671824
0.748293
0.800039
0.852242
0.852242
0.957497
1.01027
1.06297
1.11545
1.16759
1.21925
1.27031
1.32065
1.37013
1.41863
1.46603
1.51221
1.55707
1.60049
1.64238
1.68264
1.72116
1.75786
1.79264
1.82542
1.85611
1.88463
1.92318
1.93486
1.96632
1.98422
1.9996
2.01243
2.02267
2.03029
2.03527
2.0376
2.03727
2.03428
2.02865
2.02037
2.00947
1.99599
1.97995
1.9614
1.94039
1.91696
1.89118
1.86312
1.83284
1.78344
1.76595
1.71059
1.67138
1.63044
1.58786
1.54377
1.49826
1.45147
1.4035
1.35448
1.30454
1.25381
1.20242
1.15051
1.09818
1.04558
0.992815
0.940023
0.88732
0.834822
0.782652
0.730932
0.679783
0.629326
0.579679
0.53096
0.48329
0.436785
0.391562
0.347738
0.284864
0.264723
0.206949
0.170763
0.136559
0.104427
0.074461
0.0467434
0.0213566
-0.00163269
-0.0221539
-0.0401497
-0.0555668
-0.0683613
-0.0785007
-0.0886745
-0.0920734
-0.0927601
-0.0907326
-0.0860023
-0.0785847
-0.0684986
-0.0557785
-0.0404606
-0.0225906
-0.00221252
0.0206223
0.0458508
0.0734119
0.103235
0.135252
0.169378
0.224348
0.263386
0.283588
0.346781
0.368666
0.436586
0.48362
0.531927
0.55652
0.60651
0.683271
0.735437
0.76177
0.841578
0.895283
0.949232
1.0033
1.05734
1.11122
1.16482
1.21799
1.27061
1.32253
1.37363
1.42378
1.47285
1.52072
1.56725
1.58998
1.65586
1.6977
1.73774
1.77589
1.81204
1.84609
1.87796
1.90755
1.93479
1.95961
1.98195
2.00174
2.01893
2.03977
2.04537
2.05455
2.06101
2.06473
2.06572
2.06397
2.05948
2.05229
2.03646
2.0226
2.00613
1.9871
1.96557
1.94158
1.91521
1.88651
1.83927
1.8051
1.76888
1.7307
1.69065
1.64882
1.60533
1.56026
1.53718
1.46589
1.41683
1.36667
1.31554
1.26358
1.21091
1.15767
1.10398
1.04999
0.995817
0.94161
0.887505
0.833632
0.78013
0.727129
0.674767
0.623165
0.547483
0.522778
0.450443
0.403856
0.381098
0.336729
0.273256
0.233162
0.194971
0.158789
0.124716
0.0928402
0.0632458
0.0359955
0.0111542
-0.0112209
-0.0310841
-0.0483894
-0.0694675
-0.0751781
-0.0846043
-0.091362
-0.0964584
-0.096489
-0.0954914
-0.0914783
-0.0847893
-0.0697746
-0.0564804
-0.0488586
-0.0221558
-0.00121498
0.0221767
0.0479679
0.0760918
0.122496
0.139051
0.173731
0.21043
0.249058
0.289515
0.310396
0.397982
0.420822
0.467537
0.515537
0.589685
0.640373
0.691923
0.744205
0.797092
0.850452
0.904156
0.95808
1.0121
1.0661
1.11993
1.20012
1.25301
1.30529
1.35686
1.40756
1.4573
1.52979
1.57653
1.62186
1.66564
1.70777
1.74811
1.78657
1.82302
1.87373
1.90475
1.93346
1.95978
1.98364
2.00498
2.02376
2.04701
2.05919
2.06866
2.07541
2.07941
2.08066
2.07916
2.07176
2.06341
2.05236
2.03865
2.02231
2.00338
1.98191
1.95797
1.91755
1.88769
1.8556
1.82135
1.78503
1.74674
1.70656
1.66458
1.62092
1.57566
1.52892
1.45628
1.40632
1.35529
1.3033
1.25047
1.19694
1.14283
1.0609
1.00598
0.950972
0.896029
0.84129
0.786898
0.759876
0.679724
0.62722
0.575617
0.52503
0.475588
0.427402
0.380589
0.313185
0.270279
0.229116
0.189808
0.152452
0.10029
0.0682373
0.0384655
0.0110588
-0.0139008
-0.0363388
-0.0562
-0.0734253
-0.0879726
-0.0998039
-0.112404
-0.11735
-0.11952
-0.118916
-0.115541
-0.109411
-0.0950909
-0.0821667
-0.0665855
-0.0483837
-0.0276108
-0.00431442
0.0214405
0.0495949
0.0800762
0.112804
0.165945
0.203951
0.24391
0.285723
0.329294
0.374516
0.42128
0.469471
0.518969
0.595396
0.647614
0.700687
0.754484
0.808874
0.86371
0.918854
0.974165
1.0295
1.08471
1.16701
1.19424
1.27512
1.30176
1.38047
1.4318
1.48206
1.53115
1.57894
1.64791
1.69191
1.7342
1.77464
1.81314
1.84959
1.88389
1.91594
1.94566
1.97298
2.00931
2.03034
2.04875
2.06451
2.07758
2.09206
2.09828
2.10173
2.1024
2.10029
2.0954
2.08775
2.07736
2.06425
2.04845
2.03002
2.009
1.98544
1.95941
1.93097
1.88394
1.86714
1.81351
1.77518
1.73489
1.69275
1.64885
1.60331
1.55622
1.50773
1.45794
1.38109
1.32861
1.27529
1.22126
1.16666
1.11162
1.05629
1.0008
0.945288
0.889889
0.834726
0.77993
0.72563
0.671951
0.619022
0.541313
0.490807
0.441484
0.393476
0.346895
0.301863
0.25849
0.216904
0.177208
0.139521
0.103949
0.0705986
0.0249386
-0.00246811
-0.0273571
-0.0496616
-0.0693245
-0.0862999
-0.10055
-0.112038
-0.124056
-0.128565
-0.130266
-0.129175
-0.125284
-0.118616
-0.109192
-0.0899487
-0.0737648
-0.054945
-0.0335388
-0.00959969
0.0168133
0.0456314
0.0767879
0.110201
0.145798
0.183487
0.223179
0.286263
0.308186
0.376455
0.423916
0.472803
0.522997
0.574377
0.626818
0.680191
0.734358
0.789186
0.87236
0.900261
0.984245
1.04029
1.09621
1.15187
1.20712
1.26183
1.31584
1.36902
1.42125
1.47238
1.5223
1.59466
1.64105
1.68583
1.70758
1.77014
1.80946
1.84676
1.88194
1.9149
1.94555
1.98702
2.01155
2.03351
2.05283
2.06948
2.08341
2.09459
2.10299
2.10859
2.11138
2.11135
2.10849
2.10283
2.09437
2.08314
2.06118
2.04319
2.03321
1.9994
1.9737
1.94556
1.91505
1.88224
1.84722
1.79073
1.75057
1.70852
1.6647
1.61921
1.57216
1.52368
1.47389
1.42292
1.37089
1.31795
1.26421
1.2098
1.15484
1.09947
1.04381
0.987986
0.932131
0.848576
0.793217
0.738291
0.683929
0.630264
0.577427
0.525545
0.449812
0.400911
0.353434
0.307507
0.263262
0.220814
0.18029
0.141806
0.105476
0.0714016
0.0396862
0.010416
-0.016325
-0.0404758
-0.0619755
-0.0807762
-0.0968437
-0.110147
-0.124876
-0.131201
-0.134716
-0.135416
-0.133318
-0.128426
-0.115892
-0.110342
-0.0896244
-0.0724697
-0.0526905
-0.0303345
-0.00546455
0.0218601
0.051569
0.0835857
0.11783
0.154221
0.192663
0.253979
0.297148
0.342033
0.388527
0.436523
0.485905
0.536552
0.588345
0.641148
0.694836
0.776716
0.804302
0.8598
0.943615
0.971632
1.02768
1.11151
1.16704
1.2221
1.27657
1.33031
1.38318
1.43506
1.48583
1.55964
1.60712
1.65308
1.69743
1.74004
1.78081
1.81964
1.85641
1.90752
1.93875
1.96759
1.99397
2.01781
2.03904
2.05763
2.07352
2.08667
2.09707
2.10468
2.1095
2.11147
2.11073
2.10714
2.09653
2.09162
2.07276
2.05682
2.03823
2.01703
1.99328
1.96704
1.93837
1.90734
1.87405
1.83855
1.80096
1.76135
1.71983
1.67651
1.6315
1.5849
1.53683
1.4874
1.43675
1.38499
1.30556
1.27867
1.22436
1.16948
1.11415
1.03063
0.974806
0.946899
0.891191
0.835741
0.753342
0.726154
0.64566
0.619244
0.567131
0.51609
0.417738
0.370678
0.325193
0.281399
0.239407
0.199318
0.161228
0.125229
0.0914097
0.0449677
0.0306683
-0.00855255
-0.0315514
-0.0420818
-0.069725
-0.0776043
-0.0913277
-0.106771
-0.110535
-0.117638
-0.118608
-0.118448
-0.112955
-0.105816
-0.0959206
-0.0832977
-0.0679836
-0.0593319
-0.0294685
-0.00637627
0.0191936
0.0471687
0.0774765
0.110037
0.14477
0.181581
0.220381
0.261076
0.303564
