0
4.57755e-05
0.000137329
0.000228881
0.000370026
0.00049591
0.000741958
0.00127792
0.00231934
0.00410843
0.00688934
0.0109062
0.0163841
0.0278072
0.0378361
0.0499897
0.0644054
0.0811863
0.100403
0.122099
0.159288
0.187138
0.217367
0.249897
0.284634
0.321472
0.380424
0.422016
0.4653
0.510153
0.556456
0.604082
0.652908
0.728102
0.779333
0.831285
0.883808
0.936758
0.989986
1.04334
1.09667
1.14982
1.20264
1.28095
1.33235
1.35775
1.40788
1.45702
1.52857
1.55178
1.61927
1.641
1.70367
1.74319
1.78077
1.81629
1.84963
1.89536
1.92283
1.94781
1.97022
1.99
2.0071
2.02762
2.03783
2.04526
2.04986
2.05164
2.05058
2.04667
2.03991
2.0303
2.01058
1.99391
1.97447
1.95228
1.92741
1.8999
1.86984
1.83729
1.80233
1.76507
1.72559
1.684
1.61789
1.57149
1.52336
1.47364
1.42245
1.36991
1.31616
1.26135
1.20563
1.14914
1.06333
1.00563
0.947739
0.889799
0.83198
0.774437
0.717331
0.66082
0.605053
0.550177
0.469847
0.417816
0.36717
0.318045
0.270571
0.224882
0.181112
0.139383
0.0808926
0.0447941
0.0111294
-0.0200195
-0.0485744
-0.0744743
-0.0976696
-0.11812
-0.135794
-0.150663
-0.162716
-0.171936
-0.178308
-0.181833
-0.182503
-0.178152
-0.171679
-0.162348
-0.150162
-0.135122
-0.117233
-0.0965042
-0.0601234
-0.0323772
-0.00188446
0.0312977
0.0670986
0.105448
0.146252
0.189409
0.234818
0.3069
0.357422
0.409761
0.463793
0.519363
0.576338
0.634567
0.693892
0.784575
0.845922
0.907787
0.969999
1.03239
1.09478
1.15701
1.21893
1.28038
1.34119
1.43089
1.48944
1.54683
1.60287
1.65744
1.71037
1.76151
1.81073
1.85788
1.90283
1.94546
2.00482
2.04123
2.075
2.10609
2.13444
2.16002
2.18281
2.20278
2.21991
2.24027
2.25028
2.25742
2.26171
2.26313
2.2617
2.2574
2.25025
2.23417
2.21989
2.20276
2.18279
2.15997
2.13433
2.10585
2.07456
2.04047
2.0036
1.94322
1.89967
1.85357
1.80504
1.75418
1.70111
1.64599
1.58895
1.53015
1.46976
1.40793
1.31289
1.24825
1.18279
1.11669
1.05012
0.983269
0.916311
0.84943
0.782795
0.716574
0.650936
0.553928
0.490465
0.428156
0.367163
0.307652
0.249777
0.193701
0.139572
0.0875359
0.0377312
-0.00973129
-0.0762997
-0.117472
-0.155996
-0.191813
-0.224878
-0.255159
-0.282631
-0.30727
-0.329067
-0.348011
-0.364098
-0.377323
-0.387684
-0.397861
-0.401068
-0.401415
-0.398903
-0.393536
-0.385315
-0.374243
-0.352295
-0.33411
-0.313087
-0.289232
-0.262545
-0.233032
-0.200701
-0.165552
-0.127602
-0.0868683
-0.0433846
0.00279999
0.0516167
0.129589
0.18458
0.241831
0.301207
0.362556
0.425722
0.490536
0.55682
0.590458
0.693068
0.762655
0.868326
0.939356
1.01063
1.08195
1.15314
1.22401
1.29436
1.36401
1.43275
1.5004
1.56677
1.63168
1.69496
1.75646
1.845
1.87345
1.92866
2.00704
2.03192
2.10272
2.1466
2.16753
2.22619
2.26181
2.29461
2.32457
2.35168
2.37593
2.39732
2.41584
2.43825
2.4496
2.45809
2.46372
2.46649
2.4664
2.46346
2.45766
2.44362
2.43071
2.41495
2.39636
2.37493
2.35067
2.32358
2.29367
2.26094
2.2254
2.16682
2.12428
2.07897
2.0309
1.98015
1.92677
1.87086
1.78252
1.72083
1.65707
1.59141
1.52401
1.45504
1.38469
1.31312
1.24054
1.16715
1.09314
1.01872
0.944086
0.832182
0.794994
0.720932
0.647459
0.574768
0.467623
0.397739
0.329317
0.262537
0.197588
0.134628
0.0738144
0.0152836
-0.0408382
-0.09445
-0.145466
-0.193815
-0.239435
-0.261208
-0.322327
-0.359537
-0.393898
-0.425398
-0.454031
-0.479788
-0.502672
-0.522684
-0.547318
-0.554094
-0.5655
-0.574041
-0.579721
-0.582546
-0.582514
-0.577118
-0.569956
-0.559952
-0.547102
-0.531412
-0.512888
-0.491528
-0.46734
-0.440329
-0.410496
-0.37785
-0.342396
-0.304134
-0.241488
-0.219208
-0.172562
-0.12315
-0.0710049
-0.0161762
0.0412617
0.132086
0.163544
0.228127
0.294802
0.3634
0.469505
0.505634
0.615952
0.690861
0.766626
0.843044
0.881435
0.99703
1.07418
1.15116
1.22776
1.30379
1.37903
1.4533
1.52641
1.59817
1.66839
1.7369
1.80352
1.86809
1.93047
1.99052
2.04813
2.1032
2.15565
2.2054
2.25241
2.29664
2.33805
2.39484
2.42912
2.46054
2.48908
2.51475
2.53754
2.55746
2.57451
2.58869
2.6
2.61161
2.61578
2.61709
2.61555
2.61116
2.60392
2.59384
2.58092
2.56515
2.54655
2.52512
2.50086
2.47378
2.44388
2.39375
2.35681
2.31708
2.27455
2.22923
2.18113
2.13025
2.07662
2.02028
1.96129
1.86801
1.8357
1.73535
1.66579
1.59432
1.52113
1.4464
1.37035
1.29316
1.17568
1.0965
1.01688
0.936998
0.857069
0.777287
0.697859
0.618996
0.502222
0.425694
0.35047
0.276756
0.20475
0.134638
0.0665855
0.000749588
-0.0627346
-0.123751
-0.182198
-0.264881
-0.316587
-0.365499
-0.411596
-0.454847
-0.495237
-0.532751
-0.567385
-0.599136
-0.628006
-0.653996
-0.677105
-0.697338
-0.714703
-0.729198
-0.740829
-0.749601
-0.757404
-0.758579
-0.758789
-0.756149
-0.750666
-0.742338
-0.731169
-0.717161
-0.700315
-0.680639
-0.658134
-0.632805
-0.604654
-0.55715
-0.539911
-0.503328
-0.463938
-0.399618
-0.353249
-0.3041
-0.252176
-0.197489
-0.140059
-0.0799236
-0.0171452
0.0481911
0.115965
0.186039
0.258244
0.332399
0.408304
0.485752
0.564533
0.64443
0.684731
0.806702
0.888638
0.970819
1.05304
1.13509
1.21678
1.29789
1.37822
1.45757
1.53574
1.61255
1.68782
1.76135
1.83297
1.90253
1.96987
2.03487
2.09741
2.15739
2.21473
2.29566
2.34615
2.39382
2.43865
2.48063
2.51974
2.55597
2.60491
2.63394
2.66009
2.68336
2.70376
2.72129
2.73595
2.75258
2.76009
2.76475
2.76656
2.76551
2.76163
2.75489
2.74532
2.72563
2.70897
2.68946
2.66714
2.64198
2.61401
2.58322
2.54962
2.5132
2.474
2.40994
2.36375
2.31478
2.26303
2.20852
2.15124
2.09123
2.02852
1.96317
1.89527
1.82494
1.75232
1.63945
1.56186
1.48262
1.40196
1.3201
1.23724
1.15359
1.06938
0.942442
0.857708
0.773132
0.688927
0.605291
0.481386
0.400124
0.320179
0.241768
0.165083
0.090313
0.0176334
-0.0528069
-0.120872
-0.186443
-0.24943
-0.309744
-0.367327
-0.448473
-0.499031
-0.54673
-0.591557
-0.633501
-0.672556
-0.708721
-0.741993
-0.772381
-0.799883
-0.824505
-0.846252
-0.873489
-0.888069
-0.899788
-0.908649
-0.914658
-0.917816
-0.918127
-0.915592
-0.906458
-0.896818
-0.88434
-0.869026
-0.850882
-0.829908
-0.80611
-0.779491
-0.750051
-0.700624
-0.664164
-0.624903
-0.582846
-0.538
-0.490372
-0.439964
-0.386787
-0.330845
-0.241764
-0.178947
-0.113417
-0.0452213
0.0255775
0.0988789
0.174559
0.252457
0.33239
0.414152
0.539738
0.62509
0.711466
0.798635
0.886362
0.974419
1.06258
1.15064
1.23838
1.32559
1.45494
1.53989
1.62357
1.70577
1.78629
1.86495
1.94156
2.01598
2.08805
2.15767
2.22472
2.28912
2.35081
2.43811
2.49279
2.54461
2.59356
2.63962
2.68279
2.72307
2.76045
2.79494
2.82654
2.85525
2.88109
2.90405
2.92414
2.94136
2.96183
2.97191
2.97914
2.98351
2.98504
2.98373
2.97957
2.97257
2.96273
2.95006
2.93455
2.90598
2.88341
2.85801
2.82979
2.79876
2.76492
2.72828
2.68884
2.6466
2.57801
2.52882
2.47684
2.42211
2.36461
2.30436
2.24136
2.17563
2.1072
1.99957
1.9246
1.8472
1.7675
1.68567
1.55934
1.51638
1.38531
1.29638
1.20647
1.11582
1.02464
0.933187
0.795998
0.704884
0.614332
0.524576
0.435854
0.348402
0.262445
0.178192
0.0958405
0.0155716
-0.0624523
-0.174988
-0.211239
-0.316044
-0.34963
-0.446238
-0.507122
-0.565151
-0.620304
-0.672565
-0.721928
-0.790524
-0.832623
-0.871819
-0.908117
-0.941521
-0.972038
-0.999674
-1.02443
-1.04632
-1.06534
-1.0815
-1.0948
-1.10525
-1.11285
-1.11891
-1.11939
-1.11703
-1.11183
-1.1038
-1.09292
-1.07922
-1.06268
-1.04331
-1.02112
-0.996113
-0.968288
-0.937641
-0.904186
-0.867931
-0.828876
-0.787029
-0.742395
-0.694977
-0.644781
-0.591818
-0.536089
-0.477604
-0.41637
-0.352394
-0.285685
-0.216259
-0.14414
-0.0693836
0.00794029
0.087719
0.169819
0.254074
0.340286
0.428246
0.517719
0.608475
0.746483
0.839382
0.932713
0.979462
1.1197
1.21288
1.30551
1.39737
1.48822
1.5778
1.6659
1.75231
1.79481
1.8783
1.99943
2.07723
2.15254
2.22524
2.29525
2.36251
2.42696
2.48857
2.54731
2.60316
2.6561
2.70614
2.77575
2.81851
2.83881
2.89534
2.92941
2.96059
2.98889
3.01431
3.03687
3.06532
3.08072
3.09326
3.10295
3.10979
3.11378
3.11493
3.11324
3.10872
3.10135
3.09114
3.07811
3.06224
3.04355
3.02203
2.99768
2.97053
2.94055
2.90777
2.87218
2.83379
2.79261
2.74864
2.67747
2.65236
2.57286
2.51642
2.45721
2.39526
2.33058
2.26315
2.19302
2.12019
2.04471
1.96664
1.8861
1.80321
1.71813
1.63106
1.54221
1.45179
1.36006
1.22052
1.17361
1.03215
0.937521
0.842926
0.74861
0.654816
0.561789
0.469767
0.378992
0.289694
0.202085
0.116369
0.0327282
-0.0486794
-0.127703
-0.241518
-0.314102
-0.383961
-0.451031
-0.51528
-0.576666
-0.63517
-0.690775
-0.743471
-0.793255
-0.862471
-0.904976
-0.94458
-0.981285
-1.0151
-1.04602
-1.07406
-1.09923
-1.12153
-1.14097
-1.15754
-1.17126
-1.18212
-1.19014
-1.19531
-1.19773
-1.19712
-1.19376
-1.18757
-1.17854
-1.15968
-1.15198
-1.13446
-1.10287
-1.09094
-1.05089
-1.02068
-0.987654
-0.951834
-0.913208
-0.87179
-0.827583
-0.780594
-0.704905
-0.650986
-0.594305
-0.534872
-0.472692
-0.407774
-0.340124
-0.269758
-0.196699
-0.120989
-0.042696
0.0380802
0.121204
0.206514
0.293819
0.382902
0.51939
0.611967
0.752661
0.847349
0.942486
1.03784
1.13319
1.22828
1.32286
1.41669
1.50952
1.60111
