0
0
0
0
5.72242e-06
3.52854e-05
0.000182151
0.000600815
0.00149918
0.00309944
0.00562668
0.00929546
0.0142965
0.0208082
0.0289755
0.0389118
0.050705
0.064414
0.0800695
0.0976763
0.117218
0.138657
0.161946
0.187024
0.213823
0.242269
0.272284
0.303788
0.336698
0.370931
0.406402
0.461746
0.480721
0.519394
0.579049
0.599328
0.640412
0.682119
0.724359
0.78851
0.810059
0.875034
0.918509
0.962006
1.00543
1.04869
1.09169
1.13435
1.17656
1.21825
1.25932
1.29968
1.33924
1.37792
1.41564
1.45231
1.48786
1.52222
1.5553
1.58705
1.61739
1.64627
1.67362
1.69939
1.73496
1.74598
1.7667
1.78565
1.8028
1.82505
1.83153
1.84811
1.85676
1.86346
1.8682
1.87098
1.8718
1.87147
1.86755
1.86249
1.85551
1.84661
1.83583
1.8232
1.80874
1.79251
1.77453
1.75486
1.73354
1.71063
1.68618
1.66024
1.63288
1.60417
1.57415
1.54292
1.51053
1.47706
1.44258
1.40716
1.3709
1.33387
1.27705
1.25782
1.21896
1.15988
1.14002
1.08007
1.03991
1.01981
0.959525
0.919471
0.899515
0.840067
0.800892
0.76218
0.724017
0.686482
0.649658
0.61362
0.578445
0.544208
0.51098
0.478833
0.447837
0.418055
0.389549
0.362382
0.33661
0.312283
0.289454
0.268169
0.248472
0.22199
0.213997
0.199287
0.180466
0.170116
0.161544
0.154769
0.149801
0.146649
0.145315
0.145797
0.148088
0.152181
0.158058
0.165705
0.175099
0.186215
0.199025
0.213494
0.229589
0.247268
0.276667
0.28721
0.320994
0.345241
0.357861
0.384057
0.425629
0.440063
0.484975
0.500455
0.54829
0.581257
0.614999
0.64944
0.684504
0.738095
0.774374
0.810997
0.847886
0.884958
0.922131
0.959318
0.99644
1.03341
1.0884
1.10656
1.16041
1.17813
1.21313
1.24754
1.28127
1.33046
1.36224
1.37779
1.42304
1.45196
1.47981
1.50653
1.51945
1.55638
1.57941
1.60111
1.62142
1.64032
1.65775
1.67368
1.68808
1.70092
1.71216
1.7218
1.7298
1.73872
1.74086
1.74389
1.74525
1.74494
1.74296
1.73689
1.73405
1.72308
1.71861
1.7085
1.69041
1.68362
1.66891
1.64413
1.63517
1.60623
1.58529
1.56311
1.53972
1.51519
1.48957
1.46293
1.43533
1.40683
1.3775
1.34741
1.31664
1.28525
1.25331
1.22089
1.18807
1.15492
1.12151
1.0879
1.05418
1.02041
0.98666
0.953
0.919497
0.886222
0.853239
0.820615
0.788414
0.7567
0.725533
0.694978
0.650419
0.635938
0.607572
0.58005
0.553432
0.52777
0.491188
0.47953
0.446245
0.435734
0.415617
0.387792
0.379161
0.355269
0.341051
0.328234
0.316845
0.30691
0.298446
0.291471
0.286
0.282044
0.279607
0.278698
0.27932
0.281464
0.285126
0.290294
0.296955
0.305094
0.314685
0.325705
0.338125
0.351917
0.367045
0.383472
0.401158
0.420059
0.440132
0.461327
0.483595
0.506884
0.531139
0.569211
0.582323
0.609135
0.636679
0.679232
0.708332
0.723076
0.767989
0.783159
0.829146
0.844605
0.875669
0.906866
0.938128
0.969388
1.01612
1.03162
1.07779
1.1082
1.13825
1.16786
1.19699
1.22557
1.25354
1.28084
1.30742
1.33322
1.35819
1.38227
1.40542
1.42758
1.44873
1.46882
1.48781
1.50568
1.52238
1.5452
1.55219
1.56524
1.57703
1.58752
1.5967
1.60798
1.61107
1.61623
1.62002
1.62312
1.62347
1.62245
1.62005
1.61628
1.61116
1.60469
1.5969
1.58276
1.57741
1.56576
1.54599
1.53133
1.51551
1.49858
1.48058
1.46155
1.44155
1.4206
1.39876
1.37609
1.35262
1.31605
1.30352
1.278
1.2519
1.22527
1.19819
1.1707
1.12884
1.11475
1.08641
1.04362
1.01499
0.98635
0.957766
0.929296
0.901002
0.872946
0.845187
0.817789
0.790812
0.764311
0.738348
0.712976
0.688254
0.664231
0.640962
0.618494
0.596876
0.576151
0.556364
0.537554
0.519759
0.503018
0.487364
0.465986
0.45318
0.44156
0.431146
0.42196
0.414021
0.407341
0.401936
0.397814
0.394983
0.39345
0.393214
0.394275
0.396627
0.400262
0.405167
0.411326
0.418725
0.427341
0.43715
0.454052
0.466735
0.480515
0.495359
0.511234
0.528103
0.545925
0.56466
0.584265
0.604692
0.625895
0.647824
0.670428
0.693657
0.729553
0.754108
0.766553
0.804468
0.830158
0.856117
0.882281
0.908594
0.934999
0.961432
0.987839
1.01416
1.04033
1.06629
1.09198
1.11736
1.14237
1.16694
1.19103
1.21459
1.23758
1.25993
1.28162
1.3026
1.32283
1.34228
1.36091
1.37869
1.39559
1.41157
1.42662
1.44069
1.45377
1.46584
1.47686
1.49138
1.49568
1.50345
1.51011
1.51563
1.52178
1.52325
1.52533
1.52627
1.52601
1.52461
1.52206
1.51836
1.51353
1.50757
1.49656
1.48785
1.47809
1.47281
1.45546
1.44266
1.42889
1.41421
1.39863
1.3822
1.35604
1.33765
1.31855
1.29878
1.27839
1.25743
1.23594
1.21397
1.19157
1.16879
1.134
1.11048
1.08674
1.06284
1.03883
1.01475
0.990661
0.966613
0.954621
0.918855
0.895253
0.871905
0.848864
0.826179
0.803899
0.782073
0.760742
0.729775
0.709882
0.690637
0.67208
0.654252
0.637191
0.620931
0.60551
0.59096
0.577311
0.56459
0.552821
0.542026
0.532221
0.519407
0.515648
0.505928
0.503211
0.498569
0.494989
0.491619
0.491032
0.490876
0.491361
0.493131
0.495963
0.50219
0.507646
0.514128
0.521623
0.530111
0.539575
0.549989
0.56133
0.57357
0.586684
0.600637
0.615396
0.630929
0.647199
0.664168
0.681797
0.700045
0.718869
0.738231
0.768179
0.778381
0.809569
0.820139
0.841505
0.874029
0.884974
0.90698
0.929101
0.962393
0.98459
1.00673
1.02877
1.05066
1.07234
1.09379
1.11494
1.13575
1.15618
1.17619
1.19572
1.21476
1.23325
1.25117
1.26847
1.28512
1.3011
1.31637
1.3309
1.34465
1.35762
1.36976
1.38107
1.39151
1.40106
1.40973
1.41747
1.42429
1.43017
1.43719
1.43905
1.44317
1.44406
1.44511
1.44517
1.44344
1.44107
1.43952
1.43344
1.4282
1.42202
1.41493
1.40694
1.39806
1.38832
1.37774
1.36635
1.35417
1.34123
1.32757
1.31321
1.29818
1.28253
1.26629
1.24949
1.22334
1.21439
1.19616
1.16809
1.15856
1.12953
1.11972
1.09993
1.07997
1.04978
1.02956
1.01943
0.999193
0.968925
0.948869
0.928966
0.909258
0.88979
0.8706
0.851731
0.833224
0.815117
0.797448
0.780254
0.763574
0.747438
0.731883
0.716938
0.702634
0.688998
0.676058
0.663838
0.652363
0.641653
0.631724
0.622599
0.614287
0.606805
0.600164
0.594376
0.58945
0.585395
0.582216
0.579103
0.578136
0.577986
0.578349
0.579598
0.583124
0.584737
0.590874
0.596034
0.602036
0.608865
0.616505
0.624938
0.634147
0.644108
0.654798
0.666191
0.678262
0.690982
0.704321
0.718248
0.732732
0.74774
0.763237
0.779187
0.795555
0.812306
0.829401
0.846802
0.873392
0.882366
0.909552
0.927845
0.937028
0.964663
0.983106
1.00152
1.01986
1.03808
1.05615
1.07402
1.09165
1.10901
1.12605
1.14274
1.15905
1.17494
1.19038
1.20534
1.21979
1.2337
1.24705
1.25981
1.27196
1.28348
1.29434
1.30452
1.31402
1.32281
1.33088
1.3382
1.34478
1.3532
1.35562
1.35987
1.36332
1.36598
1.36845
1.36887
1.3691
1.36852
1.36615
1.36495
1.36197
1.35601
1.35107
1.34537
1.33891
1.33173
1.32786
1.31522
1.30593
1.29599
1.28541
1.27423
1.26246
1.25014
1.23729
1.22394
1.21012
1.19587
1.18121
1.16618
1.15081
1.13515
1.11921
1.10304
1.08667
1.07015
1.0535
1.03676
1.01997
1.00317
0.98639
0.969667
0.953038
0.928354
0.920214
0.896115
0.888205
0.864892
0.849738
0.834931
0.820505
0.813442
0.792907
0.779798
0.767185
0.755098
0.743564
0.732605
0.722242
0.712494
0.703377
0.694906
0.687098
0.679963
0.673514
0.667764
0.66272
0.658393
0.654792
0.651923
0.649787
0.648389
0.647731
0.647816
0.64864
0.65126
0.6525
0.657307
0.659268
0.663723
0.671717
0.6779
0.684752
0.692256
0.700394
0.709148
0.718497
0.728421
0.738896
0.749897
0.7614
0.773377
0.785801
0.798644
0.811877
0.82547
0.839389
0.853608
0.868093
0.882812
0.897731
0.912819
0.928041
0.943367
0.958761
0.974191
0.989621
1.00502
1.02035
1.03559
1.05069
1.07303
1.08767
1.09489
1.11617
1.12999
1.14347
1.1566
1.16935
1.18169
1.19359
1.20502
1.21597
1.2264
1.23629
1.24563
1.25439
1.26256
1.27011
1.27705
1.28335
1.28899
1.29398
1.29831
1.30196
1.30493
1.30723
1.30884
1.30977
1.31002
1.30911
1.30766
1.30554
1.30275
1.29931
1.29522
1.29048
1.28512
1.27914
1.27256
1.2654
1.25358
1.24503
1.23595
1.22637
1.21632
1.2058
1.19486
1.18351
1.17178
1.15969
1.14728
1.13457
1.12159
1.10836
1.09492
1.08129
1.06749
1.05357
1.03954
1.02544
1.0113
0.997144
0.983006
0.961894
0.94793
0.934091
0.920405
0.906904
0.893615
0.880564
0.867778
0.855285
0.843113
0.831287
0.819835
0.808781
0.79815
0.787965
0.778248
0.76902
0.760303
0.748219
0.744466
0.734053
0.727834
0.722208
0.719622
0.712781
0.710811
0.705842
0.703322
0.701443
0.700207
0.699615
0.699669
0.700364
0.701699
0.703671
0.70627
0.709493
0.713329
0.717767
0.725527
0.731418
0.737868
0.744859
0.752376
0.764596
0.768914
0.777901
0.787336
0.7972
0.807468
0.823578
0.834751
0.84046
0.858027
0.870078
0.882365
0.894863
0.907543
0.920377
0.933334
0.946387
0.959505
0.972665
0.985837
0.998996
1.01211
1.02517
1.04456
1.05733
1.06994
1.08237
1.09458
1.10656
1.11828
1.12972
1.14085
1.15165
1.16211
1.17707
1.18654
1.19112
1.20417
1.20829
1.21991
1.22704
1.23364
1.23971
1.24523
1.2502
1.25459
1.25841
1.26165
