0
5.72242e-06
2.28884e-05
3.43319e-05
4.57768e-05
7.31947e-05
0.000138044
0.000300646
0.000439406
0.00119424
0.00206781
0.00331378
0.00498819
0.0071373
0.00979757
0.0129948
0.0167463
0.0210602
0.0259397
0.0313797
0.0373719
0.0439043
0.0509622
0.0585291
0.0665879
0.0751209
0.0841098
0.0935366
0.103384
0.113634
0.124271
0.135278
0.146639
0.158339
0.170363
0.182696
0.195323
0.214784
0.228085
0.241631
0.255409
0.262381
0.269405
0.297996
0.312564
0.327295
0.342177
0.357195
0.372336
0.387589
0.402939
0.418375
0.433885
0.449455
0.465074
0.480729
0.496408
0.5121
0.527795
0.551315
0.566964
0.574776
0.598145
0.613656
0.6291
0.644469
0.659752
0.67494
0.690024
0.704995
0.719844
0.734563
0.749143
0.763579
0.777863
0.791988
0.80595
0.819741
0.833357
0.853437
0.866588
0.879543
0.892296
0.90484
0.917171
0.929281
0.94702
0.958552
0.969844
0.98089
0.991686
1.00223
1.01251
1.02254
1.0323
1.04181
1.05105
1.06003
1.06875
1.07721
1.08542
1.09337
1.10107
1.10852
1.11573
1.12269
1.12941
1.13589
1.14213
1.15106
1.15392
1.15947
1.16736
1.17233
1.17708
1.1816
1.18589
1.18995
1.19561
1.19909
1.20234
1.20536
1.20814
1.21069
1.21301
1.21509
1.21695
1.21857
1.21997
1.22115
1.2221
1.22284
1.22337
1.22368
1.22379
1.22369
1.2234
1.22291
1.22181
1.22085
1.21971
1.21839
1.2169
1.21524
1.21342
1.21144
1.2093
1.20701
1.20458
1.202
1.19929
1.19644
1.19347
1.18877
1.18549
1.18381
1.18037
1.17501
1.17131
1.16751
1.16363
1.16166
1.15561
1.15149
1.14729
1.14304
1.13873
1.13436
1.12996
1.12552
1.12105
1.11655
1.11204
1.10751
1.10296
1.09841
1.09386
1.0893
1.08475
1.08021
1.07567
1.07115
1.06664
1.06215
1.05768
1.05324
1.04882
1.04223
1.04006
1.03356
1.03142
1.02503
1.02081
1.01663
1.01249
1.0084
1.00434
1.00032
0.996354
0.992429
0.988548
0.982816
0.979053
0.975339
0.971673
0.968056
0.964488
0.96097
0.957502
0.954083
0.950716
0.947398
0.944132
0.940915
0.93775
0.934635
0.931572
0.92856
0.9256
0.922691
0.919834
0.915647
0.914277
0.910248
0.907628
0.905061
0.902549
0.90009
0.897685
0.895335
0.893041
0.890801
0.888618
0.88649
0.884419
0.882404
0.879489
0.878546
0.876704
0.874047
0.872349
0.871521
0.869126
0.867602
0.866862
0.864728
0.863379
0.862088
0.860855
0.859681
0.858565
0.857506
0.856506
0.855563
0.854677
0.853849
0.853077
0.852362
0.851703
0.851099
0.850551
0.850058
0.849619
0.849234
0.848902
0.848622
0.848394
0.848217
0.848046
0.847994
0.847991
0.848035
0.848127
0.848265
0.848449
0.848677
0.848949
0.849264
0.849621
0.85002
0.850693
0.850937
0.851454
0.8523
0.852908
0.853553
0.854231
0.854942
0.855685
0.85646
0.857264
0.858097
0.858958
0.859845
0.860759
0.861697
0.863149
0.863644
0.865162
0.866199
0.867256
0.86833
0.869422
0.870529
0.871651
0.872788
0.873938
0.875099
0.876271
0.877454
0.878645
0.879844
0.88105
0.88287
0.884089
0.885313
0.886539
0.887767
0.888997
0.890227
0.891458
0.892686
0.893914
0.895139
0.89636
0.897578
0.898792
0.900001
0.901204
0.902401
0.904183
0.905362
0.906533
0.907694
0.908847
0.909989
0.911121
0.912243
0.913353
0.914451
0.916076
0.916611
0.917672
0.919238
0.919753
0.920773
0.921778
0.923259
0.924227
0.924705
0.926117
0.927039
0.927495
0.928836
0.92971
0.930568
0.93141
0.932235
0.933043
0.933835
0.934611
0.935369
0.936111
0.936836
0.937545
0.938237
0.938913
0.939572
0.940216
0.940842
0.941453
0.942047
0.942626
0.943188
0.943735
0.944266
0.944782
0.945282
0.946001
0.946462
0.946908
0.94734
0.947757
0.948158
0.948545
0.949099
0.949277
0.949788
0.950112
0.950422
0.950718
0.951001
0.951271
0.951528
0.951771
0.952003
0.952222
0.952429
0.952623
0.952806
0.952977
0.953212
0.953356
0.953423
0.95355
0.953721
0.953822
0.953913
0.953994
0.954066
0.954128
0.95418
0.954225
0.95426
0.954286
0.954304
0.954314
0.954316
0.954311
0.954297
0.954277
0.954249
0.954215
0.954173
0.954125
0.954071
0.954011
0.953909
0.953873
0.953795
0.953712
0.953578
0.953482
0.953382
0.953278
0.953169
0.953055
0.952938
0.952817
0.952692
0.952564
0.952433
0.952298
0.952161
0.952021
0.951878
0.951733
0.951586
0.951436
0.951285
0.951055
0.950899
0.950742
0.950584
0.950424
0.950264
0.950102
0.94994
0.949777
0.949613
0.949367
0.949203
0.949039
0.948875
0.948711
0.948547
0.948383
0.948221
0.948059
0.947897
0.947737
0.947576
0.947418
0.94726
0.947104
0.946949
0.946795
0.946567
0.946492
0.946343
0.946122
0.94605
0.945835
0.945694
0.945555
0.945418
0.945283
0.945151
0.94502
0.944892
0.944767
0.944644
0.944523
0.944406
0.94429
0.944177
0.944067
0.94396
0.943855
0.943753
0.943654
0.943558
0.943465
0.943374
0.943287
0.943202
0.943121
0.943042
0.942967
0.94286
0.942825
0.942759
0.942696
0.942636
0.942552
0.942525
0.94245
0.942403
0.94236
0.94232
0.942283
0.942249
0.942218
0.942191
0.942166
0.942144
0.942126
0.942111
0.942098
0.942089
0.942082
0.942079
0.942078
0.94208
0.942086
0.942094
0.942105
0.942119
0.942135
0.942155
0.942177
0.942202
0.942229
0.942259
0.942292
0.942328
0.942366
0.942428
0.942473
0.94252
0.942569
0.942621
0.942675
0.942731
0.94279
0.942851
0.942914
0.94298
0.943048
0.943117
0.943189
0.943263
0.943339
0.943417
0.943496
0.943578
0.943661
0.943746
0.943877
0.943922
0.944058
0.944104
0.944245
0.944341
0.944438
0.944488
0.944638
0.944739
0.944842
0.944947
0.945052
0.945159
0.945267
0.945376
0.945486
0.945597
0.945709
0.945822
0.945936
0.946051
0.946109
0.946284
0.946401
0.94652
0.946638
0.946758
0.946878
0.946999
0.947121
0.947243
0.947365
0.947489
0.947675
0.947799
0.947861
0.948049
0.948112
0.948237
0.948426
0.948552
0.948678
0.948804
0.94893
0.949056
0.949184
0.949312
0.94944
0.949568
0.949695
0.949823
0.94995
0.950076
0.950202
0.950327
0.950453
0.950579
0.950705
0.950831
0.950957
0.951082
0.951268
0.95133
0.951516
0.951578
0.951702
0.951825
0.951947
0.95213
0.952191
0.952373
0.952433
0.952613
0.952733
0.952851
0.95297
0.953088
0.953205
0.953321
0.953438
0.953554
0.953668
0.953783
0.953897
0.954009
0.954122
0.954234
0.954345
0.954455
0.954565
0.954674
0.954783
0.954891
0.954998
0.955104
0.95521
0.955315
0.95542
0.955575
0.955627
0.955781
0.955882
0.955983
0.956083
0.956182
0.956282
0.95638
0.956477
0.956574
0.95667
0.956765
0.95686
0.956954
0.957047
0.95714
0.957232
0.957323
0.957458
0.957503
0.957593
0.957681
0.957812
0.957899
0.957985
0.958071
0.958155
0.958239
0.958364
0.958446
0.958528
0.958609
0.958689
0.95877
0.958849
0.958927
0.959045
0.959122
0.959198
0.959275
0.95935
0.959425
0.959499
0.959574
0.959646
0.959719
0.959791
0.959863
0.959934
0.960004
0.960075
0.960145
0.960213
0.960282
0.960351
0.960418
0.960485
0.960552
0.960618
0.960684
0.960749
0.960814
0.960911
0.960944
0.961007
0.96107
0.961133
0.961227
0.961259
0.96132
0.961381
0.961442
0.961533
0.961564
0.961653
0.961712
0.961742
0.961831
0.96189
0.961948
0.962006
0.962063
0.96212
0.962177
0.962234
0.96232
0.962348
0.962403
0.962459
0.962514
0.962597
0.962652
0.962708
0.962763
0.962816
0.96287
0.962923
0.962976
0.96303
0.963083
0.963137
0.963217
0.96327
0.963323
0.963374
0.963426
0.963477
0.963529
0.96358
0.963632
0.963683
0.963735
0.963786
0.963838
0.963889
0.963941
0.963992
0.96407
0.964121
0.964171
0.964221
0.96427
0.96432
0.964369
0.964419
0.964468
0.964518
0.964568
0.964617
0.964667
0.964716
0.964766
0.964816
0.964865
0.964915
0.964964
0.965014
0.965064
0.965113
0.965163
0.965212
0.965262
0.965312
0.965361
0.965436
0.965485
0.96551
0.965584
0.965634
0.965683
0.965733
0.965783
0.965832
0.965882
0.965931
0.965981
0.966031
0.96608
0.96613
0.966204
0.966254
0.966303
0.966353
0.966403
0.966452
0.966502
0.966551
0.966601
0.96665
0.9667
0.96675
0.966799
0.966874
0.966923
0.966973
0.967022
0.967072
0.967122
0.967171
0.967221
0.96727
0.96732
0.96737
0.967444
0.967494
0.967518
0.967593
0.967618
0.967692
0.967741
0.967766
0.967841
0.967865
0.96794
0.967989
0.968039
0.968089
0.968138
0.968188
0.968237
0.968287
0.968337
0.968386
0.968461
0.96851
0.96856
0.968609
0.968634
0.968709
0.968758
0.968808
0.968857
0.968907
0.968956
0.969006
0.969056
0.969105
0.969155
0.969204
0.969254
0.969304
0.969353
0.969403
0.969452
0.969527
0.969576
0.969626
0.969676
0.969725
0.969775
0.969824
0.969874
0.969923
0.969973
0.970023
0.970072
0.970147
0.970196
0.970246
0.970295
0.970345
0.970395
0.970444
0.970494
0.970568
0.970618
0.970667
0.970717
0.970767
0.970816
0.970866
0.970915
0.970965
0.971014
0.971064
0.971138
0.971188
0.971213
0.971262
0.971337
0.971386
0.971436
0.971485
0.971533
0.97158
0.971628
0.971676
0.971723
0.971771
0.971819
0.971866
0.971914
0.971962
0.972009
0.972057
0.972105
0.972152
0.9722
0.972248
0.972296
0.972367
0.972415
0.972462
0.97251
0.972558
0.972605
0.972653
0.972701
0.972772
0.97282
0.972868
0.972914
0.97296
0.973005
0.973051
0.973097
0.973143
0.973188
0.973234
0.973303
0.973349
0.973394
0.97344
0.973486
0.973532
0.973577
0.973623
0.973669
0.973715
0.973761
0.973806
0.973852
0.973898
0.973944
0.973989
0.974035
0.974079
0.974123
0.974166
0.97421
0.974254
0.974298
0.974342
0.974386
0.97443
0.974473
0.974517
0.974561
0.974627
0.974649
0.974693
0.974759
