0
-7.05722e-05
-0.000131608
-0.000192642
-0.000253678
-0.000293732
-0.000215531
0.000148773
0.00101662
0.0026226
0.00522041
0.00904846
0.0175934
0.0254669
0.0353012
0.047266
0.0615044
0.0781479
0.0972958
0.119028
0.143389
0.170395
0.200035
0.232269
0.267038
0.304255
0.343815
0.407291
0.452181
0.475346
0.523029
0.59766
0.623291
0.702164
0.729053
0.7836
0.867044
0.923513
0.980459
1.03771
1.1238
1.18108
1.23808
1.29463
1.37829
1.40578
1.46007
1.53944
1.56527
1.64061
1.68883
1.73527
1.77977
1.8222
1.8624
1.90027
1.9357
1.9686
2.01305
2.03932
2.06285
2.08361
2.10156
2.11669
2.12899
2.13843
2.14503
2.14876
2.14964
2.14765
2.14281
2.1351
2.12454
2.11112
2.09485
2.06511
2.04173
2.01551
1.98647
1.95462
1.91998
1.88262
1.84258
1.79994
1.75481
1.68265
1.65746
1.6055
1.55152
1.49567
1.40871
1.34886
1.28769
1.22537
1.19384
1.09802
1.03335
0.968245
0.902918
0.837557
0.77236
0.707518
0.643217
0.579657
0.517027
0.425238
0.395309
0.336594
0.279552
0.1975
0.145372
0.0954723
0.0479221
0.00283432
-0.0397015
-0.0796013
-0.11681
-0.151276
-0.182961
-0.211836
-0.237879
-0.261076
-0.281418
-0.306561
-0.319744
-0.330059
-0.337505
-0.342089
-0.343809
-0.342669
-0.338669
-0.331814
-0.322104
-0.309546
-0.29414
-0.275892
-0.254805
-0.230881
-0.20413
-0.158705
-0.142153
-0.106943
-0.0689259
-0.0066433
0.0155106
0.061882
0.11097
0.162708
0.21701
0.303032
0.36322
0.425501
0.489706
0.555656
0.623161
0.692041
0.76211
0.833179
0.941236
1.01397
1.08701
1.16018
1.23325
1.30604
1.41423
1.48538
1.55551
1.62441
1.69186
1.75766
1.82163
1.88359
1.94338
2.00086
2.05591
2.10843
2.15833
2.20553
2.25
2.31146
2.33053
2.36655
2.39971
2.44407
2.47005
2.49316
2.51339
2.53075
2.54524
2.55686
2.56561
2.5715
2.57454
2.57373
2.57204
2.56651
2.55288
2.54024
2.52476
2.50644
2.48528
2.44825
2.43449
2.40487
2.37242
2.33716
2.2991
2.25823
2.1917
2.14386
2.09324
2.03985
1.9837
1.92484
1.8633
1.79916
1.73255
1.6636
1.59246
1.51934
1.44443
1.36794
1.25075
1.17131
1.0911
1.01034
0.929266
0.848104
0.767097
0.686478
0.606487
0.527363
0.449339
0.372643
0.297495
0.224102
0.152651
0.0833187
0.0162525
-0.0484104
-0.110563
-0.170109
-0.226969
-0.281084
-0.332407
-0.380903
-0.448294
-0.469322
-0.509216
-0.546227
-0.580347
-0.626112
-0.639925
-0.665388
-0.687973
-0.716457
-0.731861
-0.744402
-0.754082
-0.757851
-0.764877
-0.765997
-0.764267
-0.759691
-0.752272
-0.74201
-0.72891
-0.712975
-0.694206
-0.672611
-0.64819
-0.620945
-0.590883
-0.540518
-0.522326
-0.463549
-0.442556
-0.398483
-0.32715
-0.301983
-0.222324
-0.194387
-0.106445
-0.075758
-0.0123367
0.0537777
0.12253
0.230404
0.305298
0.382389
0.461494
0.542406
0.624905
0.708752
0.793701
0.879498
0.965885
1.05261
1.13941
1.22604
1.31224
1.39779
1.48243
1.56595
1.64811
1.72869
1.80748
1.92191
1.95897
2.03134
2.10129
2.1687
2.23349
2.32556
2.35487
2.41137
2.49077
2.51581
2.58658
2.63015
2.67082
2.70859
2.74347
2.77545
2.81801
2.83076
2.86469
2.87456
2.88371
2.90689
2.91876
2.93122
2.93596
2.93785
2.93689
2.9331
2.92646
2.91698
2.90466
2.88951
2.87153
2.85072
2.82709
2.80063
2.77136
2.73928
2.70439
2.66669
2.60491
2.58292
2.51277
2.46253
2.40952
2.35375
2.29522
2.23394
2.16991
2.10316
2.03368
1.96153
1.88674
1.8094
1.72963
1.64757
1.56342
1.47738
1.38968
1.30057
1.16481
1.11913
0.981243
0.935114
0.842796
0.750612
0.613167
0.522457
0.432785
0.344395
0.257519
0.172382
0.0891819
0.00810051
-0.0707092
-0.184353
-0.256907
-0.326788
-0.393925
-0.458263
-0.519766
-0.606634
-0.660931
-0.712322
-0.760803
-0.806374
-0.849033
-0.888788
-0.942982
-0.975496
-1.00512
-1.03187
-1.05574
-1.07674
-1.09488
-1.11016
-1.12258
-1.13214
-1.13886
-1.14274
-1.14377
-1.14195
-1.1373
-1.12981
-1.11948
-1.10632
-1.09032
-1.0715
-1.04986
-1.02539
-0.983402
-0.9519
-0.917591
-0.880474
-0.840565
-0.797861
-0.752373
-0.704102
-0.653057
-0.599245
-0.513353
-0.452654
-0.38921
-0.32303
-0.218649
-0.145666
-0.10816
-0.0311375
0.0485363
0.172873
0.25882
0.302654
0.391928
0.529451
0.623194
0.718279
0.81443
0.911377
1.00883
1.10653
1.20419
1.30153
1.39828
1.49417
1.58896
1.72856
1.81957
1.9087
1.99577
2.0806
2.16305
2.28199
2.358
2.43127
2.50175
2.5694
2.63418
2.69606
2.75504
2.83805
2.88973
2.93849
2.98434
3.02728
3.06731
3.10444
3.13868
3.17003
3.19851
3.23582
3.25712
3.27556
3.29114
3.30387
3.31375
3.32078
3.32497
3.32631
3.32482
3.32049
3.31333
3.29726
3.28301
3.26594
3.24603
3.22331
3.19777
3.16941
3.13824
3.10427
3.06749
3.00708
2.98555
2.91678
2.86746
2.81537
2.76052
2.70291
2.64254
2.57944
2.5136
2.40972
2.37374
2.29974
2.18367
2.10294
2.06157
1.97684
1.88952
1.75383
1.70742
1.56491
1.46744
1.41806
1.26773
1.16603
1.06347
0.960333
0.856924
0.753525
0.650423
0.547901
0.446239
0.345697
0.246532
0.148979
0.0532608
-0.0864506
-0.176767
-0.264656
-0.349991
-0.432674
-0.512623
-0.589771
-0.66407
-0.735485
-0.803991
-0.901266
-0.962444
-1.02069
-1.07599
-1.12836
-1.17781
-1.22434
-1.28867
-1.32793
-1.3643
-1.39777
-1.42837
-1.4561
-1.48095
-1.50294
-1.52208
-1.53836
-1.55179
-1.56237
-1.57011
-1.57639
-1.57707
-1.57629
-1.57267
-1.56193
-1.55123
-1.53771
-1.52135
-1.50217
-1.48017
-1.45535
-1.41284
-1.39727
-1.34635
-1.3089
-1.26865
-1.22561
-1.1798
-1.1312
-1.07983
-1.0257
-0.968813
-0.909174
-0.846788
-0.781668
-0.713818
-0.643246
-0.569963
-0.493977
-0.415295
-0.333927
-0.206861
-0.118822
-0.0281467
0.065134
0.160946
0.259192
0.35972
0.462332
0.56679
0.672812
0.780107
0.888363
0.997267
1.10651
1.27033
1.32477
1.43321
1.59419
1.70002
1.80436
1.907
2.00772
2.10634
2.20269
2.29663
2.38802
2.47676
2.56278
2.64599
2.72635
2.80382
2.87838
2.9847
3.01867
3.0844
3.14718
3.23582
3.29124
3.34373
3.39329
3.43994
3.48368
3.52451
3.56245
3.59751
3.62968
3.67257
3.69757
3.71971
3.739
3.75543
3.76902
3.77977
3.78767
3.79273
3.79496
3.79298
3.78811
3.78042
3.7699
3.75654
3.74036
3.72136
3.69954
3.6749
3.64744
3.61718
3.58411
3.54824
3.48919
3.44635
3.40071
3.35231
3.30113
3.24718
3.19048
3.13103
3.06883
2.9704
2.93623
2.82964
2.79276
2.67805
2.59822
2.5157
2.43051
2.34266
2.25215
2.15901
2.06326
1.96492
1.86407
1.76083
1.65534
1.49334
1.38319
1.27166
1.15905
1.04566
0.931826
0.817854
0.704067
0.590776
0.47827
0.366821
0.256683
0.148094
0.0412674
-0.0635929
-0.166307
-0.266712
-0.364668
-0.460052
-0.552767
-0.642723
-0.729862
-0.814135
-0.895502
-0.97394
-1.04943
-1.12196
-1.19154
-1.25815
-1.32181
-1.38251
-1.44028
-1.4951
-1.547
-1.59597
-1.66398
-1.6852
-1.74452
-1.78045
-1.81351
-1.84369
-1.87101
-1.89547
-1.91707
-1.93582
-1.95172
-1.96477
-1.97498
-1.98236
-1.98689
-1.9886
-1.98746
-1.9835
-1.9767
-1.96707
-1.95462
-1.93934
-1.92123
-1.90031
-1.87657
-1.85001
-1.82065
-1.78848
-1.75351
-1.71574
-1.67518
-1.60911
-1.5368
-1.51131
-1.43069
-1.40244
-1.31356
-1.25088
-1.18546
-1.11732
-1.08223
-0.972891
-0.896618
-0.817654
-0.736004
-0.651682
-0.564697
-0.475056
-0.382771
-0.287853
-0.190313
-0.0901699
0.012537
0.117743
0.225336
0.335171
0.447042
0.560709
0.67589
0.792278
0.909561
1.02741
1.14551
1.26355
1.38119
1.49817
1.55632
1.72904
1.84244
1.95418
2.06408
2.17194
2.27759
2.38089
2.4817
2.57991
2.67543
2.76818
2.85809
2.94513
3.02925
3.11043
3.22667
3.26393
3.37128
3.40558
3.50404
3.56598
3.62498
3.68105
3.73418
3.78439
3.8317
3.8761
3.9176
3.95621
3.99195
4.02481
4.05479
4.08192
4.10618
4.13723
4.15436
4.16187
4.17474
4.18872
4.19449
4.19743
4.19754
4.19481
4.18925
4.18086
4.16965
4.15561
4.13874
4.11906
4.09656
4.07123
4.0431
4.01217
3.96051
3.92257
3.88185
3.86044
3.79204
3.76786
3.69114
3.63655
3.5792
3.5191
3.45626
3.39069
3.32239
3.25137
3.13977
3.06199
2.98153
2.89839
2.81259
2.72412
2.63301
2.53925
2.44287
2.34387
2.24227
2.08502
2.03133
1.92208
1.81042
1.63871
1.52172
1.40303
1.28293
1.16174
1.03979
0.917425
0.794958
0.672709
0.550968
0.430017
0.31011
0.191479
0.0743504
-0.0410805
-0.210638
-0.266111
-0.375381
-0.482296
-0.586727
-0.738476
-0.836248
-0.931223
-1.02335
-1.11258
-1.19888
-1.28224
-1.36263
-1.44007
-1.55065
-1.62066
-1.68771
-1.7518
-1.81294
-1.87115
-1.92642
-1.97877
-2.02821
-2.07474
-2.1391
-2.1784
-2.21481
-2.24835
-2.27903
-2.30684
-2.33179
-2.35389
-2.38169
-2.39668
-2.40882
-2.41812
-2.42459
-2.42822
-2.42902
-2.42699
-2.42212
-2.41443
-2.40391
-2.39057
-2.3744
-2.35541
-2.3336
-2.30898
-2.28155
-2.2513
-2.21826
-2.18242
-2.14378
-2.0806
-2.05815
-2.01116
-1.9614
-1.90887
-1.82491
-1.7655
-1.70334
-1.63845
-1.57083
-1.5005
-1.42745
-1.3517
-1.27325
-1.19212
-1.10832
-1.02185
-0.932724
-0.840952
-0.746546
-0.600018
-0.499071
-0.447622
-0.342781
-0.180693
-0.0694466
0.0442848
0.160408
0.27878
0.399212
0.521458
0.645227
0.770197
0.896021
1.02234
1.14882
1.27513
1.40097
1.52606
1.65014
1.77299
1.89438
2.01412
2.19025
2.30511
2.41776
2.52804
2.58226
2.74106
2.84361
2.94339
3.04036
3.13446
3.22566
3.35695
3.39923
3.52163
3.59952
