0
0.000167847
0.000335694
0.000503541
0.00066185
0.000822067
0.00104523
0.00146103
0.00226402
0.00369072
0.00598717
0.00939751
0.0141582
0.0243092
0.0285988
0.0445042
0.0508862
0.0653801
0.0916672
0.112375
0.135723
0.148405
0.190557
0.222113
0.25643
0.293484
0.33322
0.375553
0.420387
0.467587
0.517012
0.568501
0.62188
0.676979
0.733624
0.791637
0.850842
0.911055
0.972097
1.03378
1.09591
1.15829
1.22073
1.31405
1.34497
1.40635
1.46698
1.55606
1.58516
1.64229
1.69786
1.77787
1.82872
1.85334
1.92379
1.94607
2.00917
2.048
2.08414
2.11756
2.14821
2.17605
2.20106
2.22323
2.24255
2.25901
2.27259
2.28332
2.29118
2.29617
2.2983
2.29756
2.29396
2.28751
2.2782
2.26604
2.25103
2.23317
2.21247
2.18894
2.16258
2.13339
2.08431
2.06655
2.00904
1.96719
1.92255
1.87511
1.8249
1.77192
1.71622
1.65785
1.5969
1.5335
1.46778
1.3999
1.33006
1.25847
1.18535
1.11092
1.03541
0.92063
0.882082
0.804737
0.727257
0.649878
0.572847
0.49641
0.420815
0.346302
0.237082
0.166292
0.131582
0.030468
-0.0342236
-0.0965672
-0.156443
-0.213747
-0.294706
-0.345253
-0.393005
-0.437925
-0.479994
-0.519194
-0.555515
-0.588951
-0.619501
-0.647163
-0.671944
-0.693844
-0.712864
-0.729015
-0.742298
-0.752712
-0.756847
-0.764963
-0.766806
-0.765795
-0.761934
-0.755226
-0.739834
-0.733282
-0.709372
-0.689888
-0.667576
-0.642439
-0.614477
-0.583698
-0.550106
-0.513706
-0.474504
-0.432507
-0.387718
-0.340143
-0.289789
-0.236664
-0.180771
-0.122118
-0.0607166
0.00343132
0.0703125
0.139917
0.212221
0.287178
0.364708
0.404406
0.527016
0.654388
0.74157
0.830256
0.920172
1.01103
1.10254
1.1944
1.28631
1.37795
1.46902
1.55924
1.64832
1.736
1.82204
1.94755
2.02858
2.10731
2.18359
2.25731
2.32836
2.4298
2.49392
2.55517
2.61354
2.66902
2.72158
2.77123
2.81796
2.86177
2.90267
2.94067
2.97576
3.00796
3.03727
3.0637
3.08726
3.10794
3.12576
3.14713
3.15282
3.16563
3.16848
3.17275
3.17204
3.16849
3.1621
3.15287
3.14081
3.12591
3.10819
3.08764
3.06427
3.02392
2.99351
2.96028
2.92425
2.88543
2.84381
2.7994
2.75221
2.70224
2.6495
2.56521
2.53574
2.4432
2.37809
2.31024
2.23967
2.16638
2.09039
1.97135
1.93033
1.84629
1.7596
1.67031
1.57851
1.4364
1.339
1.23975
1.13893
1.03686
0.933842
0.830219
0.72633
0.62252
0.519117
0.416441
0.314789
0.214439
0.115648
0.018652
-0.123018
-0.214663
-0.303879
-0.390543
-0.474552
-0.555815
-0.634268
-0.709864
-0.81782
-0.886133
-0.951508
-1.01394
-1.07342
-1.12996
-1.18356
-1.23422
-1.28197
-1.34811
-1.38857
-1.42613
-1.4608
-1.49259
-1.5215
-1.55948
-1.57071
-1.59102
-1.61613
-1.62931
-1.63964
-1.64713
-1.65178
-1.65359
-1.65256
-1.64869
-1.64199
-1.63246
-1.62009
-1.6049
-1.57681
-1.56604
-1.5295
-1.50161
-1.47092
-1.43742
-1.40112
-1.36203
-1.32014
-1.27547
-1.22802
-1.17779
-1.09727
-1.04014
-0.980259
-0.917635
-0.852276
-0.784189
-0.713383
-0.639866
-0.563648
-0.48473
-0.40313
-0.318857
-0.231918
-0.142323
-0.0500832
0.0447884
0.142281
0.242367
0.344994
0.450069
0.611967
0.72245
0.834671
0.948315
1.06305
1.17852
1.29436
1.41023
1.52578
1.69779
1.81117
1.92322
2.03367
2.14232
2.24895
2.3534
2.50559
2.55506
2.69951
2.79239
2.88244
2.96962
3.05389
3.17478
3.25167
3.32559
3.39654
3.46452
3.52954
3.59159
3.6507
3.70687
3.76011
3.81041
3.85781
3.90229
3.94388
3.98258
4.01839
4.05133
4.09535
4.12112
4.14403
4.16409
4.1813
4.19566
4.20718
4.21586
4.22171
4.22515
4.22489
4.22223
4.21674
4.2032
4.19063
4.17525
4.15703
4.136
4.11216
4.08549
4.05602
4.02375
3.98867
3.9508
3.88877
3.84393
3.79631
3.74592
3.69277
3.63686
3.5782
3.51679
3.45265
3.38577
3.28036
3.20669
3.13033
3.05127
2.96953
2.88512
2.79805
2.70832
2.61595
2.47245
2.37352
2.27197
2.22023
2.06112
1.95183
1.83998
1.72563
1.60882
1.48968
1.36838
1.24513
1.12024
0.994034
0.866894
0.739197
0.611326
0.483639
0.356459
0.230083
0.104782
-0.0192013
-0.141632
-0.262306
-0.381031
-0.497633
-0.61195
-0.723843
-0.886864
-0.992189
-1.09473
-1.19443
-1.29123
-1.3851
-1.47601
-1.56394
-1.64888
-1.73084
-1.8098
-1.88577
-1.95876
-2.02877
-2.09582
-2.15991
-2.22105
-2.27926
-2.33453
-2.38688
-2.43632
-2.48286
-2.5265
-2.58655
-2.62298
-2.65654
-2.68724
-2.71508
-2.74006
-2.76218
-2.78146
-2.7979
-2.80505
-2.82225
-2.83307
-2.83675
-2.83752
-2.8356
-2.83354
-2.82731
-2.81266
-2.79936
-2.78324
-2.76431
-2.74255
-2.71798
-2.6906
-2.66041
-2.62743
-2.59164
-2.55306
-2.51169
-2.44443
-2.39611
-2.34503
-2.29118
-2.23458
-2.17523
-2.11314
-2.04832
-1.98076
-1.91049
-1.80001
-1.72298
-1.64327
-1.56087
-1.4758
-1.38807
-1.29769
-1.15718
-1.06021
-0.960642
-0.858465
-0.753698
-0.591711
-0.536432
-0.42396
-0.308943
-0.191395
-0.0103531
0.113457
0.239717
0.368351
0.499235
0.632185
0.766939
0.903189
1.04058
1.17876
1.31734
1.52522
1.59435
1.73215
1.86911
2.00498
2.13954
2.27257
2.40389
2.59728
2.72359
2.84763
2.96929
3.08843
3.20497
3.31881
3.42986
3.53808
3.6434
3.79587
3.8938
3.98875
4.0807
4.16964
4.25558
4.33852
4.41846
4.49541
4.56938
4.64037
4.70841
4.77349
4.83563
4.89483
4.95111
5.00447
5.05492
5.10248
5.16839
5.18892
5.24619
5.28078
5.31251
5.34138
5.36739
5.39056
5.41088
5.43604
5.44926
5.45965
5.46721
5.47193
5.47383
5.47289
5.46913
5.46254
5.44737
5.43372
5.41725
5.39797
5.37587
5.35096
5.32324
5.29271
5.24168
5.22327
5.16385
5.12076
5.07489
5.02625
4.97485
4.92068
4.86376
4.80409
4.74167
4.67653
4.60866
4.53808
4.46478
4.38879
4.3101
4.22873
4.14469
4.05798
3.96863
3.87663
3.78199
3.68473
3.58486
3.43018
3.32383
3.21491
3.10342
2.98939
2.87282
2.75373
2.63212
2.50802
2.38143
2.25237
2.12085
1.91899
1.8505
1.64147
1.4993
1.35504
1.20897
1.06139
0.91272
0.763359
0.61371
0.464151
0.315023
0.166628
0.0192299
-0.199457
-0.343328
-0.485435
-0.625607
-0.763683
-0.899523
-1.033
-1.16401
-1.29245
-1.41822
-1.60171
-1.72049
-1.83638
-1.94932
-2.05929
-2.16626
-2.27022
-2.37115
-2.51686
-2.61021
-2.70054
-2.78785
-2.87215
-2.95344
-3.03174
-3.10705
-3.17939
-3.24878
-3.3152
-3.40933
-3.46842
-3.52459
-3.57785
-3.62821
-3.67567
-3.72025
-3.76194
-3.80077
-3.83672
-3.86981
-3.90004
-3.92742
-3.96314
-3.98341
-4.00083
-4.01542
-4.02718
-4.0361
-4.04219
-4.04546
-4.04589
-4.04351
-4.03829
-4.03025
-4.01939
-4.00571
-3.98921
-3.9699
-3.93565
-3.92282
-3.89508
-3.86453
-3.83118
-3.77592
-3.7561
-3.71438
-3.64659
-3.59793
-3.5465
-3.49232
-3.43538
-3.3757
-3.31327
-3.24812
-3.18024
-3.10964
-3.03634
-2.96034
-2.88164
-2.80027
-2.71622
-2.62951
-2.49447
-2.40115
-2.3535
-2.25624
-2.10546
-2.00169
-1.89534
-1.78641
-1.67493
-1.5609
-1.3851
-1.26475
-1.1419
-1.01656
-0.888737
-0.75845
-0.625713
-0.490536
-0.352938
-0.142023
-0.0705204
0.147541
0.221397
0.446373
0.599024
0.75355
0.909641
1.06691
1.22494
1.38331
1.54166
1.69963
1.8569
2.0132
2.16826
2.32187
2.4738
2.62386
2.77187
2.91768
3.06115
3.20215
3.34056
3.47631
3.60929
3.73943
3.92919
4.05199
4.17178
4.28853
4.40223
4.51288
4.62045
4.72496
4.8264
4.97282
5.06663
5.15739
5.24513
5.32985
5.41158
5.4903
5.56605
5.63882
5.70864
5.80783
5.87029
5.92982
5.98644
6.04016
6.09097
6.13889
6.18392
6.22608
6.26536
6.30178
6.33534
6.38033
6.3939
6.41891
6.45109
6.46899
6.48407
6.49631
6.50572
6.5123
6.51605
6.51698
6.51509
6.50695
6.498
6.48623
6.47163
6.45423
6.434
6.41097
6.38513
6.35648
6.32504
6.27263
6.2342
6.19298
6.14899
6.10222
6.05268
6.00039
5.91677
5.88752
5.79567
5.73102
5.66365
5.59356
5.52076
5.44526
5.36707
5.2862
5.20265
5.07234
4.98215
4.88932
4.79387
4.6958
4.59512
4.49184
4.38598
4.22236
4.11009
3.99528
3.87793
3.75807
3.6357
3.51084
3.38349
3.25368
3.12142
2.98671
2.78011
2.63937
2.49623
2.35072
2.20285
2.05263
1.82295
1.66703
1.50899
1.34904
1.18746
1.02463
0.860943
0.6968
0.532589
0.368662
0.205336
0.0428905
-0.198557
-0.357708
-0.515163
-0.670732
-0.824245
-0.975552
-1.1245
-1.27099
-1.48583
-1.62566
-1.76267
-1.89679
-2.02798
-2.15616
-2.28132
-2.40343
-2.52246
-2.6384
-2.75125
-2.91473
-2.96768
-3.07127
-3.2209
-3.31682
-3.4097
-3.49955
-3.62865
-3.71096
-3.79028
-3.86662
-3.93998
-4.01039
-4.07785
-4.14238
-4.20397
-4.26265
-4.31841
-4.37127
-4.42124
-4.46832
-4.53354
-4.57343
-4.61046
-4.64462
-4.67594
-4.7044
-4.73001
-4.75279
-4.78162
-4.79731
-4.81016
-4.82018
-4.82738
-4.83175
-4.83329
-4.83031
-4.82791
-4.81647
-4.81124
-4.79134
-4.77455
-4.75495
-4.73254
-4.70731
-4.67929
-4.64846
-4.61484
-4.57843
-4.51858
-4.49724
-4.45247
-4.38013
-4.35463
-4.30157
-4.21681
-4.15688
-4.0942
-4.0288
-3.96068
-3.88984
-3.81629
-3.74005
-3.66112
-3.57952
-3.49524
-3.4083
-3.31871
-3.17937
-3.13161
-3.03413
-2.93404
-2.83135
-2.72608
-2.61823
-2.45165
-2.39485
-2.27934
-2.16131
-2.04076
-1.85525
-1.72847
-1.59922
-1.46751
-1.33336
-1.19678
-1.05779
-0.916399
-0.772619
-0.626467
-0.402822
-0.250807
-0.0964718
0.0601616
0.219042
0.380068
0.543058
0.707739
0.873762
1.04074
1.29209
1.45969
