0
0
0
0
5.23193e-09
7.4555e-07
7.25669e-06
3.06957e-05
8.66682e-05
0.000193008
0.000367911
0.000628594
0.000990407
0.00146633
0.00206675
0.00321723
0.00415779
0.00468115
0.00583454
0.00783013
0.00933489
0.0109758
0.0136848
0.0146518
0.0166789
0.0188264
0.0222643
0.023466
0.0272315
0.0298707
0.0326088
0.0354425
0.0383685
0.0413836
0.044485
0.0476698
0.0509352
0.0542785
0.0576973
0.0611889
0.0665574
0.0683808
0.0720763
0.0758352
0.0815872
0.0854945
0.0894573
0.0914588
0.0975407
0.101657
0.105821
0.110029
0.114281
0.118574
0.122906
0.127275
0.13168
0.136118
0.140589
0.145089
0.149618
0.154174
0.158755
0.163359
0.167986
0.172633
0.1773
0.181984
0.186685
0.1914
0.19613
0.200871
0.205624
0.210387
0.215159
0.219938
0.224724
0.229515
0.234311
0.239109
0.24631
0.251111
0.255912
0.260712
0.265508
0.270301
0.27509
0.279873
0.28465
0.28942
0.294181
0.298933
0.303675
0.308405
0.31312
0.31782
0.3225
0.327159
0.331793
0.338695
0.343259
0.34553
0.350047
0.354531
0.361193
0.365591
0.369953
0.374278
0.378568
0.382821
0.387037
0.391216
0.395359
0.399464
0.403532
0.407564
0.411558
0.415515
0.419436
0.423319
0.427164
0.430973
0.434745
0.43848
0.442178
0.44584
0.449465
0.453053
0.456605
0.46012
0.4636
0.467043
0.47045
0.473822
0.477157
0.480457
0.48534
0.48695
0.491727
0.494867
0.496424
0.499512
0.502566
0.505584
0.510048
0.512981
0.51588
0.518745
0.521576
0.524374
0.527139
0.529871
0.532569
0.535236
0.537869
0.540471
0.543041
0.546836
0.548085
0.55056
0.553004
0.555418
0.55898
0.561318
0.563625
0.565903
0.568152
0.570371
0.572562
0.574723
0.576857
0.578963
0.582069
0.584105
0.586115
0.588098
0.590054
0.591985
0.593889
0.595768
0.597621
0.600355
0.602146
0.603913
0.604787
0.607374
0.609069
0.610741
0.612389
0.614015
0.615617
0.617198
0.618756
0.620292
0.621807
0.6233
0.6255
0.626941
0.628362
0.629065
0.631143
0.632504
0.633845
0.634509
0.635822
0.637756
0.639023
0.640271
0.641502
0.642715
0.64391
0.645088
0.646249
0.647393
0.648521
0.649633
0.650728
0.651808
0.652871
0.654438
0.654953
0.656474
0.65747
0.658452
0.659419
0.660372
0.661311
0.662236
0.663148
0.664047
0.664932
0.665805
0.666665
0.667512
0.668347
0.669171
0.670383
0.671177
0.671959
0.67273
0.67349
0.674239
0.674977
0.675704
0.676422
0.677478
0.67817
0.678512
0.679524
0.680187
0.68084
0.681485
0.68212
0.682746
0.683363
0.683971
0.684571
0.685163
0.685746
0.686321
0.686889
0.687448
0.688
0.688544
0.689081
0.68961
0.690132
0.690648
0.691408
0.691658
0.692153
0.692641
0.693362
0.693834
0.694301
0.694762
0.695216
0.695665
0.696109
0.696763
0.696979
0.697617
0.697827
0.698244
0.698655
0.699061
0.699662
0.69986
0.700446
0.700831
0.701212
0.701588
0.70196
0.702328
0.702692
0.703051
0.703407
0.703758
0.704106
0.70445
0.704791
0.705128
0.705462
0.705792
0.706118
0.706442
0.706762
0.707079
0.707393
0.707705
0.708013
0.708318
0.708621
0.708921
0.709218
0.709513
0.709806
0.710095
0.710383
0.710668
0.710951
0.711232
0.711649
0.711787
0.712061
0.712469
0.712604
0.712872
0.713139
0.713535
0.713666
0.713928
0.714187
0.714445
0.714829
0.715083
0.715336
0.715587
0.715837
0.716085
0.716332
0.716578
0.716823
0.717066
0.717308
0.717549
0.717789
0.718028
0.718266
0.718503
0.718738
0.718973
0.719207
0.71944
0.719672
0.719903
0.720134
0.720364
0.720593
0.720821
0.721048
0.721275
0.721501
0.721839
0.721952
0.722176
0.722512
0.722624
0.722958
0.72318
0.723291
0.723622
0.723843
0.724064
0.724284
0.724503
0.724723
0.724941
0.72516
0.725378
0.725596
0.725923
0.726032
0.726249
0.726466
0.726683
0.7269
0.727225
0.727441
0.727658
0.727874
0.72809
0.728306
0.728522
0.728738
0.728953
0.729169
0.729492
0.7296
0.729815
0.730031
0.730354
0.73057
0.730678
0.730893
0.731216
0.731432
0.731647
0.731863
0.732079
0.732295
0.732511
0.732727
0.732943
0.733159
0.733375
0.733591
0.733808
0.734024
0.734241
0.734457
0.734674
0.734891
0.735108
0.735325
0.735543
0.73576
0.735977
0.736195
0.736522
0.736631
0.736959
0.737177
0.737396
0.737615
0.737834
0.738053
0.738382
0.738492
0.738822
0.738932
0.739262
0.739483
0.739703
0.739924
0.740145
0.740366
0.740587
0.740809
0.741031
0.741252
0.741475
0.741697
0.741919
0.742253
0.742364
0.742699
0.742922
0.743034
0.743257
0.743481
0.743817
0.743929
0.744153
0.744377
0.744714
0.744939
0.745164
0.745277
0.745615
0.74584
0.746066
0.746292
0.746405
0.746745
0.746971
0.747198
0.747425
0.747652
0.747879
0.748107
0.748334
0.748562
0.74879
0.749018
0.749246
0.749474
0.749702
0.749931
0.75016
0.750389
0.750618
0.750847
0.751076
0.751306
0.751535
0.75188
0.751995
0.752339
0.75257
0.7528
0.75303
0.753261
0.753491
0.753722
0.753953
0.754184
0.754415
0.754646
0.754877
0.755109
0.75534
0.755571
0.755803
0.756035
0.756266
0.756498
0.75673
0.756962
0.757194
0.757427
0.757775
0.758007
0.75824
0.758472
0.758705
0.758938
0.759171
0.759403
0.759636
0.759869
0.760102
0.760336
0.760685
0.760918
0.761152
0.761385
0.761618
0.761851
0.762084
0.762317
0.762551
0.762784
0.763017
0.763368
0.763602
0.763835
0.764069
0.764302
0.764536
0.764887
0.765003
0.765354
0.765471
0.765821
0.766055
0.766289
0.766522
0.766756
0.766989
0.767223
0.767456
0.767689
0.767923
0.768156
0.768389
0.768622
0.768855
0.769089
0.769322
0.769555
0.769788
0.770021
0.770253
0.770486
0.770719
0.771068
0.7713
0.771533
0.771766
0.771998
0.772231
0.772463
0.772811
0.772927
0.77316
0.773508
0.77374
0.773972
0.774204
0.774435
0.774551
0.774899
0.775131
0.775362
0.775593
0.775824
0.776056
0.776287
0.776518
0.776864
0.776979
0.777325
0.777441
0.777671
0.777901
0.778131
0.778477
0.778707
0.778937
0.779166
0.779396
0.779626
0.779855
0.780085
0.780314
0.780543
0.780887
0.781116
0.781344
0.781573
0.781801
0.78203
0.782258
0.782486
0.782714
0.782942
0.78317
0.783397
0.783624
0.783852
0.784079
0.784306
0.784533
0.784759
0.784986
0.785212
0.785439
0.785665
0.785891
0.786117
0.786455
0.786568
0.786793
0.787018
0.787243
0.787581
0.787805
0.78803
0.788255
0.788479
0.788703
0.788927
0.789151
0.789374
0.789598
0.789821
0.790044
0.790268
0.79049
0.790713
0.790936
0.791158
0.79138
0.791713
0.791935
0.792156
0.792378
0.792599
0.79282
0.793041
0.793262
0.793482
0.793702
0.793923
0.794142
0.794362
0.794582
0.794801
0.795021
0.79524
0.795459
0.795787
0.796005
0.796224
0.796442
0.79666
0.796769
0.797095
0.797312
0.79753
0.797747
0.797964
0.79818
0.798397
0.798613
0.798829
0.799045
0.799261
0.799477
0.799692
0.799907
0.800122
0.800337
0.800659
0.800873
0.80098
0.801194
0.801514
0.801728
0.801941
0.802154
0.802367
0.80258
0.802792
0.803004
0.803217
0.803428
0.80364
0.803851
0.804063
0.804274
0.804484
0.804695
0.804905
0.805116
0.805326
0.805535
0.805745
0.805954
0.806163
0.806372
0.806581
0.80679
0.806998
0.807206
0.807414
0.807622
0.807829
0.808036
0.808243
0.80845
0.808657
0.808863
0.80907
0.809276
0.809584
0.80979
0.809995
0.8102
0.810405
0.81061
0.810917
0.811121
0.811325
0.811529
0.811733
0.811936
0.81214
0.812343
0.812546
0.812748
0.812951
0.813254
0.813456
0.813658
0.813759
0.814061
0.814262
0.814463
0.814664
0.814865
0.815065
0.815266
0.815566
0.815765
0.815965
0.816164
0.816363
0.816562
0.816761
0.817059
0.817257
0.817455
0.817653
0.81785
0.818048
0.818245
0.818442
0.818639
0.818933
0.819032
0.819326
0.819424
0.819717
0.819913
0.820108
0.820303
0.820498
0.820693
0.820985
0.821179
0.821373
0.821566
0.82176
0.821953
0.822146
0.82234
0.822532
0.822821
0.822917
0.823205
0.823301
0.823493
0.823685
0.823876
0.824163
0.824258
0.824449
0.824639
0.824925
0.825115
0.825305
0.825494
0.825684
0.825873
0.826062
0.826251
0.826439
0.826628
0.826816
0.827004
0.827192
0.827379
0.827567
0.827754
0.827941
0.828128
0.828314
0.828594
0.828687
0.828873
0.829058
0.829244
0.829522
0.829615
0.8298
0.829985
0.830169
0.830354
0.83063
0.830722
0.830998
0.831181
0.831365
0.831548
0.831731
0.831914
0.832096
0.832279
0.832461
0.832643
0.832734
0.833007
0.833188
0.83337
0.833551
0.833732
0.833912
0.834093
0.834273
0.834454
0.834633
0.834813
0.834993
0.835262
0.835351
0.83553
0.835709
0.835977
0.836155
0.836244
0.836511
0.836689
0.836866
0.837044
0.837221
0.837398
0.837574
0.837751
0.837927
0.838103
0.838279
0.838455
0.83863
0.838806
0.838981
0.839156
0.839331
0.839505
0.83968
0.839854
0.840028
0.840202
0.840375
0.840549
0.840722
0.840895
0.841068
0.841241
0.841413
0.841586
0.841758
0.842016
0.842188
0.842359
0.842531
0.842702
0.842873
0.843044
0.843215
0.843385
0.843555
0.843726
0.843895
0.844065
0.844235
0.844404
0.844573
0.844742
0.844911
0.84508
0.845248
0.845501
0.845669
0.845837
0.846004
0.846172
0.846339
0.846506
0.846673
0.84684
0.847006
0.847173
0.847339
0.847505
0.847671
0.847836
0.848001
0.848167
0.848332
0.848497
0.848661
0.848908
0.84899
0.849154
0.8494
0.849482
0.849728
0.849891
0.849973
0.850217
0.85038
0.850543
0.850706
0.850868
0.85103
0.851192
0.851354
0.851516
0.851677
0.851919
0.85208
0.852241
0.852402
0.852562
0.852723
0.852883
0.853043
0.853203
0.853362
0.853601
0.853761
0.85392
0.854078
0.854237
0.854396
0.854554
0.854712
0.85487
0.855028
0.855186
0.855343
0.855501
0.855658
0.855815
0.855972
0.856129
0.856285
0.856441
