0
5.72112e-06
2.28884e-05
3.43319e-05
4.57755e-05
6.05583e-05
0.000104427
0.000353098
0.000524521
0.00145984
0.00194883
0.00409102
0.00617194
0.00884414
0.0121536
0.0161331
0.0208046
0.0261798
0.0322614
0.0390446
0.0465188
0.0546691
0.063477
0.0729215
0.0829809
0.0936317
0.110667
0.116616
0.128904
0.141692
0.161764
0.175708
0.190077
0.204851
0.22001
0.235533
0.251402
0.267595
0.284095
0.300881
0.317934
0.335234
0.352763
0.370501
0.388429
0.406529
0.424782
0.443172
0.461677
0.480283
0.49897
0.527116
0.53652
0.564771
0.583616
0.60245
0.621258
0.640025
0.658735
0.677373
0.705166
0.723566
0.732723
0.750941
0.769022
0.795861
0.804725
0.822322
0.848367
0.86548
0.882378
0.899051
0.9073
0.931678
0.947611
0.963275
0.97866
0.993755
1.00855
1.02303
1.0372
1.05105
1.06456
1.07773
1.09057
1.10306
1.1152
1.12699
1.13844
1.14955
1.16555
1.17071
1.18077
1.19048
1.20438
1.2132
1.22166
1.22976
1.23749
1.24485
1.25183
1.25845
1.26469
1.27056
1.27866
1.28359
1.28816
1.2903
1.29619
1.29967
1.30278
1.30555
1.30796
1.31003
1.31175
1.31313
1.31418
1.31514
1.3153
1.31537
1.31514
1.31459
1.31373
1.31258
1.31031
1.30941
1.3074
1.30387
1.30257
1.29826
1.29507
1.29164
1.28797
1.28408
1.27996
1.27563
1.27109
1.26636
1.26143
1.25632
1.25104
1.24558
1.23996
1.2342
1.22828
1.22223
1.21605
1.20974
1.20007
1.19349
1.18681
1.18004
1.17319
1.16276
1.15573
1.14864
1.14149
1.1343
1.12707
1.11981
1.11253
1.10523
1.09792
1.09061
1.0833
1.07236
1.06873
1.05788
1.05069
1.04712
1.04001
1.02946
1.02251
1.01563
1.01222
1.00211
0.995479
0.988938
0.98249
0.976138
0.969884
0.963729
0.957677
0.951727
0.94588
0.940138
0.934501
0.928969
0.923544
0.918224
0.913012
0.907906
0.902909
0.89802
0.89324
0.88857
0.884011
0.877382
0.873104
0.86894
0.864892
0.860961
0.857151
0.853462
0.849896
0.846459
0.843152
0.839979
0.836941
0.834042
0.831284
0.82867
0.8262
0.823877
0.821702
0.819675
0.816913
0.816066
0.813749
0.81305
0.811172
0.810102
0.809175
0.808391
0.807747
0.807241
0.806873
0.80664
0.80654
0.806571
0.806731
0.807017
0.807429
0.808275
0.808617
0.809816
0.810758
0.811271
0.812973
0.814239
0.815609
0.817078
0.818644
0.820305
0.822057
0.823896
0.82582
0.827827
0.829913
0.832074
0.834309
0.836613
0.838984
0.841417
0.843912
0.846464
0.849071
0.85173
0.854437
0.857191
0.859987
0.862823
0.865697
0.868605
0.871544
0.876004
0.877503
0.88203
0.883547
0.888116
0.891171
0.894225
0.897275
0.900315
0.903342
0.90635
0.909337
0.912299
0.915232
0.918134
0.921002
0.923835
0.92663
0.929386
0.9321
0.934771
0.937397
0.939978
0.942512
0.944998
0.947435
0.949823
0.952159
0.954445
0.957776
0.959931
0.960989
0.963064
0.966075
0.968016
0.969902
0.971734
0.973511
0.975234
0.976903
0.978518
0.980078
0.981585
0.983038
0.984438
0.985785
0.987079
0.988322
0.989512
0.990653
0.991742
0.992782
0.993773
0.994715
0.99561
0.996457
0.997258
0.998012
0.998722
0.999701
1.00001
1.00086
1.00112
1.00184
1.00227
1.00266
1.00301
1.00333
1.00373
1.00394
1.00413
1.00427
1.00439
1.00446
1.00451
1.00452
1.0045
1.00445
1.00437
1.00426
1.00412
1.00395
1.00375
1.00353
1.00328
1.00301
1.00271
1.00238
1.00185
1.00166
1.00127
1.00086
1.00042
0.999734
0.99925
0.999001
0.998227
0.997689
0.997135
0.996565
0.995979
0.995378
0.994764
0.994452
0.993495
0.992841
0.992175
0.991498
0.990463
0.989761
0.989406
0.988328
0.987598
0.986861
0.986117
0.985366
0.984609
0.983847
0.983078
0.982306
0.981529
0.980749
0.979965
0.979179
0.97839
0.977601
0.976808
0.976015
0.975221
0.974428
0.973634
0.972841
0.972048
0.971258
0.970469
0.969682
0.968898
0.968116
0.967338
0.966563
0.965792
0.965025
0.963885
0.963131
0.962382
0.96201
0.960903
0.960172
0.959449
0.958733
0.958024
0.957323
0.95663
0.955945
0.955268
0.9546
0.953941
0.953292
0.952652
0.951711
0.951402
0.950792
0.949897
0.949604
0.949026
0.948459
0.947903
0.947091
0.946826
0.946047
0.945544
0.945052
0.944572
0.944104
0.943649
0.943205
0.942775
0.942357
0.941952
0.941559
0.941179
0.940812
0.940458
0.940116
0.939787
0.939472
0.939168
0.938878
0.938601
0.938336
0.938084
0.937729
0.937509
0.9373
0.937201
0.937012
0.936751
0.936593
0.936447
0.936313
0.936192
0.936082
0.935984
0.935899
0.935825
0.935762
0.935691
0.935658
0.935635
0.935628
0.935624
0.935635
0.935656
0.935688
0.935731
0.935784
0.935847
0.935919
0.936001
0.936093
0.936194
0.936305
0.936486
0.936552
0.936619
0.936908
0.937065
0.93723
0.937403
0.937583
0.93777
0.937964
0.938165
0.938373
0.938587
0.938807
0.939033
0.939265
0.939503
0.939745
0.939993
0.940247
0.940504
0.940766
0.941167
0.941439
0.941715
0.941995
0.942277
0.942563
0.942852
0.943143
0.943585
0.943883
0.944182
0.944484
0.944787
0.945092
0.945397
0.94586
0.946169
0.946323
0.946787
0.947096
0.947407
0.94772
0.948032
0.948341
0.94865
0.948959
0.949268
0.949577
0.949886
0.950191
0.950496
0.950801
0.951103
0.951405
0.951705
0.952151
0.952446
0.95274
0.953031
0.953321
0.953607
0.953892
0.954175
0.954454
0.954869
0.955142
0.955413
0.95568
0.955945
0.956206
0.956465
0.956721
0.956973
0.957345
0.957589
0.95783
0.958067
0.958302
0.958532
0.95876
0.958984
0.959204
0.959421
0.95974
0.959845
0.960051
0.960253
0.96055
0.960744
0.960839
0.961028
0.961212
0.961483
0.961658
0.96183
0.961998
0.962162
0.962323
0.962481
0.962634
0.962784
0.962931
0.963074
0.963214
0.96335
0.963483
0.963613
0.963739
0.963861
0.963981
0.964097
0.964211
0.964321
0.96448
0.964582
0.964632
0.96473
0.964825
0.964916
0.965005
0.965091
0.965175
0.965255
0.96537
0.965444
0.96548
0.965583
0.965649
0.965712
0.965773
0.965831
0.965888
0.965941
0.965993
0.966043
0.966089
0.966135
0.966177
0.966218
0.966257
0.966294
0.966329
0.966363
0.966393
0.966424
0.966452
0.966478
0.966503
0.966526
0.966549
0.966568
0.966588
0.966606
0.966621
0.966637
0.966652
0.966663
0.966681
0.966692
0.9667
0.966704
0.966715
0.966723
0.966728
0.966732
0.966736
0.96674
0.966743
0.966747
0.966747
0.966747
0.966747
0.966747
0.966747
0.966747
0.966747
0.966747
0.966747
0.966747
0.966745
0.966742
0.966738
0.966734
0.96673
0.966726
0.966722
0.966719
0.966715
0.966712
0.966712
0.966712
0.966712
0.966712
0.966712
0.966712
0.966712
0.966712
0.966712
0.966712
0.966712
0.966712
0.966716
0.96672
0.966724
0.966728
0.966732
0.966735
0.966739
0.966745
0.966753
0.96676
0.966772
0.966779
0.966787
0.966797
0.966809
0.96682
0.966832
0.966843
0.966855
0.966878
0.966893
0.966908
0.966924
0.96694
0.966959
0.966978
0.966997
0.967016
0.967036
0.96707
0.967093
0.967116
0.967139
0.967164
0.96719
0.967217
0.967244
0.96727
0.967299
0.967329
0.96736
0.96739
0.967421
0.967469
0.967486
0.967537
0.967572
0.967606
0.967641
0.96768
0.967718
0.967756
0.967794
0.967832
0.967872
0.967914
0.967956
0.967998
0.96804
0.968082
0.968125
0.968171
0.968217
0.968286
0.968308
0.968354
0.9684
0.968473
0.968523
0.968572
0.968597
0.968671
0.968721
0.968771
0.968822
0.968876
0.968929
0.968983
0.969036
0.96909
0.969143
0.969196
0.96925
0.969304
0.969361
0.969447
0.969475
0.969532
0.96959
0.969647
0.969733
0.969761
0.969847
0.969876
0.969962
0.970019
0.970076
0.970134
0.970195
0.970256
0.970317
0.970378
0.970439
0.9705
0.970562
0.970623
0.970714
0.970775
0.970806
0.970867
0.970958
0.971019
0.97108
0.971141
0.971202
0.971263
0.971324
0.971385
0.971447
0.971508
0.971569
0.97163
0.971691
0.971752
0.971813
0.971874
0.971965
0.971965
0.972087
0.972148
0.972209
0.97227
0.972332
0.972393
0.972454
0.972515
0.972576
0.972637
0.972694
0.972752
0.972809
0.972895
0.972923
0.97298
0.973038
0.973124
0.973181
0.973238
0.973295
0.973352
0.97341
0.973467
0.973524
0.973581
0.973667
0.973724
0.97378
0.973834
0.973887
0.97394
0.973994
0.974047
0.974101
0.974154
0.974207
0.974261
0.974314
0.974368
0.974421
0.974474
0.974528
0.974581
0.974633
0.974683
0.974732
0.974782
0.974832
0.974881
0.974931
0.97498
0.97503
0.97508
0.975129
0.975179
0.975228
0.975303
0.975327
0.975377
0.975448
0.975471
0.97554
0.975585
0.975631
0.975677
0.975723
0.975769
0.975814
0.97586
0.975906
0.975952
0.97602
0.976066
0.976112
0.976158
0.9762
0.976242
0.976284
0.976326
0.976367
0.976409
0.976451
0.976493
0.976535
0.976577
0.976619
0.976661
0.976703
0.976745
0.976787
0.976829
0.976871
0.976934
0.976973
0.977011
0.977049
0.977087
0.977125
0.977163
0.977201
0.97724
0.977278
0.977316
0.977354
0.977411
0.977449
0.977488
0.977526
0.977564
0.977602
0.97764
0.977678
0.977736
0.977774
0.977812
0.977869
0.977907
0.977943
0.977977
0.978012
0.978046
0.97808
0.978115
0.978149
0.978183
0.978218
0.978252
0.978286
0.978321
0.978372
0.978389
0.978441
0.978475
0.978509
0.978544
0.978578
0.978612
0.97863
0.978681
0.978715
0.97875
0.978784
0.978818
0.978853
0.978887
0.978921
0.978956
0.97899
0.979024
0.979059
0.979093
0.979127
0.979162
0.979196
0.97923
0.979265
0.979299
0.979333
0.979368
0.979402
0.979454
0.979471
0.979505
0.979557
0.979574
0.979608
0.979642
0.979694
0.979728
0.979763
0.979797
0.979831
0.979866
0.979899
0.979929
0.97996
0.97999
0.980021
0.980052
0.980082
0.980113
