0
1.52576e-05
3.05165e-05
4.57755e-05
6.10344e-05
8.20157e-05
0.000252723
0.000408172
0.000997543
0.00211906
0.00397587
0.00856399
0.0130796
0.0189352
0.0262575
0.0351419
0.04566
0.0645866
0.0717459
0.0873356
0.104606
0.123523
0.154889
0.177711
0.201993
0.227668
0.254667
0.282923
0.312364
0.342919
0.374516
0.407082
0.457585
0.474825
0.509855
0.545562
0.600225
0.637296
0.674783
0.712611
0.750709
0.789
0.827416
0.865888
0.904339
0.942699
0.980903
1.01888
1.05657
1.0939
1.13082
1.16726
1.20316
1.23845
1.27308
1.30699
1.34012
1.37241
1.40382
1.44914
1.46375
1.49217
1.51949
1.54568
1.57069
1.60589
1.61699
1.6382
1.65808
1.68532
1.6937
1.70939
1.73021
1.74224
1.75278
1.76181
1.76933
1.77532
1.77978
1.78271
1.78411
1.78398
1.78232
1.77916
1.77449
1.76835
1.76073
1.75168
1.74121
1.72934
1.71612
1.69381
1.67734
1.66865
1.65034
1.63087
1.59957
1.5886
1.55418
1.53003
1.50498
1.49214
1.45241
1.42499
1.39689
1.36818
1.33891
1.30914
1.27894
1.24836
1.21747
1.18633
1.15499
1.12353
1.09199
1.06043
1.02892
0.997499
0.966233
0.935171
0.904367
0.873874
0.84374
0.814014
0.784749
0.755994
0.727796
0.700203
0.673261
0.647014
0.609049
0.584739
0.561276
0.538704
0.517056
0.496373
0.476687
0.458033
0.440444
0.423951
0.408583
0.394365
0.381322
0.369473
0.358838
0.349432
0.341269
0.334356
0.328703
0.322593
0.320102
0.319331
0.318735
0.320194
0.321305
0.326489
0.331471
0.337658
0.345029
0.353562
0.363237
0.374027
0.385905
0.398844
0.412811
0.427773
0.443698
0.460552
0.478294
0.496889
0.516298
0.536479
0.557389
0.578983
0.601221
0.624059
0.647449
0.671344
0.6957
0.732995
0.758295
0.771057
0.809721
0.822716
0.861927
0.888197
0.914513
0.940822
0.967072
0.993217
1.01921
1.04499
1.07051
1.09574
1.12061
1.14509
1.16912
1.20424
1.22699
1.24914
1.27067
1.29154
1.31171
1.33115
1.34982
1.36769
1.38473
1.4009
1.41619
1.43055
1.44398
1.45645
1.46794
1.47844
1.48794
1.49642
1.50387
1.5103
1.51569
1.52004
1.52335
1.52563
1.52687
1.52709
1.52627
1.52445
1.52161
1.51778
1.51296
1.50717
1.50043
1.49274
1.48414
1.46956
1.45875
1.45303
1.44097
1.42139
1.40737
1.39264
1.3772
1.3611
1.34437
1.32705
1.30917
1.29077
1.27189
1.25257
1.23285
1.21276
1.19235
1.17167
1.15074
1.12962
1.10834
1.08694
1.06547
1.04397
1.02248
1.00103
0.979676
0.947895
0.937388
0.916536
0.895931
0.87561
0.85561
0.835965
0.81671
0.788634
0.770499
0.76162
0.735776
0.719243
0.7033
0.687975
0.673295
0.659286
0.645969
0.633373
0.621513
0.610411
0.600085
0.590552
0.581825
0.573917
0.566837
0.560595
0.555196
0.550648
0.546947
0.544102
0.54211
0.540967
0.540668
0.541796
0.543585
0.546196
0.549618
0.553841
0.558851
0.564636
0.571182
0.578473
0.586489
0.595212
0.604623
0.6147
0.631018
0.636765
0.654884
0.661207
0.674255
0.694784
0.701867
0.723786
0.738918
0.754429
0.770286
0.786455
0.802907
0.819606
0.836519
0.853614
0.870854
0.88821
0.905651
0.923143
0.940659
0.958166
0.984344
0.993034
1.01034
1.02751
1.04452
1.06134
1.07793
1.09428
1.11034
1.12608
1.14149
1.15654
1.1712
1.18545
1.19926
1.21261
1.22548
1.23785
1.25541
1.26099
1.27172
1.28188
1.29597
1.3046
1.3126
1.31994
1.32663
1.33266
1.338
1.34266
1.34663
1.3499
1.35248
1.35435
1.35552
1.35599
1.35576
1.35483
1.35321
1.35091
1.3495
1.34428
1.33998
1.33503
1.32945
1.31993
1.31283
1.30516
1.29693
1.28816
1.27886
1.26906
1.25879
1.24806
1.23689
1.21939
1.20724
1.19475
1.18193
1.16881
1.15542
1.14177
1.12791
1.11385
1.09962
1.08526
1.06351
1.05623
1.03431
1.01968
1.00506
0.990498
0.976008
0.961623
0.947372
0.933285
0.919386
0.905702
0.892253
0.879064
0.8598
0.847333
0.835188
0.823383
0.811939
0.800873
0.790203
0.779949
0.770131
0.760764
0.751867
0.743455
0.735544
0.728148
0.721279
0.711987
0.706483
0.701539
0.697163
0.69336
0.690133
0.687489
0.685427
0.683949
0.683057
0.682748
0.683019
0.683867
0.685286
0.687269
0.689812
0.692904
0.696537
0.700702
0.705385
0.713363
0.716269
0.722444
0.729087
0.736185
0.747652
0.755818
0.764382
0.773324
0.782628
0.792274
0.802241
0.81251
0.82306
0.833869
0.844912
0.856169
0.867616
0.87923
0.890988
0.902866
0.914842
0.926892
0.938993
0.95112
0.963251
0.975366
0.987438
0.999446
1.01137
1.02318
1.03485
1.04637
1.05771
1.07435
1.07978
1.09572
1.10602
1.11605
1.12579
1.13523
1.14435
1.15314
1.16157
1.16963
1.17731
1.18459
1.19146
1.19791
1.20393
1.2095
1.21462
1.21928
1.22348
1.22721
1.23047
1.23326
1.23558
1.23742
1.23878
1.23968
1.2401
1.24005
1.23953
1.23788
1.2371
1.2352
1.23284
1.23005
1.22504
1.22316
1.21688
1.21219
1.20969
1.20163
1.19579
1.18959
1.18304
1.17617
1.16897
1.16148
1.1537
1.14566
1.13736
1.12883
1.12008
1.11113
1.10201
1.09272
1.08329
1.07373
1.06407
1.05432
1.0445
1.03464
1.02474
1.01483
0.999996
0.990148
0.980357
0.970645
0.96103
0.951531
0.942169
0.932958
0.923912
0.915044
0.90637
0.897902
0.889651
0.881633
0.873861
0.86635
0.859113
0.852161
0.845509
0.839166
0.833142
0.827448
0.822091
0.81708
0.81242
0.808117
0.80418
0.80061
0.797414
0.794594
0.792154
0.789212
0.788424
0.787139
0.78624
0.785728
0.78568
0.785856
0.786957
0.788165
0.789746
0.791699
0.794016
0.79669
0.799717
0.803087
0.806795
0.81083
0.815184
0.819848
0.824808
0.830056
0.835579
0.841367
0.850518
0.856912
0.863523
0.870339
0.877347
0.884533
0.89188
0.899375
0.907001
0.914742
0.922582
0.930505
0.938497
0.946539
0.954617
0.962715
0.970818
0.978914
0.986989
0.995028
1.00698
1.01486
1.02265
1.03034
1.03791
1.04534
1.05263
1.05977
1.06673
1.07353
1.08013
1.08654
1.09276
1.09578
1.10454
1.11009
1.11796
1.12288
1.12754
1.13193
1.13603
1.13984
1.14336
1.14657
1.14948
1.15208
1.15436
1.15633
1.15798
1.15931
1.16032
1.16124
1.16139
1.16144
1.16117
1.16059
1.15914
1.1585
1.15613
1.15518
1.15191
1.14937
1.14654
1.14344
1.14007
1.13644
1.13255
1.12842
1.12405
1.11946
1.11465
1.10964
1.10443
1.09903
1.09347
1.08774
1.08187
1.07585
1.06971
1.06346
1.05711
1.05067
1.04416
1.03427
1.03095
1.02095
1.01425
1.00756
1.00087
0.994218
0.987605
0.981049
0.974565
0.968163
0.961858
0.955659
0.949574
0.943612
0.937779
0.93208
0.926522
0.921108
0.915844
0.910734
0.905787
0.901009
0.896412
0.892
0.887785
0.883777
0.879981
0.874706
0.873063
0.86849
0.865746
0.863252
0.861012
0.859028
0.857305
0.855844
0.854647
0.853716
0.853051
0.852654
0.852523
0.852656
0.853054
0.853715
0.854635
0.855813
0.857244
0.858922
0.860845
0.863008
0.865405
0.869428
0.870879
0.873942
0.877215
0.880689
0.886261
0.88821
0.892241
0.8986
0.903036
0.907618
0.912336
0.917181
0.922143
0.927211
0.932376
0.937626
0.942951
0.948341
0.953786
0.959274
0.964798
0.970345
0.975909
0.981479
0.987038
0.992579
0.998087
1.00355
1.00896
1.0143
1.01957
1.02474
1.02983
1.0348
1.03967
1.04442
1.04904
1.05355
1.05792
1.06216
1.06626
1.07022
1.07403
1.07948
1.08122
1.08619
1.08776
1.0922
1.09494
1.09748
1.09983
1.10197
1.1039
1.10562
1.10713
1.10841
1.10947
1.11031
1.11092
1.11131
1.11147
1.11141
1.11113
1.11063
1.10991
1.10897
1.10782
1.10647
1.10404
1.10314
1.10117
1.09902
1.09668
1.09283
1.09146
1.08709
1.08556
1.08237
1.07731
1.07376
1.07008
1.06628
1.06237
1.05834
1.05422
1.05
1.04571
1.04134
1.03691
1.03243
1.02789
1.02332
1.01873
1.01412
1.00951
1.0049
1.00031
0.99575
0.991225
0.986745
0.982316
0.977948
0.973644
0.969412
0.965257
0.961182
0.957191
0.953288
0.949477
0.945759
0.940365
0.938617
0.93353
0.931888
0.928686
0.9256
0.922632
0.918426
0.915792
0.913303
0.912115
0.908787
0.906772
0.904925
0.903253
0.901757
0.900441
0.899308
0.898361
0.897602
0.897029
0.896644
0.896447
0.896436
0.896612
0.896975
0.89752
0.898244
0.899147
0.900226
0.901477
0.902898
0.905339
0.906234
0.908141
0.910201
0.912409
0.915989
0.917252
0.919875
0.924048
0.925498
0.930019
0.933167
0.934778
0.939753
0.943178
0.946681
0.950255
0.953891
0.957586
0.96133
0.965115
0.968928
0.972764
0.976609
0.980454
0.984293
0.988113
0.991906
0.995665
0.999381
1.00305
1.00666
1.01021
1.0137
1.01712
1.02046
1.02373
1.02692
1.03003
1.03305
1.03599
1.03884
1.0416
1.04427
1.04685
1.04934
1.05173
1.05402
1.05727
1.05831
1.0603
1.06308
1.0648
1.0664
1.06789
1.06925
1.07048
1.07158
1.07255
1.07337
1.07405
1.07458
1.07497
1.0752
1.07529
1.07522
1.07513
1.07463
1.07412
1.07345
1.07264
1.07169
1.0706
1.06937
1.068
1.06651
1.06489
1.06314
1.06128
1.0593
1.05613
1.05502
1.05272
1.05033
1.04785
1.04397
1.04264
1.03854
1.03573
1.0343
1.02995
1.02849
1.02404
1.02104
1.01804
1.01503
1.01202
1.00902
1.00603
1.00306
1.00011
0.997195
0.994309
0.99146
0.988649
0.985882
0.983158
0.980482
0.977856
0.97528
0.972757
0.970289
0.967876
0.965523
0.963228
0.960989
0.958817
0.956708
0.953665
0.952684
0.950776
0.948938
0.947173
0.945483
0.943094
0.942338
