0
1.14435e-05
2.28884e-05
4.01734e-05
5.26908e-05
7.25983e-05
0.000124931
0.000250578
0.00050056
0.00092864
0.00158823
0.00311518
0.00378811
0.00540531
0.007406
0.00980961
0.0126287
0.0158697
0.0215242
0.0258169
0.0305194
0.0330213
0.0411124
0.046979
0.0532086
0.059788
0.0667039
0.0739434
0.0814933
0.0893415
0.0974764
0.105886
0.114559
0.12804
0.132654
0.142054
0.156568
0.166505
0.17664
0.186963
0.197465
0.208137
0.218969
0.229953
0.241079
0.252339
0.263724
0.275225
0.286836
0.298546
0.310349
0.322237
0.334202
0.352277
0.364401
0.376576
0.388793
0.401047
0.413329
0.425633
0.43795
0.450275
0.4626
0.474918
0.487223
0.499507
0.511763
0.523987
0.536172
0.554362
0.566424
0.578426
0.590364
0.602232
0.614026
0.625741
0.637371
0.648913
0.66036
0.671709
0.682955
0.694094
0.705122
0.716035
0.72683
0.737503
0.748051
0.758471
0.76876
0.778915
0.788934
0.798814
0.808551
0.818144
0.827588
0.836881
0.846018
0.854998
0.863816
0.87247
0.880959
0.889279
0.897429
0.905406
0.91321
0.920839
0.928292
0.935569
0.942669
0.949593
0.959648
0.966131
0.972439
0.978573
0.984535
0.990324
0.995943
1.00139
1.00668
1.0118
1.01675
1.02154
1.02618
1.03065
1.03497
1.03914
1.04316
1.04703
1.05075
1.05433
1.05777
1.06266
1.06576
1.06871
1.07154
1.07424
1.07681
1.07926
1.08158
1.08378
1.08587
1.08783
1.08968
1.09142
1.09304
1.09455
1.09596
1.09726
1.09846
1.09955
1.10055
1.10144
1.10224
1.10294
1.10355
1.10407
1.10468
1.10498
1.10519
1.10532
1.10537
1.10534
1.10523
1.10504
1.10478
1.10425
1.1038
1.10329
1.10271
1.10207
1.10136
1.10059
1.09976
1.09886
1.09792
1.09639
1.09531
1.09417
1.09298
1.09175
1.09047
1.08914
1.08777
1.08564
1.08416
1.08265
1.08032
1.07871
1.07625
1.07541
1.07286
1.07112
1.06935
1.06756
1.06574
1.0639
1.06204
1.06015
1.05825
1.05633
1.05439
1.05342
1.05047
1.04749
1.04549
1.04347
1.04145
1.03942
1.03738
1.03533
1.03327
1.03121
1.02915
1.02708
1.02501
1.02294
1.02086
1.01775
1.01567
1.0136
1.01153
1.00946
1.0074
1.00534
1.00328
1.00123
0.999185
0.997147
0.995116
0.993092
0.991076
0.989069
0.98707
0.985081
0.982115
0.980149
0.978195
0.976251
0.974318
0.972396
0.970486
0.968588
0.966703
0.96483
0.96297
0.961123
0.95929
0.957471
0.955666
0.953876
0.952102
0.950342
0.948598
0.946869
0.944305
0.943459
0.941779
0.940115
0.938469
0.936031
0.935227
0.933633
0.932057
0.930498
0.928195
0.927436
0.925189
0.92445
0.922984
0.920823
0.920112
0.918009
0.916631
0.915274
0.913936
0.912619
0.911322
0.910045
0.908789
0.907554
0.906339
0.905145
0.903972
0.90282
0.901688
0.900579
0.89949
0.898422
0.89686
0.895845
0.894852
0.893879
0.892927
0.891997
0.891087
0.890199
0.889331
0.888484
0.887254
0.886854
0.886071
0.885308
0.884567
0.883494
0.883147
0.882136
0.88181
0.880861
0.880255
0.879669
0.879104
0.878559
0.878035
0.87753
0.877046
0.876581
0.876136
0.875712
0.875306
0.87492
0.874553
0.874205
0.873876
0.873566
0.873274
0.873001
0.872745
0.872507
0.872288
0.872085
0.8719
0.871732
0.871581
0.871447
0.871329
0.871227
0.871142
0.871072
0.871018
0.870979
0.870955
0.870947
0.870962
0.870989
0.871031
0.871087
0.871157
0.87124
0.871335
0.871444
0.871566
0.8717
0.871846
0.872004
0.872174
0.872355
0.872548
0.872751
0.872965
0.873189
0.873423
0.873668
0.874052
0.874185
0.874457
0.874738
0.875176
0.875478
0.875788
0.876106
0.876431
0.876764
0.877103
0.87745
0.877802
0.878162
0.878527
0.878897
0.879274
0.879655
0.880042
0.880433
0.88083
0.88123
0.881635
0.882043
0.882456
0.882872
0.883291
0.883926
0.884139
0.884568
0.884999
0.885432
0.885868
0.886306
0.886966
0.887187
0.88763
0.888074
0.888743
0.889189
0.889637
0.890085
0.890533
0.890982
0.89143
0.891878
0.892326
0.892774
0.893223
0.893669
0.894116
0.894561
0.895006
0.895449
0.895891
0.896331
0.89677
0.897207
0.897642
0.898076
0.898508
0.898937
0.899365
0.89979
0.900423
0.900633
0.901051
0.901467
0.901879
0.902494
0.902899
0.903302
0.903702
0.904099
0.904493
0.904884
0.905272
0.905656
0.906037
0.906603
0.906976
0.907346
0.907713
0.908076
0.908435
0.908791
0.909144
0.909494
0.90984
0.910182
0.910521
0.910856
0.911188
0.911679
0.911841
0.912162
0.912479
0.912793
0.913103
0.913409
0.913712
0.914159
0.914453
0.914743
0.91503
0.915313
0.915592
0.915868
0.91614
0.916409
0.916674
0.916936
0.917322
0.917575
0.917824
0.918071
0.918314
0.918553
0.91879
0.919023
0.919253
0.919479
0.919703
0.919923
0.92014
0.920354
0.920564
0.920874
0.920976
0.921177
0.921474
0.921571
0.921858
0.921953
0.922139
0.922414
0.922593
0.92277
0.922944
0.923115
0.923283
0.923449
0.923613
0.923774
0.923932
0.924088
0.924241
0.924466
0.92454
0.924759
0.924901
0.925042
0.92518
0.925316
0.92545
0.925582
0.925776
0.925902
0.926027
0.92615
0.926272
0.926391
0.926508
0.926624
0.926737
0.926849
0.92696
0.927069
0.927176
0.927281
0.927436
0.927538
0.927589
0.927737
0.927835
0.927931
0.928026
0.928119
0.928211
0.928302
0.928392
0.928481
0.928568
0.928654
0.92874
0.928866
0.928907
0.928989
0.929071
0.929111
0.92927
0.929309
0.929387
0.929501
0.92954
0.929652
0.929689
0.9298
0.929873
0.929945
0.930017
0.930087
0.930158
0.930228
0.930297
0.930365
0.930434
0.930502
0.930569
0.930636
0.930703
0.930769
0.930835
0.9309
0.930965
0.93103
0.931095
0.93116
0.931224
0.931289
0.931384
0.931415
0.931478
0.931541
0.931604
0.931698
0.93173
0.931793
0.931887
0.931919
0.932013
0.932076
0.932139
0.932202
0.932296
0.932328
0.932422
0.932485
0.932548
0.932611
0.932674
0.932737
0.9328
0.932863
0.932926
0.932989
0.933054
0.933119
0.933184
0.933281
0.933346
0.933411
0.933476
0.93354
0.933605
0.933672
0.933738
0.933805
0.933872
0.933939
0.934005
0.934072
0.934139
0.934207
0.934276
0.934379
0.934413
0.934482
0.934585
0.934619
0.934725
0.934795
0.934831
0.934936
0.935007
0.935078
0.935149
0.935222
0.935294
0.935367
0.935439
0.935511
0.935584
0.935658
0.935732
0.935807
0.935881
0.935955
0.93603
0.936105
0.936181
0.936257
0.936334
0.93641
0.936486
0.936562
0.93664
0.936757
0.936836
0.936875
0.936953
0.937031
0.937149
0.93723
0.93731
0.93739
0.93747
0.93755
0.93763
0.937711
0.937793
0.937875
0.937957
0.938039
0.938121
0.938203
0.938285
0.938367
0.938451
0.938535
0.938661
0.938702
0.938828
0.93887
0.938996
0.93908
0.939164
0.93925
0.939293
0.939421
0.939507
0.939593
0.939679
0.939765
0.93985
0.939936
0.940022
0.940108
0.940194
0.94028
0.940367
0.940455
0.940542
0.94063
0.940718
0.940806
0.940893
0.940981
0.941069
0.941157
0.941244
0.941376
0.94142
0.941507
0.941595
0.941683
0.941771
0.941902
0.941946
0.942078
0.942166
0.942256
0.942346
0.942435
0.942525
0.942615
0.942704
0.942794
0.942884
0.942973
0.943063
0.943197
0.943242
0.943377
0.943421
0.943556
0.943646
0.943735
0.943825
0.943915
0.944004
0.944094
0.944183
0.944273
0.944363
0.944452
0.944541
0.944628
0.944716
0.944804
0.944892
0.944979
0.945067
0.945155
0.945243
0.94533
0.945418
0.945506
0.945593
0.945681
0.945813
0.945901
0.945944
0.946076
0.94612
0.946252
0.946339
0.946427
0.946515
0.946602
0.94669
0.946777
0.946863
0.946949
0.947034
0.94712
0.947206
0.947292
0.947421
0.947507
0.947592
0.947678
0.947764
0.94785
0.947936
0.948022
0.948107
0.948192
0.948276
0.94836
0.948485
0.948527
0.948653
0.948737
0.948821
0.948905
0.948989
0.949073
0.949199
0.949283
0.949366
0.949448
0.94953
0.949612
0.949695
0.949777
0.9499
0.949941
0.950064
0.950105
0.950187
0.95031
0.950351
0.950432
0.950552
0.950592
0.950712
0.950792
0.950912
0.950952
0.951033
0.951153
0.951233
0.951313
0.951393
0.951472
0.95155
0.951628
0.951706
0.951784
0.951863
0.95198
0.952019
0.952136
0.952215
0.952293
0.952371
0.952409
0.952524
0.952562
0.952676
0.952753
0.952829
0.952905
0.952982
0.953058
0.953134
0.95321
0.953287
0.953325
0.953437
0.953511
0.953586
0.953697
0.953735
0.953809
0.953883
0.953958
0.954069
0.954106
0.954181
0.954292
0.954328
0.954401
0.954473
0.954546
0.954654
0.954727
0.954799
0.954872
0.954944
0.955053
0.955125
0.955162
0.955233
0.955339
0.95541
0.95548
0.955551
0.955622
0.955692
0.955763
0.955833
0.955904
0.955974
0.956045
0.956116
0.956186
0.956255
0.956324
0.956392
0.956461
0.95653
0.956598
0.956667
0.956736
0.956804
0.956907
0.956976
0.957045
0.957113
0.957182
0.957249
0.957316
0.957383
0.95745
0.957516
0.957583
0.95765
0.957717
0.957783
0.95785
0.957917
0.957984
0.95805
0.958117
0.958184
0.95825
0.958315
0.95838
0.958445
0.958542
0.958607
0.95864
0.958737
0.958769
0.958834
0.958931
0.958996
0.959061
0.959126
0.959191
0.959256
0.95932
0.959385
0.959449
0.959512
0.959575
0.959638
0.959701
0.959764
0.959827
0.95989
0.959953
0.960016
0.96011
0.960173
0.960205
0.960299
0.960331
0.960425
0.960488
0.960551
0.960613
0.960674
0.960735
0.960796
0.960857
0.960918
0.960979
0.96104
0.961101
0.961162
0.961223
0.961284
0.961345
0.961406
0.961467
0.961528
0.961589
0.96165
0.961712
0.961772
0.961831
0.96189
0.961979
0.962008
0.962097
0.962156
0.962215
0.962274
0.962334
0.962393
0.962452
0.962511
0.96257
0.962629
0.962688
0.962747
0.962836
0.962895
0.962954
0.963014
0.963073
0.963131
0.963188
0.963245
0.963302
