0
1.1921e-05
2.38419e-05
3.60611e-05
4.85785e-05
6.61015e-05
0.000105024
0.000192642
0.000362694
0.000651182
0.00109351
0.00172192
0.00256449
0.00364417
0.00497884
0.00658155
0.00950527
0.0106204
0.0130616
0.0157824
0.0203779
0.0237755
0.0274317
0.0313383
0.0354869
0.039869
0.0444759
0.0492995
0.0543316
0.0595642
0.0649899
0.0706015
0.0763921
0.0823548
0.0884835
0.0947716
0.101213
0.107802
0.114534
0.124884
0.128399
0.135522
0.142766
0.150124
0.161364
0.168986
0.176704
0.184514
0.19241
0.200389
0.208444
0.216572
0.224768
0.233028
0.245528
0.253928
0.262377
0.270871
0.279405
0.287975
0.296578
0.30521
0.313866
0.326886
0.335586
0.344297
0.353015
0.361737
0.370459
0.379179
0.387892
0.396595
0.405286
0.413962
0.42262
0.431256
0.43987
0.448458
0.457017
0.465545
0.474041
0.4825
0.490921
0.499302
0.507641
0.515935
0.524182
0.53238
0.544581
0.548622
0.556661
0.564644
0.576509
0.584344
0.592115
0.599823
0.607466
0.615041
0.622548
0.629985
0.637351
0.644644
0.655445
0.662551
0.666075
0.676526
0.68339
0.690167
0.696856
0.703454
0.709959
0.716367
0.722679
0.728891
0.735004
0.741014
0.746923
0.752729
0.758432
0.764031
0.769528
0.772238
0.780212
0.7854
0.790486
0.795469
0.800351
0.805132
0.809813
0.814394
0.818875
0.823258
0.827542
0.83173
0.83783
0.839816
0.843717
0.849391
0.851236
0.856632
0.860116
0.86351
0.866814
0.870031
0.873159
0.876202
0.880606
0.883437
0.886185
0.888851
0.891437
0.893943
0.89637
0.89872
0.900994
0.903192
0.905317
0.907369
0.909349
0.911259
0.9131
0.914873
0.916579
0.918219
0.920558
0.921306
0.923458
0.924816
0.926114
0.927355
0.928537
0.929664
0.930735
0.931752
0.932715
0.933627
0.934487
0.935297
0.936058
0.93677
0.937436
0.938055
0.938628
0.939158
0.939644
0.940087
0.94049
0.940851
0.941173
0.941456
0.941701
0.941909
0.942081
0.942218
0.94232
0.942388
0.942424
0.942418
0.942375
0.942303
0.942201
0.94207
0.941912
0.941727
0.941515
0.941278
0.941016
0.94073
0.940421
0.940088
0.939549
0.939358
0.938755
0.938328
0.937882
0.937417
0.936935
0.936434
0.935917
0.935384
0.934834
0.93427
0.933691
0.933097
0.932491
0.931871
0.931238
0.930594
0.929938
0.929271
0.928593
0.927905
0.927208
0.926501
0.925786
0.925062
0.92433
0.923219
0.922845
0.921714
0.920952
0.920184
0.919411
0.918633
0.91785
0.917064
0.916273
0.915479
0.914682
0.913882
0.913079
0.912275
0.911468
0.91066
0.90985
0.90904
0.908229
0.907011
0.9062
0.905388
0.904577
0.903766
0.902957
0.902149
0.901342
0.900536
0.899733
0.898932
0.898133
0.897337
0.896544
0.895754
0.894967
0.893793
0.893403
0.892627
0.891855
0.891087
0.890323
0.889186
0.888809
0.88806
0.886944
0.886207
0.885475
0.884749
0.884028
0.883313
0.882604
0.881901
0.881204
0.880513
0.879828
0.87915
0.878478
0.877813
0.877155
0.876503
0.875858
0.87522
0.874589
0.873965
0.873348
0.872739
0.872136
0.871541
0.870953
0.870372
0.869516
0.869234
0.868399
0.867852
0.867313
0.866781
0.866257
0.865741
0.865233
0.864486
0.863997
0.863517
0.863044
0.862579
0.862122
0.861674
0.861232
0.8608
0.860375
0.859958
0.859549
0.859148
0.858755
0.85837
0.857807
0.857624
0.857263
0.856909
0.856564
0.856059
0.855896
0.855574
0.855105
0.854803
0.854507
0.85422
0.85394
0.853668
0.853403
0.853146
0.852897
0.852655
0.852421
0.852193
0.851974
0.851761
0.851556
0.851358
0.851075
0.850895
0.850722
0.850557
0.850398
0.850246
0.850101
0.849963
0.849831
0.849706
0.849588
0.849477
0.849372
0.849273
0.849181
0.849095
0.849016
0.848942
0.848875
0.848814
0.848759
0.84871
0.848667
0.848629
0.848598
0.848572
0.848552
0.848537
0.848528
0.848524
0.848526
0.848533
0.848545
0.848563
0.848585
0.848629
0.848646
0.848704
0.848749
0.848798
0.848853
0.848911
0.848975
0.849043
0.849115
0.849192
0.849273
0.849358
0.849448
0.849541
0.849639
0.84974
0.849845
0.849955
0.850068
0.850184
0.850305
0.850428
0.85062
0.850686
0.850889
0.851028
0.851098
0.851315
0.851463
0.851615
0.851769
0.851926
0.852086
0.852249
0.852415
0.852583
0.852754
0.852927
0.853103
0.853281
0.853462
0.853644
0.853829
0.854017
0.854206
0.854398
0.854591
0.854787
0.854984
0.855183
0.855385
0.855588
0.855793
0.855999
0.856312
0.856417
0.856734
0.856841
0.857163
0.857271
0.857488
0.857816
0.858036
0.858258
0.858481
0.858817
0.859042
0.859268
0.859496
0.859724
0.859953
0.860183
0.860414
0.860646
0.860878
0.861111
0.861345
0.861579
0.861814
0.862049
0.862285
0.862522
0.862758
0.863115
0.863233
0.863472
0.86371
0.864068
0.864188
0.864547
0.864787
0.865026
0.865267
0.865507
0.865747
0.865988
0.866228
0.866468
0.866709
0.866949
0.867189
0.86743
0.86767
0.86791
0.868149
0.868389
0.868628
0.868867
0.869106
0.869345
0.869583
0.869821
0.870059
0.870296
0.870534
0.87077
0.871007
0.87136
0.871596
0.871713
0.871948
0.872182
0.872533
0.872649
0.872882
0.87323
0.873462
0.873693
0.873923
0.874153
0.874383
0.874611
0.874839
0.875067
0.875294
0.875521
0.875746
0.875971
0.876196
0.87642
0.876643
0.876977
0.877198
0.87742
0.87764
0.87786
0.878079
0.878297
0.878515
0.87884
0.879056
0.879272
0.879487
0.8797
0.879914
0.880126
0.880338
0.880549
0.88076
0.880969
0.881178
0.881386
0.881594
0.8818
0.882006
0.882212
0.882416
0.88262
0.882823
0.883025
0.883227
0.883428
0.883628
0.883828
0.884026
0.884323
0.88452
0.884717
0.884912
0.885107
0.885301
0.885495
0.885687
0.885879
0.886166
0.886357
0.886546
0.886735
0.886923
0.887111
0.887297
0.887483
0.887669
0.887853
0.888037
0.88822
0.888403
0.888585
0.888766
0.889037
0.889127
0.889395
0.889484
0.889751
0.889928
0.890105
0.89028
0.890455
0.89063
0.890804
0.890977
0.891149
0.891321
0.891492
0.891748
0.891833
0.892003
0.892171
0.89234
0.892591
0.892758
0.892841
0.893089
0.893254
0.893418
0.893582
0.893745
0.893827
0.89407
0.894232
0.894393
0.894553
0.894713
0.894872
0.895031
0.895189
0.895346
0.895504
0.89566
0.895816
0.895972
0.896127
0.896281
0.896436
0.896589
0.896742
0.896895
0.897123
0.897199
0.89735
0.897501
0.897651
0.897801
0.898025
0.898174
0.898322
0.89847
0.898618
0.898765
0.898912
0.899058
0.899204
0.899349
0.899494
0.899639
0.899783
0.899999
0.900071
0.900286
0.900428
0.900499
0.900712
0.900783
0.900995
0.901135
0.901276
0.901416
0.901555
0.901694
0.901834
0.901972
0.90211
0.902248
0.902386
0.902523
0.902728
0.902796
0.902933
0.903069
0.903204
0.90334
0.903475
0.903677
0.903744
0.903946
0.904079
0.904213
0.904346
0.904479
0.904611
0.904744
0.904876
0.905008
0.90514
0.905271
0.905402
0.905533
0.905664
0.905859
0.905924
0.906054
0.906248
0.906378
0.906442
0.906571
0.906764
0.906828
0.90702
0.907084
0.907211
0.907403
0.907529
0.907656
0.907783
0.90791
0.908035
0.908161
0.908287
0.908413
0.908538
0.908663
0.908788
0.908913
0.909037
0.909161
0.909285
0.909409
0.909533
0.909656
0.909779
0.909902
0.910025
0.910148
0.910271
0.910393
0.910576
0.910637
0.91082
0.910941
0.911062
0.911183
0.911304
0.911425
0.911546
0.911666
0.911786
0.911907
0.912087
0.912147
0.912267
0.912446
0.912565
0.912625
0.912803
0.912863
0.913041
0.913159
0.913278
0.913396
0.913514
0.913632
0.91375
0.913868
0.913985
0.914102
0.91422
0.914337
0.914454
0.914571
0.914687
0.914803
0.91492
0.915036
0.91521
0.915269
0.915442
0.9155
0.915615
0.91573
0.915846
0.916019
0.916076
0.916192
0.916306
0.916478
0.916535
0.916707
0.916821
0.916935
0.91705
0.917163
0.917277
0.91739
0.917504
0.917617
0.917731
0.917844
0.917957
0.918069
0.918182
0.918351
0.918463
0.918576
0.918688
0.9188
0.918912
0.919023
0.919135
0.919246
0.919358
0.91947
0.919636
0.919747
0.919857
0.919968
0.920079
0.920189
0.9203
0.920465
0.920575
0.920684
0.920794
0.920904
0.921013
0.921123
0.921233
0.921342
0.92145
0.921559
0.921668
0.921776
0.921885
0.921994
0.922102
0.92221
0.922372
0.92248
0.922587
0.922695
0.922803
0.922911
0.923018
0.923125
0.923231
0.923338
0.923498
0.923552
0.923659
0.923819
0.923872
0.923978
0.924136
0.924189
0.924348
0.924454
0.92456
0.924665
0.92477
0.924875
0.92498
0.925085
0.92519
0.925295
0.925399
0.925504
0.92566
0.925712
0.925867
0.925971
0.926023
0.926179
0.926283
0.926386
0.926489
0.926592
0.926695
0.926798
0.926901
0.927004
0.927107
0.927209
0.927311
0.927413
0.927515
0.927617
0.92772
0.927822
0.927974
0.928024
0.928176
0.928227
0.928328
0.928479
0.92853
0.928681
0.928731
0.928882
0.928982
0.929032
0.929182
0.929282
0.929382
0.929482
0.929531
0.92968
0.929779
0.929878
0.929978
0.930077
0.930176
0.930274
0.930372
0.93047
0.930569
0.930667
0.930765
0.930863
0.93096
0.931058
0.931155
0.931252
0.93135
0.931447
0.931544
0.931641
0.931737
0.931833
0.93193
0.932026
0.932122
0.932219
0.932315
0.93241
0.932506
0.932601
0.932696
0.932792
0.932887
0.93303
0.933078
0.933173
0.933267
0.933409
0.933503
0.93355
0.933692
0.933786
0.933881
0.933974
0.934068
0.934161
0.934255
0.934348
0.934442
0.934535
0.934629
0.934722
0.934814
0.934907
0.934999
0.935092
0.935184
0.935277
0.935369
0.935461
0.935553
0.935644
0.935736
0.935828
0.935965
0.936011
0.936148
0.936238
0.936284
0.93642
0.93651
0.936601
0.936691
0.936782
0.936872
0.936962
0.937052
0.937141
0.937231
0.937321
0.93741
0.9375
0.937589
0.937678
0.937766
0.937855
0.937944
0.938033
0.938121
0.93821
0.938298
0.938386
0.938473
