0
1.7166e-05
2.86095e-05
4.00543e-05
5.14979e-05
6.77103e-05
0.00013113
0.000335216
0.000813008
0.00171709
0.0032053
0.00542545
0.0085125
0.0125856
0.020752
0.0240593
0.0315919
0.0452461
0.0504336
0.0679011
0.0743527
0.0955534
0.111183
0.127964
0.145851
0.164801
0.184763
0.205691
0.227535
0.250246
0.273777
0.298084
0.323121
0.348841
0.375202
0.40216
0.429668
0.457683
0.486157
0.52964
0.544317
0.588812
0.618809
0.633889
0.679394
0.709893
0.740467
0.771073
0.801663
0.832191
0.862615
0.892887
0.922964
0.952806
0.982365
1.0116
1.04048
1.06896
1.09699
1.12455
1.1516
1.19113
1.21675
1.24174
1.26608
1.28974
1.31269
1.33491
1.35637
1.37705
1.39692
1.41596
1.43416
1.45149
1.46794
1.4835
1.50515
1.5119
1.52473
1.54222
1.55272
1.56226
1.57086
1.57851
1.58521
1.59095
1.59573
1.59957
1.60245
1.60439
1.60539
1.60546
1.6046
1.60283
1.59847
1.59446
1.58958
1.58384
1.57727
1.56987
1.56168
1.55271
1.54298
1.53251
1.52134
1.50947
1.49695
1.48378
1.47001
1.45565
1.44073
1.42528
1.40933
1.3929
1.37601
1.35871
1.34101
1.32295
1.30455
1.28585
1.26687
1.24764
1.2282
1.20858
1.1888
1.1689
1.1489
1.12883
1.09868
1.07858
1.05853
1.04852
1.01864
0.998861
0.979239
0.959796
0.931031
0.912161
0.902828
0.875278
0.857311
0.839692
0.822443
0.805583
0.789138
0.773125
0.757565
0.74248
0.727888
0.713806
0.700252
0.68724
0.674787
0.662905
0.651607
0.640903
0.630801
0.621313
0.612444
0.604198
0.596581
0.589597
0.583244
0.577527
0.572444
0.567995
0.562509
0.559639
0.557398
0.555781
0.554786
0.554404
0.554633
0.55547
0.556904
0.55893
0.56154
0.564724
0.568472
0.572771
0.577616
0.58299
0.588881
0.595276
0.602161
0.60952
0.617337
0.625599
0.634286
0.643383
0.652872
0.662737
0.678193
0.68891
0.699938
0.711254
0.72284
0.734679
0.746747
0.759025
0.771492
0.784128
0.79691
0.80982
0.822842
0.835954
0.849139
0.862377
0.87565
0.88894
0.902228
0.922119
0.928728
0.948461
0.961516
0.974471
0.987308
1.00001
1.01255
1.02491
1.03708
1.04904
1.06077
1.07226
1.08348
1.09444
1.11034
1.12057
1.1305
1.14011
1.14939
1.15834
1.16695
1.1752
1.18308
1.19059
1.19771
1.20444
1.21076
1.21669
1.2222
1.2273
1.23198
1.23625
1.24009
1.24352
1.24652
1.24911
1.25128
1.25303
1.25488
1.25529
1.2559
1.25581
1.25531
1.25442
1.25383
1.25146
1.24941
1.24699
1.24419
1.24104
1.23754
1.2337
1.22731
1.22265
1.21768
1.21241
1.20685
1.20102
1.19492
1.18857
1.18197
1.17165
1.16451
1.15716
1.14963
1.14192
1.13405
1.12604
1.11788
1.10961
1.10122
1.09274
1.07987
1.07987
1.0625
1.05375
1.04499
1.03622
1.02745
1.0187
1.00998
1.00131
0.992689
0.984139
0.975674
0.963158
0.954954
0.950899
0.938927
0.931119
0.92727
0.915953
0.908606
0.901424
0.894413
0.887581
0.880932
0.874475
0.868217
0.86217
0.85634
0.850739
0.845373
0.840249
0.835376
0.830759
0.826404
0.822316
0.818498
0.814954
0.811688
0.808702
0.805996
0.803573
0.801433
0.799576
0.798001
0.79671
0.795301
0.794971
0.794399
0.794361
0.794445
0.7951
0.79587
0.796902
0.798192
0.799737
0.80153
0.803567
0.805843
0.808352
0.811089
0.814046
0.817219
0.820599
0.82418
0.827954
0.831918
0.836059
0.840371
0.844848
0.849479
0.854259
0.859179
0.8668
0.869402
0.874691
0.88282
0.885578
0.891158
0.899673
0.902547
0.911255
0.917121
0.923026
0.92896
0.934915
0.940881
0.94685
0.952813
0.958761
0.964684
0.970572
0.976411
0.98219
0.987905
0.993541
0.999091
1.00454
1.00989
1.01513
1.02026
1.02526
1.03252
1.03488
1.03949
1.04397
1.04831
1.05251
1.05856
1.0605
1.06428
1.06792
1.07142
1.07639
1.07798
1.08104
1.08535
1.08671
1.08931
1.09292
1.09404
1.09716
1.09902
1.1007
1.10221
1.10353
1.10467
1.10562
1.10639
1.10697
1.10736
1.10757
1.10758
1.10742
1.10708
1.10656
1.10587
1.105
1.10396
1.10276
1.1014
1.09987
1.0982
1.09637
1.0944
1.09228
1.09003
1.08764
1.08513
1.08249
1.07974
1.07687
1.0739
1.07082
1.06603
1.06438
1.06103
1.0576
1.05232
1.05053
1.04507
1.04323
1.03764
1.03388
1.0301
1.02631
1.02251
1.01871
1.01492
1.01114
1.00738
1.00364
0.999936
0.996264
0.992628
0.989034
0.985484
0.981981
0.978527
0.975126
0.97178
0.968488
0.965257
0.96208
0.958963
0.954409
0.952923
0.948561
0.94714
0.944349
0.940293
0.938976
0.935137
0.933894
0.930284
0.929119
0.925748
0.923605
0.921548
0.91958
0.917703
0.91592
0.914236
0.912655
0.911179
0.909812
0.908558
0.90742
0.906398
0.905498
0.904719
0.904063
0.903529
0.903117
0.902827
0.902663
0.902625
0.902708
0.902906
0.903227
0.903665
0.904218
0.904885
0.906096
0.906553
0.908086
0.909237
0.910489
0.911839
0.913284
0.914822
0.916448
0.91816
0.919956
0.92183
0.923779
0.925801
0.927891
0.930046
0.932262
0.934533
0.936856
0.939227
0.94164
0.944089
0.946567
0.949068
0.951585
0.954113
0.956646
0.959179
0.961706
0.964223
0.967972
0.969213
0.971675
0.97532
0.97652
0.978896
0.981239
0.983545
0.986929
0.988036
0.990217
0.993404
0.99547
0.997486
0.999453
1.00137
1.00323
1.00504
1.0068
1.0085
1.01014
1.01173
1.01327
1.01475
1.01617
1.01754
1.01886
1.02011
1.02131
1.02246
1.02355
1.02458
1.02556
1.02649
1.02736
1.02817
1.02894
1.02964
1.0303
1.0309
1.03145
1.03195
1.0324
1.03279
1.03313
1.03355
1.03367
1.03394
1.03406
1.03413
1.03415
1.03412
1.03405
1.03393
1.03377
1.03356
1.03331
1.03301
1.03268
1.0323
1.03188
1.03142
1.03093
1.0304
1.02983
1.02923
1.02859
1.02792
1.02686
1.02649
1.02573
1.02494
1.02371
1.02329
1.02242
1.02154
1.02017
1.01923
1.01876
1.0173
1.01632
1.01531
1.0143
1.01327
1.01223
1.01118
1.01012
1.00906
1.00798
1.00691
1.00583
1.00474
1.00366
1.00258
1.00149
1.00041
0.999325
0.998241
0.997163
0.996087
0.995018
0.993953
0.992893
0.99184
0.990795
0.989758
0.988729
0.987709
0.986698
0.985697
0.984708
0.983728
0.982762
0.981808
0.980865
0.979479
0.979023
0.977678
0.977238
0.976368
0.975513
0.974676
0.973452
0.973052
0.971881
0.971125
0.970386
0.969667
0.968969
0.968291
0.967634
0.966997
0.966383
0.96579
0.965219
0.964671
0.964146
0.963644
0.963165
0.962492
0.962279
0.961872
0.961307
0.96113
0.960796
0.960486
0.960069
0.959942
0.959707
0.9594
0.959311
0.959078
0.958954
0.958901
0.95878
0.958729
0.958701
0.958698
0.958718
0.958762
0.958829
0.958918
0.959029
0.959093
0.959317
0.959494
0.959691
0.959908
0.960146
0.960402
0.960676
0.960969
0.96128
0.961608
0.961953
0.962314
0.962689
0.96308
0.963486
0.963904
0.964336
0.964782
0.965238
0.965706
0.966184
0.966672
0.96717
0.967676
0.96845
0.968711
0.969504
0.970039
0.97031
0.970852
0.971401
0.972226
0.972783
0.97334
0.973897
0.974454
0.975011
0.975568
0.976125
0.976682
0.977232
0.977781
0.978329
0.97887
0.979409
0.979943
0.980472
0.980995
0.981769
0.982024
0.982778
0.983026
0.983758
0.984237
0.984473
0.985168
0.985621
0.986066
0.986284
0.986926
0.987342
0.987748
0.988143
0.988528
0.988904
0.989268
0.989622
0.989965
0.990297
0.990619
0.990929
0.991229
0.991516
0.991794
0.992059
0.992313
0.992557
0.992789
0.993011
0.99322
0.99342
0.993608
0.993786
0.993952
0.994108
0.994254
0.994389
0.994514
0.994628
0.994732
0.994826
0.994911
0.994986
0.99505
0.995107
0.995173
0.995205
0.995229
0.995243
0.995249
0.995246
0.995235
0.995216
0.99519
0.995155
0.995113
0.995064
0.995007
0.994943
0.994872
0.994795
0.994711
0.994619
0.994522
0.994419
0.994311
0.994197
0.994077
0.993953
0.993823
0.993689
0.993551
0.993334
0.99326
0.993032
0.992954
0.992714
0.992634
0.992467
0.992215
0.99213
0.991867
0.991692
0.991514
0.991331
0.991148
0.990965
0.990782
0.990599
0.990409
0.990218
0.990027
0.989837
0.989646
0.989455
0.989264
0.989074
0.988883
0.988692
0.988503
0.988319
0.988136
0.987953
0.98777
0.987587
0.987404
0.987141
0.987053
0.98679
0.986703
0.986451
0.986283
0.986118
0.985958
0.985798
0.985642
0.985566
0.985338
0.985193
0.985048
0.984909
0.984772
0.984639
0.984509
0.984384
0.984262
0.984143
0.984029
0.983918
0.983811
0.983709
0.98361
0.983471
0.983425
0.983298
0.983219
0.983181
0.983108
0.983039
0.982944
0.982884
0.982831
0.982781
0.982736
0.982696
0.982657
0.982627
0.982597
0.982574
0.982554
0.982539
0.982528
0.98252
0.982518
0.982518
0.982525
0.982533
0.982547
0.982562
0.982584
0.982607
0.982636
0.982667
0.982703
0.982741
0.982783
0.982829
0.982903
0.98293
0.983012
0.983073
0.983104
0.983167
0.98327
0.983338
0.983376
0.98349
0.983528
0.983648
0.983732
0.983774
0.983902
0.983994
0.984085
0.984177
0.984269
0.984319
0.984468
0.984567
0.984666
0.984765
0.984869
0.984976
0.985083
0.985189
0.985296
0.985403
0.98551
0.985617
0.985723
0.98583
0.985991
0.986044
0.986151
0.986311
0.986364
0.986471
0.986631
0.986685
0.986845
0.986952
0.987059
0.987165
0.987272
0.987379
0.987486
0.987593
0.9877
0.987806
0.987907
0.988007
0.988106
0.988255
0.988354
0.988453
0.98855
0.988642
0.988733
0.988825
0.988916
0.989008
0.989096
0.98918
0.989264
0.989347
0.989431
0.989511
0.989587
0.989663
0.989739
0.989816
0.989884
0.989953
0.990022
0.99009
0.990154
0.990246
0.990276
0.990368
