0
1.14435e-05
2.28884e-05
3.43319e-05
4.57768e-05
6.05583e-05
0.000110149
0.000261306
0.000606536
0.00125122
0.00230122
0.00385761
0.00600958
0.00883627
0.0123982
0.0192237
0.0248046
0.0279112
0.0385022
0.0466175
0.055562
0.0653181
0.0758634
0.0871725
0.0992174
0.11197
0.1254
0.139479
0.154176
0.169464
0.185314
0.201699
0.218595
0.235973
0.253809
0.27208
0.290761
0.309825
0.329251
0.349013
0.379236
0.389452
0.410079
0.430946
0.452029
0.473303
0.505522
0.516331
0.538036
0.559837
0.592669
0.614608
0.636565
0.658514
0.680436
0.702307
0.724106
0.745813
0.767406
0.788864
0.810166
0.831294
0.852227
0.872947
0.893435
0.913673
0.933645
0.953335
0.982303
0.9918
1.01054
1.02894
1.04698
1.06465
1.08193
1.10709
1.12336
1.13133
1.15462
1.16961
1.18416
1.19827
1.21193
1.22514
1.23788
1.25015
1.26194
1.27325
1.28406
1.29439
1.30421
1.31353
1.32234
1.33065
1.33845
1.34573
1.35251
1.35878
1.36455
1.36981
1.37457
1.37883
1.38259
1.38586
1.38865
1.39095
1.39278
1.39414
1.39504
1.39548
1.39548
1.39503
1.39354
1.39202
1.39008
1.38773
1.38499
1.38186
1.37834
1.37445
1.3702
1.3656
1.36065
1.35538
1.34977
1.34386
1.33764
1.33114
1.32435
1.31729
1.30998
1.30242
1.29065
1.28662
1.27839
1.26996
1.25697
1.25255
1.2436
1.22988
1.22056
1.21112
1.20156
1.19191
1.18216
1.17234
1.16245
1.1525
1.13749
1.12745
1.11738
1.1073
1.09722
1.08715
1.0771
1.06708
1.05213
1.04223
1.03241
1.02266
1.01301
1.00346
0.994029
0.980107
0.970992
0.966486
0.953188
0.944512
0.935988
0.927623
0.919418
0.911376
0.903498
0.895786
0.884534
0.880869
0.870131
0.863191
0.856431
0.849855
0.84347
0.837279
0.831291
0.82551
0.819942
0.81459
0.809461
0.802188
0.797626
0.793294
0.789195
0.783484
0.781698
0.778302
0.773648
0.77084
0.768266
0.765926
0.76382
0.761946
0.760303
0.758889
0.757703
0.756345
0.755717
0.755309
0.755116
0.755137
0.755367
0.755804
0.756444
0.757284
0.758319
0.760231
0.761737
0.763426
0.765293
0.767332
0.76954
0.771912
0.774442
0.777126
0.77996
0.782938
0.786057
0.789309
0.79269
0.797993
0.801675
0.805468
0.811353
0.8154
0.819539
0.823765
0.828072
0.832454
0.836906
0.841423
0.845998
0.852957
0.857654
0.862391
0.867163
0.871964
0.876791
0.881637
0.886497
0.891366
0.896241
0.901114
0.908411
0.913259
0.918086
0.922886
0.927651
0.932375
0.937051
0.941674
0.946236
0.950736
0.955166
0.959524
0.963804
0.968004
0.972121
0.976151
0.980093
0.983944
0.989548
0.993166
0.994939
1.00011
1.00179
1.00667
1.00825
1.01284
1.01578
1.01721
1.02136
1.024
1.02655
1.029
1.03135
1.03361
1.03578
1.03785
1.03983
1.04172
1.04439
1.04605
1.04762
1.04911
1.05051
1.05182
1.05304
1.05418
1.05524
1.05621
1.0571
1.05791
1.05863
1.05928
1.05985
1.06033
1.06075
1.06108
1.06145
1.0616
1.06167
1.06168
1.06162
1.06149
1.06129
1.06102
1.06069
1.0603
1.05959
1.05904
1.05844
1.05777
1.05705
1.05628
1.05546
1.05458
1.05365
1.05268
1.05166
1.05059
1.04948
1.04833
1.04715
1.04529
1.04401
1.0427
1.04135
1.03997
1.03857
1.03713
1.03567
1.03419
1.03192
1.03038
1.02883
1.02725
1.02566
1.02406
1.02244
1.02081
1.01917
1.01669
1.01503
1.01336
1.01169
1.01002
1.00834
1.00666
1.00498
1.0033
1.00163
0.999953
0.997449
0.996617
0.99413
0.993304
0.990838
0.989204
0.987579
0.985965
0.984361
0.982769
0.981188
0.97962
0.978065
0.976523
0.974995
0.973483
0.971985
0.969768
0.968309
0.966867
0.965443
0.964036
0.962647
0.961277
0.959926
0.957937
0.956636
0.955357
0.9541
0.952865
0.951652
0.950463
0.949297
0.948156
0.947039
0.945947
0.94488
0.943838
0.942324
0.941348
0.940398
0.939475
0.938579
0.93771
0.936869
0.936056
0.934889
0.934147
0.933433
0.932748
0.932094
0.931468
0.930871
0.930304
0.929768
0.929262
0.928783
0.928335
0.927917
0.92753
0.927173
0.926843
0.926543
0.926274
0.926032
0.92582
0.925637
0.925416
0.925355
0.925258
0.925162
0.925133
0.925131
0.925156
0.925207
0.925284
0.925387
0.925516
0.925669
0.925847
0.926048
0.926273
0.926653
0.926935
0.927238
0.927562
0.927907
0.928271
0.928655
0.929058
0.929478
0.930143
0.930606
0.931087
0.931583
0.932093
0.932618
0.933156
0.933707
0.93427
0.934845
0.935431
0.936026
0.936632
0.937247
0.93787
0.9385
0.939137
0.940105
0.940431
0.941414
0.941744
0.94274
0.943074
0.943743
0.944415
0.945086
0.945762
0.946437
0.94745
0.947786
0.948793
0.949129
0.95013
0.950795
0.951456
0.952114
0.952767
0.953416
0.95406
0.954699
0.955331
0.955958
0.956578
0.957191
0.957798
0.958397
0.958988
0.959572
0.960147
0.960714
0.961273
0.962094
0.962363
0.963157
0.963675
0.96393
0.964681
0.96517
0.965649
0.966117
0.966577
0.967026
0.967465
0.967894
0.968516
0.968719
0.969311
0.969693
0.970063
0.970424
0.970773
0.971112
0.971441
0.971758
0.972065
0.972363
0.972649
0.972924
0.973318
0.973567
0.973807
0.974037
0.974256
0.974465
0.974665
0.974855
0.975035
0.975206
0.975445
0.975592
0.97573
0.975859
0.975979
0.97609
0.976193
0.976287
0.976412
0.976486
0.976519
0.976608
0.976657
0.976699
0.976734
0.976761
0.976781
0.976794
0.9768
0.976797
0.976787
0.97677
0.976748
0.976719
0.976685
0.976645
0.976599
0.976548
0.976492
0.976431
0.976365
0.976257
0.97618
0.976099
0.976013
0.975877
0.975782
0.975683
0.975581
0.975476
0.975368
0.975257
0.975142
0.975026
0.974907
0.974785
0.974662
0.974473
0.974345
0.974215
0.974084
0.973951
0.973817
0.973683
0.973546
0.97334
0.973203
0.973065
0.972928
0.972791
0.972653
0.972516
0.972379
0.972241
0.972104
0.971967
0.971829
0.971692
0.971556
0.971423
0.971222
0.971089
0.97096
0.97083
0.970701
0.970575
0.970449
0.970326
0.970204
0.970085
0.969966
0.969851
0.969736
0.969625
0.96946
0.969407
0.96925
0.969148
0.969049
0.968952
0.968857
0.968766
0.968677
0.96859
0.968506
0.968426
0.968348
0.968235
0.968164
0.968095
0.96803
0.967968
0.967908
0.967851
0.967797
0.967747
0.967699
0.967653
0.967611
0.967573
0.96752
0.967489
0.967461
0.967435
0.967412
0.967393
0.967377
0.967363
0.967352
0.967342
0.967339
0.967339
0.967341
0.967347
0.967354
0.967366
0.96738
0.967405
0.967426
0.967449
0.967475
0.967503
0.967534
0.967567
0.967603
0.967641
0.967682
0.967725
0.967771
0.967819
0.967868
0.967921
0.968004
0.968061
0.968121
0.968182
0.968246
0.968311
0.968379
0.968448
0.968556
0.968592
0.968667
0.968781
0.968859
0.968939
0.969019
0.969103
0.969187
0.969271
0.969358
0.969446
0.969534
0.969624
0.969716
0.969807
0.969945
0.970041
0.970136
0.970232
0.970327
0.970424
0.970523
0.970623
0.970722
0.970821
0.97097
0.971069
0.971169
0.971272
0.971375
0.971478
0.971581
0.971684
0.971786
0.971889
0.971992
0.972095
0.972198
0.972301
0.972404
0.972507
0.97261
0.972713
0.972814
0.972913
0.973012
0.973112
0.973211
0.97331
0.973409
0.973558
0.973608
0.973754
0.973802
0.973945
0.97404
0.974135
0.974231
0.974325
0.974416
0.974508
0.974599
0.974691
0.974782
0.97487
0.974957
0.975045
0.975133
0.975219
0.975303
0.975387
0.975471
0.975554
0.975634
0.975714
0.975794
0.975874
0.975951
0.976027
0.976103
0.97618
0.976252
0.976325
0.976397
0.97647
0.976538
0.976607
0.97671
0.976744
0.976809
0.976906
0.976971
0.977034
0.977095
0.977156
0.977217
0.977276
0.977334
0.977391
0.977448
0.977504
0.977557
0.977637
0.977691
0.977742
0.977791
0.977841
0.97789
0.97794
0.978009
0.978032
0.978077
0.978123
0.978168
0.978231
0.978252
0.978294
0.978357
0.978396
0.978435
0.978473
0.978511
0.978549
0.978587
0.978621
0.978655
0.978673
0.978724
0.978758
0.978793
0.978824
0.978854
0.978885
0.978915
0.978946
0.978976
0.979007
0.979035
0.979062
0.979088
0.979115
0.979142
0.979168
0.979195
0.979222
0.979262
0.979287
0.97931
0.979332
0.979355
0.979378
0.979401
0.979424
0.979447
0.97947
0.979493
0.979516
0.979538
0.979561
0.979584
0.979619
0.97964
0.97965
0.979679
0.979698
0.979717
0.979736
0.979755
0.979774
0.979793
0.979812
0.979831
0.97985
0.979869
0.979888
0.979908
0.979927
0.979946
0.979965
0.979984
0.980003
0.980022
0.980051
0.98006
0.980079
0.980108
0.980117
0.980146
0.980165
0.980184
0.980203
0.980222
0.980241
0.98026
0.980283
0.980318
0.98034
0.980363
0.980386
0.980409
0.980432
0.980455
0.980478
0.980512
0.980535
0.980558
0.980581
0.980604
0.980627
0.980649
0.980672
0.980695
0.980718
0.980741
0.980764
0.980787
0.980812
0.980839
0.980865
0.980892
0.980919
0.980959
0.980972
0.981012
0.981039
0.981052
0.981092
0.981119
0.981146
0.981173
0.981199
0.981226
0.981253
0.981279
0.981306
0.981333
0.981359
0.981388
0.981418
0.981449
0.981479
0.98151
0.98154
0.981571
0.981601
0.981632
0.981662
0.981693
0.981723
0.981754
0.981784
0.981815
0.981845
0.981876
0.981906
0.981937
0.981967
0.981998
0.982028
0.982059
0.982105
0.982135
0.982166
0.982196
0.982227
0.982257
0.982291
0.982325
0.982377
0.982411
0.982445
0.98248
0.982514
0.982548
0.982583
0.982617
0.982651
0.982686
0.98272
0.982754
0.982789
0.982823
0.982857
0.982892
0.982926
0.982977
0.982995
0.983046
0.98308
0.983115
0.983149
0.983183
0.983218
0.983252
0.983286
0.983321
0.983372
0.983407
0.983441
0.983475
0.98351
0.983544
0.983578
0.983613
0.983647
0.983681
0.983733
0.983767
0.983801
0.983836
