0
1.52589e-05
3.05178e-05
4.57768e-05
6.86652e-05
8.01087e-05
0.000149727
0.000370026
0.00131035
0.00259018
0.00348949
0.00746632
0.0113649
0.0164061
0.022687
0.0302868
0.0392551
0.0496244
0.061409
0.074604
0.0891905
0.105143
0.122418
0.140975
0.160762
0.181729
0.203824
0.22699
0.251177
0.276328
0.302391
0.329312
0.357038
0.385509
0.414679
0.444489
0.474887
0.50582
0.537237
0.569084
0.601307
0.633852
0.666666
0.699697
0.732888
0.766189
0.799545
0.832904
0.866214
0.899423
0.932476
0.965326
1.01411
1.03022
1.07798
1.10931
1.12479
1.1554
1.20027
1.22945
1.25797
1.28582
1.31294
1.3393
1.36485
1.38958
1.41343
1.43639
1.45841
1.47947
1.49955
1.51861
1.53663
1.5536
1.5695
1.5843
1.59799
1.61057
1.62201
1.63231
1.64147
1.64948
1.65633
1.66444
1.66657
1.66996
1.67289
1.67342
1.67282
1.67111
1.66828
1.66437
1.65937
1.65332
1.64622
1.63811
1.62899
1.61891
1.60787
1.59591
1.58305
1.56933
1.55476
1.53939
1.52323
1.50634
1.48873
1.47044
1.4515
1.43196
1.41185
1.3912
1.37005
1.33748
1.32642
1.304
1.28124
1.25818
1.2231
1.19944
1.18755
1.15167
1.12764
1.10355
1.07946
1.05539
1.0314
1.00751
0.983766
0.960207
0.93687
0.913794
0.891013
0.868566
0.846483
0.8248
0.803545
0.782747
0.762436
0.74264
0.723383
0.704695
0.686599
0.669119
0.652279
0.636101
0.620604
0.605807
0.591731
0.578389
0.559788
0.55397
0.542921
0.532656
0.523192
0.514535
0.506691
0.499668
0.493469
0.485723
0.483555
0.479842
0.475828
0.474184
0.473361
0.473352
0.474153
0.475751
0.478142
0.481315
0.485255
0.489953
0.495393
0.50156
0.508438
0.516009
0.524258
0.533163
0.542706
0.552866
0.563622
0.57495
0.586831
0.59924
0.612154
0.625546
0.639393
0.66096
0.668348
0.683403
0.698809
0.714537
0.738672
0.755083
0.771718
0.788549
0.805548
0.822683
0.839931
0.857261
0.874642
0.892044
0.909441
0.926803
0.944099
0.961305
0.978392
0.995332
1.0121
1.02867
1.04501
1.0611
1.08472
1.10007
1.1151
1.12249
1.14409
1.15802
1.17155
1.18465
1.19732
1.20953
1.22127
1.23252
1.24327
1.2535
1.2632
1.27236
1.28097
1.28902
1.2965
1.3034
1.30972
1.31545
1.32059
1.32514
1.32909
1.33245
1.33522
1.33739
1.33897
1.33996
1.34037
1.3402
1.33946
1.33815
1.33628
1.33386
1.33089
1.32544
1.32115
1.31635
1.31377
1.30528
1.29903
1.29231
1.28516
1.27757
1.26958
1.26118
1.25241
1.24327
1.23379
1.22398
1.21386
1.20346
1.19279
1.18186
1.17071
1.15935
1.1478
1.13608
1.12422
1.11222
1.10012
1.08793
1.07567
1.06337
1.05103
1.0387
1.02637
1.00795
1.00184
0.983632
0.971618
0.959729
0.947985
0.936403
0.925002
0.913797
0.902801
0.892026
0.881483
0.871183
0.861137
0.851357
0.841852
0.832636
0.823721
0.81512
0.806844
0.798904
0.791313
0.784081
0.777214
0.770724
0.76462
0.758905
0.75359
0.748678
0.742078
0.740085
0.73641
0.733155
0.730321
0.727909
0.725922
0.724356
0.723214
0.722493
0.722197
0.722306
0.722835
0.724394
0.725115
0.727877
0.730207
0.731517
0.736011
0.739467
0.743286
0.747458
0.751971
0.756816
0.761982
0.767458
0.773234
0.779299
0.785638
0.792241
0.799092
0.806182
0.813495
0.821017
0.828734
0.836634
0.844703
0.852925
0.861285
0.874054
0.878364
0.887053
0.895823
0.904659
0.913546
0.926938
0.931412
0.940361
0.953769
0.962673
0.971534
0.980336
0.989067
0.997709
1.00625
1.01467
1.02295
1.03109
1.03907
1.04687
1.0545
1.06193
1.06917
1.0762
1.08303
1.08964
1.09604
1.10222
1.10816
1.11388
1.11935
1.12457
1.12953
1.13423
1.13866
1.14282
1.1467
1.15029
1.15359
1.1566
1.15931
1.16172
1.16383
1.16564
1.16715
1.16836
1.16926
1.16987
1.17017
1.17018
1.16989
1.16931
1.16844
1.16728
1.16584
1.16413
1.16214
1.15988
1.15737
1.15312
1.15158
1.14832
1.14299
1.1411
1.1351
1.133
1.12864
1.12174
1.11691
1.11191
1.10675
1.10143
1.09597
1.09038
1.08467
1.07884
1.07291
1.06689
1.06079
1.05462
1.04839
1.04211
1.03579
1.02945
1.0231
1.01674
1.0104
1.00408
0.997799
0.991565
0.985389
0.979282
0.973253
0.96731
0.961461
0.955712
0.950068
0.944532
0.939111
0.933808
0.928628
0.92357
0.918637
0.913837
0.906897
0.904655
0.900284
0.89607
0.892019
0.88627
0.884444
0.880931
0.876023
0.874486
0.870182
0.867573
0.866348
0.862996
0.861032
0.859287
0.857763
0.85646
0.855377
0.854516
0.853875
0.853455
0.853252
0.853268
0.853497
0.853939
0.854591
0.855451
0.856514
0.857777
0.859236
0.860888
0.862729
0.864755
0.866956
0.869331
0.871877
0.874585
0.877452
0.88047
0.883636
0.886941
0.89038
0.893948
0.897635
0.901437
0.905346
0.909355
0.913459
0.919772
0.921915
0.926253
0.930658
0.935117
0.941895
0.944174
0.948757
0.955678
0.960312
0.964951
0.969585
0.974207
0.978804
0.983368
0.987889
0.992357
0.996766
1.00111
1.00537
1.00956
1.01366
1.01766
1.02157
1.02538
1.02908
1.03269
1.03618
1.03957
1.04285
1.04601
1.04907
1.05201
1.05484
1.05756
1.06142
1.06265
1.06501
1.06834
1.06939
1.07235
1.07416
1.07585
1.0774
1.07812
1.08009
1.08122
1.0822
1.08304
1.08372
1.08425
1.08462
1.08484
1.0849
1.0848
1.08455
1.08415
1.08359
1.08289
1.08204
1.08104
1.0799
1.07863
1.07722
1.07568
1.07402
1.07223
1.07032
1.0683
1.06616
1.06392
1.06157
1.05913
1.05529
1.05263
1.04989
1.04707
1.04419
1.04126
1.03828
1.03525
1.0322
1.02911
1.02757
1.02446
1.01977
1.01821
1.01352
1.01041
1.00731
1.00423
1.00117
0.998132
0.995126
0.99215
0.989209
0.986305
0.983441
0.980618
0.977839
0.975106
0.971095
0.969783
0.965921
0.963412
0.962178
0.958557
0.956211
0.953926
0.951702
0.949539
0.947437
0.945398
0.943426
0.941524
0.939691
0.937929
0.936243
0.934631
0.933099
0.932363
0.930274
0.928987
0.927786
0.926676
0.925658
0.924738
0.923918
0.9232
0.922585
0.922078
0.921678
0.921387
0.921206
0.921136
0.921177
0.921327
0.921587
0.921956
0.922431
0.923012
0.923697
0.924484
0.92537
0.926353
0.927429
0.928598
0.929857
0.931202
0.932631
0.934139
0.935726
0.937387
0.939117
0.940914
0.942777
0.944695
0.946671
0.948692
0.951803
0.952858
0.954989
0.957145
0.95932
0.962607
0.963707
0.965912
0.969217
0.970316
0.972508
0.974689
0.977933
0.979006
0.98219
0.984282
0.986346
0.988379
0.990382
0.992351
0.994283
0.996178
0.998034
0.998946
1.00162
1.00335
1.00503
1.00667
1.00826
1.0098
1.01202
1.01274
1.01414
1.01549
1.01679
1.01804
1.01982
1.02094
1.02202
1.02254
1.02354
1.02494
1.02582
1.02582
1.02742
1.02814
1.02848
1.02944
1.03001
1.03053
1.031
1.03143
1.0318
1.03212
1.0324
1.03262
1.0328
1.03293
1.03301
1.03305
1.03304
1.03298
1.03288
1.03273
1.03254
1.0323
1.03202
1.03171
1.03135
1.03095
1.03051
1.03004
1.02952
1.02898
1.0284
1.02778
1.02713
1.02645
1.02575
1.02501
1.02425
1.02305
1.02264
1.0218
1.02094
1.02006
1.0187
1.01824
1.0173
1.01587
1.01538
1.0139
1.01341
1.0119
1.01088
1.00986
1.00882
1.00779
1.00675
1.0057
1.00465
1.00361
1.00309
1.00152
1.00047
0.999434
0.998397
0.997367
0.996342
0.995322
0.993807
0.992808
0.992312
0.990838
0.990352
0.989387
0.987962
0.987493
0.986105
0.985196
0.984301
0.983419
0.982553
0.981703
0.980868
0.98005
0.979249
0.978465
0.9777
0.976954
0.976225
0.975516
0.974829
0.974161
0.973514
0.972887
0.972281
0.971698
0.971136
0.970596
0.970079
0.969584
0.969112
0.968664
0.968035
0.967837
0.967459
0.967105
0.966774
0.966323
0.966053
0.965927
0.965586
0.965485
0.965217
0.965069
0.964945
0.964892
0.964804
0.96474
0.964689
0.964684
0.964705
0.964748
0.964814
0.964903
0.965014
0.965147
0.965302
0.965479
0.965676
0.965894
0.966131
0.966389
0.966664
0.966959
0.967272
0.967602
0.967948
0.968497
0.968883
0.969283
0.969488
0.970124
0.970343
0.971016
0.971478
0.971951
0.972435
0.972927
0.973427
0.973934
0.974448
0.974968
0.975494
0.976026
0.97656
0.977099
0.977641
0.978183
0.978726
0.979276
0.979825
0.980374
0.980922
0.981463
0.982005
0.982818
0.983085
0.983886
0.984151
0.984677
0.985459
0.985719
0.986484
0.986987
0.987235
0.987972
0.988455
0.98893
0.989397
0.989627
0.990305
0.990746
0.991178
0.9916
0.992012
0.992414
0.992807
0.993189
0.99356
0.993921
0.99427
0.99461
0.994938
0.995409
0.995709
0.995997
0.996275
0.99654
0.996795
0.997037
0.997269
0.997488
0.997697
0.997893
0.998079
0.998253
0.998416
0.998568
0.998709
0.998838
0.998957
0.999065
0.999162
0.999249
0.999325
0.999391
0.999447
0.999493
0.999528
0.999555
0.999572
0.999579
0.999578
0.999567
0.999548
0.99952
0.999463
0.999414
0.999388
0.999294
0.99926
0.999144
0.999058
0.999012
0.998915
0.998812
0.998702
0.998587
0.998465
0.998336
0.998134
0.997992
0.997846
0.997693
0.997537
0.997376
0.997211
0.997043
0.996868
0.996693
0.996511
0.996328
0.996142
0.996047
0.995761
0.995567
0.995369
0.995171
0.994972
0.994773
0.994567
0.994361
0.994155
0.993949
0.993743
0.993537
0.993331
0.993125
0.992919
0.992713
0.992507
0.992301
0.992095
0.991889
0.991588
0.991488
0.99129
0.991092
0.990893
0.990606
0.990416
0.990225
0.990042
0.989859
0.989677
0.989502
0.989326
0.989157
0.988989
0.988824
0.988664
0.988505
0.988353
0.988202
0.988057
0.987915
