0
-1.52589e-05
-3.81473e-05
-5.34062e-05
-6.86652e-05
-5.91287e-05
7.43863e-05
0.000490189
0.00141334
0.00308609
0.00575638
0.00966072
0.0150299
0.0262909
0.0362206
0.0482845
0.0626297
0.0793877
0.0986576
0.13245
0.158314
0.186863
0.218081
0.251934
0.288351
0.327242
0.3685
0.411997
0.457598
0.505154
0.554525
0.605568
0.658131
0.739498
0.76722
0.823441
0.880564
0.938427
1.02624
1.08521
1.14432
1.20339
1.26224
1.32069
1.37856
1.43567
1.49184
1.57393
1.60063
1.65289
1.7281
1.77588
1.82158
1.86508
1.90624
1.94496
1.98114
2.0147
2.04558
2.07373
2.09911
2.12168
2.15026
2.15836
2.17244
2.18819
2.19511
2.19918
2.20037
2.19871
2.19419
2.18204
2.17037
2.15585
2.13848
2.11826
2.09521
2.06932
2.04061
2.00906
1.9747
1.93752
1.89756
1.85483
1.78567
1.73628
1.68438
1.63009
1.57353
1.51486
1.42326
1.36006
1.32789
1.22942
1.16238
1.09447
1.0259
0.956896
0.887667
0.818436
0.749411
0.680805
0.57913
0.545668
0.446905
0.382654
0.319891
0.289122
0.228924
0.170649
0.0871887
0.03438
-0.0160179
-0.0639076
-0.109203
-0.151834
-0.191744
-0.228888
-0.279343
-0.309443
-0.323425
-0.349247
-0.382616
-0.401278
-0.41707
-0.429995
-0.44005
-0.447243
-0.451572
-0.453041
-0.451651
-0.447407
-0.44031
-0.430361
-0.417566
-0.40193
-0.383451
-0.362137
-0.337992
-0.296473
-0.265266
-0.231247
-0.19442
-0.154785
-0.112349
-0.0671196
-0.0191021
0.0581207
0.113031
0.170633
0.20042
0.293591
0.358719
0.426085
0.495504
0.566771
0.639673
0.713991
0.789503
0.86598
0.943192
1.0209
1.09888
1.21589
1.2936
1.37084
1.44739
1.52305
1.5976
1.67083
1.74255
1.81255
1.91393
1.94668
2.01049
2.10175
2.15946
2.21455
2.26696
2.31662
2.36351
2.40757
2.44879
2.48714
2.52263
2.55524
2.58497
2.61182
2.63579
2.65689
2.6751
2.69045
2.70294
2.71256
2.71933
2.72324
2.72429
2.7225
2.71785
2.71037
2.70003
2.67921
2.66179
2.64153
2.61844
2.59253
2.57852
2.53225
2.49789
2.46073
2.42076
2.378
2.33245
2.30863
2.233
2.20641
2.12247
2.06307
2.03233
1.93604
1.86847
1.79826
1.72551
1.65033
1.57286
1.4933
1.41186
1.32876
1.24425
1.15858
1.02847
0.941046
0.853371
0.765709
0.678308
0.591413
0.505262
0.420084
0.336103
0.253546
0.172628
0.0935497
0.0164928
-0.0583763
-0.130917
-0.200996
-0.301281
-0.333378
-0.395523
-0.454887
-0.511436
-0.565136
-0.640299
-0.66391
-0.730398
-0.771101
-0.808907
-0.843817
-0.875834
-0.918449
-0.943258
-0.965193
-0.984259
-1.00046
-1.0138
-1.02428
-1.03192
-1.0367
-1.03863
-1.03772
-1.03396
-1.02737
-1.01793
-1.00566
-0.981941
-0.962591
-0.940414
-0.915415
-0.887596
-0.856964
-0.823524
-0.787277
-0.748232
-0.684422
-0.638399
-0.589596
-0.538017
-0.483671
-0.426565
-0.366705
-0.304098
-0.238754
-0.135618
-0.0998802
-0.0263691
0.0498333
0.128696
0.210165
0.294144
0.380505
0.469076
0.559656
0.698788
0.793346
0.889027
0.985561
1.08267
1.18008
1.2775
1.37465
1.47124
1.61448
1.70849
1.80101
1.89182
1.9807
2.06747
2.15196
2.23403
2.31355
2.39044
2.46459
2.53596
2.63769
2.7019
2.76321
2.8497
2.9037
2.95478
3.00294
3.04818
3.0905
3.12992
3.16644
3.20007
3.2451
3.27153
3.29508
3.31577
3.3336
3.34857
3.36069
3.36996
3.37853
3.38069
3.38001
3.3765
3.37014
3.36095
3.34186
3.32559
3.31639
3.29589
3.27256
3.23229
3.20193
3.16877
3.1328
3.09402
3.05246
3.0081
2.93636
2.88507
2.83101
2.77418
2.71461
2.65229
2.58723
2.51945
2.44894
2.37572
2.29979
2.18085
2.0982
2.01288
1.92492
1.83437
1.74129
1.59723
1.49847
1.39782
1.29555
1.19194
1.08729
0.981915
0.876099
0.770138
0.664331
0.558973
0.454348
0.350731
0.248381
0.147543
0.0484486
-0.0486984
-0.143709
-0.236422
-0.326693
-0.414396
-0.499439
-0.581734
-0.661221
-0.737848
-0.811586
-0.882402
-0.950289
-1.01524
-1.07725
-1.16474
-1.21939
-1.27112
-1.31992
-1.3658
-1.40878
-1.44884
-1.48602
-1.52031
-1.55172
-1.58026
-1.60592
-1.62873
-1.64868
-1.66577
-1.68001
-1.69141
-1.69996
-1.70567
-1.70855
-1.70858
-1.70578
-1.70015
-1.69168
-1.67368
-1.65814
-1.64931
-1.61859
-1.60694
-1.58153
-1.5533
-1.52228
-1.47047
-1.43243
-1.39161
-1.34799
-1.30159
-1.25242
-1.20048
-1.14577
-1.08831
-1.0281
-0.965143
-0.899456
-0.831041
-0.759909
-0.686066
-0.609522
-0.530283
-0.44836
-0.363768
-0.27651
-0.186598
-0.0940418
0.00114059
0.0989227
0.199245
0.302017
0.407104
0.568665
0.623447
0.734205
0.846304
1.01628
1.13035
1.24464
1.35883
1.4726
1.58566
1.69772
1.80853
1.91785
2.02546
2.13113
2.2347
2.33599
2.43485
2.53117
2.62483
2.71575
2.80386
2.88911
2.97145
3.05087
3.12734
3.2365
3.27141
3.37168
3.40362
3.4653
3.55229
3.57981
3.658
3.70648
3.75205
3.79471
3.83448
3.87137
3.90537
3.92129
3.96476
3.99016
4.00178
4.03239
4.04116
4.05658
4.07437
4.07888
4.08815
4.09078
4.09104
4.08755
4.08169
4.073
4.06148
4.04713
4.02996
4.00996
3.98715
3.96152
3.91782
3.88517
3.84973
3.81149
3.77045
3.72663
3.68004
3.60494
3.55142
3.49514
3.43611
3.37434
3.30983
3.24258
3.20794
3.09995
3.02457
2.94649
2.86573
2.73957
2.65214
2.51601
2.42196
2.37396
2.27597
2.17538
2.01964
1.96645
1.85821
1.74756
1.57744
1.46155
1.34399
1.28468
1.10508
0.984381
0.863306
0.742201
0.621395
0.501194
0.381882
0.263723
0.146955
0.0318031
-0.0815315
-0.192858
-0.302
-0.408806
-0.513145
-0.614895
-0.713959
-0.810257
-0.903723
-0.994308
-1.08197
-1.1247
-1.24846
-1.36554
-1.43987
-1.51123
-1.57962
-1.64505
-1.70753
-1.76705
-1.82365
-1.87731
-1.92805
-1.97588
-2.02081
-2.06284
-2.10198
-2.13824
-2.17163
-2.20215
-2.2298
-2.2546
-2.27654
-2.29564
-2.31188
-2.32529
-2.34007
-2.34358
-2.34986
-2.35053
-2.34976
-2.34329
-2.33972
-2.32477
-2.31837
-2.29494
-2.2758
-2.26517
-2.22906
-2.21562
-2.17107
-2.13787
-2.10188
-2.06309
-2.02151
-1.97714
-1.93
-1.88009
-1.82741
-1.77197
-1.71378
-1.65285
-1.58917
-1.52277
-1.45364
-1.38179
-1.30725
-1.23
-1.10909
-1.06744
-0.982159
-0.849249
-0.803621
-0.710386
-0.565607
-0.46582
-0.36343
-0.258448
-0.150885
-0.0407619
0.129148
0.245468
0.364079
0.484791
0.607357
0.731487
0.856848
0.983099
1.1099
1.23691
1.42713
1.55329
1.61608
1.80286
1.92578
2.04716
2.16681
2.28455
2.4002
2.56945
2.67926
2.78651
2.89111
2.99297
3.14046
3.2352
3.32701
3.41588
3.50178
3.5847
3.7035
3.77898
3.85148
3.92101
3.98757
4.05118
4.11185
4.16958
4.22438
4.27626
4.32523
4.3713
4.41448
4.45476
4.49217
4.5267
4.57312
4.58717
4.62501
4.64667
4.66549
4.68146
4.6946
4.70489
4.71235
4.71698
4.71877
4.71774
4.71387
4.70717
4.69765
4.6853
4.66148
4.65213
4.63132
4.60769
4.58126
4.53634
4.51996
4.46664
4.44747
4.38577
4.34116
4.31781
4.24361
4.19069
4.13501
4.07657
4.0154
3.95148
3.88484
3.81547
3.74339
3.66861
3.59113
3.51096
3.42811
3.34259
3.25442
3.1636
3.02242
2.92501
2.825
2.72239
2.61719
2.50941
2.39906
2.28616
2.17071
2.05275
1.9323
1.80944
1.68429
1.55702
1.36264
1.23118
1.09861
0.965281
0.831566
0.697811
0.564344
0.431465
0.29944
0.16852
0.0389252
-0.0891418
-0.215492
-0.401428
-0.522776
-0.641867
-0.758577
-0.872793
-0.984415
-1.09335
-1.25155
-1.35347
-1.45249
-1.54857
-1.64171
-1.73187
-1.81905
-1.90324
-1.98444
-2.06266
-2.1744
-2.24517
-2.31299
-2.37785
-2.43977
-2.49874
-2.55479
-2.60792
-2.65815
-2.70547
-2.74989
-2.79143
-2.83009
-2.86587
-2.91417
-2.9428
-2.96856
-2.99148
-3.01155
-3.02878
-3.04317
-3.05472
-3.06672
-3.07119
-3.07282
-3.07163
-3.0676
-3.06075
-3.05107
-3.03857
-3.02325
-3.0051
-2.98414
-2.96037
-2.91943
-2.88863
-2.85504
-2.81865
-2.77946
-2.73749
-2.69274
-2.64521
-2.59491
-2.51428
-2.45708
-2.39714
-2.33446
-2.26904
-2.2009
-2.13004
-2.05648
-1.98021
-1.90125
-1.77779
-1.69215
-1.60384
-1.51289
-1.4193
-1.32309
-1.22426
-1.12282
-1.01878
-0.912167
-0.802982
-0.691235
-0.576939
-0.460106
-0.34075
-0.218885
-0.0945244
0.0323048
0.227068
0.29315
0.426949
0.562756
0.700314
0.909245
1.04974
1.19077
1.33195
1.47295
1.61347
1.75322
1.89195
2.02943
2.16544
2.36629
2.43231
2.62731
2.75459
2.87955
3.00206
3.12203
3.23936
3.35398
3.4658
3.57478
3.68085
3.784
3.88419
3.98139
4.0756
4.1668
4.25501
4.34021
4.42241
4.50162
4.57784
4.65109
4.72137
4.78869
4.85306
4.91449
4.97299
5.02857
5.10648
5.131
5.17786
5.22183
5.26293
5.30114
5.33649
5.38414
5.39859
5.42536
5.44928
5.47035
5.49663
5.5106
5.51652
5.52624
5.53551
5.53815
5.53841
5.53495
5.52911
5.52513
5.50895
5.49464
5.47751
5.45756
5.4348
5.40924
5.38087
5.34968
5.3157
5.27892
5.25949
5.197
5.15187
5.10396
5.05329
4.99985
4.94365
4.88471
4.82302
4.7586
4.69146
4.58564
4.54901
4.47373
4.39576
4.3151
4.1891
4.14577
4.05711
3.96581
3.82391
3.72604
3.67612
3.57434
3.46996
3.30856
3.19776
3.1414
2.9685
2.85007
2.72913
2.66772
2.47976
2.35135
2.28623
2.08718
2.01963
1.88278
1.67335
1.53123
1.38742
1.24222
1.09601
0.949163
0.802052
0.655029
0.508411
0.289877
0.217527
0.0737476
-0.0686321
-0.209419
-0.348444
-0.485546
-0.687283
-0.818981
-0.948317
-1.07519
-1.19951
-1.3212
-1.44018
-1.55638
-1.66975
-1.78024
-1.88782
-1.99243
-2.09408
