0
0
0
0
0
4.7676e-06
6.86638e-05
0.00031185
0.000911712
0.0020752
0.00401688
0.0069437
0.0110521
0.0165138
0.0234776
0.0320635
0.0423689
0.0544558
0.0683641
0.0841093
0.101681
0.121053
0.142185
0.165023
0.202343
0.215566
0.257451
0.287127
0.318117
0.350337
0.383711
0.418152
0.45358
0.489913
0.527064
0.564949
0.603482
0.642579
0.682154
0.72212
0.762397
0.802896
0.843538
0.884242
0.924932
0.965533
1.00598
1.04619
1.0861
1.12563
1.1647
1.20325
1.24121
1.27851
1.31508
1.35085
1.40287
1.41974
1.45273
1.48467
1.53048
1.54516
1.58735
1.60076
1.639
1.65105
1.67407
1.69563
1.71568
1.73418
1.7511
1.76641
1.78008
1.79208
1.8024
1.81103
1.82076
1.8251
1.82771
1.8286
1.82777
1.82523
1.82099
1.81505
1.80745
1.7982
1.78733
1.77485
1.76081
1.74524
1.72817
1.70965
1.68973
1.66844
1.64585
1.62199
1.59694
1.55723
1.54345
1.51514
1.48587
1.4557
1.40891
1.39294
1.34402
1.32741
1.27677
1.24245
1.20775
1.17275
1.13753
1.10215
1.06669
1.03124
0.995846
0.960599
0.92557
0.890827
0.856442
0.822483
0.789016
0.7561
0.723792
0.692151
0.661226
0.631072
0.601739
0.573276
0.545731
0.519154
0.49359
0.469084
0.445682
0.423424
0.40235
0.382502
0.363914
0.338468
0.323173
0.316035
0.3028
0.285586
0.275899
0.267661
0.260886
0.255587
0.25177
0.24944
0.248834
0.249247
0.251377
0.254982
0.260051
0.263128
0.274515
0.283872
0.294613
0.306713
0.320139
0.334859
0.350838
0.368036
0.386415
0.405929
0.426534
0.448184
0.470827
0.494413
0.51889
0.557158
0.570299
0.61078
0.6246
0.65269
0.681328
0.710452
0.75491
0.784972
0.815297
0.845824
0.876492
0.907237
0.937995
0.968703
0.999298
1.02971
1.05989
1.08976
1.11927
1.14835
1.17695
1.20501
1.23248
1.2593
1.28542
1.31079
1.33537
1.3591
1.38196
1.4039
1.42489
1.44489
1.46388
1.48181
1.49867
1.51443
1.52905
1.54253
1.55484
1.56596
1.57588
1.58457
1.59204
1.59825
1.60322
1.60692
1.61011
1.61054
1.60994
1.60911
1.60651
1.60027
1.59458
1.58768
1.57958
1.5703
1.55987
1.54832
1.53567
1.52194
1.50718
1.49142
1.4747
1.45704
1.4385
1.41911
1.39893
1.37798
1.35633
1.33402
1.31109
1.28759
1.26359
1.22673
1.21424
1.17626
1.15058
1.13766
1.0986
1.08552
1.04615
1.01989
0.993673
0.967559
0.9416
0.915849
0.890359
0.865183
0.840373
0.81598
0.792048
0.768626
0.745762
0.723496
0.701876
0.68094
0.660725
0.641271
0.62261
0.604774
0.587796
0.571703
0.563997
0.542283
0.529002
0.516706
0.505411
0.495133
0.48589
0.477691
0.470548
0.464467
0.459457
0.455524
0.451649
0.450897
0.450204
0.451188
0.452053
0.456249
0.460369
0.46282
0.471728
0.475208
0.482923
0.496345
0.501301
0.517574
0.529565
0.535892
0.556154
0.563324
0.586024
0.602106
0.618906
0.636386
0.654509
0.673233
0.692521
0.71233
0.732615
0.753336
0.774446
0.7959
0.817655
0.839662
0.850745
0.884248
0.906737
0.929295
0.951875
0.974431
0.996919
1.01929
1.04151
1.06353
1.08531
1.10679
1.12795
1.14873
1.16911
1.18903
1.20847
1.22738
1.24573
1.26348
1.28061
1.29708
1.31285
1.32791
1.34221
1.35574
1.36848
1.38039
1.39145
1.40166
1.41098
1.41941
1.42693
1.43648
1.44168
1.44594
1.44925
1.45161
1.45302
1.45348
1.45299
1.45155
1.44918
1.44588
1.44165
1.43653
1.43051
1.42361
1.41586
1.40726
1.39786
1.38766
1.37669
1.36497
1.35254
1.33261
1.32564
1.30379
1.28848
1.28062
1.25624
1.24787
1.23078
1.20434
1.19534
1.16781
1.14908
1.1301
1.1109
1.09151
1.072
1.05238
1.03271
1.01302
0.993358
0.97376
0.954268
0.93492
0.915761
0.896828
0.87816
0.859795
0.841763
0.8241
0.806841
0.790016
0.77366
0.757803
0.742474
0.727703
0.713518
0.699945
0.68701
0.674738
0.663149
0.647093
0.637301
0.628262
0.619988
0.612495
0.605795
0.599898
0.594815
0.590554
0.587121
0.584519
0.58275
0.581816
0.581714
0.582438
0.583986
0.586349
0.589518
0.593481
0.598233
0.603758
0.610042
0.617068
0.624823
0.633286
0.642438
0.652259
0.662726
0.67382
0.685511
0.697776
0.710588
0.730772
0.737743
0.75203
0.77426
0.781866
0.805226
0.813178
0.837472
0.853989
0.870725
0.887644
0.90471
0.921888
0.939142
0.956437
0.973736
0.991003
1.0082
1.0253
1.04226
1.05904
1.07561
1.09195
1.108
1.12375
1.13916
1.15422
1.16888
1.18312
1.20364
1.21024
1.22306
1.23537
1.24714
1.25833
1.26894
1.27895
1.28833
1.29706
1.30893
1.316
1.32238
1.32806
1.33303
1.33728
1.34082
1.34362
1.3457
1.34704
1.34765
1.34753
1.34669
1.34512
1.34283
1.33983
1.33613
1.33174
1.32667
1.32094
1.31456
1.30755
1.29992
1.29169
1.28288
1.26862
1.2636
1.25317
1.24225
1.22499
1.21294
1.20047
1.18763
1.17443
1.16091
1.14709
1.133
1.11867
1.10414
1.08943
1.07458
1.05961
1.04457
1.02947
1.01436
0.999257
0.9842
0.96922
0.954345
0.939607
0.917825
0.910665
0.896515
0.882617
0.862293
0.84913
0.842673
0.823839
0.811762
0.800094
0.788857
0.778076
0.76777
0.757961
0.74867
0.73991
0.731702
0.72406
0.716998
0.710526
0.704657
0.699395
0.694752
0.690729
0.687334
0.684568
0.682433
0.680931
0.680061
0.679824
0.680215
0.681233
0.682873
0.685131
0.687998
0.691465
0.695526
0.70017
0.705385
0.711162
0.717483
0.724336
0.731705
0.739575
0.752277
0.756742
0.766005
0.775692
0.785783
0.801631
0.807092
0.818263
0.829748
0.841521
0.859669
0.872055
0.878325
0.897402
0.910312
0.923343
0.93647
0.949664
0.962899
0.976148
0.989381
1.00257
1.0157
1.02872
1.04162
1.05436
1.06692
1.07928
1.0914
1.10327
1.11488
1.12619
1.13718
1.14256
1.16318
1.17293
1.18228
1.19121
1.19971
1.20775
1.21533
1.22243
1.22905
1.23515
1.24075
1.24582
1.25037
1.25438
1.25786
1.26078
1.26316
1.26499
1.26626
1.26698
1.26715
1.26636
1.26583
1.26434
1.26111
1.25828
1.25493
1.25106
1.24669
1.24181
1.23645
1.23062
1.22433
1.21759
1.21042
1.20284
1.19486
1.19073
1.17779
1.16873
1.15935
1.14967
1.13971
1.12949
1.11903
1.10836
1.0975
1.08647
1.07529
1.06399
1.05259
1.03535
1.0238
1.01802
1.00645
0.99491
0.977683
0.966294
0.955011
0.943861
0.932864
0.922042
0.911416
0.901004
0.890826
0.880898
0.871237
0.861865
0.852798
0.844053
0.835647
0.827594
0.819909
0.812607
0.805699
0.799198
0.793114
0.787457
0.782239
0.777466
0.773145
0.769282
0.765886
0.762959
0.760504
0.758525
0.757025
0.756004
0.755464
0.75555
0.755818
0.756711
0.758936
0.761002
0.763528
0.76651
0.768169
0.773808
0.778107
0.782823
0.787949
0.79347
0.799377
0.805656
0.812292
0.819269
0.826573
0.834189
0.842098
0.850283
0.858727
0.867411
0.876316
0.885425
0.894716
0.908955
0.913771
0.923494
0.93332
0.948211
0.958206
0.968233
0.978273
0.988302
0.998302
1.00825
1.01812
1.0279
1.03755
1.04707
1.05643
1.06562
1.07461
1.0834
1.09197
1.10032
1.10843
1.11629
1.12388
1.1312
1.13822
1.14495
1.15135
1.15742
1.16315
1.17108
1.17354
1.17819
1.18245
1.18632
1.18979
1.19286
1.19552
1.19777
1.1996
1.20101
1.202
1.2027
1.20264
1.20215
1.20125
1.19994
1.19822
1.19609
1.19357
1.19065
1.18734
1.18365
1.1796
1.17519
1.17043
1.16532
1.15989
1.15415
1.14811
1.14177
1.13517
1.1283
1.12119
1.11384
1.10629
1.09854
1.0906
1.08251
1.07426
1.0659
1.05741
1.04883
1.04018
1.03147
1.02271
1.01394
1.00516
0.992019
0.983312
0.97898
0.966107
0.957648
0.949306
0.941097
0.933038
0.925139
0.917415
0.909873
0.902527
0.89539
0.888474
0.881793
0.87536
0.869186
0.863283
0.857661
0.852331
0.847301
0.842584
0.838184
0.834112
0.830375
0.826979
0.823929
0.821232
0.818891
0.816909
0.815291
0.81404
0.813155
0.812636
0.812545
0.812942
0.813704
0.81483
0.816314
0.818152
0.820341
0.822873
0.825744
0.828945
0.832471
0.836312
0.840459
0.844904
0.849636
0.854644
0.859918
0.865441
0.871208
0.877205
0.883417
0.889831
0.896434
0.906658
0.910145
0.917225
0.928084
0.93176
0.939183
0.950473
0.958077
0.965725
0.973401
0.981091
0.988777
0.996441
1.00407
1.01164
1.01914
1.02654
1.03384
1.04101
1.04805
1.05495
1.06168
1.06825
1.07465
1.08086
1.08689
1.09271
1.09833
1.10373
1.1089
1.11383
1.11852
1.12294
1.1271
1.13099
1.13459
1.13791
1.14093
1.14365
1.14606
1.14816
1.14995
1.15142
1.15258
1.15341
1.15393
1.15412
1.154
1.15355
1.15279
1.15172
1.15033
1.14864
1.14665
1.14436
1.14177
1.1389
1.13575
1.13232
1.12864
1.12469
1.1205
1.11607
1.11141
1.10899
1.10144
1.09616
1.08788
1.08215
1.07627
1.07024
1.06407
1.05779
1.0514
1.04492
1.03836
1.03174
1.02506
1.01835
1.01162
1.00489
0.998165
0.991472
0.984824
0.978236
0.971721
0.965293
0.958965
0.952747
0.946651
0.940681
0.934847
0.929154
0.923612
0.918224
0.913
0.907949
0.903082
0.898408
0.891783
0.887636
0.883718
0.880035
0.876598
0.873413
0.870488
0.867827
0.865438
0.863324
0.861489
0.859938
0.858671
0.85769
0.856997
0.856589
0.85647
0.856635
0.857084
0.857815
0.858823
0.860106
0.861661
0.863481
0.865563
0.867902
0.87049
0.873323
0.876395
0.881434
0.883225
0.886968
0.890918
0.895068
0.901643
0.906251
0.911025
0.915956
0.921033
0.926245
0.931581
