0
0.000274658
0.000686645
0.000947952
0.00120735
0.00148773
0.00188255
0.00255775
0.00373459
0.00565529
0.00856209
0.0126972
0.0182896
0.0255508
0.0346775
0.0458279
0.0666351
0.0747108
0.102448
0.123901
0.147717
0.173857
0.202265
0.232868
0.282686
0.300289
0.355902
0.375326
0.415413
0.478436
0.522202
0.567223
0.61338
0.66054
0.708586
0.757383
0.806807
0.856735
0.907042
0.957607
1.00831
1.05902
1.10963
1.18505
1.21
1.28405
1.33259
1.38034
1.42715
1.47292
1.5175
1.58191
1.62303
1.66254
1.70033
1.73628
1.77028
1.80224
1.83205
1.87258
1.89668
1.91836
1.93756
1.95424
1.96834
1.97983
1.98866
1.99687
1.99897
1.99834
1.995
1.98894
1.98018
1.96874
1.95464
1.93793
1.91866
1.89685
1.85954
1.83169
1.80154
1.76916
1.73463
1.69804
1.65949
1.59819
1.55516
1.51053
1.46441
1.41693
1.36821
1.31838
1.26754
1.21584
1.16339
1.0836
1.02987
0.975851
0.921692
0.867533
0.813509
0.759764
0.679977
0.627554
0.575914
0.525198
0.475546
0.427097
0.356966
0.334328
0.290251
0.247871
0.2073
0.168653
0.13203
0.0975361
0.0500069
0.0353317
0.00779724
-0.017252
-0.0397453
-0.0685654
-0.0844307
-0.0913429
-0.107948
-0.11554
-0.120323
-0.122293
-0.121437
-0.119946
-0.111225
-0.101881
-0.0897369
-0.0748196
-0.0571632
-0.0368099
-0.0138092
0.0117817
0.0398922
0.0704575
0.103392
0.138613
0.176031
0.215551
0.257069
0.300476
0.368887
0.416521
0.465639
0.516109
0.56781
0.620607
0.674364
0.728941
0.784191
0.83997
0.896132
0.952534
1.00904
1.09369
1.14986
1.20566
1.26095
1.3156
1.36946
1.42242
1.47433
1.52504
1.57442
1.64569
1.69114
1.73479
1.77649
1.81615
1.85363
1.88883
1.92165
1.95201
1.97983
2.00504
2.0276
2.04744
2.06453
2.07885
2.09038
2.09908
2.10496
2.10799
2.10721
2.10312
2.09618
2.08639
2.07375
2.0583
2.04005
2.01904
1.9953
1.96889
1.93988
1.90834
1.87434
1.83797
1.79932
1.7585
1.71561
1.67076
1.62407
1.55083
1.52564
1.4479
1.42134
1.36732
1.28435
1.22794
1.17083
1.11317
1.05512
0.996828
0.93845
0.880142
0.822058
0.764357
0.707186
0.650696
0.595026
0.540318
0.486704
0.434324
0.38331
0.333796
0.28591
0.239779
0.19552
0.153257
0.113104
0.0751705
0.0395565
0.00635529
-0.0387421
-0.0524864
-0.0779934
-0.100817
-0.120918
-0.145885
-0.152815
-0.16456
-0.173485
-0.179573
-0.183372
-0.183214
-0.180759
-0.175449
-0.162132
-0.149691
-0.134407
-0.116302
-0.0953979
-0.0717335
-0.045351
-0.0163059
0.0153332
0.04949
0.0860825
0.14533
0.187586
0.231918
0.278215
0.326351
0.376204
0.427643
0.480539
0.534758
0.590166
0.646635
0.704027
0.762207
0.821032
0.88036
0.940044
0.999941
1.0599
1.11977
1.17939
1.23862
1.29731
1.3553
1.41245
1.49626
1.52361
1.60368
1.65522
1.70512
1.75324
1.79946
1.84364
1.88565
1.90581
1.96274
1.99762
2.02994
2.05963
2.08665
2.11093
2.13246
2.15119
2.1671
2.18019
2.19044
2.19784
2.20239
2.20408
2.20292
2.19889
2.19201
2.18227
2.16968
2.15424
2.13595
2.11482
2.09087
2.06413
2.03464
2.00243
1.96758
1.93017
1.89027
1.84799
1.78034
1.75671
1.68284
1.65727
1.60481
1.52308
1.46678
1.40919
1.37997
1.29078
1.23027
1.16909
1.10741
1.04539
0.983204
0.921005
0.858965
0.797243
0.736004
0.675406
0.615602
0.556747
0.498993
0.44249
0.387379
0.333799
0.281885
0.231771
0.183578
0.137432
0.0934448
0.0517292
0.0123844
-0.0244961
-0.0588341
-0.0905609
-0.119625
-0.158117
-0.169569
-0.199739
-0.216337
-0.230106
-0.241035
-0.249117
-0.254347
-0.256723
-0.256243
-0.252903
-0.246706
-0.237656
-0.225752
-0.210997
-0.193396
-0.172953
-0.149681
-0.123598
-0.094738
-0.0631409
-0.028862
0.00803375
0.0474606
0.0893288
0.133533
0.203976
0.2285
0.279015
0.331377
0.385454
0.469469
0.498175
0.586142
0.646135
0.676481
0.768673
0.830896
0.893547
0.956453
1.01945
1.08238
1.14506
1.20733
1.26903
1.32999
1.39005
1.44905
1.50683
1.56323
1.61814
1.67139
1.72286
1.77242
1.81994
1.8653
1.90839
1.94911
1.98736
2.02307
2.03995
2.08659
2.11429
2.13924
2.1614
2.18075
2.19728
2.21097
2.22181
2.23273
2.23495
2.2373
2.23529
2.23322
2.22271
2.21214
2.19872
2.18245
2.16333
2.14138
2.11661
2.08903
2.05867
2.02559
1.98984
1.95149
1.91063
1.86735
1.82176
1.77398
1.72413
1.67233
1.61873
1.56347
1.50669
1.44853
1.38915
1.3287
1.26732
1.20519
1.14245
1.07928
1.01582
0.920465
0.857019
0.793863
0.731159
0.669065
0.607742
0.547342
0.488016
0.429905
0.373154
0.317907
0.264305
0.212482
0.162579
0.114719
0.0690308
0.0256329
-0.0153675
-0.0538883
-0.0898399
-0.123161
-0.153795
-0.194607
-0.206825
-0.239269
-0.248672
-0.272635
-0.285049
-0.294615
-0.301325
-0.305174
-0.306164
-0.304296
-0.29957
-0.291988
-0.281551
-0.26055
-0.242992
-0.222591
-0.199352
-0.173286
-0.144409
-0.112741
-0.0783272
-0.0412235
-0.00150108
0.0407619
0.0854645
0.132498
0.18174
0.233065
0.286331
0.341396
0.398117
0.456347
0.515932
0.576723
0.638563
0.701307
0.764793
0.828859
0.893347
0.958101
1.02297
1.08779
1.15242
1.2167
1.28047
1.34359
1.4059
1.46724
1.52746
1.58641
1.64393
1.69987
1.75409
1.80644
1.85678
1.90498
1.95091
1.99446
2.03553
2.07405
2.10993
2.14313
2.1736
2.21409
2.23758
2.25824
2.27606
2.29103
2.30315
2.31241
2.3188
2.32234
2.32229
2.31867
2.31221
2.30288
2.29071
2.27569
2.25782
2.23711
2.21357
2.18719
2.158
2.12599
2.09121
2.0537
2.0135
1.97069
1.92535
1.87758
1.8275
1.77521
1.72084
1.66453
1.60642
1.54665
1.48538
1.42276
1.32664
1.2941
1.22838
1.16195
1.09498
1.02764
0.926296
0.858772
0.791471
0.724575
0.658249
0.592659
0.527977
0.496029
0.402012
0.34107
0.281712
0.224106
0.168404
0.114759
0.0633125
0.0141869
-0.0325089
-0.0766773
-0.118244
-0.157137
-0.193308
-0.226713
-0.257328
-0.285116
-0.31007
-0.332172
-0.351418
-0.367802
-0.381321
-0.391977
-0.399769
-0.404697
-0.406763
-0.405972
-0.402323
-0.391497
-0.386461
-0.374254
-0.359201
-0.341307
-0.320574
-0.297005
-0.270607
-0.241385
-0.209349
-0.174505
-0.136881
-0.0753193
-0.030941
0.0160141
0.0404282
0.117258
0.17131
0.227472
0.285589
0.345509
0.407074
0.470125
0.534506
0.633234
0.666639
0.768074
0.836508
0.905397
0.974575
1.04387
1.07851
1.18213
1.25072
1.31873
1.38597
1.48499
1.54952
1.61268
1.67427
1.73415
1.79216
1.84813
1.90194
1.97831
2.02617
2.07148
2.11417
2.15417
2.19144
2.22593
2.25761
2.28648
2.3125
2.34618
2.36505
2.38107
2.39421
2.4045
2.41192
2.41648
2.41817
2.41702
2.413
2.40613
2.39049
2.3765
2.35966
2.33999
2.31749
2.27843
2.24885
2.21646
2.18126
2.14327
2.1025
2.05902
2.01287
1.96414
1.88638
1.83161
1.80339
1.74536
1.68533
1.59186
1.5275
1.4617
1.39463
1.36067
1.25736
1.18751
1.11709
1.04629
0.975279
0.904251
0.83338
0.762852
0.692856
0.623564
0.521339
0.454592
0.389174
0.325251
0.262993
0.202566
0.144125
0.0878201
0.0337791
-0.0178795
-0.0670528
-0.113651
-0.178572
-0.218449
-0.255556
-0.289862
-0.321341
-0.349976
-0.375759
-0.398678
-0.418736
-0.435925
-0.450245
-0.466356
-0.473516
-0.477816
-0.479256
-0.47784
-0.47357
-0.466448
-0.456476
-0.443659
-0.427998
-0.409498
-0.388165
-0.363997
-0.337004
-0.307188
-0.257189
-0.239119
-0.200872
-0.138285
-0.0931377
-0.045311
0.00512123
0.0580654
0.113409
0.141941
0.230772
0.292498
0.356041
0.421228
0.487888
0.555845
0.624924
0.694946
0.765734
0.837103
0.944855
1.01688
1.08886
1.16059
1.23191
1.30262
1.37255
1.44153
1.54283
1.60867
1.67297
1.73558
1.79634
1.85509
1.91171
1.96606
2.01803
2.06752
2.11444
2.15871
2.20029
2.23911
2.27516
2.3084
2.3388
2.36636
2.39106
2.4129
2.43188
2.448
2.46124
2.47163
2.47915
2.48381
2.48544
2.48456
2.48065
2.47389
2.45841
2.44453
2.42781
2.40825
2.38586
2.36064
2.3326
2.30173
2.26805
2.23156
2.19227
2.15019
2.10537
2.05784
1.9816
1.9276
1.87119
1.81248
1.75161
1.68872
1.62398
1.55754
1.4896
1.42033
1.31434
1.24256
1.1701
1.09715
1.02391
0.950558
0.877289
0.804295
0.731773
0.659901
0.553699
0.484222
0.415995
0.349182
0.283947
0.220446
0.158834
0.0992641
0.0418701
-0.039875
-0.0913105
-0.116076
-0.163651
-0.186445
-0.250765
-0.308874
-0.34411
-0.376516
-0.406076
-0.432781
-0.456623
-0.477602
-0.495714
-0.510958
-0.523335
-0.532848
-0.539501
-0.543297
-0.544233
-0.542315
-0.537544
-0.529924
-0.519457
-0.506144
-0.489988
-0.470997
-0.449171
-0.424515
-0.382236
-0.350525
-0.316002
-0.278671
-0.238535
-0.195612
-0.149921
-0.101507
-0.0504227
0.00325394
0.0594196
0.117956
0.178724
0.241577
0.306356
0.372892
0.441013
0.510534
0.58128
0.653067
0.762293
0.835873
0.909849
0.946926
1.05823
1.09528
1.20594
1.27907
1.35145
1.42291
1.49325
1.56229
1.59626
1.69574
1.7598
1.8521
1.91089
1.96734
2.02134
2.07278
2.145
2.18975
2.23174
2.27093
2.30729
2.3408
2.37146
2.39925
2.42418
2.45617
2.46541
2.48172
2.49516
2.50574
2.51623
2.5183
2.5203
2.51944
2.5128
2.50482
2.49398
2.48031
2.46379
2.44444
2.42226
2.39725
2.36941
2.32237
2.2875
2.24982
2.20934
2.16607
2.12005
2.04596
2.01995
1.93813
1.88056
1.82071
1.75873
1.69476
1.62896
1.56148
1.49251
1.42223
1.31474
1.24198
1.16856
1.09466
1.02049
0.946224
0.872063
0.798201
0.688398
0.616135
0.580353
0.474667
0.405809
0.338425
0.272671
0.208712
0.116482
0.0576706
0.00115585
-0.052948
