0
0
0
0
0
5.72239e-06
6.67577e-05
0.000284195
0.000804901
0.00123405
0.00180244
0.00589943
0.0114269
0.0165272
0.0228767
0.03055
0.0396004
0.0500603
0.0619392
0.0752354
0.0899277
0.105988
0.123377
0.142048
0.161955
0.183043
0.205261
0.228552
0.252867
0.278145
0.304337
0.331387
0.359238
0.387842
0.402407
0.447083
0.49308
0.524389
0.556149
0.588306
0.637177
0.670101
0.703234
0.736521
0.769899
0.803316
0.836718
0.870045
0.903236
0.936237
0.968992
1.00145
1.03355
1.06524
1.09649
1.12723
1.15742
1.18701
1.21598
1.24427
1.27186
1.2987
1.32477
1.35003
1.37445
1.398
1.42067
1.44243
1.46325
1.48312
1.50201
1.5199
1.53678
1.55263
1.56743
1.58117
1.59977
1.61081
1.62075
1.62957
1.63729
1.64389
1.64937
1.65373
1.65697
1.65909
1.6601
1.65954
1.65881
1.65652
1.65109
1.64614
1.64016
1.63315
1.62515
1.61617
1.60624
1.59538
1.58362
1.57098
1.5575
1.5432
1.52811
1.51226
1.49569
1.46954
1.45129
1.43244
1.41301
1.39305
1.37257
1.35164
1.33027
1.30852
1.28642
1.26402
1.22992
1.21844
1.19535
1.17211
1.13705
1.11362
1.09016
1.06674
1.04338
1.02012
0.997004
0.974054
0.951309
0.928802
0.906561
0.884621
0.86301
0.831282
0.820902
0.800457
0.780457
0.760925
0.741888
0.714321
0.696638
0.688013
0.663054
0.655043
0.639503
0.617441
0.610428
0.590446
0.578026
0.566343
0.555412
0.545246
0.535852
0.527241
0.523232
0.509186
0.506176
0.500763
0.496161
0.492367
0.488197
0.487211
0.485844
0.485294
0.48592
0.487329
0.489517
0.492472
0.496181
0.500637
0.505821
0.511719
0.518312
0.525591
0.533531
0.542116
0.551325
0.561138
0.571533
0.582489
0.593981
0.605986
0.618479
0.631435
0.644833
0.658648
0.672852
0.68742
0.702324
0.717541
0.733038
0.748796
0.764782
0.78097
0.797337
0.813852
0.83049
0.847223
0.864029
0.880877
0.897738
0.914593
0.939802
0.948174
0.964851
0.981415
0.997845
1.02218
1.0302
1.05392
1.06943
1.07708
1.09217
1.10695
1.12851
1.14245
1.14928
1.16265
1.17563
1.19432
1.20624
1.21202
1.22869
1.2392
1.24921
1.25871
1.26769
1.27614
1.28405
1.29488
1.3014
1.30735
1.31273
1.31753
1.32174
1.32537
1.32972
1.33189
1.33348
1.33448
1.33491
1.33477
1.33406
1.33195
1.33097
1.32859
1.32569
1.32225
1.31613
1.31142
1.30622
1.30054
1.29441
1.28782
1.28079
1.27335
1.2655
1.25727
1.24867
1.23971
1.23042
1.22081
1.2109
1.2007
1.19024
1.17953
1.1686
1.15745
1.14611
1.13461
1.12295
1.11116
1.09926
1.08726
1.07519
1.05699
1.04482
1.03873
1.02049
1.01443
0.996311
0.984324
0.978363
0.960659
0.954823
0.943262
0.926235
0.915119
0.904207
0.893515
0.883047
0.872824
0.862848
0.853136
0.843704
0.834564
0.825729
0.813076
0.805059
0.797392
0.790079
0.78314
0.776577
0.770399
0.764618
0.759237
0.754265
0.749704
0.745564
0.74184
0.737051
0.734388
0.732153
0.730337
0.728947
0.727976
0.727425
0.727287
0.727562
0.728243
0.730017
0.730806
0.733761
0.73621
0.739037
0.742233
0.745783
0.749685
0.753927
0.758503
0.763399
0.768608
0.774115
0.779911
0.785988
0.79233
0.798922
0.805758
0.812824
0.820108
0.827595
0.83527
0.843122
0.851137
0.859301
0.867594
0.876009
0.884533
0.893148
0.901842
0.910597
0.919399
0.928236
0.937092
0.950384
0.959227
0.963638
0.972429
0.981173
0.994156
1.0027
1.00694
1.01947
1.02766
1.03571
1.04359
1.05131
1.05884
1.06619
1.07334
1.08029
1.08704
1.09357
1.09989
1.10598
1.11184
1.11745
1.12283
1.12794
1.13279
1.13737
1.14168
1.14372
1.14943
1.15287
1.15601
1.15884
1.16138
1.1646
1.16553
1.16784
1.16846
1.16946
1.1704
1.17065
1.1706
1.17025
1.16961
1.16868
1.16746
1.16596
1.16418
1.16213
1.15981
1.15723
1.1544
1.15132
1.14801
1.14446
1.14069
1.1367
1.13251
1.12812
1.12354
1.11878
1.11385
1.10876
1.10351
1.09812
1.09259
1.08694
1.08117
1.0753
1.06933
1.06328
1.05715
1.05096
1.04471
1.03526
1.02892
1.02575
1.01938
1.00985
1.00352
0.997219
0.990967
0.984772
0.978642
0.972589
0.966623
0.95785
0.952129
0.946518
0.941017
0.935638
0.930382
0.925247
0.917788
0.912983
0.908318
0.903797
0.899426
0.895208
0.891157
0.885405
0.883577
0.88006
0.875149
0.872126
0.869307
0.866697
0.864304
0.862127
0.860168
0.858433
0.856916
0.855625
0.854553
0.853704
0.853077
0.852671
0.85248
0.852507
0.852747
0.853201
0.853867
0.855251
0.855814
0.857092
0.859381
0.861145
0.863098
0.865234
0.867548
0.870033
0.872688
0.875505
0.878477
0.881599
0.884867
0.888271
0.891804
0.895458
0.899235
0.90312
0.907108
0.913269
0.915365
0.919617
0.92613
0.930552
0.935028
0.93955
0.944111
0.948702
0.953316
0.957941
0.96258
0.967203
0.971815
0.9764
0.980951
0.98546
0.989918
0.99432
0.998653
1.00291
1.0071
1.0112
1.01522
1.01914
1.02297
1.0267
1.03033
1.03386
1.03728
1.04223
1.04382
1.04693
1.04992
1.05281
1.05694
1.05955
1.06082
1.06326
1.06558
1.06884
1.07087
1.07277
1.07454
1.0762
1.07772
1.07911
1.08037
1.08148
1.08245
1.08327
1.08394
1.08446
1.08482
1.08503
1.08509
1.08499
1.08474
1.08433
1.08345
1.08308
1.08175
1.08068
1.07948
1.07815
1.07668
1.07508
1.07336
1.07153
1.06956
1.0675
1.06532
1.06304
1.06066
1.05818
1.05562
1.05298
1.05026
1.04747
1.04461
1.04171
1.03876
1.03576
1.03274
1.02969
1.02662
1.02353
1.01889
1.01579
1.0127
1.01116
1.00655
1.0035
1.00047
0.997471
0.994499
0.991558
0.988653
0.985786
0.982958
0.980173
0.977432
0.974737
0.972092
0.969494
0.966948
0.964453
0.962013
0.959627
0.9573
0.955027
0.952814
0.950663
0.948572
0.946545
0.943628
0.941769
0.93998
0.938259
0.936613
0.935041
0.933546
0.932131
0.930794
0.929543
0.928375
0.927296
0.926308
0.925411
0.924612
0.92391
0.923311
0.922812
0.922417
0.922129
0.921947
0.921875
0.921909
0.922052
0.922302
0.922659
0.92312
0.923687
0.924728
0.925127
0.925997
0.926962
0.929174
0.930416
0.931746
0.933159
0.934652
0.937038
0.938721
0.939589
0.941374
0.94322
0.9461
0.948084
0.950111
0.952177
0.955336
0.956402
0.958548
0.960711
0.962883
0.966156
0.968338
0.970512
0.972679
0.975904
0.978035
0.980146
0.982235
0.984299
0.986336
0.988342
0.991293
0.99226
0.994167
0.996958
0.997869
0.999662
1.00141
1.00396
1.0056
1.0064
1.00797
1.01024
1.0117
1.0131
1.01446
1.01577
1.01703
1.01825
1.01941
1.02052
1.02159
1.0226
1.02357
1.02449
1.02536
1.02618
1.02695
1.02767
1.02834
1.02896
1.02953
1.03005
1.03053
1.03115
1.0315
1.03181
1.03207
1.03228
1.03244
1.03256
1.03263
1.03266
1.03264
1.03258
1.03248
1.03224
1.03203
1.03177
1.03148
1.03115
1.03078
1.03036
1.02992
1.02943
1.02892
1.02836
1.02778
1.02716
1.02651
1.02583
1.02513
1.02439
1.02364
1.02285
1.02205
1.02122
1.02037
1.01905
1.01861
1.0177
1.01678
1.01537
1.01441
1.01393
1.01247
1.01148
1.01049
1.00948
1.00848
1.00747
1.00645
1.00543
1.0044
1.00338
1.00236
1.00134
1.00032
0.999317
0.99831
0.997307
0.995819
0.994835
0.993858
0.992893
0.991934
0.990988
0.990051
0.989124
0.988209
0.987309
0.98642
0.985109
0.984255
0.983414
0.982586
0.981773
0.980585
0.979813
0.979057
0.978319
0.977598
0.976896
0.976213
0.97555
0.974905
0.973974
0.973675
0.973089
0.972528
0.971724
0.971214
0.970728
0.970263
0.96982
0.9694
0.969004
0.96863
0.968279
0.967951
0.967648
0.967367
0.967112
0.966877
0.966669
0.966484
0.966324
0.966185
0.96607
0.965981
0.965914
0.96587
0.965849
0.965853
0.965878
0.965925
0.965994
0.966085
0.966198
0.966331
0.966572
0.966759
0.966858
0.967188
0.967308
0.967693
0.967974
0.968271
0.968584
0.968914
0.969259
0.96962
0.969994
0.970381
0.970781
0.971193
0.971621
0.972057
0.972502
0.972731
0.973425
0.973898
0.97438
0.974869
0.975361
0.975864
0.976368
0.976875
0.977394
0.978172
0.978432
0.97921
0.979729
0.980261
0.980795
0.981329
0.981855
0.982374
0.982893
0.983671
0.98419
0.984709
0.985212
0.985716
0.986219
0.986712
0.9872
0.987684
0.988157
0.98863
0.989088
0.989546
0.989988
0.990429
0.990856
0.991484
0.991894
0.99229
0.99268
0.993061
0.993429
0.99379
0.994141
0.994646
0.994808
0.995129
0.995434
0.995731
0.996019
0.996294
0.996687
0.996933
0.997171
0.9974
0.997614
0.997818
0.998013
0.998196
0.998365
0.998526
0.998678
0.998816
0.998943
0.999117
0.999222
0.999313
0.999395
0.999472
0.999533
0.999586
0.999632
0.999664
0.999693
0.999708
0.999716
0.999716
0.999704
0.999689
0.99966
0.99963
0.999584
0.999538
0.999477
0.999416
0.99934
0.999264
0.999176
0.999084
0.998987
0.99888
0.998774
0.998592
0.998531
0.998407
0.998201
0.998133
0.997995
0.997843
0.99769
0.997461
0.997295
0.997128
0.997044
0.996792
0.99662
0.996437
0.996254
0.996071
0.995888
0.995705
0.995522
0.995331
0.995033
0.994835
0.994637
0.994438
0.99424
0.994041
0.993744
0.993645
0.993446
0.993248
0.99305
0.992752
0.992653
0.992355
0.992157
0.991959
0.991768
0.991585
0.991402
0.991219
0.991035
0.990852
0.990669
0.990488
0.99032
0.990068
0.989985
0.989817
0.989649
0.989492
0.989264
0.989111
0.988884
0.988747
0.988609
0.988472
0.988337
0.988214
0.988092
0.98797
0.987852
0.987745
0.987638
0.987532
0.987436
0.987345
