0
7.62941e-06
7.62941e-06
7.62941e-06
9.53775e-06
4.95918e-05
0.000192642
0.000577927
0.00136757
0.00273895
0.00486183
0.00789261
0.0119724
0.0172176
0.0237217
0.0315609
0.0407848
0.0514183
0.0634727
0.0769386
0.0997448
0.116638
0.134834
0.154285
0.174934
0.208046
0.219625
0.243553
0.268461
0.307531
0.334635
0.362516
0.391117
0.420383
0.450258
0.48068
0.511599
0.542952
0.574682
0.606745
0.639078
0.671642
0.70438
0.737244
0.786659
0.819613
0.836073
0.885315
0.917969
0.95042
0.982624
1.01453
1.04608
1.07724
1.10795
1.13816
1.16784
1.19693
1.22538
1.25317
1.28025
1.30658
1.33213
1.35686
1.38075
1.40375
1.42584
1.44699
1.46718
1.48639
1.50458
1.52175
1.54554
1.56006
1.5735
1.58584
1.59708
1.60721
1.61621
1.62409
1.63084
1.63647
1.64096
1.64433
1.64658
1.64772
1.64776
1.6467
1.64455
1.64134
1.63708
1.63178
1.62547
1.61816
1.60987
1.60063
1.59046
1.57938
1.56743
1.55462
1.54098
1.52655
1.51136
1.49543
1.4788
1.4615
1.44356
1.42502
1.40592
1.38629
1.36616
1.34558
1.32457
1.29236
1.28145
1.24829
1.23711
1.20322
1.18041
1.15746
1.13441
1.11131
1.08819
1.06509
1.04205
1.01909
0.996275
0.973629
0.951189
0.928993
0.907076
0.885471
0.86421
0.833035
0.822849
0.792952
0.773603
0.754757
0.745529
0.718664
0.701468
0.684874
0.668898
0.653568
0.638901
0.624916
0.611631
0.59906
0.587219
0.576122
0.565783
0.556208
0.547405
0.539385
0.532152
0.525705
0.520056
0.515203
0.513075
0.507879
0.505407
0.503721
0.502817
0.502691
0.503332
0.50473
0.50688
0.509764
0.513374
0.517696
0.522718
0.528423
0.534798
0.541824
0.549486
0.557764
0.566643
0.576101
0.586119
0.596676
0.60775
0.619316
0.631361
0.643854
0.656776
0.670099
0.683794
0.697847
0.712225
0.726904
0.741856
0.757053
0.772478
0.788095
0.803885
0.819817
0.835863
0.851999
0.868198
0.892557
0.900681
0.925009
0.941166
0.957243
0.973211
0.989054
1.00474
1.02024
1.03554
1.05804
1.07271
1.08708
1.10114
1.11488
1.12826
1.14129
1.15394
1.1662
1.18382
1.19505
1.20049
1.21616
1.22602
1.2354
1.2443
1.2527
1.26059
1.26796
1.27802
1.28406
1.28955
1.29449
1.29888
1.30271
1.30599
1.3087
1.31086
1.31246
1.31351
1.314
1.31396
1.31287
1.31149
1.30957
1.30715
1.30422
1.30079
1.29686
1.29247
1.28761
1.2823
1.27654
1.27036
1.26376
1.25677
1.24939
1.24165
1.23354
1.22511
1.21635
1.20729
1.19794
1.18343
1.17847
1.16838
1.15807
1.14757
1.1315
1.1206
1.10957
1.09844
1.08721
1.07592
1.06457
1.0532
1.04181
1.03043
1.01908
1.00778
0.996536
0.98538
0.974327
0.963396
0.952606
0.936712
0.926331
0.916134
0.906132
0.896336
0.886755
0.877396
0.868271
0.859394
0.850779
0.842436
0.834379
0.822857
0.815569
0.808607
0.801983
0.795702
0.789774
0.784212
0.779016
0.774187
0.769739
0.765671
0.761984
0.758684
0.75577
0.753241
0.751102
0.748619
0.747444
0.746653
0.746244
0.746216
0.746559
0.747284
0.748375
0.75069
0.75164
0.753805
0.756315
0.759165
0.764063
0.767729
0.771704
0.775984
0.780558
0.785414
0.790543
0.795931
0.801577
0.810482
0.8167
0.82313
0.829758
0.836571
0.843563
0.850716
0.858019
0.865458
0.873018
0.880692
0.888456
0.896303
0.904222
0.912193
0.924221
0.928242
0.936296
0.944353
0.952394
0.964405
0.96839
0.980255
0.984177
0.99581
1.00344
1.01096
1.01835
1.0256
1.0327
1.03964
1.04641
1.05301
1.05942
1.06565
1.07464
1.08039
1.08594
1.09129
1.09644
1.10138
1.1061
1.11061
1.11488
1.11892
1.12272
1.12626
1.12956
1.13259
1.13664
1.13786
1.14009
1.14204
1.14446
1.14574
1.14674
1.14746
1.14791
1.1481
1.14801
1.14766
1.14705
1.14618
1.14439
1.14289
1.14206
1.13917
1.13696
1.13452
1.13185
1.12898
1.12589
1.12261
1.11913
1.11731
1.11161
1.10759
1.10126
1.09685
1.0923
1.08761
1.0828
1.07788
1.07284
1.07029
1.06512
1.05987
1.05185
1.04643
1.04097
1.03547
1.02994
1.0244
1.01886
1.01333
1.00781
1.00233
0.996883
0.991488
0.986147
0.980867
0.975658
0.970524
0.965467
0.960497
0.955614
0.948462
0.94381
0.939259
0.934807
0.93046
0.926222
0.922094
0.918077
0.914179
0.91041
0.906773
0.903276
0.899927
0.89673
0.893694
0.890823
0.888126
0.885607
0.883265
0.881109
0.879141
0.877363
0.875774
0.87438
0.873178
0.872168
0.871351
0.870729
0.870298
0.870058
0.870005
0.870142
0.870462
0.870966
0.871653
0.872517
0.873556
0.874765
0.876144
0.877691
0.879395
0.881256
0.88327
0.885431
0.887735
0.891447
0.892748
0.895452
0.899733
0.901217
0.905832
0.909037
0.912336
0.915728
0.919201
0.922749
0.926367
0.930052
0.93379
0.93758
0.941416
0.94529
0.949196
0.955101
0.959057
0.963024
0.966988
0.970938
0.974869
0.978773
0.982641
0.986465
0.99024
0.993956
0.997608
1.00119
1.0047
1.00813
1.01149
1.01635
1.01949
1.02253
1.02549
1.02835
1.03111
1.03379
1.03637
1.03885
1.04123
1.04353
1.04572
1.04782
1.04982
1.05263
1.05439
1.05604
1.05759
1.05905
1.06103
1.06223
1.06332
1.06431
1.06519
1.06596
1.06663
1.06718
1.06763
1.06797
1.06828
1.06832
1.06828
1.06812
1.06799
1.06765
1.06693
1.06629
1.06555
1.0647
1.06373
1.06265
1.06147
1.06019
1.05881
1.05733
1.05577
1.05412
1.05239
1.05059
1.04872
1.0458
1.0448
1.04276
1.03961
1.03854
1.03637
1.03416
1.03192
1.02852
1.02737
1.02506
1.02274
1.01924
1.01689
1.01454
1.01219
1.00984
1.0075
1.00517
1.00285
1.00054
0.998249
0.995979
0.993729
0.991503
0.9893
0.987125
0.984978
0.982861
0.980774
0.978718
0.976696
0.974709
0.972755
0.970837
0.968958
0.967113
0.965311
0.962683
0.961826
0.960146
0.957705
0.956133
0.954607
0.953127
0.951696
0.950314
0.948982
0.947702
0.946476
0.945305
0.944189
0.943129
0.942129
0.941191
0.940313
0.939497
0.938742
0.937723
0.937416
0.936852
0.93635
0.93572
0.935545
0.93524
0.934908
0.934832
0.934698
0.934692
0.934753
0.934885
0.935085
0.935358
0.935701
0.936117
0.936605
0.937166
0.937796
0.938494
0.939257
0.940081
0.940964
0.9419
0.942888
0.943924
0.945005
0.946703
0.947884
0.9491
0.95035
0.951628
0.953598
0.954268
0.955622
0.957693
0.959095
0.960512
0.961941
0.963375
0.964825
0.966274
0.967724
0.969173
0.970623
0.972073
0.973513
0.974947
0.97637
0.977783
0.979185
0.980572
0.981941
0.983294
0.984629
0.985945
0.987236
0.989134
0.990368
0.991579
0.992762
0.993917
0.995047
0.996145
0.997217
0.998768
0.999763
1.00073
1.00166
1.00256
1.00343
1.00426
1.00507
1.00584
1.00657
1.00728
1.00795
1.00859
1.0092
1.00977
1.01031
1.01082
1.0113
1.01174
1.01216
1.01254
1.01289
1.01321
1.01363
1.01388
1.0141
1.01428
1.01444
1.01457
1.01467
1.01474
1.01479
1.01481
1.0148
1.01476
1.0147
1.01461
1.0145
1.01437
1.01421
1.01402
1.01381
1.01358
1.0132
1.01292
1.01262
1.01229
1.01195
1.01159
1.01121
1.01081
1.0104
1.00998
1.00953
1.00908
1.0086
1.00812
1.00762
1.00685
1.00632
1.00579
1.00524
1.00469
1.00412
1.00327
1.00269
1.0021
1.0015
1.00091
1.00031
0.999699
0.999088
0.998478
0.997868
0.997257
0.996647
0.996037
0.995426
0.994816
0.9939
0.99329
0.99268
0.992069
0.991468
0.990873
0.989981
0.989683
0.989101
0.988522
0.987942
0.987377
0.986534
0.986259
0.98571
0.98517
0.984636
0.983856
0.983599
0.983095
0.982599
0.981874
0.981401
0.980944
0.980495
0.980057
0.97963
0.979218
0.978815
0.978426
0.978048
0.977682
0.977331
0.976994
0.976669
0.976358
0.976061
0.975779
0.97551
0.975254
0.975014
0.974787
0.974575
0.974377
0.97411
0.974026
0.973871
0.973732
0.973549
0.973444
0.973354
0.973278
0.973217
0.973169
0.973135
0.973114
0.973108
0.973122
0.973148
0.973188
0.973242
0.973307
0.973383
0.973475
0.973577
0.973692
0.973816
0.973953
0.974178
0.97426
0.974518
0.974609
0.974798
0.9751
0.975313
0.975534
0.975763
0.976002
0.976246
0.9765
0.976759
0.977024
0.977299
0.977573
0.977859
0.978149
0.978439
0.978739
0.979044
0.979349
0.979654
0.979963
0.980444
0.980764
0.981085
0.981405
0.981726
0.982046
0.982367
0.982847
0.983168
0.983488
0.983809
0.984289
0.98461
0.98493
0.985245
0.98555
0.985855
0.98616
0.986465
0.986767
0.987057
0.987347
0.987637
0.987919
0.988194
0.988468
0.988739
0.988998
0.989258
0.989511
0.989756
0.990234
0.990349
0.990578
0.990801
0.991014
0.991329
0.991528
0.991627
0.991911
0.992094
0.99227
0.992437
0.992603
0.992756
0.992908
0.993048
0.993116
0.993315
0.993437
0.993557
0.993664
0.993771
0.993866
0.993912
0.99412
0.994228
0.994259
0.99432
0.994375
0.994444
0.994467
0.994516
0.994532
0.99456
0.994583
0.994598
0.994602
0.994602
0.994602
0.994591
0.994583
0.99456
0.994551
0.994505
0.994474
0.994442
0.994396
0.99435
0.994305
0.994253
0.994192
0.994131
0.99407
0.994009
0.993895
0.993856
0.993742
0.993666
0.993586
0.993494
0.993402
0.993311
0.993219
0.993128
0.993036
0.992945
0.992842
0.992735
0.992628
0.992521
0.992414
0.992308
0.992201
0.992094
0.991987
0.99188
0.991774
0.991667
0.99156
0.991453
0.991346
0.99124
0.991133
0.991026
0.990919
0.990759
0.990652
0.990545
0.990438
0.990332
0.990225
0.990118
0.990011
0.989866
0.989775
0.989683
0.989592
0.9895
0.989408
0.989317
0.989225
0.989136
0.989059
0.988983
0.988907
