0
0
0
0
0
1.71659e-05
8.96459e-05
0.000320434
0.000865936
0.00189209
0.00357437
0.00607681
0.0116863
0.0168457
0.0198898
0.031002
0.0401211
0.0506496
0.0625992
0.0759602
0.0907135
0.106834
0.124277
0.143
0.173374
0.195074
0.217873
0.229666
0.254009
0.292307
0.318954
0.34642
0.374657
0.403603
0.433207
0.463413
0.494165
0.52541
0.557089
0.589148
0.621525
0.654173
0.687031
0.720043
0.769737
0.786324
0.819481
0.852577
0.902002
0.934725
0.950998
0.999397
1.03125
1.06271
1.09374
1.12428
1.15429
1.18373
1.21255
1.24072
1.26818
1.29491
1.32086
1.34599
1.37029
1.39371
1.41623
1.43783
1.45847
1.47814
1.49681
1.51447
1.53109
1.54667
1.56119
1.57464
1.587
1.59828
1.60847
1.61754
1.62551
1.63237
1.63812
1.64277
1.6463
1.64954
1.65007
1.65032
1.64948
1.64621
1.64459
1.63817
1.6326
1.62944
1.61846
1.60993
1.60044
1.59004
1.57873
1.56655
1.55352
1.53967
1.53246
1.50965
1.49354
1.47673
1.45927
1.44118
1.4225
1.40328
1.38353
1.3633
1.34264
1.31088
1.30012
1.27835
1.24515
1.23396
1.20009
1.17731
1.16587
1.14293
1.10842
1.0969
1.0739
1.0395
1.0167
0.994047
0.971579
0.949331
0.927332
0.905619
0.884224
0.863178
0.842516
0.822262
0.802446
0.783098
0.76424
0.745897
0.728098
0.710855
0.694193
0.678133
0.662687
0.647875
0.633711
0.620214
0.607395
0.595268
0.583847
0.573151
0.563187
0.553957
0.545479
0.537756
0.530796
0.524603
0.519184
0.514538
0.510664
0.507568
0.505247
0.503208
0.502808
0.502892
0.50363
0.505116
0.508732
0.510303
0.516094
0.520838
0.523468
0.532383
0.539154
0.546572
0.554619
0.563274
0.572519
0.582335
0.592701
0.603594
0.614992
0.626873
0.639214
0.651989
0.671915
0.685671
0.692678
0.714191
0.728907
0.743891
0.759117
0.774557
0.790184
0.805969
0.821888
0.837908
0.854002
0.870144
0.886303
0.902458
0.918581
0.934645
0.950623
0.966484
0.982218
0.997791
1.01318
1.02836
1.04332
1.05802
1.07244
1.08657
1.1004
1.11389
1.12705
1.13986
1.1523
1.16437
1.17605
1.18733
1.19819
1.20862
1.21861
1.22814
1.2372
1.24578
1.25386
1.26506
1.26854
1.2751
1.28396
1.28665
1.29392
1.29607
1.30172
1.3048
1.30734
1.3084
1.31079
1.3117
1.31207
1.3119
1.31121
1.31067
1.30919
1.306
1.30324
1.29999
1.29626
1.29204
1.28736
1.28224
1.27666
1.27066
1.26425
1.25743
1.25023
1.24265
1.23473
1.22646
1.21787
1.20898
1.19979
1.19034
1.18063
1.16563
1.16053
1.15017
1.13429
1.12892
1.1126
1.1071
1.09602
1.08486
1.07363
1.0567
1.05105
1.03973
1.02278
1.01152
1.00032
0.989187
0.978151
0.967234
0.956442
0.945797
0.935316
0.925016
0.914906
0.904997
0.8953
0.885828
0.876596
0.867609
0.858885
0.850431
0.84226
0.834383
0.826811
0.819553
0.81262
0.806021
0.799765
0.793856
0.788303
0.783108
0.778278
0.77383
0.769753
0.766054
0.762737
0.759804
0.757254
0.755087
0.753302
0.751898
0.750505
0.750231
0.749968
0.750067
0.750547
0.751394
0.752594
0.755068
0.757154
0.758326
0.762348
0.763855
0.767113
0.772591
0.776627
0.78096
0.783236
0.79048
0.795645
0.801064
0.806732
0.812635
0.818762
0.8251
0.831636
0.838358
0.845257
0.852318
0.859528
0.866875
0.874344
0.881924
0.889599
0.897358
0.909122
0.913071
0.921
0.928959
0.940928
0.944918
0.956871
0.964808
0.972702
0.980545
0.988316
0.996002
0.999811
1.01107
1.01843
1.02564
1.03271
1.03963
1.04637
1.05295
1.05934
1.06555
1.07158
1.07741
1.08305
1.08849
1.09373
1.09875
1.10356
1.10814
1.1125
1.11662
1.12049
1.12411
1.12749
1.1306
1.13345
1.13603
1.13835
1.1404
1.14298
1.14371
1.14548
1.14594
1.14666
1.14711
1.1473
1.14709
1.14689
1.14631
1.14547
1.14437
1.14227
1.14058
1.13864
1.13648
1.13409
1.13148
1.12866
1.12564
1.12241
1.12073
1.11539
1.1116
1.10765
1.10353
1.09926
1.09484
1.09029
1.08561
1.0808
1.07589
1.07087
1.06576
1.06056
1.05528
1.04994
1.04455
1.03637
1.03087
1.02536
1.0226
1.01432
1.00881
1.00607
0.997892
0.992495
0.987154
0.981874
0.976667
0.971535
0.966486
0.963993
0.956652
0.951876
0.947199
0.942623
0.938152
0.933788
0.929533
0.92539
0.92136
0.917446
0.913658
0.910004
0.906485
0.903111
0.899883
0.896812
0.893904
0.891165
0.888597
0.886206
0.883993
0.881964
0.880117
0.878458
0.876986
0.875702
0.875702
0.873314
0.872688
0.872252
0.872
0.871931
0.872046
0.872343
0.872824
0.873482
0.874315
0.87532
0.876497
0.87784
0.879345
0.881012
0.883804
0.885851
0.888044
0.889193
0.891594
0.895445
0.898169
0.899576
0.90703
0.910194
0.913456
0.916805
0.920238
0.92375
0.927332
0.930979
0.934687
0.93845
0.942261
0.946114
0.950003
0.953918
0.957857
0.961809
0.965761
0.969713
0.973652
0.977568
0.981455
0.985302
0.989107
0.992859
0.998375
1.00018
1.00375
1.00724
1.01065
1.01562
1.01723
1.02195
1.02347
1.02646
1.02936
1.03354
1.03621
1.03751
1.04126
1.04365
1.04594
1.04813
1.05023
1.05223
1.05413
1.05593
1.05763
1.05923
1.06073
1.06212
1.0634
1.06458
1.06566
1.06662
1.06748
1.06822
1.06886
1.06939
1.0698
1.07009
1.07027
1.07032
1.07026
1.07009
1.0696
1.06937
1.06883
1.06779
1.06695
1.06649
1.06548
1.06376
1.06247
1.06108
1.05959
1.05881
1.05634
1.05457
1.05273
1.05082
1.04884
1.04679
1.0447
1.04255
1.04035
1.03812
1.03584
1.03354
1.03121
1.02885
1.02648
1.02409
1.02168
1.01927
1.01684
1.01441
1.01199
1.00956
1.00595
1.00474
1.00235
0.999969
0.997608
0.995266
0.992945
0.98951
0.987251
0.985022
0.983917
0.980656
0.978521
0.977467
0.974356
0.972328
0.971327
0.968386
0.966476
0.964607
0.962778
0.960995
0.956734
0.955111
0.953537
0.952015
0.950542
0.949123
0.947758
0.946447
0.945196
0.943998
0.942862
0.941786
0.940771
0.939817
0.938927
0.938103
0.936985
0.936646
0.936016
0.935196
0.934956
0.93434
0.934168
0.933756
0.933567
0.933498
0.933401
0.933428
0.933529
0.933706
0.93396
0.93429
0.934698
0.935184
0.935747
0.936386
0.937101
0.937891
0.938749
0.939678
0.94067
0.941723
0.942831
0.943995
0.945206
0.947102
0.947754
0.949085
0.950451
0.951847
0.953997
0.954723
0.956938
0.958437
0.959192
0.961477
0.962246
0.963787
0.966112
0.96689
0.969225
0.970781
0.972326
0.973867
0.975399
0.976921
0.978432
0.979927
0.981405
0.982864
0.984306
0.985727
0.987123
0.988499
0.989847
0.991169
0.992464
0.993732
0.994972
0.996181
0.99736
0.998508
1.00017
1.00071
1.00177
1.00329
1.00378
1.0052
1.00611
1.00655
1.00741
1.00823
1.0094
1.01014
1.01084
1.01151
1.01183
1.01275
1.01332
1.01385
1.01435
1.01482
1.01525
1.01566
1.01602
1.01636
1.01666
1.01693
1.01717
1.01738
1.01756
1.01776
1.01782
1.0179
1.01797
1.01798
1.01797
1.01791
1.01788
1.01779
1.01767
1.01753
1.01726
1.01716
1.01694
1.01656
1.01643
1.01598
1.01565
1.01548
1.01494
1.01455
1.01414
1.01372
1.01327
1.01281
1.01233
1.01184
1.01133
1.01081
1.01027
1.00972
1.00916
1.00858
1.008
1.00741
1.00681
1.0062
1.00558
1.00495
1.00432
1.00368
1.00304
1.0024
1.00174
1.00109
1.00043
0.999773
0.999117
0.998461
0.997805
0.997149
0.996492
0.995836
0.99518
0.994524
0.99387
0.993229
0.992588
0.991947
0.990997
0.990685
0.990059
0.989439
0.988829
0.988218
0.987326
0.986736
0.986156
0.985584
0.98502
0.984468
0.983923
0.983389
0.982864
0.982349
0.981846
0.981356
0.980875
0.980406
0.979948
0.979506
0.979074
0.978657
0.978252
0.977861
0.977484
0.977119
0.97677
0.976435
0.976114
0.975809
0.975519
0.975243
0.974981
0.974735
0.974504
0.974289
0.974089
0.973904
0.973734
0.973579
0.97344
0.973316
0.973209
0.97308
0.973009
0.972954
0.972914
0.972889
0.972879
0.972883
0.972902
0.972935
0.97298
0.973042
0.973116
0.973204
0.973305
0.973417
0.973541
0.973679
0.973829
0.973991
0.974163
0.974346
0.974543
0.974747
0.97496
0.975187
0.97542
0.975664
0.975916
0.976175
0.976582
0.976719
0.977003
0.977293
0.977587
0.977892
0.978197
0.97851
0.978991
0.979151
0.979641
0.979977
0.980312
0.980648
0.980984
0.981319
0.981668
0.982019
0.98237
0.982721
0.983072
0.983423
0.983774
0.984125
0.984474
0.98481
0.985146
0.985481
0.985817
0.986153
0.986488
0.986811
0.987131
0.987612
0.987772
0.988079
0.988384
0.988689
0.989132
0.989422
0.98971
0.989847
0.990259
0.990526
0.990786
0.991045
0.991291
0.991535
0.991772
0.992001
0.992226
0.992439
0.992653
0.992851
0.99305
0.993237
0.99342
0.993593
0.993761
0.993923
0.994076
0.994225
0.994362
0.994499
0.994621
0.994743
0.994854
0.994961
0.99506
0.995152
0.995239
0.995316
0.995392
0.995453
0.995514
0.995565
0.995611
0.99567
0.995686
0.995716
0.995745
0.99576
0.99577
0.99577
0.99577
0.99576
0.995745
0.995729
0.995703
0.995672
0.995642
0.995604
0.995558
0.995512
0.995464
0.995373
0.995342
0.995251
0.995178
0.99514
0.995064
0.994987
0.994823
0.994732
0.99464
0.994549
0.994457
0.994364
0.994204
0.99415
0.99399
0.993883
0.99383
0.99367
0.993563
0.993456
0.993334
0.993212
0.99309
0.992968
0.992846
0.992723
0.992601
0.992479
0.992418
0.992174
0.992052
0.99193
0.991808
0.991686
0.991564
0.991442
0.99132
0.991198
0.991076
0.990965
0.990858
0.990751
0.990644
0.990538
0.990431
