0
7.62941e-06
3.05177e-05
4.57765e-05
6.10353e-05
7.82012e-05
0.000150681
0.000387192
0.000944138
0.00198936
0.00369453
0.0062294
0.011898
0.017107
0.0235748
0.0273018
0.0405521
0.0511456
0.0631599
0.0765877
0.0914097
0.107592
0.125099
0.143887
0.163902
0.185097
0.207413
0.230801
0.267763
0.280561
0.306826
0.347797
0.376085
0.405083
0.434736
0.464993
0.495798
0.527096
0.558828
0.590939
0.623369
0.656067
0.688971
0.722029
0.755184
0.788382
0.821564
0.854679
0.887676
0.936838
0.953112
0.985443
1.03333
1.0491
1.08032
1.11108
1.14133
1.18564
1.20011
1.24253
1.26995
1.28339
1.32255
1.34766
1.37193
1.39533
1.41783
1.43941
1.46002
1.47966
1.49829
1.5159
1.53246
1.54796
1.5624
1.57574
1.588
1.59916
1.60922
1.61816
1.626
1.63271
1.63832
1.64281
1.64619
1.64846
1.64962
1.6497
1.6487
1.64662
1.64348
1.6393
1.63408
1.62784
1.62061
1.60794
1.60324
1.58776
1.58215
1.56401
1.55753
1.54397
1.52213
1.51447
1.4986
1.47349
1.45593
1.43775
1.41897
1.39965
1.37982
1.35951
1.33876
1.31761
1.29609
1.27426
1.25214
1.22977
1.2072
1.18446
1.16159
1.13863
1.11562
1.0926
1.06959
1.04665
1.0238
0.989786
0.978535
0.945103
0.923126
0.901438
0.890713
0.859058
0.83843
0.818214
0.80827
0.779139
0.760332
0.742052
0.724323
0.707169
0.690605
0.674664
0.659365
0.644724
0.63076
0.617489
0.604927
0.593086
0.581982
0.57671
0.562029
0.553196
0.545137
0.537855
0.531355
0.52564
0.52071
0.516565
0.513203
0.51062
0.508816
0.507784
0.507521
0.508017
0.509266
0.511263
0.513994
0.517445
0.521605
0.526463
0.532001
0.53821
0.545071
0.552567
0.560677
0.569389
0.578682
0.588535
0.598928
0.609842
0.621256
0.633141
0.645477
0.658241
0.671412
0.684963
0.705946
0.713102
0.727642
0.749968
0.765158
0.78056
0.79615
0.811899
0.827776
0.843763
0.867886
0.884022
0.900166
0.916294
0.932377
0.948393
0.964312
0.980108
0.995758
1.01124
1.03409
1.04905
1.06376
1.0782
1.09235
1.10619
1.11971
1.13289
1.15199
1.16425
1.17611
1.18755
1.19857
1.20914
1.21925
1.22888
1.23804
1.24669
1.25484
1.26248
1.26959
1.27618
1.28224
1.28777
1.29504
1.29921
1.30283
1.30591
1.30844
1.31043
1.31187
1.31277
1.31313
1.31295
1.31169
1.311
1.30924
1.30697
1.3042
1.29909
1.29509
1.29061
1.28568
1.28029
1.27447
1.26823
1.26158
1.25454
1.24712
1.23933
1.2312
1.22275
1.21397
1.20026
1.19077
1.18103
1.17105
1.16084
1.15044
1.13985
1.1291
1.11819
1.10717
1.09043
1.07916
1.06784
1.05648
1.0451
1.03372
1.02235
1.01102
0.999746
0.988541
0.977423
0.960955
0.950138
0.939474
0.928974
0.918652
0.90852
0.893703
0.888872
0.874718
0.86558
0.861109
0.85236
0.843889
0.831726
0.827824
0.820251
0.813005
0.802765
0.796373
0.790339
0.78467
0.779367
0.774445
0.769901
0.763807
0.760231
0.757042
0.754244
0.751839
0.749825
0.748201
0.746965
0.74584
0.745657
0.745682
0.74588
0.747036
0.74828
0.749886
0.751846
0.754164
0.756828
0.759832
0.763168
0.766829
0.770803
0.775084
0.779661
0.784527
0.789669
0.795078
0.800739
0.806644
0.812788
0.819155
0.825729
0.835958
0.83946
0.846592
0.853882
0.865091
0.872728
0.880476
0.888325
0.896259
0.90427
0.916393
0.924526
0.932686
0.940857
0.949024
0.957178
0.965302
0.977404
0.985395
0.993309
1.00113
1.00885
1.01646
1.02394
1.03127
1.03846
1.04548
1.0557
1.06229
1.0687
1.07492
1.08094
1.08676
1.09238
1.0978
1.10551
1.11038
1.11501
1.12151
1.12554
1.12932
1.13283
1.13609
1.13907
1.14179
1.14423
1.14639
1.14828
1.14988
1.1512
1.15223
1.15299
1.15346
1.15366
1.15358
1.15295
1.1526
1.15117
1.15055
1.14914
1.14655
1.14453
1.14225
1.13974
1.13556
1.13405
1.13088
1.12574
1.12207
1.12016
1.11621
1.10995
1.10558
1.10333
1.09637
1.09156
1.08662
1.08156
1.0764
1.07113
1.06578
1.06034
1.05484
1.04927
1.04366
1.03516
1.02945
1.02373
1.01801
1.01229
1.00658
1.00091
0.99527
0.989677
0.984142
0.978674
0.97061
0.965336
0.960152
0.955061
0.950069
0.942772
0.93804
0.933418
0.928909
0.922369
0.918152
0.91407
0.910112
0.906294
0.902617
0.89909
0.89572
0.892511
0.889473
0.886608
0.883923
0.88142
0.879107
0.876984
0.875055
0.873322
0.871784
0.870443
0.869301
0.868355
0.867607
0.867058
0.866703
0.866545
0.866581
0.866808
0.867504
0.867828
0.868622
0.87015
0.871391
0.872078
0.873579
0.876148
0.877087
0.879082
0.882366
0.883537
0.887266
0.889927
0.891308
0.895645
0.898689
0.901852
0.905123
0.908497
0.911968
0.917345
0.921032
0.922905
0.928625
0.930563
0.934483
0.940456
0.942469
0.946518
0.952644
0.956749
0.960865
0.964973
0.969072
0.973152
0.977201
0.981216
0.985186
0.989103
0.994871
0.998634
1.00233
1.00595
1.00949
1.01295
1.01632
1.01961
1.02281
1.02744
1.02893
1.03328
1.03468
1.03741
1.04005
1.04259
1.04621
1.04737
1.05069
1.05175
1.05379
1.05665
1.05843
1.0601
1.06167
1.06313
1.06448
1.06573
1.06686
1.06788
1.06878
1.06958
1.07026
1.07081
1.07125
1.07156
1.07175
1.07182
1.07176
1.07157
1.07126
1.07082
1.07027
1.06959
1.06879
1.06786
1.06682
1.06566
1.06439
1.06301
1.06153
1.05994
1.05825
1.05648
1.05461
1.05266
1.0496
1.04748
1.04529
1.04305
1.04077
1.03843
1.03606
1.03365
1.03122
1.02876
1.02627
1.02378
1.02127
1.01875
1.01624
1.01246
1.0112
1.00869
1.00495
1.00247
1.00001
0.997576
0.995157
0.992765
0.9904
0.988062
0.985756
0.983482
0.981243
0.97904
0.976871
0.974743
0.972651
0.970598
0.968586
0.966619
0.964695
0.962816
0.960981
0.959192
0.957451
0.955757
0.954115
0.952522
0.950983
0.949495
0.948061
0.94668
0.945358
0.944092
0.942886
0.941742
0.940659
0.939636
0.938221
0.937782
0.936563
0.93619
0.935493
0.934578
0.934307
0.933819
0.933401
0.933052
0.932667
0.932505
0.932419
0.932413
0.932486
0.932638
0.932873
0.933187
0.93359
0.934069
0.934628
0.935268
0.935986
0.936779
0.937647
0.938587
0.939596
0.941233
0.941809
0.943621
0.94425
0.946213
0.946888
0.948269
0.950407
0.951136
0.953362
0.954117
0.956413
0.957968
0.958752
0.961121
0.962709
0.964312
0.965914
0.967516
0.969118
0.97072
0.972319
0.973906
0.975485
0.977053
0.978607
0.980145
0.981665
0.983168
0.984652
0.986111
0.987551
0.989662
0.991039
0.991718
0.993053
0.995003
0.996265
0.996885
0.998699
0.999287
1.001
1.0021
1.00317
1.00421
1.0052
1.00617
1.0071
1.00799
1.00885
1.00967
1.01046
1.01121
1.01193
1.01261
1.01325
1.01416
1.01472
1.01524
1.01573
1.01618
1.0166
1.01698
1.01733
1.01765
1.01793
1.0183
1.0184
1.01859
1.01874
1.01891
1.01898
1.01903
1.01904
1.01902
1.01897
1.0189
1.01879
1.01866
1.01841
1.01821
1.01798
1.01773
1.01746
1.01716
1.01683
1.01648
1.01611
1.01572
1.01531
1.01488
1.01443
1.01396
1.01347
1.01297
1.01245
1.01191
1.01136
1.0108
1.01022
1.00963
1.00903
1.00842
1.0078
1.00717
1.00653
1.00589
1.00523
1.00458
1.0039
1.00323
1.00256
1.00188
1.00119
1.00051
0.999821
0.999134
0.998447
0.997761
0.997074
0.996387
0.995701
0.994671
0.994328
0.993654
0.992983
0.992311
0.991314
0.990986
0.99033
0.989681
0.98904
0.988089
0.987776
0.987152
0.986237
0.98564
0.985046
0.984467
0.983894
0.983332
0.982782
0.982243
0.981712
0.981194
0.98069
0.980198
0.979481
0.97925
0.978796
0.978355
0.977928
0.977516
0.977119
0.976736
0.976368
0.976015
0.975677
0.975355
0.975048
0.974617
0.97448
0.974096
0.973974
0.973745
0.973434
0.973337
0.973074
0.972918
0.972776
0.972652
0.972544
0.972452
0.972376
0.972317
0.972273
0.972244
0.972231
0.972233
0.97225
0.972281
0.972326
0.972387
0.972464
0.972553
0.972656
0.972773
0.972902
0.973043
0.973196
0.973364
0.973543
0.973833
0.974041
0.974258
0.974487
0.974728
0.974974
0.975233
0.975636
0.97591
0.9762
0.97649
0.976795
0.9771
0.977417
0.977737
0.978058
0.978394
0.978729
0.979065
0.979406
0.979757
0.980108
0.980635
0.980986
0.981337
0.981512
0.982061
0.982428
0.982794
0.98316
0.983526
0.983889
0.98424
0.984591
0.984941
0.985292
0.985643
0.985994
0.986338
0.986673
0.987009
0.987345
0.987673
0.987993
0.988314
0.988783
0.988935
0.989241
0.98954
0.98983
0.99012
0.990398
0.990673
0.990942
0.991201
0.991583
0.991827
0.992067
0.992296
0.992525
0.992846
0.993053
0.993252
0.993446
0.993629
0.993811
0.993979
0.994146
0.994299
0.994452
0.994659
0.994791
0.994913
0.995031
0.995138
0.995245
0.995337
0.995428
0.995506
0.995583
0.995649
0.99571
0.995766
0.995811
0.995857
0.995903
0.995918
0.995939
0.995955
0.995968
0.995968
0.99596
0.995945
0.99593
0.995905
0.995874
0.995844
0.995804
0.995758
0.995712
0.995661
0.9956
0.995539
0.995478
0.995405
0.995329
0.995253
0.995176
0.995045
0.994953
0.994862
0.99477
0.994675
0.994621
0.994461
0.994354
0.994247
0.994141
0.994034
0.993921
0.993799
0.993677
0.993494
0.993433
0.993311
0.993189
0.993067
0.992945
0.992762
0.992701
0.992579
0.992395
0.992334
0.992151
0.99209
0.991907
0.991785
0.991724
0.991541
0.991419
0.991297
0.991175
0.991053
0.990931
0.990808
0.990686
0.99057
0.990463
0.990356
0.99025
0.990143
0.990036
0.989929
0.989822
0.989717
0.989626
0.989534
0.989443
0.989351
0.98926
0.989124
