0
1.52588e-05
3.81471e-05
5.34059e-05
6.86647e-05
8.77389e-05
0.000162125
0.00041008
0.0009861
0.00206566
0.0038147
0.00640106
0.00997353
0.0146599
0.0205669
0.0277767
0.0363522
0.0463276
0.057724
0.0705376
0.0774727
0.100355
0.117294
0.145119
0.165209
0.186466
0.208838
0.232265
0.256695
0.282068
0.308332
0.33543
0.363306
0.391909
0.421185
0.45108
0.481541
0.512514
0.559811
0.591824
0.624155
0.656754
0.689566
0.722532
0.755606
0.788727
0.82184
0.871372
0.904222
0.936872
0.969269
1.00136
1.0331
1.06443
1.09531
1.1257
1.15554
1.1992
1.22751
1.25515
1.28208
1.30828
1.3337
1.35831
1.38209
1.405
1.43766
1.45827
1.4779
1.49654
1.51416
1.53074
1.54627
1.56073
1.58038
1.59212
1.60275
1.61227
1.62067
1.62796
1.6368
1.64129
1.64466
1.64692
1.64808
1.64813
1.64709
1.64496
1.64177
1.63753
1.62922
1.62242
1.61462
1.60586
1.59616
1.58554
1.57402
1.56164
1.54841
1.53438
1.51957
1.50401
1.48775
1.47079
1.44417
1.42567
1.40662
1.38704
1.36698
1.34648
1.32557
1.30429
1.27177
1.26078
1.22746
1.20499
1.18235
1.15958
1.12526
1.10233
1.0794
1.0565
1.03368
0.999662
0.977186
0.954905
0.932856
0.911076
0.889593
0.868441
0.847651
0.82725
0.807268
0.787733
0.768675
0.75012
0.732094
0.714622
0.697729
0.68144
0.66577
0.650745
0.636379
0.622692
0.60347
0.591549
0.580353
0.569901
0.5602
0.551258
0.543081
0.535681
0.529062
0.523228
0.518183
0.513926
0.510462
0.507784
0.505894
0.504786
0.504452
0.50489
0.50609
0.508041
0.510738
0.514162
0.518303
0.523146
0.528677
0.53488
0.541739
0.549234
0.557344
0.566059
0.575352
0.585201
0.595591
0.606495
0.617893
0.629759
0.642071
0.654806
0.667942
0.681454
0.695316
0.709505
0.723997
0.738766
0.75379
0.769037
0.784487
0.800108
0.815878
0.831768
0.847754
0.863808
0.879906
0.904076
0.912125
0.928194
0.944202
0.968048
0.975941
0.991617
1.00713
1.02246
1.04506
1.05248
1.07433
1.08853
1.10243
1.116
1.12924
1.14211
1.15461
1.16673
1.17843
1.18972
1.20057
1.21096
1.22089
1.23034
1.23929
1.24775
1.2557
1.26312
1.27001
1.27637
1.28218
1.28746
1.29218
1.29635
1.29996
1.30303
1.30554
1.30826
1.30939
1.30975
1.31006
1.30952
1.3085
1.30695
1.30488
1.30231
1.29923
1.29566
1.29162
1.2871
1.28213
1.27672
1.27087
1.26461
1.25794
1.25089
1.24346
1.23567
1.22754
1.21908
1.21031
1.20125
1.19192
1.18232
1.17249
1.16243
1.15217
1.14172
1.1311
1.12033
1.10943
1.09841
1.08729
1.0761
1.06485
1.05356
1.04224
1.02527
1.01962
1.00834
0.991539
0.980434
0.969429
0.958542
0.947792
0.937197
0.926769
0.916523
0.906471
0.896626
0.886999
0.8776
0.868444
0.859543
0.850908
0.842554
0.834492
0.826733
0.819288
0.812168
0.805382
0.798941
0.789938
0.787119
0.781755
0.776758
0.769968
0.765919
0.762255
0.758976
0.75609
0.753592
0.751486
0.749771
0.748446
0.747511
0.746964
0.746799
0.747019
0.747614
0.748583
0.749918
0.751616
0.753666
0.756063
0.758802
0.761877
0.765278
0.768997
0.773026
0.777353
0.781969
0.786867
0.792036
0.797466
0.803143
0.809059
0.815203
0.824818
0.831476
0.838318
0.845331
0.852505
0.856148
0.867279
0.874855
0.882534
0.890306
0.898157
0.906073
0.91404
0.922043
0.930073
0.938114
0.946154
0.954174
0.962168
0.970119
0.978016
0.985842
0.993586
1.00123
1.00876
1.01617
1.02345
1.03057
1.03755
1.04436
1.05099
1.05745
1.06372
1.0698
1.07857
1.0814
1.0869
1.09477
1.09975
1.10217
1.10452
1.11124
1.11939
1.12309
1.12653
1.12972
1.13264
1.1353
1.13768
1.1398
1.14165
1.14323
1.14454
1.14557
1.14634
1.14684
1.14706
1.14702
1.14672
1.14615
1.14533
1.14425
1.14217
1.14135
1.13954
1.13855
1.13399
1.13138
1.12856
1.12552
1.12229
1.11886
1.11525
1.11145
1.10748
1.10336
1.09907
1.09463
1.09006
1.08535
1.08052
1.07557
1.07053
1.06538
1.06015
1.05485
1.04947
1.04403
1.03855
1.03302
1.02748
1.02191
1.01634
1.01077
1.00523
0.996973
0.99152
0.988811
0.98344
0.978132
0.970308
0.967739
0.960157
0.957674
0.950361
0.945606
0.940952
0.936401
0.931955
0.927616
0.923391
0.919279
0.915289
0.911427
0.907698
0.90411
0.900669
0.897381
0.894253
0.891293
0.888504
0.885895
0.883469
0.881226
0.879169
0.877304
0.875631
0.874151
0.872866
0.871777
0.87088
0.870178
0.869669
0.869268
0.86923
0.869297
0.869549
0.869987
0.870609
0.871878
0.872389
0.874186
0.875595
0.87636
0.878901
0.880793
0.882837
0.883915
0.887363
0.889835
0.892437
0.895166
0.898012
0.90098
0.904057
0.907234
0.910511
0.913879
0.917334
0.920866
0.924471
0.928141
0.931871
0.935658
0.939489
0.943363
0.947273
0.951208
0.955166
0.959133
0.9631
0.967068
0.971024
0.974955
0.978859
0.982727
0.986547
0.990318
0.994034
0.997683
1.00126
1.0065
1.00821
1.01156
1.01483
1.01801
1.02558
1.02845
1.03122
1.03521
1.0365
1.03899
1.04139
1.0437
1.04697
1.04802
1.051
1.05286
1.05462
1.05629
1.05784
1.0593
1.06065
1.06189
1.06303
1.06406
1.06498
1.06579
1.06649
1.06709
1.06757
1.06794
1.0682
1.06835
1.06838
1.0683
1.06811
1.06779
1.06736
1.06682
1.06615
1.06538
1.06449
1.06349
1.0618
1.06053
1.05986
1.05771
1.05615
1.05451
1.05279
1.051
1.04913
1.0472
1.04521
1.04316
1.04107
1.03893
1.03675
1.03453
1.03229
1.03001
1.02771
1.0254
1.02306
1.02071
1.01836
1.01599
1.01363
1.01126
1.0089
1.00655
1.00421
1.00188
0.999569
0.997272
0.994993
0.992739
0.989399
0.988298
0.985039
0.982903
0.981846
0.978722
0.976679
0.97467
0.972698
0.970762
0.968863
0.967003
0.965185
0.963408
0.96167
0.959978
0.958328
0.956724
0.955168
0.953657
0.952196
0.950785
0.949423
0.948114
0.946857
0.945656
0.94451
0.943419
0.942387
0.94141
0.94006
0.93964
0.938847
0.938114
0.937443
0.936562
0.936052
0.935823
0.935411
0.935068
0.934675
0.934496
0.934385
0.934341
0.934368
0.934467
0.934639
0.934885
0.935204
0.935596
0.936066
0.936607
0.937222
0.937908
0.938663
0.939486
0.940371
0.941313
0.94231
0.943357
0.944452
0.945593
0.946774
0.947992
0.949244
0.950529
0.951841
0.953178
0.954542
0.956625
0.957327
0.958746
0.96018
0.962351
0.963808
0.96454
0.966005
0.968203
0.969667
0.971132
0.972591
0.974041
0.975481
0.976912
0.978329
0.979731
0.981115
0.982481
0.983829
0.985155
0.98646
0.98774
0.988997
0.990225
0.991428
0.992605
0.993753
0.994875
0.995966
0.997026
0.998058
0.999062
1.00003
1.00097
1.00188
1.00276
1.0036
1.00441
1.0052
1.00594
1.00666
1.00734
1.008
1.00862
1.0092
1.01003
1.01028
1.01077
1.01124
1.01187
1.01207
1.01261
1.01293
1.01307
1.01348
1.01371
1.01392
1.01409
1.01423
1.01435
1.01444
1.0145
1.01453
1.01453
1.01451
1.01446
1.01439
1.01429
1.01417
1.01402
1.01385
1.01365
1.01343
1.0132
1.01293
1.01265
1.01235
1.01203
1.01168
1.01133
1.01095
1.01056
1.01015
1.00972
1.00928
1.00882
1.00835
1.00787
1.00737
1.00712
1.00635
1.00582
1.005
1.00446
1.00389
1.00333
1.00275
1.00217
1.00159
1.00099
1.0004
0.999802
0.999199
0.998589
0.997978
0.997368
0.996758
0.996147
0.995537
0.994926
0.994316
0.993706
0.993095
0.992487
0.991892
0.991297
0.990702
0.990107
0.989523
0.988943
0.988363
0.987795
0.98723
0.986395
0.98612
0.985571
0.985037
0.984505
0.983986
0.983471
0.982967
0.982229
0.981985
0.981276
0.980818
0.980591
0.979931
0.979504
0.97909
0.978687
0.978296
0.977917
0.977551
0.977198
0.976858
0.976532
0.976219
0.97592
0.975634
0.975361
0.975101
0.974857
0.974628
0.974413
0.974213
0.974026
0.973854
0.973698
0.973555
0.973427
0.973312
0.973213
0.973127
0.973057
0.973
0.972942
0.972929
0.972914
0.972914
0.972939
0.972954
0.973017
0.973076
0.973148
0.973232
0.973328
0.973434
0.973557
0.973688
0.973831
0.973984
0.97415
0.974323
0.974506
0.974703
0.974905
0.975119
0.97534
0.975569
0.975807
0.976051
0.976305
0.976564
0.97683
0.977104
0.977379
0.977665
0.977955
0.978245
0.978546
0.978851
0.979156
0.979462
0.979774
0.980576
0.980896
0.981216
0.981537
0.981857
0.982178
0.982658
0.982819
0.983299
0.983459
0.98394
0.984261
0.984581
0.984901
0.985222
0.985531
0.985836
0.986141
0.986446
0.986748
0.987038
0.987328
0.987473
0.987898
0.988173
0.988447
0.988714
0.988974
0.989233
0.989483
0.989849
0.989971
0.990202
0.990431
0.990656
0.990976
0.991083
0.991386
0.991585
0.99168
0.991863
0.992046
0.992216
0.992384
0.992544
0.992773
0.992916
0.993053
0.993187
0.993309
0.993431
0.993538
0.993645
0.993742
0.993834
0.993921
0.993998
0.994074
0.994139
0.9942
0.994257
0.994326
0.994349
0.994383
0.994429
0.994444
0.994467
0.994482
0.994486
0.994486
0.994486
0.994482
0.994459
0.994444
0.994434
0.994389
0.994358
0.994324
0.994278
0.994232
0.994186
0.994135
0.994074
0.994013
0.993952
0.993889
0.993813
0.993736
0.99366
0.993584
0.993507
0.993418
0.993326
0.993235
0.993143
0.993052
0.99296
0.992868
0.992767
0.992661
0.992554
0.992393
0.99234
0.99218
0.992126
0.99202
0.991859
0.991806
0.991646
0.991539
0.991432
0.991325
0.991219
0.991112
0.991005
0.990898
0.990791
0.990685
0.990578
0.990471
0.990364
0.990257
0.99015
0.990044
0.989937
0.98983
0.989735
0.989597
0.989552
0.98946
0.989368
0.989277
