0
1.52588e-05
3.05177e-05
4.57765e-05
6.10353e-05
8.01095e-05
0.000251771
0.000408173
0.000989914
0.00207138
0.00382805
0.00808144
0.0100021
0.0174999
0.0240612
0.0319614
0.0412464
0.0519447
0.0640621
0.070652
0.0925159
0.108797
0.126394
0.145258
0.165335
0.186573
0.208914
0.232298
0.256668
0.281965
0.308134
0.33511
0.362841
0.391268
0.420332
0.449984
0.480164
0.510822
0.541904
0.573366
0.605148
0.637207
0.669491
0.701948
0.734528
0.767178
0.799847
0.832489
0.865051
0.897478
0.929724
0.961737
0.993469
1.02488
1.0559
1.08651
1.11665
1.16088
1.17534
1.20381
1.24531
1.25881
1.28525
1.32352
1.33588
1.37172
1.39454
1.40561
1.43748
1.44762
1.47663
1.49473
1.5118
1.52785
1.54284
1.55677
1.56962
1.58138
1.59204
1.60159
1.61003
1.61735
1.62354
1.62862
1.63259
1.63543
1.63717
1.63781
1.63673
1.63583
1.63323
1.62959
1.6249
1.6192
1.6125
1.60063
1.59153
1.58152
1.57061
1.55883
1.54622
1.5328
1.5186
1.50366
1.48801
1.47169
1.45471
1.43714
1.41899
1.4003
1.38111
1.36147
1.34141
1.32095
1.30014
1.27902
1.25762
1.23596
1.21411
1.19208
1.1699
1.14762
1.12527
1.10288
1.08048
1.05812
1.03583
1.01365
0.991598
0.958858
0.948051
0.916006
0.905466
0.874315
0.853983
0.843956
0.814482
0.79537
0.776724
0.758566
0.740921
0.723816
0.707272
0.691313
0.675959
0.661234
0.647158
0.633745
0.621016
0.608982
0.597656
0.587051
0.577179
0.563766
0.555763
0.552046
0.545183
0.539083
0.533751
0.529186
0.525391
0.522366
0.51926
0.518606
0.517778
0.51816
0.518631
0.521141
0.523716
0.527
0.530981
0.535645
0.540977
0.546965
0.553589
0.560829
0.568674
0.577103
0.586094
0.595627
0.605679
0.616228
0.627254
0.638735
0.650642
0.662956
0.675644
0.688694
0.702076
0.715769
0.729746
0.743982
0.758461
0.773153
0.788034
0.803078
0.818253
0.833544
0.848923
0.864361
0.879835
0.895323
0.910797
0.926235
0.941614
0.956909
0.972099
0.987158
1.00945
1.01678
1.03131
1.05267
1.05967
1.08025
1.0936
1.10664
1.11304
1.13172
1.14374
1.15538
1.16663
1.1721
1.1879
1.1979
1.20745
1.21654
1.22515
1.2333
1.24096
1.2481
1.25475
1.26089
1.2665
1.27159
1.27616
1.2802
1.2837
1.28668
1.28913
1.29104
1.29244
1.29331
1.29364
1.29349
1.29228
1.29084
1.28892
1.28651
1.28361
1.28026
1.27645
1.27218
1.26749
1.26237
1.25684
1.25091
1.24461
1.23793
1.2309
1.22354
1.21585
1.21189
1.19957
1.19101
1.18221
1.17316
1.16389
1.15441
1.14474
1.13491
1.12492
1.1148
1.10457
1.09424
1.08383
1.07336
1.06285
1.05231
1.04176
1.03121
1.02069
1.01021
0.999777
0.989416
0.979141
0.968971
0.958923
0.949005
0.939236
0.929628
0.920195
0.906387
0.901882
0.893024
0.884377
0.875948
0.867754
0.855921
0.852106
0.844675
0.834051
0.830656
0.820917
0.817827
0.809032
0.803577
0.800974
0.793676
0.791414
0.785154
0.781424
0.779692
0.771191
0.769077
0.76733
0.765949
0.764925
0.764261
0.763954
0.764002
0.7644
0.765148
0.766237
0.767664
0.769424
0.771513
0.773922
0.776646
0.779675
0.783001
0.786619
0.790516
0.794687
0.799122
0.803806
0.808735
0.81657
0.822069
0.827778
0.833681
0.839769
0.846033
0.852461
0.859037
0.865753
0.872597
0.879549
0.8866
0.893742
0.900957
0.908234
0.91556
0.922922
0.930311
0.937712
0.945112
0.956186
0.959866
0.967194
0.974472
0.985271
0.988832
0.999378
1.00284
1.01306
1.01971
1.02622
1.03259
1.03571
1.04484
1.05071
1.05642
1.06195
1.0673
1.07247
1.07745
1.08224
1.08685
1.09125
1.09545
1.09943
1.1032
1.10675
1.11007
1.11315
1.116
1.11861
1.12098
1.1231
1.12498
1.1266
1.12797
1.1291
1.12999
1.13063
1.13102
1.13118
1.13108
1.13075
1.13019
1.12939
1.12836
1.12711
1.12564
1.12396
1.12103
1.11996
1.11765
1.11383
1.11247
1.1081
1.10497
1.10166
1.0982
1.09459
1.09083
1.08693
1.0829
1.07875
1.07449
1.07012
1.06565
1.0611
1.05646
1.05175
1.04697
1.04215
1.03728
1.03237
1.02745
1.02251
1.01757
1.01265
1.00774
1.00286
0.995609
0.993216
0.986113
0.983774
0.976856
0.974583
0.970093
0.963503
0.961346
0.954998
0.952925
0.946836
0.942888
0.939035
0.93528
0.93162
0.928062
0.92461
0.92127
0.918043
0.914938
0.911964
0.909124
0.906424
0.90387
0.901466
0.899216
0.897125
0.895197
0.893433
0.891832
0.890398
0.889132
0.888035
0.887106
0.886347
0.885756
0.88533
0.885071
0.884979
0.88505
0.885284
0.885675
0.88656
0.886932
0.888277
0.8888
0.889957
0.891962
0.893473
0.894278
0.896896
0.898796
0.900824
0.902967
0.905233
0.907606
0.910082
0.912661
0.915333
0.918095
0.920942
0.923866
0.926863
0.92993
0.933058
0.936241
0.939476
0.942755
0.946072
0.949421
0.952799
0.956192
0.959595
0.962997
0.968088
0.97146
0.974806
0.976467
0.9814
0.984631
0.987814
0.990942
0.994011
0.997017
0.99996
1.00283
1.00564
1.00837
1.01102
1.0136
1.01609
1.01851
1.02085
1.02311
1.02529
1.02738
1.0294
1.03133
1.03318
1.03495
1.03664
1.03825
1.03977
1.04121
1.04257
1.04384
1.04504
1.04615
1.04718
1.04813
1.04899
1.04977
1.05046
1.05108
1.05161
1.05206
1.05242
1.0527
1.05296
1.05301
1.05305
1.05295
1.05278
1.05253
1.05221
1.0518
1.05133
1.05078
1.05015
1.04946
1.04869
1.04786
1.04696
1.046
1.04498
1.04389
1.04275
1.04156
1.04031
1.03902
1.03768
1.03629
1.03486
1.0334
1.03189
1.03035
1.02879
1.02719
1.02556
1.02309
1.02225
1.01972
1.01886
1.01628
1.01456
1.01282
1.01108
1.00934
1.0076
1.00586
1.00412
1.00238
1.00066
0.998934
0.997225
0.995527
0.993843
0.992172
0.990519
0.98888
0.987259
0.985659
0.984077
0.982515
0.980976
0.979458
0.977224
0.976492
0.975044
0.973623
0.972227
0.97086
0.969521
0.967564
0.966297
0.965061
0.964455
0.962687
0.96155
0.960447
0.959381
0.95886
0.957357
0.956404
0.95549
0.954613
0.953777
0.952986
0.952236
0.951529
0.950865
0.950245
0.949669
0.949139
0.948654
0.948215
0.947823
0.947475
0.947176
0.946922
0.946714
0.946554
0.94644
0.946371
0.946348
0.946371
0.94644
0.946554
0.946712
0.946913
0.947159
0.947447
0.947775
0.948343
0.948772
0.949001
0.949488
0.950283
0.950859
0.951469
0.95211
0.952782
0.953484
0.954214
0.954971
0.955755
0.956562
0.957392
0.958242
0.959112
0.960001
0.960905
0.961824
0.962757
0.963703
0.964661
0.965622
0.966599
0.967575
0.968561
0.969553
0.970545
0.971537
0.972528
0.97352
0.974512
0.975492
0.976469
0.977442
0.978403
0.979359
0.980305
0.981237
0.982159
0.983068
0.983965
0.985281
0.985712
0.986563
0.98781
0.988216
0.989017
0.990183
0.990938
0.991308
0.992388
0.993082
0.993757
0.99441
0.995043
0.995655
0.996244
0.996815
0.99736
0.997885
0.998386
0.998867
0.999325
0.999762
1.00018
1.00057
1.00094
1.00129
1.00162
1.00192
1.0022
1.00247
1.00271
1.00293
1.00313
1.00331
1.00347
1.00367
1.00373
1.00388
1.00392
1.00401
1.00404
1.00406
1.00406
1.00405
1.00401
1.00396
1.00389
1.00381
1.00372
1.0036
1.00348
1.00333
1.00318
1.00301
1.00283
1.00263
1.00242
1.0022
1.00198
1.00173
1.00148
1.00122
1.00094
1.00066
1.00037
1.00006
0.999758
0.999437
0.999115
0.998779
0.998444
0.998095
0.997744
0.997389
0.997023
0.996656
0.996099
0.995909
0.995527
0.994955
0.994574
0.994181
0.993982
0.993387
0.99299
0.992594
0.992197
0.9918
0.991404
0.991007
0.99061
0.990213
0.989817
0.98942
0.989035
0.988653
0.988272
0.98789
0.987509
0.987139
0.987139
0.986223
0.985867
0.985516
0.985165
0.984657
0.984322
0.983995
0.983675
0.983358
0.983053
0.982748
0.982458
0.982168
0.981892
0.981617
0.981356
0.981096
0.980852
0.980612
0.980383
0.980162
0.979948
0.979746
0.979548
0.979187
0.979019
0.978863
0.978712
0.978575
0.978445
0.978268
0.978161
0.978065
0.977976
0.9779
0.977831
0.97777
0.977722
0.97768
0.97765
0.977627
0.977612
0.97761
0.977612
0.977627
0.977648
0.977678
0.977718
0.977764
0.977821
0.977882
0.977955
0.978031
0.978119
0.97821
0.978312
0.978418
0.978531
0.978653
0.978775
0.978912
0.97905
0.979193
0.979345
0.979498
0.979658
0.979826
0.979994
0.980165
0.980349
0.980532
0.980715
0.980902
0.9811
0.981298
0.981497
0.981695
0.981894
0.982105
0.982319
0.982533
0.982746
0.98296
0.983173
0.983387
0.983601
0.983921
0.984028
0.984348
0.984562
0.984776
0.984989
0.985203
0.985416
0.98563
0.985844
0.986057
0.986271
0.986483
0.986681
0.986879
0.987078
0.987276
0.987474
0.987673
0.987858
0.988041
0.988224
0.988407
0.98859
0.98876
0.988928
0.98918
0.989264
0.989422
0.989574
0.989803
0.989954
0.990091
0.990229
0.990297
0.990498
0.99062
0.990742
0.990864
0.990976
0.991083
0.99119
0.991295
0.991386
0.991478
0.99157
0.991653
0.99173
0.991806
0.991882
0.991947
0.992008
0.992069
0.99213
0.992176
0.992222
0.992268
0.992313
0.992344
0.992374
0.992405
0.992445
0.992453
0.992476
0.992491
0.992498
0.992506
0.992506
0.992506
0.992506
0.992504
0.992489
0.992474
0.992458
0.992443
0.992428
0.992403
0.992373
0.992342
0.992311
0.992281
0.99225
0.99222
0.992174
0.992128
0.992083
0.992037
0.991991
0.991945
0.991899
0.991831
0.991808
0.991755
0.991693
0.991632
0.991541
0.99148
0.991419
0.991358
0.991297
0.991236
0.991175
0.991114
0.991053
0.990992
0.990931
0.99087
0.990808
0.990747
0.990686
