0
1.52588e-05
3.05177e-05
5.34059e-05
6.10353e-05
8.01082e-05
0.000156402
0.000408173
0.000991821
0.00285721
0.00382996
0.00808334
0.010004
0.0175018
0.0240631
0.0319633
0.0412483
0.0519447
0.0640621
0.0775948
0.0925159
0.108795
0.126392
0.145256
0.165337
0.186575
0.208916
0.232302
0.256678
0.281981
0.308155
0.335146
0.362902
0.391357
0.420464
0.450169
0.480417
0.511158
0.542334
0.573889
0.605764
0.637911
0.670267
0.702785
0.735407
0.768085
0.800774
0.833418
0.865973
0.898388
0.946646
0.962612
0.994326
1.04127
1.05672
1.08731
1.13231
1.14705
1.19042
1.21857
1.24607
1.27287
1.29893
1.32423
1.34873
1.37239
1.39518
1.41708
1.43805
1.45806
1.4771
1.49514
1.51215
1.52812
1.54304
1.55688
1.56965
1.58131
1.59188
1.60133
1.60967
1.6169
1.62564
1.62799
1.63187
1.63561
1.6363
1.63687
1.63568
1.63475
1.63037
1.62614
1.6209
1.61465
1.60741
1.59921
1.59007
1.58002
1.56908
1.55727
1.54464
1.5312
1.51698
1.50203
1.48637
1.47003
1.45304
1.43545
1.41728
1.39857
1.37934
1.35964
1.3395
1.31896
1.29805
1.2768
1.25527
1.22248
1.21144
1.18924
1.15567
1.14443
1.11061
1.09933
1.06549
1.04299
1.03178
0.998314
0.976204
0.954296
0.943432
0.911228
0.890131
0.879705
0.848978
0.828979
0.809404
0.790277
0.771631
0.753479
0.735851
0.718773
0.702265
0.68635
0.671051
0.656385
0.642374
0.62903
0.616373
0.598703
0.593172
0.577677
0.572878
0.563839
0.555553
0.548027
0.541265
0.532564
0.53005
0.523668
0.520378
0.517859
0.516106
0.515116
0.514881
0.515398
0.516657
0.518652
0.521366
0.524794
0.528921
0.533733
0.539217
0.545357
0.552134
0.559532
0.567535
0.576124
0.585279
0.59498
0.605207
0.615936
0.627151
0.638826
0.650942
0.663471
0.676388
0.689671
0.7033
0.717247
0.731485
0.745991
0.760736
0.783247
0.798481
0.813864
0.82937
0.844975
0.860653
0.876375
0.892118
0.90785
0.923548
0.939186
0.954737
0.970171
0.985472
1.00061
1.01557
1.03031
1.04482
1.05908
1.07306
1.08674
1.10011
1.11315
1.12584
1.13818
1.15014
1.16171
1.17287
1.18362
1.19394
1.20382
1.21323
1.22218
1.23065
1.23863
1.24611
1.25309
1.25955
1.2655
1.27092
1.27582
1.28018
1.28574
1.28732
1.29009
1.29324
1.29403
1.2956
1.29599
1.29586
1.29521
1.29406
1.29241
1.29025
1.28762
1.28451
1.28093
1.2769
1.27242
1.2675
1.26217
1.25643
1.25029
1.24377
1.23689
1.22966
1.2221
1.21422
1.20604
1.19757
1.18883
1.17984
1.17061
1.16116
1.15151
1.14167
1.13167
1.12151
1.11122
1.10081
1.0903
1.0797
1.06905
1.05834
1.0476
1.03684
1.02608
1.01535
1.00466
0.994026
0.978224
0.973003
0.95752
0.952427
0.942348
0.927534
0.922682
0.908405
0.899132
0.894573
0.881224
0.872604
0.864227
0.856104
0.848246
0.840664
0.83337
0.826374
0.819689
0.81332
0.807281
0.801577
0.796217
0.791204
0.786543
0.782246
0.778301
0.774723
0.771519
0.768688
0.766224
0.764132
0.762415
0.761065
0.759726
0.759462
0.759211
0.759325
0.760168
0.761171
0.76252
0.764212
0.766237
0.768593
0.771271
0.774263
0.777565
0.781162
0.785051
0.789221
0.793657
0.793657
0.811171
0.8167
0.822441
0.831427
0.837652
0.84083
0.847311
0.853951
0.860737
0.871162
0.874697
0.885448
0.892727
0.896397
0.907497
0.914961
0.922462
0.929987
0.937525
0.945059
0.952576
0.960066
0.960066
0.978582
0.98587
0.993073
1.00017
1.00717
1.01404
1.02078
1.02737
1.03382
1.04011
1.04624
1.05221
1.058
1.06362
1.06906
1.07688
1.07939
1.08428
1.08898
1.09347
1.09984
1.10185
1.10757
1.11111
1.1144
1.11747
1.12029
1.12287
1.12519
1.12727
1.12909
1.13065
1.13196
1.13301
1.13381
1.13435
1.13464
1.13468
1.13447
1.13401
1.13332
1.13239
1.13123
1.12983
1.12821
1.12638
1.12433
1.12207
1.1196
1.11694
1.11409
1.11106
1.10784
1.10271
1.10091
1.09721
1.09335
1.08935
1.08523
1.08096
1.07659
1.0721
1.06751
1.06045
1.05565
1.05077
1.04582
1.04082
1.03578
1.0307
1.0256
1.02049
1.01538
1.01027
1.00519
1.00014
0.995131
0.990166
0.98526
0.980415
0.975637
0.970932
0.966303
0.961756
0.957293
0.952917
0.948629
0.944433
0.940332
0.936329
0.932425
0.928623
0.924927
0.921339
0.916178
0.914518
0.911291
0.908195
0.905237
0.901072
0.899759
0.897251
0.893787
0.891687
0.889757
0.888
0.886417
0.885012
0.883783
0.88273
0.881859
0.881165
0.880646
0.880306
0.88014
0.88015
0.880331
0.88068
0.881197
0.881878
0.882723
0.883724
0.884882
0.886194
0.887653
0.890114
0.89193
0.893881
0.895964
0.898169
0.900496
0.902945
0.905504
0.906826
0.91094
0.913805
0.916759
0.919802
0.92292
0.926111
0.929369
0.932688
0.936066
0.939491
0.942963
0.94647
0.950008
0.953569
0.957144
0.96073
0.964314
0.967884
0.971436
0.974964
0.97846
0.981916
0.985327
0.988688
0.991991
0.995234
0.998411
1.00152
1.00605
1.00898
1.01183
1.01459
1.01728
1.01989
1.02241
1.02485
1.02721
1.02948
1.03167
1.03378
1.0358
1.03773
1.03958
1.04134
1.04302
1.04461
1.04612
1.04753
1.04887
1.05011
1.05126
1.05232
1.0533
1.05418
1.05497
1.05599
1.05629
1.05703
1.05742
1.05771
1.05791
1.05802
1.05805
1.05798
1.05782
1.05758
1.05725
1.05683
1.05634
1.05575
1.05509
1.05435
1.05353
1.05263
1.05166
1.05062
1.04951
1.04834
1.0471
1.0458
1.04444
1.04303
1.04156
1.04004
1.03848
1.03687
1.03522
1.03353
1.03094
1.02917
1.02827
1.02555
1.02464
1.02185
1.01998
1.01809
1.01619
1.01428
1.01237
1.01047
1.00856
1.00665
1.00474
1.00285
1.00095
0.999075
0.997208
0.995352
0.993511
0.991688
0.989882
0.988092
0.986326
0.983713
0.982853
0.981152
0.978645
0.977821
0.976194
0.974594
0.973022
0.971478
0.969963
0.968479
0.966314
0.965609
0.963545
0.962214
0.960917
0.959658
0.958435
0.957253
0.95611
0.955009
0.953949
0.952934
0.951963
0.951036
0.950157
0.949324
0.948538
0.9478
0.947111
0.946474
0.945885
0.945347
0.94486
0.944426
0.944042
0.943712
0.943432
0.943205
0.943029
0.942863
0.942835
0.942816
0.942848
0.94293
0.94315
0.943247
0.943613
0.943918
0.944269
0.944668
0.945112
0.945599
0.946131
0.946703
0.947315
0.947969
0.948658
0.949385
0.950146
0.950939
0.951765
0.952621
0.953506
0.954416
0.955353
0.956312
0.957294
0.958296
0.959316
0.960354
0.961407
0.962475
0.963554
0.964642
0.96574
0.966843
0.967957
0.96907
0.970184
0.971855
0.972412
0.973526
0.974638
0.975737
0.977379
0.977921
0.979534
0.980068
0.981646
0.982681
0.983702
0.984707
0.985695
0.986666
0.987619
0.988554
0.989466
0.990358
0.991232
0.992081
0.99291
0.993715
0.994499
0.995256
0.995991
0.996702
0.997391
0.998055
0.998999
0.999302
0.999889
1.00072
1.00099
1.00175
1.00223
1.00268
1.0031
1.00351
1.00388
1.00423
1.00456
1.00487
1.00515
1.00541
1.00564
1.00585
1.00604
1.00621
1.00635
1.00647
1.00657
1.00665
1.00671
1.00675
1.00677
1.00676
1.00674
1.0067
1.00664
1.00656
1.00647
1.00636
1.00623
1.00608
1.00591
1.00574
1.00554
1.00533
1.00511
1.00487
1.00462
1.00435
1.00407
1.00363
1.00348
1.00301
1.00284
1.00234
1.00199
1.00163
1.00126
1.00089
1.0005
1.00011
0.999714
0.99931
0.998898
0.998486
0.99806
0.997633
0.997206
0.996775
0.996332
0.99589
0.995447
0.995005
0.994562
0.99412
0.993677
0.993235
0.992792
0.99235
0.991907
0.991465
0.991022
0.99058
0.990137
0.989695
0.989252
0.988817
0.98839
0.987963
0.987322
0.987116
0.986498
0.986292
0.985689
0.985292
0.984901
0.984711
0.984138
0.983772
0.983406
0.983053
0.982702
0.982533
0.982029
0.981709
0.981392
0.981087
0.980789
0.980499
0.980223
0.979952
0.979692
0.979443
0.9792
0.978971
0.978752
0.97854
0.978342
0.978342
0.977804
0.977646
0.977497
0.97736
0.977234
0.977116
0.977009
0.976915
0.97683
0.976753
0.97669
0.976635
0.976589
0.976557
0.976532
0.976517
0.976515
0.976521
0.976536
0.976578
0.976618
0.976641
0.976725
0.976828
0.976904
0.976995
0.977091
0.977198
0.97731
0.977432
0.97756
0.977697
0.977839
0.977991
0.978144
0.97831
0.978477
0.978651
0.978834
0.979017
0.97921
0.979408
0.979607
0.979811
0.980024
0.980238
0.980452
0.980669
0.980898
0.981127
0.981356
0.981585
0.981813
0.982042
0.982409
0.982531
0.982897
0.983141
0.983263
0.983629
0.983873
0.983995
0.984362
0.984606
0.98485
0.985094
0.985338
0.985575
0.985804
0.986032
0.986261
0.98649
0.986719
0.986948
0.987169
0.987383
0.987597
0.98781
0.988024
0.988226
0.988424
0.988623
0.988821
0.98901
0.989193
0.989468
0.989559
0.989729
0.989897
0.990149
0.990303
0.990379
0.990532
0.990685
0.990891
0.991028
0.991161
0.991283
0.991405
0.991528
0.991634
0.991741
0.991848
0.991941
0.992033
0.992125
0.992207
0.992283
0.992359
0.99243
0.992491
0.992552
0.992611
0.992657
0.992702
0.992748
0.992785
0.992815
0.992846
0.992876
0.992893
0.992908
0.992924
0.992939
0.992939
0.992939
0.992939
0.992939
0.992928
0.992912
0.992897
0.992882
0.992865
0.992834
0.992804
0.992758
0.992727
0.992693
0.992647
0.992601
0.992556
0.99251
0.99251
0.992395
0.992304
0.992273
0.992212
0.992121
0.99206
0.991999
0.991938
0.991877
0.991816
0.991755
0.99168
0.991604
0.991528
0.991451
0.991375
0.991299
0.991222
0.991146
0.99107
0.990993
0.990917
0.990841
0.990765
0.990688
0.990612
0.990536
0.990459
0.990383
