0
1.52588e-05
3.05177e-05
4.57765e-05
6.10353e-05
7.62941e-05
9.1553e-05
0.000106812
0.000139236
0.000263214
0.000612259
0.00133896
0.00261879
0.00461388
0.00748825
0.011385
0.0164242
0.0227013
0.0346031
0.039259
0.0496254
0.061409
0.0817204
0.0891857
0.113613
0.131535
0.14097
0.171095
0.192625
0.21525
0.238916
0.263563
0.289129
0.315561
0.342802
0.370798
0.399481
0.428804
0.458712
0.489138
0.520037
0.551344
0.598963
0.631052
0.663374
0.695856
0.728453
0.761103
0.793756
0.826361
0.858862
0.891207
0.923353
0.955244
0.986841
1.01809
1.04896
1.0794
1.10937
1.13883
1.16773
1.19605
1.22375
1.25077
1.27709
1.30268
1.32749
1.35151
1.3747
1.39703
1.41846
1.44889
1.45857
1.47718
1.49482
1.51144
1.53447
1.54162
1.56149
1.56759
1.58424
1.59398
1.60263
1.61019
1.61663
1.62197
1.62621
1.62935
1.6314
1.63236
1.63224
1.63104
1.62879
1.62549
1.62117
1.61583
1.60949
1.60218
1.59392
1.58473
1.57464
1.56367
1.55185
1.5392
1.52577
1.51156
1.49662
1.48099
1.46469
1.44775
1.42124
1.40288
1.3935
1.36464
1.34485
1.32466
1.30411
1.28323
1.26206
1.24066
1.21904
1.19725
1.17533
1.15333
1.13127
1.10919
1.08713
1.06513
1.04322
1.02143
0.999796
0.978346
0.957121
0.93614
0.91543
0.895025
0.874956
0.855246
0.835924
0.817011
0.798529
0.7805
0.762953
0.745909
0.729387
0.705641
0.698008
0.683187
0.668966
0.655375
0.636194
0.624231
0.618502
0.607557
0.592447
0.583261
0.574793
0.570833
0.560053
0.553782
0.548258
0.543482
0.539446
0.536165
0.533617
0.531828
0.530775
0.530455
0.530867
0.531992
0.533831
0.536371
0.539606
0.54352
0.548101
0.553335
0.559202
0.565695
0.57279
0.580473
0.588724
0.597528
0.606863
0.616709
0.627043
0.643408
0.649084
0.666727
0.67898
0.691595
0.704546
0.717813
0.731367
0.745176
0.75923
0.773489
0.787935
0.802534
0.81727
0.832106
0.847021
0.86199
0.876986
0.891989
0.906969
0.921907
0.936773
0.951555
0.966234
0.98078
0.995173
1.00939
1.02342
1.03724
1.05083
1.06416
1.08365
1.09
1.10859
1.11463
1.12646
1.13795
1.14908
1.16509
1.17528
1.18022
1.18979
1.20336
1.20766
1.2199
1.22748
1.23459
1.23796
1.24735
1.25299
1.25815
1.26282
1.26495
1.27062
1.27376
1.27639
1.27852
1.28014
1.28126
1.28187
1.28199
1.28162
1.28077
1.27942
1.27761
1.27532
1.27258
1.26764
1.26379
1.26171
1.25484
1.24975
1.24428
1.23844
1.23223
1.22567
1.21879
1.21158
1.20407
1.19628
1.1882
1.17989
1.17133
1.16255
1.15356
1.14439
1.13505
1.12556
1.11593
1.10618
1.09634
1.08641
1.07641
1.06637
1.0563
1.04619
1.0361
1.02603
1.01599
1.00601
0.996107
0.986288
0.976572
0.966974
0.957514
0.939043
0.930052
0.92124
0.912611
0.900034
0.895941
0.887911
0.876272
0.872503
0.86154
0.854536
0.851141
0.844538
0.835154
0.82926
0.82366
0.818365
0.813379
0.808714
0.804369
0.800356
0.796675
0.793329
0.790323
0.787661
0.785337
0.783358
0.781717
0.78042
0.779467
0.778852
0.778559
0.778631
0.779016
0.780207
0.780767
0.782122
0.784739
0.785765
0.789289
0.790609
0.793467
0.796602
0.800005
0.805613
0.807604
0.811769
0.816179
0.82081
0.828169
0.833326
0.838675
0.844206
0.849905
0.855764
0.861773
0.867918
0.874189
0.880575
0.887056
0.893633
0.900282
0.906996
0.913763
0.920576
0.927416
0.934282
0.941149
0.948015
0.954882
0.961721
0.968534
0.975298
0.982012
0.988661
0.995226
1.0017
1.00808
1.01435
1.02049
1.02651
1.03238
1.03812
1.0437
1.04914
1.05699
1.05952
1.06688
1.06925
1.07387
1.08047
1.08466
1.08668
1.09248
1.09432
1.09954
1.10118
1.10578
1.10859
1.11117
1.11353
1.11566
1.11757
1.11923
1.12067
1.12187
1.12284
1.12356
1.12407
1.12438
1.12437
1.12417
1.12375
1.12271
1.12225
1.12118
1.11916
1.11839
1.11577
1.11377
1.1127
1.10922
1.10668
1.10396
1.10107
1.09802
1.09482
1.09148
1.088
1.08438
1.08064
1.07678
1.07282
1.06875
1.06459
1.06034
1.05601
1.05162
1.04716
1.04266
1.03811
1.03353
1.02892
1.02431
1.0197
1.0151
1.01049
1.00591
1.00136
0.996855
0.992384
0.985769
0.983591
0.97928
0.972933
0.97085
0.966738
0.962698
0.956781
0.952932
0.949163
0.945482
0.941885
0.938375
0.934958
0.931631
0.928404
0.925276
0.922251
0.919336
0.916533
0.913847
0.911287
0.908861
0.906572
0.904428
0.90243
0.900579
0.898882
0.896631
0.89596
0.894739
0.893682
0.892401
0.892054
0.891485
0.891077
0.890757
0.89073
0.890795
0.891184
0.891638
0.892241
0.892996
0.893888
0.894926
0.896105
0.897417
0.898867
0.900438
0.902132
0.903948
0.905886
0.907934
0.910089
0.912352
0.914709
0.917162
0.919699
0.922319
0.92502
0.927797
0.930639
0.933546
0.93651
0.939528
0.942591
0.945692
0.948832
0.952005
0.955202
0.958406
0.961626
0.964853
0.968058
0.971262
0.97444
0.977594
0.980715
0.983797
0.986837
0.991308
0.992773
0.995657
0.999876
1.00125
1.00395
1.00788
1.01041
1.01287
1.01526
1.01758
1.01982
1.02199
1.02408
1.02609
1.02804
1.0299
1.03169
1.0334
1.03503
1.03659
1.03807
1.03947
1.04078
1.04203
1.0432
1.04428
1.04528
1.0462
1.04663
1.04817
1.04881
1.04938
1.04986
1.05026
1.05058
1.05083
1.05099
1.05108
1.05108
1.05102
1.05087
1.05065
1.05036
1.04999
1.04955
1.04903
1.04875
1.04746
1.04671
1.0459
1.04503
1.0441
1.04311
1.04207
1.04152
1.03983
1.03802
1.03676
1.03545
1.03411
1.03411
1.0313
1.02985
1.02837
1.02687
1.02534
1.02378
1.0222
1.02062
1.01901
1.01739
1.01577
1.01412
1.01248
1.01083
1.00918
1.00753
1.00588
1.00424
1.00259
1.00013
0.999323
0.997705
0.995287
0.9937
0.992113
0.990557
0.989779
0.98596
0.984465
0.982992
0.981535
0.980818
0.977304
0.975939
0.9746
0.973288
0.972002
0.970743
0.969515
0.968313
0.967142
0.966002
0.96435
0.963289
0.962263
0.961271
0.960314
0.959391
0.958506
0.957659
0.95685
0.956079
0.955347
0.954657
0.954004
0.953394
0.952826
0.952295
0.951811
0.951368
0.950964
0.950605
0.950289
0.950014
0.949781
0.949591
0.949446
0.949343
0.949266
0.949263
0.949312
0.94935
0.949526
0.949694
0.949789
0.95014
0.950426
0.950747
0.951105
0.9513
0.951712
0.952394
0.95289
0.953421
0.953695
0.954271
0.955191
0.955835
0.956507
0.957209
0.957933
0.958677
0.95944
0.96023
0.961031
0.961855
0.96269
0.963545
0.964399
0.965284
0.966169
0.967505
0.967962
0.968878
0.970251
0.970709
0.972082
0.97254
0.973455
0.974371
0.975744
0.97666
0.977118
0.97801
0.979338
0.980223
0.981092
0.981947
0.982801
0.983633
0.984457
0.985266
0.986059
0.986841
0.987604
0.988356
0.989088
0.989801
0.990503
0.991179
0.991846
0.992487
0.993113
0.993723
0.994307
0.994879
0.995428
0.995955
0.996469
0.996958
0.997427
0.997885
0.998312
0.998724
0.999121
0.999491
0.999846
1.00018
1.00049
1.00079
1.00107
1.00144
1.00157
1.00189
1.00207
1.00225
1.0024
1.00254
1.00266
1.00276
1.00285
1.00291
1.00297
1.003
1.00302
1.00302
1.00302
1.00299
1.00295
1.00289
1.00282
1.00273
1.00264
1.00252
1.0024
1.00226
1.00211
1.00196
1.00178
1.0015
1.00141
1.00119
1.00087
1.00076
1.0004
1.00028
0.99991
0.999636
0.999361
0.999086
0.998812
0.99851
0.998205
0.9979
0.997595
0.997595
0.996637
0.996469
0.996134
0.995798
0.995462
0.995127
0.994791
0.994455
0.993952
0.993616
0.99328
0.992918
0.992735
0.992186
0.991819
0.991453
0.99111
0.990774
0.990438
0.990103
0.989767
0.989431
0.989431
0.988424
0.988089
0.987753
0.987417
0.987104
0.986799
0.986494
0.986189
0.985884
0.985579
0.985281
0.985006
0.984732
0.984457
0.984182
0.983915
0.983671
0.983427
0.983183
0.982939
0.982718
0.982504
0.98229
0.982077
0.981882
0.981699
0.981516
0.981333
0.981169
0.981016
0.980864
0.980711
0.980581
0.980459
0.980337
0.980215
0.980124
0.979986
0.97994
0.979856
0.979795
0.979734
0.979643
0.979624
0.979578
0.979563
0.979532
0.979521
0.979521
0.979521
0.979521
0.979536
0.979567
0.979612
0.979643
0.97967
0.979761
0.979822
0.979883
0.979952
0.980043
0.980135
0.980227
0.980318
0.980413
0.980536
0.980658
0.98078
0.980902
0.981024
0.981146
0.981298
0.981451
0.981604
0.981756
0.981909
0.982061
0.982214
0.982367
0.982531
0.982714
0.982897
0.98308
0.983263
0.983446
0.983629
0.983904
0.984087
0.984179
0.984362
0.984545
0.984728
0.985003
0.985186
0.985369
0.985552
0.985735
0.985918
0.986101
0.986284
0.986467
0.98665
0.986834
0.987017
0.9872
0.987383
0.987566
0.987749
0.987932
0.988115
0.988283
0.988436
0.988588
0.988741
0.988894
0.989046
0.989275
0.989351
0.98958
0.989733
0.989809
0.99008
0.990202
0.990324
0.990446
0.990568
0.99069
0.990812
0.990934
0.991056
0.991198
0.991289
0.991335
0.991426
0.991518
0.99161
0.991747
0.991793
0.991877
0.991968
0.992029
0.99209
0.992121
0.992182
0.992243
0.992304
0.992395
0.99243
0.99246
0.992476
0.992521
0.992552
0.992582
0.992613
0.992643
0.992674
0.992697
0.992697
0.992697
0.992697
0.992697
0.992697
0.992697
0.992697
0.992697
0.992697
0.992697
0.992697
0.992678
0.992647
0.992617
0.992586
0.992556
0.992525
0.992495
0.992464
0.992418
0.992403
0.992357
0.992327
0.992296
0.992266
0.992235
0.992205
0.992174
0.992144
0.992113
0.992071
0.99201
0.991949
0.991888
0.991827
0.991766
0.991705
0.991644
0.991583
0.991522
0.991461
