0
1.52575e-05
3.05163e-05
4.57752e-05
6.1034e-05
0.000104903
0.000156402
0.000408172
0.000989913
0.00207138
0.0050106
0.00642204
0.0122032
0.014698
0.0206146
0.0319595
0.0412445
0.0519409
0.0640583
0.0775909
0.0925121
0.108799
0.126398
0.145267
0.165354
0.186604
0.20896
0.232365
0.256763
0.282099
0.308321
0.335365
0.36318
0.391714
0.42091
0.450718
0.481085
0.511953
0.543278
0.575005
0.607073
0.639433
0.688404
0.704815
0.754217
0.787226
0.803732
0.85318
0.886021
0.918701
0.95117
0.98337
1.01525
1.03106
1.07787
1.10851
1.13863
1.16819
1.19716
1.22548
1.25312
1.28005
1.30623
1.33161
1.35618
1.37989
1.40271
1.42463
1.4456
1.47524
1.49375
1.50262
1.5196
1.53552
1.55741
1.56417
1.57686
1.59382
1.60373
1.61252
1.62018
1.62672
1.63212
1.63641
1.63956
1.64161
1.64253
1.64236
1.64109
1.63875
1.63534
1.63089
1.6254
1.6189
1.61141
1.60295
1.59355
1.58323
1.57201
1.55993
1.54701
1.53328
1.51878
1.50352
1.48754
1.47088
1.45357
1.43564
1.41713
1.39807
1.37849
1.35843
1.33793
1.31703
1.29576
1.27416
1.25227
1.23013
1.20777
1.17391
1.15117
1.13977
1.10549
1.08262
1.05977
1.03699
1.01431
0.991762
0.969395
0.947241
0.925335
0.903713
0.882408
0.86145
0.840874
0.820707
0.800976
0.781708
0.762932
0.744675
0.726959
0.70981
0.693247
0.677294
0.661972
0.647299
0.633291
0.619968
0.607342
0.595428
0.584244
0.573792
0.564089
0.55514
0.546955
0.539537
0.532894
0.524387
0.521942
0.515776
0.51264
0.511364
0.508698
0.507885
0.507835
0.508545
0.50918
0.512201
0.515131
0.51878
0.523134
0.528181
0.533903
0.540289
0.547319
0.551069
0.559027
0.572084
0.576723
0.591467
0.601954
0.61294
0.624409
0.636333
0.648691
0.661455
0.674601
0.688105
0.701939
0.716078
0.730494
0.745157
0.760052
0.775145
0.790413
0.80583
0.821371
0.837019
0.852743
0.868523
0.884335
0.900154
0.915953
0.931709
0.947399
0.962997
0.978481
0.993832
1.00902
1.02402
1.03881
1.05337
1.06767
1.0817
1.09544
1.10886
1.12195
1.13469
1.14708
1.16495
1.17071
1.18193
1.19273
1.2031
1.21781
1.22248
1.23578
1.24404
1.2518
1.25905
1.26579
1.26897
1.2777
1.28286
1.28748
1.29156
1.29509
1.29808
1.30053
1.30243
1.30379
1.30462
1.3049
1.30466
1.30388
1.30259
1.30079
1.29848
1.29567
1.29237
1.2886
1.28436
1.27967
1.27453
1.26896
1.26297
1.25658
1.24981
1.24266
1.23126
1.22323
1.2191
1.2106
1.19731
1.18811
1.17867
1.16898
1.15908
1.14899
1.13872
1.12829
1.11773
1.10704
1.09625
1.08539
1.07446
1.06348
1.05247
1.04146
1.03045
1.01945
1.0085
0.997593
0.986765
0.976025
0.965397
0.954891
0.9394
0.934315
0.924274
0.914413
0.904745
0.895277
0.881474
0.872555
0.868183
0.855448
0.847286
0.839399
0.8318
0.824499
0.817509
0.810841
0.804501
0.7985
0.792845
0.787542
0.782606
0.778036
0.773832
0.77
0.766544
0.76347
0.760777
0.758465
0.756535
0.754986
0.753819
0.753031
0.752617
0.752579
0.752907
0.753601
0.755325
0.756077
0.757845
0.759956
0.763756
0.766701
0.768293
0.77354
0.77742
0.781591
0.786047
0.790775
0.795769
0.801018
0.806507
0.812225
0.818161
0.824306
0.830647
0.837168
0.843861
0.85071
0.857702
0.864824
0.872065
0.879416
0.88686
0.894386
0.901983
0.909636
0.917334
0.925064
0.932816
0.940578
0.952206
0.959934
0.963787
0.975281
0.982872
0.990395
0.997833
1.00517
1.0124
1.0195
1.02647
1.03329
1.03996
1.04647
1.0528
1.05896
1.06494
1.07074
1.07634
1.08175
1.08951
1.09199
1.0968
1.10362
1.10789
1.11194
1.11575
1.11932
1.12263
1.1257
1.12851
1.13106
1.13335
1.13537
1.13713
1.13862
1.13984
1.1408
1.1415
1.14194
1.14211
1.14203
1.14169
1.1411
1.14026
1.13918
1.13785
1.1363
1.1345
1.13248
1.13025
1.12779
1.12512
1.12225
1.11919
1.11593
1.11249
1.10887
1.10508
1.09909
1.09702
1.09277
1.08613
1.08155
1.07921
1.07204
1.0696
1.06214
1.05706
1.05191
1.0467
1.04143
1.03612
1.03078
1.02541
1.02004
1.01467
1.00932
1.00399
0.99869
0.993437
0.988235
0.983093
0.978022
0.973021
0.968098
0.963257
0.958504
0.953838
0.949268
0.944796
0.940418
0.936144
0.931973
0.927906
0.923948
0.920111
0.916382
0.912785
0.909313
0.905981
0.90279
0.89975
0.895481
0.894138
0.890366
0.889194
0.885944
0.883999
0.882236
0.880657
0.879265
0.878059
0.877525
0.876207
0.875559
0.875101
0.874826
0.874735
0.874826
0.875095
0.875542
0.876165
0.876961
0.877926
0.879055
0.880346
0.8818
0.883406
0.885162
0.887068
0.889114
0.8913
0.893618
0.896067
0.898638
0.901329
0.904129
0.907038
0.910048
0.913153
0.916349
0.91963
0.922991
0.9247
0.929924
0.935286
0.937098
0.942608
0.946331
0.948206
0.953867
0.957666
0.961477
0.965292
0.969091
0.972876
0.976635
0.98036
0.984045
0.987682
0.991264
0.994789
0.998245
1.00163
1.00494
1.00818
1.01133
1.0144
1.01739
1.02029
1.0231
1.02582
1.02845
1.031
1.03345
1.03581
1.03808
1.04131
1.04234
1.04529
1.04714
1.0489
1.05056
1.05212
1.05359
1.05496
1.05623
1.05741
1.05848
1.05945
1.06033
1.0611
1.06177
1.06233
1.06279
1.06315
1.06341
1.06357
1.06363
1.06359
1.06344
1.0632
1.06287
1.06243
1.06191
1.06129
1.06058
1.05978
1.0589
1.05792
1.05687
1.05574
1.05453
1.05324
1.05118
1.05046
1.04896
1.0474
1.04579
1.04325
1.0415
1.0397
1.03785
1.03596
1.03403
1.03207
1.03008
1.02806
1.02601
1.02394
1.02186
1.01976
1.01766
1.01554
1.01342
1.0113
1.00917
1.00705
1.00494
1.00284
1.00075
0.998667
0.996601
0.994553
0.992523
0.990515
0.988525
0.986563
0.984623
0.982708
0.979887
0.97896
0.977129
0.97444
0.973558
0.971819
0.970114
0.968441
0.966002
0.96442
0.962877
0.961374
0.959911
0.95849
0.957109
0.955772
0.954479
0.953232
0.95203
0.950876
0.949772
0.948715
0.947712
0.946758
0.945858
0.945011
0.944218
0.94348
0.942799
0.942173
0.941603
0.941092
0.940636
0.940239
0.939898
0.939615
0.939392
0.939224
0.939117
0.939064
0.939072
0.939133
0.939253
0.939537
0.939795
0.940107
0.940472
0.940674
0.941359
0.941879
0.94245
0.943066
0.943729
0.944439
0.945192
0.945988
0.946825
0.947697
0.948608
0.949554
0.950535
0.951546
0.952587
0.953653
0.954746
0.955864
0.957001
0.958157
0.95933
0.96052
0.961723
0.962938
0.964777
0.965395
0.966631
0.968485
0.969721
0.970957
0.972193
0.973429
0.974657
0.975878
0.977089
0.978291
0.979479
0.980654
0.981812
0.982954
0.984079
0.985186
0.986273
0.987337
0.988382
0.989407
0.990408
0.991386
0.99234
0.993269
0.994175
0.995054
0.995911
0.996742
0.997545
0.998323
0.999077
0.999802
1.00084
1.00117
1.00182
1.00273
1.00302
1.00359
1.00438
1.00463
1.00511
1.00557
1.00599
1.00659
1.00695
1.00728
1.00759
1.00788
1.00813
1.00837
1.00858
1.00876
1.00892
1.00906
1.00917
1.00925
1.00932
1.00936
1.00938
1.00938
1.00935
1.00931
1.00924
1.00915
1.00898
1.00884
1.00869
1.00851
1.00832
1.00811
1.00788
1.00764
1.00738
1.0071
1.00681
1.0065
1.00618
1.00585
1.0055
1.00515
1.00478
1.0044
1.004
1.0036
1.00319
1.00277
1.00234
1.0019
1.00146
1.001
1.00054
1.00008
0.999603
0.99913
0.998646
0.998158
0.997669
0.997181
0.996681
0.996178
0.995674
0.995171
0.994415
0.993912
0.993408
0.992905
0.992653
0.991898
0.991394
0.990891
0.990389
0.990145
0.989412
0.988924
0.988436
0.987959
0.987486
0.987013
0.986549
0.986092
0.985636
0.985193
0.984751
0.984322
0.983894
0.983479
0.983067
0.982668
0.982271
0.98189
0.981514
0.981148
0.980793
0.980444
0.980108
0.979782
0.979464
0.979158
0.978865
0.978579
0.978304
0.978043
0.977791
0.977551
0.977322
0.977106
0.976902
0.976707
0.976524
0.976357
0.9762
0.976055
0.97592
0.975798
0.975689
0.975592
0.975468
0.97543
0.975342
0.975296
0.975264
0.975243
0.975231
0.975231
0.975245
0.975252
0.9753
0.9753
0.975401
0.975504
0.975542
0.975674
0.975775
0.975882
0.976004
0.97613
0.976267
0.976412
0.976564
0.976727
0.976894
0.977072
0.977255
0.977446
0.977644
0.977844
0.978058
0.978271
0.978491
0.97872
0.978949
0.979181
0.979425
0.97967
0.980036
0.980162
0.980421
0.98081
0.98094
0.981199
0.981588
0.981718
0.982117
0.982391
0.982666
0.982941
0.983215
0.98349
0.983765
0.984039
0.984312
0.984571
0.984831
0.98509
0.98535
0.985609
0.985868
0.986128
0.986382
0.986626
0.98687
0.987114
0.987358
0.987597
0.987825
0.988054
0.988283
0.988508
0.988722
0.988935
0.989149
0.989353
0.989552
0.98975
0.989943
0.990126
0.990309
0.99049
0.990742
0.990826
0.990992
0.991144
0.991297
0.991446
0.991583
0.99172
0.991915
0.991976
0.992159
0.992214
0.992374
0.992481
0.992573
0.992619
0.992754
0.99283
0.992907
0.992981
0.993042
0.993103
0.993162
0.993208
0.993254
0.993299
0.99333
0.993361
0.993391
0.99341
0.993425
0.993441
0.99345
0.99345
0.99345
0.99345
0.993431
0.993423
0.993401
0.993393
0.993366
0.993336
0.993305
0.993259
0.993217
0.993172
0.993126
0.99308
0.993034
0.992981
0.99292
0.992859
0.992798
0.992737
0.992676
0.992615
0.992544
0.992468
0.992392
0.992315
0.992239
0.992163
0.992086
0.99201
0.991934
0.991858
0.991781
0.991705
0.991617
0.991526
0.991434
0.991343
0.991205
0.991114
0.991068
0.990976
0.990839
0.990747
0.990702
0.99061
