0
0
0
0
1.52588e-05
7.62941e-05
0.000251771
0.000701905
0.0016098
0.00318146
0.00713348
0.011055
0.0161591
0.0225372
0.0302734
0.0393982
0.0499496
0.0619431
0.0753479
0.098053
0.114861
0.13295
0.15226
0.172722
0.19429
0.216873
0.240433
0.264885
0.290161
0.329514
0.342979
0.384315
0.412575
0.441338
0.47052
0.500084
0.529953
0.560074
0.605614
0.636108
0.666626
0.697144
0.727608
0.75795
0.788116
0.818047
0.847687
0.876999
0.920235
0.934441
0.976326
1.00363
1.03039
1.05657
1.08215
1.10709
1.14322
1.16641
1.18886
1.21053
1.23139
1.25143
1.27061
1.28893
1.3147
1.33075
1.34587
1.36005
1.3733
1.3856
1.39696
1.41221
1.42118
1.42918
1.43626
1.44238
1.44756
1.45181
1.45512
1.45751
1.4594
1.45955
1.45882
1.45724
1.45483
1.45161
1.44758
1.44278
1.43723
1.43095
1.42023
1.41225
1.40363
1.39441
1.3846
1.37424
1.36334
1.35196
1.33401
1.3215
1.3086
1.29533
1.28172
1.26779
1.24638
1.23183
1.21706
1.20213
1.18705
1.16423
1.15659
1.13361
1.11823
1.10291
1.08762
1.07239
1.05725
1.04224
1.01999
1.00538
0.990974
0.976791
0.96286
0.949188
0.935799
0.922707
0.909927
0.89138
0.879448
0.867882
0.856705
0.845909
0.830482
0.825554
0.81601
0.806908
0.798271
0.78614
0.778664
0.771675
0.765152
0.759079
0.753494
0.748398
0.74379
0.73967
0.736038
0.731506
0.729095
0.727173
0.725677
0.72467
0.724106
0.723999
0.724335
0.725098
0.726288
0.72789
0.731056
0.733658
0.736641
0.73999
0.74369
0.747742
0.752113
0.756798
0.761787
0.767059
0.772614
0.778412
0.787567
0.793953
0.80056
0.807358
0.814331
0.821472
0.828758
0.836174
0.843712
0.851357
0.862976
0.870796
0.87867
0.886574
0.894508
0.90641
0.910378
0.918259
0.930023
0.937798
0.945503
0.95311
0.960625
0.968025
0.975304
0.982445
0.989441
0.999649
1.00623
1.01264
1.01887
1.02491
1.03076
1.03642
1.04189
1.04716
1.05223
1.0571
1.06402
1.06837
1.07251
1.07643
1.08012
1.0836
1.08684
1.08983
1.09386
1.09508
1.09837
1.10027
1.10191
1.10332
1.10497
1.10576
1.10631
1.10661
1.1067
1.10654
1.10617
1.10558
1.10476
1.10374
1.1025
1.10029
1.09857
1.09667
1.0946
1.09235
1.08994
1.08739
1.08469
1.08184
1.07887
1.07417
1.0709
1.06752
1.06404
1.05865
1.05497
1.05122
1.04741
1.04356
1.03967
1.03577
1.03186
1.02795
1.02405
1.02014
1.01624
1.0124
1.00856
1.00478
1.00102
0.997307
0.993645
0.988228
0.984688
0.981201
0.977768
0.974388
0.971062
0.967796
0.964592
0.959908
0.956871
0.953903
0.951012
0.948189
0.945457
0.942802
0.940231
0.937759
0.935387
0.933105
0.929893
0.927887
0.925995
0.92421
0.922546
0.921005
0.919586
0.918304
0.916611
0.915649
0.91481
0.914101
0.913521
0.913078
0.912758
0.91256
0.912483
0.912529
0.912697
0.912979
0.91362
0.914185
0.914856
0.915627
0.916504
0.917473
0.918541
0.919701
0.921608
0.922981
0.924431
0.925949
0.927544
0.929207
0.930931
0.932709
0.93454
0.936432
0.938362
0.941315
0.943329
0.945343
0.947388
0.949463
0.951538
0.953613
0.956688
0.958702
0.960716
0.962715
0.964668
0.966614
0.968506
0.971291
0.973106
0.974876
0.976601
0.978287
0.980728
0.981522
0.983826
0.985298
0.986725
0.988106
0.989441
0.990723
0.991951
0.993706
0.994804
0.995857
0.996376
0.997826
0.998734
0.999588
1.0004
1.00116
1.00188
1.00255
1.00316
1.00373
1.00451
1.00497
1.0054
1.00577
1.0061
1.0064
1.00677
1.00686
1.0071
1.00716
1.00729
1.00734
1.00734
1.00731
1.00725
1.00714
1.00702
1.00684
1.00666
1.00642
1.00604
1.00574
1.00542
1.00506
1.00469
1.00429
1.00386
1.00343
1.00294
1.00246
1.0017
1.00115
1.0006
1.00005
0.999451
0.99884
0.99823
0.99762
0.996979
0.995972
0.9953
0.994629
0.993958
0.993286
0.992577
0.991844
0.991112
0.990379
0.989647
0.988548
0.988182
0.987083
0.986717
0.985619
0.984886
0.984154
0.983421
0.982689
0.981956
0.980858
0.980125
0.979393
0.978714
0.978043
0.977371
0.9767
0.976028
0.975357
0.974701
0.974091
0.97348
0.97287
0.971954
0.97139
0.97084
0.970291
0.969742
0.969223
0.968735
0.968246
0.967758
0.967094
0.966667
0.96624
0.965851
0.965485
0.965118
0.964775
0.96447
0.964165
0.963867
0.963623
0.963257
0.963043
0.96286
0.962677
0.962509
0.962326
0.962204
0.96212
0.962059
0.961998
0.961952
0.961952
0.961952
0.961975
0.962036
0.962097
0.962158
0.962265
0.962387
0.96257
0.962708
0.962891
0.963074
0.963257
0.96344
0.963661
0.963905
0.964149
0.964394
0.964638
0.964882
0.965187
0.965492
0.96595
0.966103
0.96656
0.966866
0.967171
0.967476
0.967842
0.968208
0.968575
0.968941
0.96949
0.969856
0.970222
0.970589
0.971138
0.971504
0.97187
0.972237
0.972603
0.972969
0.973335
0.973701
0.974068
0.974434
0.9748
0.975166
0.975487
0.975792
0.97625
0.976555
0.97686
0.977165
0.97747
0.977623
0.978081
0.978386
0.978683
0.97905
0.979294
0.979538
0.979782
0.980026
0.98027
0.980637
0.980865
0.981049
0.981232
0.981415
0.981598
0.981781
0.981964
0.982147
0.982384
0.982445
0.982628
0.98275
0.982872
0.982994
0.983116
0.983238
0.983345
0.983406
0.983467
0.983528
0.983589
0.98365
0.983711
0.983803
0.983864
0.983902
0.983902
0.983902
0.983902
0.983902
0.983902
0.983902
0.983902
0.983902
0.983902
0.983902
0.983902
0.983856
0.983795
0.983734
0.983673
0.983612
0.983551
0.983459
0.983398
0.983337
0.983276
0.983215
0.983154
0.983093
0.983032
0.982971
0.98291
0.982819
0.982758
0.982697
0.982635
0.982574
0.982513
0.982452
0.982391
0.9823
0.982239
0.982178
0.982117
0.982056
0.981995
0.981934
0.981873
0.981812
0.98175
0.981689
0.981628
0.981567
0.981506
0.981415
0.981354
0.981293
0.981232
0.981171
0.98111
0.981049
0.980957
0.980927
0.980835
0.980774
0.980713
0.980652
0.980591
0.98053
0.980469
0.980408
0.980347
0.980286
0.980225
0.980164
0.980072
0.980042
0.97995
0.979889
0.979828
0.979774
0.979774
0.979774
0.979774
0.979774
0.979774
0.979774
0.979774
0.979774
0.979774
0.979774
0.979774
0.979774
0.979774
0.979774
0.979774
0.979774
0.979774
0.979774
0.979774
0.979774
0.979774
0.979774
0.979774
0.979836
0.979897
0.979958
0.980019
0.98011
0.980171
0.980232
0.980293
0.980354
0.980415
0.980476
0.980568
0.980629
0.98069
0.980751
0.980812
0.980873
0.980934
0.981026
0.981056
0.981117
0.981209
0.98127
0.981331
0.981392
0.981453
0.981514
0.981575
0.981667
0.981728
0.981789
0.98185
0.981911
0.981972
0.982033
0.982094
0.982155
0.982216
0.982277
0.982338
0.982399
0.982491
0.982552
0.982582
0.982674
0.982735
0.982796
0.982887
0.982948
0.983009
0.98307
0.983131
0.983192
0.983253
0.983315
0.983376
0.983467
0.983498
0.983589
0.98365
0.983711
0.983772
0.983833
0.983894
0.983955
0.984016
0.984077
0.984138
0.98423
0.984291
0.984352
0.984413
0.984474
0.984535
0.984627
0.984688
0.984749
0.98481
0.984871
0.984932
0.984993
0.985054
0.985115
0.985176
0.985237
0.985298
0.985359
0.985451
0.985512
0.985573
0.985634
0.985695
0.985756
0.985847
0.985909
0.98597
0.986008
0.986008
0.986008
0.986008
0.986008
0.986008
0.986008
0.986008
0.986008
0.986008
0.986008
0.986008
0.986008
0.986008
0.986008
0.986008
0.986008
0.986008
0.986008
0.986008
0.986008
0.986008
0.986008
0.986008
0.986008
0.986008
0.986008
0.986008
0.986008
0.986008
0.986008
0.986008
0.986008
0.986008
0.986008
0.986008
0.986008
0.986008
0.986008
0.986008
0.986008
0.986008
0.986008
0.986008
0.986008
0.986008
0.986008
0.986008
0.986008
0.986008
0.986008
0.986008
0.986008
0.986008
0.986008
0.986008
0.986008
0.986008
0.986008
0.986008
0.986008
0.986008
0.986008
0.986008
0.986008
0.986008
0.986008
0.986008
0.986008
0.986008
0.986008
0.986008
0.986008
0.986008
0.986008
0.986008
0.986008
0.986008
0.986008
0.986008
0.986008
0.986038
0.986099
0.98616
0.986252
0.986313
0.986374
0.986435
0.986496
0.986557
0.986618
0.98671
0.98674
0.986832
0.986893
0.986954
0.987015
0.987076
0.987137
0.987198
0.987259
0.98735
0.987411
0.987473
0.987534
0.987595
0.987656
0.987717
0.987778
0.987839
0.98793
0.987991
0.988052
0.988113
0.988174
0.988235
0.988327
0.988388
0.988449
0.98851
0.988571
0.988579
0.988579
0.988579
0.988579
0.988579
0.988579
0.988579
0.988579
0.988579
0.988579
0.988579
0.988579
0.988579
0.988579
0.988579
0.988579
0.988579
0.988579
0.988579
0.988579
0.988579
0.988579
0.988579
0.988579
0.988579
0.988579
0.988579
0.988579
0.988579
0.988579
0.988579
0.988579
0.988579
0.988579
0.988579
0.988579
0.988579
0.988579
0.988579
0.988579
0.988579
0.988579
0.988579
0.988579
0.988579
0.988579
0.988579
0.988579
0.988579
0.988579
0.988579
0.988579
0.988579
0.988579
0.988579
0.988579
0.988579
0.988579
0.988579
0.988579
0.988579
0.988579
0.988579
0.988579
0.988579
0.988579
0.988579
0.988579
0.988579
0.988579
0.988579
0.988579
0.988579
0.988617
0.988678
0.988739
0.9888
0.988861
0.988922
0.988983
0.989075
0.989136
0.989197
0.989258
0.989319
0.98938
0.989441
0.989532
0.989563
0.989624
0.989685
0.989777
0.989838
0.989899
0.98996
0.990021
0.990082
0.990143
0.990204
0.990265
0.990326
0.990387
0.990448
0.990509
0.990601
0.990608
0.990608
0.990608
0.990608
0.990608
0.990608
0.990608
0.990608
0.990608
0.990608
0.990608
0.990608
0.990608
0.990608
0.990608
0.990608
0.990608
0.990608
0.990608
0.990608
