0
0
0
0
0
4.57752e-05
0.000137328
0.000411987
0.00100708
0.00210571
0.00388336
0.00650787
0.0123291
0.0148315
0.0207748
0.0321579
0.0366364
0.0521927
0.0643311
0.0709381
0.0928116
0.109085
0.126648
0.145447
0.165436
0.186531
0.208687
0.231819
0.255875
0.280769
0.30645
0.332848
0.359901
0.387535
0.415703
0.444328
0.473351
0.502724
0.532387
0.562279
0.592361
0.622566
0.652855
0.683189
0.713509
0.758842
0.788902
0.818787
0.84845
0.877838
0.906906
0.9356
0.96389
0.991692
1.019
1.04575
1.07192
1.09746
1.12233
1.14651
1.16998
1.19269
1.21462
1.23575
1.25606
1.27551
1.30308
1.32034
1.33669
1.35213
1.36665
1.38022
1.39285
1.40451
1.41519
1.4249
1.43762
1.44138
1.45124
1.45661
1.46104
1.46453
1.4671
1.46877
1.46953
1.4694
1.46841
1.46532
1.46388
1.4604
1.4561
1.45104
1.44522
1.43868
1.43143
1.42351
1.42351
1.39082
1.38017
1.36898
1.3632
1.35126
1.33253
1.31953
1.30614
1.2924
1.27836
1.26402
1.24944
1.23464
1.21966
1.20451
1.18924
1.17387
1.15843
1.14294
1.12744
1.11195
1.09651
1.08115
1.06586
1.05069
1.03566
1.02078
1.00609
0.9916
0.977333
0.963295
0.949532
0.936035
0.922821
0.909912
0.897316
0.885063
0.873154
0.86161
0.850441
0.839661
0.829285
0.819328
0.809799
0.800713
0.792076
0.78389
0.776169
0.768936
0.762192
0.755882
0.747322
0.742226
0.737617
0.735497
0.731621
0.726723
0.724068
0.721901
0.720222
0.719032
0.7183
0.718025
0.718216
0.718857
0.719925
0.721428
0.723358
0.725693
0.728432
0.731552
0.735054
0.738914
0.743134
0.747688
0.752563
0.757744
0.766068
0.768982
0.775009
0.781296
0.787804
0.794533
0.801468
0.808586
0.81588
0.82711
0.830925
0.838646
0.846474
0.854393
0.866425
0.870461
0.878578
0.886719
0.898987
0.907166
0.915306
0.923424
0.931488
0.939491
0.947411
0.955246
0.962967
0.970566
0.978035
0.985352
0.992523
0.999527
1.00636
1.013
1.02263
1.02575
1.03184
1.03773
1.04621
1.05162
1.05425
1.06183
1.06662
1.07121
1.07557
1.07971
1.08362
1.08729
1.09074
1.09394
1.09688
1.09956
1.10201
1.1042
1.10612
1.1078
1.10923
1.11039
1.11131
1.11198
1.1124
1.11259
1.11253
1.11225
1.11173
1.111
1.11005
1.10948
1.10674
1.10506
1.1032
1.10114
1.09892
1.09651
1.09394
1.08981
1.08686
1.08378
1.08056
1.07722
1.07377
1.07021
1.06655
1.06281
1.05898
1.05509
1.05115
1.04716
1.04313
1.03909
1.035
1.03091
1.02682
1.02274
1.01871
1.01469
1.01069
1.00672
1.00085
0.998924
0.995087
0.991302
0.985733
0.982086
0.980286
0.97673
0.973236
0.968117
0.96479
0.96315
0.958344
0.955238
0.952209
0.949257
0.946388
0.943604
0.940903
0.938301
0.935791
0.933388
0.931091
0.928909
0.926834
0.924881
0.92305
0.921341
0.919762
0.918312
0.916992
0.91581
0.914757
0.913841
0.913055
0.912399
0.91188
0.911491
0.911232
0.911095
0.911087
0.911209
0.911453
0.911804
0.91256
0.912865
0.913567
0.914375
0.915283
0.916847
0.918007
0.918617
0.920601
0.922028
0.923531
0.924316
0.926781
0.927635
0.930313
0.932167
0.934082
0.936043
0.938057
0.940109
0.942184
0.944313
0.946449
0.948586
0.950722
0.952858
0.954994
0.95713
0.959267
0.961403
0.963493
0.965569
0.967613
0.969627
0.971603
0.974503
0.975449
0.97731
0.980019
0.980904
0.983482
0.984306
0.986732
0.988289
0.989052
0.991257
0.992661
0.994011
0.995308
0.996559
0.997757
0.998901
1
1.00104
1.00202
1.00296
1.00385
1.00468
1.00548
1.00621
1.0069
1.00754
1.00814
1.00869
1.00919
1.00964
1.01006
1.01043
1.01075
1.01103
1.01128
1.01147
1.01163
1.01175
1.01182
1.01186
1.01186
1.01183
1.01176
1.01164
1.01151
1.01132
1.01112
1.01087
1.01044
1.01029
1.00996
1.00941
1.009
1.00858
1.00836
1.00764
1.00716
1.00663
1.00608
1.00553
1.00494
1.00433
1.00372
1.00311
1.00244
1.00177
1.0011
1.00043
0.999733
0.999001
0.998268
0.997536
0.996803
0.995705
0.995338
0.994606
0.993843
0.99305
0.992256
0.991463
0.990669
0.989876
0.989082
0.987892
0.987495
0.986702
0.985512
0.984718
0.98394
0.983208
0.982475
0.981743
0.98101
0.980278
0.979546
0.978813
0.97776
0.977089
0.976418
0.976082
0.975075
0.974426
0.973816
0.973206
0.972595
0.971985
0.971436
0.970886
0.970337
0.969795
0.969307
0.968819
0.968094
0.96788
0.967453
0.967026
0.966614
0.966064
0.965698
0.965515
0.96521
0.965057
0.96447
0.964348
0.963982
0.96376
0.963669
0.963394
0.963226
0.963104
0.962982
0.962868
0.962807
0.962746
0.962685
0.962685
0.962685
0.962685
0.962723
0.962784
0.962845
0.962914
0.963036
0.963158
0.96328
0.963417
0.9636
0.963783
0.963966
0.964149
0.964386
0.96463
0.964874
0.965118
0.965363
0.965645
0.96595
0.966255
0.96656
0.966866
0.967323
0.967628
0.967987
0.968353
0.968719
0.969086
0.969452
0.969818
0.970184
0.970551
0.9711
0.971466
0.971832
0.972198
0.972565
0.972931
0.973297
0.973663
0.97403
0.974396
0.974945
0.975311
0.975677
0.976044
0.97641
0.976776
0.977142
0.977486
0.977791
0.978096
0.978401
0.978706
0.979012
0.979317
0.979622
0.979927
0.980232
0.980522
0.980766
0.98101
0.981377
0.981621
0.981743
0.981987
0.982353
0.982574
0.982758
0.982941
0.983124
0.983307
0.98349
0.983673
0.983856
0.983948
0.984131
0.984253
0.984375
0.984497
0.984619
0.984741
0.984863
0.984962
0.985023
0.985085
0.985146
0.985207
0.985268
0.985359
0.98539
0.985451
0.985504
0.985504
0.985504
0.985504
0.985504
0.985504
0.985504
0.985504
0.985504
0.985504
0.985504
0.985466
0.985435
0.985374
0.985313
0.985252
0.985161
0.98513
0.985069
0.984978
0.984917
0.984856
0.984825
0.984734
0.984703
0.984642
0.98455
0.984489
0.984459
0.984367
0.984306
0.984245
0.984184
0.984123
0.984062
0.984001
0.983887
0.983765
0.983643
0.983521
0.983398
0.983276
0.983154
0.983032
0.98291
0.982788
0.982666
0.98259
0.982529
0.982468
0.982407
0.982315
0.982254
0.982193
0.982132
0.982071
0.98201
0.981949
0.981857
0.981796
0.981735
0.981674
0.981613
0.981552
0.981491
0.98143
0.981369
0.981308
0.981247
0.981186
0.981125
0.981064
0.980972
0.980911
0.98085
0.980789
0.980736
0.980736
0.980736
0.980736
0.980736
0.980736
0.980736
0.980736
0.980736
0.980736
0.980736
0.980736
0.980736
0.980736
0.980736
0.980736
0.980736
0.980736
0.980736
0.980736
0.980736
0.980736
0.980736
0.980736
0.980774
0.980865
0.980896
0.980988
0.981049
0.981079
0.981171
0.981232
0.981293
0.981354
0.981415
0.981476
0.981537
0.981598
0.981659
0.98172
0.981781
0.981842
0.981934
0.981995
0.982056
0.982086
0.982178
0.982239
0.9823
0.982361
0.982422
0.982483
0.982544
0.982605
0.982666
0.982727
0.982819
0.98288
0.98291
0.983002
0.983063
0.983124
0.983185
0.983246
0.983307
0.983368
0.983459
0.983521
0.983582
0.983643
0.983704
0.983765
0.983826
0.983887
0.983948
0.984009
0.98407
0.984131
0.984192
0.984253
0.984344
0.984375
0.984436
0.984528
0.984558
0.984619
0.984711
0.984772
0.984833
0.984894
0.984955
0.985016
0.985077
0.985138
0.985199
0.985291
0.985321
0.985382
0.985474
0.985504
0.985596
0.985626
0.985687
0.985779
0.98584
0.985901
0.985962
0.986023
0.986084
0.986145
0.986206
0.986267
0.986328
0.986389
0.98645
0.986511
0.986572
0.986633
0.986694
0.986755
0.986816
0.986877
0.986885
0.986885
0.986885
0.986885
0.986885
0.986885
0.986885
0.986885
0.986885
0.986885
0.986885
0.986885
0.986885
0.986885
0.986885
0.986885
0.986885
0.986885
0.986885
0.986885
0.986885
0.986885
0.986885
0.986885
0.986885
0.986885
0.986885
0.986885
0.986885
0.986885
0.986885
0.986885
0.986885
0.986885
0.986885
0.986885
0.986885
0.986885
0.986885
0.986885
0.986885
0.986885
0.986885
0.986885
0.986885
0.986885
0.986885
0.986885
0.986885
0.986885
0.986885
0.986885
0.986885
0.986885
0.986885
0.986885
0.986885
0.986885
0.986885
0.986885
0.986885
0.986885
0.986885
0.986885
0.986885
0.986885
0.986885
0.986885
0.986885
0.986885
0.986885
0.986885
0.986885
0.986885
0.986885
0.986885
0.986885
0.986885
0.986885
0.986885
0.986885
0.986885
0.986885
0.986885
0.986885
0.986885
0.986885
0.986885
0.986885
0.986923
0.986984
0.987076
0.987106
0.987198
0.987259
0.98732
0.987381
0.987442
0.987503
0.987564
0.987625
0.987717
0.987747
0.987808
0.987869
0.98793
0.987991
0.988083
0.988144
0.988205
0.988266
0.988327
0.988388
0.988449
0.98851
0.988571
0.988632
0.988693
0.988754
0.988815
0.988876
0.988937
0.988998
0.989059
0.98912
0.989182
0.989243
0.989304
0.989365
0.989372
0.989372
0.989372
0.989372
0.989372
0.989372
0.989372
0.989372
0.989372
0.989372
0.989372
0.989372
0.989372
0.989372
0.989372
0.989372
0.989372
0.989372
0.989372
0.989372
0.989372
0.989372
0.989372
0.989372
0.989372
0.989372
0.989372
0.989372
0.989372
0.989372
0.989372
0.989372
0.989372
0.989372
0.989372
0.989372
0.989372
0.989372
0.989372
0.989372
0.989372
0.989372
0.989372
0.989372
0.989372
0.989372
0.989372
0.989372
0.989372
0.989372
0.989372
0.989372
0.989372
0.989372
0.989372
0.989372
0.989372
0.989372
0.989372
0.989372
0.989372
0.989372
0.989372
0.989372
0.989372
0.989372
0.989372
0.989372
0.989372
0.989372
0.989372
0.989372
0.989372
0.989372
0.989372
0.989372
0.989372
0.989372
0.989372
0.989372
0.989388
0.989449
0.98951
0.989571
0.989632
0.989723
0.989784
0.989815
0.989906
0.989967
0.990028
