0
0
0
0
0
1.52588e-05
7.62941e-05
0.000244141
0.000656128
0.00210571
0.00289917
0.00507355
0.0101166
0.0123291
0.0207748
0.024231
0.0321579
0.0414734
0.0580978
0.0709457
0.0851974
0.0928421
0.109123
0.135979
0.155418
0.176018
0.197716
0.220436
0.244118
0.268715
0.294151
0.320366
0.360977
0.388817
0.417221
0.446098
0.475395
0.505051
0.535011
0.565216
0.595604
0.626129
0.656738
0.687378
0.717987
0.763748
0.778938
0.824226
0.854134
0.883751
0.913033
0.94194
0.970413
0.998398
1.02589
1.05283
1.07917
1.11749
1.14219
1.16618
1.18941
1.21187
1.23353
1.25436
1.27432
1.2934
1.31158
1.32883
1.34514
1.36052
1.37493
1.38842
1.40682
1.41247
1.42802
1.43272
1.44138
1.4526
1.45889
1.46422
1.46861
1.47208
1.47461
1.47623
1.47694
1.47676
1.4757
1.4725
1.47102
1.46742
1.46054
1.45498
1.44866
1.44163
1.43389
1.42549
1.41644
1.40676
1.3965
1.38567
1.37432
1.36245
1.35014
1.33737
1.3242
1.31065
1.29675
1.28253
1.26802
1.25325
1.23825
1.22305
1.20767
1.19215
1.1765
1.16077
1.13706
1.1212
1.10535
1.08955
1.07379
1.05812
1.04256
1.02713
1.00432
0.996811
0.974655
0.974655
0.953056
0.939003
0.918495
0.905228
0.898727
0.879753
0.867561
0.855759
0.844353
0.833366
0.822815
0.812714
0.803055
0.793869
0.785172
0.776962
0.769241
0.762009
0.75528
0.749084
0.743378
0.738159
0.73349
0.729309
0.729309
0.722412
0.718605
0.716682
0.715248
0.714264
0.713745
0.713715
0.714127
0.715004
0.716316
0.718056
0.720215
0.722786
0.725769
0.729134
0.732872
0.736977
0.741432
0.746231
0.751343
0.756767
0.762489
0.768478
0.774734
0.781235
0.787971
0.794922
0.805725
0.80941
0.81691
0.82457
0.836311
0.844284
0.852356
0.860504
0.868721
0.876984
0.885284
0.893585
0.901886
0.910187
0.918457
0.926689
0.934868
0.94297
0.950996
0.958939
0.970634
0.978279
0.989487
0.996765
1.00388
1.01083
1.0176
1.02418
1.03056
1.03675
1.04274
1.04852
1.0541
1.05946
1.06461
1.06954
1.07425
1.08089
1.08503
1.08701
1.0926
1.09434
1.09917
1.10207
1.10472
1.1071
1.1082
1.11109
1.11269
1.11404
1.11513
1.11595
1.11653
1.11687
1.11696
1.11681
1.11641
1.11577
1.11491
1.11382
1.11252
1.11101
1.10928
1.10737
1.10526
1.10297
1.10049
1.09786
1.09506
1.09211
1.089
1.08576
1.08239
1.0789
1.07529
1.07157
1.06776
1.06387
1.05988
1.05584
1.05173
1.04549
1.04128
1.03707
1.03286
1.02865
1.02444
1.02023
1.01602
1.01187
1.00774
1.00365
0.999626
0.997627
0.991714
0.987839
0.984024
0.98027
0.976578
0.972954
0.969391
0.965897
0.962471
0.959122
0.955849
0.952644
0.949516
0.94648
0.94207
0.93924
0.936501
0.933853
0.931313
0.928879
0.926552
0.924339
0.922249
0.92028
0.918449
0.916748
0.915184
0.913765
0.912483
0.911339
0.910339
0.909111
0.908463
0.907959
0.907593
0.907364
0.907265
0.907303
0.907471
0.907761
0.90818
0.909035
0.909752
0.910583
0.91153
0.912582
0.913734
0.914993
0.917061
0.917793
0.920128
0.921791
0.923531
0.925339
0.927216
0.929161
0.931168
0.933228
0.935333
0.937477
0.940773
0.943008
0.945267
0.947525
0.949783
0.952042
0.9543
0.956558
0.958817
0.96106
0.963257
0.96653
0.968666
0.970764
0.972839
0.974854
0.976837
0.978783
0.980675
0.982513
0.984306
0.986053
0.987755
0.989403
0.99099
0.992523
0.994736
0.995438
0.99749
0.998787
1.00003
1.00122
1.00236
1.00344
1.00496
1.00545
1.00681
1.00724
1.00845
1.00883
1.00954
1.01052
1.01112
1.01167
1.01191
1.0126
1.01299
1.01335
1.01366
1.01391
1.01412
1.0143
1.01442
1.0145
1.01455
1.01455
1.01451
1.01444
1.01432
1.01408
1.01398
1.01363
1.01336
1.01305
1.01271
1.01234
1.01194
1.01151
1.01106
1.01057
1.01009
1.00954
1.00871
1.00842
1.0078
1.00719
1.00623
1.00589
1.00522
1.0042
1.00346
1.0031
1.00237
1.00127
1.0009
1.00011
0.998924
0.998131
0.997337
0.996544
0.99575
0.994957
0.994164
0.99337
0.992577
0.991783
0.991386
0.990196
0.989403
0.988609
0.987816
0.987022
0.986229
0.985435
0.984642
0.983849
0.983055
0.982658
0.981468
0.980675
0.979935
0.979202
0.97847
0.977737
0.977005
0.97628
0.975609
0.974937
0.974266
0.973595
0.972954
0.972343
0.971733
0.971123
0.970543
0.969719
0.969444
0.968651
0.968163
0.967674
0.967194
0.966766
0.966339
0.965912
0.965546
0.965179
0.964661
0.964355
0.96405
0.963776
0.963531
0.963287
0.963081
0.962898
0.962715
0.962578
0.962456
0.962334
0.962257
0.962196
0.962135
0.96212
0.96212
0.96212
0.962158
0.962219
0.96228
0.962357
0.962479
0.962601
0.962723
0.962883
0.963066
0.963249
0.963432
0.963654
0.963898
0.964142
0.964386
0.96463
0.964928
0.965233
0.965538
0.965843
0.966148
0.966454
0.966988
0.967354
0.967537
0.968086
0.968269
0.968819
0.969185
0.969551
0.969917
0.970284
0.97065
0.971016
0.971382
0.971748
0.972115
0.972481
0.972664
0.973213
0.973579
0.973946
0.974312
0.974678
0.975044
0.97541
0.975777
0.976143
0.976509
0.976875
0.977242
0.977608
0.977974
0.97834
0.978676
0.979134
0.979286
0.979591
0.979897
0.980202
0.980659
0.980965
0.98127
0.981514
0.981758
0.982002
0.982246
0.982491
0.982735
0.982979
0.983208
0.983391
0.983574
0.983757
0.98394
0.984123
0.984398
0.984566
0.984688
0.98481
0.984932
0.985054
0.985176
0.985359
0.985481
0.985558
0.985619
0.98568
0.985771
0.985802
0.985863
0.985954
0.985985
0.986038
0.986038
0.986038
0.986038
0.986038
0.986038
0.986038
0.986038
0.986038
0.986038
0.986038
0.985977
0.985916
0.985825
0.985794
0.985733
0.985672
0.98558
0.98555
0.985489
0.985428
0.985397
0.985275
0.985214
0.985184
0.985123
0.985031
0.98497
0.98494
0.98481
0.984688
0.984566
0.984444
0.984322
0.984322
0.984016
0.983833
0.983772
0.98365
0.983528
0.983406
0.983223
0.983162
0.98304
0.982857
0.982796
0.982613
0.982491
0.98243
0.982246
0.982185
0.982094
0.982002
0.981972
0.98188
0.981819
0.981758
0.981728
0.981667
0.981575
0.981514
0.981453
0.981392
0.981331
0.98127
0.981209
0.981148
0.981087
0.981026
0.980934
0.980904
0.980843
0.980782
0.980721
0.980629
0.980606
0.980606
0.980606
0.980606
0.980606
0.980606
0.980606
0.980606
0.980606
0.980606
0.980606
0.980606
0.980606
0.980606
0.980606
0.980606
0.980606
0.980606
0.980606
0.980606
0.980606
0.980606
0.980644
0.980705
0.980766
0.980827
0.980888
0.980949
0.981041
0.981102
0.981163
0.981224
0.981285
0.981346
0.981407
0.981468
0.981529
0.981621
0.981682
0.981743
0.981804
0.981865
0.981926
0.981987
0.982048
0.98214
0.982201
0.982262
0.982323
0.982414
0.982475
0.982506
0.982597
0.982658
0.982719
0.98278
0.982841
0.982903
0.982964
0.983055
0.983116
0.983177
0.983238
0.983299
0.98336
0.983421
0.983482
0.983543
0.983604
0.983665
0.983727
0.983788
0.983849
0.98391
0.983971
0.984062
0.984093
0.984154
0.984245
0.984276
0.984367
0.984398
0.984489
0.98455
0.984581
0.984673
0.984734
0.984795
0.984856
0.984886
0.984978
0.985039
0.9851
0.985161
0.985222
0.985283
0.985344
0.985405
0.985466
0.985527
0.985588
0.985649
0.98571
0.985771
0.985832
0.985924
0.985985
0.986015
0.986107
0.986168
0.986198
0.98629
0.986351
0.986412
0.986473
0.986534
0.986626
0.986687
0.986748
0.986809
0.98687
0.986931
0.986992
0.987045
0.987045
0.987045
0.987045
0.987045
0.987045
0.987045
0.987045
0.987045
0.987045
0.987045
0.987045
0.987045
0.987045
0.987045
0.987045
0.987045
0.987045
0.987045
0.987045
0.987045
0.987045
0.987045
0.987045
0.987045
0.987045
0.987045
0.987045
0.987045
0.987045
0.987045
0.987045
0.987045
0.987045
0.987045
0.987045
0.987045
0.987045
0.987045
0.987045
0.987045
0.987045
0.987045
0.987045
0.987045
0.987045
0.987045
0.987045
0.987045
0.987045
0.987045
0.987045
0.987045
0.987045
0.987045
0.987045
0.987045
0.987045
0.987045
0.987045
0.987045
0.987045
0.987045
0.987045
0.987045
0.987045
0.987045
0.987045
0.987045
0.987045
0.987045
0.987045
0.987045
0.987045
0.987045
0.987045
0.987045
0.987045
0.987045
0.987045
0.987045
0.987045
0.987045
0.987045
0.987045
0.987045
0.987045
0.987045
0.987045
0.987045
0.987045
0.987045
0.987091
0.987183
0.987213
0.987305
0.987366
0.987427
0.987457
0.987518
0.98761
0.98764
0.987732
0.987762
0.987854
0.987915
0.987976
0.988037
0.988098
0.988159
0.98822
0.988281
0.988342
0.988403
0.988464
0.988525
0.988586
0.988647
0.988708
0.98877
0.988831
0.988892
0.988953
0.989014
0.989075
0.989136
0.989197
0.989258
0.989319
0.98938
0.989441
0.989502
0.989548
0.989548
0.989548
0.989548
0.989548
0.989548
0.989548
0.989548
0.989548
0.989548
0.989548
0.989548
0.989548
0.989548
0.989548
0.989548
0.989548
0.989548
0.989548
0.989548
0.989548
0.989548
0.989548
0.989548
0.989548
0.989548
0.989548
0.989548
0.989548
0.989548
0.989548
0.989548
0.989548
0.989548
0.989548
0.989548
0.989548
0.989548
0.989548
0.989548
0.989548
0.989548
0.989548
0.989548
0.989548
0.989548
0.989548
0.989548
0.989548
0.989548
0.989548
0.989548
0.989548
0.989548
0.989548
0.989548
0.989548
0.989548
0.989548
0.989548
0.989548
0.989548
0.989548
0.989548
0.989548
0.989548
0.989548
0.989548
0.989548
0.989548
0.989548
0.989548
0.989548
0.989548
0.989548
0.989548
0.989548
0.989548
0.989548
0.989548
0.989548
0.989548
0.989548
0.989548
0.989594
0.989655
0.989716
0.989777
0.989838
