0
0
0
0
0
7.62941e-06
6.86647e-05
0.000236511
0.000648497
0.00209808
0.00289154
0.00506592
0.0101089
0.0148239
0.0207672
0.0280151
0.0366287
0.0414658
0.0580902
0.0709381
0.0851746
0.100784
0.117714
0.135918
0.155342
0.175919
0.197586
0.23201
0.256119
0.28109
0.306862
0.333359
0.360519
0.374329
0.41658
0.445358
0.474564
0.504128
0.533997
0.564117
0.594444
0.624916
0.655479
0.686058
0.716637
0.747162
0.777565
0.8078
0.83783
0.867584
0.897026
0.926109
0.954796
0.996956
1.01077
1.05138
1.07774
1.10347
1.12855
1.15294
1.17661
1.19953
1.23241
1.25331
1.27336
1.29253
1.3196
1.3365
1.35247
1.36749
1.38152
1.39458
1.40672
1.41782
1.42796
1.43711
1.44529
1.45249
1.45872
1.46397
1.47005
1.47292
1.47488
1.47591
1.47604
1.47528
1.47366
1.46963
1.46787
1.46375
1.45609
1.45001
1.4467
1.43954
1.42751
1.41866
1.40917
1.39909
1.38843
1.37723
1.36549
1.35328
1.34061
1.32753
1.31404
1.3002
1.28603
1.27155
1.25681
1.24183
1.22665
1.21127
1.19576
1.18012
1.1644
1.14071
1.1249
1.10909
1.09333
1.07763
1.06203
1.04654
1.03119
1.01601
1.00104
0.978989
0.964592
0.95047
0.936623
0.923073
0.909828
0.896919
0.884361
0.872169
0.854599
0.843391
0.832603
0.822258
0.81234
0.80291
0.793907
0.785393
0.777367
0.769829
0.759453
0.756264
0.750252
0.744728
0.739693
0.733078
0.729324
0.726059
0.723282
0.720993
0.719193
0.71788
0.716995
0.716599
0.716873
0.717628
0.718819
0.720436
0.722473
0.724922
0.727783
0.731018
0.734634
0.738617
0.742943
0.747604
0.752586
0.757881
0.763481
0.769356
0.77549
0.781868
0.78849
0.795341
0.802399
0.809639
0.820824
0.824631
0.832344
0.844154
0.848145
0.860245
0.868408
0.872505
0.884865
0.889015
0.901466
0.909767
0.918022
0.926254
0.934425
0.942528
0.950554
0.962418
0.970184
0.977821
0.985313
0.992645
0.999817
1.00681
1.01697
1.0235
1.02983
1.03596
1.04189
1.04761
1.05312
1.05842
1.06351
1.06836
1.073
1.07739
1.08154
1.08545
1.08911
1.09253
1.0957
1.09863
1.10128
1.10368
1.10582
1.10771
1.10933
1.1107
1.11182
1.11267
1.11328
1.11365
1.11374
1.1135
1.11304
1.11235
1.11143
1.11031
1.10897
1.10743
1.10568
1.10375
1.10164
1.09935
1.09689
1.09426
1.09148
1.08856
1.08549
1.08231
1.07899
1.07556
1.07203
1.0684
1.06467
1.06085
1.05697
1.05302
1.04903
1.04499
1.0409
1.03681
1.03272
1.02859
1.02449
1.0204
1.01631
1.01224
1.00821
1.00421
0.998291
0.9944
0.992477
0.988663
0.98304
0.97937
0.975761
0.972214
0.968735
0.965324
0.961983
0.957108
0.953957
0.950882
0.947891
0.944984
0.942154
0.93943
0.936783
0.934242
0.931808
0.929482
0.927269
0.925163
0.92318
0.921326
0.918785
0.917259
0.915863
0.914597
0.914017
0.912483
0.911629
0.910912
0.910332
0.909889
0.909584
0.909401
0.909355
0.909431
0.909798
0.910194
0.910713
0.911339
0.912086
0.912941
0.913895
0.914963
0.91613
0.917389
0.918747
0.920189
0.921715
0.923325
0.925003
0.926758
0.928581
0.930466
0.932411
0.934418
0.937508
0.93856
0.940697
0.943962
0.946159
0.948357
0.950554
0.952751
0.954948
0.957146
0.960442
0.96154
0.964745
0.966866
0.968941
0.970985
0.973
0.97496
0.976883
0.978767
0.980598
0.982376
0.984108
0.985794
0.987434
0.989021
0.990547
0.992027
0.993454
0.995499
0.996796
0.997429
0.999229
1.00037
1.00146
1.0025
1.00349
1.00442
1.0053
1.00613
1.00692
1.00765
1.00833
1.00896
1.00955
1.01009
1.01058
1.01102
1.01141
1.01192
1.01221
1.01246
1.01265
1.01281
1.01293
1.01299
1.01303
1.01303
1.01298
1.0129
1.01278
1.01263
1.01244
1.01221
1.01197
1.01167
1.01137
1.01101
1.01064
1.01023
1.0098
1.00935
1.00886
1.00837
1.00782
1.00727
1.00641
1.0058
1.00519
1.00455
1.00388
1.00321
1.00254
1.00185
1.00112
1.00039
0.999657
0.998924
0.998192
0.997452
0.996658
0.995865
0.995071
0.994278
0.993484
0.992691
0.991898
0.991104
0.990311
0.989517
0.988724
0.98793
0.98674
0.986343
0.98555
0.984756
0.983566
0.98317
0.981995
0.981262
0.98053
0.979797
0.979065
0.978333
0.9776
0.976562
0.975891
0.97522
0.974548
0.973885
0.973274
0.972664
0.972054
0.971443
0.970894
0.970345
0.969795
0.969261
0.968773
0.968285
0.967796
0.967361
0.966934
0.966507
0.966125
0.965759
0.965393
0.965065
0.96476
0.964455
0.96418
0.963936
0.96357
0.963478
0.963295
0.963112
0.96302
0.962776
0.962654
0.962593
0.962532
0.962471
0.962463
0.962463
0.962463
0.962502
0.962563
0.962624
0.962692
0.962814
0.962936
0.96312
0.963303
0.963486
0.963669
0.963852
0.964203
0.964325
0.964691
0.964813
0.965057
0.9655
0.965805
0.96611
0.966415
0.966721
0.967026
0.967346
0.967712
0.968079
0.968445
0.968811
0.969177
0.969543
0.96991
0.970459
0.970642
0.971008
0.971375
0.971741
0.97229
0.972473
0.973022
0.973389
0.973755
0.974121
0.974487
0.97467
0.975037
0.975586
0.975769
0.976318
0.976685
0.977051
0.977417
0.977783
0.977959
0.978416
0.978722
0.979027
0.979332
0.979637
0.979942
0.980247
0.980553
0.980858
0.981224
0.981468
0.981712
0.981956
0.982201
0.982323
0.982903
0.983086
0.983269
0.983452
0.983635
0.98391
0.984093
0.984261
0.984383
0.984505
0.984627
0.984749
0.984871
0.984993
0.985115
0.985222
0.985283
0.985374
0.985435
0.985497
0.985558
0.985619
0.98568
0.985741
0.985756
0.985756
0.985756
0.985756
0.985756
0.985756
0.985756
0.985756
0.985756
0.985756
0.985748
0.985687
0.985626
0.985565
0.985504
0.985443
0.985352
0.985291
0.985229
0.985168
0.985107
0.985046
0.984985
0.984924
0.984863
0.984802
0.984741
0.98468
0.984619
0.984558
0.984467
0.984352
0.98423
0.984108
0.983986
0.983864
0.983742
0.98362
0.983498
0.983315
0.983192
0.98307
0.982948
0.982826
0.982704
0.982582
0.98246
0.982338
0.982254
0.982193
0.982101
0.98204
0.981979
0.981918
0.981857
0.981796
0.981735
0.981674
0.981613
0.981522
0.981461
0.9814
0.981339
0.981277
0.981216
0.981155
0.981094
0.981033
0.980972
0.980881
0.98082
0.980759
0.980698
0.980644
0.980644
0.980644
0.980644
0.980644
0.980644
0.980644
0.980644
0.980644
0.980644
0.980644
0.980644
0.980644
0.980644
0.980644
0.980644
0.980644
0.980644
0.980644
0.980644
0.980644
0.980644
0.980652
0.980713
0.980804
0.980865
0.980927
0.980988
0.981049
0.98111
0.981171
0.981232
0.981293
0.981354
0.981445
0.981476
0.981567
0.981628
0.981689
0.98175
0.981812
0.981903
0.981964
0.982025
0.982086
0.982147
0.982208
0.982269
0.982361
0.982391
0.982483
0.982544
0.982605
0.982666
0.982727
0.982788
0.98288
0.982941
0.983002
0.983063
0.983124
0.983185
0.983246
0.983307
0.983398
0.983429
0.98349
0.983582
0.983612
0.983704
0.983765
0.983826
0.983887
0.983948
0.984009
0.98407
0.9841
0.984222
0.984283
0.984344
0.984406
0.984467
0.984528
0.984619
0.98465
0.984741
0.984802
0.984863
0.984924
0.985016
0.985077
0.985138
0.985199
0.98526
0.985321
0.985413
0.985443
0.985535
0.985596
0.985626
0.985718
0.985779
0.98584
0.985901
0.985962
0.986023
0.986084
0.986145
0.986206
0.986298
0.986359
0.98642
0.986481
0.986542
0.986603
0.986664
0.986725
0.986786
0.986847
0.986908
0.986946
0.986946
0.986946
0.986946
0.986946
0.986946
0.986946
0.986946
0.986946
0.986946
0.986946
0.986946
0.986946
0.986946
0.986946
0.986946
0.986946
0.986946
0.986946
0.986946
0.986946
0.986946
0.986946
0.986946
0.986946
0.986946
0.986946
0.986946
0.986946
0.986946
0.986946
0.986946
0.986946
0.986946
0.986946
0.986946
0.986946
0.986946
0.986946
0.986946
0.986946
0.986946
0.986946
0.986946
0.986946
0.986946
0.986946
0.986946
0.986946
0.986946
0.986946
0.986946
0.986946
0.986946
0.986946
0.986946
0.986946
0.986946
0.986946
0.986946
0.986946
0.986946
0.986946
0.986946
0.986946
0.986946
0.986946
0.986946
0.986946
0.986946
0.986946
0.986946
0.986946
0.986946
0.986946
0.986946
0.986946
0.986946
0.986946
0.986946
0.986946
0.986946
0.986946
0.986946
0.986946
0.986946
0.986946
0.986946
0.986946
0.986992
0.987053
0.987083
0.987175
0.987236
0.987297
0.987358
0.987419
0.98748
0.987541
0.987602
0.987663
0.987724
0.987785
0.987846
0.987907
0.987968
0.988029
0.988091
0.988152
0.988213
0.988274
0.988335
0.988396
0.988457
0.988518
0.988579
0.98864
0.988701
0.988762
0.988853
0.988884
0.988945
0.989037
0.989067
0.989159
0.98922
0.989281
0.989342
0.989433
0.989456
0.989456
0.989456
0.989456
0.989456
0.989456
0.989456
0.989456
0.989456
0.989456
0.989456
0.989456
0.989456
0.989456
0.989456
0.989456
0.989456
0.989456
0.989456
0.989456
0.989456
0.989456
0.989456
0.989456
0.989456
0.989456
0.989456
0.989456
0.989456
0.989456
0.989456
0.989456
0.989456
0.989456
0.989456
0.989456
0.989456
0.989456
0.989456
0.989456
0.989456
0.989456
0.989456
0.989456
0.989456
0.989456
0.989456
0.989456
0.989456
0.989456
0.989456
0.989456
0.989456
0.989456
0.989456
0.989456
0.989456
0.989456
0.989456
0.989456
0.989456
0.989456
0.989456
0.989456
0.989456
0.989456
0.989456
0.989456
0.989456
0.989456
0.989456
0.989456
0.989456
0.989456
0.989456
0.989456
0.989456
0.989456
0.989456
0.989456
0.989456
0.989456
0.989525
0.989555
0.989616
0.989708
0.989738
0.98983
0.989861
0.989922
0.990013
0.990044
0.990135
0.990166
0.990257
0.990318
0.990379
0.99044
0.990501
0.990562
0.990623
0.990685
