0
0
0
0
0
7.62941e-06
0.0001297
0.000404358
0.000999451
0.00147247
0.0038681
0.00649262
0.0101013
0.0148163
0.0242157
0.0280075
0.0414581
0.0521774
0.0643158
0.0778656
0.0927963
0.10907
0.13588
0.145432
0.175804
0.197426
0.22007
0.243668
0.268158
0.293472
0.332863
0.359955
0.387657
0.401711
0.430183
0.473709
0.503166
0.532898
0.562851
0.592964
0.623199
0.653496
0.68383
0.72921
0.744293
0.789322
0.819099
0.848633
0.877869
0.921074
0.93528
0.977242
1.00461
1.03142
1.05766
1.08327
1.10823
1.13251
1.1561
1.17896
1.20104
1.22235
1.25279
1.27206
1.29047
1.30802
1.32468
1.34045
1.36238
1.37584
1.38835
1.3999
1.41052
1.42017
1.4328
1.43652
1.44327
1.44907
1.45596
1.45937
1.46188
1.46346
1.46415
1.46395
1.4629
1.45972
1.45658
1.45264
1.44791
1.44245
1.43626
1.42934
1.42175
1.41351
1.40465
1.39518
1.38515
1.37456
1.36348
1.34595
1.33987
1.321
1.30794
1.29452
1.28076
1.26671
1.25238
1.23782
1.21559
1.2081
1.1854
1.17014
1.1548
1.13942
1.12404
1.10866
1.09333
1.07809
1.06295
1.04794
1.0331
1.01119
0.996849
0.98275
0.968895
0.955284
0.941956
0.922501
0.909927
0.897682
0.88578
0.874245
0.863083
0.85231
0.841942
0.831993
0.822472
0.813393
0.804756
0.792641
0.785149
0.778099
0.771538
0.76545
0.759804
0.754646
0.749977
0.743889
0.742104
0.737389
0.734856
0.732811
0.731209
0.73008
0.729233
0.729179
0.729393
0.730522
0.731804
0.733505
0.735603
0.738098
0.740967
0.744202
0.747787
0.753799
0.758217
0.762947
0.767967
0.77327
0.778831
0.78466
0.790703
0.796967
0.803436
0.810097
0.816925
0.823914
0.834671
0.842003
0.849442
0.856979
0.864594
0.872284
0.880035
0.887817
0.89563
0.903442
0.911255
0.919044
0.926796
0.934494
0.942131
0.949684
0.957153
0.964508
0.971756
0.978867
0.985832
0.992661
0.999321
1.00581
1.01213
1.02128
1.02423
1.03282
1.03558
1.04098
1.04871
1.05361
1.05832
1.06281
1.0671
1.07117
1.07503
1.07866
1.08206
1.08368
1.08817
1.09085
1.09329
1.09549
1.09744
1.09915
1.10062
1.10184
1.10285
1.10326
1.10413
1.10442
1.10448
1.10433
1.10395
1.10336
1.10256
1.10156
1.10036
1.09897
1.09739
1.09563
1.09368
1.09158
1.08931
1.08688
1.08298
1.0816
1.07877
1.07579
1.07271
1.0695
1.0662
1.06281
1.05933
1.05576
1.05214
1.04845
1.04285
1.04095
1.03527
1.03143
1.02758
1.02374
1.0199
1.01611
1.01233
1.00858
1.00485
1.00117
0.997528
0.993927
0.988617
0.985138
0.98172
0.978355
0.975052
0.971809
0.96862
0.963966
0.96244
0.957993
0.955109
0.952293
0.949562
0.946907
0.943077
0.941841
0.938271
0.937126
0.934906
0.931786
0.929832
0.927994
0.92627
0.924667
0.923187
0.921829
0.920593
0.919495
0.918518
0.917664
0.916946
0.916351
0.915878
0.915535
0.915321
0.91523
0.915298
0.915382
0.915802
0.916222
0.916748
0.917389
0.918129
0.918961
0.919899
0.920921
0.922043
0.923241
0.924538
0.925903
0.927345
0.928856
0.930435
0.932083
0.933784
0.93644
0.938271
0.94014
0.942032
0.943962
0.945915
0.947868
0.949821
0.952751
0.954704
0.956657
0.958611
0.960556
0.962448
0.96434
0.966209
0.96804
0.970734
0.972504
0.974213
0.975899
0.977547
0.979149
0.980713
0.982239
0.983711
0.985146
0.986534
0.987877
0.989166
0.990417
0.991623
0.99334
0.994431
0.995468
0.99646
0.997406
0.998314
0.999168
0.999977
1.00111
1.00182
1.00248
1.00309
1.00365
1.00418
1.00467
1.0051
1.00551
1.00587
1.00619
1.00647
1.00682
1.007
1.00715
1.00721
1.00733
1.00738
1.00738
1.00735
1.00729
1.00714
1.00702
1.00684
1.00665
1.00642
1.00617
1.00589
1.00558
1.00527
1.00491
1.00436
1.00414
1.00372
1.00307
1.00259
1.0021
1.00161
1.00109
1.00054
0.999992
0.999443
0.998878
0.998268
0.997658
0.997047
0.996132
0.995827
0.995186
0.994514
0.993843
0.992836
0.992165
0.991829
0.990822
0.99015
0.989479
0.988808
0.988136
0.987465
0.986794
0.986122
0.985451
0.984779
0.984108
0.983437
0.982765
0.982094
0.981422
0.980751
0.98008
0.979134
0.978828
0.978218
0.977303
0.976692
0.976082
0.975487
0.974937
0.974388
0.973839
0.973289
0.972748
0.972504
0.972015
0.971283
0.970795
0.970352
0.969925
0.969498
0.968872
0.968689
0.968323
0.967773
0.96759
0.967133
0.96698
0.966675
0.966278
0.966034
0.96579
0.965576
0.965393
0.96521
0.965027
0.964905
0.964783
0.964661
0.964569
0.964478
0.964417
0.964386
0.964378
0.964378
0.964378
0.964417
0.964478
0.964539
0.96463
0.964691
0.964874
0.964935
0.965057
0.965271
0.965454
0.965637
0.96582
0.966003
0.966316
0.966438
0.966682
0.966927
0.967293
0.967537
0.967781
0.968056
0.968361
0.968666
0.968971
0.969276
0.969582
0.969887
0.970192
0.970497
0.970802
0.971107
0.971413
0.971718
0.972023
0.972328
0.972633
0.972939
0.973244
0.973549
0.973854
0.974312
0.974617
0.974922
0.975227
0.975533
0.975838
0.976143
0.976448
0.976753
0.977058
0.977364
0.977669
0.977974
0.978279
0.978584
0.978966
0.97921
0.979454
0.979698
0.979942
0.980186
0.980431
0.980675
0.980919
0.981285
0.981468
0.981651
0.981834
0.982018
0.982201
0.982384
0.982567
0.98275
0.982933
0.983139
0.983261
0.983383
0.983505
0.983627
0.983749
0.983871
0.983994
0.984169
0.98423
0.984291
0.984352
0.984413
0.984474
0.984566
0.984627
0.984688
0.984749
0.984802
0.984802
0.984802
0.984802
0.984802
0.984802
0.984802
0.984802
0.984802
0.984802
0.984802
0.984802
0.984802
0.984802
0.984764
0.984673
0.984612
0.98455
0.984489
0.984428
0.984367
0.984306
0.984245
0.984184
0.984123
0.984032
0.984001
0.98391
0.983849
0.983788
0.983727
0.983665
0.983604
0.983543
0.983482
0.983421
0.98336
0.983299
0.983238
0.983177
0.983116
0.983055
0.982994
0.982933
0.982872
0.982811
0.98275
0.982658
0.982597
0.982536
0.982475
0.982414
0.982353
0.982292
0.982231
0.98217
0.982109
0.982048
0.981987
0.981895
0.981834
0.981773
0.981712
0.981651
0.98159
0.981529
0.981468
0.981407
0.981346
0.981285
0.981224
0.981163
0.981133
0.981133
0.981133
0.981133
0.981133
0.981133
0.981133
0.981133
0.981133
0.981133
0.981133
0.981133
0.981133
0.981133
0.981133
0.981133
0.981133
0.981133
0.981133
0.981133
0.981133
0.981133
0.981133
0.981133
0.981133
0.981133
0.981133
0.981133
0.981194
0.981255
0.981316
0.981377
0.981438
0.981499
0.98156
0.981621
0.981682
0.981743
0.981804
0.981865
0.981926
0.981987
0.982048
0.982109
0.98217
0.982231
0.982292
0.982353
0.982414
0.982475
0.982536
0.982597
0.982658
0.982719
0.98278
0.982841
0.982903
0.982964
0.983025
0.983086
0.983147
0.983238
0.983269
0.98333
0.983391
0.983482
0.983543
0.983604
0.983665
0.983696
0.983788
0.983849
0.98391
0.983971
0.984032
0.984093
0.984154
0.984215
0.984276
0.984337
0.984398
0.984459
0.98452
0.984581
0.984642
0.984703
0.984764
0.984825
0.984886
0.984947
0.985008
0.985069
0.985161
0.985222
0.985283
0.985344
0.985405
0.985466
0.985527
0.985588
0.98568
0.98571
0.985771
0.985832
0.985893
0.985985
0.986046
0.986107
0.986168
0.986229
0.98629
0.986351
0.986412
0.986473
0.986534
0.986595
0.986656
0.986671
0.986671
0.986671
0.986671
0.986671
0.986671
0.986671
0.986671
0.986671
0.986671
0.986671
0.986671
0.986671
0.986671
0.986671
0.986671
0.986671
0.986671
0.986671
0.986671
0.986671
0.986671
0.986671
0.986671
0.986671
0.986671
0.986671
0.986671
0.986671
0.986671
0.986671
0.986671
0.986671
0.986671
0.986671
0.986671
0.986671
0.986671
0.986671
0.986671
0.986671
0.986671
0.986671
0.986671
0.986671
0.986671
0.986671
0.986671
0.986671
0.986671
0.986671
0.986671
0.986671
0.986671
0.986671
0.986671
0.986671
0.986671
0.986671
0.986671
0.986671
0.986671
0.986671
0.986671
0.986671
0.986671
0.986671
0.986671
0.986671
0.986671
0.986671
0.986671
0.986671
0.986671
0.986671
0.986671
0.986671
0.986671
0.986671
0.986671
0.986671
0.986671
0.986671
0.986671
0.986702
0.986763
0.986824
0.986885
0.986946
0.987007
0.987068
0.987129
0.98719
0.987282
0.987343
0.987404
0.987465
0.987526
0.987587
0.987679
0.98774
0.987801
0.987862
0.987923
0.987984
0.988045
0.988106
0.988197
0.988228
0.988319
0.98838
0.988441
0.988503
0.988564
0.988655
0.988716
0.988777
0.988838
0.988899
0.98896
0.989021
0.989082
0.989136
0.989136
0.989136
0.989136
0.989136
0.989136
0.989136
0.989136
0.989136
0.989136
0.989136
0.989136
0.989136
0.989136
0.989136
0.989136
0.989136
0.989136
0.989136
0.989136
0.989136
0.989136
0.989136
0.989136
0.989136
0.989136
0.989136
0.989136
0.989136
0.989136
0.989136
0.989136
0.989136
0.989136
0.989136
0.989136
0.989136
0.989136
0.989136
0.989136
0.989136
0.989136
0.989136
0.989136
0.989136
0.989136
0.989136
0.989136
0.989136
0.989136
0.989136
0.989136
0.989136
0.989136
0.989136
0.989136
0.989136
0.989136
0.989136
0.989136
0.989136
0.989136
0.989136
0.989136
0.989136
0.989136
0.989136
0.989136
0.989136
0.989136
0.989136
0.989136
0.989136
0.989136
0.989136
0.989136
0.989136
0.989136
0.989143
0.989204
0.989265
0.989326
0.989388
0.989418
0.98951
0.989571
0.989632
0.989693
0.989754
0.989815
0.989876
0.989937
0.989998
0.990059
0.99012
0.990181
0.990273
0.990334
0.990395
0.990456
0.990517
0.990578
0.990639
0.9907
0.990761
0.990822
0.990883
0.990944
0.991005
0.991066
0.991066
0.991066
0.991066
0.991066
0.991066
0.991066
0.991066
