0
0
0
0
0
7.62941e-06
6.86647e-05
0.000236512
0.000648499
0.00147247
0.00288391
0.00505829
0.00817108
0.0123138
0.0176239
0.0242157
0.0321426
0.0414581
0.0580826
0.0709305
0.0851822
0.100807
0.117752
0.135971
0.165565
0.186714
0.208923
0.232117
0.256233
0.281204
0.306953
0.333397
0.360489
0.388153
0.416321
0.444962
0.473999
0.50338
0.562965
0.593063
0.623291
0.653603
0.699104
0.729393
0.744499
0.774612
0.804543
0.848969
0.878189
0.892662
0.935463
0.963448
0.990944
1.01788
1.04426
1.07003
1.09515
1.11961
1.14336
1.16638
1.18864
1.21011
1.23077
1.2506
1.26957
1.28767
1.3049
1.32122
1.34399
1.35801
1.37109
1.38324
1.39445
1.4047
1.41399
1.42236
1.43307
1.43616
1.44166
1.44812
1.45127
1.45351
1.45485
1.45531
1.4549
1.45364
1.45155
1.44865
1.44497
1.44051
1.43529
1.42935
1.42271
1.41541
1.40324
1.39435
1.38488
1.37486
1.36432
1.35325
1.34174
1.32979
1.31742
1.30468
1.2916
1.27819
1.2645
1.25055
1.23636
1.22195
1.20737
1.18523
1.17033
1.15535
1.1403
1.12523
1.11015
1.09509
1.08009
1.06518
1.04303
1.02845
1.01405
0.99984
0.985863
0.97213
0.958649
0.945457
0.932564
0.919991
0.901749
0.890015
0.878647
0.867653
0.857033
0.846809
0.83699
0.823059
0.814301
0.805984
0.798126
0.79071
0.783783
0.777283
0.771271
0.765747
0.760681
0.753952
0.750076
0.746674
0.743713
0.741241
0.739204
0.73764
0.736511
0.735832
0.735596
0.735786
0.736397
0.737427
0.738861
0.740692
0.744148
0.746918
0.750046
0.753517
0.757324
0.761444
0.765869
0.770584
0.775581
0.78083
0.786346
0.792084
0.798042
0.804207
0.810562
0.817101
0.823799
0.830643
0.837616
0.844711
0.851906
0.8592
0.866562
0.873985
0.881454
0.888962
0.900223
0.90773
0.915237
0.922745
0.930206
0.93763
0.944992
0.952278
0.959457
0.966537
0.973495
0.980331
0.990311
0.996773
1.00307
1.0092
1.0122
1.02093
1.02652
1.03193
1.03716
1.04218
1.04702
1.05166
1.0561
1.06035
1.0644
1.06824
1.07187
1.07693
1.08002
1.0829
1.08556
1.08798
1.09018
1.09215
1.09389
1.09538
1.09721
1.0977
1.09853
1.09911
1.09957
1.0996
1.09943
1.09904
1.09844
1.09765
1.09666
1.09547
1.09411
1.09257
1.08993
1.08897
1.08692
1.08356
1.08237
1.07859
1.07726
1.0731
1.07165
1.06715
1.06401
1.06079
1.05748
1.0541
1.05066
1.04716
1.04362
1.04005
1.03465
1.03104
1.02744
1.02384
1.02024
1.01664
1.01305
1.00951
1.00597
1.00249
0.999039
0.995621
0.990585
0.988937
0.984039
0.980835
0.977684
0.974586
0.971542
0.968559
0.96563
0.962769
0.959969
0.957237
0.953262
0.950706
0.948227
0.945816
0.943481
0.941238
0.939072
0.937004
0.93502
0.933136
0.931358
0.929688
0.928131
0.926682
0.925354
0.924133
0.923035
0.922058
0.921204
0.920471
0.919861
0.919357
0.918976
0.918716
0.918571
0.918541
0.918625
0.918823
0.919128
0.919533
0.920044
0.920662
0.921371
0.922615
0.923073
0.924065
0.925133
0.926292
0.928169
0.928841
0.930939
0.932419
0.933182
0.935562
0.936386
0.938065
0.940666
0.941551
0.94426
0.945175
0.947922
0.949799
0.951691
0.953583
0.955475
0.957352
0.959183
0.961014
0.962845
0.964638
0.966408
0.968163
0.969872
0.971565
0.973213
0.974831
0.976418
0.977959
0.979469
0.981651
0.982353
0.983742
0.985733
0.986374
0.987633
0.988853
0.990013
0.991684
0.992218
0.993752
0.994728
0.995186
0.996094
0.99736
0.997757
0.998894
0.99926
1.00027
1.00088
1.00145
1.00199
1.00248
1.00293
1.00336
1.00372
1.00406
1.00436
1.00462
1.00518
1.0053
1.00538
1.00544
1.00545
1.00545
1.00539
1.00533
1.00522
1.0051
1.00493
1.00475
1.00453
1.00429
1.00404
1.00373
1.00343
1.00291
1.00272
1.00236
1.00175
1.00132
1.00111
0.999931
0.999443
0.998955
0.998146
0.997871
0.997047
0.996773
0.995941
0.995636
0.995026
0.994415
0.993805
0.993195
0.992584
0.991669
0.991058
0.990448
0.989792
0.98912
0.988449
0.987778
0.987106
0.986435
0.985764
0.985092
0.984421
0.983749
0.982819
0.982513
0.981903
0.980988
0.980682
0.980072
0.979462
0.978851
0.977936
0.977333
0.977058
0.976509
0.975685
0.975136
0.974586
0.974045
0.973557
0.973068
0.97258
0.972092
0.971619
0.971191
0.970764
0.970337
0.96991
0.969543
0.969177
0.968811
0.968452
0.967995
0.967842
0.967537
0.967125
0.966881
0.966637
0.9664
0.966217
0.966034
0.965851
0.965691
0.965569
0.965446
0.965279
0.965218
0.965157
0.965096
0.965057
0.965057
0.965057
0.965057
0.965111
0.965172
0.965233
0.965294
0.965385
0.965508
0.96563
0.965752
0.965874
0.966034
0.966217
0.9664
0.966583
0.966858
0.966949
0.967186
0.967552
0.967796
0.96804
0.968285
0.968529
0.968773
0.969032
0.969337
0.969643
0.969948
0.970253
0.970558
0.970863
0.971169
0.971474
0.971779
0.972084
0.972389
0.972694
0.972847
0.973305
0.97361
0.973915
0.97422
0.974525
0.974678
0.975441
0.975746
0.976051
0.976204
0.976662
0.976967
0.977272
0.977425
0.977882
0.978142
0.978386
0.97863
0.978874
0.979118
0.979362
0.979607
0.979851
0.980095
0.980339
0.980583
0.98082
0.981003
0.981186
0.981369
0.981552
0.981735
0.981918
0.982193
0.982285
0.982559
0.982643
0.982826
0.982887
0.983009
0.983131
0.983253
0.983437
0.983559
0.983681
0.983803
0.983887
0.983948
0.984009
0.98407
0.984131
0.984192
0.984253
0.984314
0.984406
0.984436
0.984497
0.984528
0.984528
0.984528
0.984528
0.984528
0.984528
0.984528
0.984528
0.984528
0.984528
0.984528
0.984528
0.984528
0.984528
0.984512
0.984451
0.98439
0.984329
0.984268
0.984207
0.984116
0.984085
0.983994
0.983932
0.983902
0.983841
0.98378
0.983719
0.983627
0.983566
0.983536
0.983475
0.983383
0.983322
0.983292
0.9832
0.983139
0.983078
0.983017
0.982956
0.982895
0.982834
0.982773
0.982712
0.982651
0.98259
0.982529
0.982468
0.982407
0.982346
0.982285
0.982224
0.982162
0.982101
0.98204
0.981979
0.981918
0.981857
0.981796
0.981705
0.981644
0.981583
0.981522
0.981461
0.9814
0.981339
0.981277
0.981216
0.981178
0.981178
0.981178
0.981178
0.981178
0.981178
0.981178
0.981178
0.981178
0.981178
0.981178
0.981178
0.981178
0.981178
0.981178
0.981178
0.981178
0.981178
0.981178
0.981178
0.981178
0.981178
0.981178
0.981178
0.981178
0.981178
0.981178
0.981178
0.981178
0.981224
0.981285
0.981346
0.981438
0.981468
0.981529
0.98159
0.981651
0.981712
0.981773
0.981834
0.981895
0.981956
0.982048
0.982109
0.98214
0.982201
0.982262
0.982323
0.982414
0.982445
0.982536
0.982597
0.982658
0.982719
0.98278
0.982841
0.982903
0.982964
0.983025
0.983086
0.983116
0.983208
0.983269
0.98333
0.983391
0.983452
0.983513
0.983574
0.983635
0.983696
0.983757
0.983818
0.983879
0.98394
0.984001
0.984062
0.984154
0.984184
0.984276
0.984306
0.984367
0.984428
0.98452
0.984581
0.984642
0.984703
0.984764
0.984825
0.984886
0.984917
0.985008
0.985069
0.98513
0.985191
0.985252
0.985313
0.985374
0.985435
0.985497
0.985558
0.985619
0.98568
0.985741
0.985802
0.985893
0.985954
0.986015
0.986076
0.986137
0.986198
0.986259
0.98632
0.986382
0.986443
0.986534
0.986542
0.986542
0.986542
0.986542
0.986542
0.986542
0.986542
0.986542
0.986542
0.986542
0.986542
0.986542
0.986542
0.986542
0.986542
0.986542
0.986542
0.986542
0.986542
0.986542
0.986542
0.986542
0.986542
0.986542
0.986542
0.986542
0.986542
0.986542
0.986542
0.986542
0.986542
0.986542
0.986542
0.986542
0.986542
0.986542
0.986542
0.986542
0.986542
0.986542
0.986542
0.986542
0.986542
0.986542
0.986542
0.986542
0.986542
0.986542
0.986542
0.986542
0.986542
0.986542
0.986542
0.986542
0.986542
0.986542
0.986542
0.986542
0.986542
0.986542
0.986542
0.986542
0.986542
0.986542
0.986542
0.986542
0.986542
0.986542
0.986542
0.986542
0.986542
0.986542
0.986542
0.986542
0.986542
0.986542
0.986542
0.986542
0.986542
0.986542
0.986542
0.986542
0.986588
0.986618
0.98674
0.986801
0.986862
0.986923
0.986984
0.987045
0.987106
0.987167
0.987228
0.987289
0.98735
0.987411
0.987473
0.987534
0.987595
0.987656
0.987717
0.987778
0.987839
0.9879
0.987961
0.988022
0.988083
0.988083
0.988266
0.988327
0.988388
0.988449
0.98851
0.988571
0.988632
0.988693
0.988754
0.988815
0.988907
0.988968
0.988983
0.988983
0.988983
0.988983
0.988983
0.988983
0.988983
0.988983
0.988983
0.988983
0.988983
0.988983
0.988983
0.988983
0.988983
0.988983
0.988983
0.988983
0.988983
0.988983
0.988983
0.988983
0.988983
0.988983
0.988983
0.988983
0.988983
0.988983
0.988983
0.988983
0.988983
0.988983
0.988983
0.988983
0.988983
0.988983
0.988983
0.988983
0.988983
0.988983
0.988983
0.988983
0.988983
0.988983
0.988983
0.988983
0.988983
0.988983
0.988983
0.988983
0.988983
0.988983
0.988983
0.988983
0.988983
0.988983
0.988983
0.988983
0.988983
0.988983
0.988983
0.988983
0.988983
0.988983
0.988983
0.988983
0.988983
0.988983
0.988983
0.988983
0.988983
0.988983
0.988983
0.988983
0.988983
0.988991
0.989052
0.989113
0.989174
0.989235
0.989296
0.989357
0.989418
0.989479
0.98954
0.989601
0.989662
0.989723
0.989784
0.989845
0.989906
0.989967
0.990028
0.990089
0.99015
0.990211
0.990273
0.990334
0.990395
0.990456
0.990547
0.990578
0.990639
0.9907
0.990761
0.990852
0.990913
0.990936
0.990936
0.990936
0.990936
0.990936
0.990936
0.990936
0.990936
0.990936
0.990936
0.990936
0.990936
0.990936
0.990936
0.990936
0.990936
0.990936
