0
0
0
0
0
4.57765e-05
0.000137329
0.000411987
0.00100708
0.00210571
0.00388336
0.00650787
0.0101166
0.0148315
0.0207748
0.0280228
0.0366364
0.0521927
0.0580902
0.0778809
0.0928116
0.100784
0.126656
0.145454
0.165428
0.186523
0.208664
0.231789
0.255821
0.280716
0.306396
0.332809
0.359886
0.401627
0.415802
0.444519
0.488365
0.518028
0.547966
0.578125
0.608444
0.638863
0.669319
0.699768
0.730133
0.775429
0.790428
0.835045
0.864426
0.89344
0.922058
0.950226
0.977905
1.00507
1.03167
1.05768
1.08307
1.10781
1.13187
1.16662
1.17783
1.1997
1.23102
1.25089
1.26992
1.2881
1.3054
1.32182
1.33733
1.35191
1.36558
1.37827
1.39558
1.40589
1.41068
1.41959
1.43113
1.43764
1.44319
1.44781
1.45149
1.45425
1.45611
1.45706
1.45715
1.45636
1.45473
1.45227
1.44901
1.44263
1.43745
1.43153
1.42489
1.41757
1.4096
1.401
1.39179
1.38201
1.36633
1.35525
1.34368
1.33168
1.31927
1.30647
1.29331
1.27298
1.26605
1.25201
1.23774
1.21595
1.20122
1.18634
1.17886
1.1563
1.14875
1.12605
1.11091
1.09581
1.08077
1.06583
1.04361
1.02897
1.01451
1.00024
0.986198
0.972382
0.958832
0.945572
0.93261
0.919975
0.907669
0.895714
0.884117
0.867439
0.862076
0.846573
0.836746
0.827339
0.818359
0.809814
0.801727
0.794067
0.786888
0.780144
0.770943
0.76812
0.762787
0.757935
0.751572
0.74794
0.744736
0.74202
0.739792
0.737991
0.736671
0.735786
0.735344
0.735344
0.735771
0.736618
0.737885
0.73954
0.741592
0.744026
0.746834
0.749992
0.753494
0.757339
0.761505
0.765976
0.770744
0.775795
0.781105
0.786659
0.792458
0.798492
0.80793
0.814461
0.821167
0.828033
0.835045
0.842186
0.849442
0.860504
0.867973
0.875496
0.883064
0.890671
0.8983
0.90593
0.913521
0.921089
0.928596
0.93605
0.94342
0.950706
0.957893
0.968468
0.975365
0.982132
0.988754
0.998405
1.00464
1.0107
1.01659
1.02231
1.02784
1.03319
1.03835
1.04332
1.0481
1.05267
1.05705
1.06123
1.06522
1.07081
1.07427
1.07752
1.08055
1.08336
1.08595
1.08831
1.09045
1.09321
1.09476
1.09608
1.09718
1.09803
1.09867
1.09908
1.09927
1.09924
1.09899
1.09853
1.09788
1.09651
1.09537
1.09403
1.09251
1.09082
1.08896
1.08694
1.08476
1.08244
1.07999
1.07739
1.07468
1.07327
1.06889
1.06427
1.06268
1.05945
1.05614
1.05276
1.04758
1.04408
1.04054
1.037
1.0334
1.0298
1.0262
1.0226
1.01905
1.01551
1.01023
1.00849
1.00502
0.999893
0.996536
0.99321
0.991562
0.986687
0.983505
0.98037
0.977287
0.974251
0.971275
0.968353
0.965492
0.962692
0.959961
0.957291
0.954689
0.952156
0.949692
0.947304
0.945
0.942772
0.94062
0.93856
0.936577
0.934692
0.932892
0.931198
0.928848
0.927414
0.926094
0.924889
0.92379
0.922813
0.921959
0.921227
0.920601
0.919891
0.919571
0.919365
0.919273
0.919304
0.919548
0.919685
0.920036
0.920494
0.921364
0.922066
0.922867
0.923759
0.924744
0.925812
0.926956
0.928177
0.929474
0.93084
0.932274
0.933769
0.936111
0.93692
0.939415
0.941124
0.942871
0.944641
0.946411
0.948235
0.950066
0.951897
0.953728
0.955559
0.958275
0.960045
0.961815
0.963585
0.963585
0.966148
0.968681
0.970329
0.971947
0.973534
0.975838
0.976601
0.978798
0.980209
0.980911
0.982941
0.984238
0.985504
0.986725
0.9879
0.989037
0.990135
0.99118
0.992188
0.993622
0.99453
0.995384
0.996201
0.996979
0.998398
0.998734
0.999664
1.00023
1.00076
1.00125
1.00169
1.00211
1.00248
1.00282
1.00312
1.00337
1.00361
1.00379
1.00401
1.00407
1.00417
1.00423
1.00425
1.00424
1.00418
1.00415
1.004
1.00388
1.00371
1.00362
1.00332
1.00307
1.00283
1.00253
1.00223
1.00192
1.00156
1.00119
1.00082
1.0004
0.999977
0.99955
0.999115
0.998871
0.998138
0.99765
0.997162
0.996628
0.996078
0.995529
0.994705
0.994156
0.993607
0.992996
0.992386
0.991776
0.99147
0.990555
0.989944
0.989334
0.988724
0.988113
0.987503
0.986893
0.986282
0.985672
0.985062
0.984451
0.983841
0.983231
0.98262
0.98201
0.9814
0.980789
0.979874
0.979584
0.979034
0.97821
0.977936
0.977386
0.976837
0.976013
0.975487
0.974998
0.97451
0.974022
0.973534
0.973045
0.97261
0.972183
0.971756
0.971329
0.970917
0.970551
0.970184
0.969818
0.969452
0.969147
0.968842
0.968384
0.968231
0.967979
0.967613
0.967491
0.967247
0.967064
0.966881
0.966606
0.966461
0.966339
0.966217
0.966095
0.965988
0.965927
0.965866
0.96582
0.96582
0.96582
0.96582
0.965851
0.965881
0.965973
0.966003
0.966064
0.966148
0.966331
0.966454
0.966576
0.966698
0.966858
0.967041
0.967224
0.967407
0.96759
0.967773
0.967964
0.968208
0.968452
0.968697
0.968941
0.969185
0.969429
0.969795
0.970039
0.970284
0.970566
0.970871
0.971176
0.971481
0.971786
0.972092
0.972397
0.972702
0.973007
0.973312
0.97377
0.973923
0.97438
0.974533
0.974991
0.975296
0.975601
0.975906
0.976212
0.976517
0.976822
0.977127
0.977379
0.977623
0.977867
0.978111
0.978355
0.978722
0.978844
0.97921
0.979454
0.979698
0.979942
0.980186
0.980309
0.980705
0.980797
0.98098
0.981255
0.981438
0.981621
0.981804
0.981987
0.98217
0.982353
0.982491
0.982613
0.982735
0.982857
0.982979
0.983101
0.983284
0.983406
0.983528
0.98365
0.983727
0.983788
0.983849
0.98394
0.983971
0.984062
0.984123
0.984184
0.984245
0.984306
0.984367
0.984406
0.984406
0.984406
0.984406
0.984406
0.984406
0.984406
0.984406
0.984406
0.984406
0.984406
0.984406
0.984406
0.984406
0.984406
0.984406
0.984383
0.984322
0.984261
0.9842
0.984138
0.984077
0.984016
0.983955
0.983894
0.983833
0.983772
0.983711
0.98365
0.983559
0.983498
0.983437
0.983376
0.983315
0.983253
0.983192
0.983101
0.98304
0.983009
0.982918
0.982857
0.982796
0.982735
0.982674
0.982613
0.982552
0.982491
0.98243
0.982368
0.982307
0.982246
0.982185
0.982124
0.982063
0.982002
0.981941
0.98188
0.981819
0.981758
0.981667
0.981667
0.981575
0.981483
0.981422
0.981361
0.981354
0.981354
0.981354
0.981354
0.981354
0.981354
0.981354
0.981354
0.981354
0.981354
0.981354
0.981354
0.981354
0.981354
0.981354
0.981354
0.981354
0.981354
0.981354
0.981354
0.981354
0.981354
0.981354
0.981354
0.981354
0.981354
0.981354
0.981354
0.981354
0.981354
0.981384
0.981445
0.981506
0.981567
0.981628
0.98172
0.98175
0.981812
0.981873
0.981964
0.981995
0.982056
0.982117
0.982178
0.982269
0.98233
0.982391
0.982452
0.982513
0.982574
0.982635
0.982697
0.982758
0.982819
0.98288
0.982971
0.983002
0.983063
0.983154
0.983215
0.983276
0.983337
0.983398
0.983459
0.983521
0.983582
0.983643
0.983704
0.983765
0.983856
0.983917
0.983978
0.984039
0.9841
0.984161
0.984222
0.984283
0.984375
0.984406
0.984497
0.984528
0.984619
0.98468
0.984741
0.984802
0.984863
0.984924
0.984985
0.985046
0.985107
0.985168
0.985229
0.985291
0.985352
0.985413
0.985504
0.985565
0.985626
0.985687
0.985748
0.985809
0.985901
0.985962
0.986023
0.986084
0.986145
0.986206
0.986267
0.986328
0.986389
0.98645
0.986458
0.986458
0.986458
0.986458
0.986458
0.986458
0.986458
0.986458
0.986458
0.986458
0.986458
0.986458
0.986458
0.986458
0.986458
0.986458
0.986458
0.986458
0.986458
0.986458
0.986458
0.986458
0.986458
0.986458
0.986458
0.986458
0.986458
0.986458
0.986458
0.986458
0.986458
0.986458
0.986458
0.986458
0.986458
0.986458
0.986458
0.986458
0.986458
0.986458
0.986458
0.986458
0.986458
0.986458
0.986458
0.986458
0.986458
0.986458
0.986458
0.986458
0.986458
0.986458
0.986458
0.986458
0.986458
0.986458
0.986458
0.986458
0.986458
0.986458
0.986458
0.986458
0.986458
0.986458
0.986458
0.986458
0.986458
0.986458
0.986458
0.986458
0.986458
0.986458
0.986458
0.986458
0.986458
0.986458
0.986458
0.986458
0.986465
0.986526
0.986588
0.986649
0.98671
0.986771
0.986832
0.986893
0.986954
0.987015
0.987106
0.987167
0.987228
0.987289
0.98735
0.987411
0.987473
0.987534
0.987595
0.987656
0.987717
0.987778
0.987839
0.9879
0.987961
0.988022
0.988083
0.988144
0.988205
0.988266
0.988327
0.988388
0.988449
0.98851
0.988602
0.988632
0.988724
0.988754
0.988846
0.988892
0.988892
0.988892
0.988892
0.988892
0.988892
0.988892
0.988892
0.988892
0.988892
0.988892
0.988892
0.988892
0.988892
0.988892
0.988892
0.988892
0.988892
0.988892
0.988892
0.988892
0.988892
0.988892
0.988892
0.988892
0.988892
0.988892
0.988892
0.988892
0.988892
0.988892
0.988892
0.988892
0.988892
0.988892
0.988892
0.988892
0.988892
0.988892
0.988892
0.988892
0.988892
0.988892
0.988892
0.988892
0.988892
0.988892
0.988892
0.988892
0.988892
0.988892
0.988892
0.988892
0.988892
0.988892
0.988892
0.988892
0.988892
0.988892
0.988892
0.988892
0.988892
0.988892
0.988892
0.988892
0.988892
0.988892
0.988892
0.988892
0.988892
0.988892
0.988892
0.988892
0.988892
0.988892
0.988914
0.988976
0.989037
0.989098
0.989159
0.98925
0.989311
0.989372
0.989433
0.989494
0.989555
0.989616
0.989677
0.989738
0.989799
0.989861
0.989922
0.990013
0.990074
0.990135
0.990196
0.990257
0.990318
0.990379
0.99044
0.990501
0.990562
0.990623
0.990685
0.990776
0.990799
0.990799
0.990799
0.990799
0.990799
0.990799
0.990799
0.990799
0.990799
0.990799
0.990799
0.990799
0.990799
0.990799
0.990799
0.990799
0.990799
0.990799
0.990799
0.990799
0.990799
0.990799
0.990799
0.990799
0.990799
0.990799
0.990799
0.990799
0.990799
0.990799
