0
0
0
0
0
1.52588e-05
7.62941e-05
0.000411988
0.000656128
0.0014801
0.00388336
0.00507355
0.0101166
0.0148315
0.0176392
0.024231
0.0321579
0.0466537
0.0580978
0.0643387
0.0851898
0.0928268
0.117744
0.126694
0.145523
0.175964
0.197639
0.220345
0.244011
0.268578
0.293976
0.320129
0.346985
0.374474
0.402519
0.431053
0.460045
0.489418
0.519104
0.549042
0.579185
0.609474
0.639854
0.67025
0.700638
0.730949
0.776161
0.791145
0.82093
0.865089
0.879646
0.908478
0.950943
0.964874
0.99234
1.01926
1.05856
1.08398
1.09644
1.1328
1.15615
1.17875
1.20057
1.2216
1.24179
1.26114
1.27961
1.2972
1.31389
1.32965
1.34448
1.35839
1.37133
1.38334
1.39439
1.40446
1.41361
1.42553
1.42904
1.43533
1.44305
1.44704
1.45012
1.4523
1.45361
1.45393
1.45361
1.45235
1.45026
1.44737
1.44369
1.43924
1.43405
1.42813
1.42152
1.41424
1.4063
1.39774
1.38859
1.37887
1.3686
1.35783
1.34657
1.33485
1.32271
1.31017
1.29726
1.28402
1.27046
1.25663
1.24255
1.22102
1.21375
1.19909
1.1843
1.16941
1.14693
1.13943
1.11691
1.1094
1.08692
1.07203
1.05724
1.04257
1.02805
1.01371
0.999565
0.985641
0.971954
0.958527
0.945366
0.932503
0.919952
0.907715
0.895821
0.88427
0.873093
0.862289
0.851883
0.841881
0.832298
0.823135
0.814407
0.806137
0.798294
0.790924
0.783997
0.777557
0.771568
0.766045
0.761009
0.756439
0.752319
0.747055
0.744095
0.741623
0.739586
0.738014
0.736885
0.736015
0.735977
0.736359
0.73716
0.738373
0.739983
0.741982
0.744362
0.747108
0.750206
0.753654
0.757439
0.76371
0.768272
0.773125
0.778252
0.783646
0.789291
0.795166
0.801254
0.807549
0.814026
0.820686
0.827499
0.837982
0.845123
0.852364
0.856026
0.867119
0.874596
0.882103
0.885887
0.89724
0.904808
0.912376
0.919899
0.923653
0.93483
0.942192
0.949478
0.956673
0.963753
0.970718
0.977554
0.984253
0.990807
0.997208
1.00344
1.01249
1.01831
1.02116
1.02943
1.03472
1.0373
1.04476
1.0495
1.05405
1.0584
1.06255
1.06651
1.07025
1.07378
1.07711
1.08022
1.0831
1.08575
1.08819
1.09039
1.09236
1.0941
1.09627
1.09743
1.09836
1.09906
1.09954
1.0998
1.09984
1.09966
1.09927
1.09869
1.09789
1.09634
1.09572
1.09435
1.09197
1.09109
1.08821
1.08608
1.08381
1.08139
1.08013
1.07615
1.07334
1.07042
1.06739
1.06425
1.06104
1.06104
1.05434
1.0509
1.04741
1.04387
1.04029
1.03669
1.03309
1.02946
1.02579
1.02217
1.01857
1.01497
1.01138
1.00784
1.00256
1.00082
0.997375
0.993958
0.988937
0.987289
0.982407
0.980804
0.977638
0.974525
0.971474
0.967018
0.965553
0.961281
0.959885
0.955811
0.954483
0.951889
0.948128
0.946907
0.943382
0.941147
0.938988
0.93692
0.935921
0.933075
0.931305
0.929634
0.928078
0.926636
0.925308
0.924103
0.923004
0.922028
0.921173
0.92012
0.919571
0.919136
0.918961
0.918701
0.918526
0.918556
0.918701
0.918953
0.919312
0.919769
0.920662
0.921005
0.921768
0.922623
0.924072
0.925148
0.92572
0.927544
0.928856
0.930237
0.931679
0.933189
0.934753
0.936371
0.938034
0.939743
0.941483
0.943253
0.945023
0.947762
0.949593
0.951424
0.953255
0.955086
0.956917
0.95874
0.961395
0.963165
0.96492
0.966629
0.968338
0.969994
0.971642
0.973236
0.974815
0.976341
0.977837
0.980011
0.981415
0.982765
0.984085
0.984726
0.985985
0.987793
0.988953
0.990051
0.991119
0.992149
0.993126
0.994057
0.994957
0.995811
0.996613
0.997383
0.998116
0.998795
0.999741
1.00005
1.0006
1.00111
1.0016
1.00204
1.00262
1.00281
1.00313
1.00343
1.0038
1.00399
1.00408
1.00429
1.00435
1.00443
1.00449
1.00449
1.00447
1.00441
1.00433
1.00421
1.00409
1.00391
1.00372
1.00349
1.00325
1.003
1.00269
1.00239
1.00206
1.00169
1.00133
1.00095
1.00052
1.00009
0.999443
0.998955
0.998466
0.998222
0.99749
0.996948
0.996948
0.996124
0.994751
0.994194
0.993584
0.992973
0.992363
0.991753
0.991142
0.990532
0.989922
0.989311
0.988701
0.988091
0.98748
0.98687
0.986259
0.985649
0.985039
0.984428
0.983818
0.983208
0.982292
0.981682
0.981377
0.980461
0.979851
0.97924
0.97863
0.977798
0.977524
0.976974
0.976425
0.975601
0.975052
0.974548
0.97406
0.973572
0.973083
0.972595
0.972145
0.971718
0.971077
0.97065
0.970261
0.969894
0.969528
0.969162
0.968826
0.968369
0.968216
0.967766
0.967522
0.967278
0.967155
0.966805
0.966621
0.966438
0.966255
0.966103
0.965981
0.965797
0.965691
0.96566
0.965569
0.965508
0.965462
0.965462
0.965462
0.965462
0.965469
0.96553
0.965591
0.965652
0.965714
0.965813
0.965935
0.966057
0.966179
0.966301
0.966461
0.966644
0.966827
0.96701
0.967285
0.967468
0.967705
0.967949
0.968193
0.968559
0.968681
0.968925
0.969292
0.969414
0.969803
0.970108
0.970413
0.970718
0.970871
0.971329
0.971634
0.971939
0.972244
0.972549
0.972855
0.97316
0.973465
0.97377
0.974075
0.97438
0.974686
0.974991
0.975296
0.975601
0.975906
0.976212
0.976517
0.976822
0.977127
0.977432
0.977676
0.977921
0.978165
0.978409
0.978653
0.978897
0.979141
0.979385
0.97963
0.979874
0.980118
0.980362
0.980591
0.980774
0.980957
0.98114
0.981323
0.981506
0.981689
0.981873
0.982056
0.982239
0.982422
0.982567
0.982689
0.982811
0.982994
0.983055
0.983177
0.983299
0.983421
0.983604
0.983727
0.98381
0.983871
0.983932
0.983994
0.984055
0.984116
0.984177
0.984238
0.984329
0.98439
0.984451
0.984482
0.984482
0.984482
0.984482
0.984482
0.984482
0.984482
0.984482
0.984482
0.984482
0.984482
0.984482
0.984482
0.984482
0.984482
0.984467
0.984406
0.984344
0.984283
0.984222
0.984161
0.9841
0.984039
0.983978
0.983917
0.983856
0.983765
0.983734
0.983673
0.983582
0.983521
0.983459
0.983398
0.983337
0.983276
0.983215
0.983154
0.983093
0.983032
0.982971
0.98288
0.982819
0.982758
0.982697
0.982635
0.982574
0.982513
0.982452
0.982391
0.98233
0.982269
0.982208
0.982147
0.982086
0.982025
0.981964
0.981903
0.981842
0.981781
0.98172
0.981659
0.981598
0.981537
0.981476
0.981384
0.981323
0.98127
0.98127
0.98127
0.98127
0.98127
0.98127
0.98127
0.98127
0.98127
0.98127
0.98127
0.98127
0.98127
0.98127
0.98127
0.98127
0.98127
0.98127
0.98127
0.98127
0.98127
0.98127
0.98127
0.98127
0.98127
0.98127
0.98127
0.98127
0.98127
0.98127
0.981308
0.981369
0.981461
0.981522
0.981583
0.981644
0.981705
0.981766
0.981827
0.981888
0.981979
0.98204
0.982101
0.982162
0.982224
0.982285
0.982346
0.982407
0.982468
0.982529
0.98259
0.982651
0.982712
0.982773
0.982834
0.982895
0.982956
0.983017
0.983078
0.983139
0.9832
0.983261
0.983322
0.983383
0.983444
0.983505
0.983566
0.983658
0.983688
0.983749
0.98381
0.983871
0.983963
0.983994
0.984055
0.984116
0.984177
0.984268
0.984299
0.98436
0.984421
0.984482
0.984573
0.984634
0.984695
0.984756
0.984818
0.984879
0.98494
0.985001
0.985092
0.985153
0.985214
0.985275
0.985336
0.985397
0.985458
0.985519
0.98558
0.985672
0.985703
0.985794
0.985825
0.985886
0.985947
0.986038
0.986099
0.98616
0.986221
0.986282
0.986343
0.986404
0.986465
0.986526
0.986557
0.986557
0.986557
0.986557
0.986557
0.986557
0.986557
0.986557
0.986557
0.986557
0.986557
0.986557
0.986557
0.986557
0.986557
0.986557
0.986557
0.986557
0.986557
0.986557
0.986557
0.986557
0.986557
0.986557
0.986557
0.986557
0.986557
0.986557
0.986557
0.986557
0.986557
0.986557
0.986557
0.986557
0.986557
0.986557
0.986557
0.986557
0.986557
0.986557
0.986557
0.986557
0.986557
0.986557
0.986557
0.986557
0.986557
0.986557
0.986557
0.986557
0.986557
0.986557
0.986557
0.986557
0.986557
0.986557
0.986557
0.986557
0.986557
0.986557
0.986557
0.986557
0.986557
0.986557
0.986557
0.986557
0.986557
0.986557
0.986557
0.986557
0.986557
0.986557
0.986557
0.986557
0.986557
0.986557
0.986557
0.986557
0.986557
0.986557
0.986557
0.986557
0.986557
0.986572
0.986633
0.986694
0.986755
0.986816
0.986877
0.986938
0.987
0.987061
0.987122
0.987183
0.987244
0.987305
0.987366
0.987427
0.987488
0.987549
0.98761
0.987671
0.987762
0.987793
0.987854
0.987915
0.987976
0.988037
0.988129
0.988159
0.98822
0.988312
0.988342
0.988434
0.988495
0.988525
0.988586
0.988678
0.988739
0.9888
0.988861
0.988892
0.988983
0.989037
0.989037
0.989037
0.989037
0.989037
0.989037
0.989037
0.989037
0.989037
0.989037
0.989037
0.989037
0.989037
0.989037
0.989037
0.989037
0.989037
0.989037
0.989037
0.989037
0.989037
0.989037
0.989037
0.989037
0.989037
0.989037
0.989037
0.989037
0.989037
0.989037
0.989037
0.989037
0.989037
0.989037
0.989037
0.989037
0.989037
0.989037
0.989037
0.989037
0.989037
0.989037
0.989037
0.989037
0.989037
0.989037
0.989037
0.989037
0.989037
0.989037
0.989037
0.989037
0.989037
0.989037
0.989037
0.989037
0.989037
0.989037
0.989037
0.989037
0.989037
0.989037
0.989037
0.989037
0.989037
0.989037
0.989037
0.989037
0.989037
0.989037
0.989037
0.989037
0.989037
0.989037
0.989037
0.989037
0.989037
0.989044
0.989105
0.989166
0.989227
0.989288
0.989349
0.98941
0.989471
0.989532
0.989624
0.989685
0.989746
0.989807
0.989868
0.989929
0.98999
0.990051
0.990112
0.990173
0.990234
0.990295
0.990356
0.990417
0.990479
0.99057
0.990601
0.990662
0.990723
0.990784
0.990875
0.990906
0.990997
0.990997
0.990997
0.990997
0.990997
0.990997
0.990997
0.990997
0.990997
0.990997
