0
0
0
0
7.62941e-06
3.81458e-05
0.000236511
0.000648497
0.00147247
0.00289154
0.00506592
0.00817871
0.0123215
0.0176315
0.0242233
0.0321503
0.0414658
0.0521774
0.0643082
0.0778503
0.0927658
0.109024
0.126564
0.145355
0.165321
0.186409
0.220001
0.243614
0.26812
0.293457
0.319557
0.346367
0.37381
0.40181
0.430313
0.459244
0.488541
0.518143
0.547989
0.578026
0.608192
0.638428
0.668701
0.698921
0.72905
0.759048
0.803673
0.833107
0.862236
0.891006
0.91938
0.947304
0.974739
1.00167
1.02804
1.06646
1.07895
1.10342
1.13885
1.16155
1.18352
1.20471
1.22511
1.24468
1.26342
1.2813
1.29829
1.31439
1.32959
1.33685
1.35722
1.36964
1.38111
1.39165
1.40123
1.40989
1.41759
1.42437
1.43023
1.43517
1.43919
1.44231
1.44453
1.44588
1.44636
1.44599
1.44478
1.44276
1.43993
1.43634
1.43198
1.42688
1.42108
1.4146
1.40744
1.39965
1.39124
1.38226
1.37271
1.36263
1.35204
1.34097
1.32948
1.31756
1.30525
1.28613
1.27959
1.25955
1.25273
1.23195
1.21784
1.20357
1.18915
1.17463
1.16003
1.14539
1.13074
1.11609
1.10146
1.08691
1.07243
1.05807
1.04386
1.02982
1.01595
1.00229
0.988853
0.975639
0.9627
0.943771
0.931503
0.919525
0.907852
0.8965
0.88549
0.874825
0.864525
0.854607
0.845085
0.831558
0.823067
0.815002
0.807373
0.800186
0.793442
0.787148
0.781319
0.775925
0.771011
0.766541
0.762543
0.75898
0.75589
0.753235
0.75103
0.749268
0.74794
0.74675
0.746483
0.746498
0.747169
0.748108
0.749443
0.751152
0.753227
0.755661
0.758446
0.761566
0.765007
0.768768
0.772827
0.777176
0.781799
0.786682
0.791809
0.79718
0.802765
0.808556
0.817604
0.820709
0.827042
0.836807
0.840126
0.850266
0.853699
0.86412
0.871162
0.874702
0.881828
0.892563
0.899765
0.906967
0.914139
0.92128
0.928383
0.93544
0.942429
0.949341
0.956154
0.962868
0.96946
0.975929
0.982262
0.988449
0.994484
1.00037
1.0061
1.01164
1.01702
1.02224
1.02728
1.03215
1.03684
1.04136
1.0457
1.04986
1.05384
1.05764
1.06126
1.06469
1.06792
1.07096
1.07381
1.07645
1.07887
1.08109
1.0831
1.08489
1.08647
1.08784
1.08899
1.08993
1.09094
1.09135
1.09156
1.09157
1.09137
1.09098
1.09039
1.08962
1.08813
1.08692
1.08554
1.08399
1.08229
1.08044
1.07844
1.0763
1.07403
1.07163
1.06911
1.06649
1.06377
1.06094
1.05803
1.05504
1.05198
1.04886
1.04568
1.04246
1.03922
1.03592
1.03262
1.02933
1.02603
1.02274
1.01779
1.0145
1.0112
1.00797
1.00473
1.00153
0.999947
0.995239
0.992142
0.98909
0.984589
0.983116
0.980194
0.977325
0.97451
0.970367
0.967682
0.96505
0.962479
0.959961
0.958725
0.955116
0.952789
0.950539
0.947289
0.946243
0.944206
0.942238
0.939445
0.937691
0.936836
0.934425
0.93293
0.931534
0.930229
0.929039
0.927948
0.926964
0.926079
0.924973
0.92466
0.92411
0.923668
0.92334
0.923058
0.923019
0.923019
0.92321
0.923477
0.923836
0.924049
0.92485
0.925491
0.926224
0.927048
0.927948
0.92894
0.93
0.931129
0.932327
0.933594
0.934921
0.936302
0.937737
0.939201
0.940727
0.942261
0.943848
0.945435
0.947029
0.948677
0.950325
0.951973
0.953621
0.955269
0.956917
0.958565
0.960152
0.961739
0.963326
0.964119
0.966431
0.968719
0.970192
0.971657
0.973083
0.974487
0.975853
0.977196
0.9785
0.979782
0.98101
0.982216
0.983376
0.984497
0.985596
0.986633
0.987648
0.988625
0.989555
0.990883
0.99131
0.992523
0.993279
0.994011
0.994682
0.995331
0.995941
0.996506
0.997047
0.997536
0.997993
0.998421
0.998802
0.999168
0.999474
0.999763
1.00001
1.00023
1.00041
1.00056
1.00069
1.00079
1.00085
1.00089
1.00089
1.00088
1.00082
1.00076
1.00065
1.00053
1.00039
1.00021
1.00002
0.999809
0.999565
0.999321
0.999039
0.998734
0.998428
0.998108
0.997742
0.997375
0.997009
0.996613
0.996185
0.995758
0.995331
0.994904
0.994431
0.993942
0.993454
0.992966
0.992477
0.991989
0.991203
0.990929
0.990379
0.989555
0.989006
0.988457
0.987907
0.987358
0.986809
0.986259
0.98571
0.985161
0.984612
0.984062
0.983513
0.982964
0.982414
0.981865
0.981316
0.980766
0.980217
0.979668
0.979118
0.978592
0.978104
0.977615
0.977127
0.976639
0.976151
0.975662
0.975174
0.974747
0.974319
0.973892
0.973465
0.973038
0.972626
0.97226
0.971893
0.971527
0.971161
0.970818
0.970512
0.97036
0.969749
0.969597
0.969337
0.968971
0.968849
0.968483
0.968384
0.968201
0.968018
0.967834
0.967598
0.967476
0.967354
0.967293
0.967171
0.967064
0.967003
0.966972
0.966911
0.966873
0.966873
0.966873
0.966873
0.966881
0.966942
0.967003
0.967064
0.967125
0.967186
0.9673
0.967422
0.967545
0.967667
0.967789
0.967911
0.968086
0.968269
0.968452
0.968636
0.968819
0.969002
0.969185
0.969368
0.969604
0.969849
0.970093
0.970337
0.970581
0.970825
0.971069
0.971313
0.971558
0.971802
0.972168
0.972412
0.972656
0.9729
0.973145
0.973389
0.973633
0.973877
0.974121
0.974365
0.974609
0.974854
0.975098
0.975342
0.975586
0.97583
0.976074
0.976318
0.976562
0.976807
0.977051
0.977417
0.977539
0.977783
0.978027
0.978394
0.978638
0.97876
0.979004
0.979248
0.979492
0.979767
0.979858
0.980133
0.980316
0.980499
0.980682
0.980865
0.981049
0.981232
0.981415
0.981689
0.981773
0.981956
0.982079
0.982201
0.982323
0.982445
0.982628
0.98275
0.982872
0.982994
0.983116
0.983215
0.983276
0.983337
0.983398
0.983459
0.983521
0.983582
0.983643
0.983704
0.983795
0.983826
0.983887
0.983978
0.984001
0.984001
0.984001
0.984001
0.984001
0.984001
0.984001
0.984001
0.984001
0.984001
0.984001
0.984001
0.984001
0.984001
0.984001
0.984001
0.984001
0.984001
0.984001
0.984001
0.983963
0.983902
0.983841
0.983749
0.983688
0.983627
0.983566
0.983505
0.983444
0.983383
0.983322
0.983261
0.9832
0.983139
0.983078
0.983017
0.982956
0.982895
0.982834
0.982742
0.982712
0.982651
0.98259
0.982498
0.982468
0.982407
0.982346
0.982285
0.982193
0.982132
0.982101
0.98201
0.981949
0.981888
0.981827
0.981766
0.981705
0.981644
0.981583
0.981552
0.981552
0.981552
0.981552
0.981552
0.981552
0.981552
0.981552
0.981552
0.981552
0.981552
0.981552
0.981552
0.981552
0.981552
0.981552
0.981552
0.981552
0.981552
0.981552
0.981552
0.981552
0.981552
0.981552
0.981552
0.981552
0.981552
0.981552
0.981552
0.981552
0.981552
0.981552
0.981552
0.981552
0.98159
0.981651
0.981712
0.981773
0.981834
0.981895
0.981987
0.982048
0.982109
0.98217
0.982231
0.982292
0.982353
0.982414
0.982475
0.982536
0.982597
0.982689
0.982719
0.98278
0.982841
0.982933
0.982994
0.983055
0.983116
0.983177
0.983238
0.983299
0.98336
0.983421
0.983482
0.983574
0.983635
0.983696
0.983757
0.983818
0.983879
0.98394
0.984001
0.984093
0.984123
0.984215
0.984245
0.984306
0.984367
0.984428
0.98452
0.984581
0.984642
0.984703
0.984764
0.984825
0.984886
0.984947
0.985008
0.9851
0.985161
0.985222
0.985283
0.985344
0.985405
0.985466
0.985527
0.985588
0.985649
0.98571
0.985771
0.985832
0.985893
0.985954
0.986015
0.986076
0.986137
0.986198
0.986259
0.98629
0.98629
0.98629
0.98629
0.98629
0.98629
0.98629
0.98629
0.98629
0.98629
0.98629
0.98629
0.98629
0.98629
0.98629
0.98629
0.98629
0.98629
0.98629
0.98629
0.98629
0.98629
0.98629
0.98629
0.98629
0.98629
0.98629
0.98629
0.98629
0.98629
0.98629
0.98629
0.98629
0.98629
0.98629
0.98629
0.98629
0.98629
0.98629
0.98629
0.98629
0.98629
0.98629
0.98629
0.98629
0.98629
0.98629
0.98629
0.98629
0.98629
0.98629
0.98629
0.98629
0.98629
0.98629
0.98629
0.98629
0.98629
0.98629
0.98629
0.98629
0.98629
0.98629
0.98629
0.98629
0.98629
0.98629
0.98629
0.98629
0.98629
0.98629
0.98629
0.98629
0.98629
0.98629
0.98629
0.986313
0.986404
0.986465
0.986526
0.986588
0.986649
0.98671
0.986771
0.986832
0.986893
0.986954
0.987015
0.987076
0.987137
0.987198
0.987289
0.98735
0.987411
0.987473
0.987534
0.987595
0.987656
0.987717
0.987778
0.987839
0.9879
0.987961
0.988022
0.988083
0.988144
0.988235
0.988297
0.988358
0.988419
0.98848
0.988541
0.988602
0.988663
0.988693
0.988693
0.988693
0.988693
0.988693
0.988693
0.988693
0.988693
0.988693
0.988693
0.988693
0.988693
0.988693
0.988693
0.988693
0.988693
0.988693
0.988693
0.988693
0.988693
0.988693
0.988693
0.988693
0.988693
0.988693
0.988693
0.988693
0.988693
0.988693
0.988693
0.988693
0.988693
0.988693
0.988693
0.988693
0.988693
0.988693
0.988693
0.988693
0.988693
0.988693
0.988693
0.988693
0.988693
0.988693
0.988693
0.988693
0.988693
0.988693
0.988693
0.988693
0.988693
0.988693
0.988693
0.988693
0.988693
0.988693
0.988693
0.988693
0.988693
0.988693
0.988693
0.988693
0.988693
0.988693
0.988693
0.988693
0.988693
0.988693
0.988693
0.988693
0.988693
0.988731
0.988792
0.988853
0.988914
0.988976
0.989037
0.989098
0.989159
0.98922
0.989281
0.989342
0.989403
0.989464
0.989525
0.989616
0.989647
0.989708
0.989769
0.98983
0.989922
0.989983
0.990013
0.990105
0.990135
0.990196
0.990288
0.990318
0.99041
0.990471
0.990532
0.990562
0.990608
0.990608
0.990608
0.990608
0.990608
0.990608
0.990608
0.990608
0.990608
0.990608
0.990608
0.990608
0.990608
0.990608
0.990608
0.990608
0.990608
0.990608
0.990608
0.990608
0.990608
0.990608
0.990608
0.990608
0.990608
0.990608
0.990608
0.990608
0.990608
0.990608
0.990608
