0
0
0
0
0
4.57765e-05
0.000137329
0.000411988
0.00100708
0.00210571
0.00388336
0.00650787
0.0101166
0.0148315
0.0207748
0.0280228
0.0366364
0.0466537
0.0580978
0.0709457
0.0851822
0.100792
0.117722
0.13591
0.155312
0.175865
0.197502
0.220146
0.243752
0.268242
0.293549
0.332901
0.346352
0.373711
0.401634
0.430046
0.473457
0.488106
0.517632
0.547401
0.577362
0.622536
0.637634
0.68293
0.713058
0.74308
0.772949
0.802605
0.831993
0.861069
0.889778
0.918068
0.94593
0.973267
1.00006
1.02628
1.05188
1.07684
1.10113
1.12472
1.14758
1.16969
1.19103
1.21157
1.23129
1.2502
1.26825
1.28545
1.30177
1.31722
1.33179
1.34545
1.35822
1.37009
1.38103
1.39108
1.4002
1.40841
1.41571
1.4221
1.42999
1.43217
1.43587
1.43869
1.44064
1.44195
1.44196
1.44136
1.43894
1.43633
1.43295
1.42882
1.42394
1.41837
1.41209
1.40516
1.39758
1.3894
1.38062
1.37128
1.36142
1.35103
1.34019
1.32889
1.31716
1.30505
1.29256
1.27975
1.26663
1.25323
1.23959
1.22574
1.21169
1.19748
1.18314
1.16869
1.14689
1.1323
1.11771
1.10313
1.09585
1.07411
1.05974
1.04549
1.0314
1.01749
1.00377
0.990265
0.976997
0.963997
0.951263
0.93882
0.926674
0.914856
0.903358
0.892212
0.881424
0.87101
0.860977
0.85611
0.84211
0.833298
0.824898
0.816933
0.809395
0.802292
0.795639
0.789444
0.783676
0.778374
0.773521
0.769119
0.765182
0.761673
0.758629
0.75489
0.752953
0.75145
0.750374
0.749718
0.749474
0.749641
0.750198
0.75116
0.753311
0.754211
0.757462
0.760063
0.763016
0.766289
0.769867
0.773758
0.777931
0.782387
0.787102
0.794655
0.799973
0.805511
0.811264
0.8172
0.823311
0.82959
0.836021
0.845909
0.852646
0.859482
0.866402
0.87339
0.880432
0.887512
0.894638
0.901779
0.90892
0.916061
0.923157
0.930237
0.937256
0.947685
0.954552
0.957947
0.967995
0.974556
0.980995
0.987297
0.993462
0.999474
1.00533
1.01379
1.01923
1.02451
1.0296
1.03452
1.03926
1.04382
1.0482
1.0524
1.05835
1.06024
1.06388
1.06897
1.07212
1.07507
1.07781
1.08035
1.08266
1.08477
1.08751
1.08907
1.09039
1.09151
1.09239
1.09306
1.09352
1.09377
1.09381
1.09364
1.09327
1.0927
1.09194
1.091
1.08987
1.08855
1.08708
1.08544
1.08364
1.08066
1.07959
1.07735
1.07497
1.07247
1.0685
1.06571
1.06428
1.06134
1.05678
1.05364
1.05044
1.04882
1.04388
1.04053
1.03718
1.03378
1.03036
1.02695
1.02353
1.02011
1.01672
1.01336
1.01
1.00668
1.00339
1.00013
0.996895
0.993721
0.990578
0.987473
0.984421
0.981415
0.978455
0.97554
0.972679
0.969872
0.967125
0.964432
0.9618
0.959229
0.956718
0.954269
0.951897
0.948463
0.946259
0.94519
0.9431
0.941086
0.939156
0.936417
0.9347
0.933876
0.932312
0.93084
0.928818
0.927605
0.926498
0.925499
0.924614
0.924614
0.923187
0.922638
0.922203
0.921883
0.921669
0.921577
0.921593
0.921715
0.922089
0.922264
0.922951
0.923531
0.924202
0.924965
0.925812
0.92675
0.927765
0.928864
0.930038
0.931923
0.933266
0.934669
0.936134
0.937645
0.939201
0.940788
0.942421
0.944893
0.945717
0.947426
0.949135
0.951698
0.953407
0.954262
0.956825
0.958534
0.960182
0.96183
0.963478
0.965103
0.96669
0.968277
0.969818
0.971344
0.972832
0.974297
0.975716
0.977119
0.97847
0.979805
0.981087
0.982338
0.983559
0.984726
0.985863
0.986961
0.988007
0.989029
0.990005
0.990936
0.991837
0.993103
0.993896
0.994286
0.995018
0.995712
0.996376
0.997292
0.997841
0.998367
0.998856
0.999298
0.999718
1.00008
1.00043
1.00073
1.001
1.00124
1.00143
1.00162
1.00174
1.00186
1.00192
1.00195
1.00198
1.00198
1.00196
1.00187
1.00178
1.00166
1.00153
1.00134
1.00116
1.00095
1.0007
1.00046
1.00017
0.999863
0.999557
0.999214
0.998848
0.998482
0.998108
0.997681
0.997253
0.996826
0.996399
0.995918
0.99543
0.994942
0.994453
0.993965
0.993454
0.992905
0.992355
0.991806
0.991257
0.990707
0.989883
0.989334
0.989059
0.988235
0.987671
0.987061
0.98645
0.98584
0.985229
0.984619
0.984009
0.983414
0.983139
0.98259
0.981766
0.981216
0.980667
0.980118
0.979568
0.979019
0.97847
0.977921
0.977371
0.976875
0.976387
0.975899
0.97541
0.974922
0.974434
0.973976
0.973549
0.973122
0.972694
0.972267
0.971863
0.971497
0.97113
0.970764
0.970398
0.97007
0.969612
0.969307
0.969002
0.96875
0.968506
0.968262
0.968018
0.967812
0.967537
0.967354
0.967171
0.967049
0.966927
0.966805
0.966682
0.966614
0.966553
0.966461
0.966408
0.966408
0.966408
0.966408
0.966408
0.966476
0.966537
0.966599
0.96666
0.966728
0.96685
0.966972
0.967094
0.967216
0.967339
0.967583
0.967766
0.967949
0.968132
0.968315
0.968498
0.968681
0.96891
0.969154
0.969398
0.969643
0.970009
0.970253
0.970497
0.970741
0.970985
0.97123
0.971474
0.97184
0.972084
0.972359
0.972664
0.972969
0.973274
0.973579
0.973885
0.97419
0.974648
0.974953
0.975258
0.975563
0.975807
0.976051
0.976418
0.976662
0.976906
0.97715
0.977394
0.977638
0.977882
0.978127
0.978493
0.978737
0.978981
0.979225
0.979469
0.979713
0.979919
0.980103
0.980377
0.980469
0.980652
0.980927
0.981018
0.981201
0.981476
0.981659
0.981842
0.982002
0.982124
0.982246
0.982368
0.982491
0.982613
0.982735
0.982857
0.982979
0.983162
0.983284
0.983368
0.983429
0.98349
0.983551
0.983612
0.983673
0.983765
0.983826
0.983887
0.983948
0.984009
0.98407
0.984108
0.984108
0.984108
0.984108
0.984108
0.984108
0.984108
0.984108
0.984108
0.984108
0.984108
0.984108
0.984108
0.984108
0.984108
0.984108
0.984108
0.984108
0.984055
0.983994
0.983932
0.983871
0.98381
0.983749
0.983688
0.983627
0.983566
0.983505
0.983444
0.983383
0.983322
0.983261
0.9832
0.983139
0.983109
0.983017
0.982956
0.982895
0.982834
0.982773
0.982712
0.98262
0.98259
0.982529
0.982468
0.982407
0.982346
0.982285
0.982193
0.982132
0.982101
0.98204
0.981949
0.981888
0.981827
0.981766
0.981705
0.981644
0.981583
0.981522
0.981461
0.981415
0.981415
0.981415
0.981415
0.981415
0.981415
0.981415
0.981415
0.981415
0.981415
0.981415
0.981415
0.981415
0.981415
0.981415
0.981415
0.981415
0.981415
0.981415
0.981415
0.981415
0.981415
0.981415
0.981415
0.981415
0.981415
0.981415
0.981415
0.981415
0.981415
0.981415
0.981415
0.981415
0.981415
0.981476
0.981537
0.981598
0.981689
0.98172
0.981781
0.981842
0.981903
0.981964
0.982056
0.982086
0.982147
0.982208
0.982269
0.982361
0.982391
0.982483
0.982544
0.982605
0.982666
0.982727
0.982788
0.982849
0.98291
0.982971
0.983032
0.983093
0.983154
0.983215
0.983276
0.983337
0.983398
0.983459
0.983521
0.983582
0.983643
0.983704
0.983765
0.983826
0.983887
0.983948
0.984009
0.98407
0.984131
0.984192
0.984253
0.984314
0.984375
0.984436
0.984497
0.984558
0.984619
0.98468
0.984741
0.984802
0.984863
0.984924
0.984985
0.985046
0.985107
0.985168
0.98526
0.985321
0.985382
0.985443
0.985504
0.985565
0.985626
0.985687
0.985748
0.985809
0.985901
0.985931
0.986023
0.986084
0.986145
0.986206
0.986298
0.986343
0.986343
0.986343
0.986343
0.986343
0.986343
0.986343
0.986343
0.986343
0.986343
0.986343
0.986343
0.986343
0.986343
0.986343
0.986343
0.986343
0.986343
0.986343
0.986343
0.986343
0.986343
0.986343
0.986343
0.986343
0.986343
0.986343
0.986343
0.986343
0.986343
0.986343
0.986343
0.986343
0.986343
0.986343
0.986343
0.986343
0.986343
0.986343
0.986343
0.986343
0.986343
0.986343
0.986343
0.986343
0.986343
0.986343
0.986343
0.986343
0.986343
0.986343
0.986343
0.986343
0.986343
0.986343
0.986343
0.986343
0.986343
0.986343
0.986343
0.986343
0.986343
0.986343
0.986343
0.986343
0.986343
0.986343
0.986343
0.986343
0.986343
0.986343
0.986343
0.986343
0.986343
0.986343
0.986343
0.986343
0.986343
0.986359
0.98642
0.986511
0.986542
0.986603
0.986694
0.986725
0.986786
0.986847
0.986938
0.986969
0.98703
0.987122
0.987183
0.987244
0.987305
0.987366
0.987427
0.987488
0.987549
0.98761
0.987671
0.987732
0.987793
0.987854
0.987915
0.987976
0.988037
0.988098
0.988159
0.98822
0.988312
0.988342
0.988403
0.988464
0.988525
0.988617
0.988647
0.988739
0.98877
0.98877
0.98877
0.98877
0.98877
0.98877
0.98877
0.98877
0.98877
0.98877
0.98877
0.98877
0.98877
0.98877
0.98877
0.98877
0.98877
0.98877
0.98877
0.98877
0.98877
0.98877
0.98877
0.98877
0.98877
0.98877
0.98877
0.98877
0.98877
0.98877
0.98877
0.98877
0.98877
0.98877
0.98877
0.98877
0.98877
0.98877
0.98877
0.98877
0.98877
0.98877
0.98877
0.98877
0.98877
0.98877
0.98877
0.98877
0.98877
0.98877
0.98877
0.98877
0.98877
0.98877
0.98877
0.98877
0.98877
0.98877
0.98877
0.98877
0.98877
0.98877
0.98877
0.98877
0.98877
0.98877
0.98877
0.98877
0.98877
0.98877
0.98877
0.98877
0.98877
0.98877
0.98877
0.988831
0.988892
0.988953
0.989014
0.989075
0.989136
0.989197
0.989258
0.989319
0.98938
0.989441
0.989502
0.989594
0.989655
0.989685
0.989746
0.989838
0.989899
0.98996
0.990021
0.990082
0.990143
0.990204
0.990265
0.990326
0.990387
0.990448
0.990509
0.99057
0.990631
0.990669
0.990669
0.990669
0.990669
0.990669
0.990669
0.990669
0.990669
0.990669
0.990669
0.990669
0.990669
0.990669
0.990669
0.990669
0.990669
0.990669
0.990669
0.990669
0.990669
0.990669
0.990669
0.990669
0.990669
0.990669
0.990669
0.990669
