0
0
0
0
0
0
0
0
0
0
6.10353e-05
0.000205994
0.000564575
0.00132752
0.00261688
0.00462341
0.00750732
0.0114212
0.0164642
0.0227585
0.030365
0.0393372
0.0497131
0.0614929
0.0746765
0.089241
0.105148
0.12236
0.140823
0.160477
0.181259
0.20311
0.225937
0.249725
0.274384
0.299843
0.339394
0.352905
0.380379
0.408401
0.436905
0.465828
0.495102
0.524673
0.554482
0.584457
0.629646
0.644745
0.674957
0.705109
0.750145
0.779976
0.794807
0.838921
0.853477
0.896614
0.924866
0.952667
0.97998
1.00674
1.03292
1.05849
1.08341
1.10765
1.13118
1.15395
1.17595
1.19715
1.21753
1.23706
1.25574
1.27354
1.29046
1.30647
1.32157
1.33575
1.34899
1.36132
1.3727
1.38314
1.39705
1.40122
1.40885
1.41557
1.4239
1.42622
1.43182
1.43324
1.4354
1.43703
1.43715
1.43623
1.43552
1.43217
1.42896
1.425
1.4203
1.41489
1.40879
1.40204
1.39465
1.38665
1.37806
1.36893
1.35925
1.34909
1.33844
1.32735
1.31585
1.30395
1.29169
1.27909
1.26618
1.253
1.23957
1.21901
1.21206
1.19804
1.18388
1.16962
1.14806
1.13364
1.12641
1.11198
1.09757
1.07607
1.06893
1.05476
1.03374
1.01992
1.00629
0.992867
0.97966
0.966698
0.954002
0.941582
0.929459
0.917656
0.906181
0.895042
0.88427
0.873863
0.863846
0.85421
0.844986
0.840523
0.827774
0.819809
0.812271
0.805168
0.798508
0.792297
0.78653
0.778717
0.774071
0.771919
0.766129
0.764427
0.759979
0.757568
0.755592
0.754059
0.752953
0.752274
0.752014
0.752151
0.752701
0.753639
0.754959
0.756653
0.758705
0.761108
0.763855
0.768585
0.772125
0.777985
0.782242
0.786758
0.791519
0.796524
0.801758
0.807205
0.812843
0.818672
0.824661
0.830811
0.837097
0.843506
0.850029
0.856651
0.866753
0.873581
0.88047
0.887405
0.894363
0.901321
0.908279
0.915237
0.922195
0.929108
0.935974
0.942772
0.949493
0.956123
0.962646
0.969055
0.975342
0.981491
0.987495
0.993355
0.996231
1.00461
1.00999
1.01775
1.02026
1.02515
1.02985
1.03661
1.03876
1.04295
1.04697
1.0508
1.05619
1.05789
1.06116
1.06423
1.06712
1.06979
1.07227
1.07561
1.07758
1.07848
1.08089
1.0816
1.08338
1.08387
1.08504
1.08556
1.08588
1.08601
1.08593
1.08567
1.08522
1.08459
1.08379
1.08282
1.08167
1.08035
1.0789
1.07729
1.07553
1.07364
1.07162
1.06947
1.0672
1.06483
1.06236
1.05978
1.05713
1.05441
1.05161
1.04876
1.04585
1.04292
1.03992
1.03693
1.03387
1.03082
1.02777
1.02472
1.02167
1.01709
1.01404
1.01099
1.00799
1.005
1.00202
0.999092
0.996178
0.993309
0.990471
0.987663
0.984909
0.982185
0.9795
0.976875
0.974289
0.971748
0.969254
0.968033
0.964424
0.96209
0.959808
0.957588
0.955429
0.953331
0.951294
0.949318
0.946487
0.945572
0.94381
0.942116
0.940498
0.938957
0.9375
0.936127
0.934837
0.93364
0.932533
0.931053
0.930603
0.92942
0.929077
0.928459
0.927719
0.927361
0.927094
0.927002
0.92688
0.926918
0.927063
0.927292
0.927444
0.928032
0.928543
0.929131
0.929802
0.930557
0.931389
0.931831
0.933258
0.934303
0.93541
0.936569
0.937782
0.939041
0.940331
0.941673
0.943024
0.944427
0.945831
0.947235
0.948685
0.95015
0.951614
0.953079
0.954544
0.956009
0.957474
0.958923
0.960327
0.961731
0.963135
0.964539
0.965897
0.967239
0.968582
0.97052
0.971802
0.972435
0.973656
0.974876
0.976044
0.97776
0.97831
0.979935
0.980453
0.981979
0.982956
0.983437
0.98481
0.985252
0.986534
0.987328
0.987724
0.988838
0.989548
0.990219
0.990852
0.991463
0.992027
0.992577
0.993065
0.993546
0.993973
0.994385
0.994751
0.995102
0.995407
0.995697
0.995941
0.99617
0.996353
0.996529
0.996651
0.996773
0.996841
0.996933
0.996933
0.996933
0.996902
0.996841
0.99678
0.996727
0.996544
0.996422
0.996239
0.996056
0.995872
0.995636
0.995392
0.995148
0.994881
0.994576
0.99427
0.993965
0.993645
0.993279
0.992912
0.992546
0.99218
0.991814
0.991386
0.990959
0.990532
0.990105
0.989677
0.98925
0.988823
0.988373
0.987885
0.987396
0.986664
0.98642
0.985687
0.985443
0.984711
0.984222
0.983978
0.983246
0.983002
0.982269
0.981781
0.981537
0.981049
0.980316
0.979828
0.97934
0.978851
0.978195
0.977982
0.977554
0.976913
0.976486
0.976059
0.975632
0.975204
0.974823
0.974457
0.974091
0.973724
0.973358
0.972992
0.972809
0.972351
0.972046
0.971741
0.971436
0.971138
0.970894
0.97065
0.970406
0.970039
0.969917
0.969734
0.96946
0.969276
0.969185
0.968941
0.96888
0.968697
0.968636
0.968452
0.968361
0.9683
0.968239
0.968178
0.968117
0.968071
0.968071
0.968071
0.968071
0.968071
0.968071
0.968124
0.968185
0.968246
0.968307
0.968369
0.96843
0.968536
0.968658
0.968781
0.968903
0.969025
0.969147
0.969269
0.969406
0.969589
0.969681
0.969955
0.970139
0.970322
0.970505
0.970688
0.970871
0.971054
0.971237
0.97142
0.971634
0.971878
0.972122
0.972366
0.97261
0.972855
0.973099
0.973465
0.973709
0.973953
0.974197
0.974442
0.974686
0.97493
0.975174
0.975418
0.975662
0.975906
0.976151
0.976395
0.976639
0.976883
0.977127
0.977371
0.977615
0.977798
0.977982
0.978165
0.978348
0.978531
0.978714
0.978897
0.97908
0.979263
0.979446
0.97963
0.979813
0.979996
0.980179
0.980362
0.980545
0.980766
0.980827
0.98101
0.981071
0.981194
0.981316
0.981438
0.98156
0.981743
0.981865
0.981987
0.982109
0.982231
0.982353
0.982414
0.982475
0.982536
0.982597
0.982658
0.982719
0.98278
0.982841
0.982903
0.982964
0.983025
0.983086
0.983147
0.983208
0.983269
0.983292
0.983292
0.983292
0.983292
0.983292
0.983292
0.983292
0.983292
0.983292
0.983292
0.983292
0.983292
0.983292
0.983292
0.983292
0.983292
0.983292
0.983292
0.983292
0.983292
0.983292
0.983292
0.983292
0.983292
0.983292
0.983292
0.983261
0.9832
0.983139
0.983078
0.983017
0.982956
0.982895
0.982834
0.982773
0.982712
0.982651
0.98259
0.982529
0.982468
0.982407
0.982346
0.982285
0.982224
0.982162
0.982101
0.98204
0.981979
0.981918
0.981857
0.981796
0.981735
0.981689
0.981689
0.981689
0.981689
0.981689
0.981689
0.981689
0.981689
0.981689
0.981689
0.981689
0.981689
0.981689
0.981689
0.981689
0.981689
0.981689
0.981689
0.981689
0.981689
0.981689
0.981689
0.981689
0.981689
0.981689
0.981689
0.981689
0.981689
0.981689
0.981689
0.981689
0.981689
0.981689
0.981689
0.981689
0.981689
0.981689
0.981689
0.981689
0.981689
0.981689
0.981689
0.981689
0.981689
0.981689
0.98175
0.981812
0.981873
0.981934
0.981995
0.982086
0.982147
0.982178
0.982269
0.9823
0.982361
0.982452
0.982483
0.982544
0.982605
0.982635
0.982758
0.982788
0.98288
0.982971
0.983032
0.983093
0.983154
0.983215
0.983276
0.983368
0.983398
0.983459
0.983521
0.983612
0.983673
0.983704
0.983765
0.983826
0.983917
0.983978
0.984009
0.9841
0.984131
0.984222
0.984283
0.984314
0.984406
0.984467
0.984528
0.984589
0.984619
0.984711
0.984772
0.984833
0.984894
0.984955
0.985016
0.985077
0.985138
0.985199
0.98526
0.985291
0.985382
0.985443
0.985504
0.985565
0.985626
0.985687
0.985748
0.985809
0.98587
0.985931
0.985931
0.985931
0.985931
0.985931
0.985931
0.985931
0.985931
0.985931
0.985931
0.985931
0.985931
0.985931
0.985931
0.985931
0.985931
0.985931
0.985931
0.985931
0.985931
0.985931
0.985931
0.985931
0.985931
0.985931
0.985931
0.985931
0.985931
0.985931
0.985931
0.985931
0.985931
0.985931
0.985931
0.985931
0.985931
0.985931
0.985931
0.985931
0.985931
0.985931
0.985931
0.985931
0.985931
0.985931
0.985931
0.985931
0.985931
0.985931
0.985931
0.985931
0.985931
0.985931
0.985931
0.985931
0.985931
0.985931
0.985931
0.985931
0.985931
0.985931
0.985931
0.985931
0.985931
0.985931
0.985931
0.985931
0.985931
0.985931
0.985931
0.985931
0.985931
0.986023
0.986084
0.986145
0.986206
0.986267
0.986328
0.986389
0.98645
0.986511
0.986572
0.986633
0.986694
0.986755
0.986816
0.986877
0.986938
0.987
0.987061
0.987122
0.987183
0.987244
0.987305
0.987366
0.987427
0.987488
0.987549
0.98761
0.987671
0.987732
0.987793
0.987854
0.987915
0.987976
0.988037
0.988098
0.988159
0.98822
0.988281
0.988281
0.988281
0.988281
0.988281
0.988281
0.988281
0.988281
0.988281
0.988281
0.988281
0.988281
0.988281
0.988281
0.988281
0.988281
0.988281
0.988281
0.988281
0.988281
0.988281
0.988281
0.988281
0.988281
0.988281
0.988281
0.988281
0.988281
0.988281
0.988281
0.988281
0.988281
0.988281
0.988281
0.988281
0.988281
0.988281
0.988281
0.988281
0.988281
0.988281
0.988281
0.988281
0.988281
0.988281
0.988281
0.988281
0.988281
0.988281
0.988281
0.988281
0.988281
0.988281
0.988281
0.988281
0.988281
0.988281
0.988281
0.988281
0.988281
0.988281
0.988281
0.988281
0.988281
0.988281
0.988281
0.988281
0.988281
0.988281
0.988281
0.988304
0.988396
0.988426
0.988518
0.988548
0.98864
0.988701
0.988762
0.988823
0.988884
0.988945
0.989006
0.989067
0.989128
0.989189
0.98925
0.989311
0.989372
0.989433
0.989494
0.989555
0.989616
0.989677
0.989738
0.989799
0.989861
0.989922
0.989983
0.990044
0.990105
0.990166
0.990181
0.990181
0.990181
0.990181
0.990181
0.990181
0.990181
0.990181
0.990181
0.990181
0.990181
0.990181
0.990181
0.990181
0.990181
0.990181
0.990181
0.990181
0.990181
0.990181
0.990181
0.990181
0.990181
0.990181
0.990181
0.990181
0.990181
0.990181
0.990181
0.990181
0.990181
0.990181
0.990181
0.990181
0.990181
0.990181
0.990181
