0
0
0
0
1.52588e-05
7.62941e-05
0.00024414
0.000656128
0.0014801
0.00289917
0.00507355
0.00818634
0.0123291
0.0176392
0.024231
0.0321579
0.0414734
0.0522003
0.0643539
0.0779114
0.0928574
0.109138
0.126724
0.145554
0.165565
0.186699
0.208893
0.232086
0.256195
0.281166
0.306938
0.333435
0.360596
0.388367
0.416656
0.445435
0.474625
0.504166
0.549026
0.579201
0.60952
0.639938
0.670395
0.700836
0.716034
0.761421
0.791451
0.821236
0.850716
0.87986
0.908607
0.936928
0.96479
0.992119
1.01891
1.04509
1.07066
1.09557
1.11979
1.14329
1.16605
1.18803
1.20922
1.22959
1.24912
1.26779
1.28558
1.30248
1.31848
1.33356
1.34772
1.36095
1.37321
1.38457
1.39495
1.40441
1.4129
1.42047
1.42709
1.43278
1.43754
1.44138
1.44433
1.44637
1.44779
1.44783
1.44727
1.44488
1.44367
1.43887
1.43689
1.43235
1.42419
1.41787
1.41087
1.40713
1.39918
1.38612
1.37671
1.36675
1.36158
1.34533
1.33395
1.32214
1.30993
1.29736
1.28446
1.27126
1.2578
1.2441
1.23019
1.21608
1.20184
1.18746
1.17299
1.15845
1.14386
1.12927
1.11469
1.10011
1.08559
1.07114
1.05679
1.04256
1.02847
1.01455
1.00082
0.987297
0.973991
0.96093
0.941826
0.9356
0.923363
0.905571
0.899803
0.888519
0.872246
0.867004
0.851852
0.842247
0.837593
0.824265
0.81591
0.807991
0.800514
0.79348
0.786919
0.780785
0.775139
0.769936
0.765205
0.760948
0.757133
0.753807
0.750916
0.748505
0.746521
0.744995
0.743912
0.743263
0.743042
0.74324
0.743851
0.744865
0.746269
0.748062
0.750229
0.752762
0.755646
0.758858
0.762398
0.766258
0.770424
0.774879
0.77961
0.784607
0.792572
0.795334
0.801033
0.809967
0.813034
0.82251
0.829025
0.832336
0.83905
0.849342
0.856331
0.859856
0.870529
0.877724
0.884949
0.892212
0.899475
0.906738
0.914001
0.921219
0.928398
0.935516
0.942566
0.949532
0.956398
0.963158
0.969795
0.976303
0.982658
0.988876
0.994926
1.00082
1.00655
1.01211
1.0175
1.02272
1.02777
1.03265
1.03734
1.04186
1.0462
1.05037
1.05436
1.05817
1.06179
1.06522
1.06847
1.07152
1.07436
1.077
1.07943
1.08165
1.08458
1.08545
1.08702
1.08838
1.08952
1.09045
1.09116
1.09167
1.09196
1.09204
1.09193
1.09161
1.09111
1.09042
1.08954
1.08848
1.08725
1.08507
1.08426
1.08254
1.07967
1.07648
1.07418
1.07175
1.06921
1.06656
1.0638
1.06094
1.058
1.05498
1.05189
1.04874
1.04554
1.0423
1.03902
1.03573
1.03243
1.02914
1.02579
1.02248
1.01919
1.01589
1.0126
1.00932
1.00447
1.00127
0.9981
0.99498
0.991882
0.988831
0.985825
0.982857
0.979927
0.977058
0.974243
0.971474
0.968758
0.966095
0.963493
0.960953
0.958473
0.956055
0.953705
0.951416
0.949196
0.947044
0.94397
0.942986
0.941063
0.939217
0.937462
0.93499
0.934212
0.932724
0.931343
0.929451
0.928322
0.927795
0.926384
0.925583
0.925224
0.924309
0.923843
0.923485
0.923241
0.923103
0.923073
0.923157
0.92334
0.923622
0.924011
0.924492
0.925072
0.925735
0.926491
0.92733
0.928261
0.929268
0.930344
0.931488
0.932701
0.933983
0.935326
0.936722
0.938171
0.939659
0.941185
0.942749
0.944336
0.94593
0.947578
0.949226
0.950874
0.952522
0.95417
0.955818
0.957466
0.959114
0.960754
0.963135
0.963928
0.965515
0.967819
0.969345
0.970825
0.971558
0.973717
0.975121
0.976486
0.977829
0.979126
0.9804
0.981621
0.982819
0.983978
0.985092
0.986176
0.987213
0.988213
0.989182
0.990097
0.990982
0.991837
0.99263
0.993401
0.994133
0.994812
0.995468
0.996078
0.996651
0.9972
0.997688
0.998154
0.998581
0.99897
0.999336
0.999649
0.999954
1.0002
1.00043
1.00061
1.00078
1.0009
1.00101
1.00107
1.0011
1.00112
1.00109
1.00103
1.00096
1.00084
1.00072
1.00056
1.00037
1.00019
0.999825
0.999702
0.999451
0.999146
0.99884
0.998367
0.998001
0.997818
0.997452
0.996872
0.996445
0.996017
0.99559
0.995163
0.994675
0.994186
0.993698
0.99321
0.992722
0.992233
0.991707
0.991158
0.990608
0.990059
0.98951
0.98896
0.988411
0.987862
0.987312
0.986763
0.986214
0.985664
0.985115
0.984566
0.984016
0.983192
0.982918
0.982368
0.981819
0.98127
0.980721
0.979897
0.979622
0.978798
0.978302
0.977814
0.97757
0.976837
0.976349
0.975861
0.975372
0.974922
0.974495
0.974068
0.97364
0.973213
0.972794
0.972427
0.972061
0.971695
0.971329
0.970978
0.970673
0.970367
0.970062
0.969757
0.969498
0.969254
0.969009
0.968765
0.968536
0.968353
0.96817
0.967987
0.967804
0.967674
0.967552
0.96743
0.967308
0.967216
0.967155
0.967094
0.967033
0.966972
0.966972
0.966972
0.966972
0.966972
0.966988
0.967079
0.96714
0.967201
0.967262
0.967354
0.967476
0.967598
0.96772
0.967842
0.967903
0.968109
0.968292
0.968475
0.968658
0.968842
0.969025
0.969208
0.969391
0.969589
0.969833
0.970078
0.970322
0.970566
0.97081
0.971054
0.971298
0.971542
0.971786
0.972153
0.972275
0.972641
0.972885
0.973129
0.973373
0.973618
0.973862
0.974106
0.97435
0.974594
0.974838
0.975082
0.975327
0.975571
0.975815
0.976059
0.976303
0.976547
0.976791
0.977036
0.97728
0.977524
0.977768
0.978012
0.978256
0.9785
0.978745
0.978989
0.979233
0.979439
0.979622
0.979805
0.979988
0.980171
0.980354
0.980629
0.980721
0.980904
0.981087
0.98127
0.981544
0.981636
0.981781
0.981903
0.982025
0.982208
0.98233
0.982452
0.982574
0.982697
0.982819
0.982941
0.983063
0.983185
0.983246
0.983307
0.983368
0.983429
0.98349
0.983551
0.983612
0.983673
0.983734
0.983795
0.983856
0.983917
0.983978
0.983994
0.983994
0.983994
0.983994
0.983994
0.983994
0.983994
0.983994
0.983994
0.983994
0.983994
0.983994
0.983994
0.983994
0.983994
0.983994
0.983994
0.983994
0.983994
0.983994
0.983932
0.983871
0.98381
0.983749
0.983688
0.983627
0.983566
0.983505
0.983444
0.983383
0.983322
0.983261
0.9832
0.983139
0.983078
0.983017
0.982956
0.982895
0.982834
0.982773
0.982712
0.982651
0.98259
0.982498
0.982437
0.982376
0.982346
0.982254
0.982193
0.982132
0.982071
0.98201
0.981949
0.981888
0.981796
0.981766
0.981674
0.981613
0.981583
0.981583
0.981583
0.981583
0.981583
0.981583
0.981583
0.981583
0.981583
0.981583
0.981583
0.981583
0.981583
0.981583
0.981583
0.981583
0.981583
0.981583
0.981583
0.981583
0.981583
0.981583
0.981583
0.981583
0.981583
0.981583
0.981583
0.981583
0.981583
0.981583
0.981583
0.981583
0.981583
0.981583
0.981583
0.981583
0.981598
0.981659
0.98172
0.981781
0.981842
0.981903
0.981964
0.982025
0.982086
0.982147
0.982208
0.982269
0.98233
0.982391
0.982452
0.982513
0.982574
0.982635
0.982697
0.982758
0.982849
0.98288
0.982941
0.983002
0.983063
0.983154
0.983185
0.983246
0.983337
0.983368
0.983459
0.98349
0.983551
0.983643
0.983673
0.983765
0.983826
0.983887
0.983948
0.984009
0.98407
0.984131
0.984192
0.984253
0.984314
0.984375
0.984436
0.984497
0.984558
0.984619
0.98468
0.984741
0.984802
0.984863
0.984924
0.984985
0.985046
0.985107
0.98526
0.985321
0.985382
0.985443
0.985504
0.985565
0.985626
0.985687
0.985748
0.985809
0.98587
0.985931
0.985992
0.986053
0.986115
0.986176
0.986237
0.986244
0.986244
0.986244
0.986244
0.986244
0.986244
0.986244
0.986244
0.986244
0.986244
0.986244
0.986244
0.986244
0.986244
0.986244
0.986244
0.986244
0.986244
0.986244
0.986244
0.986244
0.986244
0.986244
0.986244
0.986244
0.986244
0.986244
0.986244
0.986244
0.986244
0.986244
0.986244
0.986244
0.986244
0.986244
0.986244
0.986244
0.986244
0.986244
0.986244
0.986244
0.986244
0.986244
0.986244
0.986244
0.986244
0.986244
0.986244
0.986244
0.986244
0.986244
0.986244
0.986244
0.986244
0.986244
0.986244
0.986244
0.986244
0.986244
0.986244
0.986244
0.986244
0.986244
0.986244
0.986244
0.986244
0.986244
0.986244
0.986244
0.986244
0.986244
0.986244
0.986244
0.986244
0.986244
0.986267
0.986328
0.986389
0.98645
0.986511
0.986572
0.986633
0.986694
0.986755
0.986816
0.986877
0.986938
0.987
0.987061
0.987152
0.987183
0.987244
0.987305
0.987366
0.987427
0.987488
0.987549
0.98761
0.987671
0.987732
0.987823
0.987854
0.987915
0.987976
0.988068
0.988129
0.98819
0.988251
0.988312
0.988373
0.988434
0.988495
0.988556
0.988617
0.988663
0.988663
0.988663
0.988663
0.988663
0.988663
0.988663
0.988663
0.988663
0.988663
0.988663
0.988663
0.988663
0.988663
0.988663
0.988663
0.988663
0.988663
0.988663
0.988663
0.988663
0.988663
0.988663
0.988663
0.988663
0.988663
0.988663
0.988663
0.988663
0.988663
0.988663
0.988663
0.988663
0.988663
0.988663
0.988663
0.988663
0.988663
0.988663
0.988663
0.988663
0.988663
0.988663
0.988663
0.988663
0.988663
0.988663
0.988663
0.988663
0.988663
0.988663
0.988663
0.988663
0.988663
0.988663
0.988663
0.988663
0.988663
0.988663
0.988663
0.988663
0.988663
0.988663
0.988663
0.988663
0.988663
0.988663
0.988663
0.988663
0.988663
0.988663
0.988663
0.988663
0.988663
0.988678
0.988739
0.9888
0.988861
0.988922
0.988953
0.989044
0.989105
0.989166
0.989227
0.989288
0.989349
0.98941
0.989471
0.989532
0.989594
0.989655
0.989716
0.989777
0.989838
0.989899
0.98996
0.990021
0.990082
0.990143
0.990204
0.990265
0.990326
0.990387
0.990448
0.990509
0.990562
0.990562
0.990562
0.990562
0.990562
0.990562
0.990562
0.990562
0.990562
0.990562
0.990562
0.990562
0.990562
0.990562
0.990562
0.990562
0.990562
0.990562
0.990562
0.990562
0.990562
0.990562
0.990562
0.990562
