0
0
0
0
0
3.81471e-05
0.0001297
0.000236512
0.000999451
0.00209045
0.00288391
0.00649262
0.0101013
0.0123138
0.0207596
0.0280075
0.0366211
0.0466385
0.0580826
0.0709305
0.0851669
0.092804
0.117706
0.135895
0.155289
0.175835
0.197464
0.220108
0.243698
0.268173
0.293457
0.319481
0.346191
0.373505
0.415482
0.429718
0.458481
0.487617
0.517036
0.546692
0.591507
0.606491
0.63652
0.66655
0.696548
0.741356
0.771011
0.800453
0.82962
0.858467
0.886963
0.901054
0.928917
0.969795
0.996368
1.02236
1.04774
1.07248
1.09654
1.11992
1.14256
1.16444
1.18555
1.20584
1.22531
1.24394
1.26171
1.27859
1.29461
1.30972
1.32394
1.33725
1.34966
1.36115
1.37173
1.3814
1.39016
1.39801
1.40496
1.41103
1.41619
1.42048
1.42389
1.42644
1.42813
1.4291
1.42902
1.42823
1.42557
1.42429
1.41933
1.41731
1.41018
1.40746
1.39827
1.39134
1.38764
1.37566
1.36695
1.36239
1.3529
1.33775
1.32704
1.31592
1.30439
1.2925
1.28025
1.27401
1.25485
1.24176
1.22843
1.2149
1.2012
1.18736
1.17341
1.15936
1.14526
1.1311
1.11694
1.10281
1.08871
1.0747
1.06078
1.04697
1.0333
1.01981
1.0065
0.993401
0.980522
0.967888
0.955498
0.943382
0.931549
0.920013
0.908783
0.897881
0.887329
0.877121
0.867287
0.857826
0.844368
0.84008
0.827827
0.823952
0.816513
0.809502
0.802925
0.796783
0.791077
0.785812
0.778755
0.776627
0.770882
0.767609
0.764771
0.76236
0.760376
0.75882
0.757683
0.756958
0.756645
0.756729
0.75721
0.758072
0.759308
0.76091
0.762878
0.765182
0.76783
0.770798
0.774071
0.777641
0.781502
0.785637
0.790031
0.79467
0.799553
0.804657
0.809975
0.815491
0.82119
0.827057
0.833092
0.839264
0.845566
0.85199
0.858513
0.865135
0.871834
0.878601
0.885422
0.892281
0.902626
0.906075
0.91642
0.923317
0.92675
0.936989
0.940376
0.950439
0.957054
0.963562
0.966782
0.973129
0.982422
0.985451
0.997215
1.00287
1.00837
1.01371
1.01889
1.02389
1.03107
1.03337
1.03785
1.04423
1.04626
1.05019
1.05573
1.05918
1.06084
1.06402
1.06699
1.0711
1.07358
1.07586
1.07692
1.0789
1.08066
1.08222
1.08358
1.08472
1.08605
1.08669
1.08711
1.08725
1.08738
1.08722
1.08687
1.08662
1.08562
1.08472
1.08366
1.08243
1.08103
1.07948
1.07778
1.07594
1.07397
1.07186
1.06963
1.06728
1.06482
1.06095
1.05961
1.05688
1.05263
1.05118
1.04675
1.04526
1.0407
1.03918
1.03609
1.03143
1.02987
1.02676
1.02209
1.02053
1.01586
1.01432
1.00974
1.00669
1.00519
1.0007
0.999222
0.994827
0.991959
0.989113
0.986305
0.983551
0.980827
0.978142
0.975517
0.972939
0.970406
0.967926
0.9655
0.963127
0.960815
0.958565
0.956375
0.954247
0.952179
0.95018
0.94825
0.946388
0.944595
0.942871
0.941223
0.939651
0.938156
0.936737
0.93541
0.934166
0.933014
0.931953
0.930984
0.930107
0.929337
0.928658
0.928085
0.92762
0.927246
0.926971
0.926811
0.926743
0.926773
0.926903
0.927124
0.927452
0.928101
0.92836
0.928947
0.929619
0.930374
0.931206
0.932106
0.93309
0.934692
0.935257
0.937042
0.93766
0.938942
0.940277
0.941643
0.943047
0.945206
0.946671
0.947403
0.948868
0.951149
0.951912
0.954201
0.954964
0.957253
0.958755
0.959488
0.961685
0.962418
0.964615
0.966019
0.966019
0.96949
0.970833
0.972168
0.97345
0.974731
0.975952
0.977753
0.978333
0.979492
0.980591
0.981682
0.982719
0.983734
0.984711
0.985649
0.986565
0.987427
0.98867
0.989067
0.990204
0.99057
0.991257
0.991928
0.992844
0.993408
0.993958
0.994453
0.994934
0.995361
0.995773
0.99614
0.996483
0.996788
0.997063
0.997429
0.997704
0.997864
0.997986
0.998093
0.998154
0.998215
0.998215
0.998215
0.998184
0.998123
0.998062
0.99794
0.997818
0.997681
0.997498
0.997314
0.997116
0.996872
0.996628
0.996506
0.996078
0.995773
0.995468
0.995155
0.994789
0.994423
0.994057
0.99369
0.993294
0.992867
0.992439
0.992012
0.991585
0.991158
0.990723
0.990234
0.989746
0.989258
0.98877
0.988525
0.987793
0.987305
0.986816
0.986328
0.98584
0.985352
0.984619
0.984375
0.983887
0.983398
0.98291
0.982178
0.981934
0.981201
0.980957
0.980469
0.979736
0.979492
0.979004
0.978516
0.977791
0.977364
0.97715
0.976509
0.976082
0.975655
0.975227
0.9748
0.974411
0.974045
0.973679
0.973312
0.972946
0.97258
0.972267
0.971962
0.971657
0.971352
0.971046
0.970779
0.970535
0.970291
0.970047
0.969803
0.969597
0.969414
0.969231
0.969048
0.968864
0.968727
0.968544
0.968483
0.968361
0.968239
0.96814
0.968109
0.968048
0.967957
0.967926
0.967918
0.967918
0.967918
0.967918
0.967918
0.967987
0.968018
0.968109
0.96814
0.968201
0.968307
0.968369
0.968552
0.968674
0.968796
0.968918
0.96904
0.96917
0.969353
0.969536
0.969719
0.969902
0.970085
0.970268
0.970451
0.970634
0.970818
0.971001
0.971222
0.971466
0.97171
0.971954
0.972198
0.972443
0.972687
0.972931
0.973175
0.973419
0.973663
0.973907
0.974152
0.974518
0.97464
0.975006
0.975128
0.975372
0.975616
0.975861
0.976105
0.976349
0.976715
0.976959
0.977081
0.977448
0.977692
0.977936
0.97818
0.978378
0.978561
0.978745
0.978928
0.979111
0.979294
0.979477
0.97966
0.979843
0.980026
0.980209
0.980392
0.980576
0.980759
0.980942
0.981064
0.981186
0.981308
0.98143
0.981552
0.981674
0.981796
0.981918
0.98204
0.982162
0.982285
0.982407
0.982529
0.98262
0.982681
0.982742
0.982803
0.982864
0.982925
0.982986
0.983047
0.983109
0.98317
0.983231
0.983292
0.983353
0.983414
0.983475
0.983513
0.983513
0.983513
0.983513
0.983513
0.983513
0.983513
0.983513
0.983513
0.983513
0.983513
0.983513
0.983513
0.983513
0.983513
0.983513
0.983513
0.983513
0.983513
0.983513
0.983513
0.983513
0.983513
0.983513
0.983513
0.983482
0.983421
0.98336
0.983299
0.983238
0.983177
0.983116
0.983055
0.982994
0.982933
0.982872
0.982811
0.98275
0.982689
0.982628
0.982567
0.982506
0.982445
0.982384
0.982323
0.982262
0.982201
0.98214
0.982079
0.982018
0.981956
0.981895
0.981834
0.981773
0.981758
0.981758
0.981758
0.981758
0.981758
0.981758
0.981758
0.981758
0.981758
0.981758
0.981758
0.981758
0.981758
0.981758
0.981758
0.981758
0.981758
0.981758
0.981758
0.981758
0.981758
0.981758
0.981758
0.981758
0.981758
0.981758
0.981758
0.981758
0.981758
0.981758
0.981758
0.981758
0.981758
0.981758
0.981758
0.981758
0.981758
0.981758
0.981758
0.981758
0.981758
0.981758
0.981781
0.981842
0.981903
0.981964
0.982025
0.982086
0.982147
0.982239
0.9823
0.982361
0.982422
0.982452
0.982544
0.982605
0.982666
0.982727
0.982758
0.982819
0.98288
0.982971
0.983032
0.983093
0.983154
0.983215
0.983276
0.983337
0.983398
0.983459
0.983521
0.983582
0.983643
0.983704
0.983765
0.983826
0.983887
0.983948
0.984009
0.98407
0.984131
0.984222
0.984283
0.984314
0.984406
0.984436
0.984528
0.984589
0.98465
0.984711
0.984772
0.984833
0.984894
0.984955
0.985016
0.985077
0.985138
0.985199
0.98526
0.985321
0.985382
0.985443
0.985504
0.985565
0.985626
0.985687
0.985748
0.985809
0.98587
0.985931
0.985992
0.986053
0.986053
0.986053
0.986053
0.986053
0.986053
0.986053
0.986053
0.986053
0.986053
0.986053
0.986053
0.986053
0.986053
0.986053
0.986053
0.986053
0.986053
0.986053
0.986053
0.986053
0.986053
0.986053
0.986053
0.986053
0.986053
0.986053
0.986053
0.986053
0.986053
0.986053
0.986053
0.986053
0.986053
0.986053
0.986053
0.986053
0.986053
0.986053
0.986053
0.986053
0.986053
0.986053
0.986053
0.986053
0.986053
0.986053
0.986053
0.986053
0.986053
0.986053
0.986053
0.986053
0.986053
0.986053
0.986053
0.986053
0.986053
0.986053
0.986053
0.986053
0.986053
0.986053
0.986053
0.986053
0.986053
0.986053
0.986053
0.986053
0.986053
0.986053
0.986053
0.986076
0.986137
0.986198
0.986259
0.98632
0.986382
0.986473
0.986504
0.986565
0.986656
0.986687
0.986778
0.986839
0.98687
0.986961
0.987022
0.987083
0.987114
0.987206
0.987267
0.987328
0.987389
0.98745
0.987511
0.987572
0.987633
0.987694
0.987755
0.987816
0.987877
0.987938
0.987999
0.98806
0.988121
0.988182
0.988243
0.988304
0.988365
0.988411
0.988411
0.988411
0.988411
0.988411
0.988411
0.988411
0.988411
0.988411
0.988411
0.988411
0.988411
0.988411
0.988411
0.988411
0.988411
0.988411
0.988411
0.988411
0.988411
0.988411
0.988411
0.988411
0.988411
0.988411
0.988411
0.988411
0.988411
0.988411
0.988411
0.988411
0.988411
0.988411
0.988411
0.988411
0.988411
0.988411
0.988411
0.988411
0.988411
0.988411
0.988411
0.988411
0.988411
0.988411
0.988411
0.988411
0.988411
0.988411
0.988411
0.988411
0.988411
0.988411
0.988411
0.988411
0.988411
0.988411
0.988411
0.988411
0.988411
0.988411
0.988411
0.988411
0.988411
0.988411
0.988411
0.988411
0.988411
0.988411
0.988411
0.988411
0.988449
0.98851
0.988571
0.988632
0.988693
0.988754
0.988815
0.988876
0.988937
0.988998
0.989059
0.98912
0.989182
0.989243
0.989304
0.989365
0.989426
0.989487
0.989548
0.989609
0.98967
0.989761
0.989822
0.989883
0.989944
0.990005
0.990067
0.990128
0.990189
0.99025
0.990311
0.990318
0.990318
0.990318
0.990318
0.990318
0.990318
0.990318
0.990318
0.990318
0.990318
0.990318
0.990318
0.990318
0.990318
0.990318
0.990318
0.990318
0.990318
0.990318
0.990318
0.990318
0.990318
0.990318
0.990318
0.990318
0.990318
0.990318
0.990318
0.990318
0.990318
0.990318
0.990318
0.990318
0.990318
0.990318
0.990318
0.990318
