0
0
0
0
0
7.62941e-06
6.86647e-05
0.000236511
0.000999451
0.00147247
0.00289154
0.00506592
0.00817871
0.0148239
0.0176315
0.0242233
0.0321503
0.0466537
0.0580978
0.0709457
0.0851974
0.100807
0.117752
0.135963
0.155388
0.175949
0.197594
0.220238
0.243835
0.268303
0.293564
0.319565
0.346237
0.37352
0.401321
0.429611
0.458328
0.487404
0.516762
0.546356
0.576134
0.606026
0.635994
0.665962
0.695885
0.740562
0.755379
0.784859
0.814095
0.843025
0.87162
0.899826
0.927605
0.968391
0.994911
1.00796
1.03362
1.07097
1.09505
1.11842
1.14107
1.16296
1.18408
1.2044
1.22388
1.24253
1.2603
1.27718
1.29317
1.30824
1.3224
1.33565
1.34796
1.35934
1.36979
1.37931
1.38791
1.39558
1.40234
1.4082
1.41315
1.41721
1.4204
1.42272
1.42419
1.42481
1.42462
1.42362
1.42184
1.41928
1.41599
1.41196
1.40721
1.40178
1.39568
1.38894
1.38158
1.37364
1.36514
1.35607
1.34652
1.33648
1.32596
1.31501
1.30366
1.29192
1.27985
1.26112
1.25475
1.24178
1.22858
1.20841
1.19475
1.18095
1.16705
1.15305
1.13902
1.12493
1.11086
1.09682
1.08283
1.06894
1.05515
1.0415
1.028
1.00811
1.00158
0.982323
0.976021
0.963608
0.951462
0.93959
0.928009
0.91674
0.905792
0.895172
0.87989
0.870155
0.865425
0.851807
0.843208
0.835014
0.827225
0.819855
0.812912
0.806404
0.800331
0.794693
0.789505
0.78476
0.780457
0.776588
0.773163
0.770172
0.767609
0.765472
0.763756
0.762459
0.761559
0.76107
0.760971
0.761269
0.76194
0.762413
0.764381
0.766136
0.769424
0.770683
0.773445
0.778168
0.781693
0.785492
0.787491
0.791702
0.796158
0.800858
0.808327
0.810921
0.816254
0.821777
0.827477
0.836319
0.842392
0.848587
0.854904
0.86132
0.867828
0.874405
0.88105
0.887741
0.894455
0.901169
0.907883
0.914597
0.92131
0.931328
0.934647
0.941231
0.950981
0.954185
0.963654
0.969833
0.975891
0.981819
0.98761
0.993256
0.998749
1.00409
1.00927
1.01428
1.01913
1.02383
1.02834
1.03268
1.03687
1.04087
1.04471
1.04837
1.05186
1.05517
1.0583
1.06126
1.06404
1.06663
1.06902
1.07122
1.07322
1.07503
1.07664
1.07805
1.07925
1.08027
1.08108
1.08169
1.0821
1.08233
1.08237
1.08222
1.08189
1.08139
1.08071
1.07986
1.07886
1.07769
1.07636
1.07489
1.07327
1.07152
1.06963
1.06761
1.06548
1.06323
1.06088
1.05843
1.0546
1.05329
1.05061
1.04787
1.04366
1.04079
1.03789
1.03496
1.03203
1.02908
1.02608
1.02309
1.0201
1.01861
1.01421
1.01128
1.00835
1.00547
1.0026
0.999756
0.996948
0.994164
0.991417
0.988708
0.986023
0.983398
0.980797
0.978233
0.975731
0.973267
0.97084
0.96846
0.966141
0.963867
0.961647
0.95948
0.957367
0.955315
0.953323
0.951393
0.949524
0.947723
0.945992
0.944328
0.942734
0.941216
0.939774
0.9384
0.937103
0.935898
0.934776
0.933746
0.9328
0.931953
0.931198
0.930534
0.929962
0.929497
0.929123
0.928848
0.928673
0.928589
0.928612
0.928818
0.928932
0.929222
0.929832
0.930077
0.930931
0.931259
0.932358
0.932755
0.933617
0.935036
0.936058
0.937134
0.938263
0.939438
0.940659
0.941917
0.943199
0.944519
0.945862
0.947205
0.948555
0.949959
0.951363
0.952766
0.95417
0.955574
0.956978
0.958382
0.959732
0.961075
0.962418
0.96376
0.965096
0.966377
0.967659
0.968941
0.970161
0.971382
0.972588
0.973747
0.974907
0.976006
0.977104
0.978157
0.979706
0.980194
0.981651
0.982109
0.983025
0.984322
0.984749
0.985954
0.986351
0.987457
0.988159
0.988495
0.989464
0.990074
0.990639
0.991188
0.991684
0.992172
0.992607
0.993034
0.993408
0.993774
0.994087
0.994392
0.994644
0.994888
0.995094
0.995277
0.99543
0.995552
0.995667
0.995728
0.995789
0.995811
0.995811
0.995804
0.995743
0.995682
0.995605
0.995483
0.995361
0.995224
0.995041
0.994766
0.994675
0.994438
0.994194
0.99395
0.993706
0.993401
0.993095
0.99279
0.992485
0.992149
0.9916
0.991417
0.991051
0.990501
0.990135
0.989708
0.989281
0.988853
0.988426
0.987999
0.987572
0.987144
0.986717
0.98629
0.985863
0.985435
0.985222
0.984581
0.984154
0.983727
0.983299
0.982872
0.982445
0.982018
0.98159
0.981163
0.980736
0.980309
0.979881
0.979454
0.979027
0.9786
0.978172
0.977745
0.977318
0.976891
0.976486
0.97612
0.975754
0.975388
0.975021
0.974655
0.974289
0.973923
0.973602
0.973297
0.972992
0.972687
0.972382
0.972076
0.971809
0.971443
0.971321
0.970955
0.970833
0.970589
0.970406
0.970131
0.970039
0.969856
0.969597
0.969536
0.969414
0.969231
0.96917
0.968987
0.968925
0.968895
0.968803
0.968742
0.968681
0.968658
0.968658
0.968658
0.968658
0.968658
0.968658
0.968712
0.968773
0.968834
0.968895
0.968956
0.969017
0.969101
0.969223
0.969345
0.969467
0.969589
0.969711
0.969833
0.969955
0.9701
0.970284
0.970467
0.97065
0.970833
0.971016
0.971199
0.971382
0.971565
0.97184
0.971931
0.972115
0.972298
0.972572
0.972672
0.973038
0.97316
0.973404
0.97377
0.973892
0.974258
0.974503
0.974747
0.974991
0.975235
0.975479
0.975723
0.975967
0.976212
0.976456
0.9767
0.976944
0.97715
0.977333
0.977516
0.977699
0.977882
0.978065
0.978249
0.978432
0.978615
0.978798
0.979073
0.979164
0.979439
0.97953
0.979805
0.979897
0.98008
0.980354
0.98053
0.980652
0.980774
0.980896
0.981018
0.98114
0.981262
0.981384
0.981506
0.981628
0.98175
0.981873
0.981995
0.982117
0.982239
0.982338
0.982399
0.98246
0.982521
0.982582
0.982643
0.982704
0.982765
0.982826
0.982887
0.982948
0.983009
0.98307
0.983131
0.983192
0.983253
0.983307
0.983307
0.983307
0.983307
0.983307
0.983307
0.983307
0.983307
0.983307
0.983307
0.983307
0.983307
0.983307
0.983307
0.983307
0.983307
0.983307
0.983307
0.983307
0.983307
0.983307
0.983307
0.983307
0.983307
0.983307
0.983307
0.983307
0.983307
0.983307
0.983307
0.983307
0.983276
0.983215
0.983154
0.983093
0.983032
0.982971
0.98291
0.982849
0.982788
0.982727
0.982666
0.982605
0.982544
0.982483
0.982422
0.982361
0.9823
0.982239
0.982178
0.982117
0.982071
0.982071
0.982071
0.982071
0.982071
0.982071
0.982071
0.982071
0.982071
0.982071
0.982071
0.982071
0.982071
0.982071
0.982071
0.982071
0.982071
0.982071
0.982071
0.982071
0.982071
0.982071
0.982071
0.982071
0.982071
0.982071
0.982071
0.982071
0.982071
0.982071
0.982071
0.982071
0.982071
0.982071
0.982071
0.982071
0.982071
0.982071
0.982071
0.982071
0.982071
0.982071
0.982071
0.982071
0.982071
0.982071
0.982071
0.982071
0.982071
0.982117
0.982178
0.982239
0.9823
0.982361
0.982422
0.982483
0.982544
0.982605
0.982666
0.982727
0.982788
0.982849
0.98291
0.983002
0.983063
0.983093
0.983154
0.983215
0.983307
0.983337
0.983429
0.983459
0.983551
0.983612
0.983673
0.983734
0.983795
0.983856
0.983917
0.983978
0.984039
0.9841
0.984161
0.984222
0.984283
0.984344
0.984406
0.984467
0.984528
0.984589
0.98465
0.984711
0.984741
0.984833
0.984894
0.984955
0.985016
0.985077
0.985138
0.985199
0.98526
0.985321
0.985382
0.985443
0.985504
0.985565
0.985626
0.985687
0.985748
0.985809
0.98587
0.985931
0.985992
0.986053
0.986076
0.986076
0.986076
0.986076
0.986076
0.986076
0.986076
0.986076
0.986076
0.986076
0.986076
0.986076
0.986076
0.986076
0.986076
0.986076
0.986076
0.986076
0.986076
0.986076
0.986076
0.986076
0.986076
0.986076
0.986076
0.986076
0.986076
0.986076
0.986076
0.986076
0.986076
0.986076
0.986076
0.986076
0.986076
0.986076
0.986076
0.986076
0.986076
0.986076
0.986076
0.986076
0.986076
0.986076
0.986076
0.986076
0.986076
0.986076
0.986076
0.986076
0.986076
0.986076
0.986076
0.986076
0.986076
0.986076
0.986076
0.986076
0.986076
0.986076
0.986076
0.986076
0.986076
0.986076
0.986076
0.986076
0.986076
0.986076
0.986076
0.986076
0.986137
0.986198
0.986259
0.986351
0.986382
0.986473
0.986504
0.986595
0.986656
0.986687
0.986778
0.986809
0.98687
0.986961
0.986992
0.987083
0.987114
0.987175
0.987267
0.987328
0.987389
0.98745
0.987511
0.987572
0.987602
0.987694
0.987755
0.987785
0.987877
0.987938
0.987999
0.98806
0.988121
0.988182
0.988243
0.988304
0.988365
0.988396
0.988396
0.988396
0.988396
0.988396
0.988396
0.988396
0.988396
0.988396
0.988396
0.988396
0.988396
0.988396
0.988396
0.988396
0.988396
0.988396
0.988396
0.988396
0.988396
0.988396
0.988396
0.988396
0.988396
0.988396
0.988396
0.988396
0.988396
0.988396
0.988396
0.988396
0.988396
0.988396
0.988396
0.988396
0.988396
0.988396
0.988396
0.988396
0.988396
0.988396
0.988396
0.988396
0.988396
0.988396
0.988396
0.988396
0.988396
0.988396
0.988396
0.988396
0.988396
0.988396
0.988396
0.988396
0.988396
0.988396
0.988396
0.988396
0.988396
0.988396
0.988396
0.988396
0.988396
0.988396
0.988396
0.988396
0.988396
0.988396
0.988396
0.988441
0.988503
0.988564
0.988625
0.988686
0.988747
0.988808
0.988869
0.98893
0.988991
0.989052
0.989113
0.989174
0.989235
0.989296
0.989357
0.989418
0.989479
0.98951
0.989601
0.989662
0.989723
0.989784
0.989845
0.989906
0.989967
0.990059
0.990089
0.99015
0.990211
0.990273
0.990288
0.990288
0.990288
0.990288
0.990288
0.990288
0.990288
0.990288
0.990288
0.990288
0.990288
0.990288
0.990288
0.990288
0.990288
0.990288
0.990288
0.990288
0.990288
0.990288
0.990288
0.990288
0.990288
0.990288
0.990288
0.990288
0.990288
0.990288
0.990288
0.990288
0.990288
0.990288
0.990288
0.990288
0.990288
0.990288
0.990288
0.990288
0.990288
