0
0
0
0
0
3.81471e-05
0.0001297
0.000404359
0.000999452
0.00209808
0.00387573
0.00650024
0.0101089
0.0148239
0.0207672
0.0280151
0.0366287
0.0466461
0.0580826
0.0709305
0.0851669
0.10907
0.117691
0.145432
0.165398
0.175804
0.197426
0.22007
0.25576
0.280609
0.293327
0.319313
0.345963
0.387062
0.415108
0.443604
0.472488
0.501694
0.531174
0.56086
0.590683
0.62059
0.650536
0.680443
0.710266
0.73996
0.769463
0.798729
0.827713
0.856377
0.884674
0.91256
0.939995
0.966942
1.00639
1.01926
1.04455
1.06924
1.10506
1.1281
1.13936
1.17204
1.18256
1.21295
1.23223
1.25069
1.26831
1.28508
1.30098
1.3086
1.33685
1.34962
1.36148
1.37241
1.38242
1.39152
1.39969
1.40694
1.41326
1.41867
1.42317
1.42677
1.42949
1.43133
1.4323
1.43243
1.43173
1.43022
1.42792
1.42484
1.42103
1.41648
1.41123
1.4053
1.39871
1.39149
1.38367
1.37527
1.36633
1.35684
1.34686
1.33641
1.32552
1.31422
1.30254
1.29048
1.27809
1.2654
1.25243
1.23922
1.22578
1.21214
1.19833
1.18438
1.17031
1.15615
1.14193
1.12766
1.11337
1.09909
1.08487
1.0707
1.04963
1.04266
1.02884
1.01517
1.00169
0.988403
0.975342
0.956207
0.943779
0.931641
0.919792
0.908257
0.897049
0.886169
0.875656
0.865509
0.855743
0.846375
0.83741
0.828865
0.816856
0.813065
0.805817
0.799011
0.789635
0.786728
0.781265
0.776253
0.771706
0.765717
0.763947
0.759308
0.75798
0.754677
0.753014
0.751785
0.750984
0.750603
0.750618
0.751045
0.751862
0.753075
0.754662
0.756615
0.758919
0.761574
0.764565
0.767876
0.771492
0.775406
0.77961
0.784073
0.788803
0.793777
0.798973
0.80439
0.810005
0.815811
0.8218
0.82795
0.834244
0.840668
0.847221
0.853882
0.860634
0.86747
0.874374
0.881332
0.888344
0.895363
0.90242
0.9095
0.916542
0.923561
0.930565
0.937523
0.944412
0.951233
0.957977
0.964622
0.971153
0.97757
0.983856
0.993019
0.996002
1.00185
1.01032
1.01576
1.02104
1.02615
1.03108
1.03584
1.04041
1.04482
1.04903
1.05305
1.05689
1.06054
1.06399
1.06724
1.07028
1.07312
1.07575
1.07816
1.08037
1.08327
1.08492
1.08636
1.08759
1.08812
1.08902
1.08971
1.09018
1.09045
1.09052
1.09024
1.08981
1.0892
1.08839
1.08741
1.08626
1.08492
1.08343
1.08179
1.07999
1.07806
1.07598
1.07377
1.06772
1.06511
1.0624
1.05961
1.05672
1.05377
1.05076
1.0477
1.04459
1.04145
1.03828
1.0351
1.03193
1.02869
1.02546
1.02226
1.01909
1.01591
1.01274
1.0096
1.00493
1.00339
1.00034
0.997307
0.994316
0.991364
0.988441
0.984146
0.982742
0.97995
0.977203
0.974518
0.970566
0.968002
0.965492
0.963036
0.960632
0.95829
0.956009
0.953789
0.951637
0.949554
0.947548
0.94561
0.943748
0.941956
0.940247
0.938622
0.93708
0.935638
0.934273
0.933014
0.931847
0.930779
0.929817
0.929375
0.928192
0.927544
0.926994
0.926544
0.926208
0.925972
0.925842
0.925812
0.92588
0.926041
0.926308
0.926666
0.927116
0.92765
0.928284
0.928993
0.929787
0.930664
0.93161
0.932632
0.933723
0.935478
0.936722
0.938019
0.939362
0.940758
0.942177
0.943642
0.945107
0.946632
0.948158
0.949684
0.95121
0.952736
0.954262
0.955788
0.957314
0.958839
0.961128
0.962608
0.963341
0.965538
0.966972
0.968376
0.96978
0.97113
0.972473
0.97377
0.975052
0.976288
0.977509
0.978683
0.979843
0.980942
0.982025
0.983063
0.98407
0.985046
0.985519
0.986885
0.98774
0.988571
0.989365
0.990112
0.990845
0.991516
0.992165
0.992775
0.993347
0.993896
0.994392
0.994881
0.995308
0.99572
0.996086
0.996429
0.996735
0.997017
0.997139
0.997482
0.997665
0.997826
0.997948
0.998055
0.998116
0.998177
0.998184
0.998184
0.998154
0.998093
0.998032
0.99791
0.997787
0.99765
0.997467
0.997284
0.997086
0.996841
0.996597
0.996353
0.996056
0.99575
0.995445
0.995132
0.994766
0.9944
0.994034
0.993668
0.993271
0.992844
0.992416
0.991989
0.991562
0.991135
0.990685
0.990196
0.989708
0.98922
0.988731
0.988243
0.987755
0.987267
0.986778
0.98629
0.985802
0.985313
0.984581
0.984337
0.983849
0.983116
0.982872
0.982384
0.981651
0.981163
0.980675
0.980431
0.979942
0.97921
0.978722
0.978233
0.977745
0.977264
0.976837
0.97641
0.975983
0.975555
0.975128
0.974701
0.974274
0.973907
0.973541
0.973175
0.972809
0.972443
0.972092
0.971786
0.971481
0.971176
0.970871
0.970573
0.970329
0.970085
0.969841
0.969597
0.969368
0.969185
0.969002
0.968819
0.968636
0.968483
0.968361
0.968239
0.968117
0.967995
0.967926
0.967865
0.967804
0.967712
0.967682
0.967682
0.967682
0.967682
0.967682
0.967697
0.967758
0.967819
0.96788
0.967941
0.968002
0.968094
0.968216
0.968338
0.96846
0.968582
0.968704
0.968826
0.968987
0.96917
0.969353
0.969536
0.969719
0.969902
0.970177
0.970268
0.970451
0.970634
0.970879
0.971245
0.971367
0.971733
0.971977
0.972221
0.972466
0.97271
0.972954
0.973198
0.973442
0.973686
0.97393
0.974174
0.974419
0.974785
0.974907
0.975151
0.975395
0.975639
0.976006
0.976128
0.976372
0.976616
0.97686
0.977226
0.977348
0.977592
0.977837
0.978081
0.978447
0.978561
0.978745
0.978928
0.979111
0.979385
0.979477
0.97966
0.979935
0.980118
0.980301
0.980484
0.980667
0.98085
0.981033
0.981194
0.981316
0.981438
0.98156
0.981682
0.981804
0.981926
0.982048
0.98217
0.982292
0.982414
0.982536
0.982658
0.982742
0.982803
0.982864
0.982925
0.982986
0.983047
0.983109
0.98317
0.983231
0.983292
0.983353
0.983414
0.983475
0.983536
0.983589
0.983589
0.983589
0.983589
0.983589
0.983589
0.983589
0.983589
0.983589
0.983589
0.983589
0.983589
0.983589
0.983589
0.983589
0.983589
0.983589
0.983589
0.983589
0.983589
0.983589
0.983589
0.983589
0.983589
0.983528
0.983498
0.983406
0.983345
0.983284
0.983223
0.983162
0.983101
0.98304
0.982979
0.982918
0.982857
0.982796
0.982735
0.982674
0.982613
0.982552
0.982491
0.98243
0.982368
0.982307
0.982246
0.982185
0.982124
0.982063
0.982002
0.981941
0.98188
0.981789
0.981728
0.981697
0.981644
0.981644
0.981644
0.981644
0.981644
0.981644
0.981644
0.981644
0.981644
0.981644
0.981644
0.981644
0.981644
0.981644
0.981644
0.981644
0.981644
0.981644
0.981644
0.981644
0.981644
0.981644
0.981644
0.981644
0.981644
0.981644
0.981644
0.981644
0.981644
0.981644
0.981644
0.981644
0.981644
0.981644
0.981644
0.981644
0.981644
0.981644
0.981644
0.981644
0.981674
0.981735
0.981796
0.981857
0.981949
0.98201
0.982071
0.982132
0.982162
0.982254
0.982315
0.982376
0.982437
0.982498
0.982559
0.98262
0.982681
0.982742
0.982803
0.982864
0.982925
0.982986
0.983047
0.983109
0.98317
0.983231
0.983292
0.983353
0.983414
0.983475
0.983536
0.983597
0.983658
0.983719
0.98378
0.98381
0.983902
0.983963
0.984024
0.984085
0.984146
0.984207
0.984268
0.984329
0.98439
0.984451
0.984512
0.984573
0.984634
0.984695
0.984756
0.984818
0.984879
0.98494
0.985001
0.985062
0.985123
0.985184
0.985245
0.985306
0.985367
0.985428
0.985489
0.98555
0.985611
0.985672
0.985733
0.985794
0.985886
0.985916
0.985977
0.986038
0.986099
0.98613
0.98613
0.98613
0.98613
0.98613
0.98613
0.98613
0.98613
0.98613
0.98613
0.98613
0.98613
0.98613
0.98613
0.98613
0.98613
0.98613
0.98613
0.98613
0.98613
0.98613
0.98613
0.98613
0.98613
0.98613
0.98613
0.98613
0.98613
0.98613
0.98613
0.98613
0.98613
0.98613
0.98613
0.98613
0.98613
0.98613
0.98613
0.98613
0.98613
0.98613
0.98613
0.98613
0.98613
0.98613
0.98613
0.98613
0.98613
0.98613
0.98613
0.98613
0.98613
0.98613
0.98613
0.98613
0.98613
0.98613
0.98613
0.98613
0.98613
0.98613
0.98613
0.98613
0.98613
0.98613
0.98613
0.98613
0.98613
0.98613
0.98613
0.98613
0.98613
0.98613
0.98613
0.98613
0.986168
0.986229
0.98629
0.986351
0.986412
0.986473
0.986534
0.986595
0.986656
0.986717
0.986778
0.986839
0.9869
0.986961
0.987022
0.987083
0.987144
0.987206
0.987267
0.987328
0.987389
0.98745
0.987541
0.987572
0.987663
0.987694
0.987785
0.987846
0.987907
0.987968
0.988029
0.988091
0.988152
0.988213
0.988274
0.988335
0.988396
0.988457
0.988487
0.988548
0.988548
0.988548
0.988548
0.988548
0.988548
0.988548
0.988548
0.988548
0.988548
0.988548
0.988548
0.988548
0.988548
0.988548
0.988548
0.988548
0.988548
0.988548
0.988548
0.988548
0.988548
0.988548
0.988548
0.988548
0.988548
0.988548
0.988548
0.988548
0.988548
0.988548
0.988548
0.988548
0.988548
0.988548
0.988548
0.988548
0.988548
0.988548
0.988548
0.988548
0.988548
0.988548
0.988548
0.988548
0.988548
0.988548
0.988548
0.988548
0.988548
0.988548
0.988548
0.988548
0.988548
0.988548
0.988548
0.988548
0.988548
0.988548
0.988548
0.988548
0.988548
0.988548
0.988548
0.988548
0.988548
0.988548
0.988548
0.988548
0.988548
0.988548
0.988548
0.988548
0.988548
0.988594
0.988655
0.988716
0.988777
0.988838
0.988899
0.98896
0.989021
0.989082
0.989143
0.989204
0.989265
0.989326
0.989388
0.989449
0.98954
0.989601
0.989662
0.989723
0.989784
0.989845
0.989906
0.989967
0.990028
0.990089
0.99012
0.990211
0.990273
0.990334
0.990395
0.990456
0.990501
0.990501
0.990501
0.990501
0.990501
0.990501
0.990501
0.990501
0.990501
0.990501
0.990501
0.990501
0.990501
0.990501
0.990501
0.990501
0.990501
0.990501
0.990501
0.990501
0.990501
0.990501
0.990501
0.990501
0.990501
0.990501
0.990501
0.990501
0.990501
