0
0
0
0
0
4.57765e-05
0.000137329
0.00024414
0.0014801
0.00289917
0.00507355
0.00818634
0.0123291
0.0148315
0.024231
0.0321579
0.0414734
0.0521927
0.0643234
0.0778656
0.0927811
0.109032
0.126564
0.145325
0.165245
0.186272
0.208321
0.231339
0.255272
0.280045
0.305603
0.331871
0.358788
0.386299
0.414345
0.442856
0.471771
0.50103
0.530571
0.560341
0.590286
0.620346
0.66552
0.69561
0.725632
0.740601
0.78524
0.81472
0.843918
0.872772
0.901237
0.929283
0.956841
0.970436
1.01036
1.03624
1.06149
1.08607
1.10996
1.12164
1.15556
1.17722
1.1981
1.21815
1.23738
1.25575
1.27326
1.28989
1.30563
1.32045
1.33437
1.34736
1.35942
1.37054
1.38074
1.39
1.39832
1.40571
1.41508
1.41773
1.42238
1.42612
1.42897
1.43161
1.4323
1.43214
1.43176
1.42938
1.42682
1.42349
1.4194
1.4146
1.4091
1.40293
1.39611
1.38866
1.38062
1.37201
1.36286
1.35319
1.34303
1.33244
1.3214
1.30998
1.29819
1.28604
1.27358
1.26084
1.24784
1.23461
1.22117
1.20755
1.19377
1.17987
1.16586
1.15179
1.13766
1.1235
1.10934
1.09521
1.08114
1.06714
1.05325
1.03947
1.02586
1.01241
0.999153
0.986115
0.973297
0.960724
0.948418
0.936386
0.924637
0.913193
0.902061
0.891266
0.875725
0.870728
0.856293
0.851669
0.842728
0.83007
0.826057
0.814659
0.811073
0.80098
0.797829
0.781273
0.776657
0.772476
0.768745
0.765472
0.762634
0.760246
0.758324
0.756828
0.755806
0.755226
0.755074
0.755356
0.756042
0.757141
0.758629
0.76049
0.762718
0.765297
0.768204
0.771439
0.774986
0.778824
0.782951
0.787346
0.794434
0.799446
0.804688
0.810143
0.815788
0.821617
0.827606
0.833763
0.84005
0.846458
0.852982
0.859604
0.866302
0.87307
0.87989
0.886742
0.893639
0.900536
0.907433
0.91433
0.917778
0.928047
0.934837
0.944901
0.948219
0.954781
0.961243
0.967606
0.976921
0.979958
0.985931
0.994614
1.00022
1.00566
1.01094
1.01606
1.01855
1.02579
1.0304
1.03482
1.03908
1.04316
1.04706
1.05078
1.05432
1.05768
1.06085
1.06384
1.06663
1.06923
1.07163
1.07383
1.07583
1.07762
1.07921
1.08059
1.08177
1.08275
1.08383
1.0843
1.08459
1.08467
1.08456
1.08427
1.08379
1.08313
1.08231
1.0813
1.08013
1.0788
1.07733
1.07571
1.07394
1.07204
1.07001
1.06786
1.0656
1.06322
1.06075
1.05819
1.0542
1.05145
1.04865
1.04722
1.04435
1.03996
1.03699
1.034
1.03101
1.02802
1.02503
1.02204
1.01905
1.01606
1.01309
1.01016
1.00723
1.00434
1.00147
0.998634
0.995827
0.993057
0.990311
0.987625
0.984962
0.982338
0.979767
0.977226
0.974724
0.972282
0.969879
0.967522
0.96521
0.962952
0.960754
0.957558
0.95549
0.953484
0.951538
0.949654
0.947838
0.946091
0.944412
0.942802
0.941269
0.939819
0.93779
0.937149
0.935944
0.934822
0.933311
0.932426
0.932022
0.930931
0.930328
0.929825
0.929428
0.929131
0.928925
0.928825
0.928802
0.928886
0.929184
0.929329
0.929893
0.930367
0.930931
0.931236
0.932686
0.933517
0.934418
0.935379
0.936409
0.937492
0.938629
0.939819
0.94104
0.942322
0.943626
0.944969
0.946312
0.947708
0.949112
0.950516
0.95192
0.953323
0.954727
0.956131
0.957535
0.958939
0.960342
0.961746
0.963142
0.964485
0.965828
0.967827
0.968468
0.97039
0.971642
0.972862
0.973473
0.974655
0.976395
0.977493
0.979118
0.980156
0.981163
0.981651
0.983078
0.983994
0.984863
0.985718
0.986519
0.987305
0.988037
0.988747
0.989418
0.990364
0.990669
0.991508
0.992035
0.992523
0.992981
0.993408
0.993797
0.994164
0.994492
0.994797
0.995071
0.995316
0.995529
0.995712
0.99588
0.996063
0.996124
0.996185
0.996246
0.996277
0.996277
0.996246
0.996185
0.996124
0.996017
0.995895
0.995773
0.995605
0.995422
0.995239
0.995026
0.994781
0.994537
0.994293
0.994003
0.993698
0.993393
0.993088
0.99276
0.992393
0.992027
0.991661
0.991295
0.990929
0.990524
0.989883
0.98967
0.989243
0.988815
0.988174
0.987961
0.987534
0.987106
0.986443
0.985954
0.98571
0.984978
0.984489
0.984001
0.983513
0.983025
0.982536
0.982048
0.98156
0.981071
0.980598
0.980171
0.979744
0.979317
0.978676
0.978462
0.978035
0.977394
0.97718
0.97654
0.976112
0.975746
0.97538
0.975014
0.974648
0.974281
0.973915
0.973564
0.973259
0.972954
0.972649
0.972191
0.972038
0.971764
0.971519
0.971275
0.971031
0.970787
0.970543
0.97036
0.970177
0.969994
0.96981
0.969627
0.969429
0.969368
0.969185
0.969124
0.968941
0.96888
0.968849
0.968758
0.968697
0.968636
0.968613
0.968613
0.968613
0.968613
0.968613
0.968613
0.968666
0.968727
0.968788
0.968849
0.96891
0.968971
0.969055
0.969177
0.969299
0.969421
0.969543
0.969666
0.969849
0.969971
0.970047
0.97023
0.970505
0.970596
0.970871
0.971054
0.971146
0.971329
0.971512
0.971786
0.97197
0.972153
0.972336
0.972519
0.972725
0.972969
0.973213
0.973457
0.973701
0.973946
0.97419
0.974434
0.974678
0.974922
0.975166
0.97541
0.975655
0.975899
0.976143
0.976387
0.976631
0.976875
0.977097
0.97728
0.977463
0.977646
0.977829
0.978012
0.978195
0.978378
0.978561
0.978745
0.978928
0.979111
0.979294
0.979477
0.97966
0.979843
0.980026
0.980209
0.980392
0.980553
0.980675
0.980858
0.980919
0.981041
0.981163
0.981285
0.981468
0.981529
0.981651
0.981773
0.981895
0.982079
0.98214
0.982262
0.982346
0.982407
0.982498
0.982529
0.98259
0.982651
0.982712
0.982803
0.982864
0.982895
0.982986
0.983017
0.983109
0.98317
0.983231
0.983292
0.983292
0.983292
0.983292
0.983292
0.983292
0.983292
0.983292
0.983292
0.983292
0.983292
0.983292
0.983292
0.983292
0.983292
0.983292
0.983292
0.983292
0.983292
0.983292
0.983292
0.983292
0.983292
0.983292
0.983292
0.983292
0.983292
0.983292
0.983292
0.983292
0.983292
0.983261
0.98317
0.983139
0.983078
0.983017
0.982925
0.982864
0.982834
0.982742
0.982712
0.982651
0.982559
0.982498
0.982468
0.982407
0.982346
0.982254
0.982193
0.982132
0.982071
0.98201
0.98201
0.98201
0.98201
0.98201
0.98201
0.98201
0.98201
0.98201
0.98201
0.98201
0.98201
0.98201
0.98201
0.98201
0.98201
0.98201
0.98201
0.98201
0.98201
0.98201
0.98201
0.98201
0.98201
0.98201
0.98201
0.98201
0.98201
0.98201
0.98201
0.98201
0.98201
0.98201
0.98201
0.98201
0.98201
0.98201
0.98201
0.98201
0.98201
0.98201
0.98201
0.98201
0.98201
0.98201
0.98201
0.98201
0.98201
0.98201
0.982056
0.982117
0.982178
0.982239
0.9823
0.982361
0.982422
0.982483
0.982544
0.982605
0.982697
0.982758
0.982819
0.98288
0.982941
0.983002
0.983063
0.983124
0.983185
0.983246
0.983307
0.983368
0.983429
0.98349
0.983551
0.983612
0.983673
0.983734
0.983795
0.983856
0.983917
0.983978
0.984039
0.9841
0.984161
0.984253
0.984314
0.984344
0.984406
0.984497
0.984528
0.984619
0.98465
0.984711
0.984772
0.984863
0.984924
0.984985
0.985046
0.985107
0.985168
0.985229
0.985291
0.985352
0.985413
0.985474
0.985535
0.985596
0.985657
0.985718
0.985779
0.98584
0.985901
0.985962
0.986
0.986
0.986
0.986
0.986
0.986
0.986
0.986
0.986
0.986
0.986
0.986
0.986
0.986
0.986
0.986
0.986
0.986
0.986
0.986
0.986
0.986
0.986
0.986
0.986
0.986
0.986
0.986
0.986
0.986
0.986
0.986
0.986
0.986
0.986
0.986
0.986
0.986
0.986
0.986
0.986
0.986
0.986
0.986
0.986
0.986
0.986
0.986
0.986
0.986
0.986
0.986
0.986
0.986
0.986
0.986
0.986
0.986
0.986
0.986
0.986
0.986
0.986
0.986
0.986
0.986
0.986
0.986
0.986008
0.986069
0.98613
0.986191
0.986252
0.986313
0.986374
0.986435
0.986496
0.986557
0.986618
0.986679
0.98674
0.986801
0.986862
0.986923
0.986984
0.987045
0.987106
0.987167
0.987228
0.987289
0.98735
0.987411
0.987473
0.987534
0.987625
0.987686
0.987717
0.987778
0.987869
0.98793
0.987991
0.988022
0.988113
0.988174
0.988235
0.988258
0.988258
0.988258
0.988258
0.988258
0.988258
0.988258
0.988258
0.988258
0.988258
0.988258
0.988258
0.988258
0.988258
0.988258
0.988258
0.988258
0.988258
0.988258
0.988258
0.988258
0.988258
0.988258
0.988258
0.988258
0.988258
0.988258
0.988258
0.988258
0.988258
0.988258
0.988258
0.988258
0.988258
0.988258
0.988258
0.988258
0.988258
0.988258
0.988258
0.988258
0.988258
0.988258
0.988258
0.988258
0.988258
0.988258
0.988258
0.988258
0.988258
0.988258
0.988258
0.988258
0.988258
0.988258
0.988258
0.988258
0.988258
0.988258
0.988258
0.988258
0.988258
0.988258
0.988258
0.988258
0.988258
0.988258
0.988327
0.988358
0.988419
0.98848
0.988541
0.988602
0.988663
0.988754
0.988785
0.988846
0.988937
0.988998
0.989059
0.98912
0.989182
0.989243
0.989304
0.989365
0.989426
0.989487
0.989548
0.989609
0.98967
0.989731
0.989792
0.989853
0.989914
0.989975
0.990036
0.990097
0.99015
0.99015
0.99015
0.99015
0.99015
0.99015
0.99015
0.99015
0.99015
0.99015
0.99015
0.99015
0.99015
0.99015
0.99015
0.99015
0.99015
0.99015
0.99015
0.99015
0.99015
0.99015
0.99015
0.99015
0.99015
0.99015
0.99015
0.99015
0.99015
0.99015
0.99015
0.99015
0.99015
0.99015
0.99015
0.99015
0.99015
0.99015
0.99015
0.99015
0.99015
0.99015
0.99015
0.99015
0.99015
0.99015
0.99015
0.99015
0.99015
0.99015
0.99015
0.99015
0.99015
0.99015
