0
0
0
0
0
4.57765e-05
0.000137328
0.000411987
0.0014801
0.00210571
0.00388336
0.00650787
0.0123291
0.0176392
0.0207748
0.0280228
0.0366364
0.0521927
0.0580902
0.0709305
0.0927887
0.109047
0.126587
0.135818
0.165306
0.186348
0.208443
0.231491
0.255432
0.280197
0.30571
0.331917
0.358727
0.386101
0.413956
0.442223
0.470848
0.499771
0.528931
0.558281
0.587753
0.617294
0.646835
0.676376
0.705833
0.735161
0.76432
0.793251
0.82193
0.850304
0.878334
0.905975
0.933189
0.959953
0.986206
1.01192
1.04941
1.0616
1.0855
1.10875
1.13131
1.1638
1.17426
1.20445
1.21412
1.23285
1.25938
1.276
1.29176
1.30663
1.31373
1.33369
1.34586
1.35712
1.36747
1.37689
1.3854
1.39299
1.39967
1.40543
1.4103
1.41429
1.4174
1.41963
1.42102
1.42156
1.42129
1.4202
1.41833
1.4157
1.41231
1.4082
1.40338
1.39789
1.39175
1.38497
1.37759
1.36962
1.36111
1.35205
1.3425
1.33247
1.31663
1.31114
1.29987
1.28825
1.27019
1.26402
1.25148
1.23869
1.2257
1.20586
1.19244
1.17892
1.16529
1.1516
1.13787
1.12414
1.1104
1.09673
1.08311
1.0696
1.05621
1.04295
1.02986
1.01696
1.00425
0.99176
0.979492
0.967468
0.955688
0.944176
0.932938
0.921982
0.911324
0.900986
0.890976
0.881302
0.871979
0.863007
0.854408
0.842232
0.838371
0.830933
0.823906
0.817284
0.808121
0.805267
0.799889
0.794937
0.788292
0.786293
0.780914
0.780914
0.775215
0.772987
0.771164
0.769753
0.768738
0.76812
0.767883
0.768028
0.768547
0.769432
0.771431
0.77227
0.7742
0.776459
0.779037
0.781921
0.786797
0.788567
0.79229
0.796288
0.800529
0.80732
0.809692
0.81459
0.819679
0.82766
0.833183
0.838852
0.844658
0.850586
0.853592
0.862755
0.868965
0.875244
0.881584
0.887955
0.894363
0.900772
0.907181
0.913589
0.919998
0.926361
0.932686
0.938957
0.94516
0.951286
0.957321
0.963257
0.969086
0.974792
0.980377
0.985832
0.99115
0.99633
1.00136
1.00624
1.01097
1.01556
1.01998
1.02426
1.02838
1.03234
1.03616
1.03981
1.0433
1.04823
1.04979
1.0528
1.05565
1.05833
1.06203
1.06429
1.06636
1.06825
1.06997
1.0715
1.07284
1.074
1.07497
1.07574
1.07634
1.07674
1.07697
1.07701
1.07688
1.07657
1.07609
1.07545
1.07465
1.07368
1.07257
1.07131
1.06992
1.06838
1.06672
1.064
1.06204
1.06103
1.05892
1.05672
1.05328
1.05209
1.04844
1.04719
1.04466
1.04079
1.03948
1.03552
1.03284
1.03015
1.02747
1.02478
1.02209
1.01941
1.01672
1.01404
1.01135
1.00867
1.00604
1.00342
1.00081
0.998245
0.995682
0.993172
0.990669
0.98822
0.985779
0.983398
0.981033
0.978714
0.976425
0.974167
0.97197
0.969803
0.967674
0.965599
0.96357
0.961586
0.959648
0.957756
0.955925
0.954147
0.952423
0.95076
0.949158
0.947617
0.945419
0.944717
0.943367
0.941467
0.940865
0.93972
0.938126
0.937637
0.936279
0.93586
0.934731
0.934082
0.933517
0.933044
0.932655
0.93235
0.932137
0.932007
0.931969
0.932014
0.932152
0.932365
0.932655
0.933037
0.933495
0.934029
0.934631
0.93531
0.936058
0.936867
0.937729
0.938644
0.939621
0.940636
0.941673
0.942772
0.943871
0.94503
0.94619
0.947365
0.948586
0.950417
0.951637
0.952858
0.954079
0.955299
0.95652
0.957741
0.958961
0.960182
0.960793
0.962624
0.963814
0.964973
0.966133
0.967293
0.968407
0.969505
0.970604
0.971657
0.972694
0.973724
0.974701
0.975677
0.976616
0.977531
0.978432
0.979286
0.980133
0.980927
0.98172
0.98246
0.983192
0.983887
0.984558
0.985199
0.985809
0.986397
0.986946
0.987488
0.987976
0.988464
0.988899
0.989326
0.989716
0.990082
0.990433
0.990738
0.991043
0.991287
0.991531
0.991745
0.991928
0.992111
0.992233
0.992355
0.992462
0.992523
0.992584
0.992622
0.992622
0.992622
0.992599
0.992538
0.992477
0.992348
0.992287
0.992104
0.991982
0.99189
0.991615
0.991524
0.991249
0.991013
0.990768
0.990524
0.99028
0.990036
0.989746
0.989441
0.989136
0.988831
0.988525
0.98822
0.987915
0.987549
0.987183
0.986816
0.98645
0.986084
0.985535
0.985352
0.984802
0.984619
0.984253
0.983704
0.983521
0.983154
0.982788
0.982239
0.981873
0.981506
0.98114
0.980774
0.980408
0.980042
0.979675
0.979309
0.978943
0.978577
0.97821
0.977844
0.977478
0.977112
0.976799
0.976494
0.976189
0.975883
0.975578
0.975273
0.974968
0.974663
0.974373
0.974129
0.973885
0.97364
0.973396
0.973152
0.972908
0.972672
0.972488
0.972305
0.972122
0.971939
0.971756
0.971573
0.971428
0.971306
0.971184
0.971062
0.97094
0.970818
0.97068
0.97065
0.970589
0.970528
0.970467
0.970406
0.970329
0.970329
0.970329
0.970329
0.970329
0.970329
0.970329
0.970345
0.970406
0.970467
0.970528
0.970589
0.97065
0.970711
0.970772
0.97084
0.970963
0.971085
0.971207
0.971329
0.971451
0.971573
0.971695
0.971817
0.971939
0.972061
0.97226
0.972351
0.972534
0.972717
0.9729
0.973175
0.973267
0.97345
0.973633
0.973816
0.974091
0.974182
0.974457
0.974548
0.974731
0.975006
0.975098
0.975372
0.975555
0.975739
0.975922
0.976105
0.976288
0.976471
0.976654
0.976837
0.97702
0.977203
0.977386
0.97757
0.977753
0.977936
0.978119
0.978302
0.978485
0.978668
0.978851
0.979034
0.979218
0.979401
0.979576
0.979698
0.97982
0.979942
0.980064
0.980186
0.980309
0.980431
0.980553
0.980675
0.980797
0.980919
0.981041
0.981163
0.981285
0.981407
0.981529
0.981651
0.981773
0.981873
0.981934
0.982025
0.982086
0.982117
0.982208
0.982269
0.98233
0.982391
0.982452
0.982513
0.982574
0.982635
0.982697
0.982788
0.982849
0.98291
0.982971
0.983032
0.983063
0.983063
0.983063
0.983063
0.983063
0.983063
0.983063
0.983063
0.983063
0.983063
0.983063
0.983063
0.983063
0.983063
0.983063
0.983063
0.983063
0.983063
0.983063
0.983063
0.983063
0.983063
0.983063
0.983063
0.983063
0.983063
0.983063
0.983063
0.983063
0.983063
0.983063
0.983063
0.983063
0.983063
0.983063
0.983063
0.983063
0.983063
0.983063
0.983063
0.983063
0.983063
0.983063
0.983063
0.983063
0.983063
0.983063
0.983063
0.983063
0.983063
0.983063
0.983063
0.983063
0.983063
0.983063
0.983063
0.983063
0.983063
0.983063
0.983063
0.983063
0.983063
0.983063
0.983063
0.983063
0.983063
0.983063
0.983063
0.983063
0.983063
0.983063
0.983063
0.983063
0.983063
0.983063
0.983063
0.983063
0.983063
0.983063
0.983063
0.983063
0.983063
0.983063
0.983063
0.983063
0.983063
0.983063
0.983063
0.983063
0.983063
0.983063
0.983063
0.983063
0.983063
0.983063
0.983063
0.983063
0.983063
0.983063
0.983063
0.983063
0.983063
0.983063
0.983063
0.983063
0.983063
0.983063
0.983063
0.983063
0.983063
0.983063
0.983063
0.983063
0.983063
0.983063
0.983063
0.983063
0.98307
0.983131
0.983192
0.983284
0.983315
0.983406
0.983437
0.983528
0.983589
0.98362
0.983681
0.983772
0.983833
0.983894
0.983925
0.984016
0.984077
0.984138
0.9842
0.984261
0.984322
0.984383
0.984444
0.984505
0.984566
0.984627
0.984688
0.984749
0.98481
0.984871
0.984932
0.984993
0.985054
0.985115
0.985176
0.985237
0.985298
0.985359
0.98542
0.985481
0.985542
0.985603
0.985664
0.985725
0.985786
0.985847
0.985909
0.986
0.986061
0.986122
0.986183
0.986244
0.986305
0.986366
0.986427
0.986488
0.986511
0.986511
0.986511
0.986511
0.986511
0.986511
0.986511
0.986511
0.986511
0.986511
0.986511
0.986511
0.986511
0.986511
0.986511
0.986511
0.986511
0.986511
0.986511
0.986511
0.986511
0.986511
0.986511
0.986511
0.986511
0.986511
0.986511
0.986511
0.986511
0.986511
0.986511
0.986511
0.986511
0.986511
0.986511
0.986511
0.986511
0.986511
0.986511
0.986511
0.986511
0.986511
0.986511
0.986511
0.986511
0.986511
0.986511
0.986511
0.986511
0.986511
0.986511
0.986511
0.986511
0.986511
0.986511
0.986511
0.986511
0.986511
0.986511
0.986511
0.986511
0.986511
0.986511
0.986511
0.986511
0.986511
0.986511
0.986511
0.986534
0.986595
0.986656
0.986717
0.986778
0.986839
0.9869
0.986992
0.987053
0.987114
0.987175
0.987236
0.987297
0.987358
0.987419
0.98748
0.987572
0.987633
0.987694
0.987755
0.987816
0.987877
0.987938
0.987999
0.98806
0.988121
0.988182
0.988243
0.988304
0.988365
0.988426
0.988487
0.988548
0.988609
0.988647
0.988647
0.988647
0.988647
0.988647
0.988647
0.988647
0.988647
0.988647
0.988647
0.988647
0.988647
0.988647
0.988647
0.988647
0.988647
0.988647
0.988647
0.988647
0.988647
0.988647
0.988647
0.988647
0.988647
0.988647
0.988647
0.988647
0.988647
0.988647
0.988647
0.988647
0.988647
0.988647
0.988647
0.988647
0.988647
0.988647
0.988647
0.988647
0.988647
0.988647
0.988647
0.988647
0.988647
0.988647
0.988647
0.988647
0.988647
0.988647
0.988647
0.988647
0.988647
0.988647
0.988647
0.988647
0.988647
0.988647
0.988647
0.988647
0.988647
0.988647
0.988647
0.988647
0.988647
0.988647
0.988647
0.988647
0.988647
0.988708
0.98877
0.988831
0.988892
0.988953
0.989044
0.989105
0.989136
0.989227
0.989288
0.989349
0.98941
0.989471
0.989532
0.989594
0.989655
0.989685
0.989777
0.989838
0.989899
0.98996
0.990021
0.990082
0.990143
0.990204
0.990265
0.990326
0.990387
0.990402
0.990402
0.990402
0.990402
0.990402
0.990402
0.990402
0.990402
0.990402
0.990402
0.990402
0.990402
0.990402
0.990402
0.990402
0.990402
0.990402
0.990402
0.990402
0.990402
0.990402
0.990402
0.990402
0.990402
0.990402
0.990402
0.990402
0.990402
0.990402
0.990402
0.990402
0.990402
0.990402
0.990402
0.990402
0.990402
0.990402
