0
6.10353e-05
6.10353e-05
6.10353e-05
6.10353e-05
0.000114441
0.000205994
0.000480652
0.00107574
0.00154877
0.00395203
0.00657654
0.0101852
0.0149002
0.0208435
0.0280914
0.036705
0.0467224
0.0581665
0.0710144
0.0852509
0.100853
0.117775
0.135963
0.15535
0.175873
0.197464
0.220047
0.243584
0.280495
0.29319
0.319122
0.345718
0.37291
0.40065
0.428841
0.471863
0.486366
0.530266
0.559792
0.589447
0.604309
0.648949
0.678665
0.70829
0.723045
0.767029
0.796043
0.824753
0.853119
0.881088
0.908638
0.935707
0.962265
0.988266
1.01368
1.03848
1.06262
1.08608
1.10885
1.13087
1.15214
1.17262
1.19231
1.21117
1.22921
1.24641
1.26273
1.2782
1.29278
1.30648
1.31928
1.33121
1.34223
1.35236
1.3616
1.36995
1.37742
1.38401
1.38972
1.39458
1.39857
1.40173
1.40406
1.406
1.4063
1.40581
1.40455
1.40253
1.39979
1.39632
1.38984
1.38467
1.37887
1.37245
1.36544
1.35786
1.34975
1.34111
1.33199
1.32241
1.30724
1.29663
1.28566
1.27435
1.25678
1.24473
1.23861
1.2199
1.2072
1.19433
1.18133
1.16823
1.15505
1.14182
1.12858
1.11533
1.10213
1.08897
1.07588
1.06289
1.04362
1.03726
1.02468
1.01226
1.00003
0.987999
0.970375
0.964607
0.953278
0.9422
0.931396
0.920883
0.905663
0.900749
0.891167
0.881912
0.868683
0.860306
0.852295
0.844666
0.837418
0.830559
0.824097
0.818039
0.812378
0.807137
0.802307
0.797897
0.793892
0.790298
0.787125
0.784363
0.781998
0.780037
0.778465
0.777298
0.776505
0.776093
0.776047
0.776367
0.777046
0.778069
0.779434
0.782089
0.784264
0.786736
0.789497
0.792549
0.795876
0.799461
0.803307
0.807373
0.811676
0.816185
0.8209
0.825798
0.830872
0.836113
0.841507
0.847046
0.852707
0.858482
0.864365
0.870331
0.876389
0.882507
0.888672
0.894897
0.904259
0.907402
0.913689
0.923088
0.929314
0.935516
0.941673
0.947762
0.953781
0.959724
0.965561
0.974113
0.979668
0.985092
0.990387
0.995529
1.00053
1.00538
1.01007
1.01682
1.02112
1.02526
1.02924
1.03305
1.03671
1.04019
1.04352
1.04668
1.04968
1.05252
1.0552
1.05769
1.06002
1.06217
1.06415
1.06595
1.06757
1.069
1.07025
1.07133
1.07222
1.07322
1.07346
1.07381
1.07401
1.07398
1.07366
1.07347
1.07266
1.07192
1.07103
1.07053
1.06882
1.0675
1.06605
1.06528
1.06364
1.06098
1.05907
1.05708
1.05499
1.05283
1.05059
1.04829
1.04594
1.04353
1.04109
1.0386
1.0361
1.03357
1.03101
1.02844
1.02588
1.02332
1.02075
1.01819
1.01562
1.01306
1.00922
1.00794
1.00419
1.00169
0.999207
0.996765
0.994324
0.991928
0.989548
0.987206
0.984886
0.982605
0.980347
0.978142
0.974892
0.972763
0.970688
0.968658
0.96666
0.964706
0.962814
0.960968
0.959167
0.95742
0.955727
0.954086
0.952499
0.950974
0.949509
0.948097
0.946747
0.945457
0.944229
0.943069
0.941978
0.940948
0.939987
0.939087
0.938255
0.937492
0.936806
0.936188
0.935654
0.935196
0.934814
0.934525
0.934303
0.934158
0.934097
0.93412
0.934219
0.934402
0.934662
0.934998
0.935402
0.935875
0.936722
0.937035
0.937714
0.938446
0.93924
0.940506
0.941422
0.941879
0.943336
0.944344
0.945381
0.946419
0.947517
0.948616
0.949715
0.950813
0.951973
0.953133
0.954292
0.955452
0.956612
0.957771
0.958931
0.960091
0.96125
0.962357
0.963455
0.964554
0.965652
0.966751
0.967804
0.968842
0.969879
0.970901
0.971878
0.972855
0.973808
0.974724
0.975639
0.976517
0.977371
0.978218
0.979012
0.979805
0.980553
0.981285
0.981995
0.982666
0.983337
0.984253
0.984558
0.985123
0.985672
0.986191
0.986923
0.987373
0.987801
0.988014
0.988396
0.988945
0.989105
0.989563
0.989845
0.990089
0.990334
0.990524
0.990707
0.990883
0.991005
0.991127
0.991226
0.991287
0.991348
0.991386
0.991386
0.991386
0.991379
0.991318
0.991257
0.991196
0.991096
0.990974
0.990852
0.990662
0.99057
0.990387
0.990204
0.989929
0.98983
0.989586
0.989342
0.989098
0.988853
0.988609
0.98835
0.988045
0.98774
0.987282
0.986977
0.986824
0.986519
0.986214
0.985909
0.985397
0.985214
0.984665
0.984482
0.983932
0.983566
0.9832
0.982834
0.982468
0.982101
0.981735
0.981369
0.981003
0.980637
0.98027
0.979904
0.979538
0.979172
0.978806
0.978271
0.977966
0.977661
0.977356
0.977051
0.976746
0.97644
0.976135
0.97583
0.975525
0.97522
0.974846
0.974724
0.97448
0.974236
0.973991
0.973747
0.973503
0.973259
0.973076
0.972801
0.97271
0.972435
0.972343
0.972069
0.971916
0.971794
0.971672
0.971611
0.971428
0.971306
0.971184
0.971115
0.971054
0.970993
0.970932
0.970871
0.97081
0.970749
0.970749
0.970749
0.970749
0.970749
0.970749
0.970749
0.970749
0.970787
0.970848
0.970909
0.97097
0.971031
0.971092
0.971153
0.971214
0.971275
0.971458
0.971581
0.971642
0.971764
0.971886
0.972069
0.972191
0.972313
0.972435
0.972557
0.972679
0.972801
0.972961
0.973145
0.973328
0.973511
0.973694
0.973877
0.97406
0.974243
0.974426
0.974609
0.974792
0.974976
0.975159
0.975342
0.975525
0.975708
0.975891
0.976074
0.976257
0.97644
0.976624
0.976807
0.977081
0.977173
0.977356
0.977539
0.977722
0.977905
0.978088
0.978363
0.978455
0.978729
0.978912
0.979095
0.979279
0.979401
0.979523
0.979706
0.979828
0.97995
0.980072
0.980194
0.980316
0.980377
0.98056
0.980682
0.980804
0.980927
0.981049
0.981171
0.981354
0.981476
0.981598
0.981689
0.98175
0.981812
0.981873
0.981934
0.981995
0.982056
0.982117
0.982178
0.982239
0.9823
0.982361
0.982422
0.982513
0.982574
0.982635
0.982697
0.982758
0.982819
0.98288
0.982925
0.982925
0.982925
0.982925
0.982925
0.982925
0.982925
0.982925
0.982925
0.982925
0.982925
0.982925
0.982925
0.982925
0.982925
0.982925
0.982925
0.982925
0.982925
0.982925
0.982925
0.982925
0.982925
0.982925
0.982925
0.982925
0.982925
0.982925
0.982925
0.982925
0.982925
0.982925
0.982925
0.982925
0.982925
0.982925
0.982925
0.982925
0.982925
0.982925
0.982925
0.982925
0.982925
0.982925
0.982925
0.982925
0.982925
0.982925
0.982925
0.982925
0.982925
0.982925
0.982925
0.982925
0.982925
0.982925
0.982925
0.982925
0.982925
0.982925
0.982925
0.982925
0.982925
0.982925
0.982925
0.982925
0.982925
0.982925
0.982925
0.982925
0.982925
0.982925
0.982925
0.982925
0.982925
0.982925
0.982925
0.982925
0.982925
0.982925
0.982925
0.982925
0.982925
0.982925
0.982925
0.982925
0.982925
0.982925
0.982925
0.982925
0.982925
0.982925
0.982925
0.982925
0.982925
0.982925
0.982925
0.982925
0.982925
0.982925
0.982925
0.982925
0.982925
0.982925
0.982925
0.982925
0.982925
0.982925
0.982925
0.982925
0.982925
0.982925
0.982925
0.982941
0.982971
0.983063
0.983124
0.983185
0.983246
0.983307
0.983368
0.983429
0.98349
0.983551
0.983612
0.983673
0.983734
0.983795
0.983856
0.983917
0.983978
0.984039
0.9841
0.984161
0.984222
0.984283
0.984344
0.984406
0.984467
0.984528
0.984589
0.98465
0.984741
0.984802
0.984833
0.984894
0.984985
0.985046
0.985107
0.985168
0.985229
0.985291
0.985352
0.985413
0.985474
0.985535
0.985626
0.985687
0.985748
0.985809
0.98587
0.985962
0.986023
0.986084
0.986145
0.986206
0.986267
0.98632
0.98632
0.98632
0.98632
0.98632
0.98632
0.98632
0.98632
0.98632
0.98632
0.98632
0.98632
0.98632
0.98632
0.98632
0.98632
0.98632
0.98632
0.98632
0.98632
0.98632
0.98632
0.98632
0.98632
0.98632
0.98632
0.98632
0.98632
0.98632
0.98632
0.98632
0.98632
0.98632
0.98632
0.98632
0.98632
0.98632
0.98632
0.98632
0.98632
0.98632
0.98632
0.98632
0.98632
0.98632
0.98632
0.98632
0.98632
0.98632
0.98632
0.98632
0.98632
0.98632
0.98632
0.98632
0.98632
0.98632
0.98632
0.98632
0.98632
0.98632
0.98632
0.98632
0.98632
0.98632
0.98632
0.986359
0.98645
0.986481
0.986542
0.986633
0.986694
0.986755
0.986816
0.986877
0.986938
0.987
0.98703
0.987122
0.987183
0.987244
0.987305
0.987396
0.987457
0.987518
0.987579
0.98764
0.987701
0.987762
0.987823
0.987885
0.987946
0.988007
0.988068
0.988129
0.98819
0.988281
0.988312
0.988373
0.988434
0.988464
0.988464
0.988464
0.988464
0.988464
0.988464
0.988464
0.988464
0.988464
0.988464
0.988464
0.988464
0.988464
0.988464
0.988464
0.988464
0.988464
0.988464
0.988464
0.988464
0.988464
0.988464
0.988464
0.988464
0.988464
0.988464
0.988464
0.988464
0.988464
0.988464
0.988464
0.988464
0.988464
0.988464
0.988464
0.988464
0.988464
0.988464
0.988464
0.988464
0.988464
0.988464
0.988464
0.988464
0.988464
0.988464
0.988464
0.988464
0.988464
0.988464
0.988464
0.988464
0.988464
0.988464
0.988464
0.988464
0.988464
0.988464
0.988464
0.988464
0.988464
0.988464
0.988464
0.988464
0.988464
0.988464
0.98851
0.988571
0.988632
0.988724
0.988754
0.988846
0.988876
0.988937
0.989029
0.98909
0.98912
0.989182
0.989273
0.989334
0.989395
0.989456
0.989517
0.989578
0.989639
0.9897
0.989761
0.989822
0.989883
0.989944
0.990005
0.990067
0.990128
0.990189
0.99025
0.990288
0.990288
0.990288
0.990288
0.990288
0.990288
0.990288
0.990288
0.990288
0.990288
0.990288
0.990288
0.990288
0.990288
0.990288
0.990288
0.990288
0.990288
0.990288
0.990288
0.990288
0.990288
0.990288
0.990288
0.990288
0.990288
0.990288
0.990288
0.990288
0.990288
0.990288
0.990288
0.990288
0.990288
0.990288
0.990288
0.990288
0.990288
0.990288
0.990288
0.990288
0.990288
0.990288
0.990288
0.990288
0.990288
0.990288
0.990288
0.990288
0.990288
0.990288
0.990288
0.990288
