0
3.05177e-05
0.000122071
0.000160218
0.000160218
0.000190735
0.000251771
0.000419616
0.000831605
0.00165558
0.00307465
0.00524902
0.00836182
0.015007
0.0209503
0.0281982
0.0368118
0.0468369
0.0582809
0.0711365
0.0853882
0.100998
0.11792
0.136108
0.155495
0.176018
0.197617
0.2202
0.243736
0.268143
0.293343
0.319275
0.345863
0.373039
0.400764
0.428932
0.457512
0.486435
0.51564
0.545059
0.589478
0.60434
0.634064
0.663788
0.693466
0.737755
0.752426
0.781601
0.82486
0.839119
0.867363
0.908958
0.922607
0.962791
0.988914
1.00176
1.03939
1.06368
1.0873
1.11022
1.13241
1.14322
1.17447
1.1943
1.2133
1.23146
1.24876
1.27307
1.28073
1.29539
1.30916
1.32202
1.33965
1.35027
1.35999
1.3645
1.37672
1.38377
1.38991
1.39518
1.39957
1.40311
1.40579
1.40763
1.40864
1.40884
1.40765
1.40589
1.40339
1.40015
1.3962
1.39157
1.38628
1.38035
1.37379
1.36665
1.35894
1.35069
1.34193
1.33268
1.32295
1.3128
1.30223
1.28568
1.27998
1.26241
1.25641
1.2442
1.23175
1.21907
1.19971
1.1866
1.17338
1.16006
1.14667
1.13324
1.11981
1.10638
1.09298
1.07964
1.06638
1.05325
1.04025
1.0274
1.01475
0.996132
0.984001
0.972099
0.960442
0.949059
0.937943
0.927124
0.916603
0.906387
0.896507
0.886971
0.877785
0.868965
0.860512
0.852432
0.841042
0.833939
0.827225
0.820923
0.81501
0.809509
0.804428
0.797562
0.79351
0.789864
0.786636
0.783821
0.781425
0.779419
0.777824
0.776627
0.775826
0.775398
0.775352
0.775673
0.77636
0.777405
0.778786
0.780495
0.782532
0.784882
0.787537
0.790482
0.793709
0.797195
0.800949
0.804947
0.809181
0.813629
0.818291
0.823151
0.828186
0.833405
0.841507
0.844276
0.849922
0.85862
0.861572
0.87056
0.873596
0.879715
0.885887
0.892113
0.901505
0.907791
0.914078
0.920364
0.92659
0.932808
0.938972
0.945076
0.951103
0.957054
0.962906
0.968643
0.974274
0.977036
0.985138
0.990372
0.995453
1.00039
1.00518
1.00982
1.01649
1.02075
1.02485
1.02879
1.03258
1.03621
1.03968
1.04298
1.04613
1.04909
1.05189
1.05451
1.05696
1.05925
1.06136
1.06419
1.06506
1.06664
1.06805
1.06983
1.0708
1.07121
1.0722
1.07243
1.07278
1.07298
1.07291
1.07265
1.07246
1.07167
1.07095
1.07008
1.06905
1.06789
1.0666
1.06517
1.06361
1.06195
1.06017
1.0583
1.05634
1.05429
1.05217
1.04998
1.04773
1.04543
1.04308
1.0407
1.03825
1.03581
1.03332
1.03082
1.02831
1.02452
1.02324
1.01939
1.01811
1.01555
1.01179
1.01054
1.00678
1.00428
1.00305
0.99939
0.998169
0.994568
0.992188
0.991013
0.988693
0.985252
0.982994
0.981888
0.979691
0.976463
0.974358
0.972282
0.970261
0.968277
0.966331
0.964439
0.962593
0.960793
0.959038
0.957336
0.955688
0.954102
0.952568
0.951096
0.949684
0.948326
0.947029
0.945793
0.944626
0.94352
0.942482
0.941055
0.940178
0.939369
0.938629
0.937965
0.937096
0.936844
0.936394
0.93586
0.935722
0.935417
0.935318
0.935295
0.935349
0.935486
0.935692
0.935974
0.936325
0.936745
0.937241
0.937798
0.938408
0.939079
0.939804
0.940567
0.94136
0.942215
0.943092
0.944008
0.944939
0.946404
0.946892
0.948418
0.949455
0.950493
0.95153
0.952614
0.953712
0.954811
0.956459
0.957558
0.958656
0.959755
0.960854
0.961952
0.962997
0.964035
0.965591
0.966629
0.967644
0.96862
0.969597
0.970573
0.971962
0.97242
0.973335
0.974205
0.975487
0.976318
0.977112
0.977905
0.978653
0.979385
0.980103
0.980774
0.981445
0.982063
0.982674
0.983536
0.98381
0.98436
0.985092
0.98558
0.986008
0.986435
0.986832
0.987198
0.987564
0.987877
0.988182
0.988472
0.988838
0.989075
0.989258
0.989441
0.989609
0.989792
0.989853
0.98996
0.990021
0.990082
0.990135
0.990135
0.990135
0.990128
0.990067
0.990005
0.989914
0.989861
0.989738
0.989616
0.989433
0.989281
0.989098
0.988914
0.988731
0.988548
0.988342
0.988098
0.987854
0.98761
0.987244
0.987
0.986877
0.98661
0.986153
0.985847
0.985542
0.985237
0.984932
0.984627
0.984322
0.983864
0.983559
0.983253
0.982948
0.982643
0.982338
0.982033
0.981575
0.98127
0.981117
0.980659
0.980354
0.980049
0.979744
0.979286
0.979134
0.978676
0.978371
0.978065
0.97776
0.977455
0.97715
0.976845
0.97654
0.976158
0.975914
0.97567
0.975426
0.97506
0.974815
0.974571
0.974327
0.974113
0.97393
0.973747
0.973564
0.973381
0.973198
0.973015
0.972832
0.972641
0.972519
0.972458
0.972336
0.972153
0.972031
0.971909
0.971878
0.971786
0.971725
0.971664
0.971603
0.971542
0.971481
0.971458
0.971458
0.971458
0.971458
0.971458
0.971458
0.971458
0.971458
0.971519
0.971581
0.971642
0.971703
0.971764
0.971825
0.971886
0.971947
0.972008
0.972076
0.972198
0.972321
0.972443
0.972565
0.972687
0.972809
0.972931
0.973053
0.973175
0.973297
0.973419
0.973541
0.973663
0.973785
0.973907
0.97403
0.974182
0.974365
0.974548
0.974823
0.974915
0.975189
0.975281
0.975464
0.975647
0.97583
0.976105
0.976196
0.976379
0.976562
0.976837
0.97702
0.977112
0.977386
0.977478
0.977661
0.977936
0.978119
0.978302
0.978485
0.978668
0.97879
0.978912
0.979034
0.979156
0.979279
0.979401
0.979523
0.979645
0.979767
0.979889
0.980011
0.980133
0.980255
0.980377
0.980499
0.980621
0.980743
0.980865
0.980988
0.98111
0.981232
0.981354
0.981461
0.981522
0.981583
0.981644
0.981705
0.981766
0.981857
0.981918
0.981949
0.98201
0.982071
0.982132
0.982224
0.982285
0.982346
0.982407
0.982468
0.982529
0.98259
0.982651
0.982712
0.982773
0.982819
0.982819
0.982819
0.982819
0.982819
0.982819
0.982819
0.982819
0.982819
0.982819
0.982819
0.982819
0.982819
0.982819
0.982819
0.982819
0.982819
0.982819
0.982819
0.982819
0.982819
0.982819
0.982819
0.982819
0.982819
0.982819
0.982819
0.982819
0.982819
0.982819
0.982819
0.982819
0.982819
0.982819
0.982819
0.982819
0.982819
0.982819
0.982819
0.982819
0.982819
0.982819
0.982819
0.982819
0.982819
0.982819
0.982819
0.982819
0.982819
0.982819
0.982819
0.982819
0.982819
0.982819
0.982819
0.982819
0.982819
0.982819
0.982819
0.982819
0.982819
0.982819
0.982819
0.982819
0.982819
0.982819
0.982819
0.982819
0.982819
0.982819
0.982819
0.982819
0.982819
0.982819
0.982819
0.982819
0.982819
0.982819
0.982819
0.982819
0.982819
0.982819
0.982819
0.982819
0.982819
0.982819
0.982819
0.982819
0.982819
0.982819
0.982819
0.982819
0.982819
0.982819
0.982819
0.982819
0.982819
0.982819
0.982819
0.982819
0.982819
0.982819
0.982819
0.982819
0.982819
0.982819
0.982872
0.982933
0.982994
0.983055
0.983116
0.983177
0.983238
0.98333
0.983391
0.983452
0.983513
0.983574
0.983665
0.983727
0.983788
0.983849
0.98391
0.983971
0.984032
0.984093
0.984154
0.984215
0.984276
0.984337
0.984398
0.984459
0.98452
0.984581
0.984673
0.984734
0.984795
0.984856
0.984917
0.984978
0.985039
0.9851
0.985191
0.985222
0.985283
0.985344
0.985435
0.985497
0.985558
0.985619
0.98568
0.985741
0.985802
0.985863
0.985924
0.985985
0.986046
0.986107
0.986168
0.986168
0.986168
0.986168
0.986168
0.986168
0.986168
0.986168
0.986168
0.986168
0.986168
0.986168
0.986168
0.986168
0.986168
0.986168
0.986168
0.986168
0.986168
0.986168
0.986168
0.986168
0.986168
0.986168
0.986168
0.986168
0.986168
0.986168
0.986168
0.986168
0.986168
0.986168
0.986168
0.986168
0.986168
0.986168
0.986168
0.986168
0.986168
0.986168
0.986168
0.986168
0.986168
0.986168
0.986168
0.986168
0.986168
0.986168
0.986168
0.986168
0.986168
0.986168
0.986168
0.986168
0.986168
0.986168
0.986168
0.986168
0.986168
0.986168
0.986168
0.986168
0.986168
0.986168
0.986168
0.986221
0.986282
0.986343
0.986404
0.986465
0.986557
0.986618
0.986679
0.98674
0.986801
0.986862
0.986923
0.987015
0.987076
0.987137
0.987198
0.987259
0.98732
0.987381
0.987442
0.987503
0.987564
0.987625
0.987686
0.987747
0.987808
0.987869
0.98793
0.987991
0.988052
0.988113
0.988174
0.988235
0.988297
0.988358
0.988358
0.988358
0.988358
0.988358
0.988358
0.988358
0.988358
0.988358
0.988358
0.988358
0.988358
0.988358
0.988358
0.988358
0.988358
0.988358
0.988358
0.988358
0.988358
0.988358
0.988358
0.988358
0.988358
0.988358
0.988358
0.988358
0.988358
0.988358
0.988358
0.988358
0.988358
0.988358
0.988358
0.988358
0.988358
0.988358
0.988358
0.988358
0.988358
0.988358
0.988358
0.988358
0.988358
0.988358
0.988358
0.988358
0.988358
0.988358
0.988358
0.988358
0.988358
0.988358
0.988358
0.988358
0.988358
0.988358
0.988358
0.988358
0.988358
0.988358
0.988358
0.988358
0.988358
0.988358
0.988358
0.988358
0.988411
0.988472
0.988533
0.988594
0.988655
0.988716
0.988777
0.988838
0.988899
0.98896
0.989021
0.989082
0.989143
0.989204
0.989296
0.989326
0.989388
0.989449
0.98951
0.989601
0.989632
0.989693
0.989754
0.989845
0.989906
0.989967
0.990028
0.990089
0.99015
0.990173
0.990173
0.990173
0.990173
0.990173
0.990173
0.990173
0.990173
0.990173
0.990173
0.990173
0.990173
0.990173
0.990173
0.990173
0.990173
0.990173
0.990173
0.990173
0.990173
0.990173
0.990173
0.990173
0.990173
0.990173
0.990173
0.990173
0.990173
0.990173
0.990173
0.990173
0.990173
0.990173
0.990173
0.990173
0.990173
0.990173
0.990173
0.990173
0.990173
0.990173
0.990173
0.990173
0.990173
0.990173
0.990173
0.990173
0.990173
0.990173
0.990173
0.990173
0.990173
0.990173
0.990173
0.990173
0.990173
0.990173
0.990173
0.990173
0.990173
0.990173
0.990173
0.990173
0.990173
0.990173
