0
9.1553e-05
0.000122071
0.000144959
0.000144959
0.000205994
0.000297547
0.000572205
0.0011673
0.00164032
0.00404358
0.00666809
0.0102768
0.0149918
0.0209351
0.028183
0.0367966
0.046814
0.0582581
0.071106
0.0853424
0.100945
0.117867
0.136055
0.155441
0.175964
0.197563
0.220146
0.24369
0.268112
0.293335
0.31929
0.345917
0.373146
0.400887
0.429115
0.457764
0.486755
0.516052
0.54557
0.575256
0.619987
0.649834
0.67968
0.709442
0.724281
0.768555
0.797783
0.826714
0.855309
0.883507
0.91127
0.938583
0.965355
0.991585
1.01722
1.04223
1.06658
1.09026
1.11322
1.13544
1.15691
1.1776
1.19749
1.21654
1.23476
1.25212
1.26862
1.28424
1.29897
1.31281
1.32573
1.33775
1.34886
1.35906
1.36835
1.37674
1.38422
1.39079
1.39648
1.40128
1.40522
1.40829
1.4105
1.41189
1.41245
1.4122
1.41117
1.40937
1.40681
1.40353
1.39954
1.39486
1.38951
1.38352
1.37691
1.36971
1.36194
1.35361
1.34477
1.33541
1.32561
1.31536
1.30469
1.29363
1.28221
1.27045
1.2584
1.24607
1.23347
1.22066
1.20766
1.19448
1.18116
1.16772
1.15419
1.14059
1.12696
1.11329
1.09966
1.07927
1.06576
1.05904
1.04569
1.03247
1.01294
1.00014
0.987564
0.975204
0.963089
0.951233
0.939644
0.928345
0.917358
0.906677
0.891296
0.886345
0.876717
0.867455
0.858566
0.84597
0.841972
0.830582
0.823502
0.816841
0.8106
0.804787
0.7994
0.794441
0.792122
0.785812
0.782143
0.7789
0.776085
0.773697
0.771729
0.770157
0.768997
0.768242
0.767876
0.767891
0.768288
0.769051
0.77018
0.77166
0.773468
0.775627
0.778091
0.780869
0.783951
0.787315
0.790962
0.794868
0.799019
0.803413
0.808037
0.812881
0.817924
0.823158
0.828575
0.834152
0.839882
0.848732
0.851746
0.857849
0.864052
0.870338
0.876701
0.883125
0.892845
0.899376
0.905907
0.909172
0.918968
0.925499
0.931969
0.938408
0.944786
0.951088
0.957298
0.963425
0.969437
0.975327
0.981094
0.986725
0.99221
0.997551
1.00275
1.00778
1.01266
1.01738
1.02195
1.02635
1.03059
1.03468
1.03859
1.04233
1.0459
1.04931
1.05255
1.05562
1.0599
1.06123
1.06377
1.06725
1.06831
1.07028
1.07207
1.07439
1.0757
1.07628
1.07773
1.07845
1.07897
1.07931
1.07946
1.07943
1.07922
1.07883
1.07827
1.07755
1.07666
1.07561
1.07441
1.07306
1.07157
1.06994
1.06818
1.06631
1.06431
1.0622
1.06
1.0577
1.05531
1.05284
1.05031
1.04771
1.04507
1.04239
1.03966
1.03691
1.03413
1.03132
1.02851
1.0257
1.0229
1.02009
1.01728
1.01447
1.01026
1.00886
1.00748
1.00199
0.999283
0.996597
0.992622
0.99131
0.988716
0.984886
0.982384
0.979919
0.977486
0.975105
0.972771
0.970474
0.968224
0.966026
0.96389
0.9618
0.959763
0.957787
0.955864
0.954002
0.952202
0.950462
0.949615
0.947182
0.945641
0.944168
0.942772
0.941444
0.940186
0.938995
0.937874
0.936829
0.935867
0.934982
0.934174
0.933464
0.932831
0.932297
0.931847
0.931488
0.931213
0.931038
0.930946
0.930946
0.931038
0.931206
0.931473
0.931816
0.932243
0.932747
0.933327
0.933975
0.9347
0.935493
0.936356
0.937759
0.938759
0.939278
0.940353
0.942039
0.943199
0.944405
0.945625
0.946854
0.948135
0.949417
0.950699
0.951981
0.953262
0.954544
0.955826
0.957108
0.958389
0.959671
0.960953
0.962234
0.963493
0.964714
0.965935
0.967155
0.968338
0.969498
0.970657
0.971771
0.97287
0.973961
0.974998
0.976036
0.977028
0.978004
0.978943
0.979858
0.980751
0.981606
0.982437
0.983231
0.984009
0.984741
0.985458
0.98613
0.986786
0.987701
0.987991
0.988815
0.989326
0.989815
0.990265
0.990692
0.991089
0.991455
0.991806
0.992111
0.992409
0.992653
0.992897
0.993095
0.993279
0.993439
0.993561
0.993683
0.993752
0.993813
0.993858
0.993858
0.993858
0.993828
0.993767
0.993706
0.993622
0.9935
0.993378
0.993256
0.993073
0.992889
0.992706
0.992508
0.992264
0.99202
0.991776
0.991531
0.991241
0.990936
0.990631
0.990326
0.990021
0.9897
0.989334
0.988968
0.988419
0.988235
0.987869
0.987503
0.986954
0.986588
0.98616
0.985947
0.985306
0.984879
0.984451
0.984024
0.983597
0.98317
0.982742
0.982315
0.981888
0.981461
0.981033
0.980606
0.979965
0.979752
0.979324
0.978737
0.978554
0.978004
0.977638
0.977272
0.977089
0.97654
0.976173
0.975807
0.975441
0.975136
0.974831
0.974525
0.97422
0.973915
0.97361
0.973305
0.973053
0.972809
0.972565
0.972321
0.972076
0.971832
0.971634
0.971451
0.971268
0.971085
0.970901
0.970718
0.970589
0.970467
0.970345
0.970222
0.9701
0.969978
0.969917
0.969856
0.969795
0.969734
0.969673
0.969612
0.969612
0.969612
0.969612
0.969612
0.969612
0.969612
0.969673
0.969704
0.969765
0.969856
0.969887
0.969978
0.970039
0.970131
0.970253
0.970375
0.970497
0.970619
0.970741
0.970863
0.970985
0.971107
0.97123
0.971397
0.971581
0.971764
0.971947
0.97213
0.972313
0.972496
0.972679
0.972862
0.973045
0.973228
0.973412
0.973595
0.973778
0.973961
0.974144
0.974327
0.974602
0.974693
0.974876
0.97506
0.975243
0.975426
0.975609
0.975792
0.975975
0.976158
0.976433
0.976524
0.976707
0.976891
0.977074
0.977348
0.97744
0.977715
0.977806
0.977989
0.978264
0.978355
0.97863
0.978813
0.978996
0.979179
0.979362
0.979546
0.979637
0.979904
0.980026
0.980148
0.98027
0.980392
0.980515
0.980637
0.980759
0.980881
0.981003
0.981125
0.981247
0.981369
0.981491
0.981613
0.981735
0.981857
0.981972
0.982033
0.982094
0.982155
0.982246
0.982277
0.982338
0.98243
0.982491
0.982552
0.982613
0.982674
0.982735
0.982796
0.982857
0.982918
0.982979
0.98304
0.983086
0.983086
0.983086
0.983086
0.983086
0.983086
0.983086
0.983086
0.983086
0.983086
0.983086
0.983086
0.983086
0.983086
0.983086
0.983086
0.983086
0.983086
0.983086
0.983086
0.983086
0.983086
0.983086
0.983086
0.983086
0.983086
0.983086
0.983086
0.983086
0.983086
0.983086
0.983086
0.983086
0.983086
0.983086
0.983086
0.983086
0.983086
0.983086
0.983086
0.983086
0.983086
0.983086
0.983086
0.983086
0.983086
0.983086
0.983086
0.983086
0.983086
0.983086
0.983086
0.983086
0.983086
0.983086
0.983086
0.983086
0.983086
0.983086
0.983086
0.983086
0.983086
0.983086
0.983086
0.983086
0.983086
0.983086
0.983086
0.983086
0.983086
0.983086
0.983086
0.983086
0.983086
0.983086
0.983086
0.983086
0.983086
0.983086
0.983086
0.983086
0.983086
0.983086
0.983086
0.983086
0.983086
0.983086
0.983086
0.983086
0.983086
0.983086
0.983086
0.983086
0.983086
0.983086
0.983086
0.983086
0.983086
0.983086
0.983086
0.983086
0.983086
0.983086
0.983086
0.983086
0.983086
0.983086
0.983086
0.983086
0.983086
0.983086
0.983086
0.983086
0.983086
0.983086
0.983086
0.983086
0.983086
0.983086
0.983086
0.983086
0.983086
0.983086
0.983086
0.983147
0.983208
0.983269
0.98333
0.983391
0.983452
0.983513
0.983574
0.983635
0.983696
0.983757
0.983818
0.983879
0.98394
0.984001
0.984062
0.984123
0.984184
0.984245
0.984306
0.984367
0.984428
0.984489
0.98455
0.984612
0.984673
0.984734
0.984825
0.984856
0.984947
0.984978
0.985039
0.9851
0.985161
0.985252
0.985313
0.985374
0.985405
0.985466
0.985558
0.985619
0.985649
0.985741
0.985802
0.985863
0.985924
0.985985
0.986046
0.986107
0.986168
0.986198
0.98629
0.986351
0.986412
0.986504
0.986534
0.986595
0.98661
0.98661
0.98661
0.98661
0.98661
0.98661
0.98661
0.98661
0.98661
0.98661
0.98661
0.98661
0.98661
0.98661
0.98661
0.98661
0.98661
0.98661
0.98661
0.98661
0.98661
0.98661
0.98661
0.98661
0.98661
0.98661
0.98661
0.98661
0.98661
0.98661
0.98661
0.98661
0.98661
0.98661
0.98661
0.98661
0.98661
0.98661
0.98661
0.98661
0.98661
0.98661
0.98661
0.98661
0.98661
0.98661
0.98661
0.98661
0.98661
0.98661
0.98661
0.98661
0.98661
0.98661
0.98661
0.98661
0.98661
0.98661
0.98661
0.98661
0.98661
0.98661
0.98661
0.98661
0.98661
0.98661
0.98661
0.98661
0.98661
0.98661
0.986671
0.986732
0.986794
0.986855
0.986916
0.986977
0.987068
0.987099
0.98716
0.987251
0.987282
0.987373
0.987434
0.987465
0.987556
0.987617
0.987679
0.98774
0.987801
0.987862
0.987923
0.987984
0.988045
0.988106
0.988167
0.988228
0.988289
0.98835
0.988411
0.988472
0.988533
0.988594
0.988655
0.988716
0.988739
0.988739
0.988739
0.988739
0.988739
0.988739
0.988739
0.988739
0.988739
0.988739
0.988739
0.988739
0.988739
0.988739
0.988739
0.988739
0.988739
0.988739
0.988739
0.988739
0.988739
0.988739
0.988739
0.988739
0.988739
0.988739
0.988739
0.988739
0.988739
0.988739
0.988739
0.988739
0.988739
0.988739
0.988739
0.988739
0.988739
0.988739
0.988739
0.988739
0.988739
0.988739
0.988739
0.988739
0.988739
0.988739
0.988739
0.988739
0.988739
0.988739
0.988739
0.988739
0.988739
0.988739
0.988739
0.988739
0.988739
0.988739
0.988739
0.988739
0.988739
0.988739
0.988739
0.988739
0.988739
0.988739
0.988739
0.98877
0.988831
0.988861
0.988953
0.988983
0.989075
0.989136
0.989197
0.989258
0.989319
0.98938
0.989441
0.989502
0.989563
0.989624
0.989685
0.989746
0.989807
0.989868
0.989929
0.98999
0.990051
0.990112
0.990173
0.990234
0.990295
0.990356
0.990417
0.990479
0.990479
0.990479
0.990479
0.990479
0.990479
0.990479
0.990479
0.990479
0.990479
0.990479
0.990479
0.990479
0.990479
0.990479
0.990479
0.990479
0.990479
0.990479
0.990479
0.990479
0.990479
0.990479
0.990479
0.990479
0.990479
0.990479
0.990479
0.990479
0.990479
0.990479
