0
2.28882e-05
2.28882e-05
2.28882e-05
2.28882e-05
0.000106812
0.000167847
0.000686646
0.00151062
0.00292969
0.00510407
0.00821686
0.0123672
0.0176926
0.0242844
0.0322189
0.0415344
0.0581665
0.071022
0.0852737
0.100891
0.117836
0.13604
0.155449
0.176003
0.197624
0.220261
0.243805
0.268211
0.293411
0.319328
0.345894
0.373047
0.400726
0.428848
0.457352
0.486191
0.515297
0.544601
0.588829
0.618408
0.633209
0.677544
0.706985
0.736275
0.765366
0.794205
0.822746
0.85096
0.878792
0.906197
0.933144
0.97261
0.985497
1.01083
1.04771
1.05968
1.0946
1.11702
1.13872
1.15965
1.17982
1.19919
1.21774
1.23546
1.25232
1.2683
1.28341
1.29762
1.31093
1.32333
1.34023
1.35036
1.35959
1.3679
1.37532
1.38184
1.38747
1.3922
1.39908
1.40123
1.40255
1.40305
1.40299
1.40165
1.39979
1.39719
1.39387
1.38983
1.38512
1.37975
1.37374
1.36714
1.35995
1.35223
1.34396
1.3352
1.32597
1.31631
1.30624
1.29579
1.28497
1.27383
1.26237
1.25063
1.23863
1.2264
1.21397
1.20135
1.18858
1.17569
1.16269
1.14961
1.13649
1.12333
1.11016
1.09704
1.08395
1.07092
1.05801
1.0452
1.03254
1.02003
1.00162
0.989594
0.977783
0.966217
0.954895
0.943832
0.933044
0.922554
0.912369
0.902512
0.892998
0.883827
0.875023
0.866585
0.858528
0.850853
0.843582
0.836693
0.830215
0.824142
0.818474
0.813217
0.808372
0.803932
0.799904
0.796288
0.793068
0.79026
0.787849
0.785835
0.78421
0.782974
0.78212
0.781631
0.781509
0.781746
0.782333
0.783272
0.784531
0.786118
0.788025
0.790237
0.792747
0.79554
0.798599
0.801926
0.805496
0.809311
0.813347
0.817596
0.822052
0.829086
0.83152
0.83651
0.844261
0.846916
0.852318
0.857834
0.863457
0.87204
0.874939
0.880783
0.886681
0.892601
0.901573
0.907555
0.913536
0.919518
0.925461
0.928421
0.937241
0.94014
0.948761
0.954399
0.959938
0.96537
0.970695
0.975899
0.98098
0.985931
0.990753
0.995438
0.999992
1.0044
1.00867
1.0128
1.01872
1.02062
1.02432
1.02787
1.03293
1.03611
1.03915
1.04205
1.04478
1.04738
1.04981
1.0521
1.05423
1.05619
1.05799
1.05963
1.0611
1.06242
1.06357
1.06455
1.06537
1.06601
1.06649
1.0668
1.06696
1.06696
1.06681
1.06651
1.06606
1.06545
1.06429
1.06384
1.06229
1.06171
1.06046
1.05909
1.05762
1.05524
1.0544
1.05177
1.04992
1.048
1.04603
1.04401
1.04193
1.0398
1.03766
1.03546
1.03326
1.03101
1.02875
1.02649
1.02423
1.02196
1.01964
1.01732
1.01501
1.01275
1.01049
1.00823
1.00597
1.00372
1.00149
0.99929
0.997093
0.994911
0.992775
0.990639
0.988541
0.986465
0.984413
0.982399
0.980408
0.978455
0.976524
0.974632
0.971863
0.970062
0.968292
0.966576
0.96489
0.963242
0.961647
0.960091
0.95858
0.956413
0.955711
0.953682
0.9524
0.951172
0.949997
0.948875
0.947815
0.946808
0.945862
0.944969
0.944138
0.943359
0.942642
0.941986
0.941391
0.940857
0.940376
0.939957
0.939598
0.939293
0.939049
0.938866
0.938744
0.938675
0.93866
0.938698
0.938789
0.938934
0.939125
0.939369
0.939674
0.940018
0.940407
0.940834
0.941078
0.942116
0.942688
0.943298
0.943954
0.94429
0.945351
0.946083
0.946861
0.947655
0.948051
0.94931
0.950165
0.951019
0.951912
0.952827
0.953285
0.954659
0.955574
0.95649
0.957405
0.958321
0.959236
0.960152
0.961067
0.961983
0.962898
0.963814
0.964729
0.965645
0.96656
0.967018
0.969162
0.970016
0.970871
0.971672
0.972466
0.974411
0.975143
0.975876
0.976578
0.977249
0.977921
0.978561
0.979172
0.979782
0.980354
0.980904
0.981178
0.981949
0.982681
0.983131
0.983559
0.983986
0.984375
0.984375
0.985275
0.98558
0.985886
0.986183
0.986427
0.986671
0.987007
0.98719
0.987373
0.987541
0.987602
0.987785
0.987907
0.987984
0.988045
0.988106
0.988159
0.988159
0.988159
0.988159
0.988159
0.988098
0.988037
0.987976
0.987915
0.987839
0.987717
0.987595
0.987473
0.98735
0.987152
0.987061
0.986969
0.986511
0.986237
0.986145
0.98587
0.985764
0.985397
0.985397
0.984909
0.984665
0.984421
0.984177
0.983932
0.983566
0.983444
0.9832
0.982956
0.982712
0.982346
0.982101
0.981857
0.981613
0.981369
0.981125
0.980881
0.980637
0.980392
0.980148
0.979904
0.97966
0.979416
0.979172
0.978928
0.978683
0.978439
0.978073
0.977951
0.977829
0.977219
0.976974
0.97673
0.97654
0.976357
0.976082
0.975899
0.975716
0.975533
0.975349
0.975258
0.9748
0.97467
0.974548
0.974426
0.974365
0.974121
0.973999
0.973877
0.973755
0.973694
0.973602
0.973541
0.97348
0.973419
0.973358
0.973297
0.973236
0.973175
0.97316
0.97316
0.97316
0.97316
0.97316
0.97316
0.97316
0.97316
0.97316
0.97316
0.973213
0.973274
0.973335
0.973396
0.973457
0.973518
0.973579
0.97364
0.973701
0.973763
0.973824
0.973885
0.973961
0.974083
0.974205
0.974327
0.974449
0.974571
0.974693
0.974815
0.974937
0.97506
0.975182
0.975304
0.975426
0.975548
0.97567
0.975792
0.975914
0.976097
0.976219
0.976341
0.976463
0.976524
0.976707
0.97683
0.976952
0.977074
0.977196
0.977318
0.97744
0.977562
0.977684
0.977806
0.977928
0.97805
0.978111
0.978294
0.978416
0.978539
0.9786
0.978722
0.978905
0.979027
0.979149
0.979271
0.979393
0.979515
0.979637
0.979759
0.979881
0.980003
0.980125
0.980247
0.98037
0.980492
0.980614
0.980675
0.980858
0.98098
0.981102
0.981224
0.981346
0.981438
0.981499
0.98156
0.981621
0.981682
0.981743
0.981804
0.981865
0.981926
0.981987
0.982048
0.982109
0.98217
0.982231
0.982292
0.982353
0.982414
0.982475
0.982536
0.982597
0.982658
0.98275
0.98278
0.982872
0.982903
0.982964
0.983055
0.983086
0.983147
0.983192
0.983192
0.983192
0.983192
0.983192
0.983192
0.983192
0.983192
0.983192
0.983192
0.983192
0.983192
0.983192
0.983192
0.983192
0.983192
0.983192
0.983192
0.983192
0.983192
0.983192
0.983192
0.983192
0.983192
0.983192
0.983192
0.983192
0.983192
0.983192
0.983192
0.983192
0.983192
0.983192
0.983192
0.983192
0.983192
0.983192
0.983192
0.983192
0.983192
0.983192
0.983192
0.983192
0.983192
0.983192
0.983192
0.983192
0.983192
0.983192
0.983192
0.983192
0.983192
0.983192
0.983192
0.983192
0.983192
0.983192
0.983192
0.983192
0.983192
0.983192
0.983192
0.983192
0.983192
0.983192
0.983192
0.983192
0.983192
0.983192
0.983192
0.983192
0.983192
0.983192
0.983192
0.983192
0.983192
0.983192
0.983192
0.983192
0.983192
0.983192
0.983192
0.983192
0.983192
0.983192
0.983192
0.983192
0.983192
0.983192
0.983192
0.983192
0.983192
0.983192
0.983223
0.983315
0.983376
0.983437
0.983498
0.983559
0.98362
0.983681
0.983742
0.983803
0.983864
0.983925
0.983986
0.984047
0.984108
0.984169
0.98423
0.984291
0.984352
0.984413
0.984474
0.984535
0.984596
0.984657
0.984718
0.984779
0.98484
0.984901
0.984962
0.985023
0.985085
0.985146
0.985207
0.985268
0.985329
0.985359
0.985451
0.985512
0.985573
0.985634
0.985695
0.985756
0.985817
0.985878
0.98597
0.986
0.986061
0.986122
0.986214
0.986267
0.986267
0.986267
0.986267
0.986267
0.986267
0.986267
0.986267
0.986267
0.986267
0.986267
0.986267
0.986267
0.986267
0.986267
0.986267
0.986267
0.986267
0.986267
0.986267
0.986267
0.986267
0.986267
0.986267
0.986267
0.986267
0.986267
0.986267
0.986267
0.986267
0.986267
0.986267
0.986267
0.986267
0.986267
0.986267
0.986267
0.986267
0.986267
0.986267
0.986267
0.986267
0.986267
0.986267
0.986267
0.986267
0.986267
0.986267
0.986267
0.986267
0.986267
0.986267
0.986267
0.986267
0.986267
0.986267
0.986267
0.986267
0.986267
0.986267
0.986267
0.986267
0.986267
0.98629
0.986351
0.986412
0.986473
0.986534
0.986595
0.986656
0.986717
0.986809
0.986839
0.9869
0.986961
0.987022
0.987083
0.987175
0.987236
0.987267
0.987328
0.987419
0.98748
0.987541
0.987572
0.987663
0.987724
0.987785
0.987846
0.987907
0.987968
0.988029
0.988091
0.988152
0.988213
0.988274
0.988335
0.988373
0.988373
0.988373
0.988373
0.988373
0.988373
0.988373
0.988373
0.988373
0.988373
0.988373
0.988373
0.988373
0.988373
0.988373
0.988373
0.988373
0.988373
0.988373
0.988373
0.988373
0.988373
0.988373
0.988373
0.988373
0.988373
0.988373
0.988373
0.988373
0.988373
0.988373
0.988373
0.988373
0.988373
0.988373
0.988373
0.988373
0.988373
0.988373
0.988373
0.988373
0.988373
0.988373
0.988373
0.988373
0.988373
0.988373
0.988373
0.988373
0.988373
0.988373
0.988373
0.988373
0.988373
0.988373
0.988373
0.988373
0.988373
0.988373
0.988373
0.988373
0.988373
0.988373
0.988373
0.988373
0.988388
0.988449
0.98851
0.988571
0.988632
0.988693
0.988754
0.988815
0.988907
0.988937
0.988998
0.98909
0.989151
0.989212
0.989243
0.989334
0.989395
0.989426
0.989517
0.989578
0.989639
0.9897
0.989761
0.989822
0.989883
0.989944
0.990005
0.990067
0.990128
0.990166
0.990166
0.990166
0.990166
0.990166
0.990166
0.990166
0.990166
0.990166
0.990166
0.990166
0.990166
0.990166
0.990166
0.990166
0.990166
0.990166
0.990166
0.990166
0.990166
0.990166
0.990166
0.990166
0.990166
0.990166
0.990166
0.990166
0.990166
0.990166
0.990166
0.990166
0.990166
0.990166
0.990166
0.990166
0.990166
0.990166
0.990166
0.990166
0.990166
0.990166
0.990166
0.990166
0.990166
0.990166
0.990166
0.990166
0.990166
0.990166
0.990166
0.990166
0.990166
0.990166
0.990166
0.990166
0.990166
0.990166
0.990166
0.990166
0.990166
0.990166
0.990166
0.990166
0.990166
0.990166
0.990166
0.990166
0.990166
0.990166
0.990166
0.990166
