0
6.10353e-05
0.000122071
0.000160218
0.000160218
0.000221253
0.000312805
0.000831605
0.00165558
0.00307465
0.00524902
0.00836182
0.0125046
0.0178146
0.0244064
0.0323334
0.0416489
0.0523682
0.0645142
0.0780716
0.0930099
0.109283
0.126854
0.155525
0.165665
0.186775
0.220375
0.24398
0.268471
0.293762
0.319794
0.346504
0.373802
0.401665
0.42997
0.473145
0.502319
0.531731
0.561325
0.591034
0.620819
0.650604
0.680351
0.709999
0.754158
0.783333
0.812233
0.84082
0.869064
0.896912
0.924324
0.951263
0.964523
1.00349
1.02873
1.05333
1.07727
1.10052
1.12304
1.14483
1.17609
1.18611
1.20555
1.22417
1.25052
1.26701
1.28262
1.29734
1.31116
1.32408
1.33609
1.35237
1.36208
1.37086
1.37873
1.3857
1.39176
1.39693
1.40121
1.40601
1.40717
1.40887
1.40974
1.40951
1.40836
1.40645
1.40379
1.40041
1.3963
1.39151
1.38605
1.37997
1.37328
1.366
1.35815
1.34977
1.34089
1.33152
1.3166
1.30614
1.30075
1.28405
1.27831
1.26062
1.24847
1.23608
1.22346
1.21065
1.19112
1.17793
1.16466
1.15131
1.13792
1.1245
1.11111
1.09777
1.0845
1.07133
1.05828
1.04537
1.02632
1.02006
1.00769
0.995529
0.983597
0.96611
0.954773
0.943703
0.932899
0.922386
0.91217
0.90226
0.892677
0.88343
0.874535
0.866005
0.857849
0.850075
0.84269
0.835693
0.829102
0.822922
0.817139
0.811768
0.806808
0.802254
0.798111
0.79438
0.791054
0.788132
0.785622
0.783501
0.781784
0.780449
0.779495
0.778923
0.778725
0.778885
0.779404
0.780273
0.781471
0.782997
0.784851
0.787018
0.789482
0.792236
0.795273
0.798569
0.802132
0.805946
0.809975
0.814232
0.818703
0.82576
0.828209
0.833221
0.841042
0.843719
0.851936
0.854736
0.86042
0.869118
0.872047
0.880959
0.886963
0.893005
0.899071
0.905174
0.911278
0.917358
0.923401
0.929413
0.935379
0.941277
0.947105
0.95285
0.958496
0.964043
0.969475
0.974785
0.979973
0.985031
0.98996
0.994743
0.99939
1.0039
1.00826
1.01247
1.01655
1.02047
1.02425
1.02789
1.03138
1.03473
1.03793
1.04098
1.04388
1.04664
1.04925
1.0517
1.05401
1.05615
1.05816
1.06
1.06168
1.06319
1.06454
1.06573
1.06676
1.068
1.0686
1.06884
1.06931
1.06943
1.06937
1.06916
1.0688
1.06828
1.06762
1.06681
1.06586
1.06477
1.06355
1.06221
1.06075
1.05919
1.05752
1.05576
1.0539
1.05197
1.04997
1.0479
1.04578
1.04251
1.04139
1.03913
1.03567
1.03451
1.03097
1.02978
1.0274
1.02502
1.02264
1.01901
1.0166
1.01422
1.01184
1.00946
1.00708
1.0047
1.00351
1.00118
0.998863
0.996544
0.993149
0.99202
0.988693
0.987595
0.984344
0.982208
0.980118
0.978043
0.976021
0.974014
0.972061
0.970146
0.968262
0.966431
0.964638
0.962883
0.96035
0.958717
0.95713
0.955605
0.9534
0.952698
0.951324
0.950005
0.948128
0.946953
0.945839
0.944786
0.943794
0.942863
0.941994
0.941193
0.940453
0.939781
0.939178
0.938644
0.938179
0.937592
0.937294
0.937065
0.936913
0.936829
0.936836
0.936928
0.937088
0.937325
0.937622
0.937988
0.938416
0.938904
0.939453
0.940048
0.940689
0.941368
0.942101
0.942863
0.943657
0.944489
0.945343
0.94622
0.947136
0.948051
0.949005
0.949982
0.951447
0.951935
0.952927
0.954483
0.955002
0.956039
0.957077
0.958115
0.959671
0.96019
0.961227
0.962784
0.963814
0.96479
0.965767
0.966743
0.96772
0.968697
0.96962
0.970535
0.971451
0.972343
0.973198
0.974052
0.974892
0.975685
0.976479
0.977249
0.978348
0.978714
0.979408
0.980415
0.980751
0.981667
0.981972
0.982826
0.983376
0.983902
0.98439
0.984879
0.985313
0.985741
0.986153
0.986519
0.986885
0.987213
0.987518
0.987823
0.988075
0.988319
0.988556
0.988739
0.988922
0.98909
0.989212
0.989334
0.989449
0.98951
0.989571
0.989632
0.989647
0.989647
0.989647
0.989639
0.989578
0.989517
0.989456
0.989388
0.989265
0.989143
0.989021
0.988899
0.988747
0.988564
0.98838
0.988197
0.987923
0.987831
0.987473
0.98735
0.987106
0.986862
0.986618
0.986252
0.986008
0.985733
0.985428
0.985123
0.984818
0.984512
0.984207
0.983902
0.983597
0.983292
0.982986
0.982529
0.982376
0.982071
0.981766
0.981461
0.981155
0.98085
0.980392
0.980087
0.979935
0.979477
0.979172
0.979019
0.978561
0.978256
0.978104
0.977646
0.977341
0.977074
0.97683
0.976585
0.976341
0.976097
0.975853
0.975609
0.975365
0.975121
0.974876
0.97467
0.974487
0.974304
0.974121
0.973938
0.973755
0.973572
0.973389
0.973228
0.973106
0.972923
0.972801
0.972679
0.972557
0.972435
0.972321
0.97226
0.972198
0.972137
0.972076
0.972015
0.971954
0.971893
0.971855
0.971855
0.971855
0.971855
0.971855
0.971855
0.971855
0.971855
0.971855
0.971947
0.971977
0.972038
0.972099
0.97216
0.972221
0.972313
0.972374
0.972435
0.972504
0.972626
0.972748
0.97287
0.972992
0.973114
0.973236
0.973358
0.97348
0.973602
0.973724
0.973846
0.97403
0.974152
0.974274
0.974396
0.974518
0.97464
0.9748
0.974983
0.975166
0.975349
0.975533
0.975716
0.975899
0.976082
0.976265
0.976448
0.976631
0.976814
0.976997
0.97718
0.977364
0.977547
0.97773
0.977913
0.978096
0.978279
0.978447
0.978569
0.978752
0.978874
0.978935
0.979057
0.979179
0.979301
0.979485
0.979607
0.979668
0.979851
0.979973
0.980095
0.980217
0.980339
0.9804
0.980522
0.980705
0.980827
0.980949
0.981071
0.981194
0.981316
0.981438
0.981506
0.981567
0.981628
0.981689
0.98175
0.981812
0.981873
0.981934
0.981995
0.982056
0.982147
0.982178
0.982269
0.9823
0.982361
0.982422
0.982483
0.982544
0.982635
0.982697
0.982758
0.982788
0.98288
0.982918
0.982918
0.982918
0.982918
0.982918
0.982918
0.982918
0.982918
0.982918
0.982918
0.982918
0.982918
0.982918
0.982918
0.982918
0.982918
0.982918
0.982918
0.982918
0.982918
0.982918
0.982918
0.982918
0.982918
0.982918
0.982918
0.982918
0.982918
0.982918
0.982918
0.982918
0.982918
0.982918
0.982918
0.982918
0.982918
0.982918
0.982918
0.982918
0.982918
0.982918
0.982918
0.982918
0.982918
0.982918
0.982918
0.982918
0.982918
0.982918
0.982918
0.982918
0.982918
0.982918
0.982918
0.982918
0.982918
0.982918
0.982918
0.982918
0.982918
0.982918
0.982918
0.982918
0.982918
0.982918
0.982918
0.982918
0.982918
0.982918
0.982918
0.982918
0.982918
0.982918
0.982918
0.982918
0.982918
0.982918
0.982918
0.982918
0.982918
0.982918
0.982918
0.982918
0.982918
0.982918
0.982918
0.982918
0.982918
0.982918
0.982918
0.982918
0.982918
0.982918
0.982918
0.982918
0.982918
0.982918
0.982918
0.982918
0.982918
0.982918
0.982918
0.982925
0.982986
0.983047
0.983109
0.98317
0.983231
0.983292
0.983353
0.983414
0.983475
0.983536
0.983597
0.983658
0.983719
0.98378
0.983841
0.983902
0.983994
0.984055
0.984116
0.984177
0.984238
0.984299
0.98436
0.984421
0.984482
0.984543
0.984604
0.984665
0.984726
0.984787
0.984879
0.98494
0.985001
0.985062
0.985123
0.985184
0.985245
0.985306
0.985367
0.985428
0.985519
0.98558
0.985611
0.985672
0.985764
0.985825
0.985855
0.985947
0.985977
0.986038
0.98613
0.98616
0.986206
0.986206
0.986206
0.986206
0.986206
0.986206
0.986206
0.986206
0.986206
0.986206
0.986206
0.986206
0.986206
0.986206
0.986206
0.986206
0.986206
0.986206
0.986206
0.986206
0.986206
0.986206
0.986206
0.986206
0.986206
0.986206
0.986206
0.986206
0.986206
0.986206
0.986206
0.986206
0.986206
0.986206
0.986206
0.986206
0.986206
0.986206
0.986206
0.986206
0.986206
0.986206
0.986206
0.986206
0.986206
0.986206
0.986206
0.986206
0.986206
0.986206
0.986206
0.986206
0.986206
0.986206
0.986206
0.986206
0.986206
0.986206
0.986206
0.986206
0.986206
0.986206
0.986206
0.986267
0.986328
0.986389
0.98645
0.986511
0.986572
0.986633
0.986694
0.986786
0.986816
0.986877
0.986969
0.987
0.987061
0.987122
0.987213
0.987274
0.987335
0.987366
0.987457
0.987518
0.987549
0.98761
0.987701
0.987762
0.987793
0.987885
0.987915
0.988007
0.988068
0.988098
0.98819
0.98822
0.988312
0.988342
0.98838
0.98838
0.98838
0.98838
0.98838
0.98838
0.98838
0.98838
0.98838
0.98838
0.98838
0.98838
0.98838
0.98838
0.98838
0.98838
0.98838
0.98838
0.98838
0.98838
0.98838
0.98838
0.98838
0.98838
0.98838
0.98838
0.98838
0.98838
0.98838
0.98838
0.98838
0.98838
0.98838
0.98838
0.98838
0.98838
0.98838
0.98838
0.98838
0.98838
0.98838
0.98838
0.98838
0.98838
0.98838
0.98838
0.98838
0.98838
0.98838
0.98838
0.98838
0.98838
0.98838
0.98838
0.98838
0.98838
0.98838
0.98838
0.98838
0.98838
0.98838
0.98838
0.98838
0.98838
0.988434
0.988495
0.988556
0.988617
0.988678
0.988739
0.9888
0.988861
0.988922
0.989014
0.989075
0.989105
0.989197
0.989258
0.989319
0.98938
0.989441
0.989502
0.989563
0.989624
0.989685
0.989746
0.989807
0.989868
0.989929
0.98999
0.990082
0.990143
0.990204
0.990219
0.990219
0.990219
0.990219
0.990219
0.990219
0.990219
0.990219
0.990219
0.990219
0.990219
0.990219
0.990219
0.990219
0.990219
0.990219
0.990219
0.990219
0.990219
0.990219
0.990219
0.990219
0.990219
0.990219
0.990219
0.990219
0.990219
0.990219
0.990219
0.990219
0.990219
0.990219
0.990219
0.990219
0.990219
0.990219
0.990219
0.990219
0.990219
0.990219
0.990219
0.990219
0.990219
0.990219
0.990219
0.990219
0.990219
0.990219
0.990219
0.990219
0.990219
0.990219
0.990219
0.990219
0.990219
0.990219
0.990219
0.990219
0.990219
0.990219
0.990219
0.990219
0.990219
0.990219
0.990219
0.990219
