0
0
0
0
0
5.34046e-05
0.000144958
0.000419616
0.000663756
0.00211334
0.00389099
0.0065155
0.0101242
0.0148468
0.0207901
0.0280457
0.0366592
0.0466843
0.0581284
0.0709763
0.0852127
0.100815
0.117729
0.13591
0.155281
0.175789
0.197372
0.219955
0.243469
0.267845
0.293015
0.318901
0.345444
0.372566
0.400246
0.42836
0.471252
0.485718
0.514832
0.544159
0.573639
0.603218
0.63282
0.662415
0.70665
0.721321
0.765068
0.793938
0.822525
0.836693
0.878632
0.906067
0.933014
0.95945
0.985329
1.01062
1.0353
1.05935
1.08274
1.11653
1.13817
1.15906
1.17918
1.19852
1.21707
1.24333
1.25978
1.27535
1.29004
1.30383
1.31673
1.32873
1.33981
1.35471
1.36351
1.3714
1.37839
1.38448
1.38969
1.39401
1.39748
1.40009
1.40186
1.4028
1.40293
1.40228
1.40084
1.39865
1.39572
1.39002
1.38778
1.38006
1.37717
1.37093
1.36046
1.35278
1.34457
1.34029
1.32669
1.31707
1.30703
1.2966
1.28581
1.27469
1.26326
1.25745
1.2396
1.22743
1.21507
1.20255
1.18989
1.17711
1.16425
1.15131
1.13831
1.12531
1.1123
1.0993
1.08633
1.07342
1.06059
1.04787
1.03529
1.02284
1.01057
0.998505
0.986633
0.974983
0.96357
0.9524
0.941483
0.930847
0.920494
0.910446
0.900703
0.891281
0.8778
0.86924
0.865097
0.857086
0.849457
0.842201
0.832062
0.828873
0.822807
0.817139
0.809402
0.804756
0.800514
0.798546
0.793251
0.790222
0.787598
0.78537
0.783539
0.782097
0.780663
0.780373
0.780067
0.780128
0.780548
0.78183
0.782433
0.783875
0.785645
0.788887
0.79142
0.794235
0.797325
0.800682
0.804283
0.810143
0.814323
0.81871
0.823303
0.828079
0.833031
0.838142
0.843399
0.848785
0.857094
0.859917
0.865631
0.874359
0.880257
0.886208
0.892189
0.898224
0.904266
0.910309
0.919373
0.925377
0.931358
0.937279
0.943146
0.948944
0.954659
0.960281
0.965805
0.971214
0.976509
0.981682
0.986717
0.991615
0.996376
1.00099
1.00546
1.00979
1.01397
1.01996
1.02377
1.02742
1.03093
1.03429
1.03749
1.04055
1.04345
1.04619
1.04999
1.05231
1.05448
1.05649
1.05833
1.06001
1.06152
1.06287
1.0646
1.06552
1.06628
1.06689
1.06732
1.0676
1.06771
1.06757
1.06728
1.06708
1.06656
1.06551
1.06464
1.06364
1.06249
1.06123
1.05986
1.05837
1.05679
1.05511
1.05244
1.05057
1.04862
1.04662
1.04456
1.04244
1.0403
1.0381
1.03589
1.03363
1.03137
1.02792
1.0256
1.02444
1.02096
1.01864
1.01632
1.014
1.01168
1.00936
1.00704
1.00472
1.00246
1.0002
0.99794
0.994606
0.992409
0.990227
0.988091
0.985954
0.983871
0.981796
0.979774
0.97776
0.974831
0.972916
0.971024
0.969193
0.967392
0.965622
0.963913
0.962242
0.960609
0.959023
0.957497
0.956017
0.954582
0.953201
0.951874
0.949989
0.949379
0.948219
0.947121
0.946075
0.944626
0.944168
0.942902
0.942131
0.941429
0.940788
0.940216
0.939705
0.939262
0.938881
0.938568
0.938332
0.938156
0.938049
0.938004
0.938026
0.93811
0.938255
0.938576
0.938705
0.939194
0.939575
0.940002
0.940483
0.941002
0.941551
0.942162
0.942795
0.943802
0.944534
0.945267
0.94606
0.946854
0.947678
0.948532
0.949387
0.950264
0.95118
0.952095
0.953468
0.953926
0.95533
0.955818
0.956795
0.95826
0.959236
0.960213
0.961189
0.962166
0.963135
0.96405
0.964966
0.966339
0.966797
0.967712
0.969048
0.969902
0.970757
0.971611
0.97242
0.973213
0.974007
0.974777
0.975876
0.976608
0.977287
0.977959
0.97863
0.97924
0.979851
0.980453
0.981003
0.981552
0.982079
0.982567
0.983055
0.983505
0.983932
0.98436
0.984741
0.985107
0.985474
0.985939
0.986244
0.986519
0.986763
0.987007
0.987228
0.987411
0.987595
0.987762
0.987885
0.988007
0.988129
0.988197
0.988258
0.988319
0.988365
0.988365
0.988365
0.988365
0.98835
0.988289
0.988228
0.988167
0.988106
0.987999
0.987877
0.987755
0.987633
0.987511
0.987358
0.987175
0.986992
0.986809
0.986626
0.986443
0.986259
0.986038
0.985794
0.98555
0.985306
0.985062
0.984818
0.984573
0.984329
0.984085
0.983841
0.983597
0.983353
0.983109
0.982811
0.982353
0.982201
0.981895
0.98159
0.981285
0.980827
0.980522
0.980217
0.979912
0.979607
0.979301
0.979057
0.978813
0.978569
0.978325
0.978081
0.977837
0.977592
0.977348
0.977104
0.97686
0.976616
0.97625
0.976006
0.975784
0.975601
0.975418
0.975235
0.975052
0.974869
0.974686
0.974503
0.974319
0.974068
0.974007
0.973885
0.973701
0.973579
0.973457
0.973335
0.973335
0.973053
0.972992
0.972931
0.97287
0.972809
0.972748
0.972687
0.972626
0.972565
0.972557
0.972557
0.972557
0.972557
0.972557
0.972557
0.972557
0.972557
0.972557
0.972603
0.972664
0.972725
0.972786
0.972847
0.972908
0.973
0.97303
0.973091
0.973152
0.973244
0.973343
0.973465
0.973587
0.973648
0.973831
0.973953
0.974075
0.974197
0.974319
0.974442
0.974564
0.974686
0.974808
0.97493
0.975052
0.975174
0.975296
0.975418
0.97554
0.975662
0.975784
0.975906
0.976028
0.976151
0.976273
0.976395
0.976517
0.976639
0.976822
0.976944
0.977066
0.977188
0.97731
0.977432
0.977554
0.977676
0.977798
0.977921
0.978043
0.978165
0.978287
0.978409
0.978531
0.978653
0.978775
0.978897
0.979019
0.979141
0.979263
0.979385
0.979507
0.97963
0.979752
0.979874
0.979996
0.980118
0.98024
0.980362
0.980484
0.980667
0.980789
0.980911
0.981033
0.981155
0.981277
0.9814
0.981514
0.981575
0.981667
0.981728
0.981789
0.98185
0.981911
0.981972
0.982033
0.982094
0.982155
0.982216
0.982307
0.982368
0.982399
0.982491
0.982552
0.982613
0.982674
0.982735
0.982796
0.982857
0.982918
0.982948
0.983101
0.983109
0.983109
0.983109
0.983109
0.983109
0.983109
0.983109
0.983109
0.983109
0.983109
0.983109
0.983109
0.983109
0.983109
0.983109
0.983109
0.983109
0.983109
0.983109
0.983109
0.983109
0.983109
0.983109
0.983109
0.983109
0.983109
0.983109
0.983109
0.983109
0.983109
0.983109
0.983109
0.983109
0.983109
0.983109
0.983109
0.983109
0.983109
0.983109
0.983109
0.983109
0.983109
0.983109
0.983109
0.983109
0.983109
0.983109
0.983109
0.983109
0.983109
0.983109
0.983109
0.983109
0.983109
0.983109
0.983109
0.983109
0.983109
0.983109
0.983109
0.983109
0.983109
0.983109
0.983109
0.983109
0.983109
0.983109
0.983109
0.983109
0.983109
0.983109
0.983109
0.983109
0.983109
0.983109
0.983109
0.983109
0.983109
0.983109
0.983109
0.983109
0.983109
0.983109
0.983109
0.983109
0.983109
0.983109
0.983109
0.983109
0.983109
0.983109
0.983109
0.983109
0.983109
0.983109
0.983109
0.983131
0.983192
0.983253
0.983315
0.983376
0.983437
0.983498
0.983559
0.98362
0.983681
0.983742
0.983803
0.983864
0.983925
0.983986
0.984047
0.984108
0.984169
0.98423
0.984291
0.984352
0.984413
0.984474
0.984535
0.984596
0.984657
0.984718
0.984779
0.98484
0.984901
0.984962
0.985023
0.985085
0.985146
0.985207
0.985268
0.985329
0.98539
0.985451
0.985512
0.985573
0.985634
0.985695
0.985756
0.985817
0.985878
0.985939
0.986031
0.986061
0.986122
0.986214
0.986244
0.986298
0.986298
0.986298
0.986298
0.986298
0.986298
0.986298
0.986298
0.986298
0.986298
0.986298
0.986298
0.986298
0.986298
0.986298
0.986298
0.986298
0.986298
0.986298
0.986298
0.986298
0.986298
0.986298
0.986298
0.986298
0.986298
0.986298
0.986298
0.986298
0.986298
0.986298
0.986298
0.986298
0.986298
0.986298
0.986298
0.986298
0.986298
0.986298
0.986298
0.986298
0.986298
0.986298
0.986298
0.986298
0.986298
0.986298
0.986298
0.986298
0.986298
0.986298
0.986298
0.986298
0.986298
0.986298
0.986298
0.986298
0.986298
0.986298
0.986298
0.986298
0.986298
0.986351
0.986412
0.986473
0.986534
0.986595
0.986656
0.986717
0.986778
0.986839
0.9869
0.986931
0.987022
0.987083
0.987144
0.987206
0.987267
0.987328
0.987389
0.98745
0.987541
0.987602
0.987633
0.987724
0.987785
0.987846
0.987907
0.987968
0.988029
0.988091
0.988152
0.988213
0.988274
0.988335
0.98838
0.98838
0.98838
0.98838
0.98838
0.98838
0.98838
0.98838
0.98838
0.98838
0.98838
0.98838
0.98838
0.98838
0.98838
0.98838
0.98838
0.98838
0.98838
0.98838
0.98838
0.98838
0.98838
0.98838
0.98838
0.98838
0.98838
0.98838
0.98838
0.98838
0.98838
0.98838
0.98838
0.98838
0.98838
0.98838
0.98838
0.98838
0.98838
0.98838
0.98838
0.98838
0.98838
0.98838
0.98838
0.98838
0.98838
0.98838
0.98838
0.98838
0.98838
0.98838
0.98838
0.98838
0.98838
0.98838
0.98838
0.98838
0.98838
0.98838
0.98838
0.98838
0.98838
0.988396
0.988457
0.988518
0.988579
0.98864
0.988701
0.988762
0.988823
0.988884
0.988945
0.989037
0.989067
0.989128
0.98922
0.98925
0.989342
0.989403
0.989433
0.989494
0.989586
0.989647
0.989708
0.989769
0.98983
0.989891
0.989952
0.990013
0.990044
0.990128
0.990128
0.990128
0.990128
0.990128
0.990128
0.990128
0.990128
0.990128
0.990128
0.990128
0.990128
0.990128
0.990128
0.990128
0.990128
0.990128
0.990128
0.990128
0.990128
0.990128
0.990128
0.990128
0.990128
0.990128
0.990128
0.990128
0.990128
0.990128
0.990128
0.990128
0.990128
0.990128
0.990128
0.990128
0.990128
0.990128
0.990128
0.990128
0.990128
0.990128
0.990128
0.990128
0.990128
0.990128
0.990128
0.990128
0.990128
0.990128
0.990128
0.990128
0.990128
0.990128
0.990128
0.990128
0.990128
0.990128
0.990128
0.990128
0.990128
0.990128
0.990128
0.990128
0.990128
0.990128
0.990128
0.990128
0.990128
0.990128
0.990128
0.990128
0.990128
0.990189
