0
3.05177e-05
3.05177e-05
3.05177e-05
3.05177e-05
8.39235e-05
0.000175475
0.000450134
0.00104523
0.00214386
0.00392151
0.00654602
0.0101547
0.0148773
0.0208206
0.0280685
0.0366821
0.0467072
0.0581512
0.0709991
0.0852356
0.10083
0.126678
0.145462
0.165413
0.186462
0.208557
0.231621
0.255569
0.280334
0.305847
0.332031
0.358826
0.386169
0.414001
0.442261
0.470886
0.499832
0.529037
0.558441
0.587997
0.632477
0.66214
0.691788
0.721344
0.750755
0.779984
0.79451
0.837646
0.865967
0.893883
0.921356
0.948326
0.97477
1.00065
1.02593
1.06264
1.08628
1.1092
1.13139
1.15282
1.17346
1.1933
1.2123
1.23043
1.24768
1.26405
1.27951
1.301
1.31419
1.32648
1.33785
1.34832
1.35789
1.36655
1.37433
1.3812
1.38984
1.3945
1.39829
1.40122
1.40331
1.40458
1.40502
1.40467
1.40353
1.40163
1.39898
1.39561
1.39154
1.3868
1.38141
1.37538
1.36875
1.36154
1.35378
1.34551
1.33673
1.32748
1.31777
1.30764
1.29711
1.28621
1.27496
1.25751
1.24552
1.23328
1.22083
1.20817
1.19534
1.18237
1.16929
1.14954
1.14291
1.12305
1.1098
1.0966
1.08346
1.0704
1.05746
1.04464
1.03195
1.01943
1.00709
0.994942
0.983002
0.971283
0.959808
0.948578
0.937599
0.926903
0.916496
0.906395
0.896606
0.887146
0.878029
0.86927
0.860878
0.852852
0.845207
0.837944
0.831078
0.824608
0.815666
0.812889
0.80764
0.802803
0.79837
0.792496
0.790741
0.786102
0.783516
0.781326
0.779549
0.778152
0.777153
0.776535
0.776291
0.776413
0.776901
0.777748
0.779663
0.780464
0.783363
0.78569
0.788322
0.791245
0.794441
0.797905
0.801628
0.805595
0.811966
0.816475
0.82119
0.826096
0.831169
0.836411
0.841805
0.847343
0.852997
0.858765
0.864624
0.870567
0.876579
0.882652
0.888763
0.894928
0.901093
0.910339
0.916504
0.919586
0.928795
0.934883
0.940918
0.946877
0.949829
0.958549
0.964241
0.967041
0.972549
0.980583
0.983192
0.990829
0.995735
1.0005
1.00513
1.00959
1.01392
1.01807
1.02209
1.02781
1.03142
1.03489
1.03819
1.04134
1.04433
1.04716
1.04984
1.05235
1.0547
1.05689
1.05985
1.06161
1.06321
1.06462
1.06587
1.06741
1.06785
1.06857
1.06913
1.06964
1.06977
1.06974
1.06955
1.06919
1.06867
1.06801
1.0672
1.06625
1.06516
1.06328
1.06259
1.06036
1.05956
1.057
1.05519
1.05328
1.05231
1.04926
1.04716
1.045
1.0428
1.04054
1.03826
1.03594
1.03362
1.03123
1.02885
1.02647
1.02409
1.02171
1.01933
1.01695
1.01457
1.01219
1.00981
1.00743
1.00505
1.00269
1.00037
0.998055
0.995743
0.993484
0.991226
0.988998
0.985703
0.983551
0.981415
0.979324
0.977249
0.975227
0.973221
0.971268
0.969345
0.967453
0.965622
0.963829
0.962082
0.960373
0.958725
0.957123
0.955574
0.954079
0.952637
0.951248
0.949913
0.948029
0.947418
0.945709
0.944641
0.944122
0.942696
0.941818
0.94101
0.940262
0.939583
0.93898
0.938446
0.937981
0.937416
0.937263
0.937012
0.936775
0.936707
0.936714
0.93679
0.936943
0.937164
0.937447
0.937798
0.93821
0.938683
0.939217
0.940109
0.940437
0.941467
0.9422
0.942986
0.943779
0.944633
0.945488
0.946388
0.947304
0.9487
0.949677
0.950653
0.95163
0.952606
0.953636
0.954155
0.955711
0.956749
0.957787
0.958824
0.959862
0.960899
0.961937
0.963448
0.964424
0.965401
0.966377
0.967354
0.968307
0.969223
0.970139
0.971054
0.971924
0.972778
0.974052
0.974449
0.975243
0.976418
0.97715
0.977882
0.978584
0.979256
0.979927
0.980553
0.981163
0.981766
0.98259
0.983139
0.983627
0.984116
0.984581
0.985008
0.985435
0.985817
0.986183
0.986549
0.986855
0.98716
0.987442
0.987686
0.98793
0.988144
0.988327
0.98851
0.988663
0.988785
0.988907
0.989006
0.989067
0.989128
0.989189
0.989189
0.989189
0.989189
0.989174
0.989082
0.989052
0.98896
0.988922
0.988739
0.988678
0.988556
0.988373
0.988197
0.988014
0.987923
0.987648
0.987465
0.987282
0.98716
0.986794
0.986549
0.986305
0.986061
0.985817
0.985573
0.985329
0.985062
0.984756
0.984451
0.984146
0.983841
0.983536
0.983231
0.982925
0.98262
0.982315
0.98201
0.981705
0.9814
0.981094
0.980789
0.980484
0.980026
0.979874
0.979568
0.979263
0.978958
0.978653
0.978348
0.978043
0.977737
0.977448
0.977081
0.976959
0.976593
0.976349
0.976105
0.975861
0.975616
0.975372
0.975128
0.974884
0.974701
0.974518
0.974335
0.974152
0.97406
0.973785
0.973602
0.973419
0.973282
0.97316
0.973038
0.972916
0.972794
0.972672
0.972549
0.972427
0.972366
0.972305
0.972244
0.972183
0.972122
0.972061
0.972
0.971947
0.971947
0.971947
0.971947
0.971947
0.971947
0.971947
0.971947
0.971947
0.97197
0.972031
0.972092
0.972153
0.972214
0.972275
0.972336
0.972427
0.972488
0.972519
0.97258
0.972687
0.97287
0.972931
0.973053
0.973175
0.973297
0.97348
0.973541
0.973663
0.973846
0.973969
0.974091
0.974213
0.974274
0.974457
0.974579
0.974701
0.974823
0.974945
0.975067
0.975227
0.975502
0.975685
0.975868
0.976051
0.976234
0.976418
0.976601
0.976784
0.976967
0.977242
0.977333
0.977516
0.977699
0.977882
0.978073
0.978134
0.978317
0.978439
0.978561
0.978683
0.978806
0.978928
0.97905
0.979172
0.979294
0.979416
0.979538
0.97966
0.979782
0.979904
0.980026
0.980148
0.98027
0.980392
0.980576
0.980637
0.980759
0.980881
0.981003
0.981125
0.981247
0.981331
0.981422
0.981453
0.981544
0.981575
0.981667
0.981728
0.981758
0.98185
0.981911
0.981972
0.982033
0.982094
0.982155
0.982185
0.982277
0.982338
0.982399
0.98246
0.982521
0.982582
0.982643
0.982704
0.982765
0.98278
0.98278
0.98278
0.98278
0.98278
0.98278
0.98278
0.98278
0.98278
0.98278
0.98278
0.98278
0.98278
0.98278
0.98278
0.98278
0.98278
0.98278
0.98278
0.98278
0.98278
0.98278
0.98278
0.98278
0.98278
0.98278
0.98278
0.98278
0.98278
0.98278
0.98278
0.98278
0.98278
0.98278
0.98278
0.98278
0.98278
0.98278
0.98278
0.98278
0.98278
0.98278
0.98278
0.98278
0.98278
0.98278
0.98278
0.98278
0.98278
0.98278
0.98278
0.98278
0.98278
0.98278
0.98278
0.98278
0.98278
0.98278
0.98278
0.98278
0.98278
0.98278
0.98278
0.98278
0.98278
0.98278
0.98278
0.98278
0.98278
0.98278
0.98278
0.98278
0.98278
0.98278
0.98278
0.98278
0.98278
0.98278
0.98278
0.98278
0.98278
0.98278
0.98278
0.98278
0.98278
0.98278
0.98278
0.98278
0.98278
0.98278
0.98278
0.98278
0.98278
0.98278
0.98278
0.98278
0.982788
0.982849
0.98291
0.982971
0.983032
0.983093
0.983154
0.983215
0.983276
0.983368
0.983429
0.98349
0.983551
0.983612
0.983673
0.983734
0.983826
0.983887
0.983948
0.984009
0.98407
0.984131
0.984192
0.984283
0.984344
0.984406
0.984467
0.984558
0.984619
0.98468
0.984741
0.984802
0.984863
0.984924
0.984985
0.985046
0.985138
0.985199
0.98526
0.985321
0.985382
0.985443
0.985504
0.985565
0.985626
0.985687
0.985748
0.985809
0.98587
0.985931
0.985992
0.986038
0.986038
0.986038
0.986038
0.986038
0.986038
0.986038
0.986038
0.986038
0.986038
0.986038
0.986038
0.986038
0.986038
0.986038
0.986038
0.986038
0.986038
0.986038
0.986038
0.986038
0.986038
0.986038
0.986038
0.986038
0.986038
0.986038
0.986038
0.986038
0.986038
0.986038
0.986038
0.986038
0.986038
0.986038
0.986038
0.986038
0.986038
0.986038
0.986038
0.986038
0.986038
0.986038
0.986038
0.986038
0.986038
0.986038
0.986038
0.986038
0.986038
0.986038
0.986038
0.986038
0.986038
0.986038
0.986038
0.986038
0.986038
0.986038
0.986038
0.986038
0.986038
0.986061
0.986092
0.986183
0.986214
0.986305
0.986366
0.986397
0.986488
0.986549
0.98661
0.986671
0.986732
0.986794
0.986855
0.986916
0.986977
0.987038
0.987099
0.98716
0.987221
0.987282
0.987343
0.987404
0.987465
0.987526
0.987587
0.987648
0.987709
0.98777
0.987831
0.987892
0.987953
0.988014
0.988106
0.988136
0.988174
0.988174
0.988174
0.988174
0.988174
0.988174
0.988174
0.988174
0.988174
0.988174
0.988174
0.988174
0.988174
0.988174
0.988174
0.988174
0.988174
0.988174
0.988174
0.988174
0.988174
0.988174
0.988174
0.988174
0.988174
0.988174
0.988174
0.988174
0.988174
0.988174
0.988174
0.988174
0.988174
0.988174
0.988174
0.988174
0.988174
0.988174
0.988174
0.988174
0.988174
0.988174
0.988174
0.988174
0.988174
0.988174
0.988174
0.988174
0.988174
0.988174
0.988174
0.988174
0.988174
0.988174
0.988174
0.988174
0.988174
0.988174
0.988174
0.988174
0.988174
0.98819
0.988251
0.988342
0.988403
0.988464
0.988525
0.988586
0.988647
0.988708
0.98877
0.988831
0.988892
0.988953
0.989014
0.989075
0.989136
0.989197
0.989288
0.989349
0.98941
0.989471
0.989532
0.989594
0.989655
0.989716
0.989777
0.989838
0.989899
0.98996
0.989983
0.989983
0.989983
0.989983
0.989983
0.989983
0.989983
0.989983
0.989983
0.989983
0.989983
0.989983
0.989983
0.989983
0.989983
0.989983
0.989983
0.989983
0.989983
0.989983
0.989983
0.989983
0.989983
0.989983
0.989983
0.989983
0.989983
0.989983
0.989983
0.989983
0.989983
0.989983
0.989983
0.989983
0.989983
0.989983
0.989983
0.989983
0.989983
0.989983
0.989983
0.989983
0.989983
0.989983
0.989983
0.989983
0.989983
0.989983
0.989983
0.989983
0.989983
0.989983
0.989983
0.989983
0.989983
0.989983
0.989983
0.989983
0.989983
0.989983
0.989983
0.989983
0.989983
0.989983
0.989983
0.989983
0.989983
0.989983
0.989983
0.98999
0.990051
0.990112
0.990173
0.990234
0.990295
0.990356
0.990417
0.990509
0.99054
0.990631
