0
6.10353e-05
9.91811e-05
9.91811e-05
9.91811e-05
0.000122069
0.00024414
0.000350952
0.000762939
0.00158691
0.00300598
0.00661468
0.00829315
0.0124359
0.0208893
0.0281448
0.0367584
0.0467834
0.0582275
0.0710831
0.0853348
0.100945
0.126808
0.136055
0.165558
0.186615
0.20871
0.220123
0.243629
0.26799
0.305962
0.318962
0.345436
0.372475
0.413971
0.442154
0.456383
0.499527
0.514038
0.543198
0.587181
0.6166
0.646011
0.675354
0.70459
0.733673
0.762543
0.791161
0.819458
0.847404
0.874947
0.902046
0.928665
0.954758
0.980286
1.00523
1.02955
1.05323
1.07623
1.09854
1.12014
1.14098
1.16108
1.18039
1.19891
1.21661
1.23349
1.24953
1.26471
1.27904
1.2925
1.30509
1.3168
1.32764
1.33762
1.3467
1.35492
1.36562
1.36876
1.37688
1.38124
1.38477
1.38622
1.38935
1.39044
1.39075
1.39028
1.38906
1.38711
1.38443
1.38106
1.37701
1.37474
1.36971
1.36407
1.35449
1.3474
1.33981
1.33166
1.3274
1.31398
1.30448
1.29459
1.28432
1.2737
1.26276
1.25152
1.24001
1.22826
1.21632
1.20418
1.19189
1.17946
1.16692
1.15431
1.14164
1.12894
1.11625
1.10355
1.0909
1.07832
1.06581
1.05342
1.04116
1.02905
1.01711
0.999573
0.99382
0.982498
0.97139
0.960526
0.94471
0.939575
0.929512
0.914978
0.90567
0.901131
0.888031
0.883827
0.875687
0.864151
0.860489
0.850067
0.846786
0.837502
0.831802
0.826492
0.821571
0.817047
0.812904
0.809158
0.805801
0.802834
0.801498
0.798058
0.796234
0.794785
0.793701
0.792984
0.792564
0.792595
0.793205
0.793571
0.795158
0.795837
0.79834
0.800369
0.802681
0.805267
0.808105
0.811188
0.814514
0.818085
0.821861
0.825844
0.830017
0.834373
0.838898
0.843582
0.848412
0.853371
0.858452
0.863647
0.868935
0.874306
0.879753
0.885262
0.890816
0.896431
0.902046
0.907715
0.913391
0.919067
0.927513
0.933121
0.938675
0.944176
0.949615
0.952301
0.960251
0.965424
0.97049
0.975449
0.980286
0.984985
0.989563
0.994003
0.998314
1.00248
1.00651
1.0104
1.01414
1.01775
1.02121
1.02453
1.02771
1.03075
1.03365
1.0364
1.03902
1.0415
1.04382
1.04601
1.04807
1.04996
1.05173
1.05335
1.05483
1.05618
1.05737
1.05843
1.05933
1.0601
1.06042
1.06119
1.06151
1.06169
1.06173
1.06162
1.06138
1.061
1.0605
1.05986
1.0591
1.05821
1.05721
1.05611
1.05491
1.0536
1.05222
1.05076
1.04922
1.04761
1.04593
1.0433
1.0424
1.04056
1.0377
1.03673
1.03376
1.03175
1.03073
1.02866
1.02554
1.02344
1.0213
1.02023
1.01703
1.01489
1.01276
1.01062
1.00848
1.00635
1.00421
1.0021
1.00002
0.997948
0.995872
0.99382
0.991806
0.989792
0.987808
0.985855
0.983902
0.982002
0.98011
0.978264
0.976433
0.97464
0.97287
0.971146
0.969437
0.967789
0.966164
0.964577
0.963043
0.96154
0.960075
0.957977
0.957306
0.955978
0.954697
0.953476
0.951729
0.95118
0.950111
0.948601
0.94812
0.946777
0.94635
0.945183
0.944466
0.94413
0.943207
0.942665
0.942177
0.94175
0.941383
0.941071
0.940819
0.94062
0.940483
0.940399
0.940369
0.940392
0.94046
0.940582
0.940765
0.940994
0.941261
0.941566
0.941933
0.942329
0.942757
0.943245
0.943756
0.944305
0.944885
0.945496
0.946136
0.946808
0.947495
0.948227
0.948959
0.94973
0.950523
0.951317
0.952538
0.953392
0.954247
0.954674
0.955956
0.95681
0.957664
0.958519
0.959373
0.960228
0.961082
0.961937
0.962791
0.963646
0.9645
0.965355
0.966209
0.967064
0.967491
0.968697
0.96949
0.970284
0.971077
0.971832
0.972565
0.973297
0.97403
0.974716
0.975388
0.976059
0.976707
0.977318
0.977928
0.978531
0.97908
0.97963
0.980179
0.980667
0.981155
0.981644
0.982079
0.982506
0.982933
0.983307
0.983673
0.984207
0.98436
0.984665
0.98497
0.985237
0.985481
0.985847
0.986038
0.986221
0.986404
0.986565
0.986687
0.986809
0.986931
0.987007
0.987068
0.987129
0.98719
0.987198
0.987198
0.987198
0.987198
0.987167
0.987106
0.987045
0.986984
0.986923
0.986832
0.98671
0.986588
0.986465
0.986343
0.986221
0.986076
0.985893
0.98571
0.985527
0.985252
0.985161
0.984978
0.984795
0.984612
0.984375
0.984131
0.983887
0.983521
0.983276
0.983154
0.982788
0.982666
0.9823
0.982056
0.981812
0.981567
0.981323
0.981079
0.980835
0.980591
0.980347
0.980103
0.979858
0.979614
0.97937
0.979126
0.978882
0.978638
0.978394
0.978027
0.977905
0.977539
0.977295
0.977051
0.976852
0.976669
0.976486
0.976303
0.97612
0.975937
0.975754
0.975571
0.975388
0.975204
0.975021
0.974869
0.974747
0.974625
0.974503
0.97438
0.974258
0.974136
0.974014
0.973892
0.97377
0.973701
0.97364
0.973579
0.973518
0.973457
0.973396
0.973335
0.973274
0.973213
0.973183
0.973183
0.973183
0.973183
0.973183
0.973183
0.973183
0.973183
0.973183
0.973183
0.973228
0.973289
0.973351
0.973412
0.973473
0.973534
0.973595
0.973656
0.973717
0.973778
0.973839
0.9739
0.973961
0.974052
0.974174
0.974297
0.97448
0.974541
0.974663
0.974785
0.974968
0.97509
0.975212
0.975273
0.975456
0.975578
0.9757
0.975761
0.975883
0.976006
0.976189
0.976311
0.976433
0.976555
0.976677
0.976799
0.976921
0.977043
0.977165
0.977287
0.977348
0.977531
0.977654
0.977776
0.977898
0.97802
0.978142
0.978264
0.978386
0.978508
0.978569
0.978752
0.978874
0.978996
0.979118
0.97924
0.979362
0.979485
0.979607
0.979729
0.979851
0.979973
0.980095
0.980217
0.980339
0.980461
0.980583
0.980705
0.980827
0.980949
0.981071
0.981155
0.981216
0.981277
0.981339
0.9814
0.981461
0.981522
0.981583
0.981644
0.981735
0.981766
0.981827
0.981888
0.981949
0.98204
0.982071
0.982132
0.982193
0.982254
0.982346
0.982376
0.982468
0.982498
0.982559
0.982651
0.982712
0.982773
0.982803
0.982895
0.982956
0.982956
0.982956
0.982956
0.982956
0.982956
0.982956
0.982956
0.982956
0.982956
0.982956
0.982956
0.982956
0.982956
0.982956
0.982956
0.982956
0.982956
0.982956
0.982956
0.982956
0.982956
0.982956
0.982956
0.982956
0.982956
0.982956
0.982956
0.982956
0.982956
0.982956
0.982956
0.982956
0.982956
0.982956
0.982956
0.982956
0.982956
0.982956
0.982956
0.982956
0.982956
0.982956
0.982956
0.982956
0.982956
0.982956
0.982956
0.982956
0.982956
0.982956
0.982956
0.982956
0.982956
0.982956
0.982956
0.982956
0.982956
0.982956
0.982956
0.982956
0.982956
0.982956
0.982956
0.982956
0.982956
0.982956
0.982956
0.982956
0.982956
0.982956
0.982956
0.982956
0.982956
0.982956
0.982956
0.982956
0.982956
0.982956
0.982956
0.982956
0.982956
0.982956
0.982956
0.982956
0.982956
0.982956
0.982956
0.982956
0.982956
0.982956
0.983009
0.98307
0.983131
0.983192
0.983253
0.983315
0.983376
0.983437
0.983498
0.983559
0.98362
0.983681
0.983742
0.983772
0.983864
0.983925
0.983986
0.984047
0.984108
0.9842
0.98423
0.984291
0.984383
0.984413
0.984505
0.984535
0.984596
0.984688
0.984749
0.98481
0.984871
0.984901
0.984993
0.985054
0.985115
0.985176
0.985207
0.985298
0.985359
0.98542
0.985481
0.985542
0.985603
0.985664
0.985725
0.985786
0.985847
0.985909
0.98597
0.986031
0.986061
0.986061
0.986061
0.986061
0.986061
0.986061
0.986061
0.986061
0.986061
0.986061
0.986061
0.986061
0.986061
0.986061
0.986061
0.986061
0.986061
0.986061
0.986061
0.986061
0.986061
0.986061
0.986061
0.986061
0.986061
0.986061
0.986061
0.986061
0.986061
0.986061
0.986061
0.986061
0.986061
0.986061
0.986061
0.986061
0.986061
0.986061
0.986061
0.986061
0.986061
0.986061
0.986061
0.986061
0.986061
0.986061
0.986061
0.986061
0.986061
0.986061
0.986061
0.986061
0.986061
0.986061
0.986061
0.986061
0.986061
0.986061
0.986061
0.986061
0.986061
0.986061
0.986115
0.986176
0.986237
0.986298
0.986359
0.98642
0.986481
0.986542
0.986603
0.986694
0.986725
0.986816
0.986847
0.986908
0.987
0.987061
0.987122
0.987183
0.987213
0.987305
0.987366
0.987427
0.987488
0.987549
0.98761
0.987671
0.987732
0.987793
0.987854
0.987915
0.987976
0.988037
0.988098
0.988174
0.988174
0.988174
0.988174
0.988174
0.988174
0.988174
0.988174
0.988174
0.988174
0.988174
0.988174
0.988174
0.988174
0.988174
0.988174
0.988174
0.988174
0.988174
0.988174
0.988174
0.988174
0.988174
0.988174
0.988174
0.988174
0.988174
0.988174
0.988174
0.988174
0.988174
0.988174
0.988174
0.988174
0.988174
0.988174
0.988174
0.988174
0.988174
0.988174
0.988174
0.988174
0.988174
0.988174
0.988174
0.988174
0.988174
0.988174
0.988174
0.988174
0.988174
0.988174
0.988174
0.988174
0.988174
0.988174
0.988174
0.988174
0.988174
0.988174
0.988174
0.988174
0.988174
0.988174
0.988213
0.988274
0.988335
0.988396
0.988457
0.988548
0.988609
0.98867
0.988731
0.988792
0.988853
0.988884
0.989006
0.989067
0.989128
0.989189
0.98925
0.989342
0.989403
0.989433
0.989494
0.989586
0.989647
0.989708
0.989769
0.98983
0.989861
0.989952
0.989952
0.989952
0.989952
0.989952
0.989952
0.989952
0.989952
0.989952
0.989952
0.989952
0.989952
0.989952
0.989952
0.989952
0.989952
0.989952
0.989952
0.989952
0.989952
0.989952
0.989952
0.989952
0.989952
0.989952
0.989952
0.989952
0.989952
0.989952
0.989952
0.989952
0.989952
0.989952
0.989952
0.989952
0.989952
0.989952
0.989952
0.989952
0.989952
0.989952
0.989952
0.989952
0.989952
0.989952
0.989952
0.989952
0.989952
0.989952
0.989952
0.989952
0.989952
0.989952
0.989952
0.989952
0.989952
0.989952
0.989952
0.989952
0.989952
0.989952
0.989952
0.989952
0.989952
0.989952
0.989952
0.989952
0.989952
0.989952
