0
0
0
0
0
5.34059e-05
0.000144959
0.000419616
0.00101471
0.00211334
0.00389099
0.0065155
0.0101318
0.0148544
0.0242615
0.0280609
0.0366745
0.0466995
0.0581436
0.0779343
0.085228
0.109116
0.117729
0.135887
0.165344
0.186371
0.208405
0.219788
0.255272
0.279953
0.305367
0.331451
0.358124
0.385315
0.412971
0.441025
0.469398
0.512459
0.541397
0.570465
0.599609
0.628784
0.657944
0.687027
0.715965
0.744728
0.773254
0.801491
0.829399
0.856934
0.884056
0.910698
0.936852
0.962494
0.987572
1.01205
1.0359
1.05911
1.09264
1.1141
1.13482
1.15479
1.17397
1.19234
1.20992
1.22665
1.24255
1.26477
1.2785
1.29134
1.30331
1.3144
1.32462
1.33395
1.3424
1.34999
1.3567
1.36254
1.36753
1.37167
1.37498
1.37747
1.37915
1.38004
1.38016
1.37892
1.37814
1.37474
1.37326
1.3698
1.36338
1.35831
1.35266
1.34644
1.33966
1.33237
1.32854
1.31631
1.30762
1.29851
1.289
1.27914
1.26894
1.25844
1.24765
1.2366
1.22534
1.21388
1.20226
1.19047
1.17855
1.16653
1.14836
1.13617
1.12396
1.11176
1.09955
1.08738
1.07526
1.06323
1.05132
1.03953
1.0279
1.01644
0.999603
0.98864
0.977898
0.967377
0.957092
0.947083
0.937325
0.927856
0.9142
0.905479
0.897079
0.889008
0.881279
0.873886
0.866852
0.860168
0.85083
0.847908
0.839699
0.837151
0.832329
0.825813
0.82383
0.818443
0.815323
0.812576
0.810196
0.808182
0.806519
0.805214
0.80426
0.803642
0.80336
0.803413
0.80378
0.804466
0.804924
0.806747
0.808327
0.810181
0.813469
0.815971
0.817314
0.821709
0.82328
0.826599
0.831963
0.835777
0.839775
0.843933
0.848251
0.852715
0.857307
0.862022
0.866852
0.874275
0.876793
0.881882
0.887032
0.892227
0.900101
0.902748
0.908058
0.913368
0.918678
0.926605
0.92923
0.934464
0.942215
0.947311
0.952339
0.957283
0.962143
0.966911
0.971581
0.978371
0.98275
0.987015
0.99115
0.995163
0.999054
1.00282
1.00821
1.01164
1.01495
1.01812
1.02116
1.02406
1.02684
1.02948
1.03199
1.03437
1.03661
1.03873
1.04164
1.04255
1.04427
1.0466
1.048
1.04926
1.05041
1.05141
1.0523
1.05305
1.05368
1.05418
1.05457
1.05482
1.05496
1.05498
1.05489
1.05467
1.05435
1.05393
1.05341
1.0528
1.05209
1.05128
1.05038
1.04941
1.04835
1.04722
1.04602
1.04475
1.04342
1.04202
1.04057
1.03906
1.03672
1.0351
1.03428
1.03175
1.03003
1.02826
1.02649
1.02468
1.02285
1.02102
1.01919
1.01733
1.01544
1.01355
1.01166
1.00977
1.00787
1.00598
1.00409
1.00226
1.00043
0.998596
0.996765
0.994934
0.993134
0.991364
0.989594
0.987823
0.986107
0.984398
0.982689
0.981033
0.978561
0.976967
0.97538
0.973824
0.972298
0.970795
0.96933
0.967896
0.966492
0.965126
0.963783
0.962502
0.960632
0.959435
0.958275
0.957169
0.9561
0.95507
0.954094
0.953163
0.952278
0.951439
0.950645
0.949905
0.949211
0.948563
0.94796
0.947411
0.946922
0.94648
0.946075
0.945717
0.945412
0.94516
0.944954
0.944786
0.944664
0.944603
0.94458
0.944588
0.944649
0.944756
0.944893
0.945076
0.945427
0.945557
0.945862
0.94619
0.946556
0.947166
0.947594
0.948082
0.948326
0.949112
0.949661
0.950233
0.950844
0.951454
0.95208
0.952751
0.953423
0.954094
0.954765
0.955864
0.95623
0.956963
0.958061
0.958794
0.959526
0.960258
0.960991
0.961723
0.962456
0.963188
0.963921
0.964653
0.965385
0.966118
0.96685
0.967575
0.968246
0.969254
0.969925
0.970596
0.971268
0.971886
0.972801
0.973412
0.974022
0.974586
0.975136
0.975685
0.976234
0.976738
0.97747
0.977959
0.978416
0.978844
0.979271
0.979698
0.980072
0.980438
0.980804
0.981308
0.981461
0.981766
0.982224
0.982468
0.982712
0.982956
0.983192
0.983376
0.983559
0.983742
0.983917
0.984039
0.984161
0.984283
0.984406
0.984482
0.984543
0.984634
0.984695
0.984726
0.984726
0.984726
0.984726
0.984726
0.984718
0.984657
0.984596
0.984535
0.984474
0.984413
0.984352
0.9842
0.984077
0.983955
0.983833
0.983711
0.983589
0.983467
0.983345
0.983223
0.983047
0.982864
0.982681
0.982498
0.982315
0.982132
0.981949
0.981766
0.981583
0.9814
0.981216
0.981033
0.98085
0.980667
0.980484
0.980209
0.980026
0.979843
0.97966
0.979477
0.979202
0.979019
0.978836
0.978653
0.97847
0.978287
0.978104
0.977921
0.977737
0.977554
0.977371
0.977188
0.977005
0.976822
0.976639
0.976509
0.976387
0.976265
0.976143
0.976021
0.975899
0.975777
0.975655
0.975533
0.97541
0.975227
0.975166
0.975044
0.974922
0.974892
0.9748
0.974739
0.974709
0.974617
0.974556
0.974495
0.974434
0.974373
0.974312
0.974266
0.974266
0.974266
0.974266
0.974266
0.974266
0.974266
0.974266
0.974266
0.974266
0.974266
0.974266
0.974266
0.974319
0.97438
0.974442
0.974503
0.974564
0.974625
0.974686
0.974747
0.974808
0.974869
0.97493
0.974991
0.975082
0.975113
0.975174
0.975266
0.975327
0.975388
0.97551
0.975632
0.975754
0.975876
0.975998
0.976181
0.976303
0.976425
0.976547
0.976669
0.976791
0.976913
0.977036
0.977219
0.97728
0.977402
0.977524
0.977707
0.977829
0.97789
0.978012
0.978134
0.978317
0.978439
0.9785
0.978683
0.978806
0.978928
0.97905
0.979172
0.979294
0.979416
0.979538
0.97966
0.979782
0.979904
0.980026
0.980148
0.98027
0.980385
0.980446
0.980507
0.980568
0.980629
0.98069
0.980751
0.980812
0.980873
0.980934
0.980995
0.981056
0.981148
0.981178
0.981239
0.9813
0.981361
0.981422
0.981483
0.981575
0.981606
0.981667
0.981728
0.981789
0.98188
0.981941
0.982002
0.982033
0.982124
0.982185
0.982246
0.982307
0.982368
0.98243
0.982491
0.982552
0.982613
0.982613
0.982613
0.982613
0.982613
0.982613
0.982613
0.982613
0.982613
0.982613
0.982613
0.982613
0.982613
0.982613
0.982613
0.982613
0.982613
0.982613
0.982613
0.982613
0.982613
0.982613
0.982613
0.982613
0.982613
0.982613
0.982613
0.982613
0.982613
0.982613
0.982613
0.982613
0.982613
0.982613
0.982613
0.982613
0.982613
0.982613
0.982613
0.982613
0.982613
0.982613
0.982613
0.982613
0.982613
0.982613
0.982613
0.982613
0.982613
0.982613
0.982613
0.982613
0.982613
0.982613
0.982613
0.982613
0.982613
0.982613
0.982613
0.982613
0.982613
0.982613
0.982613
0.982613
0.982613
0.982613
0.982613
0.982613
0.982613
0.982613
0.982613
0.982613
0.982613
0.982613
0.982613
0.982674
0.982735
0.982826
0.982857
0.982918
0.983009
0.98304
0.983101
0.983162
0.983223
0.983315
0.983345
0.983406
0.983467
0.983559
0.983589
0.98365
0.983742
0.983772
0.983864
0.983894
0.983986
0.984047
0.984077
0.984169
0.98423
0.984291
0.984352
0.984413
0.984474
0.984535
0.984596
0.984657
0.984749
0.98481
0.984871
0.984932
0.984993
0.985085
0.985115
0.985207
0.985237
0.985298
0.98539
0.985451
0.985512
0.985512
0.985512
0.985512
0.985512
0.985512
0.985512
0.985512
0.985512
0.985512
0.985512
0.985512
0.985512
0.985512
0.985512
0.985512
0.985512
0.985512
0.985512
0.985512
0.985512
0.985512
0.985512
0.985512
0.985512
0.985512
0.985512
0.985512
0.985512
0.985512
0.985512
0.985512
0.985512
0.985512
0.985512
0.985512
0.985512
0.985512
0.985512
0.985512
0.985512
0.985512
0.985512
0.985512
0.985512
0.985512
0.985512
0.985512
0.985512
0.985512
0.985512
0.985512
0.985512
0.985512
0.985512
0.985565
0.985626
0.985687
0.985779
0.985809
0.985901
0.985962
0.985992
0.986053
0.986115
0.986206
0.986267
0.986298
0.986359
0.98642
0.986481
0.986572
0.986603
0.986664
0.986725
0.986786
0.986877
0.986938
0.986969
0.98703
0.987122
0.987183
0.987244
0.987305
0.987366
0.987427
0.987488
0.987549
0.987556
0.987556
0.987556
0.987556
0.987556
0.987556
0.987556
0.987556
0.987556
0.987556
0.987556
0.987556
0.987556
0.987556
0.987556
0.987556
0.987556
0.987556
0.987556
0.987556
0.987556
0.987556
0.987556
0.987556
0.987556
0.987556
0.987556
0.987556
0.987556
0.987556
0.987556
0.987556
0.987556
0.987556
0.987556
0.987556
0.987556
0.987556
0.987556
0.987556
0.987556
0.987556
0.987556
0.987556
0.987556
0.987556
0.987556
0.987556
0.987556
0.987556
0.987556
0.987556
0.987556
0.987556
0.987564
0.987625
0.987686
0.987747
0.987808
0.987869
0.98793
0.987991
0.988052
0.988144
0.988205
0.988266
0.988327
0.988419
0.98848
0.988541
0.988602
0.988663
0.988754
0.988815
0.988876
0.988937
0.988998
0.989059
0.98912
0.989182
0.989243
0.989304
0.989311
0.989311
0.989311
0.989311
0.989311
0.989311
0.989311
0.989311
0.989311
0.989311
0.989311
0.989311
0.989311
0.989311
0.989311
0.989311
0.989311
0.989311
0.989311
0.989311
0.989311
0.989311
0.989311
0.989311
0.989311
0.989311
0.989311
0.989311
0.989311
0.989311
0.989311
0.989311
0.989311
0.989311
0.989311
0.989311
0.989311
0.989311
0.989311
0.989311
0.989311
0.989311
0.989311
0.989311
0.989311
0.989311
0.989311
0.989311
0.989311
0.989311
0.989311
0.989311
0.989311
0.989311
0.989311
0.989311
0.989311
0.989311
0.989311
0.989311
0.989311
0.989311
0.989372
0.989433
0.989494
0.989555
0.989647
0.989708
0.989769
0.98983
0.989891
0.989952
0.990013
0.990074
0.990135
0.990196
0.990288
0.990349
0.99041
0.990471
0.990532
0.990593
0.990685
0.990746
0.990807
0.990868
0.990906
0.990906
0.990906
0.990906
0.990906
0.990906
0.990906
0.990906
0.990906
0.990906
0.990906
0.990906
0.990906
0.990906
0.990906
0.990906
0.990906
0.990906
0.990906
0.990906
0.990906
0.990906
0.990906
0.990906
0.990906
0.990906
0.990906
0.990906
0.990906
0.990906
0.990906
