0
0
0
0
0
2.28882e-05
0.000144959
0.000419616
0.00101471
0.00211334
0.00389099
0.0065155
0.0101318
0.0148544
0.0208054
0.032196
0.0415115
0.0522385
0.0643845
0.0779343
0.0928574
0.109116
0.126648
0.145401
0.175674
0.197197
0.219719
0.243141
0.267433
0.292511
0.318306
0.344749
0.371758
0.399254
0.441338
0.469833
0.498611
0.527603
0.556755
0.586006
0.615303
0.644554
0.673714
0.702713
0.745834
0.774269
0.802406
0.830193
0.857605
0.884605
0.911125
0.937157
0.975212
0.999855
1.02388
1.04726
1.06995
1.09196
1.11323
1.13376
1.15351
1.17248
1.19064
1.20797
1.22447
1.24014
1.25495
1.26891
1.28202
1.30006
1.30565
1.31617
1.33034
1.33463
1.34624
1.35291
1.35872
1.36131
1.36785
1.37118
1.3737
1.37542
1.37636
1.37653
1.37595
1.37463
1.37132
1.36987
1.36453
1.36016
1.35517
1.34959
1.34344
1.33676
1.32953
1.31777
1.31364
1.30055
1.29133
1.28173
1.27177
1.26149
1.25091
1.24004
1.22894
1.21188
1.2061
1.18852
1.17664
1.16466
1.1526
1.14049
1.12834
1.1162
1.10405
1.09196
1.07992
1.06202
1.05022
1.03855
1.02702
1.01566
1.00449
0.993515
0.98275
0.967049
0.956886
0.946991
0.937363
0.928032
0.918991
0.910263
0.897766
0.889854
0.882278
0.875046
0.868164
0.861641
0.855476
0.849678
0.841667
0.8368
0.832298
0.828178
0.824425
0.821037
0.818016
0.815361
0.813072
0.811142
0.808914
0.808342
0.807144
0.806908
0.806694
0.806961
0.807533
0.808403
0.80957
0.811028
0.812759
0.814758
0.817017
0.819519
0.822266
0.825226
0.828407
0.831787
0.835365
0.839127
0.843063
0.84716
0.851402
0.855782
0.860298
0.864922
0.869652
0.874474
0.879379
0.884361
0.889404
0.894493
0.89962
0.907387
0.912575
0.917763
0.922951
0.928139
0.933266
0.93837
0.943428
0.948418
0.953339
0.958183
0.962936
0.967606
0.97216
0.978806
0.983093
0.987259
0.991302
0.995224
0.999023
1.0027
1.00626
1.00967
1.01297
1.01613
1.01917
1.02206
1.02484
1.02748
1.03
1.03239
1.03465
1.03678
1.03878
1.04066
1.04241
1.04403
1.04552
1.0469
1.04813
1.04925
1.05024
1.05111
1.05186
1.05248
1.05319
1.05338
1.05365
1.0538
1.05383
1.0537
1.05348
1.05315
1.05271
1.05219
1.05121
1.05084
1.04961
1.04915
1.04767
1.04659
1.04543
1.0442
1.04292
1.04156
1.04016
1.0387
1.03718
1.03562
1.03321
1.03156
1.02987
1.02816
1.02641
1.02464
1.02287
1.02106
1.01923
1.0174
1.01556
1.01373
1.0119
1.01007
1.00824
1.00549
1.00458
1.00183
1
0.998169
0.996338
0.994537
0.992767
0.990997
0.988342
0.986633
0.984924
0.983215
0.981567
0.979919
0.978294
0.976707
0.975128
0.972839
0.971344
0.969879
0.968452
0.967049
0.965691
0.964348
0.963066
0.961807
0.960587
0.959419
0.958282
0.957184
0.956146
0.955139
0.953712
0.953255
0.952393
0.951569
0.95079
0.949715
0.949379
0.948441
0.947884
0.947372
0.946907
0.946487
0.946121
0.945801
0.945526
0.945297
0.945053
0.944992
0.944878
0.944862
0.944885
0.944946
0.945068
0.945221
0.945404
0.945641
0.9459
0.946205
0.946548
0.946915
0.947327
0.947975
0.948219
0.948708
0.949219
0.949768
0.950317
0.950912
0.951523
0.952438
0.952774
0.953445
0.954453
0.955124
0.955811
0.956543
0.957275
0.958008
0.95874
0.959473
0.960205
0.960938
0.962036
0.962769
0.963501
0.964233
0.964966
0.965698
0.966431
0.967155
0.967827
0.968498
0.969505
0.970177
0.970848
0.971474
0.972084
0.972694
0.973305
0.973907
0.974457
0.975006
0.97583
0.976349
0.976837
0.977325
0.977814
0.978264
0.978691
0.979118
0.979546
0.979927
0.980476
0.980843
0.981171
0.981476
0.981781
0.982086
0.982338
0.982582
0.982826
0.98307
0.983253
0.983437
0.98362
0.983803
0.983925
0.984108
0.984169
0.984291
0.984375
0.984436
0.984528
0.984558
0.984619
0.984634
0.984634
0.984634
0.984634
0.984634
0.984581
0.98452
0.984459
0.984398
0.984337
0.984276
0.9842
0.984077
0.983955
0.983833
0.983711
0.983589
0.983467
0.983345
0.983223
0.983101
0.982826
0.982643
0.98246
0.982277
0.982094
0.981911
0.981728
0.981544
0.981361
0.981178
0.980995
0.980812
0.980629
0.980446
0.980263
0.98008
0.979897
0.979713
0.97953
0.979347
0.979164
0.978981
0.978798
0.978615
0.978432
0.978249
0.978065
0.977882
0.977699
0.977516
0.977333
0.97715
0.976967
0.976784
0.976601
0.976456
0.976334
0.976212
0.976089
0.975967
0.975845
0.975723
0.975601
0.975479
0.975357
0.975235
0.975113
0.974991
0.974892
0.9748
0.974739
0.974678
0.974617
0.974556
0.974495
0.974434
0.974373
0.974281
0.97422
0.974205
0.974205
0.974205
0.974205
0.974205
0.974205
0.974205
0.974205
0.974205
0.974205
0.974205
0.974205
0.974251
0.974312
0.974403
0.974464
0.974525
0.974586
0.974648
0.974709
0.97477
0.974831
0.974892
0.974983
0.975044
0.975105
0.975166
0.975227
0.975288
0.97538
0.975502
0.975685
0.975807
0.975929
0.976051
0.976173
0.976295
0.976418
0.976601
0.976662
0.976784
0.976906
0.977089
0.977211
0.977333
0.977455
0.977577
0.977699
0.977821
0.977943
0.978065
0.978188
0.978371
0.978493
0.978615
0.978737
0.978859
0.978981
0.979103
0.979225
0.979347
0.979469
0.979591
0.979713
0.979836
0.980019
0.980141
0.980202
0.980339
0.9804
0.980461
0.980522
0.980583
0.980644
0.980705
0.980766
0.980827
0.980919
0.980949
0.981041
0.981102
0.981163
0.981224
0.981285
0.981346
0.981407
0.981468
0.98156
0.98159
0.981651
0.981743
0.981773
0.981834
0.981926
0.981987
0.982018
0.982109
0.98217
0.982231
0.982292
0.982353
0.982414
0.982475
0.982536
0.982574
0.982574
0.982574
0.982574
0.982574
0.982574
0.982574
0.982574
0.982574
0.982574
0.982574
0.982574
0.982574
0.982574
0.982574
0.982574
0.982574
0.982574
0.982574
0.982574
0.982574
0.982574
0.982574
0.982574
0.982574
0.982574
0.982574
0.982574
0.982574
0.982574
0.982574
0.982574
0.982574
0.982574
0.982574
0.982574
0.982574
0.982574
0.982574
0.982574
0.982574
0.982574
0.982574
0.982574
0.982574
0.982574
0.982574
0.982574
0.982574
0.982574
0.982574
0.982574
0.982574
0.982574
0.982574
0.982574
0.982574
0.982574
0.982574
0.982574
0.982574
0.982574
0.982574
0.982574
0.982574
0.982574
0.982574
0.982574
0.982574
0.982574
0.982574
0.982574
0.982582
0.982643
0.982704
0.982765
0.982826
0.982887
0.982948
0.983009
0.983101
0.983162
0.983223
0.983284
0.983345
0.983406
0.983467
0.983528
0.983589
0.98365
0.983742
0.983803
0.983864
0.983925
0.983986
0.984077
0.984138
0.9842
0.984261
0.984322
0.984383
0.984444
0.984505
0.984566
0.984627
0.984688
0.984749
0.98481
0.984871
0.984962
0.984993
0.985054
0.985146
0.985207
0.985268
0.985329
0.98539
0.985451
0.985474
0.985474
0.985474
0.985474
0.985474
0.985474
0.985474
0.985474
0.985474
0.985474
0.985474
0.985474
0.985474
0.985474
0.985474
0.985474
0.985474
0.985474
0.985474
0.985474
0.985474
0.985474
0.985474
0.985474
0.985474
0.985474
0.985474
0.985474
0.985474
0.985474
0.985474
0.985474
0.985474
0.985474
0.985474
0.985474
0.985474
0.985474
0.985474
0.985474
0.985474
0.985474
0.985474
0.985474
0.985474
0.985474
0.985474
0.985474
0.985474
0.985474
0.985474
0.985474
0.985474
0.985474
0.985481
0.985542
0.985634
0.985695
0.985756
0.985817
0.985878
0.985939
0.986
0.986061
0.986122
0.986183
0.986244
0.986305
0.986366
0.986427
0.986519
0.98658
0.986641
0.986702
0.986763
0.986824
0.986885
0.986946
0.987007
0.987068
0.987129
0.98719
0.987251
0.987312
0.987373
0.987434
0.987495
0.987503
0.987503
0.987503
0.987503
0.987503
0.987503
0.987503
0.987503
0.987503
0.987503
0.987503
0.987503
0.987503
0.987503
0.987503
0.987503
0.987503
0.987503
0.987503
0.987503
0.987503
0.987503
0.987503
0.987503
0.987503
0.987503
0.987503
0.987503
0.987503
0.987503
0.987503
0.987503
0.987503
0.987503
0.987503
0.987503
0.987503
0.987503
0.987503
0.987503
0.987503
0.987503
0.987503
0.987503
0.987503
0.987503
0.987503
0.987503
0.987503
0.987503
0.987503
0.987503
0.987503
0.987503
0.987503
0.987503
0.987534
0.987595
0.987656
0.987717
0.987778
0.987839
0.9879
0.987961
0.988022
0.988113
0.988174
0.988235
0.988297
0.988358
0.988449
0.98851
0.988571
0.988632
0.988693
0.988754
0.988815
0.988876
0.988937
0.988998
0.989059
0.989151
0.989212
0.98925
0.98925
0.98925
0.98925
0.98925
0.98925
0.98925
0.98925
0.98925
0.98925
0.98925
0.98925
0.98925
0.98925
0.98925
0.98925
0.98925
0.98925
0.98925
0.98925
0.98925
0.98925
0.98925
0.98925
0.98925
0.98925
0.98925
0.98925
0.98925
0.98925
0.98925
0.98925
0.98925
0.98925
0.98925
0.98925
0.98925
0.98925
0.98925
0.98925
0.98925
0.98925
0.98925
0.98925
0.98925
0.98925
0.98925
0.98925
0.98925
0.98925
0.98925
0.98925
0.98925
0.98925
0.98925
0.98925
0.98925
0.98925
0.98925
0.98925
0.98925
0.98925
0.989281
0.989342
0.989403
0.989494
0.989555
0.989616
0.989677
0.989738
0.989799
0.989861
0.989922
0.989983
0.990044
0.990105
0.990196
0.990257
0.990318
0.990379
0.99044
0.990501
0.990593
0.990623
0.990685
0.990746
0.990807
0.990814
0.990814
0.990814
0.990814
0.990814
0.990814
0.990814
0.990814
0.990814
0.990814
0.990814
0.990814
0.990814
0.990814
0.990814
0.990814
0.990814
0.990814
0.990814
0.990814
0.990814
0.990814
0.990814
0.990814
0.990814
0.990814
0.990814
0.990814
0.990814
0.990814
0.990814
0.990814
0.990814
0.990814
0.990814
0.990814
