0
6.1034e-05
0.000152587
0.000183105
0.000213622
0.000274658
0.000366211
0.000640868
0.00123596
0.00170898
0.00411224
0.00673675
0.0103455
0.0150681
0.0210114
0.0282593
0.0368729
0.0468903
0.0583344
0.0711823
0.0854187
0.109306
0.126846
0.145615
0.16555
0.186584
0.208664
0.231697
0.255623
0.29303
0.30587
0.345383
0.372475
0.400093
0.428169
0.456642
0.485443
0.514526
0.543808
0.587975
0.602745
0.647049
0.676514
0.705872
0.735069
0.764053
0.792763
0.821182
0.849258
0.876953
0.904213
0.931038
0.957336
0.983101
1.02068
1.04496
1.0686
1.09158
1.11386
1.13542
1.15623
1.17626
1.1955
1.21389
1.23145
1.25617
1.26398
1.28605
1.29295
1.31233
1.32413
1.33501
1.34498
1.35404
1.3622
1.36945
1.37581
1.38128
1.38588
1.3896
1.39247
1.3945
1.39571
1.39611
1.39572
1.39456
1.39264
1.38999
1.38664
1.38261
1.37791
1.37257
1.36662
1.36007
1.35295
1.34529
1.33711
1.32392
1.3193
1.30478
1.29459
1.28403
1.27312
1.2619
1.25038
1.2386
1.22659
1.21439
1.202
1.18317
1.17046
1.15768
1.14485
1.13197
1.11909
1.10625
1.09344
1.08072
1.0681
1.0556
1.03712
1.02502
1.01904
1.0014
0.989891
0.978622
0.967575
0.956787
0.941109
0.931
0.921181
0.911674
0.902481
0.893616
0.885094
0.87693
0.869133
0.858147
0.851303
0.844841
0.838776
0.833099
0.827812
0.820618
0.816315
0.812408
0.808891
0.805763
0.803017
0.800652
0.798668
0.796402
0.795349
0.794662
0.794334
0.794357
0.794724
0.795418
0.796432
0.79776
0.799393
0.802383
0.804733
0.807358
0.810226
0.813339
0.816696
0.820267
0.824051
0.828033
0.832199
0.83654
0.841049
0.845703
0.850502
0.855431
0.860481
0.865639
0.870895
0.876236
0.881645
0.889877
0.895432
0.901024
0.906639
0.912254
0.91787
0.923485
0.9291
0.934662
0.940186
0.945648
0.951042
0.958977
0.964142
0.969208
0.974167
0.979004
0.983719
0.988297
0.992752
0.99707
1.00124
1.00528
1.00918
1.01294
1.01656
1.02172
1.025
1.02814
1.03259
1.034
1.03802
1.04053
1.04174
1.04404
1.04722
1.04916
1.05006
1.05178
1.05407
1.05541
1.0566
1.05765
1.05855
1.0593
1.0599
1.06036
1.06067
1.06084
1.06086
1.06075
1.06049
1.06011
1.05961
1.05898
1.05823
1.05737
1.0564
1.05533
1.05417
1.05292
1.05159
1.05018
1.04869
1.04714
1.04552
1.04385
1.04213
1.04036
1.03853
1.03666
1.03477
1.03281
1.03086
1.02885
1.02683
1.0248
1.02169
1.02065
1.01858
1.01546
1.01339
1.01235
1.01028
1.00716
1.00509
1.00405
1.00198
0.999901
0.996872
0.994858
0.992844
0.990868
0.988914
0.986961
0.985054
0.983162
0.981285
0.979454
0.977631
0.975861
0.974098
0.972389
0.970703
0.969055
0.967445
0.965858
0.964333
0.962837
0.96067
0.959969
0.958603
0.957275
0.955994
0.954163
0.953003
0.952446
0.950844
0.950325
0.948883
0.947983
0.947136
0.946342
0.94561
0.944931
0.944305
0.943741
0.94323
0.942772
0.942375
0.942032
0.941742
0.941505
0.941322
0.9412
0.941124
0.941101
0.941124
0.941193
0.941315
0.94149
0.941711
0.941971
0.942276
0.942627
0.943008
0.943436
0.943901
0.944389
0.944939
0.945496
0.946106
0.946716
0.947388
0.948402
0.948769
0.949501
0.950233
0.951012
0.952202
0.952599
0.953392
0.954651
0.955078
0.95636
0.956787
0.957642
0.958496
0.959778
0.960632
0.96106
0.962341
0.963196
0.96405
0.964905
0.965759
0.966614
0.967407
0.968201
0.968994
0.969788
0.970581
0.971321
0.972054
0.972786
0.973518
0.974197
0.974869
0.97554
0.976189
0.976799
0.977715
0.978287
0.978836
0.979385
0.979912
0.9804
0.980888
0.981361
0.981789
0.982216
0.982635
0.983002
0.983551
0.983887
0.984192
0.984497
0.984779
0.985023
0.985268
0.985512
0.985695
0.985878
0.986153
0.986275
0.986397
0.986519
0.986626
0.986687
0.986748
0.986809
0.986855
0.986855
0.986855
0.986855
0.986855
0.986801
0.98674
0.986679
0.986618
0.986519
0.986458
0.986275
0.986153
0.986031
0.985909
0.985786
0.985611
0.985428
0.985245
0.985062
0.984787
0.984604
0.984421
0.984238
0.984055
0.983818
0.983574
0.98333
0.983086
0.982719
0.982475
0.982231
0.981987
0.981743
0.981499
0.981255
0.98101
0.980766
0.9804
0.980156
0.979912
0.979668
0.979424
0.979179
0.978935
0.978691
0.978447
0.978203
0.977837
0.977592
0.977379
0.977196
0.977013
0.97683
0.976646
0.976463
0.97628
0.976097
0.975914
0.975731
0.975548
0.975365
0.975189
0.975067
0.974945
0.974823
0.974701
0.974579
0.974457
0.974335
0.974213
0.974091
0.973976
0.973915
0.973854
0.973793
0.973732
0.97364
0.97361
0.973518
0.973457
0.973427
0.973389
0.973389
0.973389
0.973389
0.973389
0.973389
0.973389
0.973389
0.973389
0.973389
0.973404
0.973465
0.973526
0.973587
0.973648
0.973709
0.97377
0.973831
0.973892
0.973953
0.974014
0.974075
0.974136
0.974197
0.974258
0.97438
0.974503
0.974625
0.974747
0.974869
0.974991
0.975113
0.975296
0.975418
0.97554
0.975662
0.975784
0.975906
0.976028
0.976151
0.976273
0.976395
0.976517
0.976639
0.976822
0.976944
0.977066
0.977188
0.97731
0.977432
0.977554
0.977676
0.977798
0.977921
0.978043
0.978165
0.978287
0.978409
0.978531
0.978653
0.978775
0.978897
0.979019
0.979202
0.979263
0.979385
0.979507
0.979691
0.979813
0.979874
0.979996
0.980118
0.980301
0.980423
0.980545
0.980667
0.980728
0.980911
0.981018
0.981079
0.98114
0.981201
0.981262
0.981323
0.981384
0.981445
0.981506
0.981567
0.981628
0.98172
0.98175
0.981812
0.981903
0.981934
0.981995
0.982056
0.982117
0.982208
0.982239
0.9823
0.982361
0.982422
0.982513
0.982574
0.982605
0.982697
0.982758
0.982819
0.982849
0.982849
0.982849
0.982849
0.982849
0.982849
0.982849
0.982849
0.982849
0.982849
0.982849
0.982849
0.982849
0.982849
0.982849
0.982849
0.982849
0.982849
0.982849
0.982849
0.982849
0.982849
0.982849
0.982849
0.982849
0.982849
0.982849
0.982849
0.982849
0.982849
0.982849
0.982849
0.982849
0.982849
0.982849
0.982849
0.982849
0.982849
0.982849
0.982849
0.982849
0.982849
0.982849
0.982849
0.982849
0.982849
0.982849
0.982849
0.982849
0.982849
0.982849
0.982849
0.982849
0.982849
0.982849
0.982849
0.982849
0.982849
0.982849
0.982849
0.982849
0.982849
0.982849
0.982849
0.982849
0.982849
0.982849
0.982849
0.982849
0.982849
0.982849
0.982849
0.982849
0.982849
0.982849
0.982849
0.982849
0.982849
0.982849
0.982849
0.982849
0.982849
0.982849
0.982849
0.982849
0.982849
0.982849
0.982895
0.982956
0.983017
0.983078
0.983139
0.9832
0.983261
0.983322
0.983383
0.983444
0.983505
0.983566
0.983627
0.983688
0.983749
0.98381
0.983871
0.983932
0.983994
0.984055
0.984116
0.984177
0.984238
0.984299
0.98436
0.984451
0.984482
0.984543
0.984604
0.984665
0.984756
0.984818
0.984879
0.984909
0.985001
0.985062
0.985123
0.985184
0.985245
0.985306
0.985367
0.985428
0.985489
0.98555
0.985611
0.985672
0.985733
0.985794
0.985855
0.985886
0.985886
0.985886
0.985886
0.985886
0.985886
0.985886
0.985886
0.985886
0.985886
0.985886
0.985886
0.985886
0.985886
0.985886
0.985886
0.985886
0.985886
0.985886
0.985886
0.985886
0.985886
0.985886
0.985886
0.985886
0.985886
0.985886
0.985886
0.985886
0.985886
0.985886
0.985886
0.985886
0.985886
0.985886
0.985886
0.985886
0.985886
0.985886
0.985886
0.985886
0.985886
0.985886
0.985886
0.985886
0.985886
0.985886
0.985886
0.985886
0.985886
0.985886
0.985886
0.985886
0.985886
0.985886
0.985886
0.985886
0.985886
0.985886
0.985939
0.986
0.986092
0.986122
0.986214
0.986244
0.986305
0.986397
0.986427
0.986519
0.98658
0.986641
0.986702
0.986763
0.986824
0.986885
0.986946
0.987007
0.987068
0.987129
0.98719
0.987251
0.987312
0.987373
0.987434
0.987495
0.987556
0.987617
0.987679
0.98774
0.987801
0.987862
0.9879
0.9879
0.9879
0.9879
0.9879
0.9879
0.9879
0.9879
0.9879
0.9879
0.9879
0.9879
0.9879
0.9879
0.9879
0.9879
0.9879
0.9879
0.9879
0.9879
0.9879
0.9879
0.9879
0.9879
0.9879
0.9879
0.9879
0.9879
0.9879
0.9879
0.9879
0.9879
0.9879
0.9879
0.9879
0.9879
0.9879
0.9879
0.9879
0.9879
0.9879
0.9879
0.9879
0.9879
0.9879
0.9879
0.9879
0.9879
0.9879
0.9879
0.9879
0.9879
0.9879
0.9879
0.9879
0.9879
0.9879
0.9879
0.9879
0.987953
0.988014
0.988075
0.988136
0.988197
0.988258
0.98835
0.98838
0.988472
0.988533
0.988564
0.988655
0.988716
0.988777
0.988838
0.988899
0.98896
0.989021
0.989082
0.989143
0.989204
0.989296
0.989326
0.989388
0.989479
0.98954
0.989601
0.989632
0.989632
0.989632
0.989632
0.989632
0.989632
0.989632
0.989632
0.989632
0.989632
0.989632
0.989632
0.989632
0.989632
0.989632
0.989632
0.989632
0.989632
0.989632
0.989632
0.989632
0.989632
0.989632
0.989632
0.989632
0.989632
0.989632
0.989632
0.989632
0.989632
0.989632
0.989632
0.989632
0.989632
0.989632
0.989632
0.989632
0.989632
0.989632
0.989632
0.989632
0.989632
0.989632
0.989632
0.989632
0.989632
0.989632
0.989632
0.989632
0.989632
0.989632
0.989632
0.989632
0.989632
0.989632
0.989632
0.989632
0.989632
0.989632
0.989632
0.989632
0.989632
0.989632
0.989632
0.989647
0.989677
0.989769
0.989799
0.989891
0.989952
0.990013
0.990074
0.990135
0.990196
0.990257
0.990318
0.99041
0.99044
0.990501
0.990593
0.990654
0.990715
0.990746
0.990837
0.990898
0.990959
0.99102
0.991081
0.991173
0.991188
0.991188
0.991188
0.991188
0.991188
0.991188
