0
0
0
0
0
4.57765e-05
0.000137329
0.000411988
0.00100708
0.00210571
0.00388336
0.00650787
0.0101242
0.0148468
0.0207977
0.0280533
0.0366669
0.0522308
0.0643768
0.0779266
0.0928497
0.109108
0.126648
0.145416
0.165367
0.186409
0.208496
0.231537
0.255478
0.280243
0.318802
0.331993
0.37249
0.386269
0.414192
0.442543
0.485748
0.50029
0.529556
0.573769
0.58857
0.633049
0.662697
0.692268
0.721718
0.750999
0.780052
0.808838
0.837296
0.865379
0.893044
0.920235
0.946915
0.973045
0.998589
1.02351
1.04779
1.0714
1.09428
1.11646
1.14829
1.15852
1.17836
1.2066
1.2156
1.23296
1.25737
1.26507
1.27981
1.30023
1.31272
1.3243
1.33498
1.34476
1.35363
1.3616
1.36868
1.37487
1.38017
1.3846
1.38817
1.39089
1.39278
1.39408
1.39396
1.39307
1.39142
1.38904
1.38594
1.38215
1.37769
1.37259
1.36686
1.36053
1.35362
1.34225
1.33404
1.32534
1.31617
1.30658
1.29659
1.28622
1.27551
1.26447
1.25314
1.24155
1.22971
1.21766
1.20542
1.19302
1.18048
1.16782
1.15509
1.14229
1.12302
1.11658
1.10375
1.08456
1.07819
1.05923
1.04674
1.03438
1.02826
1.01015
0.998329
0.986717
0.975334
0.964211
0.953346
0.942764
0.932465
0.92247
0.912788
0.903427
0.894409
0.885735
0.877419
0.869453
0.86187
0.85466
0.847824
0.841377
0.835312
0.829643
0.824371
0.819489
0.814995
0.810905
0.807205
0.803902
0.799667
0.798447
0.796295
0.794525
0.792557
0.791702
0.791412
0.7911
0.791283
0.791832
0.792229
0.793907
0.794617
0.797218
0.799309
0.801689
0.804337
0.807236
0.810379
0.813766
0.81739
0.82122
0.825249
0.829468
0.83387
0.83844
0.843147
0.848007
0.852997
0.858109
0.863327
0.87133
0.876778
0.882294
0.887863
0.893478
0.899147
0.904823
0.9105
0.916176
0.921852
0.930321
0.933128
0.94146
0.94693
0.952332
0.957642
0.96286
0.967964
0.972954
0.980225
0.984909
0.989464
0.993881
0.998161
1.0023
1.00826
1.01205
1.0157
1.01922
1.02258
1.02581
1.0289
1.03184
1.03464
1.03857
1.04102
1.04332
1.04548
1.04749
1.04937
1.0511
1.0527
1.05415
1.05605
1.05714
1.05807
1.05888
1.05953
1.06004
1.06039
1.06061
1.06066
1.06061
1.0604
1.05982
1.05927
1.0586
1.05781
1.05691
1.0559
1.05478
1.05294
1.05161
1.05019
1.0487
1.04714
1.04552
1.04384
1.04211
1.03941
1.0385
1.03568
1.03474
1.03181
1.02985
1.02783
1.02582
1.0238
1.02174
1.01862
1.01759
1.01551
1.01344
1.01032
1.00928
1.00617
1.0041
1.00206
1.00005
0.998032
0.996017
0.994026
0.992073
0.989143
0.987236
0.985344
0.983452
0.981621
0.97979
0.977997
0.976227
0.974495
0.972786
0.971123
0.969475
0.967888
0.966324
0.96405
0.963318
0.961868
0.959785
0.959114
0.957161
0.956528
0.955307
0.95414
0.953018
0.951424
0.950424
0.949478
0.948586
0.947746
0.946953
0.94622
0.945541
0.944916
0.944069
0.943581
0.943146
0.942764
0.942436
0.942162
0.941933
0.941696
0.941635
0.941559
0.941559
0.94162
0.941666
0.941788
0.941971
0.942192
0.942451
0.942757
0.943108
0.943489
0.944138
0.944382
0.94487
0.945679
0.946251
0.946861
0.947479
0.948486
0.948822
0.94989
0.950623
0.951355
0.952133
0.952927
0.954117
0.95491
0.955704
0.956535
0.95739
0.958244
0.959099
0.960381
0.960808
0.961662
0.962517
0.963776
0.964569
0.965363
0.966156
0.966949
0.967743
0.968933
0.969673
0.970406
0.971138
0.97187
0.97258
0.973251
0.973923
0.974915
0.97522
0.976135
0.976746
0.97731
0.977859
0.978409
0.978928
0.979416
0.979904
0.980598
0.980812
0.981453
0.981857
0.982224
0.98259
0.982948
0.983253
0.983559
0.983864
0.984123
0.984367
0.984612
0.984924
0.985016
0.985199
0.985382
0.985527
0.98571
0.985832
0.985893
0.986
0.986031
0.986122
0.986183
0.986183
0.986183
0.986183
0.986183
0.986168
0.986107
0.986046
0.985985
0.985924
0.985863
0.985756
0.985634
0.985512
0.98539
0.985268
0.985146
0.985023
0.984848
0.984665
0.984482
0.984299
0.984116
0.983932
0.983749
0.983566
0.983383
0.9832
0.983017
0.982819
0.982574
0.982208
0.981964
0.981842
0.981598
0.981232
0.98111
0.980743
0.980621
0.980377
0.980011
0.979889
0.979523
0.979279
0.979034
0.97879
0.978546
0.97818
0.977989
0.977806
0.977623
0.97744
0.977257
0.977074
0.976891
0.976707
0.976524
0.976341
0.976158
0.975975
0.9757
0.975609
0.975479
0.975357
0.975174
0.975113
0.97493
0.974808
0.974747
0.974564
0.974442
0.974319
0.974236
0.974174
0.974113
0.974052
0.973991
0.97393
0.973869
0.973808
0.973747
0.973686
0.973648
0.973648
0.973648
0.973648
0.973648
0.973648
0.973648
0.973648
0.973648
0.973648
0.973648
0.973686
0.973747
0.973808
0.973869
0.97393
0.974022
0.974083
0.974144
0.974205
0.974266
0.974327
0.974388
0.974449
0.97451
0.974609
0.97467
0.974792
0.974976
0.975098
0.97522
0.975342
0.975464
0.975586
0.975708
0.97583
0.976013
0.976074
0.976196
0.976318
0.97644
0.976562
0.976685
0.976807
0.976929
0.977112
0.977234
0.977356
0.977478
0.9776
0.977722
0.977844
0.977966
0.978088
0.978271
0.978394
0.978516
0.978638
0.97876
0.978882
0.979004
0.979126
0.979248
0.97937
0.979553
0.979614
0.979736
0.979919
0.980042
0.980164
0.980286
0.980408
0.98053
0.980652
0.980743
0.980804
0.980865
0.980927
0.980988
0.981049
0.98111
0.981171
0.981232
0.981293
0.981354
0.981415
0.981506
0.981567
0.981628
0.981689
0.98175
0.981812
0.981873
0.981934
0.981995
0.982056
0.982117
0.982178
0.982239
0.9823
0.982361
0.982422
0.982483
0.982544
0.982605
0.982697
0.982697
0.982697
0.982697
0.982697
0.982697
0.982697
0.982697
0.982697
0.982697
0.982697
0.982697
0.982697
0.982697
0.982697
0.982697
0.982697
0.982697
0.982697
0.982697
0.982697
0.982697
0.982697
0.982697
0.982697
0.982697
0.982697
0.982697
0.982697
0.982697
0.982697
0.982697
0.982697
0.982697
0.982697
0.982697
0.982697
0.982697
0.982697
0.982697
0.982697
0.982697
0.982697
0.982697
0.982697
0.982697
0.982697
0.982697
0.982697
0.982697
0.982697
0.982697
0.982697
0.982697
0.982697
0.982697
0.982697
0.982697
0.982697
0.982697
0.982697
0.982697
0.982697
0.982697
0.982697
0.982697
0.982697
0.982697
0.982697
0.982697
0.982697
0.982697
0.982697
0.982697
0.982697
0.982697
0.982697
0.982697
0.982697
0.982697
0.982712
0.982773
0.982834
0.982925
0.982956
0.983017
0.983078
0.983139
0.9832
0.983292
0.983322
0.983383
0.983475
0.983505
0.983597
0.983658
0.983719
0.98378
0.983841
0.983902
0.983963
0.984024
0.984085
0.984146
0.984207
0.984268
0.984329
0.98439
0.984451
0.984512
0.984573
0.984634
0.984695
0.984756
0.984818
0.984879
0.98494
0.985001
0.985062
0.985123
0.985184
0.985245
0.985306
0.985367
0.985428
0.985489
0.98555
0.985611
0.985672
0.98568
0.98568
0.98568
0.98568
0.98568
0.98568
0.98568
0.98568
0.98568
0.98568
0.98568
0.98568
0.98568
0.98568
0.98568
0.98568
0.98568
0.98568
0.98568
0.98568
0.98568
0.98568
0.98568
0.98568
0.98568
0.98568
0.98568
0.98568
0.98568
0.98568
0.98568
0.98568
0.98568
0.98568
0.98568
0.98568
0.98568
0.98568
0.98568
0.98568
0.98568
0.98568
0.98568
0.98568
0.98568
0.98568
0.98568
0.98568
0.98568
0.98568
0.98568
0.98568
0.98568
0.98568
0.98568
0.985748
0.985809
0.98584
0.985931
0.985962
0.986053
0.986084
0.986176
0.986237
0.986298
0.986359
0.98642
0.986481
0.986542
0.986603
0.986664
0.986725
0.986816
0.986877
0.986938
0.987
0.987061
0.987122
0.987183
0.987244
0.987305
0.987366
0.987457
0.987518
0.987579
0.987671
0.987701
0.987724
0.987724
0.987724
0.987724
0.987724
0.987724
0.987724
0.987724
0.987724
0.987724
0.987724
0.987724
0.987724
0.987724
0.987724
0.987724
0.987724
0.987724
0.987724
0.987724
0.987724
0.987724
0.987724
0.987724
0.987724
0.987724
0.987724
0.987724
0.987724
0.987724
0.987724
0.987724
0.987724
0.987724
0.987724
0.987724
0.987724
0.987724
0.987724
0.987724
0.987724
0.987724
0.987724
0.987724
0.987724
0.987724
0.987724
0.987724
0.987724
0.987724
0.987724
0.987724
0.987724
0.987724
0.987724
0.987724
0.987724
0.987732
0.987793
0.987854
0.987915
0.987976
0.988068
0.988129
0.988159
0.988251
0.988312
0.988373
0.988434
0.988495
0.988556
0.988617
0.988678
0.988739
0.98877
0.988861
0.988922
0.988983
0.989044
0.989105
0.989166
0.989227
0.989288
0.989349
0.98941
0.989471
0.989517
0.989517
0.989517
0.989517
0.989517
0.989517
0.989517
0.989517
0.989517
0.989517
0.989517
0.989517
0.989517
0.989517
0.989517
0.989517
0.989517
0.989517
0.989517
0.989517
0.989517
0.989517
0.989517
0.989517
0.989517
0.989517
0.989517
0.989517
0.989517
0.989517
0.989517
0.989517
0.989517
0.989517
0.989517
0.989517
0.989517
0.989517
0.989517
0.989517
0.989517
0.989517
0.989517
0.989517
0.989517
0.989517
0.989517
0.989517
0.989517
0.989517
0.989517
0.989517
0.989517
0.989517
0.989517
0.989517
0.989517
0.989517
0.989517
0.989517
0.989517
0.989517
0.989517
0.989517
0.989517
0.989517
0.989548
0.989609
0.98967
0.9897
0.989792
0.989853
0.989914
0.989975
0.990036
0.990097
0.990158
0.990219
0.99028
0.990341
0.990402
0.990463
0.990524
0.990555
0.990646
0.990707
0.990768
0.990829
0.990891
0.990952
0.991013
0.991074
0.991135
0.991165
0.991165
0.991165
0.991165
0.991165
0.991165
0.991165
0.991165
0.991165
0.991165
0.991165
0.991165
0.991165
0.991165
0.991165
0.991165
0.991165
0.991165
