0
0
0
0
0
1.52588e-05
7.62941e-05
0.000411987
0.000656128
0.00210571
0.00388336
0.00650787
0.0101242
0.0148468
0.0207977
0.0280533
0.0366669
0.0466919
0.058136
0.0709839
0.0928497
0.100815
0.117722
0.13588
0.155243
0.175735
0.197281
0.23143
0.243271
0.280037
0.292679
0.318489
0.358391
0.385689
0.413445
0.427475
0.470108
0.498886
0.527885
0.557037
0.586281
0.615578
0.630219
0.674019
0.703079
0.731941
0.760567
0.788925
0.816971
0.84465
0.871933
0.885406
0.925095
0.950928
0.976204
1.00089
1.02497
1.04841
1.07117
1.09323
1.11456
1.13514
1.15494
1.17393
1.19211
1.20947
1.22599
1.24167
1.2565
1.27046
1.28356
1.2958
1.30716
1.31765
1.32727
1.33603
1.34392
1.35095
1.35713
1.36248
1.36699
1.37068
1.37356
1.37565
1.37732
1.37749
1.37727
1.37633
1.37465
1.37083
1.36922
1.36549
1.36113
1.35615
1.35057
1.34441
1.33416
1.32668
1.32276
1.31027
1.3014
1.29211
1.28244
1.27241
1.26205
1.25139
1.24045
1.22357
1.21784
1.20037
1.18852
1.17654
1.16447
1.15231
1.1401
1.1217
1.11557
1.09721
1.08501
1.07894
1.06086
1.04893
1.03714
1.01973
1.01402
0.997154
0.986176
0.97541
0.964882
0.954628
0.944626
0.934906
0.925461
0.91185
0.907463
0.898918
0.890701
0.878983
0.875244
0.868019
0.861153
0.851517
0.848488
0.842705
0.834717
0.832237
0.82756
0.823257
0.817505
0.814133
0.811127
0.808487
0.806213
0.804306
0.802757
0.801567
0.80072
0.800217
0.800056
0.800217
0.800705
0.801514
0.802628
0.804039
0.80574
0.808807
0.809967
0.813812
0.816681
0.819794
0.82312
0.82666
0.830399
0.834328
0.838425
0.84269
0.847107
0.853996
0.858742
0.863594
0.863594
0.873611
0.878746
0.883949
0.889206
0.894516
0.899864
0.905235
0.910606
0.915977
0.924034
0.929398
0.934708
0.939972
0.945183
0.950325
0.955383
0.960358
0.965225
0.969986
0.97464
0.979172
0.985741
0.989967
0.994057
0.998024
1.00186
1.00738
1.00915
1.01259
1.0175
1.01907
1.02213
1.02645
1.02917
1.03175
1.03419
1.03651
1.0387
1.04075
1.04266
1.04443
1.04608
1.04759
1.04961
1.0508
1.05185
1.05278
1.05358
1.05425
1.0548
1.05523
1.05564
1.05576
1.05576
1.05566
1.05544
1.0551
1.05466
1.05381
1.05312
1.05233
1.05145
1.05049
1.04944
1.04831
1.04711
1.04518
1.04451
1.04237
1.04089
1.03934
1.03776
1.03612
1.03445
1.03274
1.03098
1.02921
1.0265
1.02467
1.02283
1.02095
1.01906
1.01717
1.01527
1.01244
1.01149
1.00865
1.00676
1.00581
1.00392
1.00108
0.999191
0.997314
0.995483
0.993652
0.991821
0.990005
0.988235
0.986465
0.984711
0.983002
0.981293
0.979622
0.977974
0.976341
0.974754
0.973175
0.971649
0.970131
0.968666
0.967224
0.96582
0.964455
0.963112
0.96183
0.960571
0.959351
0.958183
0.957047
0.955948
0.95491
0.953911
0.95295
0.951599
0.951172
0.949959
0.949211
0.948509
0.947853
0.947243
0.946693
0.94619
0.945732
0.94532
0.944962
0.944527
0.944405
0.944199
0.944031
0.943878
0.943832
0.943832
0.943886
0.943977
0.944099
0.944283
0.944496
0.94474
0.945045
0.945366
0.945732
0.946129
0.946556
0.947021
0.94751
0.948029
0.948578
0.949127
0.949738
0.950348
0.950966
0.951637
0.952309
0.95298
0.953659
0.954391
0.955124
0.955856
0.956589
0.957321
0.958054
0.958786
0.959518
0.960251
0.960983
0.961716
0.962448
0.963181
0.963913
0.964645
0.965744
0.96611
0.966843
0.967575
0.968307
0.969345
0.970016
0.970352
0.971024
0.971695
0.972656
0.973267
0.973572
0.974487
0.975067
0.975616
0.976166
0.976715
0.977234
0.977722
0.97821
0.978699
0.979347
0.979774
0.980202
0.980583
0.980949
0.981316
0.981667
0.981972
0.982277
0.982582
0.982971
0.983215
0.983459
0.983673
0.983856
0.984131
0.984314
0.984436
0.984558
0.98468
0.984802
0.984871
0.984962
0.985023
0.985085
0.9851
0.9851
0.9851
0.9851
0.9851
0.985062
0.985001
0.98494
0.984879
0.984818
0.984726
0.984604
0.984482
0.98436
0.984299
0.984116
0.983994
0.983871
0.983749
0.983582
0.983398
0.983215
0.983032
0.982849
0.982666
0.982483
0.9823
0.982117
0.981934
0.98175
0.981567
0.981384
0.981201
0.981018
0.980835
0.980652
0.980377
0.980194
0.980011
0.979828
0.979645
0.979462
0.979279
0.979004
0.978821
0.978638
0.978455
0.978271
0.978088
0.977905
0.977722
0.977539
0.977356
0.977173
0.97699
0.976807
0.976624
0.97644
0.976265
0.976143
0.976021
0.975899
0.975777
0.975655
0.975533
0.97541
0.975288
0.975166
0.975044
0.974922
0.9748
0.974731
0.97467
0.974609
0.974548
0.974457
0.974396
0.974365
0.974274
0.974243
0.974152
0.974121
0.974091
0.974091
0.974091
0.974091
0.974091
0.974091
0.974091
0.974091
0.974091
0.974091
0.974091
0.974091
0.974129
0.97419
0.974251
0.974312
0.974373
0.974434
0.974495
0.974556
0.974617
0.974678
0.974739
0.974831
0.974861
0.974953
0.975014
0.975075
0.975136
0.975235
0.975357
0.975479
0.975601
0.975723
0.975845
0.975967
0.976089
0.976212
0.976334
0.976456
0.976639
0.9767
0.976883
0.976944
0.977127
0.977188
0.977371
0.977493
0.977554
0.977737
0.977798
0.977982
0.978104
0.978226
0.978287
0.978409
0.978592
0.978714
0.978775
0.978897
0.97908
0.979141
0.979324
0.979446
0.979568
0.979691
0.979813
0.979935
0.980057
0.980179
0.980301
0.980423
0.980568
0.980629
0.98069
0.980751
0.980812
0.980873
0.980965
0.981026
0.981087
0.981148
0.981209
0.98127
0.981331
0.981422
0.981483
0.981544
0.981606
0.981667
0.981728
0.981789
0.98185
0.981911
0.981972
0.982033
0.982094
0.982155
0.982216
0.982277
0.982338
0.982399
0.98246
0.982521
0.982582
0.98262
0.98262
0.98262
0.98262
0.98262
0.98262
0.98262
0.98262
0.98262
0.98262
0.98262
0.98262
0.98262
0.98262
0.98262
0.98262
0.98262
0.98262
0.98262
0.98262
0.98262
0.98262
0.98262
0.98262
0.98262
0.98262
0.98262
0.98262
0.98262
0.98262
0.98262
0.98262
0.98262
0.98262
0.98262
0.98262
0.98262
0.98262
0.98262
0.98262
0.98262
0.98262
0.98262
0.98262
0.98262
0.98262
0.98262
0.98262
0.98262
0.98262
0.98262
0.98262
0.98262
0.98262
0.98262
0.98262
0.98262
0.98262
0.98262
0.98262
0.98262
0.98262
0.98262
0.98262
0.98262
0.98262
0.98262
0.98262
0.98262
0.98262
0.98262
0.98262
0.98262
0.98262
0.98262
0.98262
0.98262
0.982651
0.982712
0.982773
0.982834
0.982925
0.982986
0.983047
0.983109
0.98317
0.983231
0.983292
0.983383
0.983444
0.983505
0.983566
0.983627
0.983719
0.98378
0.983841
0.983902
0.983963
0.984024
0.984085
0.984177
0.984238
0.984299
0.98436
0.984421
0.984512
0.984573
0.984634
0.984695
0.984756
0.984818
0.984879
0.98494
0.985001
0.985062
0.985123
0.985184
0.985245
0.985336
0.985367
0.985428
0.985519
0.985527
0.985527
0.985527
0.985527
0.985527
0.985527
0.985527
0.985527
0.985527
0.985527
0.985527
0.985527
0.985527
0.985527
0.985527
0.985527
0.985527
0.985527
0.985527
0.985527
0.985527
0.985527
0.985527
0.985527
0.985527
0.985527
0.985527
0.985527
0.985527
0.985527
0.985527
0.985527
0.985527
0.985527
0.985527
0.985527
0.985527
0.985527
0.985527
0.985527
0.985527
0.985527
0.985527
0.985527
0.985527
0.985527
0.985527
0.985527
0.985527
0.985527
0.985527
0.985527
0.985527
0.985527
0.985573
0.985634
0.985695
0.985756
0.985847
0.985878
0.985939
0.986031
0.986092
0.986122
0.986183
0.986244
0.986336
0.986366
0.986458
0.986488
0.98658
0.986641
0.986702
0.986763
0.986824
0.986885
0.986946
0.987007
0.987068
0.987129
0.98719
0.987251
0.987312
0.987373
0.987434
0.987495
0.987541
0.987541
0.987541
0.987541
0.987541
0.987541
0.987541
0.987541
0.987541
0.987541
0.987541
0.987541
0.987541
0.987541
0.987541
0.987541
0.987541
0.987541
0.987541
0.987541
0.987541
0.987541
0.987541
0.987541
0.987541
0.987541
0.987541
0.987541
0.987541
0.987541
0.987541
0.987541
0.987541
0.987541
0.987541
0.987541
0.987541
0.987541
0.987541
0.987541
0.987541
0.987541
0.987541
0.987541
0.987541
0.987541
0.987541
0.987541
0.987541
0.987541
0.987541
0.987541
0.987541
0.987541
0.987541
0.987541
0.987541
0.987587
0.987648
0.98774
0.98777
0.987831
0.987892
0.987953
0.988045
0.988075
0.988167
0.988228
0.988289
0.98835
0.988411
0.988472
0.988533
0.988594
0.988686
0.988716
0.988808
0.988869
0.98893
0.988991
0.989052
0.989113
0.989174
0.989235
0.989288
0.989288
0.989288
0.989288
0.989288
0.989288
0.989288
0.989288
0.989288
0.989288
0.989288
0.989288
0.989288
0.989288
0.989288
0.989288
0.989288
0.989288
0.989288
0.989288
0.989288
0.989288
0.989288
0.989288
0.989288
0.989288
0.989288
0.989288
0.989288
0.989288
0.989288
0.989288
0.989288
0.989288
0.989288
0.989288
0.989288
0.989288
0.989288
0.989288
0.989288
0.989288
0.989288
0.989288
0.989288
0.989288
0.989288
0.989288
0.989288
0.989288
0.989288
0.989288
0.989288
0.989288
0.989288
0.989288
0.989288
0.989288
0.989288
0.989288
0.989288
0.989288
0.989288
0.989342
0.989433
0.989494
0.989555
0.989616
0.989677
0.989738
0.989799
0.989861
0.989922
0.989983
0.990044
0.990105
0.990166
0.990227
0.990288
0.990349
0.99041
0.990471
0.990532
0.990593
0.990685
0.990715
0.990807
0.990868
0.990913
0.990913
0.990913
0.990913
0.990913
0.990913
0.990913
0.990913
0.990913
0.990913
0.990913
0.990913
0.990913
0.990913
0.990913
0.990913
0.990913
0.990913
0.990913
0.990913
0.990913
0.990913
0.990913
0.990913
0.990913
