0
1.52588e-05
1.52588e-05
1.52588e-05
3.81471e-05
9.91824e-05
0.000267029
0.000679016
0.00150299
0.00292206
0.00509644
0.00820923
0.0123596
0.0208206
0.0242767
0.0322113
0.0415344
0.0581741
0.0710297
0.07798
0.100891
0.117821
0.136009
0.155403
0.175926
0.208679
0.220093
0.255653
0.267921
0.293037
0.331978
0.345268
0.385941
0.413612
0.441673
0.470055
0.498695
0.527534
0.556503
0.585548
0.62912
0.643616
0.672539
0.701324
0.744148
0.7724
0.800354
0.82798
0.855225
0.882065
0.908463
0.934364
0.959717
0.984497
1.00867
1.04372
1.05507
1.07724
1.09869
1.11941
1.13935
1.1678
1.17688
1.19443
1.21114
1.23464
1.24924
1.25623
1.27587
1.28788
1.29356
1.3093
1.31869
1.32306
1.33487
1.34166
1.3476
1.35269
1.35696
1.3604
1.36304
1.36488
1.36594
1.36625
1.36582
1.36466
1.36279
1.36023
1.35702
1.35316
1.34869
1.34361
1.33797
1.33178
1.32506
1.31783
1.31013
1.30198
1.29342
1.28445
1.27511
1.26543
1.25542
1.24511
1.23453
1.22369
1.20705
1.20142
1.19001
1.17846
1.16678
1.14909
1.13723
1.12533
1.11343
1.10152
1.08967
1.07787
1.06615
1.05454
1.03738
1.02615
1.01508
1.0042
0.993523
0.983063
0.972839
0.96283
0.953094
0.943619
0.934418
0.925499
0.916878
0.904526
0.900566
0.892899
0.882004
0.87854
0.871864
0.86554
0.856705
0.851257
0.846161
0.841431
0.837059
0.833046
0.829391
0.826096
0.821815
0.819405
0.817352
0.815651
0.814285
0.813263
0.812569
0.812202
0.812164
0.812431
0.813408
0.81443
0.815048
0.817322
0.818214
0.820198
0.823631
0.824898
0.829033
0.830521
0.835289
0.838715
0.8405
0.8461
0.850037
0.854118
0.858337
0.862686
0.867149
0.871719
0.876381
0.881119
0.885933
0.890808
0.893265
0.900688
0.905693
0.910698
0.915703
0.920708
0.925713
0.930717
0.935661
0.940575
0.947853
0.950241
0.957306
0.959625
0.966423
0.968643
0.973007
0.97934
0.983414
0.987366
0.991211
0.994926
0.998512
1.00198
1.00532
1.00854
1.01163
1.01459
1.01743
1.02013
1.02271
1.02517
1.0275
1.02972
1.03181
1.03378
1.03562
1.03735
1.03895
1.04043
1.04179
1.04302
1.04414
1.04514
1.04603
1.04679
1.04745
1.04799
1.04842
1.04874
1.04895
1.04906
1.04906
1.04897
1.04878
1.0485
1.04811
1.04765
1.04708
1.04644
1.04572
1.04491
1.04404
1.04308
1.04207
1.04099
1.03984
1.03864
1.03738
1.03606
1.03471
1.0333
1.03112
1.02961
1.02808
1.0265
1.02492
1.02329
1.02164
1.02
1.01833
1.01662
1.01492
1.01321
1.0115
1.00979
1.00808
1.00637
1.00466
1.00295
1.00124
0.999535
0.997826
0.996117
0.994453
0.992805
0.990334
0.988686
0.987076
0.986282
0.984695
0.983109
0.980804
0.979279
0.978516
0.977051
0.974861
0.973457
0.972054
0.971375
0.96936
0.968071
0.966789
0.965569
0.964363
0.963203
0.962082
0.960983
0.959946
0.958931
0.957954
0.957031
0.956139
0.955284
0.954491
0.953362
0.953003
0.952332
0.951706
0.951118
0.950325
0.949837
0.949409
0.94902
0.948669
0.948364
0.948112
0.947891
0.947708
0.947578
0.947456
0.947418
0.947418
0.947472
0.947548
0.94767
0.947823
0.948006
0.948235
0.948479
0.948776
0.949081
0.94944
0.949997
0.950211
0.950638
0.951073
0.951561
0.952293
0.952553
0.953377
0.953651
0.954201
0.954781
0.955696
0.956306
0.956917
0.957527
0.95816
0.958832
0.959503
0.960175
0.960846
0.961517
0.962189
0.96286
0.963531
0.964203
0.964874
0.965546
0.966217
0.967163
0.967468
0.968384
0.968689
0.969604
0.96991
0.970825
0.9711
0.971649
0.972473
0.973022
0.973572
0.973824
0.974312
0.975044
0.975288
0.976006
0.976433
0.97686
0.977287
0.977715
0.978081
0.978447
0.978813
0.979179
0.9795
0.979805
0.980263
0.980415
0.980682
0.981049
0.981171
0.981415
0.981644
0.981827
0.98201
0.982285
0.982376
0.982521
0.982704
0.982826
0.982948
0.983055
0.983116
0.983177
0.983269
0.98333
0.983376
0.983376
0.983376
0.983376
0.983376
0.983376
0.983345
0.983284
0.983223
0.983162
0.983101
0.98304
0.982948
0.982887
0.982765
0.982643
0.982521
0.982399
0.982277
0.982155
0.982033
0.981911
0.981728
0.981667
0.981483
0.981361
0.981239
0.981102
0.980919
0.980644
0.980461
0.980278
0.980095
0.979912
0.979729
0.979546
0.979362
0.979179
0.978996
0.978813
0.97863
0.978447
0.978264
0.978081
0.977867
0.977806
0.977623
0.977562
0.97744
0.977257
0.977135
0.977013
0.976891
0.976768
0.976646
0.976524
0.976341
0.97628
0.976097
0.975975
0.975853
0.975731
0.97567
0.975609
0.975548
0.975456
0.975395
0.975334
0.975273
0.975212
0.975151
0.97509
0.974998
0.974937
0.974876
0.974876
0.974876
0.974876
0.974876
0.974876
0.974876
0.974876
0.974876
0.974876
0.974876
0.974876
0.974876
0.974876
0.974876
0.974922
0.975014
0.975075
0.975136
0.975197
0.975258
0.975319
0.97538
0.975441
0.975502
0.975594
0.975624
0.975716
0.975777
0.975838
0.975899
0.97596
0.976021
0.976082
0.976143
0.976204
0.976265
0.976326
0.976387
0.976463
0.976585
0.976768
0.976891
0.977013
0.977135
0.977257
0.977379
0.977501
0.977623
0.977745
0.977867
0.977989
0.978111
0.978233
0.978355
0.978477
0.9786
0.978783
0.978905
0.979027
0.979149
0.979271
0.979393
0.979515
0.979637
0.979736
0.979797
0.979858
0.979919
0.97998
0.980042
0.980103
0.980164
0.980225
0.980286
0.980347
0.980408
0.980469
0.98053
0.980591
0.980652
0.980713
0.980774
0.980865
0.980927
0.980957
0.981018
0.981079
0.981171
0.981232
0.981293
0.981354
0.981415
0.981476
0.981537
0.981598
0.981659
0.98172
0.981781
0.981873
0.981934
0.981995
0.982056
0.982117
0.982178
0.982239
0.98233
0.982391
0.982452
0.982506
0.982506
0.982506
0.982506
0.982506
0.982506
0.982506
0.982506
0.982506
0.982506
0.982506
0.982506
0.982506
0.982506
0.982506
0.982506
0.982506
0.982506
0.982506
0.982506
0.982506
0.982506
0.982506
0.982506
0.982506
0.982506
0.982506
0.982506
0.982506
0.982506
0.982506
0.982506
0.982506
0.982506
0.982506
0.982506
0.982506
0.982506
0.982506
0.982506
0.982506
0.982506
0.982506
0.982506
0.982506
0.982506
0.982506
0.982506
0.982506
0.982506
0.982506
0.982506
0.982506
0.982506
0.982506
0.982506
0.982506
0.982506
0.982506
0.982506
0.982506
0.982506
0.982506
0.982506
0.982506
0.982506
0.982567
0.982658
0.982719
0.98278
0.982841
0.982903
0.982964
0.983025
0.983086
0.983147
0.983208
0.983269
0.98333
0.983421
0.983482
0.983543
0.983604
0.983665
0.983727
0.983788
0.983849
0.98391
0.983971
0.984032
0.984093
0.984154
0.984215
0.984306
0.984367
0.984428
0.984489
0.98455
0.984612
0.984673
0.984734
0.984795
0.984856
0.984917
0.984978
0.985039
0.9851
0.985161
0.985222
0.985268
0.985268
0.985268
0.985268
0.985268
0.985268
0.985268
0.985268
0.985268
0.985268
0.985268
0.985268
0.985268
0.985268
0.985268
0.985268
0.985268
0.985268
0.985268
0.985268
0.985268
0.985268
0.985268
0.985268
0.985268
0.985268
0.985268
0.985268
0.985268
0.985268
0.985268
0.985268
0.985268
0.985268
0.985268
0.985268
0.985268
0.985268
0.985268
0.985268
0.985268
0.985268
0.985268
0.985268
0.985268
0.985268
0.985268
0.985268
0.985268
0.985268
0.985268
0.985291
0.985352
0.985413
0.985474
0.985535
0.985626
0.985687
0.985718
0.985809
0.98587
0.985901
0.985992
0.986053
0.986115
0.986176
0.986237
0.986298
0.986359
0.98642
0.986481
0.986542
0.986603
0.986664
0.986725
0.986786
0.986847
0.986908
0.986969
0.98703
0.987091
0.987152
0.987213
0.987228
0.987228
0.987228
0.987228
0.987228
0.987228
0.987228
0.987228
0.987228
0.987228
0.987228
0.987228
0.987228
0.987228
0.987228
0.987228
0.987228
0.987228
0.987228
0.987228
0.987228
0.987228
0.987228
0.987228
0.987228
0.987228
0.987228
0.987228
0.987228
0.987228
0.987228
0.987228
0.987228
0.987228
0.987228
0.987228
0.987228
0.987228
0.987228
0.987228
0.987228
0.987228
0.987228
0.987228
0.987228
0.987228
0.987228
0.987228
0.987228
0.987228
0.987228
0.987259
0.98732
0.987381
0.987442
0.987503
0.987564
0.987625
0.987686
0.987747
0.987808
0.9879
0.98793
0.987991
0.988052
0.988113
0.988205
0.988266
0.988297
0.988388
0.988449
0.98851
0.988571
0.988632
0.988693
0.988754
0.988815
0.988876
0.988937
0.988998
0.988998
0.988998
0.988998
0.988998
0.988998
0.988998
0.988998
0.988998
0.988998
0.988998
0.988998
0.988998
0.988998
0.988998
0.988998
0.988998
0.988998
0.988998
0.988998
0.988998
0.988998
0.988998
0.988998
0.988998
0.988998
0.988998
0.988998
0.988998
0.988998
0.988998
0.988998
0.988998
0.988998
0.988998
0.988998
0.988998
0.988998
0.988998
0.988998
0.988998
0.988998
0.988998
0.988998
0.988998
0.988998
0.988998
0.988998
0.988998
0.988998
0.988998
0.988998
0.988998
0.988998
0.988998
0.988998
0.988998
0.988998
0.988998
0.988998
0.988998
0.988998
0.989044
0.989105
0.989197
0.989258
0.989319
0.98938
0.989441
0.989502
0.989563
0.989624
0.989685
0.989746
0.989807
0.989868
0.989929
0.98999
0.990051
0.990112
0.990173
0.990234
0.990295
0.990387
0.990448
0.990509
0.99057
0.990578
0.990578
0.990578
0.990578
0.990578
0.990578
0.990578
0.990578
0.990578
0.990578
0.990578
0.990578
0.990578
0.990578
0.990578
0.990578
0.990578
0.990578
0.990578
0.990578
0.990578
0.990578
0.990578
0.990578
0.990578
0.990578
0.990578
0.990578
0.990578
0.990578
0.990578
0.990578
0.990578
0.990578
0.990578
0.990578
0.990578
0.990578
0.990578
0.990578
0.990578
0.990578
0.990578
0.990578
0.990578
0.990578
0.990578
0.990578
0.990578
