0
0
0
0
1.52588e-05
7.62941e-05
0.000244141
0.00100708
0.00210571
0.00388336
0.00650787
0.0101242
0.0148468
0.0207977
0.0280533
0.0366745
0.0522385
0.0643845
0.0779343
0.0928574
0.109116
0.126656
0.145416
0.165329
0.186325
0.208359
0.243134
0.267387
0.292412
0.318161
0.344559
0.385223
0.399033
0.426971
0.469559
0.498306
0.527267
0.556381
0.585579
0.614815
0.64402
0.673134
0.70211
0.745201
0.759438
0.80172
0.829483
0.843224
0.870392
0.897095
0.936234
0.961685
0.986557
1.02273
1.03447
1.0687
1.09068
1.11194
1.13245
1.15218
1.17113
1.18927
1.20657
1.22301
1.23859
1.2533
1.26712
1.28006
1.29211
1.30329
1.31358
1.32301
1.33156
1.33925
1.34608
1.35207
1.35723
1.36156
1.36507
1.36778
1.36971
1.37086
1.37126
1.37048
1.36905
1.36692
1.36411
1.36063
1.35651
1.35178
1.34647
1.34056
1.33412
1.32346
1.31966
1.31172
1.29899
1.28998
1.28059
1.27085
1.26079
1.25042
1.23978
1.22891
1.21783
1.20655
1.18934
1.1777
1.16595
1.15413
1.14223
1.1303
1.11834
1.10638
1.09448
1.08263
1.07087
1.05342
1.04767
1.03062
1.02502
1.00851
0.997742
0.987183
0.976845
0.966743
0.956894
0.947311
0.938011
0.928993
0.92028
0.91188
0.903801
0.896049
0.888626
0.881523
0.871521
0.865273
0.862282
0.853828
0.848625
0.843773
0.839272
0.835129
0.831337
0.826317
0.823418
0.820869
0.818665
0.816803
0.815285
0.814102
0.812943
0.812576
0.812538
0.812637
0.813393
0.814262
0.815422
0.816864
0.818573
0.820541
0.822769
0.825233
0.827919
0.830818
0.833931
0.837242
0.840736
0.846306
0.848244
0.852226
0.856361
0.860619
0.864998
0.871773
0.876404
0.881126
0.885918
0.89077
0.895668
0.900612
0.905586
0.910591
0.918098
0.923103
0.928108
0.933075
0.938019
0.945335
0.950142
0.95488
0.959541
0.964104
0.968582
0.972946
0.977203
0.981354
0.985382
0.989288
0.993088
0.99675
1.00029
1.00371
1.007
1.01018
1.01323
1.01616
1.01897
1.02165
1.02422
1.02666
1.02898
1.03118
1.03327
1.03524
1.03709
1.03963
1.04117
1.04259
1.04391
1.0451
1.04617
1.04712
1.04796
1.04868
1.04929
1.04998
1.0503
1.05051
1.05061
1.05061
1.05051
1.0503
1.05
1.0496
1.0491
1.04819
1.04749
1.04669
1.04581
1.04487
1.04385
1.04277
1.04162
1.04041
1.03913
1.03713
1.03643
1.03501
1.0328
1.03127
1.02971
1.02812
1.0265
1.02485
1.0232
1.0215
1.01979
1.01808
1.01637
1.01465
1.01288
1.01111
1.00934
1.00757
1.0058
1.00403
1.00226
0.999641
0.998787
0.996223
0.994514
0.992805
0.991096
0.989426
0.987778
0.98613
0.984482
0.982895
0.981308
0.979729
0.978203
0.976677
0.975189
0.972992
0.971581
0.970177
0.968826
0.967484
0.966194
0.96492
0.963699
0.962502
0.961342
0.960228
0.959137
0.958099
0.9571
0.956131
0.955215
0.954346
0.953506
0.952713
0.951973
0.951271
0.950607
0.949997
0.949158
0.948662
0.948204
0.947784
0.947418
0.947105
0.946831
0.946594
0.946411
0.946274
0.946167
0.946106
0.946098
0.946121
0.946236
0.946297
0.946434
0.946716
0.94696
0.947227
0.947533
0.947868
0.948235
0.948631
0.949059
0.949501
0.949989
0.950478
0.951004
0.951828
0.952103
0.952995
0.953606
0.953911
0.954834
0.955505
0.956177
0.956848
0.957184
0.958191
0.958862
0.959534
0.960205
0.960876
0.961594
0.962303
0.962975
0.963646
0.964317
0.964989
0.96566
0.966331
0.967003
0.967674
0.968346
0.969017
0.969658
0.970268
0.970879
0.971489
0.972099
0.972702
0.973251
0.973801
0.97435
0.974899
0.97541
0.975899
0.976387
0.976875
0.977341
0.977768
0.978195
0.978622
0.979027
0.979393
0.979759
0.980309
0.980614
0.980919
0.981071
0.981529
0.981773
0.982018
0.982262
0.982506
0.982697
0.98288
0.983063
0.983246
0.983391
0.983513
0.983635
0.983818
0.983879
0.98394
0.984001
0.984062
0.984154
0.984184
0.984184
0.984184
0.984184
0.984184
0.984184
0.984146
0.984085
0.984024
0.983963
0.983902
0.983841
0.98378
0.983688
0.983566
0.983444
0.983322
0.9832
0.983078
0.982956
0.982834
0.982712
0.98259
0.982468
0.982292
0.982109
0.981926
0.981743
0.98156
0.981285
0.981102
0.980919
0.980736
0.980553
0.98037
0.980186
0.980003
0.97982
0.979546
0.979454
0.979271
0.979088
0.978905
0.97863
0.978447
0.978264
0.978081
0.977898
0.977715
0.977531
0.977257
0.977089
0.976967
0.976845
0.976723
0.976601
0.976479
0.976357
0.976234
0.976112
0.97599
0.975868
0.975746
0.975624
0.975502
0.97538
0.975296
0.975235
0.975174
0.975113
0.975052
0.974991
0.974899
0.974869
0.974808
0.974747
0.974655
0.974594
0.974564
0.974556
0.974556
0.974556
0.974556
0.974556
0.974556
0.974556
0.974556
0.974556
0.974556
0.974556
0.974556
0.974571
0.974632
0.974693
0.974754
0.974815
0.974876
0.974937
0.974998
0.97509
0.975151
0.975212
0.975273
0.975334
0.975395
0.975456
0.975517
0.975578
0.975639
0.975731
0.975792
0.975891
0.976013
0.976135
0.976257
0.976379
0.976501
0.976624
0.976746
0.976868
0.97699
0.977112
0.977234
0.977356
0.977478
0.977661
0.977722
0.977844
0.977966
0.978088
0.978271
0.978394
0.978516
0.978638
0.97876
0.978882
0.979004
0.979126
0.979248
0.97937
0.979492
0.979614
0.979736
0.979858
0.97998
0.980103
0.980179
0.98024
0.980331
0.980392
0.980453
0.980515
0.980576
0.980637
0.980728
0.980789
0.98082
0.980911
0.980972
0.981033
0.981094
0.981155
0.981216
0.981277
0.981339
0.9814
0.981461
0.981552
0.981613
0.981674
0.981735
0.981796
0.981857
0.981918
0.981979
0.98204
0.982101
0.982162
0.982224
0.982285
0.982346
0.982407
0.982468
0.982559
0.982559
0.982559
0.982559
0.982559
0.982559
0.982559
0.982559
0.982559
0.982559
0.982559
0.982559
0.982559
0.982559
0.982559
0.982559
0.982559
0.982559
0.982559
0.982559
0.982559
0.982559
0.982559
0.982559
0.982559
0.982559
0.982559
0.982559
0.982559
0.982559
0.982559
0.982559
0.982559
0.982559
0.982559
0.982559
0.982559
0.982559
0.982559
0.982559
0.982559
0.982559
0.982559
0.982559
0.982559
0.982559
0.982559
0.982559
0.982559
0.982559
0.982559
0.982559
0.982559
0.982559
0.982559
0.982559
0.982559
0.982559
0.982559
0.982559
0.982559
0.982559
0.982559
0.982559
0.982559
0.982559
0.982559
0.982559
0.982559
0.982559
0.982559
0.982559
0.982574
0.982635
0.982697
0.982758
0.982819
0.98288
0.982941
0.983002
0.983063
0.983124
0.983185
0.983276
0.983307
0.983368
0.983429
0.983521
0.983582
0.983643
0.983704
0.983765
0.983826
0.983887
0.983948
0.984009
0.98407
0.984131
0.984192
0.984253
0.984314
0.984375
0.984436
0.984497
0.984558
0.984619
0.98468
0.984741
0.984802
0.984863
0.984924
0.984985
0.985046
0.985107
0.985168
0.985229
0.985291
0.985352
0.985413
0.98542
0.98542
0.98542
0.98542
0.98542
0.98542
0.98542
0.98542
0.98542
0.98542
0.98542
0.98542
0.98542
0.98542
0.98542
0.98542
0.98542
0.98542
0.98542
0.98542
0.98542
0.98542
0.98542
0.98542
0.98542
0.98542
0.98542
0.98542
0.98542
0.98542
0.98542
0.98542
0.98542
0.98542
0.98542
0.98542
0.98542
0.98542
0.98542
0.98542
0.98542
0.98542
0.98542
0.98542
0.98542
0.98542
0.98542
0.98542
0.98542
0.98542
0.98542
0.98542
0.985443
0.985504
0.985565
0.985626
0.985687
0.985748
0.985809
0.98587
0.985931
0.985992
0.986053
0.986115
0.986176
0.986237
0.986328
0.986389
0.98642
0.986481
0.986572
0.986633
0.986694
0.986755
0.986786
0.986877
0.986938
0.987
0.987061
0.987122
0.987183
0.987244
0.987305
0.987366
0.987427
0.987488
0.987488
0.987488
0.987488
0.987488
0.987488
0.987488
0.987488
0.987488
0.987488
0.987488
0.987488
0.987488
0.987488
0.987488
0.987488
0.987488
0.987488
0.987488
0.987488
0.987488
0.987488
0.987488
0.987488
0.987488
0.987488
0.987488
0.987488
0.987488
0.987488
0.987488
0.987488
0.987488
0.987488
0.987488
0.987488
0.987488
0.987488
0.987488
0.987488
0.987488
0.987488
0.987488
0.987488
0.987488
0.987488
0.987488
0.987488
0.987488
0.987488
0.987488
0.987488
0.987488
0.987488
0.987488
0.987488
0.987488
0.987488
0.987503
0.987564
0.987625
0.987717
0.987747
0.987808
0.987869
0.987961
0.987991
0.988052
0.988113
0.988174
0.988266
0.988327
0.988388
0.988449
0.98851
0.988571
0.988632
0.988693
0.988754
0.988815
0.988907
0.988937
0.989029
0.98909
0.98912
0.989212
0.989243
0.989273
0.989273
0.989273
0.989273
0.989273
0.989273
0.989273
0.989273
0.989273
0.989273
0.989273
0.989273
0.989273
0.989273
0.989273
0.989273
0.989273
0.989273
0.989273
0.989273
0.989273
0.989273
0.989273
0.989273
0.989273
0.989273
0.989273
0.989273
0.989273
0.989273
0.989273
0.989273
0.989273
0.989273
0.989273
0.989273
0.989273
0.989273
0.989273
0.989273
0.989273
0.989273
0.989273
0.989273
0.989273
0.989273
0.989273
0.989273
0.989273
0.989273
0.989273
0.989273
0.989273
0.989273
0.989273
0.989273
0.989273
0.989273
0.989273
0.989273
0.989273
0.989273
0.989311
0.989342
0.989433
0.989494
0.989525
0.989616
0.989677
0.989738
0.989799
0.989861
0.989922
0.989983
0.990044
0.990105
0.990166
0.990227
0.990288
0.990349
0.99041
0.990471
0.990532
0.990593
0.990654
0.990715
0.990776
0.990837
0.990837
0.990837
0.990837
0.990837
0.990837
0.990837
0.990837
0.990837
0.990837
0.990837
0.990837
0.990837
0.990837
0.990837
0.990837
0.990837
0.990837
0.990837
0.990837
0.990837
0.990837
0.990837
0.990837
0.990837
0.990837
0.990837
0.990837
0.990837
0.990837
0.990837
0.990837
