0
3.81471e-05
3.81471e-05
3.81471e-05
3.81471e-05
9.1553e-05
0.000289918
0.000701905
0.00152588
0.00294495
0.00511932
0.01017
0.0123825
0.0177078
0.0242996
0.0367203
0.0467453
0.0522842
0.0644379
0.0852966
0.100906
0.117828
0.136017
0.155388
0.175896
0.197472
0.220047
0.243523
0.267845
0.292931
0.318718
0.345131
0.372101
0.399567
0.42746
0.455696
0.48423
0.513008
0.541962
0.571037
0.600151
0.629265
0.658348
0.687325
0.716141
0.744759
0.773125
0.801186
0.828903
0.869743
0.883125
0.922539
0.935432
0.960808
0.985596
1.00978
1.03332
1.05617
1.07832
1.11018
1.13049
1.15004
1.16879
1.18674
1.20389
1.22019
1.23565
1.25025
1.26399
1.27685
1.28884
1.29996
1.31019
1.31955
1.32804
1.33567
1.34551
1.34837
1.35345
1.35771
1.36258
1.36482
1.36629
1.36673
1.36705
1.36613
1.36463
1.36243
1.35954
1.356
1.35183
1.34705
1.34167
1.33574
1.32926
1.32227
1.3148
1.30686
1.29415
1.28971
1.27583
1.27103
1.25615
1.24585
1.23529
1.2245
1.2135
1.20232
1.19099
1.17953
1.16796
1.15633
1.14464
1.13292
1.1212
1.10948
1.09782
1.08621
1.07469
1.06326
1.05196
1.04078
1.02975
1.01889
1.00294
0.992538
0.982353
0.972374
0.962624
0.948433
0.939293
0.930428
0.921837
0.913544
0.905556
0.897888
0.890556
0.883568
0.873749
0.867645
0.861908
0.856522
0.851501
0.84684
0.842537
0.836754
0.835007
0.830299
0.827599
0.825241
0.823227
0.821556
0.820213
0.819199
0.818504
0.818123
0.818054
0.818283
0.818802
0.819603
0.820686
0.822029
0.823639
0.8255
0.827606
0.829933
0.832489
0.835258
0.838226
0.841385
0.844734
0.848259
0.851944
0.855782
0.859756
0.863861
0.868088
0.872429
0.876862
0.881393
0.886002
0.893028
0.895409
0.902596
0.907417
0.912285
0.917168
0.92205
0.926933
0.931778
0.9366
0.941376
0.946098
0.95076
0.955353
0.962082
0.964279
0.968605
0.972824
0.978958
0.982903
0.984833
0.988602
0.992249
0.995789
1.00087
1.0041
1.00568
1.01021
1.01308
1.01582
1.01845
1.02095
1.02333
1.02559
1.02773
1.02974
1.03163
1.03342
1.03508
1.03662
1.03805
1.03936
1.04055
1.04163
1.04259
1.04344
1.04419
1.04483
1.04536
1.04578
1.0461
1.04631
1.04642
1.04645
1.04636
1.0462
1.04593
1.04537
1.0449
1.04433
1.04369
1.04298
1.04219
1.04087
1.03991
1.03889
1.0378
1.03667
1.03548
1.03424
1.03296
1.03162
1.03027
1.02886
1.02743
1.02596
1.02448
1.02295
1.02142
1.01986
1.01827
1.01669
1.0151
1.01348
1.01183
1.00936
1.00854
1.00607
1.00442
1.00359
1.00195
1.0003
0.997826
0.996178
0.994576
0.992989
0.991402
0.989815
0.988228
0.986679
0.98439
0.982864
0.981377
0.979912
0.978447
0.977028
0.975624
0.974243
0.9729
0.971565
0.970284
0.968391
0.967171
0.965988
0.964828
0.963715
0.962616
0.961571
0.960548
0.959091
0.958176
0.957291
0.956436
0.955643
0.95488
0.954147
0.953148
0.952538
0.95224
0.951431
0.950943
0.9505
0.950096
0.94973
0.949417
0.949135
0.948891
0.948708
0.948555
0.948395
0.948334
0.948326
0.948341
0.948402
0.948494
0.948616
0.948784
0.948967
0.949203
0.949448
0.949745
0.95005
0.950394
0.95076
0.951141
0.951782
0.952217
0.952705
0.953194
0.953682
0.954224
0.955048
0.955597
0.956146
0.956757
0.957367
0.957977
0.958588
0.959198
0.959808
0.960419
0.961029
0.961639
0.96225
0.96286
0.96347
0.964081
0.964691
0.965302
0.966217
0.966827
0.967438
0.968048
0.968658
0.969269
0.970108
0.970657
0.971207
0.971756
0.972305
0.972839
0.973572
0.973816
0.974548
0.975037
0.975471
0.975899
0.976326
0.976753
0.977158
0.977707
0.97789
0.978256
0.978622
0.979088
0.979393
0.979698
0.980003
0.980247
0.980492
0.980736
0.98098
0.981194
0.981377
0.98156
0.981743
0.981926
0.982063
0.982185
0.982307
0.98243
0.982597
0.982658
0.982719
0.98278
0.982841
0.982903
0.982933
0.982933
0.982933
0.982933
0.982933
0.982933
0.98291
0.982849
0.982758
0.982697
0.982635
0.982574
0.982513
0.982452
0.982384
0.982262
0.98214
0.982018
0.981895
0.981773
0.981651
0.981529
0.981407
0.981285
0.981163
0.981041
0.980919
0.980797
0.980614
0.980553
0.980431
0.980309
0.980186
0.980003
0.979881
0.979759
0.979637
0.979515
0.979393
0.979332
0.979149
0.979027
0.978905
0.978783
0.978661
0.978539
0.978416
0.978294
0.978172
0.97805
0.977928
0.977806
0.977684
0.977562
0.97744
0.977318
0.977196
0.977074
0.976952
0.97683
0.976707
0.976585
0.976463
0.976341
0.976219
0.976151
0.976089
0.976028
0.975967
0.975906
0.975845
0.975784
0.975723
0.975662
0.975601
0.97554
0.975449
0.975388
0.975327
0.975288
0.975288
0.975288
0.975288
0.975288
0.975288
0.975288
0.975288
0.975288
0.975288
0.975288
0.975288
0.975288
0.975288
0.975288
0.975311
0.975372
0.975433
0.975525
0.975586
0.975647
0.975708
0.975769
0.97583
0.975891
0.975952
0.976013
0.976074
0.976135
0.976196
0.976257
0.976318
0.976379
0.97644
0.976501
0.976562
0.976624
0.976685
0.976746
0.976807
0.976898
0.976929
0.97702
0.977051
0.977142
0.977325
0.977386
0.97757
0.977631
0.977814
0.977936
0.978058
0.97818
0.978302
0.978424
0.978546
0.978668
0.97879
0.978912
0.979095
0.979218
0.97934
0.979462
0.979584
0.979706
0.979774
0.979866
0.979897
0.979988
0.980019
0.98011
0.980171
0.980232
0.980293
0.980354
0.980415
0.980476
0.980537
0.980598
0.980659
0.980721
0.980782
0.980873
0.980934
0.980995
0.981056
0.981117
0.981178
0.981239
0.9813
0.981392
0.981453
0.981514
0.981575
0.981636
0.981697
0.981758
0.981819
0.98188
0.981941
0.982002
0.982063
0.982124
0.982185
0.982246
0.982307
0.982368
0.98246
0.982521
0.982582
0.982643
0.982704
0.982704
0.982704
0.982704
0.982704
0.982704
0.982704
0.982704
0.982704
0.982704
0.982704
0.982704
0.982704
0.982704
0.982704
0.982704
0.982704
0.982704
0.982704
0.982704
0.982704
0.982704
0.982704
0.982704
0.982704
0.982704
0.982704
0.982704
0.982704
0.982704
0.982704
0.982704
0.982704
0.982704
0.982704
0.982704
0.982704
0.982704
0.982704
0.982704
0.982704
0.982704
0.982704
0.982704
0.982704
0.982704
0.982704
0.982704
0.982704
0.982704
0.982704
0.982704
0.982704
0.982704
0.982704
0.982704
0.982704
0.982704
0.982704
0.982704
0.982704
0.982704
0.982704
0.982704
0.982704
0.98275
0.982811
0.982872
0.982933
0.982994
0.983055
0.983116
0.983177
0.983269
0.98333
0.983391
0.983452
0.983513
0.983574
0.983635
0.983696
0.983757
0.983818
0.983879
0.98394
0.984001
0.984093
0.984154
0.984215
0.984276
0.984337
0.984367
0.984489
0.98455
0.984612
0.984673
0.984734
0.984795
0.984856
0.984917
0.985008
0.985069
0.98513
0.985191
0.985252
0.985313
0.985374
0.985374
0.985374
0.985374
0.985374
0.985374
0.985374
0.985374
0.985374
0.985374
0.985374
0.985374
0.985374
0.985374
0.985374
0.985374
0.985374
0.985374
0.985374
0.985374
0.985374
0.985374
0.985374
0.985374
0.985374
0.985374
0.985374
0.985374
0.985374
0.985374
0.985374
0.985374
0.985374
0.985374
0.985374
0.985374
0.985374
0.985374
0.985374
0.985374
0.985374
0.985374
0.985374
0.985374
0.985374
0.985374
0.985374
0.985374
0.985374
0.985374
0.985374
0.985374
0.985397
0.985458
0.985519
0.98558
0.985641
0.985703
0.985764
0.985855
0.985916
0.985977
0.986038
0.986099
0.98616
0.986221
0.986282
0.986343
0.986404
0.986496
0.986526
0.986588
0.986679
0.98674
0.986801
0.986862
0.986923
0.986984
0.987045
0.987106
0.987167
0.987228
0.987289
0.987335
0.987335
0.987335
0.987335
0.987335
0.987335
0.987335
0.987335
0.987335
0.987335
0.987335
0.987335
0.987335
0.987335
0.987335
0.987335
0.987335
0.987335
0.987335
0.987335
0.987335
0.987335
0.987335
0.987335
0.987335
0.987335
0.987335
0.987335
0.987335
0.987335
0.987335
0.987335
0.987335
0.987335
0.987335
0.987335
0.987335
0.987335
0.987335
0.987335
0.987335
0.987335
0.987335
0.987335
0.987335
0.987335
0.987335
0.987335
0.987335
0.987335
0.987335
0.987335
0.987335
0.987381
0.987473
0.987503
0.987564
0.987656
0.987717
0.987778
0.987839
0.9879
0.987961
0.988022
0.988083
0.988144
0.988205
0.988266
0.988327
0.988388
0.988449
0.988541
0.988571
0.988632
0.988724
0.988754
0.988815
0.988907
0.988937
0.988998
0.989059
0.989059
0.989059
0.989059
0.989059
0.989059
0.989059
0.989059
0.989059
0.989059
0.989059
0.989059
0.989059
0.989059
0.989059
0.989059
0.989059
0.989059
0.989059
0.989059
0.989059
0.989059
0.989059
0.989059
0.989059
0.989059
0.989059
0.989059
0.989059
0.989059
0.989059
0.989059
0.989059
0.989059
0.989059
0.989059
0.989059
0.989059
0.989059
0.989059
0.989059
0.989059
0.989059
0.989059
0.989059
0.989059
0.989059
0.989059
0.989059
0.989059
0.989059
0.989059
0.989059
0.989059
0.989059
0.989059
0.989059
0.989059
0.989059
0.989075
0.989136
0.989197
0.989258
0.989319
0.98938
0.989441
0.989502
0.989563
0.989624
0.989685
0.989746
0.989838
0.989899
0.98996
0.990021
0.990082
0.990143
0.990204
0.990265
0.990326
0.990387
0.990448
0.99054
0.99057
0.990631
0.990639
0.990639
0.990639
0.990639
0.990639
0.990639
0.990639
0.990639
0.990639
0.990639
0.990639
0.990639
0.990639
0.990639
0.990639
0.990639
0.990639
0.990639
0.990639
0.990639
0.990639
0.990639
0.990639
0.990639
0.990639
0.990639
0.990639
0.990639
0.990639
0.990639
0.990639
0.990639
0.990639
0.990639
0.990639
0.990639
0.990639
0.990639
0.990639
0.990639
0.990639
0.990639
0.990639
0.990639
0.990639
0.990639
0.990639
0.990639
