0
1.52588e-05
1.52588e-05
1.52588e-05
3.81471e-05
9.91824e-05
0.000267028
0.000679016
0.00150299
0.00292206
0.00653076
0.00820923
0.0123596
0.0208206
0.0280762
0.0366974
0.04673
0.0581741
0.0710297
0.0852814
0.100891
0.117813
0.135986
0.155357
0.17585
0.197395
0.219917
0.255424
0.280121
0.305557
0.331657
0.358353
0.385597
0.413269
0.441338
0.469719
0.498344
0.527161
0.556107
0.599663
0.614189
0.643227
0.672188
0.715408
0.743996
0.772346
0.800423
0.828178
0.855576
0.882568
0.909088
0.93512
0.960625
0.98555
1.00987
1.03355
1.05657
1.07889
1.10049
1.1315
1.1512
1.17011
1.18823
1.20552
1.22198
1.23759
1.25234
1.26623
1.27924
1.29136
1.30261
1.31298
1.32247
1.33507
1.34239
1.34886
1.35448
1.35925
1.36321
1.36636
1.36869
1.37023
1.37109
1.37072
1.36962
1.3678
1.36528
1.36208
1.35824
1.35377
1.34593
1.33999
1.3335
1.3265
1.31898
1.31101
1.30259
1.29375
1.28452
1.27492
1.2599
1.24952
1.23887
1.22797
1.21685
1.20554
1.19407
1.18246
1.17075
1.15895
1.1471
1.1352
1.1233
1.1114
1.09954
1.08773
1.07599
1.06434
1.0528
1.03573
1.02454
1.01352
1.00268
0.992035
0.981598
0.971375
0.961395
0.95166
0.942184
0.92849
0.919724
0.911263
0.90715
0.895279
0.891487
0.88063
0.873825
0.867371
0.864281
0.855545
0.850174
0.845169
0.84053
0.836258
0.832352
0.828812
0.82563
0.822807
0.820343
0.81823
0.816467
0.815041
0.813957
0.813202
0.812775
0.812714
0.813057
0.813698
0.815201
0.816551
0.818169
0.820061
0.822197
0.824577
0.827171
0.829994
0.834618
0.837944
0.841454
0.845139
0.850967
0.852989
0.857132
0.863586
0.868027
0.872574
0.877205
0.88192
0.886703
0.891541
0.896423
0.901344
0.906288
0.911232
0.916176
0.92112
0.926064
0.931007
0.938339
0.940758
0.947952
0.952667
0.957314
0.961868
0.966347
0.970718
0.974998
0.979172
0.983231
0.987167
0.990997
0.994705
0.998291
1.00344
1.0051
1.00988
1.0129
1.0158
1.01858
1.02123
1.02377
1.02618
1.02847
1.03063
1.03268
1.03365
1.0364
1.03888
1.04039
1.04178
1.04305
1.04473
1.04523
1.04657
1.04732
1.04795
1.04847
1.04887
1.04917
1.04936
1.04945
1.04938
1.0493
1.04893
1.04857
1.04811
1.04757
1.04694
1.04623
1.04543
1.04456
1.04362
1.04208
1.04098
1.03981
1.03859
1.03731
1.03597
1.03459
1.03318
1.03098
1.03022
1.02793
1.02634
1.02476
1.02313
1.02148
1.01984
1.01818
1.01647
1.01476
1.01305
1.01134
1.00964
1.00793
1.00622
1.00451
1.0028
1.00109
0.998528
0.996819
0.995132
0.993484
0.991837
0.989365
0.987732
0.986145
0.984558
0.982971
0.981438
0.979912
0.978394
0.976929
0.975464
0.973343
0.971939
0.970596
0.969254
0.967972
0.96669
0.965469
0.964264
0.963104
0.961983
0.960884
0.959846
0.958344
0.957855
0.956474
0.956039
0.955185
0.954384
0.953621
0.952888
0.952217
0.951279
0.950714
0.95018
0.949692
0.949257
0.94886
0.948502
0.948196
0.947929
0.947701
0.947517
0.94738
0.947281
0.94722
0.947212
0.947227
0.947289
0.947449
0.94751
0.947693
0.948013
0.948135
0.948402
0.948708
0.949219
0.949585
0.949989
0.950203
0.950851
0.95134
0.951828
0.952332
0.952881
0.95343
0.953979
0.954567
0.955177
0.955788
0.956398
0.957314
0.957642
0.958649
0.958984
0.959656
0.960327
0.961334
0.962006
0.962677
0.963348
0.96402
0.964691
0.965363
0.966034
0.966705
0.967377
0.967995
0.968605
0.969215
0.969826
0.970436
0.971046
0.971626
0.972176
0.972725
0.973549
0.974098
0.974586
0.975075
0.975563
0.976051
0.976509
0.97715
0.977577
0.978004
0.978386
0.978752
0.979118
0.979485
0.979965
0.980118
0.980423
0.980881
0.981003
0.981369
0.981491
0.981735
0.982048
0.982231
0.982414
0.982597
0.982758
0.98288
0.983002
0.983124
0.983246
0.98333
0.983391
0.983452
0.983513
0.983604
0.983612
0.983612
0.983612
0.983612
0.983612
0.983612
0.983604
0.983513
0.983452
0.983391
0.98333
0.983269
0.983208
0.983147
0.982971
0.98291
0.982727
0.982605
0.982483
0.982361
0.982239
0.982117
0.981995
0.981873
0.98175
0.981628
0.981499
0.981224
0.981133
0.980949
0.980766
0.980583
0.980309
0.980125
0.979942
0.979759
0.979576
0.979301
0.979118
0.978935
0.978752
0.978569
0.978386
0.978203
0.97802
0.977837
0.9776
0.977539
0.977356
0.977295
0.977112
0.97699
0.976868
0.976746
0.976624
0.976501
0.976379
0.976257
0.976135
0.976013
0.975891
0.975769
0.975647
0.975578
0.975517
0.975426
0.975365
0.975304
0.975243
0.975182
0.975121
0.97506
0.974998
0.974937
0.974876
0.974815
0.974808
0.974808
0.974808
0.974808
0.974808
0.974808
0.974808
0.974808
0.974808
0.974808
0.974808
0.974808
0.974808
0.974808
0.974854
0.974915
0.974976
0.975037
0.975098
0.975159
0.97522
0.975281
0.975342
0.975403
0.975494
0.975525
0.975586
0.975647
0.975708
0.9758
0.97583
0.975891
0.975952
0.976044
0.976105
0.976166
0.976227
0.976257
0.976425
0.976547
0.976669
0.976791
0.976913
0.977036
0.977158
0.97728
0.977402
0.977524
0.977646
0.977768
0.97789
0.978012
0.978134
0.978256
0.978378
0.9785
0.978622
0.978745
0.978867
0.978989
0.979111
0.979233
0.979355
0.979477
0.979599
0.979721
0.97979
0.979851
0.979912
0.979973
0.980034
0.980095
0.980156
0.980217
0.980278
0.980339
0.9804
0.980461
0.980522
0.980583
0.980644
0.980705
0.980766
0.980827
0.980888
0.980949
0.98101
0.981071
0.981133
0.981194
0.981255
0.981316
0.981377
0.981438
0.981529
0.98156
0.981621
0.981682
0.981743
0.981804
0.981895
0.981926
0.981987
0.982048
0.98214
0.982201
0.982231
0.982292
0.982384
0.982445
0.982506
0.982536
0.982567
0.982567
0.982567
0.982567
0.982567
0.982567
0.982567
0.982567
0.982567
0.982567
0.982567
0.982567
0.982567
0.982567
0.982567
0.982567
0.982567
0.982567
0.982567
0.982567
0.982567
0.982567
0.982567
0.982567
0.982567
0.982567
0.982567
0.982567
0.982567
0.982567
0.982567
0.982567
0.982567
0.982567
0.982567
0.982567
0.982567
0.982567
0.982567
0.982567
0.982567
0.982567
0.982567
0.982567
0.982567
0.982567
0.982567
0.982567
0.982567
0.982567
0.982567
0.982567
0.982567
0.982567
0.982567
0.982567
0.982567
0.982567
0.982567
0.982567
0.982567
0.982567
0.982567
0.982567
0.982567
0.982567
0.982567
0.982628
0.982719
0.98278
0.982841
0.982872
0.982964
0.983025
0.983086
0.983147
0.983208
0.983269
0.98333
0.983391
0.983452
0.983513
0.983574
0.983635
0.983696
0.983757
0.983818
0.983879
0.983971
0.984032
0.984093
0.984154
0.984215
0.984276
0.984337
0.984398
0.984459
0.98452
0.984581
0.984642
0.984703
0.984764
0.984825
0.984917
0.984978
0.985039
0.9851
0.985161
0.985222
0.985283
0.985313
0.985313
0.985313
0.985313
0.985313
0.985313
0.985313
0.985313
0.985313
0.985313
0.985313
0.985313
0.985313
0.985313
0.985313
0.985313
0.985313
0.985313
0.985313
0.985313
0.985313
0.985313
0.985313
0.985313
0.985313
0.985313
0.985313
0.985313
0.985313
0.985313
0.985313
0.985313
0.985313
0.985313
0.985313
0.985313
0.985313
0.985313
0.985313
0.985313
0.985313
0.985313
0.985313
0.985313
0.985313
0.985313
0.985313
0.985313
0.985313
0.985313
0.985336
0.985397
0.985458
0.985519
0.98558
0.985641
0.985703
0.985764
0.985855
0.985916
0.985977
0.986038
0.986099
0.98616
0.986221
0.986282
0.986343
0.986404
0.986465
0.986526
0.986588
0.986649
0.98671
0.986771
0.986862
0.986923
0.986984
0.987045
0.987106
0.987167
0.987228
0.987289
0.98732
0.98732
0.98732
0.98732
0.98732
0.98732
0.98732
0.98732
0.98732
0.98732
0.98732
0.98732
0.98732
0.98732
0.98732
0.98732
0.98732
0.98732
0.98732
0.98732
0.98732
0.98732
0.98732
0.98732
0.98732
0.98732
0.98732
0.98732
0.98732
0.98732
0.98732
0.98732
0.98732
0.98732
0.98732
0.98732
0.98732
0.98732
0.98732
0.98732
0.98732
0.98732
0.98732
0.98732
0.98732
0.98732
0.98732
0.98732
0.98732
0.98732
0.98732
0.98732
0.98732
0.98732
0.98732
0.987373
0.987434
0.987495
0.987556
0.987617
0.987679
0.98774
0.987801
0.987862
0.987923
0.987984
0.988045
0.988106
0.988167
0.988228
0.988289
0.98835
0.988411
0.988472
0.988533
0.988594
0.988655
0.988716
0.988777
0.988838
0.98893
0.98896
0.989021
0.989082
0.989128
0.989128
0.989128
0.989128
0.989128
0.989128
0.989128
0.989128
0.989128
0.989128
0.989128
0.989128
0.989128
0.989128
0.989128
0.989128
0.989128
0.989128
0.989128
0.989128
0.989128
0.989128
0.989128
0.989128
0.989128
0.989128
0.989128
0.989128
0.989128
0.989128
0.989128
0.989128
0.989128
0.989128
0.989128
0.989128
0.989128
0.989128
0.989128
0.989128
0.989128
0.989128
0.989128
0.989128
0.989128
0.989128
0.989128
0.989128
0.989128
0.989128
0.989128
0.989128
0.989128
0.989128
0.989128
0.989128
0.989128
0.989128
0.989128
0.989128
0.989128
0.989128
0.989128
0.989128
0.989166
0.989227
0.989288
0.989349
0.98941
0.989471
0.989532
0.989624
0.989655
0.989716
0.989777
0.989838
0.989929
0.98996
0.990021
0.990112
0.990173
0.990234
0.990295
0.990356
0.990417
0.990479
0.99054
0.990601
0.990662
0.990692
0.990692
0.990692
0.990692
0.990692
0.990692
0.990692
0.990692
0.990692
0.990692
0.990692
0.990692
0.990692
0.990692
0.990692
0.990692
0.990692
0.990692
0.990692
0.990692
0.990692
0.990692
0.990692
0.990692
0.990692
0.990692
0.990692
0.990692
0.990692
0.990692
0.990692
0.990692
0.990692
0.990692
0.990692
0.990692
0.990692
0.990692
0.990692
0.990692
0.990692
0.990692
