0
4.57765e-05
4.57765e-05
4.57765e-05
4.57765e-05
0.000129699
0.000190734
0.000709533
0.00106049
0.00295258
0.00393677
0.00823975
0.0101776
0.0177155
0.0243073
0.0322418
0.0415573
0.0522766
0.064415
0.0779572
0.092865
0.117706
0.135834
0.145348
0.175591
0.197075
0.219536
0.242943
0.27961
0.292213
0.317947
0.357735
0.384926
0.41259
0.440651
0.46904
0.497696
0.526558
0.570076
0.599167
0.628235
0.657249
0.671715
0.714882
0.743416
0.77169
0.799667
0.827286
0.854515
0.881332
0.920654
0.946251
0.971291
0.99575
1.0196
1.04282
1.06535
1.08717
1.10826
1.12859
1.14815
1.16689
1.18483
1.20195
1.21824
1.23369
1.2483
1.26206
1.27499
1.28706
1.29827
1.31349
1.31815
1.33083
1.33823
1.3448
1.35052
1.35544
1.35954
1.36282
1.36626
1.36757
1.36812
1.3679
1.36696
1.36531
1.36297
1.35995
1.35628
1.35197
1.34707
1.34158
1.33553
1.32894
1.31809
1.31423
1.30202
1.29334
1.28426
1.27482
1.26503
1.25492
1.24453
1.22846
1.22298
1.20625
1.20059
1.18337
1.17174
1.16
1.14821
1.13637
1.12453
1.11269
1.10085
1.08904
1.07729
1.05983
1.05406
1.03696
1.02573
1.01468
1.0038
0.993118
0.977493
0.972397
0.962387
0.952629
0.938507
0.929443
0.920677
0.912216
0.904076
0.896263
0.888779
0.88163
0.874832
0.868385
0.862297
0.856575
0.851212
0.846207
0.841568
0.837296
0.833389
0.829834
0.826645
0.823807
0.82132
0.819176
0.817383
0.815926
0.814369
0.814011
0.81353
0.8134
0.813698
0.813957
0.81517
0.81633
0.817764
0.819466
0.821419
0.823616
0.826057
0.830132
0.833115
0.836304
0.839676
0.843224
0.846939
0.850815
0.854843
0.859001
0.863289
0.867683
0.872177
0.87677
0.883812
0.888596
0.891006
0.895874
0.903252
0.908195
0.913185
0.91819
0.923195
0.928154
0.933098
0.940453
0.94529
0.950066
0.954773
0.959396
0.963936
0.968369
0.972702
0.976929
0.983055
0.985039
0.988914
0.992668
0.99807
0.999809
1.00484
1.00646
1.0096
1.01406
1.01688
1.01958
1.02216
1.0258
1.02808
1.03024
1.03128
1.03421
1.03601
1.03769
1.03925
1.04068
1.04199
1.04318
1.04425
1.0452
1.04604
1.04675
1.04736
1.04785
1.04823
1.04851
1.04868
1.04874
1.04871
1.04856
1.04818
1.04781
1.04735
1.0468
1.04617
1.04546
1.04466
1.04333
1.04237
1.04133
1.04022
1.03906
1.03784
1.03657
1.03525
1.03388
1.03248
1.03102
1.02955
1.02802
1.02649
1.0249
1.02332
1.02169
1.02004
1.01839
1.0159
1.01505
1.01334
1.01163
1.00992
1.00735
1.0065
1.00479
1.00308
1.00137
0.99881
0.997955
0.995392
0.994568
0.992096
0.990448
0.9888
0.987167
0.98558
0.983994
0.982407
0.980873
0.979347
0.977829
0.976364
0.974899
0.97348
0.972076
0.970703
0.96936
0.967407
0.966133
0.964912
0.963707
0.962547
0.961426
0.960327
0.95929
0.958275
0.957298
0.956375
0.95549
0.954239
0.953842
0.953087
0.952362
0.95137
0.951065
0.950203
0.949928
0.94944
0.94899
0.948395
0.948212
0.947891
0.947609
0.947365
0.94709
0.946968
0.946884
0.946831
0.946831
0.946861
0.946922
0.947044
0.947273
0.947464
0.947708
0.947968
0.948273
0.948593
0.948959
0.949333
0.94976
0.950188
0.950661
0.951149
0.951637
0.952187
0.952736
0.953285
0.954178
0.954483
0.955093
0.955704
0.956314
0.957314
0.957649
0.958321
0.959328
0.959999
0.96067
0.961342
0.962013
0.962685
0.963356
0.964027
0.964699
0.96537
0.966377
0.967049
0.96772
0.968361
0.968971
0.969582
0.970192
0.970802
0.971413
0.971992
0.972542
0.973091
0.97364
0.97419
0.974701
0.975433
0.975922
0.976166
0.976852
0.97728
0.977707
0.978134
0.978531
0.978897
0.979263
0.97963
0.980118
0.980423
0.980728
0.981033
0.981285
0.981529
0.981773
0.982018
0.982216
0.982399
0.982582
0.982765
0.982918
0.98304
0.983162
0.983284
0.983406
0.983482
0.983543
0.983604
0.983665
0.983727
0.983757
0.983757
0.983757
0.983757
0.983757
0.983757
0.983727
0.983635
0.983574
0.983543
0.983452
0.983391
0.98333
0.983299
0.983116
0.982994
0.982872
0.98275
0.982628
0.982506
0.982384
0.982262
0.98214
0.982018
0.981895
0.981834
0.98156
0.981377
0.981194
0.98101
0.980827
0.980644
0.98037
0.980278
0.980095
0.979912
0.979729
0.979454
0.979362
0.979179
0.978996
0.978813
0.978539
0.978447
0.978264
0.978081
0.977806
0.977623
0.97744
0.977287
0.977165
0.976982
0.97686
0.976738
0.976616
0.976494
0.976372
0.97625
0.976128
0.976006
0.975822
0.9757
0.975578
0.975456
0.975388
0.975327
0.975266
0.975204
0.975113
0.975052
0.974991
0.97493
0.974869
0.974808
0.974747
0.974655
0.974648
0.974648
0.974648
0.974648
0.974648
0.974648
0.974648
0.974648
0.974648
0.974648
0.974648
0.974648
0.974648
0.974663
0.974724
0.974785
0.974846
0.974937
0.974998
0.97506
0.975121
0.975182
0.975243
0.975304
0.975365
0.975426
0.975517
0.975578
0.975609
0.9757
0.975761
0.975822
0.975883
0.975945
0.976006
0.976097
0.976219
0.976341
0.976463
0.976585
0.976707
0.97683
0.976952
0.977074
0.977196
0.977379
0.977501
0.977623
0.977745
0.977867
0.977989
0.978111
0.978233
0.978355
0.978539
0.978661
0.978783
0.978905
0.979027
0.979149
0.979271
0.979393
0.979515
0.979637
0.979759
0.979851
0.979942
0.979973
0.980034
0.980095
0.980156
0.980247
0.980309
0.98037
0.980431
0.980492
0.980553
0.980614
0.980675
0.980736
0.980797
0.980858
0.980919
0.98098
0.981041
0.981102
0.981163
0.981224
0.981285
0.981346
0.981407
0.981468
0.981529
0.981621
0.981651
0.981743
0.981773
0.981865
0.981926
0.981987
0.982048
0.982109
0.98217
0.982231
0.982292
0.982353
0.982414
0.982475
0.982475
0.982475
0.982475
0.982475
0.982475
0.982475
0.982475
0.982475
0.982475
0.982475
0.982475
0.982475
0.982475
0.982475
0.982475
0.982475
0.982475
0.982475
0.982475
0.982475
0.982475
0.982475
0.982475
0.982475
0.982475
0.982475
0.982475
0.982475
0.982475
0.982475
0.982475
0.982475
0.982475
0.982475
0.982475
0.982475
0.982475
0.982475
0.982475
0.982475
0.982475
0.982475
0.982475
0.982475
0.982475
0.982475
0.982475
0.982475
0.982475
0.982475
0.982475
0.982475
0.982475
0.982475
0.982475
0.982475
0.982475
0.982475
0.982475
0.982475
0.982475
0.982475
0.982475
0.982475
0.982475
0.982475
0.982475
0.982498
0.982559
0.98262
0.982681
0.982742
0.982803
0.982864
0.982925
0.982986
0.983047
0.983139
0.9832
0.983261
0.983322
0.983383
0.983444
0.983505
0.983566
0.983627
0.983719
0.98378
0.983841
0.983902
0.983963
0.984024
0.984085
0.984146
0.984207
0.984268
0.98436
0.98439
0.984482
0.984512
0.984573
0.984665
0.984726
0.984787
0.984848
0.984909
0.98497
0.985031
0.985092
0.985153
0.985245
0.98526
0.98526
0.98526
0.98526
0.98526
0.98526
0.98526
0.98526
0.98526
0.98526
0.98526
0.98526
0.98526
0.98526
0.98526
0.98526
0.98526
0.98526
0.98526
0.98526
0.98526
0.98526
0.98526
0.98526
0.98526
0.98526
0.98526
0.98526
0.98526
0.98526
0.98526
0.98526
0.98526
0.98526
0.98526
0.98526
0.98526
0.98526
0.98526
0.98526
0.98526
0.98526
0.98526
0.98526
0.98526
0.98526
0.98526
0.98526
0.98526
0.98526
0.98526
0.985283
0.985344
0.985405
0.985466
0.985497
0.985588
0.98568
0.98571
0.985802
0.985832
0.985924
0.985985
0.986046
0.986107
0.986168
0.986198
0.98629
0.986351
0.986412
0.986473
0.986534
0.986595
0.986656
0.986717
0.986778
0.986839
0.9869
0.986961
0.987022
0.987083
0.987144
0.987206
0.987251
0.987251
0.987251
0.987251
0.987251
0.987251
0.987251
0.987251
0.987251
0.987251
0.987251
0.987251
0.987251
0.987251
0.987251
0.987251
0.987251
0.987251
0.987251
0.987251
0.987251
0.987251
0.987251
0.987251
0.987251
0.987251
0.987251
0.987251
0.987251
0.987251
0.987251
0.987251
0.987251
0.987251
0.987251
0.987251
0.987251
0.987251
0.987251
0.987251
0.987251
0.987251
0.987251
0.987251
0.987251
0.987251
0.987251
0.987251
0.987251
0.987251
0.987251
0.987251
0.987251
0.987282
0.987343
0.987404
0.987465
0.987526
0.987617
0.987648
0.98774
0.987801
0.987862
0.987923
0.987984
0.988045
0.988106
0.988167
0.988228
0.988289
0.98835
0.988411
0.988472
0.988533
0.988594
0.988655
0.988716
0.988777
0.988838
0.988899
0.988945
0.988945
0.988945
0.988945
0.988945
0.988945
0.988945
0.988945
0.988945
0.988945
0.988945
0.988945
0.988945
0.988945
0.988945
0.988945
0.988945
0.988945
0.988945
0.988945
0.988945
0.988945
0.988945
0.988945
0.988945
0.988945
0.988945
0.988945
0.988945
0.988945
0.988945
0.988945
0.988945
0.988945
0.988945
0.988945
0.988945
0.988945
0.988945
0.988945
0.988945
0.988945
0.988945
0.988945
0.988945
0.988945
0.988945
0.988945
0.988945
0.988945
0.988945
0.988945
0.988945
0.988945
0.988945
0.988945
0.988945
0.988945
0.988945
0.98896
0.989021
0.989082
0.989143
0.989204
0.989265
0.989326
0.989388
0.989479
0.98954
0.989601
0.989662
0.989723
0.989784
0.989845
0.989906
0.989998
0.990059
0.99012
0.990181
0.990242
0.990303
0.990364
0.990425
0.990486
0.990517
0.990517
0.990517
0.990517
0.990517
0.990517
0.990517
0.990517
0.990517
0.990517
0.990517
0.990517
0.990517
0.990517
0.990517
0.990517
0.990517
0.990517
0.990517
0.990517
0.990517
0.990517
0.990517
0.990517
0.990517
0.990517
0.990517
0.990517
0.990517
0.990517
0.990517
0.990517
0.990517
0.990517
0.990517
0.990517
0.990517
0.990517
0.990517
0.990517
0.990517
0.990517
0.990517
0.990517
0.990517
0.990517
0.990517
0.990517
0.990517
0.990517
0.990517
