0
0
0
0
0
5.34059e-05
0.000144959
0.000419616
0.00101471
0.00148773
0.00389099
0.0065155
0.0101318
0.0148544
0.0242615
0.0280609
0.0415192
0.0467072
0.0581512
0.0779419
0.0852356
0.10083
0.12664
0.135857
0.165268
0.175621
0.208214
0.23114
0.254936
0.279518
0.304817
0.330757
0.357277
0.384285
0.411728
0.439537
0.467644
0.495987
0.524498
0.553108
0.581795
0.610481
0.639107
0.667633
0.696022
0.724213
0.752167
0.779869
0.807251
0.83429
0.860939
0.887154
0.912926
0.938179
0.962906
0.987076
1.01065
1.0336
1.0559
1.08808
1.08808
1.11866
1.14757
1.16588
1.1834
1.19186
1.21602
1.22366
1.24533
1.25871
1.26508
1.28291
1.28841
1.30363
1.31269
1.3209
1.32825
1.33161
1.34042
1.34525
1.34927
1.35248
1.35378
1.35653
1.35741
1.35753
1.35692
1.35561
1.35361
1.35095
1.34763
1.3437
1.33916
1.33127
1.32835
1.32216
1.31548
1.3083
1.30065
1.29258
1.2841
1.27525
1.26606
1.25654
1.2417
1.23148
1.22102
1.21035
1.20494
1.18848
1.18293
1.16611
1.15479
1.14344
1.13203
1.12061
1.10921
1.09786
1.08658
1.07537
1.06427
1.05329
1.04246
1.0371
1.02128
1.01096
1.00085
0.990929
0.981232
0.971748
0.962502
0.953484
0.94471
0.936195
0.927948
0.919968
0.912277
0.904884
0.897789
0.891006
0.884537
0.878395
0.872574
0.867081
0.861916
0.857094
0.852608
0.848457
0.84465
0.839561
0.838036
0.835228
0.832756
0.83062
0.828812
0.827316
0.825668
0.825272
0.824547
0.824455
0.824501
0.824821
0.825424
0.826836
0.82811
0.829636
0.83049
0.833405
0.835632
0.836823
0.840714
0.84211
0.845047
0.849792
0.853157
0.856682
0.860344
0.864143
0.868065
0.872108
0.876251
0.880486
0.884796
0.889183
0.893631
0.89814
0.902679
0.907257
0.911835
0.916458
0.921097
0.925705
0.930283
0.93486
0.939377
0.943855
0.948273
0.952629
0.956917
0.961113
0.965225
0.969231
0.973145
0.976959
0.980667
0.984268
0.987755
0.991127
0.994392
0.997536
1.00057
1.00349
1.0063
1.009
1.01159
1.01525
1.01756
1.01974
1.0208
1.0238
1.02567
1.02655
1.02905
1.03059
1.03201
1.03333
1.03453
1.03564
1.03664
1.03752
1.03831
1.039
1.03958
1.04006
1.04045
1.04074
1.04095
1.04105
1.04107
1.04099
1.04084
1.04061
1.04029
1.03989
1.03943
1.03889
1.03827
1.03759
1.03684
1.03603
1.03517
1.03426
1.03328
1.03225
1.03117
1.03006
1.0289
1.02708
1.02647
1.02455
1.0239
1.02256
1.02052
1.01982
1.01772
1.01701
1.01556
1.01337
1.0119
1.01044
1.00897
1.00748
1.00596
1.00443
1.00291
1.00138
0.999855
0.998329
0.996857
0.995392
0.993927
0.992462
0.990997
0.989532
0.988068
0.986664
0.98526
0.983856
0.982452
0.98111
0.979767
0.978424
0.977127
0.975845
0.974564
0.973343
0.972122
0.970352
0.969772
0.968628
0.967529
0.966446
0.96489
0.964386
0.963409
0.962456
0.96154
0.960236
0.959404
0.959007
0.957855
0.957123
0.956451
0.955803
0.955193
0.954628
0.954094
0.953606
0.953156
0.952736
0.95237
0.952034
0.951729
0.951477
0.951248
0.951065
0.95092
0.950798
0.950737
0.950691
0.950691
0.950714
0.950775
0.950867
0.950989
0.951233
0.951324
0.95153
0.951775
0.952019
0.952324
0.952629
0.952965
0.953331
0.953697
0.954102
0.954529
0.95517
0.955391
0.955879
0.956367
0.9571
0.957588
0.957863
0.958687
0.959236
0.959785
0.960335
0.960884
0.961433
0.961983
0.962532
0.963081
0.963631
0.96418
0.964729
0.965279
0.965828
0.966377
0.966927
0.967476
0.968025
0.968575
0.969124
0.969673
0.970184
0.970673
0.971161
0.971649
0.972137
0.972626
0.973328
0.973755
0.974182
0.974396
0.975037
0.975464
0.97583
0.976196
0.976562
0.976929
0.977295
0.977608
0.977913
0.978218
0.978523
0.978828
0.979073
0.979317
0.979439
0.979805
0.980049
0.980232
0.980415
0.980598
0.980782
0.980965
0.981102
0.981224
0.981346
0.981468
0.98159
0.981712
0.981773
0.981834
0.981895
0.981956
0.982018
0.982079
0.982109
0.982109
0.982109
0.982109
0.982109
0.982109
0.982109
0.982109
0.982071
0.98201
0.981949
0.981857
0.981827
0.981735
0.981705
0.981644
0.981552
0.981491
0.98143
0.981308
0.981186
0.981064
0.980942
0.98082
0.980698
0.980576
0.980453
0.980331
0.980209
0.980087
0.979965
0.979843
0.979721
0.979599
0.979477
0.979355
0.979233
0.979111
0.978989
0.978806
0.978745
0.978622
0.9785
0.978317
0.978256
0.978134
0.977951
0.977829
0.977707
0.977585
0.977463
0.977341
0.977219
0.977097
0.976974
0.976852
0.976761
0.9767
0.976639
0.976578
0.976517
0.976456
0.976395
0.976334
0.976273
0.976212
0.976151
0.976089
0.976028
0.975967
0.975906
0.975845
0.975784
0.975731
0.975731
0.975731
0.975731
0.975731
0.975731
0.975731
0.975731
0.975731
0.975731
0.975731
0.975731
0.975731
0.975731
0.975731
0.975731
0.975731
0.975731
0.975731
0.975784
0.975845
0.975906
0.975967
0.976028
0.976089
0.976151
0.976212
0.976273
0.976334
0.976395
0.976456
0.976517
0.976578
0.976669
0.9767
0.976761
0.976822
0.976913
0.976944
0.977036
0.977066
0.977127
0.977219
0.97728
0.977341
0.977402
0.977463
0.977524
0.977585
0.977646
0.977707
0.977768
0.977829
0.97789
0.977951
0.978012
0.978073
0.978134
0.978195
0.978256
0.978317
0.978378
0.978439
0.9785
0.978561
0.978622
0.978683
0.978775
0.978806
0.978867
0.978928
0.979019
0.97908
0.979111
0.979172
0.979263
0.979324
0.979385
0.979446
0.979507
0.979568
0.97963
0.979691
0.979752
0.979813
0.979874
0.979935
0.979996
0.980057
0.980118
0.980179
0.98024
0.980301
0.980362
0.980423
0.980484
0.980545
0.980606
0.980667
0.980728
0.980789
0.98085
0.980911
0.980972
0.981033
0.981094
0.981155
0.981216
0.981277
0.981339
0.9814
0.981461
0.981522
0.981583
0.981644
0.981705
0.981766
0.981827
0.981888
0.981949
0.98201
0.982101
0.982132
0.982193
0.982254
0.982315
0.982407
0.982437
0.982529
0.982559
0.982651
0.982712
0.982773
0.982834
0.982895
0.982956
0.983017
0.983078
0.983139
0.9832
0.983261
0.983322
0.983383
0.983444
0.983459
0.983459
0.983459
0.983459
0.983459
0.983459
0.983459
0.983459
0.983459
0.983459
0.983459
0.983459
0.983459
0.983459
0.983459
0.983459
0.983459
0.983459
0.983459
0.983459
0.983459
0.983459
0.983459
0.983459
0.983459
0.983459
0.983459
0.983459
0.983459
0.983459
0.983459
0.983459
0.983459
0.983459
0.983459
0.983459
0.983459
0.983459
0.983459
0.983459
0.983459
0.983459
0.983459
0.983459
0.983459
0.983459
0.983459
0.983459
0.983459
0.983459
0.983459
0.983459
0.983459
0.983459
0.983459
0.983459
0.983459
0.983459
0.983459
0.983459
0.983459
0.983459
0.983459
0.983459
0.983467
0.983528
0.983589
0.98365
0.983711
0.983772
0.983833
0.983894
0.983955
0.984016
0.984077
0.984138
0.98423
0.984261
0.984322
0.984383
0.984444
0.984535
0.984596
0.984627
0.984688
0.984749
0.98484
0.984871
0.984962
0.985023
0.985085
0.985146
0.985207
0.985268
0.985329
0.98539
0.985451
0.985512
0.985573
0.985634
0.985695
0.985756
0.985817
0.985878
0.985893
0.985893
0.985893
0.985893
0.985893
0.985893
0.985893
0.985893
0.985893
0.985893
0.985893
0.985893
0.985893
0.985893
0.985893
0.985893
0.985893
0.985893
0.985893
0.985893
0.985893
0.985893
0.985893
0.985893
0.985893
0.985893
0.985893
0.985893
0.985893
0.985893
0.985893
0.985893
0.985893
0.985893
0.985893
0.985893
0.985893
0.985893
0.985893
0.985893
0.985893
0.985893
0.985893
0.985893
0.985893
0.985893
0.985893
0.985893
0.985893
0.985893
0.985909
0.98597
0.986031
0.986092
0.986153
0.986183
0.986275
0.986336
0.986397
0.986458
0.986519
0.98658
0.986641
0.986702
0.986763
0.986824
0.986885
0.986946
0.987007
0.987068
0.987129
0.98719
0.987251
0.987312
0.987373
0.987434
0.987495
0.987556
0.987648
0.987679
0.987732
0.987732
0.987732
0.987732
0.987732
0.987732
0.987732
0.987732
0.987732
0.987732
0.987732
0.987732
0.987732
0.987732
0.987732
0.987732
0.987732
0.987732
0.987732
0.987732
0.987732
0.987732
0.987732
0.987732
0.987732
0.987732
0.987732
0.987732
0.987732
0.987732
0.987732
0.987732
0.987732
0.987732
0.987732
0.987732
0.987732
0.987732
0.987732
0.987732
0.987732
0.987732
0.987732
0.987732
0.987732
0.987732
0.987732
0.987732
0.987732
0.987732
0.987732
0.987732
0.987732
0.987732
0.987785
0.987846
0.987907
0.987968
0.988029
0.988091
0.988152
0.988213
0.988274
0.988335
0.988396
0.988457
0.988518
0.988579
0.98864
0.988701
0.988762
0.988823
0.988884
0.988945
0.989006
0.989067
0.989159
0.98922
0.98925
0.989342
0.989365
0.989365
0.989365
0.989365
0.989365
0.989365
0.989365
0.989365
0.989365
0.989365
0.989365
0.989365
0.989365
0.989365
0.989365
0.989365
0.989365
0.989365
0.989365
0.989365
0.989365
0.989365
0.989365
0.989365
0.989365
0.989365
0.989365
0.989365
0.989365
0.989365
0.989365
0.989365
0.989365
0.989365
0.989365
0.989365
0.989365
0.989365
0.989365
0.989365
0.989365
0.989365
0.989365
0.989365
0.989365
0.989365
0.989365
0.989365
0.989365
0.989365
0.989365
0.989365
0.989365
0.989365
0.989365
0.989365
0.989365
0.989365
0.989365
0.989365
0.989365
0.989418
0.989479
0.98954
0.989601
0.989662
0.989723
0.989784
0.989845
0.989906
0.989967
0.990028
0.990089
0.99015
0.990211
0.990273
0.990334
0.990395
0.990456
0.990517
0.990578
0.990669
0.99073
0.990761
0.990822
0.99086
0.99086
0.99086
0.99086
0.99086
0.99086
0.99086
0.99086
0.99086
0.99086
0.99086
0.99086
0.99086
0.99086
0.99086
