0
0
0
0
2.28882e-05
8.39235e-05
0.000259399
0.000709534
0.00161743
0.00318909
0.00558472
0.00896454
0.0134659
0.0192032
0.0262604
0.0346909
0.044548
0.0558167
0.0685272
0.082634
0.0981216
0.114929
0.133003
0.152283
0.172714
0.194221
0.216743
0.252228
0.276932
0.302399
0.328545
0.355309
0.382622
0.410408
0.438591
0.46711
0.495888
0.524872
0.553986
0.583168
0.612389
0.641556
0.670639
0.713982
0.742607
0.770981
0.799034
0.826744
0.85405
0.880928
0.907295
0.933121
0.958374
0.983009
1.00701
1.03033
1.05296
1.08556
1.09605
1.1264
1.14567
1.16415
1.18183
1.19871
1.21475
1.22996
1.24432
1.26425
1.27646
1.28779
1.29826
1.30785
1.31659
1.32808
1.33467
1.34041
1.34531
1.34939
1.35265
1.35511
1.35678
1.35767
1.35782
1.35721
1.3559
1.35389
1.3512
1.34787
1.3439
1.33932
1.33417
1.32845
1.3222
1.31545
1.30822
1.30051
1.29238
1.28384
1.27492
1.26565
1.25604
1.24614
1.23595
1.22022
1.21487
1.19852
1.18741
1.17616
1.1648
1.15336
1.14185
1.13032
1.11878
1.10725
1.09576
1.08433
1.07299
1.06176
1.05065
1.03969
1.02888
1.01826
1.00782
0.997581
0.987541
0.977722
0.968132
0.958763
0.949654
0.940804
0.93222
0.92392
0.915909
0.908195
0.900787
0.893692
0.886917
0.88047
0.874344
0.868546
0.863091
0.857964
0.85318
0.848732
0.84462
0.840843
0.837402
0.834305
0.831535
0.829094
0.826981
0.825188
0.823112
0.822113
0.821426
0.821045
0.820953
0.821152
0.82164
0.822403
0.823441
0.82473
0.826286
0.828087
0.831215
0.832375
0.836159
0.838928
0.841896
0.845039
0.848366
0.851845
0.855469
0.859238
0.863129
0.867134
0.871254
0.875465
0.879768
0.88414
0.888588
0.89537
0.897659
0.902252
0.906891
0.91153
0.918556
0.920906
0.92791
0.932549
0.93718
0.941757
0.946289
0.95076
0.95517
0.959496
0.963737
0.967896
0.971954
0.975899
0.979736
0.985291
0.988846
0.992287
0.995613
0.998817
1.0019
1.00486
1.0077
1.01041
1.01302
1.0167
1.01787
1.02119
1.02325
1.02521
1.02614
1.02877
1.03039
1.03188
1.03327
1.03455
1.03571
1.03677
1.03815
1.03894
1.03963
1.04021
1.04069
1.04106
1.04134
1.04151
1.0416
1.04159
1.04155
1.0413
1.04102
1.04066
1.04021
1.03969
1.03909
1.03843
1.03769
1.03688
1.03555
1.03508
1.03357
1.03249
1.03194
1.03021
1.02899
1.02773
1.02645
1.02511
1.02376
1.02235
1.02022
1.01949
1.01729
1.01655
1.01502
1.0135
1.01197
1.00968
1.0081
1.00652
1.00572
1.00334
1.00175
1.00017
0.998581
0.996994
0.995407
0.993843
0.992317
0.990791
0.989265
0.98774
0.986214
0.984718
0.983253
0.981789
0.980324
0.978188
0.976784
0.97538
0.97403
0.972687
0.971359
0.970078
0.968796
0.967567
0.966347
0.965172
0.964012
0.962906
0.961807
0.960251
0.959747
0.95829
0.957375
0.95649
0.955635
0.954834
0.954063
0.953331
0.952652
0.952011
0.951401
0.950851
0.95034
0.94986
0.949234
0.948868
0.948547
0.948257
0.948013
0.947815
0.947647
0.947525
0.947441
0.947388
0.947388
0.947411
0.947472
0.947578
0.947701
0.947876
0.948059
0.948303
0.948547
0.948853
0.949158
0.949509
0.949875
0.950256
0.950684
0.951111
0.951569
0.952057
0.952545
0.953033
0.953583
0.954132
0.954681
0.955231
0.955788
0.956398
0.957008
0.957924
0.958534
0.959145
0.959755
0.960365
0.960976
0.961586
0.962196
0.962807
0.963417
0.964027
0.964638
0.965248
0.965858
0.966469
0.967049
0.967598
0.968147
0.968697
0.969246
0.969795
0.970604
0.971092
0.971581
0.972069
0.972557
0.973045
0.97348
0.973907
0.974335
0.974548
0.975174
0.97554
0.975906
0.976273
0.976639
0.976959
0.977112
0.97757
0.977875
0.978165
0.978409
0.978653
0.978897
0.979141
0.97934
0.979523
0.979797
0.97998
0.980133
0.980255
0.980377
0.980438
0.980621
0.980721
0.980782
0.980843
0.980904
0.980965
0.981026
0.981049
0.981049
0.981049
0.981049
0.981049
0.981049
0.981049
0.980988
0.980927
0.980865
0.980774
0.980713
0.980652
0.980621
0.98056
0.980431
0.980309
0.980186
0.980064
0.979942
0.97982
0.979698
0.979515
0.979454
0.979271
0.97921
0.979027
0.978905
0.978844
0.978661
0.978539
0.978416
0.978294
0.978172
0.97805
0.977928
0.977806
0.977684
0.977562
0.97744
0.977318
0.977196
0.977074
0.976952
0.97683
0.976707
0.976585
0.976463
0.976341
0.976219
0.976036
0.975914
0.975792
0.97567
0.975548
0.975426
0.975304
0.975182
0.97506
0.974937
0.974815
0.974693
0.974602
0.974541
0.97448
0.974419
0.974358
0.974266
0.974236
0.974174
0.974083
0.974022
0.973961
0.9739
0.973839
0.973778
0.973732
0.973732
0.973732
0.973732
0.973732
0.973732
0.973732
0.973732
0.973732
0.973732
0.973732
0.973732
0.973732
0.973732
0.973732
0.973732
0.97377
0.973831
0.973892
0.973953
0.974014
0.974075
0.974136
0.974197
0.974258
0.97435
0.97438
0.974442
0.974533
0.974594
0.974655
0.974716
0.974777
0.974838
0.974899
0.97496
0.975021
0.975082
0.975143
0.975204
0.975266
0.975327
0.975494
0.975555
0.975739
0.9758
0.975922
0.976105
0.976227
0.976349
0.976471
0.976593
0.976715
0.976837
0.976959
0.977081
0.977203
0.977325
0.977448
0.97757
0.977692
0.977814
0.977936
0.978058
0.97818
0.978302
0.978409
0.97847
0.978531
0.978592
0.978653
0.978714
0.978775
0.978867
0.978928
0.978958
0.979019
0.979111
0.979172
0.979233
0.979294
0.979355
0.979416
0.979477
0.979538
0.979599
0.97966
0.979721
0.979782
0.979843
0.979904
0.979996
0.980026
0.980118
0.980179
0.980209
0.980301
0.980331
0.980423
0.980453
0.980515
0.980606
0.980667
0.980728
0.980789
0.98085
0.980911
0.980972
0.981033
0.981094
0.981155
0.981216
0.981277
0.981339
0.981369
0.981369
0.981369
0.981369
0.981369
0.981369
0.981369
0.981369
0.981369
0.981369
0.981369
0.981369
0.981369
0.981369
0.981369
0.981369
0.981369
0.981369
0.981369
0.981369
0.981369
0.981369
0.981369
0.981369
0.981369
0.981369
0.981369
0.981369
0.981369
0.981369
0.981369
0.981369
0.981369
0.981369
0.981369
0.981369
0.981369
0.981369
0.981369
0.981369
0.981369
0.981369
0.981369
0.981369
0.981369
0.981369
0.981369
0.981369
0.981369
0.981369
0.981369
0.981369
0.981369
0.981369
0.981369
0.981369
0.981369
0.981369
0.981369
0.981384
0.981445
0.981506
0.981567
0.981628
0.981689
0.98175
0.981812
0.981873
0.981934
0.981995
0.982056
0.982117
0.982178
0.982239
0.9823
0.982361
0.982422
0.982483
0.982544
0.982605
0.982666
0.982727
0.982788
0.982849
0.98291
0.983002
0.983063
0.983124
0.983185
0.983246
0.983276
0.983368
0.983429
0.98349
0.983551
0.983612
0.983673
0.983734
0.983795
0.983856
0.983917
0.983978
0.984039
0.984131
0.984192
0.98423
0.98423
0.98423
0.98423
0.98423
0.98423
0.98423
0.98423
0.98423
0.98423
0.98423
0.98423
0.98423
0.98423
0.98423
0.98423
0.98423
0.98423
0.98423
0.98423
0.98423
0.98423
0.98423
0.98423
0.98423
0.98423
0.98423
0.98423
0.98423
0.98423
0.98423
0.98423
0.98423
0.98423
0.98423
0.98423
0.98423
0.98423
0.98423
0.98423
0.98423
0.98423
0.98423
0.98423
0.98423
0.98423
0.98423
0.98423
0.984238
0.984329
0.98439
0.984451
0.984512
0.984573
0.984634
0.984695
0.984787
0.984848
0.984909
0.98497
0.985031
0.985092
0.985153
0.985214
0.985275
0.985336
0.985397
0.985458
0.985519
0.985611
0.985672
0.985733
0.985794
0.985855
0.985916
0.986008
0.986069
0.98613
0.986191
0.986252
0.986313
0.986313
0.986313
0.986313
0.986313
0.986313
0.986313
0.986313
0.986313
0.986313
0.986313
0.986313
0.986313
0.986313
0.986313
0.986313
0.986313
0.986313
0.986313
0.986313
0.986313
0.986313
0.986313
0.986313
0.986313
0.986313
0.986313
0.986313
0.986313
0.986313
0.986313
0.986313
0.986313
0.986313
0.986313
0.986313
0.986313
0.986313
0.986313
0.986313
0.986313
0.986313
0.986313
0.986313
0.986313
0.986313
0.986313
0.986313
0.986313
0.986313
0.986366
0.986427
0.986488
0.98658
0.98661
0.986702
0.986763
0.986824
0.986885
0.986916
0.987007
0.987068
0.987129
0.98719
0.987251
0.987312
0.987373
0.987434
0.987495
0.987556
0.987617
0.987679
0.98774
0.987801
0.987892
0.987923
0.987984
0.988106
0.988113
0.988113
0.988113
0.988113
0.988113
0.988113
0.988113
0.988113
0.988113
0.988113
0.988113
0.988113
0.988113
0.988113
0.988113
0.988113
0.988113
0.988113
0.988113
0.988113
0.988113
0.988113
0.988113
0.988113
0.988113
0.988113
0.988113
0.988113
0.988113
0.988113
0.988113
0.988113
0.988113
0.988113
0.988113
0.988113
0.988113
0.988113
0.988113
0.988113
0.988113
0.988113
0.988113
0.988113
0.988113
0.988113
0.988113
0.988113
0.988113
0.988113
0.988113
0.988113
0.988113
0.988113
0.988159
0.98822
0.988281
0.988342
0.988403
0.988495
0.988525
0.988617
0.988678
0.988739
0.988831
0.988861
0.988953
0.988983
0.989044
0.989136
0.989197
0.989258
0.989288
0.989349
0.989441
0.989502
0.989563
0.989624
0.989685
0.989731
0.989731
0.989731
0.989731
0.989731
0.989731
0.989731
0.989731
0.989731
0.989731
0.989731
0.989731
0.989731
0.989731
0.989731
0.989731
0.989731
0.989731
0.989731
0.989731
0.989731
0.989731
0.989731
0.989731
0.989731
0.989731
0.989731
0.989731
0.989731
0.989731
0.989731
0.989731
0.989731
0.989731
0.989731
0.989731
0.989731
0.989731
0.989731
0.989731
0.989731
0.989731
0.989731
0.989731
0.989731
0.989731
0.989731
0.989731
0.989731
0.989731
0.989731
0.989731
0.989731
0.989731
0.989731
0.989731
0.989731
0.989731
0.989731
