0
2.28882e-05
2.28882e-05
2.28882e-05
2.28882e-05
7.62928e-05
0.00010681
0.000442505
0.0010376
0.00213623
0.00391388
0.00653839
0.0101547
0.0148773
0.0208282
0.0280838
0.036705
0.04673
0.0581741
0.071022
0.0852585
0.100853
0.117752
0.13591
0.155243
0.186325
0.197212
0.231293
0.243095
0.267326
0.305077
0.331062
0.357628
0.384697
0.412201
0.440071
0.468262
0.496681
0.525269
0.55397
0.582718
0.611458
0.640121
0.668671
0.697052
0.72522
0.75312
0.780708
0.807953
0.834801
0.861198
0.887169
0.91259
0.937492
0.961823
0.985565
1.00868
1.03117
1.05298
1.0741
1.09452
1.1142
1.13316
1.15135
1.16877
1.1854
1.20885
1.21626
1.23048
1.25025
1.25643
1.2737
1.27905
1.2891
1.30261
1.3067
1.31773
1.32404
1.32954
1.33424
1.33813
1.34125
1.3436
1.34518
1.34604
1.34616
1.34557
1.34501
1.34232
1.33972
1.33649
1.33264
1.32821
1.32321
1.31769
1.31163
1.30508
1.29809
1.29065
1.27872
1.27455
1.26151
1.25699
1.24773
1.23818
1.22839
1.21324
1.20809
1.19239
1.18172
1.17094
1.16004
1.14907
1.13805
1.127
1.11595
1.10491
1.09393
1.08302
1.07218
1.06146
1.05087
1.04562
1.03012
1.02
1.01006
1.00031
0.990753
0.981407
0.972282
0.963402
0.954765
0.946373
0.938255
0.930405
0.922844
0.919174
0.9086
0.901924
0.895546
0.889481
0.88372
0.878273
0.873146
0.868324
0.863831
0.859642
0.855774
0.852234
0.848999
0.846092
0.843491
0.840179
0.838356
0.837563
0.835625
0.834702
0.834351
0.833725
0.833656
0.833725
0.834343
0.835075
0.836052
0.837273
0.837975
0.840431
0.842346
0.844467
0.846786
0.849304
0.851997
0.854874
0.857918
0.861099
0.864433
0.867897
0.871483
0.875183
0.87899
0.882881
0.886864
0.890923
0.895042
0.899223
0.903442
0.907715
0.911987
0.916321
0.920654
0.924988
0.929321
0.933609
0.937881
0.942101
0.946281
0.950401
0.95446
0.960403
0.962349
0.966164
0.969894
0.973526
0.977058
0.982178
0.983826
0.987053
0.990173
0.994652
0.997498
0.998886
1.00288
1.00542
1.00784
1.01015
1.01237
1.01448
1.01648
1.01838
1.02017
1.02186
1.02345
1.02493
1.02631
1.0276
1.02879
1.02988
1.03088
1.03178
1.03259
1.03329
1.03392
1.03445
1.0349
1.03525
1.03552
1.03571
1.03583
1.03583
1.03572
1.03564
1.03544
1.035
1.03482
1.03441
1.03393
1.03339
1.03278
1.03177
1.03103
1.03063
1.02938
1.02848
1.02754
1.02657
1.02554
1.02448
1.02338
1.02225
1.0211
1.01991
1.01869
1.01747
1.0162
1.01492
1.01364
1.013
1.01101
1.009
1.00765
1.00698
1.00564
1.0043
1.00228
1.00161
1.00027
0.998253
0.997581
0.995567
0.994225
0.993553
0.991539
0.990868
0.988853
0.987511
0.986214
0.984932
0.98365
0.982368
0.981102
0.979881
0.978661
0.97744
0.976273
0.975113
0.973953
0.972855
0.971756
0.970688
0.96965
0.968613
0.967636
0.96666
0.965729
0.964813
0.963936
0.963081
0.962265
0.961472
0.960716
0.959984
0.958961
0.958313
0.958008
0.957123
0.956848
0.956306
0.955574
0.955353
0.95472
0.954353
0.95401
0.953705
0.953438
0.953194
0.952995
0.952812
0.95269
0.952576
0.952515
0.952461
0.952461
0.952499
0.95253
0.95266
0.952721
0.952843
0.95311
0.953201
0.953529
0.953651
0.954033
0.954338
0.954643
0.954796
0.95533
0.955696
0.956062
0.956467
0.956894
0.957321
0.957748
0.958176
0.958649
0.959137
0.959625
0.960114
0.960602
0.96109
0.961578
0.962067
0.962555
0.963043
0.963531
0.96402
0.964508
0.964996
0.965485
0.965973
0.966461
0.966949
0.967438
0.967926
0.968414
0.968903
0.969391
0.969879
0.970367
0.970856
0.971497
0.97171
0.972351
0.972565
0.973206
0.973633
0.973846
0.974411
0.974777
0.975143
0.97551
0.975876
0.976227
0.976532
0.976837
0.977142
0.977448
0.977753
0.97802
0.978264
0.978508
0.978752
0.978996
0.979233
0.979416
0.979599
0.979782
0.979965
0.980148
0.980309
0.980431
0.980553
0.980675
0.980797
0.980919
0.981033
0.981094
0.981186
0.981247
0.981277
0.981369
0.9814
0.981461
0.981461
0.981461
0.981461
0.981461
0.981461
0.981461
0.981461
0.981461
0.981422
0.981361
0.9813
0.981239
0.981178
0.981117
0.981056
0.980995
0.980934
0.980873
0.980812
0.980751
0.98069
0.980629
0.980553
0.980431
0.980309
0.980186
0.980064
0.979942
0.97982
0.979698
0.979576
0.979454
0.979332
0.97921
0.979088
0.978966
0.978844
0.978722
0.9786
0.978477
0.978355
0.978172
0.97805
0.977989
0.977806
0.977684
0.977562
0.97744
0.977318
0.977219
0.977188
0.977127
0.977066
0.977005
0.976913
0.976883
0.976791
0.976761
0.976669
0.976608
0.976547
0.976486
0.976425
0.976364
0.976303
0.976242
0.976181
0.97612
0.976059
0.975998
0.97599
0.97599
0.97599
0.97599
0.97599
0.97599
0.97599
0.97599
0.97599
0.97599
0.97599
0.97599
0.97599
0.97599
0.97599
0.97599
0.97599
0.97599
0.97599
0.976013
0.976074
0.976135
0.976196
0.976257
0.976318
0.976379
0.97644
0.976501
0.976562
0.976624
0.976685
0.976746
0.976807
0.976868
0.976929
0.97699
0.977051
0.977112
0.977173
0.977234
0.977295
0.977356
0.977417
0.977478
0.977539
0.9776
0.977661
0.977722
0.977783
0.977844
0.977905
0.977966
0.978027
0.978119
0.978149
0.97821
0.978271
0.978333
0.978424
0.978485
0.978516
0.978607
0.978638
0.978729
0.97879
0.978821
0.978912
0.978943
0.979034
0.979095
0.979156
0.979218
0.979279
0.97934
0.979401
0.979462
0.979523
0.979584
0.979645
0.979706
0.979767
0.979828
0.979889
0.97995
0.980011
0.980072
0.980133
0.980194
0.980255
0.980316
0.980377
0.980438
0.980499
0.98056
0.980652
0.980682
0.980743
0.980804
0.980896
0.980927
0.981018
0.981049
0.98111
0.981201
0.981232
0.981293
0.981354
0.981415
0.981506
0.981567
0.981628
0.981689
0.98175
0.981812
0.981873
0.981934
0.981995
0.982056
0.982117
0.982178
0.982239
0.9823
0.982361
0.982422
0.982483
0.982544
0.982605
0.982666
0.982727
0.982788
0.982849
0.98291
0.982971
0.983032
0.983093
0.983154
0.983215
0.983261
0.983261
0.983261
0.983261
0.983261
0.983261
0.983261
0.983261
0.983261
0.983261
0.983261
0.983261
0.983261
0.983261
0.983261
0.983261
0.983261
0.983261
0.983261
0.983261
0.983261
0.983261
0.983261
0.983261
0.983261
0.983261
0.983261
0.983261
0.983261
0.983261
0.983261
0.983261
0.983261
0.983261
0.983261
0.983261
0.983261
0.983261
0.983261
0.983261
0.983261
0.983261
0.983261
0.983261
0.983261
0.983261
0.983261
0.983261
0.983261
0.983261
0.983261
0.983261
0.983261
0.983261
0.983261
0.983261
0.983261
0.983261
0.983261
0.983261
0.983261
0.983261
0.983276
0.983337
0.983398
0.983459
0.983521
0.983582
0.983643
0.983704
0.983765
0.983826
0.983887
0.983948
0.984009
0.98407
0.984131
0.984192
0.984253
0.984314
0.984375
0.984436
0.984497
0.984558
0.984619
0.98468
0.984741
0.984802
0.984863
0.984924
0.984985
0.985046
0.985107
0.985168
0.98526
0.985291
0.985382
0.985443
0.985474
0.985565
0.985626
0.985687
0.985748
0.985771
0.985771
0.985771
0.985771
0.985771
0.985771
0.985771
0.985771
0.985771
0.985771
0.985771
0.985771
0.985771
0.985771
0.985771
0.985771
0.985771
0.985771
0.985771
0.985771
0.985771
0.985771
0.985771
0.985771
0.985771
0.985771
0.985771
0.985771
0.985771
0.985771
0.985771
0.985771
0.985771
0.985771
0.985771
0.985771
0.985771
0.985771
0.985771
0.985771
0.985771
0.985771
0.985771
0.985771
0.985771
0.985771
0.985771
0.985771
0.985771
0.985771
0.985771
0.985771
0.985779
0.98584
0.985901
0.985962
0.986023
0.986084
0.986145
0.986206
0.986267
0.986328
0.986389
0.98645
0.986511
0.986572
0.986633
0.986694
0.986755
0.986816
0.986877
0.986938
0.987
0.987061
0.987122
0.987183
0.987244
0.987305
0.987366
0.987427
0.987488
0.987549
0.98761
0.987701
0.987717
0.987717
0.987717
0.987717
0.987717
0.987717
0.987717
0.987717
0.987717
0.987717
0.987717
0.987717
0.987717
0.987717
0.987717
0.987717
0.987717
0.987717
0.987717
0.987717
0.987717
0.987717
0.987717
0.987717
0.987717
0.987717
0.987717
0.987717
0.987717
0.987717
0.987717
0.987717
0.987717
0.987717
0.987717
0.987717
0.987717
0.987717
0.987717
0.987717
0.987717
0.987717
0.987717
0.987717
0.987717
0.987717
0.987717
0.987717
0.987717
0.987717
0.987717
0.987717
0.987717
0.987717
0.987717
0.987717
0.98774
0.987801
0.987862
0.987923
0.987984
0.988045
0.988106
0.988167
0.988228
0.988289
0.98835
0.988411
0.988472
0.988533
0.988594
0.988655
0.988716
0.988777
0.988838
0.988899
0.98896
0.989021
0.989082
0.989143
0.989204
0.989265
0.989326
0.989357
0.989395
0.989395
0.989395
0.989395
0.989395
0.989395
0.989395
0.989395
0.989395
0.989395
0.989395
0.989395
0.989395
0.989395
0.989395
0.989395
0.989395
0.989395
0.989395
0.989395
0.989395
0.989395
0.989395
0.989395
0.989395
0.989395
0.989395
0.989395
0.989395
0.989395
0.989395
0.989395
0.989395
0.989395
0.989395
0.989395
0.989395
0.989395
0.989395
0.989395
0.989395
0.989395
0.989395
0.989395
0.989395
0.989395
0.989395
0.989395
0.989395
0.989395
0.989395
0.989395
0.989395
0.989395
0.989395
0.989395
0.989395
0.989395
0.989395
0.989395
0.989395
0.98941
0.989471
0.989532
0.989594
0.989655
0.989716
0.989777
0.989838
0.989899
0.98996
0.990021
0.990082
0.990143
0.990204
0.990265
0.990326
0.990387
0.990448
0.990509
0.99057
0.990631
0.990692
0.990753
0.990814
0.990875
0.990891
0.990891
0.990891
0.990891
0.990891
0.990891
0.990891
0.990891
0.990891
0.990891
0.990891
0.990891
0.990891
0.990891
