0
0
0
0
2.28882e-05
8.39222e-05
0.000251769
0.000419616
0.00148773
0.0029068
0.00508118
0.00819397
0.0123444
0.0176697
0.0242615
0.032196
0.0415115
0.0522385
0.0709915
0.085228
0.100822
0.109116
0.135887
0.155258
0.175751
0.197296
0.219818
0.243279
0.267578
0.292633
0.31839
0.344765
0.371712
0.399139
0.426979
0.455177
0.483665
0.512375
0.54126
0.570251
0.599304
0.628357
0.657349
0.686226
0.714943
0.743446
0.771698
0.813492
0.82724
0.854446
0.88121
0.920441
0.933266
0.970879
0.995209
1.01891
1.04194
1.06428
1.0859
1.10677
1.12688
1.14619
1.15555
1.17364
1.1992
1.21518
1.23029
1.23753
1.25793
1.27046
1.2764
1.29291
1.30283
1.31189
1.3201
1.32745
1.33396
1.33963
1.34447
1.35019
1.35169
1.3541
1.35571
1.35656
1.35642
1.35601
1.35374
1.35264
1.34993
1.34466
1.34259
1.33549
1.33004
1.32405
1.31755
1.31056
1.30309
1.29518
1.28687
1.27815
1.26908
1.25967
1.24995
1.23994
1.22446
1.21387
1.20307
1.19212
1.18101
1.16978
1.15846
1.14707
1.13564
1.12416
1.10695
1.10123
1.08982
1.07848
1.06162
1.05605
1.04501
1.0341
1.01803
1.00754
1.00237
0.987137
0.977249
0.967583
0.958153
0.948975
0.940063
0.931419
0.923065
0.911079
0.907234
0.89978
0.892639
0.882538
0.876228
0.870262
0.864632
0.859352
0.852074
0.849823
0.843597
0.83989
0.836525
0.833511
0.830841
0.828514
0.826523
0.824867
0.823547
0.822548
0.821869
0.821503
0.821434
0.821663
0.822182
0.822983
0.824051
0.826157
0.827866
0.829819
0.832001
0.834412
0.837029
0.839851
0.842857
0.84771
0.851158
0.854759
0.858505
0.862389
0.866402
0.870522
0.876907
0.881271
0.885712
0.890221
0.894791
0.899406
0.904045
0.90873
0.915779
0.920479
0.925179
0.92984
0.934479
0.939072
0.943626
0.94812
0.952545
0.956894
0.961151
0.965324
0.969391
0.975319
0.977242
0.981003
0.986435
0.98819
0.991615
0.994926
0.998123
1.0027
1.00417
1.00701
1.00974
1.01235
1.01606
1.01724
1.01952
1.02168
1.02372
1.02657
1.02747
1.03
1.03155
1.03298
1.03431
1.03553
1.03664
1.03765
1.03855
1.03934
1.04004
1.04063
1.04111
1.0415
1.04178
1.04198
1.04208
1.04209
1.04201
1.04185
1.0416
1.04126
1.04086
1.04037
1.0398
1.03917
1.03847
1.0377
1.03687
1.03598
1.03503
1.03352
1.03298
1.03131
1.03015
1.02893
1.02768
1.0264
1.0244
1.02305
1.02164
1.02024
1.01881
1.01734
1.01588
1.01441
1.01291
1.01138
1.00986
1.00833
1.00681
1.00528
1.00375
1.00223
1.0007
0.999176
0.99765
0.996124
0.994598
0.993073
0.991562
0.990097
0.988632
0.987167
0.985703
0.984253
0.982849
0.981445
0.979347
0.978676
0.977333
0.97599
0.974045
0.973404
0.971519
0.970299
0.969093
0.967934
0.966782
0.965683
0.9646
0.963562
0.962059
0.96109
0.960175
0.959282
0.958427
0.957619
0.956833
0.9561
0.955406
0.954742
0.954132
0.953552
0.953003
0.952271
0.951843
0.951447
0.95108
0.950768
0.950485
0.950241
0.950043
0.949867
0.949745
0.949654
0.949593
0.949585
0.949593
0.949654
0.949738
0.94986
0.950012
0.950195
0.950401
0.950645
0.950905
0.95121
0.951515
0.951874
0.95224
0.952621
0.953049
0.953476
0.953911
0.954399
0.954887
0.955376
0.955872
0.956421
0.95697
0.95752
0.958069
0.958893
0.959442
0.95974
0.960655
0.96096
0.961876
0.962181
0.963097
0.963707
0.964317
0.964928
0.965538
0.966148
0.966721
0.96727
0.967819
0.968369
0.968918
0.969467
0.970016
0.970566
0.971085
0.971573
0.972305
0.972549
0.973038
0.973526
0.973976
0.974403
0.974831
0.975258
0.975685
0.976089
0.976456
0.977005
0.977188
0.977554
0.97789
0.978195
0.978653
0.978958
0.979256
0.9795
0.979744
0.979988
0.980232
0.980461
0.980644
0.980827
0.98101
0.981194
0.981361
0.981483
0.981606
0.981728
0.98185
0.981972
0.982048
0.982109
0.98217
0.982231
0.982292
0.982353
0.982368
0.982368
0.982368
0.982368
0.982368
0.982368
0.982368
0.982338
0.982277
0.982216
0.982155
0.982063
0.982033
0.981972
0.981911
0.98185
0.981758
0.981697
0.981575
0.981392
0.98127
0.981148
0.981026
0.980904
0.980782
0.980659
0.980537
0.980415
0.980293
0.980171
0.980049
0.979927
0.979805
0.979683
0.979561
0.979439
0.979317
0.979195
0.979073
0.978951
0.978828
0.978706
0.978584
0.978401
0.978279
0.978157
0.978035
0.977913
0.977791
0.977669
0.977547
0.977425
0.977303
0.97718
0.977058
0.976936
0.976753
0.976692
0.97657
0.976448
0.976326
0.976295
0.976234
0.976173
0.976112
0.976021
0.97599
0.975929
0.975868
0.975807
0.975716
0.975685
0.975594
0.975533
0.975471
0.97541
0.97541
0.97541
0.97541
0.97541
0.97541
0.97541
0.97541
0.97541
0.97541
0.97541
0.97541
0.97541
0.97541
0.97541
0.97541
0.97541
0.97541
0.975471
0.975533
0.975594
0.975655
0.975716
0.975777
0.975838
0.975899
0.97596
0.976021
0.976082
0.976143
0.976204
0.976265
0.976326
0.976387
0.976479
0.976509
0.97657
0.976631
0.976692
0.976784
0.976814
0.976875
0.976936
0.976997
0.977089
0.97715
0.977211
0.977242
0.977303
0.977394
0.977455
0.977516
0.977608
0.97773
0.977852
0.977974
0.978096
0.978218
0.97834
0.978462
0.978584
0.978706
0.978828
0.978951
0.979073
0.979195
0.979317
0.979439
0.97953
0.979591
0.979622
0.979683
0.979774
0.979805
0.979897
0.979958
0.980019
0.98008
0.980141
0.980202
0.980263
0.980324
0.980385
0.980446
0.980507
0.980568
0.980629
0.98069
0.980751
0.980812
0.980873
0.980934
0.980995
0.981056
0.981117
0.981178
0.981239
0.9813
0.981361
0.981422
0.981483
0.981544
0.981606
0.981667
0.981728
0.981819
0.98185
0.981911
0.982002
0.982033
0.982124
0.982185
0.982216
0.982307
0.982368
0.982399
0.982491
0.982552
0.982613
0.982674
0.982735
0.982796
0.982811
0.982811
0.982811
0.982811
0.982811
0.982811
0.982811
0.982811
0.982811
0.982811
0.982811
0.982811
0.982811
0.982811
0.982811
0.982811
0.982811
0.982811
0.982811
0.982811
0.982811
0.982811
0.982811
0.982811
0.982811
0.982811
0.982811
0.982811
0.982811
0.982811
0.982811
0.982811
0.982811
0.982811
0.982811
0.982811
0.982811
0.982811
0.982811
0.982811
0.982811
0.982811
0.982811
0.982811
0.982811
0.982811
0.982811
0.982811
0.982811
0.982811
0.982811
0.982811
0.982811
0.982811
0.982811
0.982811
0.982811
0.982811
0.982811
0.982811
0.982811
0.982811
0.982811
0.982811
0.982819
0.98288
0.982941
0.983002
0.983063
0.983124
0.983185
0.983246
0.983307
0.983368
0.983429
0.98349
0.983551
0.983612
0.983673
0.983734
0.983795
0.983887
0.983948
0.983978
0.98407
0.984131
0.984192
0.984253
0.984314
0.984375
0.984436
0.984497
0.984558
0.984619
0.98468
0.984741
0.984802
0.984863
0.984924
0.984985
0.985046
0.985107
0.985168
0.985229
0.985291
0.985352
0.985413
0.985443
0.985443
0.985443
0.985443
0.985443
0.985443
0.985443
0.985443
0.985443
0.985443
0.985443
0.985443
0.985443
0.985443
0.985443
0.985443
0.985443
0.985443
0.985443
0.985443
0.985443
0.985443
0.985443
0.985443
0.985443
0.985443
0.985443
0.985443
0.985443
0.985443
0.985443
0.985443
0.985443
0.985443
0.985443
0.985443
0.985443
0.985443
0.985443
0.985443
0.985443
0.985443
0.985443
0.985443
0.985443
0.985443
0.985443
0.985443
0.985443
0.985443
0.985443
0.985443
0.985504
0.985565
0.985657
0.985687
0.985748
0.98584
0.98587
0.985962
0.985992
0.986053
0.986115
0.986176
0.986267
0.986298
0.986389
0.98645
0.986511
0.986572
0.986633
0.986694
0.986755
0.986816
0.986877
0.986938
0.987
0.987061
0.987122
0.987183
0.987244
0.987305
0.987366
0.987396
0.987396
0.987396
0.987396
0.987396
0.987396
0.987396
0.987396
0.987396
0.987396
0.987396
0.987396
0.987396
0.987396
0.987396
0.987396
0.987396
0.987396
0.987396
0.987396
0.987396
0.987396
0.987396
0.987396
0.987396
0.987396
0.987396
0.987396
0.987396
0.987396
0.987396
0.987396
0.987396
0.987396
0.987396
0.987396
0.987396
0.987396
0.987396
0.987396
0.987396
0.987396
0.987396
0.987396
0.987396
0.987396
0.987396
0.987396
0.987396
0.987396
0.987396
0.987396
0.987396
0.987396
0.987442
0.987503
0.987564
0.987625
0.987686
0.987747
0.987808
0.987869
0.987961
0.987991
0.988083
0.988144
0.988174
0.988266
0.988297
0.988358
0.988449
0.98848
0.988541
0.988602
0.988693
0.988754
0.988785
0.988876
0.988937
0.988968
0.989059
0.989067
0.989067
0.989067
0.989067
0.989067
0.989067
0.989067
0.989067
0.989067
0.989067
0.989067
0.989067
0.989067
0.989067
0.989067
0.989067
0.989067
0.989067
0.989067
0.989067
0.989067
0.989067
0.989067
0.989067
0.989067
0.989067
0.989067
0.989067
0.989067
0.989067
0.989067
0.989067
0.989067
0.989067
0.989067
0.989067
0.989067
0.989067
0.989067
0.989067
0.989067
0.989067
0.989067
0.989067
0.989067
0.989067
0.989067
0.989067
0.989067
0.989067
0.989067
0.989067
0.989067
0.989067
0.989067
0.989067
0.989067
0.989067
0.989067
0.98909
0.989182
0.989243
0.989304
0.989365
0.989426
0.989487
0.989578
0.989639
0.9897
0.989761
0.989822
0.989883
0.989944
0.990005
0.990067
0.990158
0.990189
0.99028
0.990341
0.990402
0.990463
0.990524
0.990585
0.990593
0.990593
0.990593
0.990593
0.990593
0.990593
0.990593
0.990593
0.990593
0.990593
0.990593
0.990593
0.990593
0.990593
0.990593
0.990593
0.990593
0.990593
0.990593
0.990593
0.990593
0.990593
0.990593
0.990593
0.990593
0.990593
0.990593
0.990593
0.990593
0.990593
0.990593
0.990593
0.990593
0.990593
0.990593
0.990593
0.990593
