0
0
0
0
2.28882e-05
8.39222e-05
0.000251769
0.000663756
0.00148773
0.0029068
0.00508118
0.00819397
0.0123444
0.0176697
0.0242615
0.032196
0.0467148
0.0581589
0.071022
0.0852737
0.100891
0.117821
0.145554
0.165512
0.186554
0.208595
0.231598
0.267715
0.280151
0.305557
0.331612
0.37175
0.385376
0.412979
0.440971
0.469284
0.512215
0.541077
0.555557
0.599106
0.628159
0.657181
0.686111
0.71489
0.743454
0.785812
0.813644
0.841103
0.868111
0.894691
0.920723
0.946228
0.971153
0.995468
1.01915
1.04217
1.06451
1.08614
1.11723
1.13701
1.15601
1.17423
1.19165
1.20825
1.22401
1.23158
1.253
1.26619
1.2785
1.29532
1.30543
1.31467
1.32305
1.33056
1.33721
1.34301
1.34797
1.3521
1.35676
1.35886
1.36018
1.36073
1.36051
1.35884
1.35684
1.35417
1.35084
1.34688
1.3423
1.33714
1.33141
1.32516
1.31841
1.30738
1.30346
1.29531
1.28676
1.27321
1.26373
1.25887
1.24892
1.2387
1.22291
1.21209
1.2011
1.18993
1.17863
1.16721
1.15569
1.14411
1.13251
1.12086
1.10347
1.09191
1.08041
1.06902
1.05773
1.04657
1.03558
1.02475
1.01411
1.00368
0.988434
0.983467
0.973701
0.96418
0.954903
0.941475
0.937134
0.928658
0.920464
0.91256
0.90126
0.897652
0.887299
0.884003
0.874611
0.868774
0.863266
0.858101
0.855644
0.848793
0.844666
0.840874
0.837433
0.834343
0.831596
0.829193
0.827118
0.825386
0.823982
0.822899
0.821861
0.821671
0.821518
0.821655
0.82209
0.822807
0.823799
0.82505
0.826576
0.828346
0.830345
0.833771
0.836327
0.839088
0.842041
0.845177
0.84848
0.851952
0.855576
0.859344
0.863235
0.867249
0.871368
0.875587
0.87989
0.88427
0.888718
0.893227
0.897781
0.902359
0.904678
0.911636
0.916275
0.920914
0.925552
0.930191
0.934807
0.939384
0.943916
0.948402
0.952827
0.957184
0.961456
0.967712
0.971771
0.975731
0.977669
0.983337
0.986977
0.990501
0.993912
0.997208
1.00038
1.00345
1.00639
1.00922
1.01193
1.01453
1.017
1.01936
1.02267
1.02475
1.0267
1.02855
1.03028
1.0319
1.0334
1.0348
1.03608
1.03725
1.03832
1.03928
1.04012
1.04086
1.0415
1.04225
1.04246
1.04279
1.04311
1.04321
1.04321
1.04317
1.04292
1.04266
1.04231
1.04189
1.04137
1.04079
1.04014
1.03941
1.03862
1.03777
1.03685
1.03536
1.03431
1.03321
1.03205
1.03085
1.02962
1.02834
1.02704
1.0257
1.02433
1.02293
1.02152
1.02007
1.01787
1.0164
1.01488
1.01335
1.01183
1.0103
1.00877
1.00725
1.00496
1.00343
1.00191
1.00038
0.998856
0.99733
0.995804
0.994278
0.992752
0.991226
0.989761
0.987564
0.986099
0.984634
0.983231
0.981827
0.980423
0.978386
0.977043
0.975716
0.974434
0.973152
0.971916
0.970695
0.969505
0.968346
0.96666
0.965561
0.964523
0.963493
0.962517
0.961555
0.96064
0.959755
0.9589
0.958099
0.957321
0.956589
0.955559
0.954926
0.954315
0.953766
0.953247
0.952759
0.952324
0.95192
0.951553
0.951241
0.950958
0.950607
0.950424
0.950287
0.950165
0.950104
0.950066
0.950066
0.950104
0.950165
0.950272
0.950394
0.950569
0.950752
0.950981
0.951225
0.9515
0.951958
0.952301
0.952667
0.953033
0.953453
0.953667
0.954308
0.954765
0.955254
0.955742
0.95623
0.956734
0.957283
0.957832
0.958656
0.959206
0.959755
0.960304
0.960854
0.961769
0.962074
0.962685
0.9636
0.964211
0.964516
0.965431
0.965988
0.966537
0.967087
0.967636
0.968185
0.968735
0.969284
0.969833
0.970383
0.970879
0.971367
0.971855
0.972588
0.973076
0.973549
0.973976
0.974403
0.974831
0.975258
0.975685
0.976059
0.976425
0.976974
0.977341
0.977676
0.977982
0.978287
0.978592
0.978897
0.979164
0.979408
0.979652
0.979897
0.980141
0.980431
0.980614
0.980797
0.98098
0.981155
0.981277
0.9814
0.981522
0.981644
0.981766
0.98185
0.981911
0.981972
0.982033
0.982094
0.982155
0.982193
0.982193
0.982193
0.982193
0.982193
0.982193
0.982193
0.982193
0.98214
0.982079
0.982018
0.981926
0.981895
0.981834
0.981743
0.981682
0.981621
0.98156
0.981445
0.981323
0.981201
0.981079
0.980957
0.980835
0.980713
0.980591
0.980469
0.980347
0.980225
0.980042
0.979919
0.979797
0.979675
0.979553
0.979431
0.979309
0.979187
0.979065
0.978943
0.978821
0.978699
0.978577
0.978455
0.978333
0.97821
0.978088
0.977966
0.977844
0.977722
0.9776
0.977417
0.977356
0.977234
0.977112
0.976929
0.976807
0.976685
0.976562
0.976524
0.976433
0.976372
0.976311
0.97625
0.976189
0.976128
0.976067
0.976006
0.975945
0.975883
0.975822
0.975761
0.9757
0.975639
0.975578
0.975525
0.975525
0.975525
0.975525
0.975525
0.975525
0.975525
0.975525
0.975525
0.975525
0.975525
0.975525
0.975525
0.975525
0.975525
0.975525
0.975525
0.975525
0.975586
0.975647
0.975708
0.975769
0.97583
0.975891
0.975952
0.976044
0.976105
0.976166
0.976227
0.976288
0.976349
0.97641
0.976471
0.976532
0.976593
0.976654
0.976715
0.976776
0.976837
0.976929
0.976959
0.97702
0.977081
0.977173
0.977234
0.977295
0.977356
0.977417
0.977478
0.977539
0.9776
0.977661
0.977722
0.977783
0.977844
0.977905
0.977966
0.978027
0.978088
0.978149
0.978264
0.978386
0.978508
0.97863
0.978752
0.978874
0.978996
0.979118
0.979225
0.979286
0.979347
0.979408
0.979469
0.97953
0.979591
0.979652
0.979713
0.979774
0.979836
0.979897
0.979958
0.980019
0.98008
0.980141
0.980202
0.980263
0.980324
0.980385
0.980446
0.980507
0.980598
0.980629
0.98069
0.980751
0.980812
0.980843
0.980934
0.981026
0.981087
0.981117
0.981209
0.981239
0.981331
0.981392
0.981453
0.981514
0.981575
0.981636
0.981697
0.981758
0.981819
0.98188
0.981941
0.982002
0.982063
0.982124
0.982185
0.982246
0.982307
0.982368
0.98243
0.982491
0.982552
0.982613
0.982674
0.982735
0.982796
0.982857
0.982918
0.982979
0.983025
0.983025
0.983025
0.983025
0.983025
0.983025
0.983025
0.983025
0.983025
0.983025
0.983025
0.983025
0.983025
0.983025
0.983025
0.983025
0.983025
0.983025
0.983025
0.983025
0.983025
0.983025
0.983025
0.983025
0.983025
0.983025
0.983025
0.983025
0.983025
0.983025
0.983025
0.983025
0.983025
0.983025
0.983025
0.983025
0.983025
0.983025
0.983025
0.983025
0.983025
0.983025
0.983025
0.983025
0.983025
0.983025
0.983025
0.983025
0.983025
0.983025
0.983025
0.983025
0.983025
0.983025
0.983025
0.983025
0.983025
0.983025
0.983025
0.983025
0.983025
0.983025
0.983025
0.983025
0.983078
0.983139
0.9832
0.983261
0.983322
0.983383
0.983444
0.983505
0.983566
0.983627
0.983688
0.983749
0.98381
0.983871
0.983932
0.983994
0.984055
0.984116
0.984177
0.984238
0.984299
0.98436
0.984421
0.984512
0.984573
0.984604
0.984665
0.984756
0.984818
0.984879
0.984909
0.985001
0.985062
0.985123
0.985184
0.985245
0.985306
0.985367
0.985428
0.985489
0.98555
0.985565
0.985565
0.985565
0.985565
0.985565
0.985565
0.985565
0.985565
0.985565
0.985565
0.985565
0.985565
0.985565
0.985565
0.985565
0.985565
0.985565
0.985565
0.985565
0.985565
0.985565
0.985565
0.985565
0.985565
0.985565
0.985565
0.985565
0.985565
0.985565
0.985565
0.985565
0.985565
0.985565
0.985565
0.985565
0.985565
0.985565
0.985565
0.985565
0.985565
0.985565
0.985565
0.985565
0.985565
0.985565
0.985565
0.985565
0.985565
0.985565
0.985565
0.985565
0.985611
0.985672
0.985733
0.985794
0.985855
0.985947
0.985977
0.986038
0.986099
0.98616
0.986252
0.986282
0.986374
0.986404
0.986465
0.986557
0.986618
0.986679
0.98674
0.986801
0.986862
0.986923
0.986984
0.987045
0.987106
0.987167
0.987228
0.987289
0.98735
0.987411
0.987473
0.987495
0.987495
0.987495
0.987495
0.987495
0.987495
0.987495
0.987495
0.987495
0.987495
0.987495
0.987495
0.987495
0.987495
0.987495
0.987495
0.987495
0.987495
0.987495
0.987495
0.987495
0.987495
0.987495
0.987495
0.987495
0.987495
0.987495
0.987495
0.987495
0.987495
0.987495
0.987495
0.987495
0.987495
0.987495
0.987495
0.987495
0.987495
0.987495
0.987495
0.987495
0.987495
0.987495
0.987495
0.987495
0.987495
0.987495
0.987495
0.987495
0.987495
0.987495
0.987495
0.987495
0.987495
0.987503
0.987564
0.987625
0.987686
0.987747
0.987808
0.987869
0.98793
0.987991
0.988052
0.988113
0.988174
0.988235
0.988297
0.988358
0.988419
0.98848
0.988541
0.988602
0.988663
0.988724
0.988785
0.988846
0.988937
0.988968
0.989029
0.98912
0.989151
0.989212
0.989227
0.989227
0.989227
0.989227
0.989227
0.989227
0.989227
0.989227
0.989227
0.989227
0.989227
0.989227
0.989227
0.989227
0.989227
0.989227
0.989227
0.989227
0.989227
0.989227
0.989227
0.989227
0.989227
0.989227
0.989227
0.989227
0.989227
0.989227
0.989227
0.989227
0.989227
0.989227
0.989227
0.989227
0.989227
0.989227
0.989227
0.989227
0.989227
0.989227
0.989227
0.989227
0.989227
0.989227
0.989227
0.989227
0.989227
0.989227
0.989227
0.989227
0.989227
0.989227
0.989227
0.989227
0.989227
0.989227
0.989227
0.989227
0.989227
0.989227
0.989227
0.989227
0.989243
0.989304
0.989365
0.989426
0.989487
0.989548
0.989609
0.98967
0.989731
0.989792
0.989853
0.989914
0.989944
0.990036
0.990097
0.990158
0.990219
0.99028
0.990341
0.990402
0.990463
0.990524
0.990585
0.990646
0.990707
0.990768
0.990776
0.990776
0.990776
0.990776
0.990776
0.990776
0.990776
0.990776
0.990776
0.990776
0.990776
0.990776
0.990776
0.990776
0.990776
0.990776
0.990776
0.990776
0.990776
0.990776
0.990776
0.990776
0.990776
0.990776
0.990776
0.990776
0.990776
0.990776
0.990776
0.990776
0.990776
