0
0
0
0
1.52588e-05
7.62941e-05
0.000244141
0.000656128
0.0014801
0.00289917
0.00507355
0.00818634
0.0123367
0.017662
0.0242615
0.032196
0.0415192
0.0522537
0.064415
0.0779724
0.0929108
0.109184
0.126755
0.145546
0.165512
0.186569
0.208664
0.231705
0.267906
0.293022
0.31884
0.345291
0.372299
0.399796
0.427734
0.456017
0.484581
0.513351
0.542259
0.571251
0.600243
0.629227
0.658127
0.686882
0.715454
0.743782
0.771828
0.799553
0.826897
0.867119
0.880287
0.906258
0.931717
0.956612
0.980904
1.00457
1.02758
1.06081
1.08208
1.09244
1.11258
1.13197
1.15956
1.17695
1.18533
1.20922
1.2241
1.23812
1.25127
1.26357
1.27499
1.28037
1.29522
1.30404
1.312
1.31909
1.32535
1.33077
1.33536
1.33913
1.34211
1.34429
1.3457
1.34637
1.3463
1.3455
1.34402
1.34187
1.33907
1.33563
1.3316
1.32697
1.32179
1.31609
1.30988
1.30318
1.29601
1.28841
1.28039
1.27198
1.26321
1.24944
1.24469
1.23499
1.22504
1.21484
1.20444
1.1885
1.17768
1.16674
1.15571
1.14459
1.13342
1.12225
1.11108
1.09991
1.08879
1.07774
1.06679
1.05595
1.04525
1.0347
1.02431
1.0141
1.00407
0.994247
0.984634
0.975235
0.966057
0.957115
0.948418
0.939995
0.931831
0.92395
0.916351
0.90551
0.902054
0.89537
0.885941
0.880058
0.874504
0.869278
0.864395
0.85984
0.855629
0.851761
0.848228
0.845032
0.842178
0.839653
0.837456
0.835587
0.834038
0.832802
0.831879
0.831253
0.830917
0.830872
0.831108
0.831619
0.83239
0.833427
0.834709
0.836227
0.837967
0.839928
0.842102
0.844475
0.847038
0.849785
0.852707
0.855789
0.859024
0.862396
0.865906
0.869537
0.873283
0.877121
0.881058
0.885071
0.889168
0.893326
0.897537
0.90181
0.90612
0.910454
0.914803
0.919197
0.923592
0.927986
0.932335
0.936668
0.940971
0.945229
0.949432
0.953568
0.957634
0.961632
0.965546
0.969368
0.973099
0.97673
0.980263
0.983688
0.987015
0.990227
0.993332
0.99633
0.999222
1.002
1.00467
1.00723
1.0097
1.01205
1.01429
1.01643
1.01944
1.02039
1.02309
1.02393
1.02632
1.02779
1.02915
1.03041
1.03157
1.03263
1.03358
1.03445
1.03521
1.03587
1.03645
1.03691
1.0373
1.03745
1.03779
1.0379
1.03793
1.03789
1.03775
1.03754
1.03725
1.0369
1.03646
1.03596
1.03539
1.03477
1.03408
1.03333
1.03253
1.03168
1.03077
1.02933
1.02882
1.02779
1.02615
1.02559
1.02385
1.02264
1.02203
1.02081
1.01952
1.0176
1.01694
1.01492
1.01425
1.01224
1.01085
1.01015
1.00804
1.00664
1.00523
1.00383
1.00243
1.00102
0.999619
0.998215
0.996811
0.995407
0.994003
0.992599
0.991203
0.989861
0.988518
0.987175
0.985832
0.984489
0.9832
0.981918
0.980637
0.979355
0.978134
0.976913
0.975693
0.974525
0.973366
0.972206
0.971107
0.970009
0.968941
0.967903
0.966393
0.965904
0.964935
0.96402
0.963112
0.96183
0.961411
0.960617
0.959846
0.959114
0.958076
0.957741
0.957115
0.956505
0.955956
0.955185
0.954941
0.954277
0.954063
0.953697
0.953194
0.952888
0.952644
0.952415
0.952324
0.95208
0.951958
0.951881
0.95182
0.951813
0.951813
0.951874
0.951904
0.952057
0.952179
0.952354
0.952538
0.952751
0.952995
0.953239
0.953545
0.95385
0.95417
0.954536
0.954903
0.955269
0.955688
0.956116
0.956543
0.95697
0.957436
0.957924
0.958412
0.9589
0.959633
0.960121
0.960365
0.960892
0.961441
0.96199
0.962814
0.963364
0.963638
0.964188
0.964737
0.965561
0.96611
0.96666
0.966934
0.967453
0.968185
0.968674
0.968918
0.96965
0.969894
0.970627
0.971115
0.971588
0.972015
0.972443
0.97287
0.973083
0.973724
0.973938
0.974525
0.974892
0.975258
0.975624
0.97599
0.976341
0.976646
0.976952
0.977257
0.977562
0.977867
0.978119
0.978363
0.978607
0.978851
0.979095
0.979309
0.979492
0.979675
0.979767
0.980042
0.980225
0.980362
0.980484
0.980606
0.980728
0.98085
0.980972
0.981064
0.981125
0.981186
0.981247
0.981308
0.9814
0.98143
0.981461
0.981461
0.981461
0.981461
0.981461
0.981461
0.981461
0.981461
0.981445
0.981384
0.981323
0.981262
0.981201
0.98114
0.981079
0.981018
0.980957
0.980896
0.980835
0.980774
0.980713
0.980652
0.98056
0.980438
0.980316
0.980194
0.980072
0.97995
0.979828
0.979706
0.979584
0.979462
0.979401
0.979218
0.979095
0.978973
0.978851
0.978729
0.978607
0.978485
0.978363
0.978241
0.978119
0.977997
0.977875
0.977753
0.977631
0.977509
0.977386
0.977264
0.977158
0.977097
0.977005
0.976974
0.976913
0.976822
0.976761
0.9767
0.976669
0.976608
0.976547
0.976456
0.976425
0.976334
0.976303
0.976212
0.976151
0.976089
0.976028
0.975967
0.975937
0.975937
0.975937
0.975937
0.975937
0.975937
0.975937
0.975937
0.975937
0.975937
0.975937
0.975937
0.975937
0.975937
0.975937
0.975937
0.975937
0.975937
0.975937
0.975937
0.975967
0.976028
0.976089
0.976151
0.976212
0.976273
0.976334
0.976395
0.976456
0.976517
0.976578
0.976639
0.9767
0.976761
0.976822
0.976883
0.976944
0.977005
0.977066
0.977127
0.977188
0.97728
0.97731
0.977371
0.977463
0.977493
0.977585
0.977646
0.977676
0.977768
0.977798
0.97789
0.977921
0.977982
0.978073
0.978134
0.978195
0.978256
0.978317
0.978378
0.978439
0.9785
0.978561
0.978622
0.978683
0.978745
0.978806
0.978867
0.978928
0.978989
0.97905
0.979111
0.979172
0.979233
0.979294
0.979355
0.979446
0.979477
0.979568
0.979599
0.979691
0.979721
0.979813
0.979843
0.979935
0.979996
0.980057
0.980118
0.980179
0.98024
0.980301
0.980362
0.980423
0.980484
0.980545
0.980606
0.980667
0.980728
0.980789
0.98085
0.980911
0.980972
0.981033
0.981094
0.981155
0.981216
0.981277
0.981339
0.9814
0.981461
0.981522
0.981583
0.981644
0.981705
0.981766
0.981827
0.981888
0.981949
0.98201
0.982071
0.982132
0.982193
0.982254
0.982315
0.982376
0.982437
0.982498
0.982559
0.98262
0.982712
0.982742
0.982803
0.982864
0.982925
0.982986
0.983078
0.983109
0.983162
0.983162
0.983162
0.983162
0.983162
0.983162
0.983162
0.983162
0.983162
0.983162
0.983162
0.983162
0.983162
0.983162
0.983162
0.983162
0.983162
0.983162
0.983162
0.983162
0.983162
0.983162
0.983162
0.983162
0.983162
0.983162
0.983162
0.983162
0.983162
0.983162
0.983162
0.983162
0.983162
0.983162
0.983162
0.983162
0.983162
0.983162
0.983162
0.983162
0.983162
0.983162
0.983162
0.983162
0.983162
0.983162
0.983162
0.983162
0.983162
0.983162
0.983162
0.983162
0.983162
0.983162
0.983162
0.983162
0.983162
0.983162
0.983162
0.983162
0.983162
0.983185
0.983246
0.983276
0.983368
0.983429
0.98349
0.983551
0.983612
0.983673
0.983734
0.983795
0.983856
0.983917
0.983978
0.984039
0.9841
0.984161
0.984222
0.984283
0.984344
0.984406
0.984467
0.984528
0.984589
0.98465
0.984711
0.984772
0.984863
0.984924
0.984985
0.985046
0.985077
0.985138
0.985229
0.985291
0.985352
0.985413
0.985474
0.985535
0.985588
0.985588
0.985588
0.985588
0.985588
0.985588
0.985588
0.985588
0.985588
0.985588
0.985588
0.985588
0.985588
0.985588
0.985588
0.985588
0.985588
0.985588
0.985588
0.985588
0.985588
0.985588
0.985588
0.985588
0.985588
0.985588
0.985588
0.985588
0.985588
0.985588
0.985588
0.985588
0.985588
0.985588
0.985588
0.985588
0.985588
0.985588
0.985588
0.985588
0.985588
0.985588
0.985588
0.985588
0.985588
0.985588
0.985588
0.985588
0.985588
0.985588
0.985611
0.985672
0.985733
0.985794
0.985855
0.985947
0.985977
0.986038
0.98613
0.98616
0.986252
0.986282
0.986374
0.986435
0.986465
0.986557
0.986618
0.986649
0.98674
0.986771
0.986862
0.986923
0.986984
0.987045
0.987106
0.987167
0.987228
0.987289
0.98735
0.987396
0.987396
0.987396
0.987396
0.987396
0.987396
0.987396
0.987396
0.987396
0.987396
0.987396
0.987396
0.987396
0.987396
0.987396
0.987396
0.987396
0.987396
0.987396
0.987396
0.987396
0.987396
0.987396
0.987396
0.987396
0.987396
0.987396
0.987396
0.987396
0.987396
0.987396
0.987396
0.987396
0.987396
0.987396
0.987396
0.987396
0.987396
0.987396
0.987396
0.987396
0.987396
0.987396
0.987396
0.987396
0.987396
0.987396
0.987396
0.987396
0.987396
0.987396
0.987457
0.987518
0.987579
0.98764
0.987701
0.987762
0.987823
0.987885
0.987946
0.988007
0.988068
0.988129
0.98819
0.988251
0.988312
0.988373
0.988434
0.988495
0.988556
0.988617
0.988678
0.988739
0.9888
0.988861
0.988922
0.988983
0.989014
0.989014
0.989014
0.989014
0.989014
0.989014
0.989014
0.989014
0.989014
0.989014
0.989014
0.989014
0.989014
0.989014
0.989014
0.989014
0.989014
0.989014
0.989014
0.989014
0.989014
0.989014
0.989014
0.989014
0.989014
0.989014
0.989014
0.989014
0.989014
0.989014
0.989014
0.989014
0.989014
0.989014
0.989014
0.989014
0.989014
0.989014
0.989014
0.989014
0.989014
0.989014
0.989014
0.989014
0.989014
0.989014
0.989014
0.989014
0.989014
0.989014
0.989014
0.989014
0.989014
0.989014
0.989014
0.989014
0.989014
0.989044
0.989105
0.989166
0.989227
0.989288
0.989349
0.98941
0.989471
0.989532
0.989594
0.989655
0.989716
0.989777
0.989838
0.989899
0.98996
0.990021
0.990082
0.990143
0.990204
0.990265
0.990326
0.990387
0.990448
0.990486
0.990486
0.990486
0.990486
0.990486
0.990486
0.990486
0.990486
0.990486
0.990486
0.990486
0.990486
0.990486
0.990486
0.990486
0.990486
0.990486
0.990486
0.990486
0.990486
0.990486
0.990486
0.990486
0.990486
0.990486
0.990486
0.990486
0.990486
0.990486
0.990486
0.990486
0.990486
0.990486
0.990486
0.990486
0.990486
0.990486
