0
0
0
0
0
2.28882e-05
8.39235e-05
0.000251769
0.00101471
0.00148773
0.00389099
0.00508118
0.00819397
0.0123444
0.0208054
0.0280609
0.032196
0.0415192
0.0522537
0.0710144
0.0852661
0.100876
0.11779
0.135963
0.155334
0.175827
0.197372
0.219894
0.243332
0.267601
0.292625
0.318344
0.344666
0.371552
0.398903
0.426659
0.454758
0.483139
0.511734
0.540489
0.569344
0.598228
0.627098
0.655914
0.684608
0.713135
0.741425
0.769455
0.79718
0.824532
0.851486
0.878006
0.904037
0.929543
0.954498
0.990814
1.00261
1.02571
1.0591
1.08046
1.10109
1.12097
1.14008
1.15838
1.17587
1.19252
1.20833
1.22328
1.23737
1.25058
1.26292
1.27439
1.28499
1.29472
1.3036
1.31163
1.31882
1.32516
1.33069
1.3354
1.33931
1.34244
1.34479
1.34637
1.34723
1.34735
1.34621
1.34549
1.34232
1.34093
1.3377
1.33385
1.327
1.32442
1.31591
1.31281
1.30625
1.29922
1.28785
1.27975
1.27128
1.26245
1.2579
1.24859
1.23406
1.22405
1.21382
1.20863
1.19278
1.18202
1.17113
1.16013
1.14906
1.13794
1.12677
1.1156
1.10443
1.09332
1.08225
1.07127
1.06039
1.04964
1.03903
1.02859
1.0183
1.00819
0.998283
0.988571
0.979073
0.969795
0.960762
0.947662
0.94342
0.935127
0.92321
0.915627
0.908333
0.901352
0.894676
0.888329
0.882309
0.87661
0.871262
0.866241
0.861565
0.857231
0.853241
0.849594
0.846275
0.8433
0.840652
0.838333
0.836342
0.834663
0.833298
0.832245
0.83149
0.831032
0.830856
0.830971
0.831352
0.832008
0.832924
0.834084
0.835487
0.838036
0.838997
0.842209
0.843384
0.847191
0.848557
0.851418
0.854462
0.857658
0.861008
0.866287
0.868111
0.873764
0.877663
0.88166
0.88575
0.887825
0.89415
0.898438
0.902771
0.90715
0.909348
0.915939
0.92038
0.924805
0.929199
0.933594
0.93795
0.942268
0.946533
0.950737
0.954872
0.958931
0.962914
0.968712
0.970604
0.974304
0.97966
0.9814
0.984787
0.98967
0.991241
0.995796
0.997261
1.0001
1.00283
1.00545
1.00796
1.01036
1.01265
1.01588
1.01691
1.01983
1.02074
1.02335
1.02416
1.02645
1.02785
1.02915
1.03034
1.03143
1.03243
1.03333
1.03413
1.03483
1.03543
1.0357
1.03636
1.03669
1.03693
1.03709
1.03716
1.03715
1.03706
1.03689
1.03664
1.03632
1.03592
1.03545
1.03493
1.03433
1.03368
1.03296
1.03219
1.03136
1.03049
1.02956
1.02859
1.02757
1.02651
1.02541
1.02428
1.02254
1.02193
1.02071
1.01881
1.01817
1.01689
1.01556
1.01355
1.01288
1.01086
1.00945
1.00875
1.00665
1.00594
1.00384
1.00243
1.00103
0.999626
0.998222
0.996819
0.995415
0.994011
0.992607
0.991203
0.989815
0.988472
0.987129
0.985786
0.984444
0.983116
0.981834
0.980553
0.979271
0.978027
0.976807
0.975586
0.973824
0.973244
0.972084
0.970985
0.969887
0.9683
0.967262
0.966278
0.96579
0.964371
0.963913
0.962585
0.961731
0.961327
0.960144
0.959412
0.958702
0.958031
0.957397
0.956787
0.95623
0.955696
0.955208
0.95475
0.954323
0.953949
0.95359
0.953285
0.953011
0.952766
0.952568
0.952385
0.952255
0.952194
0.95208
0.952034
0.952034
0.952049
0.95211
0.952187
0.952309
0.952431
0.952614
0.952797
0.953018
0.953262
0.953514
0.953819
0.954277
0.954445
0.954811
0.955177
0.95575
0.955963
0.95639
0.956818
0.957245
0.95771
0.958199
0.958931
0.959419
0.959663
0.960396
0.960884
0.961143
0.961967
0.962242
0.963066
0.963615
0.964165
0.964714
0.965263
0.965813
0.966362
0.966911
0.967438
0.967926
0.968414
0.968903
0.969391
0.969879
0.970367
0.970856
0.971344
0.971802
0.972229
0.97287
0.973083
0.973724
0.973938
0.974533
0.974716
0.975266
0.975632
0.975815
0.976357
0.976662
0.976967
0.977272
0.977577
0.977882
0.978142
0.978386
0.97863
0.978874
0.979118
0.979332
0.979515
0.979698
0.979881
0.980064
0.980247
0.980377
0.980499
0.980621
0.980743
0.980865
0.980988
0.981064
0.981155
0.981216
0.981277
0.981308
0.981369
0.981438
0.981438
0.981438
0.981438
0.981438
0.981438
0.981438
0.981438
0.981438
0.981392
0.981331
0.98127
0.981209
0.981148
0.981087
0.981026
0.980965
0.980904
0.980843
0.980782
0.980721
0.980659
0.980583
0.980461
0.980339
0.980217
0.980095
0.979973
0.979851
0.979729
0.979607
0.979485
0.979362
0.97924
0.979118
0.978996
0.978874
0.978752
0.97863
0.978508
0.978386
0.978203
0.978081
0.977959
0.977837
0.977715
0.977592
0.97747
0.977409
0.977226
0.977165
0.97702
0.976959
0.976898
0.976868
0.976776
0.976715
0.976654
0.976593
0.976532
0.976471
0.97641
0.976349
0.976288
0.976227
0.976166
0.976105
0.976044
0.975952
0.975891
0.975838
0.975838
0.975838
0.975838
0.975838
0.975838
0.975838
0.975838
0.975838
0.975838
0.975838
0.975838
0.975838
0.975838
0.975838
0.975838
0.975838
0.975838
0.975838
0.975838
0.975891
0.975952
0.976013
0.976074
0.976135
0.976196
0.976257
0.976318
0.976379
0.976471
0.976532
0.976562
0.976624
0.976685
0.976776
0.976837
0.976868
0.976959
0.97702
0.977081
0.977142
0.977203
0.977264
0.977325
0.977386
0.977448
0.977509
0.97757
0.977631
0.977692
0.977753
0.977814
0.977875
0.977936
0.977997
0.978058
0.978119
0.97818
0.978241
0.978302
0.978394
0.978424
0.978485
0.978546
0.978638
0.978668
0.97876
0.97879
0.978882
0.978943
0.978973
0.979065
0.979126
0.979187
0.979248
0.979309
0.97937
0.979431
0.979492
0.979553
0.979614
0.979675
0.979736
0.979797
0.979858
0.979919
0.97998
0.980042
0.980103
0.980164
0.980225
0.980286
0.980347
0.980408
0.980469
0.98053
0.980591
0.980652
0.980713
0.980774
0.980835
0.980896
0.980957
0.981018
0.98111
0.98114
0.981201
0.981293
0.981323
0.981415
0.981445
0.981537
0.981567
0.981628
0.981689
0.98175
0.981842
0.981873
0.981964
0.981995
0.982056
0.982147
0.982208
0.982269
0.98233
0.982391
0.982452
0.982513
0.982574
0.982635
0.982697
0.982758
0.982819
0.98288
0.982941
0.983002
0.983063
0.983124
0.983154
0.983154
0.983154
0.983154
0.983154
0.983154
0.983154
0.983154
0.983154
0.983154
0.983154
0.983154
0.983154
0.983154
0.983154
0.983154
0.983154
0.983154
0.983154
0.983154
0.983154
0.983154
0.983154
0.983154
0.983154
0.983154
0.983154
0.983154
0.983154
0.983154
0.983154
0.983154
0.983154
0.983154
0.983154
0.983154
0.983154
0.983154
0.983154
0.983154
0.983154
0.983154
0.983154
0.983154
0.983154
0.983154
0.983154
0.983154
0.983154
0.983154
0.983154
0.983154
0.983154
0.983154
0.983154
0.983154
0.983154
0.983154
0.983154
0.983154
0.983154
0.983154
0.983215
0.983276
0.983337
0.983398
0.983459
0.983521
0.983582
0.983643
0.983704
0.983765
0.983826
0.983887
0.983948
0.984009
0.98407
0.984131
0.984192
0.984253
0.984314
0.984375
0.984436
0.984497
0.984589
0.98465
0.984711
0.984772
0.984802
0.984894
0.984955
0.985016
0.985077
0.985138
0.985199
0.98526
0.985321
0.985382
0.985443
0.985504
0.985535
0.985565
0.985565
0.985565
0.985565
0.985565
0.985565
0.985565
0.985565
0.985565
0.985565
0.985565
0.985565
0.985565
0.985565
0.985565
0.985565
0.985565
0.985565
0.985565
0.985565
0.985565
0.985565
0.985565
0.985565
0.985565
0.985565
0.985565
0.985565
0.985565
0.985565
0.985565
0.985565
0.985565
0.985565
0.985565
0.985565
0.985565
0.985565
0.985565
0.985565
0.985565
0.985565
0.985565
0.985565
0.985565
0.985565
0.985565
0.985565
0.985573
0.985664
0.985725
0.985786
0.985817
0.985909
0.98597
0.986031
0.986092
0.986153
0.986214
0.986275
0.986336
0.986397
0.986458
0.986519
0.98658
0.986641
0.986702
0.986763
0.986824
0.986885
0.986946
0.987007
0.987068
0.987129
0.98719
0.987282
0.987312
0.987373
0.987411
0.987411
0.987411
0.987411
0.987411
0.987411
0.987411
0.987411
0.987411
0.987411
0.987411
0.987411
0.987411
0.987411
0.987411
0.987411
0.987411
0.987411
0.987411
0.987411
0.987411
0.987411
0.987411
0.987411
0.987411
0.987411
0.987411
0.987411
0.987411
0.987411
0.987411
0.987411
0.987411
0.987411
0.987411
0.987411
0.987411
0.987411
0.987411
0.987411
0.987411
0.987411
0.987411
0.987411
0.987411
0.987411
0.987411
0.987411
0.987411
0.987411
0.987411
0.987411
0.987434
0.987526
0.987587
0.987617
0.987709
0.98777
0.987801
0.987892
0.987953
0.988014
0.988075
0.988106
0.988197
0.988258
0.988319
0.98838
0.988441
0.988503
0.988564
0.988625
0.988686
0.988747
0.988808
0.988869
0.98893
0.988991
0.989052
0.989067
0.989067
0.989067
0.989067
0.989067
0.989067
0.989067
0.989067
0.989067
0.989067
0.989067
0.989067
0.989067
0.989067
0.989067
0.989067
0.989067
0.989067
0.989067
0.989067
0.989067
0.989067
0.989067
0.989067
0.989067
0.989067
0.989067
0.989067
0.989067
0.989067
0.989067
0.989067
0.989067
0.989067
0.989067
0.989067
0.989067
0.989067
0.989067
0.989067
0.989067
0.989067
0.989067
0.989067
0.989067
0.989067
0.989067
0.989067
0.989067
0.989067
0.989067
0.989067
0.989067
0.989067
0.989067
0.989067
0.989067
0.989067
0.989075
0.989105
0.989197
0.989258
0.989319
0.989349
0.989441
0.989502
0.989563
0.989624
0.989685
0.989746
0.989807
0.989868
0.989929
0.98999
0.990051
0.990112
0.990173
0.990234
0.990295
0.990356
0.990417
0.990479
0.99054
0.990578
0.990578
0.990578
0.990578
0.990578
0.990578
0.990578
0.990578
0.990578
0.990578
0.990578
0.990578
0.990578
0.990578
0.990578
0.990578
0.990578
0.990578
0.990578
0.990578
0.990578
0.990578
0.990578
0.990578
0.990578
0.990578
0.990578
0.990578
0.990578
0.990578
0.990578
0.990578
0.990578
0.990578
