0
0
0
0
0
4.57765e-05
0.000137329
0.000411987
0.00100708
0.00210571
0.00388336
0.00650787
0.0101242
0.0148468
0.0207977
0.0280533
0.0366745
0.0466995
0.0581436
0.0779343
0.085228
0.100822
0.117722
0.13588
0.155212
0.186279
0.197144
0.231171
0.242958
0.279526
0.30481
0.330742
0.357246
0.370689
0.411674
0.439461
0.467537
0.495834
0.510048
0.552849
0.581474
0.610077
0.638611
0.667023
0.695267
0.723312
0.764908
0.792282
0.819313
0.845985
0.872246
0.898033
0.923332
0.94812
0.984215
0.995934
1.01888
1.04117
1.06274
1.09373
1.1037
1.12303
1.14158
1.15933
1.18443
1.19239
1.20767
1.22212
1.24221
1.25455
1.2604
1.27667
1.28646
1.29541
1.30351
1.31078
1.31721
1.32012
1.32761
1.33161
1.33482
1.33724
1.33891
1.33983
1.34004
1.33955
1.33837
1.33654
1.33407
1.33097
1.32729
1.32301
1.31819
1.31285
1.30698
1.30065
1.29385
1.28661
1.27896
1.26676
1.25819
1.24928
1.24007
1.23059
1.22086
1.21088
1.20071
1.19037
1.17988
1.16927
1.16393
1.14777
1.13692
1.12606
1.1152
1.10433
1.09349
1.0827
1.07198
1.06136
1.05084
1.04045
1.0302
1.02013
1.01021
1.00048
0.990944
0.981613
0.972488
0.9636
0.954933
0.94651
0.938362
0.930481
0.922867
0.915543
0.908516
0.901787
0.895363
0.889259
0.883461
0.877991
0.872841
0.868019
0.863525
0.859352
0.855507
0.851997
0.848816
0.845947
0.843407
0.840195
0.839279
0.837685
0.836395
0.835403
0.834702
0.83429
0.834167
0.83432
0.835052
0.835861
0.836365
0.838234
0.83976
0.841515
0.843483
0.845657
0.848022
0.850578
0.853317
0.856216
0.859276
0.86248
0.865822
0.869286
0.872871
0.876564
0.880356
0.884239
0.888199
0.892235
0.896324
0.900475
0.904671
0.908882
0.913155
0.917427
0.9217
0.925972
0.930244
0.934471
0.938683
0.942833
0.946938
0.950981
0.954964
0.95887
0.962692
0.968277
0.970093
0.973656
0.977112
0.980476
0.983742
0.986908
0.989967
0.992928
0.995773
0.99852
1.00117
1.00493
1.00732
1.0096
1.0107
1.01283
1.01582
1.01677
1.01947
1.02114
1.02271
1.02418
1.02555
1.02682
1.02801
1.02908
1.03007
1.03095
1.03175
1.03246
1.03307
1.03359
1.03403
1.03437
1.03464
1.03482
1.03492
1.03494
1.03489
1.03475
1.03455
1.03427
1.03393
1.03352
1.03304
1.03251
1.03191
1.03126
1.03055
1.02979
1.02899
1.02814
1.02723
1.02629
1.02531
1.02428
1.02324
1.02214
1.02103
1.01987
1.01812
1.01751
1.01629
1.01507
1.0138
1.01188
1.01124
1.00996
1.00799
1.00732
1.0053
1.00463
1.00262
1.00127
0.999931
0.998589
0.997246
0.995903
0.99456
0.993217
0.991875
0.990555
0.989273
0.987991
0.98671
0.985428
0.984146
0.982918
0.981697
0.980476
0.979256
0.978096
0.976936
0.975777
0.974663
0.973564
0.972466
0.97142
0.970383
0.96936
0.968384
0.967407
0.966484
0.965569
0.964264
0.963837
0.963013
0.962219
0.961456
0.960358
0.960022
0.959351
0.958717
0.958107
0.95755
0.957001
0.956512
0.956039
0.955612
0.955208
0.954666
0.954514
0.954071
0.953827
0.953705
0.953423
0.95327
0.953209
0.953064
0.953003
0.95298
0.95298
0.953018
0.953079
0.953171
0.953293
0.953423
0.953606
0.953789
0.953888
0.954254
0.954498
0.954803
0.955109
0.955414
0.955765
0.956131
0.956497
0.956863
0.957291
0.957718
0.958145
0.958572
0.959
0.959473
0.960205
0.960693
0.961182
0.96167
0.962158
0.962646
0.963135
0.963867
0.964355
0.964844
0.965332
0.96582
0.966309
0.967041
0.967285
0.967773
0.968506
0.968994
0.969482
0.969955
0.970383
0.971024
0.971451
0.971878
0.972305
0.972733
0.973145
0.973511
0.973877
0.974243
0.974609
0.974976
0.975334
0.975639
0.975945
0.976402
0.976707
0.97686
0.97728
0.977524
0.977768
0.978012
0.978256
0.9785
0.978699
0.978882
0.979065
0.979248
0.979431
0.979614
0.979752
0.979874
0.979996
0.980179
0.980301
0.980423
0.980507
0.980568
0.980629
0.98069
0.980782
0.980843
0.980904
0.980934
0.980934
0.980934
0.980934
0.980934
0.980934
0.980934
0.980934
0.980934
0.980911
0.98085
0.98082
0.980728
0.980667
0.980606
0.980545
0.980484
0.980423
0.980362
0.980301
0.98024
0.980148
0.980087
0.980057
0.979996
0.979935
0.979874
0.979813
0.979675
0.979614
0.979431
0.979309
0.979187
0.979065
0.978943
0.978821
0.978699
0.978577
0.978455
0.978333
0.97821
0.978088
0.977966
0.977844
0.977783
0.977722
0.977661
0.97757
0.977539
0.977478
0.977417
0.977356
0.977264
0.977234
0.977142
0.977081
0.977051
0.976959
0.976898
0.976837
0.976776
0.976715
0.976654
0.976593
0.976532
0.976471
0.97641
0.976349
0.976288
0.976288
0.976288
0.976288
0.976288
0.976288
0.976288
0.976288
0.976288
0.976288
0.976288
0.976288
0.976288
0.976288
0.976288
0.976288
0.976288
0.976288
0.976288
0.976288
0.976288
0.976288
0.976288
0.976349
0.97641
0.976471
0.976562
0.976624
0.976685
0.976746
0.976807
0.976837
0.976929
0.97699
0.977051
0.977112
0.977173
0.977234
0.977295
0.977356
0.977417
0.977478
0.977539
0.9776
0.977661
0.977722
0.977783
0.977844
0.977905
0.977966
0.978027
0.978088
0.978149
0.97821
0.978271
0.978333
0.978394
0.978455
0.978516
0.978577
0.978668
0.978699
0.97876
0.978821
0.978912
0.978973
0.979004
0.979065
0.979156
0.979187
0.979248
0.97934
0.979401
0.979462
0.979523
0.979584
0.979645
0.979706
0.979767
0.979828
0.979889
0.97995
0.980011
0.980072
0.980133
0.980194
0.980255
0.980316
0.980377
0.980438
0.980499
0.98056
0.980621
0.980682
0.980743
0.980804
0.980865
0.980927
0.980988
0.981049
0.98111
0.981171
0.981232
0.981293
0.981384
0.981415
0.981476
0.981537
0.981628
0.981659
0.98172
0.981781
0.981842
0.981934
0.981995
0.982025
0.982086
0.982178
0.982239
0.9823
0.982361
0.982422
0.982483
0.982544
0.982605
0.982666
0.982727
0.982788
0.982849
0.98291
0.982971
0.983025
0.983025
0.983025
0.983025
0.983025
0.983025
0.983025
0.983025
0.983025
0.983025
0.983025
0.983025
0.983025
0.983025
0.983025
0.983025
0.983025
0.983025
0.983025
0.983025
0.983025
0.983025
0.983025
0.983025
0.983025
0.983025
0.983025
0.983025
0.983025
0.983025
0.983025
0.983025
0.983025
0.983025
0.983025
0.983025
0.983025
0.983025
0.983025
0.983025
0.983025
0.983025
0.983025
0.983025
0.983025
0.983025
0.983025
0.983025
0.983025
0.983025
0.983025
0.983025
0.983025
0.983025
0.983025
0.983025
0.983025
0.983025
0.983025
0.983047
0.983109
0.9832
0.983231
0.983292
0.983353
0.983414
0.983505
0.983536
0.983597
0.983658
0.983749
0.98381
0.983871
0.983932
0.983994
0.984055
0.984116
0.984177
0.984238
0.984299
0.98436
0.984421
0.984482
0.984543
0.984604
0.984665
0.984726
0.984787
0.984848
0.984909
0.98497
0.985031
0.985092
0.985153
0.985214
0.985275
0.985336
0.985374
0.985374
0.985374
0.985374
0.985374
0.985374
0.985374
0.985374
0.985374
0.985374
0.985374
0.985374
0.985374
0.985374
0.985374
0.985374
0.985374
0.985374
0.985374
0.985374
0.985374
0.985374
0.985374
0.985374
0.985374
0.985374
0.985374
0.985374
0.985374
0.985374
0.985374
0.985374
0.985374
0.985374
0.985374
0.985374
0.985374
0.985374
0.985374
0.985374
0.985374
0.985374
0.985374
0.985374
0.985374
0.985374
0.985397
0.985428
0.985489
0.98555
0.985641
0.985703
0.985733
0.985794
0.985886
0.985916
0.986008
0.986038
0.98613
0.986191
0.986221
0.986313
0.986343
0.986404
0.986496
0.986526
0.986618
0.986679
0.98674
0.986801
0.986862
0.986923
0.986984
0.987045
0.987106
0.987167
0.987167
0.987167
0.987167
0.987167
0.987167
0.987167
0.987167
0.987167
0.987167
0.987167
0.987167
0.987167
0.987167
0.987167
0.987167
0.987167
0.987167
0.987167
0.987167
0.987167
0.987167
0.987167
0.987167
0.987167
0.987167
0.987167
0.987167
0.987167
0.987167
0.987167
0.987167
0.987167
0.987167
0.987167
0.987167
0.987167
0.987167
0.987167
0.987167
0.987167
0.987167
0.987167
0.987167
0.987167
0.987167
0.987167
0.987167
0.987167
0.987175
0.987236
0.987297
0.987358
0.987419
0.98748
0.987541
0.987602
0.987663
0.987724
0.987816
0.987846
0.987907
0.987999
0.988029
0.988121
0.988152
0.988213
0.988274
0.988335
0.988396
0.988487
0.988518
0.988609
0.98864
0.988731
0.988785
0.988785
0.988785
0.988785
0.988785
0.988785
0.988785
0.988785
0.988785
0.988785
0.988785
0.988785
0.988785
0.988785
0.988785
0.988785
0.988785
0.988785
0.988785
0.988785
0.988785
0.988785
0.988785
0.988785
0.988785
0.988785
0.988785
0.988785
0.988785
0.988785
0.988785
0.988785
0.988785
0.988785
0.988785
0.988785
0.988785
0.988785
0.988785
0.988785
0.988785
0.988785
0.988785
0.988785
0.988785
0.988785
0.988785
0.988785
0.988785
0.988785
0.988785
0.988785
0.988785
0.988785
0.988785
0.988785
0.9888
0.988861
0.988922
0.988983
0.989044
0.989105
0.989166
0.989227
0.989288
0.989349
0.98941
0.989471
0.989532
0.989594
0.989655
0.989716
0.989777
0.989838
0.989899
0.98996
0.990021
0.990082
0.990143
0.990204
0.990288
0.990288
0.990288
0.990288
0.990288
0.990288
0.990288
0.990288
0.990288
0.990288
0.990288
0.990288
0.990288
0.990288
0.990288
0.990288
0.990288
0.990288
0.990288
0.990288
0.990288
0.990288
0.990288
0.990288
0.990288
0.990288
0.990288
0.990288
0.990288
0.990288
0.990288
0.990288
0.990288
0.990288
0.990288
0.990288
0.990288
0.990288
0.990288
0.990288
0.990288
0.990288
0.990288
0.990288
0.990288
0.990288
0.990288
0.990288
0.990288
0.990288
0.990288
0.990288
0.990288
0.990288
0.990288
0.990288
