0
3.05177e-05
3.05177e-05
3.05177e-05
3.05177e-05
8.39235e-05
0.000175477
0.000450134
0.00104523
0.00214386
0.00392151
0.00654602
0.0101624
0.0177002
0.024292
0.0322266
0.0415497
0.0522766
0.0644226
0.0779724
0.0928955
0.109154
0.126686
0.145447
0.165367
0.186378
0.208412
0.243225
0.267502
0.279938
0.318306
0.331421
0.371628
0.399055
0.426888
0.455063
0.483505
0.512177
0.541
0.569916
0.598846
0.627754
0.656578
0.685257
0.713745
0.741989
0.769943
0.797562
0.824799
0.851624
0.87796
0.903809
0.941597
0.966072
0.978081
1.00162
1.02451
1.05755
1.06821
1.09906
1.11867
1.13749
1.15552
1.17273
1.18912
1.20469
1.22648
1.23997
1.25261
1.2644
1.27536
1.28548
1.29475
1.30317
1.31075
1.31747
1.32602
1.33069
1.33455
1.33762
1.3399
1.34143
1.3422
1.34225
1.34159
1.34023
1.33694
1.33553
1.33221
1.3283
1.32134
1.31602
1.31019
1.30387
1.29707
1.2898
1.28211
1.27403
1.26558
1.25679
1.24769
1.2383
1.22865
1.21877
1.20866
1.19837
1.18793
1.17734
1.16663
1.15583
1.14497
1.13404
1.12312
1.11219
1.10126
1.09039
1.07957
1.06885
1.05822
1.04771
1.03735
1.02715
1.01711
1.00725
0.997581
0.988106
0.978851
0.969818
0.95668
0.948227
0.940048
0.932129
0.924484
0.91713
0.910065
0.903313
0.896873
0.890747
0.884949
0.879494
0.874367
0.869568
0.865112
0.860985
0.857178
0.853699
0.850548
0.847717
0.845215
0.843025
0.841148
0.839577
0.838303
0.837334
0.836647
0.836243
0.836121
0.836273
0.836998
0.837364
0.83828
0.839439
0.840843
0.843369
0.844315
0.846367
0.849823
0.852356
0.855072
0.856491
0.860992
0.864174
0.8675
0.870949
0.874519
0.878204
0.881981
0.885849
0.889793
0.893806
0.897881
0.902
0.906151
0.910362
0.914574
0.918785
0.922997
0.927208
0.931419
0.935608
0.939758
0.943863
0.947914
0.951904
0.955826
0.959671
0.963432
0.96711
0.972443
0.975883
0.977562
0.98246
0.984039
0.988625
0.991554
0.994377
0.997093
0.999702
1.00221
1.00462
1.0069
1.00909
1.01118
1.01317
1.01505
1.01683
1.01851
1.02009
1.02158
1.02296
1.02426
1.02546
1.02657
1.02758
1.02851
1.02934
1.0301
1.03075
1.03133
1.03181
1.03222
1.03255
1.03279
1.03295
1.03304
1.03305
1.03298
1.03275
1.03252
1.0322
1.03183
1.03162
1.0309
1.03035
1.02974
1.02872
1.02799
1.0272
1.02637
1.0255
1.02458
1.02362
1.02264
1.02161
1.02057
1.01947
1.01837
1.01723
1.01607
1.01491
1.01369
1.01247
1.01125
1.01001
1.00809
1.00681
1.00552
1.00424
1.00296
1.00168
1.0004
0.999115
0.997833
0.996552
0.99527
0.993988
0.992706
0.991425
0.990143
0.988861
0.987579
0.986313
0.985092
0.983871
0.982651
0.98143
0.97966
0.97908
0.977921
0.976761
0.975105
0.974007
0.973457
0.971901
0.970863
0.969872
0.968895
0.967941
0.967026
0.966118
0.965263
0.964417
0.963623
0.962837
0.962105
0.96138
0.960709
0.960052
0.959442
0.958855
0.958305
0.957787
0.957298
0.956848
0.956421
0.955856
0.955673
0.955353
0.955048
0.954674
0.95446
0.954277
0.954185
0.954002
0.953911
0.95385
0.953812
0.953812
0.953827
0.953888
0.953949
0.954071
0.954193
0.954353
0.954536
0.95472
0.954956
0.9552
0.955444
0.95575
0.956055
0.95636
0.956696
0.957062
0.957428
0.957794
0.958168
0.958595
0.959023
0.95945
0.959877
0.960304
0.960732
0.961182
0.96167
0.962402
0.962646
0.963379
0.963623
0.964355
0.964844
0.965332
0.96582
0.966309
0.966797
0.967285
0.967773
0.968262
0.968735
0.969162
0.969589
0.970016
0.970444
0.970871
0.971298
0.971725
0.972153
0.972549
0.972916
0.973282
0.973648
0.974014
0.97438
0.974747
0.975075
0.97538
0.975685
0.97599
0.976295
0.976601
0.976891
0.977135
0.977379
0.977623
0.977867
0.978111
0.978355
0.97863
0.978813
0.978905
0.979179
0.979362
0.979538
0.97966
0.979782
0.979904
0.980026
0.980148
0.98027
0.980377
0.980438
0.980469
0.98056
0.980621
0.980682
0.980743
0.980804
0.980835
0.980835
0.980835
0.980835
0.980835
0.980835
0.980835
0.980835
0.980835
0.980835
0.980804
0.980743
0.980682
0.980621
0.98056
0.980499
0.980438
0.980377
0.980286
0.980255
0.980164
0.980103
0.980042
0.97998
0.979919
0.979858
0.979797
0.979736
0.979675
0.979645
0.979553
0.979492
0.979385
0.979263
0.979141
0.979019
0.978897
0.978775
0.978653
0.978531
0.978409
0.978287
0.97818
0.978119
0.978058
0.977997
0.977936
0.977875
0.977814
0.977753
0.977692
0.977631
0.97757
0.977509
0.977448
0.977386
0.977325
0.977264
0.977203
0.977142
0.977081
0.97702
0.976959
0.976898
0.976837
0.976776
0.976715
0.976654
0.976562
0.976532
0.976471
0.976456
0.976456
0.976456
0.976456
0.976456
0.976456
0.976456
0.976456
0.976456
0.976456
0.976456
0.976456
0.976456
0.976456
0.976456
0.976456
0.976456
0.976456
0.976456
0.976456
0.976456
0.976456
0.976486
0.976547
0.976608
0.976669
0.97673
0.976791
0.976852
0.976913
0.976974
0.977036
0.977127
0.977158
0.977249
0.97728
0.977341
0.977402
0.977463
0.977524
0.977585
0.977646
0.977737
0.977768
0.977859
0.977921
0.977951
0.978043
0.978104
0.978165
0.978226
0.978287
0.978348
0.978409
0.97847
0.978531
0.978592
0.978653
0.978714
0.978775
0.978836
0.978897
0.978928
0.979019
0.97908
0.979141
0.979202
0.979263
0.979324
0.979385
0.979446
0.979507
0.979568
0.97963
0.979691
0.979752
0.979813
0.979874
0.979935
0.979996
0.980057
0.980118
0.980179
0.98024
0.980301
0.980362
0.980423
0.980484
0.980545
0.980606
0.980667
0.980759
0.980789
0.98085
0.980911
0.980972
0.981064
0.981094
0.981155
0.981216
0.981308
0.981369
0.98143
0.981491
0.981552
0.981613
0.981674
0.981735
0.981796
0.981857
0.981918
0.981979
0.98204
0.982101
0.982162
0.982224
0.982285
0.982346
0.982407
0.982468
0.982529
0.98259
0.982651
0.982712
0.982773
0.982864
0.982895
0.982956
0.983017
0.983047
0.983047
0.983047
0.983047
0.983047
0.983047
0.983047
0.983047
0.983047
0.983047
0.983047
0.983047
0.983047
0.983047
0.983047
0.983047
0.983047
0.983047
0.983047
0.983047
0.983047
0.983047
0.983047
0.983047
0.983047
0.983047
0.983047
0.983047
0.983047
0.983047
0.983047
0.983047
0.983047
0.983047
0.983047
0.983047
0.983047
0.983047
0.983047
0.983047
0.983047
0.983047
0.983047
0.983047
0.983047
0.983047
0.983047
0.983047
0.983047
0.983047
0.983047
0.983047
0.983047
0.983047
0.983047
0.983047
0.983047
0.983047
0.98307
0.983131
0.983192
0.983253
0.983315
0.983376
0.983437
0.983498
0.983559
0.98362
0.983681
0.983742
0.983803
0.983864
0.983925
0.983986
0.984047
0.984108
0.984169
0.98423
0.984291
0.984352
0.984413
0.984474
0.984566
0.984627
0.984688
0.984749
0.98481
0.984871
0.984932
0.984993
0.985054
0.985085
0.985176
0.985237
0.985298
0.985359
0.985382
0.985382
0.985382
0.985382
0.985382
0.985382
0.985382
0.985382
0.985382
0.985382
0.985382
0.985382
0.985382
0.985382
0.985382
0.985382
0.985382
0.985382
0.985382
0.985382
0.985382
0.985382
0.985382
0.985382
0.985382
0.985382
0.985382
0.985382
0.985382
0.985382
0.985382
0.985382
0.985382
0.985382
0.985382
0.985382
0.985382
0.985382
0.985382
0.985382
0.985382
0.985382
0.985382
0.985382
0.985382
0.985382
0.985382
0.985435
0.985497
0.985558
0.985619
0.98568
0.985741
0.985802
0.985863
0.985924
0.985985
0.986076
0.986107
0.986198
0.986259
0.98632
0.986382
0.986443
0.986504
0.986565
0.986626
0.986687
0.986748
0.986809
0.98687
0.986931
0.986992
0.987053
0.987114
0.987206
0.987221
0.987221
0.987221
0.987221
0.987221
0.987221
0.987221
0.987221
0.987221
0.987221
0.987221
0.987221
0.987221
0.987221
0.987221
0.987221
0.987221
0.987221
0.987221
0.987221
0.987221
0.987221
0.987221
0.987221
0.987221
0.987221
0.987221
0.987221
0.987221
0.987221
0.987221
0.987221
0.987221
0.987221
0.987221
0.987221
0.987221
0.987221
0.987221
0.987221
0.987221
0.987221
0.987221
0.987221
0.987221
0.987221
0.987221
0.987221
0.987221
0.987221
0.987221
0.987236
0.987297
0.987358
0.987419
0.98748
0.987541
0.987602
0.987663
0.987755
0.987816
0.987877
0.987907
0.987999
0.98806
0.988121
0.988182
0.988243
0.988304
0.988365
0.988426
0.988487
0.988548
0.988609
0.98867
0.988731
0.988792
0.988853
0.988876
0.988876
0.988876
0.988876
0.988876
0.988876
0.988876
0.988876
0.988876
0.988876
0.988876
0.988876
0.988876
0.988876
0.988876
0.988876
0.988876
0.988876
0.988876
0.988876
0.988876
0.988876
0.988876
0.988876
0.988876
0.988876
0.988876
0.988876
0.988876
0.988876
0.988876
0.988876
0.988876
0.988876
0.988876
0.988876
0.988876
0.988876
0.988876
0.988876
0.988876
0.988876
0.988876
0.988876
0.988876
0.988876
0.988876
0.988876
0.988876
0.988876
0.988876
0.988876
0.988876
0.988876
0.988876
0.988876
0.988876
0.988914
0.988976
0.989067
0.989128
0.989189
0.98925
0.989281
0.989372
0.989433
0.989494
0.989555
0.989616
0.989677
0.989738
0.989799
0.989861
0.989922
0.989983
0.990044
0.990105
0.990166
0.990227
0.990288
0.990326
0.990326
0.990326
0.990326
0.990326
0.990326
0.990326
0.990326
0.990326
0.990326
0.990326
0.990326
0.990326
0.990326
0.990326
0.990326
0.990326
0.990326
0.990326
0.990326
0.990326
0.990326
0.990326
0.990326
0.990326
0.990326
0.990326
0.990326
0.990326
0.990326
0.990326
0.990326
0.990326
0.990326
0.990326
0.990326
0.990326
0.990326
0.990326
0.990326
0.990326
0.990326
0.990326
0.990326
0.990326
0.990326
0.990326
0.990326
0.990326
0.990326
0.990326
0.990326
0.990326
