0
0
0
0
0
4.57765e-05
0.000137329
0.000411988
0.000656128
0.0014801
0.00388336
0.00650787
0.0101242
0.0148468
0.0207977
0.0280609
0.0366821
0.0467148
0.0522537
0.0710144
0.0852509
0.100845
0.117744
0.135902
0.155235
0.17569
0.197174
0.219635
0.243011
0.26722
0.292183
0.317818
0.344063
0.370827
0.398079
0.425728
0.453712
0.496178
0.510437
0.539055
0.582138
0.610886
0.639557
0.668121
0.696526
0.724709
0.752617
0.780197
0.807411
0.83419
0.860527
0.886337
0.911606
0.936302
0.960396
0.983864
1.00668
1.02882
1.05025
1.07097
1.09094
1.11015
1.1286
1.14626
1.16313
1.17919
1.19444
1.20888
1.2225
1.2353
1.24727
1.25842
1.26874
1.27824
1.28692
1.29478
1.30185
1.30811
1.31358
1.31827
1.32385
1.32533
1.32774
1.32942
1.33037
1.33062
1.33018
1.32906
1.3273
1.32348
1.32191
1.31831
1.31416
1.30944
1.30422
1.29852
1.28904
1.28216
1.27486
1.26717
1.25912
1.25072
1.242
1.23299
1.22371
1.2142
1.20447
1.19455
1.18447
1.17426
1.16392
1.1535
1.143
1.13245
1.12189
1.11133
1.10077
1.09023
1.07976
1.06936
1.05907
1.04385
1.03387
1.02894
1.01439
1.00491
0.995613
0.986526
0.977646
0.968987
0.960564
0.952385
0.944458
0.940598
0.929413
0.922318
0.915512
0.908997
0.902786
0.896873
0.891273
0.885986
0.881004
0.876343
0.871986
0.867958
0.864235
0.860832
0.857742
0.854958
0.852486
0.850319
0.84845
0.846878
0.845596
0.844604
0.843887
0.843445
0.843262
0.843353
0.843689
0.844269
0.845093
0.846161
0.847443
0.848938
0.850639
0.852547
0.854645
0.856926
0.859375
0.861992
0.864761
0.867683
0.870743
0.873932
0.877243
0.880661
0.884178
0.887794
0.891487
0.895256
0.901039
0.902992
0.90892
0.910912
0.91494
0.920982
0.922997
0.927025
0.933067
0.935081
0.941071
0.945023
0.948929
0.952774
0.956551
0.960258
0.963898
0.967461
0.970932
0.974319
0.977608
0.980804
0.983894
0.986893
0.989784
0.992569
0.995262
0.997849
1.00033
1.00272
1.005
1.00718
1.00926
1.01125
1.01313
1.01492
1.01661
1.0182
1.01971
1.02112
1.02243
1.02365
1.02478
1.02582
1.02676
1.02802
1.0284
1.02909
1.02996
1.0302
1.03083
1.03115
1.03138
1.03153
1.03162
1.03162
1.03156
1.03142
1.03121
1.03094
1.03061
1.03021
1.02975
1.02924
1.02868
1.02806
1.02739
1.02666
1.0259
1.0251
1.02425
1.02335
1.02244
1.02147
1.02049
1.01945
1.01842
1.01733
1.01623
1.01511
1.01395
1.01279
1.01161
1.01039
1.00917
1.00795
1.00673
1.0055
1.00422
1.0023
1.00101
0.999733
0.999092
0.997169
0.995888
0.994606
0.993324
0.992683
0.990761
0.989494
0.988274
0.987053
0.985832
0.984612
0.983391
0.982201
0.981041
0.979881
0.978722
0.977592
0.976494
0.975395
0.974846
0.973282
0.972244
0.971237
0.970261
0.969284
0.968361
0.967445
0.96656
0.965706
0.964867
0.964073
0.963287
0.962555
0.96183
0.961159
0.960495
0.959579
0.959282
0.958733
0.958199
0.95771
0.957031
0.956604
0.956421
0.956055
0.955574
0.955276
0.955032
0.954803
0.95462
0.954453
0.95433
0.954224
0.954163
0.954117
0.954117
0.954117
0.954178
0.954239
0.954346
0.954468
0.954605
0.954788
0.954971
0.955193
0.955437
0.955681
0.955956
0.956261
0.956566
0.956871
0.957237
0.957787
0.95797
0.958336
0.958733
0.95916
0.959587
0.960014
0.960442
0.961082
0.961296
0.961983
0.962471
0.962715
0.963448
0.963936
0.964424
0.964912
0.965157
0.965889
0.966377
0.966866
0.967354
0.967842
0.96833
0.968781
0.969208
0.969635
0.970062
0.97049
0.970917
0.971344
0.971771
0.972198
0.972595
0.972961
0.973328
0.973694
0.97406
0.974609
0.974792
0.975113
0.975418
0.975723
0.976181
0.976334
0.976639
0.977036
0.977158
0.977524
0.977768
0.978012
0.978256
0.978447
0.97863
0.978813
0.978996
0.979179
0.979362
0.979507
0.97963
0.979752
0.979874
0.979996
0.980118
0.98024
0.980309
0.98037
0.980431
0.980492
0.980553
0.980614
0.980675
0.980736
0.980743
0.980743
0.980743
0.980743
0.980743
0.980743
0.980743
0.980743
0.980743
0.980728
0.980667
0.980606
0.980545
0.980484
0.980423
0.980362
0.980301
0.98024
0.980179
0.980118
0.980057
0.979996
0.979935
0.979874
0.979813
0.979752
0.979691
0.97963
0.979568
0.979507
0.979446
0.979385
0.979324
0.979263
0.979202
0.979095
0.978973
0.978851
0.978729
0.978607
0.978539
0.978477
0.978416
0.978355
0.978294
0.978233
0.978172
0.978111
0.97805
0.977989
0.977928
0.977867
0.977806
0.977745
0.977684
0.977592
0.977531
0.977501
0.97744
0.977348
0.977287
0.977226
0.977165
0.977135
0.977043
0.976982
0.976921
0.97686
0.976799
0.976738
0.976677
0.976616
0.976593
0.976593
0.976593
0.976593
0.976593
0.976593
0.976593
0.976593
0.976593
0.976593
0.976593
0.976593
0.976593
0.976593
0.976593
0.976593
0.976593
0.976593
0.976593
0.976593
0.976593
0.976593
0.976593
0.976624
0.976685
0.976746
0.976837
0.976898
0.976959
0.97702
0.977051
0.977142
0.977203
0.977264
0.977325
0.977386
0.977448
0.977509
0.97757
0.977631
0.977692
0.977753
0.977814
0.977875
0.977936
0.977997
0.978058
0.978119
0.97818
0.978241
0.978302
0.978363
0.978424
0.978485
0.978546
0.978607
0.978668
0.97876
0.97879
0.978851
0.978912
0.978973
0.979065
0.979126
0.979156
0.979218
0.979279
0.97937
0.979431
0.979462
0.979523
0.979614
0.979675
0.979736
0.979767
0.979858
0.979919
0.97998
0.97998
0.980103
0.980164
0.980225
0.980286
0.980347
0.980408
0.980469
0.98053
0.980591
0.980652
0.980713
0.980774
0.980835
0.980896
0.980957
0.981049
0.98111
0.981171
0.981232
0.981293
0.981354
0.981415
0.981506
0.981567
0.981628
0.981689
0.98175
0.981812
0.981873
0.981934
0.981995
0.982056
0.982117
0.982208
0.982239
0.9823
0.982391
0.982422
0.982483
0.982544
0.982635
0.982697
0.982758
0.982788
0.98288
0.982941
0.983002
0.983063
0.98307
0.98307
0.98307
0.98307
0.98307
0.98307
0.98307
0.98307
0.98307
0.98307
0.98307
0.98307
0.98307
0.98307
0.98307
0.98307
0.98307
0.98307
0.98307
0.98307
0.98307
0.98307
0.98307
0.98307
0.98307
0.98307
0.98307
0.98307
0.98307
0.98307
0.98307
0.98307
0.98307
0.98307
0.98307
0.98307
0.98307
0.98307
0.98307
0.98307
0.98307
0.98307
0.98307
0.98307
0.98307
0.98307
0.98307
0.98307
0.98307
0.98307
0.98307
0.98307
0.98307
0.98307
0.98307
0.98307
0.98307
0.983086
0.983147
0.983208
0.983269
0.98333
0.983391
0.983452
0.983513
0.983574
0.983635
0.983696
0.983757
0.983818
0.983879
0.983971
0.984001
0.984062
0.984123
0.984215
0.984245
0.984306
0.984367
0.984428
0.984489
0.98455
0.984642
0.984703
0.984764
0.984825
0.984886
0.984947
0.985008
0.985069
0.98513
0.985191
0.985252
0.985344
0.985405
0.985466
0.985466
0.985466
0.985466
0.985466
0.985466
0.985466
0.985466
0.985466
0.985466
0.985466
0.985466
0.985466
0.985466
0.985466
0.985466
0.985466
0.985466
0.985466
0.985466
0.985466
0.985466
0.985466
0.985466
0.985466
0.985466
0.985466
0.985466
0.985466
0.985466
0.985466
0.985466
0.985466
0.985466
0.985466
0.985466
0.985466
0.985466
0.985466
0.985466
0.985466
0.985466
0.985466
0.985466
0.985466
0.985466
0.985466
0.985466
0.985466
0.985504
0.985535
0.985596
0.985657
0.985748
0.985809
0.98584
0.985901
0.985992
0.986023
0.986115
0.986176
0.986237
0.986267
0.986359
0.98642
0.986481
0.986542
0.986603
0.986664
0.986725
0.986786
0.986847
0.986908
0.986969
0.98703
0.987091
0.987152
0.987213
0.987274
0.987305
0.987305
0.987305
0.987305
0.987305
0.987305
0.987305
0.987305
0.987305
0.987305
0.987305
0.987305
0.987305
0.987305
0.987305
0.987305
0.987305
0.987305
0.987305
0.987305
0.987305
0.987305
0.987305
0.987305
0.987305
0.987305
0.987305
0.987305
0.987305
0.987305
0.987305
0.987305
0.987305
0.987305
0.987305
0.987305
0.987305
0.987305
0.987305
0.987305
0.987305
0.987305
0.987305
0.987305
0.987305
0.987305
0.987305
0.987305
0.987305
0.987305
0.987305
0.987343
0.987404
0.987465
0.987556
0.987617
0.987648
0.987709
0.98777
0.987862
0.987892
0.987984
0.988045
0.988075
0.988167
0.988228
0.988289
0.98835
0.988411
0.988472
0.988533
0.988594
0.988655
0.988716
0.988777
0.988838
0.988899
0.988945
0.988945
0.988945
0.988945
0.988945
0.988945
0.988945
0.988945
0.988945
0.988945
0.988945
0.988945
0.988945
0.988945
0.988945
0.988945
0.988945
0.988945
0.988945
0.988945
0.988945
0.988945
0.988945
0.988945
0.988945
0.988945
0.988945
0.988945
0.988945
0.988945
0.988945
0.988945
0.988945
0.988945
0.988945
0.988945
0.988945
0.988945
0.988945
0.988945
0.988945
0.988945
0.988945
0.988945
0.988945
0.988945
0.988945
0.988945
0.988945
0.988945
0.988945
0.988945
0.988945
0.988945
0.988945
0.988945
0.988945
0.988945
0.989014
0.989075
0.989105
0.989197
0.989258
0.989319
0.98938
0.989441
0.989502
0.989563
0.989624
0.989685
0.989746
0.989807
0.989868
0.989929
0.98999
0.990051
0.990112
0.990173
0.990234
0.990295
0.990356
0.990417
0.990425
0.990425
0.990425
0.990425
0.990425
0.990425
0.990425
0.990425
0.990425
0.990425
0.990425
0.990425
0.990425
0.990425
0.990425
0.990425
0.990425
0.990425
0.990425
0.990425
0.990425
0.990425
0.990425
0.990425
0.990425
0.990425
0.990425
0.990425
0.990425
0.990425
0.990425
0.990425
0.990425
0.990425
0.990425
0.990425
0.990425
0.990425
0.990425
0.990425
0.990425
0.990425
0.990425
0.990425
0.990425
0.990425
0.990425
0.990425
