0
0
0
0
0
4.57765e-05
0.000137328
0.000411987
0.00100708
0.00210571
0.00388336
0.00818634
0.0101242
0.0148468
0.0242615
0.032196
0.0366821
0.0467072
0.0643921
0.0779419
0.0928497
0.109085
0.126595
0.145317
0.165176
0.186104
0.208015
0.230858
0.254539
0.278984
0.304115
0.329872
0.356155
0.382919
0.410103
0.43763
0.465454
0.493492
0.52169
0.549995
0.578354
0.606697
0.634987
0.66317
0.691193
0.719025
0.746613
0.773918
0.800888
0.827499
0.853699
0.879425
0.904686
0.929436
0.953636
0.977257
1.00028
1.02267
1.0444
1.06545
1.0858
1.10542
1.13347
1.14243
1.16816
1.17634
1.19967
1.2142
1.22791
1.24077
1.24689
1.26397
1.2743
1.28378
1.29242
1.30022
1.31034
1.31331
1.32098
1.32314
1.32843
1.33099
1.33279
1.33385
1.33419
1.33382
1.33337
1.33103
1.32867
1.32568
1.32208
1.31792
1.31319
1.30796
1.30219
1.29598
1.28931
1.28223
1.27473
1.26688
1.25866
1.25012
1.24129
1.23219
1.22285
1.21329
1.20352
1.19358
1.18349
1.17329
1.16297
1.15257
1.14213
1.13163
1.12113
1.11063
1.10017
1.08974
1.07939
1.06913
1.05898
1.04896
1.03907
1.02934
1.01976
1.01037
1.00115
0.992134
0.983307
0.978973
0.962158
0.958092
0.946236
0.938637
0.93129
0.92421
0.920769
0.914093
0.9077
0.898651
0.892998
0.88765
0.882614
0.877884
0.873466
0.869354
0.865562
0.862083
0.85891
0.856049
0.8535
0.851257
0.849312
0.847672
0.845757
0.844833
0.844193
0.843826
0.843727
0.84388
0.844597
0.845375
0.846382
0.847626
0.849083
0.850754
0.852631
0.853645
0.856964
0.859398
0.861992
0.86335
0.867645
0.870682
0.873856
0.877136
0.880531
0.885818
0.887619
0.891289
0.895035
0.900764
0.902695
0.906601
0.910538
0.916489
0.918472
0.924423
0.928391
0.930374
0.934326
0.940186
0.942108
0.94783
0.949715
0.955254
0.957062
0.962387
0.965836
0.969208
0.972481
0.975677
0.978767
0.981766
0.984673
0.987488
0.990204
0.992821
0.995338
0.998917
1.00119
1.00336
1.00545
1.00743
1.00932
1.01112
1.01282
1.01443
1.01594
1.01736
1.01869
1.01994
1.02109
1.02216
1.02359
1.02402
1.02484
1.02556
1.0262
1.02701
1.02724
1.02765
1.02811
1.02833
1.02847
1.02852
1.02856
1.0285
1.02837
1.02818
1.02792
1.02761
1.02724
1.02682
1.02634
1.0258
1.02522
1.0246
1.02393
1.02322
1.02247
1.02168
1.02084
1.01999
1.01908
1.01768
1.0172
1.01622
1.01469
1.01417
1.01313
1.01148
1.01093
1.00928
1.00871
1.00755
1.00581
1.00523
1.00349
1.00291
1.00175
0.999924
0.998703
0.997482
0.996262
0.995041
0.99382
0.992599
0.991379
0.990196
0.989037
0.987877
0.986717
0.985558
0.984398
0.983238
0.982674
0.981026
0.979927
0.978828
0.97776
0.976723
0.975685
0.974648
0.973671
0.973183
0.971718
0.970802
0.969887
0.968567
0.96814
0.967285
0.966087
0.965691
0.964928
0.964195
0.963142
0.962807
0.962143
0.961533
0.960655
0.960106
0.959831
0.959099
0.958855
0.958214
0.957817
0.957451
0.957115
0.95681
0.956535
0.956291
0.956078
0.955894
0.955734
0.955612
0.955475
0.955414
0.955383
0.955383
0.955391
0.955452
0.955513
0.955673
0.955795
0.955948
0.956131
0.956314
0.956528
0.956772
0.957016
0.957268
0.957573
0.957878
0.958183
0.958488
0.958847
0.959213
0.959579
0.959946
0.960312
0.960686
0.961113
0.96154
0.961967
0.962395
0.962822
0.963249
0.96389
0.964317
0.964531
0.964958
0.965385
0.966026
0.966454
0.966667
0.967308
0.967735
0.968163
0.96859
0.969017
0.969444
0.969872
0.970299
0.970726
0.971146
0.971512
0.971878
0.972244
0.97261
0.972977
0.973343
0.973709
0.974075
0.97438
0.974686
0.974991
0.975296
0.975601
0.975906
0.976204
0.976448
0.976692
0.977058
0.977303
0.977547
0.977791
0.977974
0.978157
0.97834
0.978523
0.978706
0.978889
0.979057
0.979179
0.979301
0.979424
0.979546
0.979668
0.97979
0.979942
0.980003
0.980064
0.980125
0.980186
0.980247
0.980309
0.98037
0.980431
0.980438
0.980438
0.980438
0.980438
0.980438
0.980438
0.980438
0.980438
0.980438
0.980438
0.980431
0.98037
0.980309
0.980247
0.980186
0.980125
0.980064
0.980003
0.979942
0.979881
0.97982
0.979759
0.979668
0.979637
0.979576
0.979485
0.979454
0.979362
0.979301
0.979271
0.979179
0.979149
0.979057
0.978996
0.978966
0.978874
0.978844
0.978752
0.978691
0.97863
0.978569
0.978508
0.978447
0.978386
0.978325
0.978264
0.978203
0.978142
0.978081
0.97802
0.977959
0.977867
0.977806
0.977745
0.977684
0.977623
0.977562
0.977501
0.97744
0.977379
0.977318
0.977257
0.977196
0.977135
0.977074
0.977013
0.976952
0.976891
0.976845
0.976845
0.976845
0.976845
0.976845
0.976845
0.976845
0.976845
0.976845
0.976845
0.976845
0.976845
0.976845
0.976845
0.976845
0.976845
0.976845
0.976845
0.976845
0.976845
0.976845
0.976845
0.976845
0.976845
0.97686
0.976921
0.976982
0.977043
0.977104
0.977196
0.977257
0.977318
0.977379
0.97744
0.977501
0.977562
0.977654
0.977684
0.977745
0.977806
0.977867
0.977928
0.977989
0.978081
0.978142
0.978203
0.978264
0.978325
0.978386
0.978447
0.978508
0.978569
0.97863
0.978691
0.978752
0.978813
0.978905
0.978966
0.979027
0.979088
0.979149
0.97921
0.979271
0.979332
0.979393
0.979454
0.979546
0.979607
0.979668
0.979729
0.97979
0.979851
0.979912
0.979973
0.980034
0.980095
0.980156
0.980217
0.980278
0.980339
0.980431
0.980492
0.980553
0.980614
0.980675
0.980736
0.980797
0.980858
0.980919
0.98098
0.981071
0.981133
0.981194
0.981255
0.981316
0.981377
0.981438
0.981499
0.98156
0.981621
0.981682
0.981773
0.981834
0.981895
0.981956
0.982018
0.982079
0.98214
0.982231
0.982292
0.982323
0.982414
0.982445
0.982536
0.982597
0.982658
0.982719
0.98275
0.982841
0.982903
0.982918
0.982918
0.982918
0.982918
0.982918
0.982918
0.982918
0.982918
0.982918
0.982918
0.982918
0.982918
0.982918
0.982918
0.982918
0.982918
0.982918
0.982918
0.982918
0.982918
0.982918
0.982918
0.982918
0.982918
0.982918
0.982918
0.982918
0.982918
0.982918
0.982918
0.982918
0.982918
0.982918
0.982918
0.982918
0.982918
0.982918
0.982918
0.982918
0.982918
0.982918
0.982918
0.982918
0.982918
0.982918
0.982918
0.982918
0.982918
0.982918
0.982918
0.982918
0.982918
0.982918
0.982918
0.982918
0.983009
0.98307
0.983131
0.983192
0.983253
0.983345
0.983406
0.983467
0.983528
0.983589
0.98365
0.983711
0.983772
0.983833
0.983894
0.983955
0.983986
0.984108
0.984138
0.98423
0.984291
0.984352
0.984413
0.984413
0.984535
0.984627
0.984657
0.984749
0.98481
0.984871
0.984932
0.984993
0.985054
0.985115
0.985176
0.985191
0.985191
0.985191
0.985191
0.985191
0.985191
0.985191
0.985191
0.985191
0.985191
0.985191
0.985191
0.985191
0.985191
0.985191
0.985191
0.985191
0.985191
0.985191
0.985191
0.985191
0.985191
0.985191
0.985191
0.985191
0.985191
0.985191
0.985191
0.985191
0.985191
0.985191
0.985191
0.985191
0.985191
0.985191
0.985191
0.985191
0.985191
0.985191
0.985191
0.985191
0.985191
0.985191
0.985237
0.985298
0.985359
0.98542
0.985481
0.985542
0.985603
0.985664
0.985725
0.985786
0.985847
0.985909
0.98597
0.986031
0.986092
0.986153
0.986214
0.986275
0.986336
0.986397
0.986458
0.986519
0.98658
0.986641
0.986702
0.986763
0.986824
0.986885
0.986946
0.986969
0.986969
0.986969
0.986969
0.986969
0.986969
0.986969
0.986969
0.986969
0.986969
0.986969
0.986969
0.986969
0.986969
0.986969
0.986969
0.986969
0.986969
0.986969
0.986969
0.986969
0.986969
0.986969
0.986969
0.986969
0.986969
0.986969
0.986969
0.986969
0.986969
0.986969
0.986969
0.986969
0.986969
0.986969
0.986969
0.986969
0.986969
0.986969
0.986969
0.986969
0.986969
0.986969
0.986969
0.986969
0.986969
0.986969
0.987007
0.987099
0.987129
0.987221
0.987282
0.987343
0.987404
0.987465
0.987526
0.987587
0.987648
0.987709
0.98777
0.987831
0.987892
0.987953
0.988014
0.988106
0.988136
0.988228
0.988289
0.98835
0.988411
0.988472
0.988533
0.988579
0.988579
0.988579
0.988579
0.988579
0.988579
0.988579
0.988579
0.988579
0.988579
0.988579
0.988579
0.988579
0.988579
0.988579
0.988579
0.988579
0.988579
0.988579
0.988579
0.988579
0.988579
0.988579
0.988579
0.988579
0.988579
0.988579
0.988579
0.988579
0.988579
0.988579
0.988579
0.988579
0.988579
0.988579
0.988579
0.988579
0.988579
0.988579
0.988579
0.988579
0.988579
0.988579
0.988579
0.988579
0.988579
0.988579
0.988579
0.988579
0.988579
0.988579
0.988579
0.988579
0.988586
0.988647
0.988678
0.98877
0.988831
0.988892
0.988953
0.989014
0.989075
0.989136
0.989197
0.989258
0.989319
0.98938
0.989441
0.989502
0.989563
0.989624
0.989685
0.989746
0.989807
0.989868
0.989929
0.98999
0.990051
0.990067
0.990067
0.990067
0.990067
0.990067
0.990067
0.990067
0.990067
0.990067
0.990067
0.990067
0.990067
0.990067
0.990067
0.990067
0.990067
0.990067
0.990067
0.990067
0.990067
0.990067
0.990067
0.990067
0.990067
0.990067
0.990067
0.990067
0.990067
0.990067
0.990067
0.990067
0.990067
0.990067
0.990067
0.990067
0.990067
0.990067
0.990067
0.990067
0.990067
0.990067
0.990067
0.990067
0.990067
0.990067
0.990067
0.990067
0.990067
0.990067
0.990067
0.990067
0.990067
0.990067
0.990067
0.990067
0.990067
0.990067
0.990067
0.990067
0.990067
0.990074
0.990135
0.990196
0.990257
0.990318
0.990379
0.99044
0.990501
0.990562
0.990623
0.990685
0.990746
0.990807
0.990868
0.990929
0.99099
0.991051
0.991112
0.991203
0.991264
0.991295
