0
0
0
0
0
1.52588e-05
7.62928e-05
0.00024414
0.000656127
0.0014801
0.00289917
0.00507355
0.00818634
0.0123367
0.0207977
0.0242615
0.032196
0.0415192
0.0581589
0.064415
0.0779724
0.100883
0.109184
0.12674
0.155334
0.165443
0.18647
0.219887
0.243301
0.267555
0.29258
0.318275
0.344589
0.37146
0.398781
0.426506
0.454544
0.482834
0.51133
0.539948
0.568634
0.597321
0.625984
0.654549
0.682961
0.711182
0.739151
0.766823
0.794159
0.821114
0.847633
0.873726
0.911873
0.936623
0.960793
0.984344
1.00726
1.0295
1.05105
1.08202
1.09197
1.11128
1.12981
1.15611
1.17262
1.18829
1.20314
1.21715
1.23032
1.24265
1.25412
1.26475
1.27453
1.28345
1.29155
1.29881
1.30524
1.31087
1.31779
1.32143
1.3243
1.32641
1.32778
1.32845
1.32851
1.32767
1.32629
1.32426
1.3216
1.31834
1.31451
1.31011
1.3052
1.29975
1.29383
1.28745
1.28063
1.2734
1.26577
1.25778
1.24946
1.24081
1.23188
1.22266
1.21321
1.20354
1.19368
1.18365
1.17347
1.16317
1.14753
1.13702
1.12646
1.1159
1.10534
1.09478
1.08426
1.07381
1.06345
1.0532
1.04308
1.0331
1.02328
1.01363
1.00417
0.994911
0.985847
0.976997
0.968361
0.959969
0.95182
0.943916
0.936272
0.928894
0.918358
0.91169
0.905319
0.899246
0.893486
0.888031
0.882889
0.878067
0.873558
0.86937
0.865501
0.861961
0.858734
0.855827
0.853233
0.850945
0.848961
0.847282
0.845894
0.844795
0.843987
0.843445
0.843178
0.843178
0.843666
0.844307
0.845192
0.846291
0.846931
0.849167
0.850922
0.852875
0.855019
0.857346
0.85984
0.862495
0.866768
0.869797
0.872955
0.876236
0.879623
0.88311
0.886688
0.890343
0.894073
0.897858
0.901703
0.907539
0.911469
0.915436
0.919403
0.92337
0.927338
0.931305
0.935257
0.939163
0.943031
0.948746
0.952477
0.956131
0.959717
0.963226
0.966644
0.969978
0.973221
0.976364
0.979408
0.982361
0.985207
0.987953
0.990601
0.993141
0.99559
0.99794
1.00128
1.0034
1.00542
1.00734
1.00918
1.01176
1.01257
1.01488
1.0163
1.01763
1.01826
1.01946
1.02058
1.02208
1.02297
1.02379
1.02451
1.02515
1.02573
1.02621
1.02662
1.02695
1.02721
1.0274
1.02752
1.02757
1.02754
1.02746
1.02731
1.02709
1.02682
1.02649
1.02611
1.02567
1.02518
1.02464
1.02405
1.02341
1.02274
1.02202
1.02087
1.02006
1.0192
1.01833
1.01741
1.01647
1.0155
1.01452
1.01348
1.01244
1.01141
1.01031
1.00921
1.00811
1.00701
1.00529
1.00471
1.00297
1.00239
1.00123
1.00007
0.998909
0.997169
0.99601
0.99485
0.99427
0.992531
0.991371
0.990211
0.989052
0.987892
0.986732
0.985573
0.984474
0.983376
0.982277
0.981178
0.98008
0.979042
0.978004
0.976967
0.975937
0.97496
0.973984
0.973007
0.972084
0.971169
0.970253
0.968964
0.968536
0.967697
0.966507
0.965729
0.964996
0.964264
0.963585
0.962914
0.96228
0.961975
0.96109
0.960541
0.960022
0.959534
0.959068
0.958641
0.958237
0.95787
0.95752
0.957062
0.956802
0.956558
0.956352
0.956169
0.956017
0.955894
0.955795
0.955734
0.955681
0.955681
0.955681
0.955727
0.955788
0.955864
0.955986
0.956169
0.956352
0.956535
0.956718
0.956963
0.957207
0.957451
0.957726
0.958031
0.958336
0.958641
0.959137
0.959503
0.959869
0.960236
0.960602
0.960968
0.961342
0.961769
0.962196
0.962624
0.963051
0.963692
0.964119
0.964546
0.964973
0.965401
0.965828
0.966255
0.966896
0.96711
0.967537
0.968178
0.968391
0.968819
0.96946
0.969673
0.970276
0.970642
0.971008
0.971375
0.971741
0.972107
0.972473
0.972839
0.973206
0.973534
0.973839
0.974144
0.974449
0.974754
0.975212
0.975365
0.975777
0.976021
0.976143
0.976387
0.976753
0.976997
0.977242
0.977356
0.977631
0.977814
0.977997
0.978088
0.978363
0.978546
0.978699
0.978882
0.979004
0.979126
0.979248
0.97937
0.979492
0.979591
0.979652
0.979713
0.979774
0.979836
0.979897
0.979958
0.980019
0.98008
0.98011
0.98011
0.98011
0.98011
0.98011
0.98011
0.98011
0.98011
0.98011
0.98011
0.98011
0.98011
0.980103
0.980042
0.97998
0.979919
0.979858
0.979797
0.979736
0.979675
0.979614
0.979553
0.979492
0.979431
0.97934
0.979279
0.979218
0.979156
0.979095
0.979034
0.978973
0.978912
0.978851
0.97879
0.978729
0.978668
0.978607
0.978546
0.978485
0.978424
0.978363
0.978302
0.97821
0.97818
0.978088
0.978058
0.977966
0.977936
0.977875
0.977783
0.977722
0.977661
0.977631
0.977539
0.977478
0.977417
0.977386
0.977325
0.977234
0.977173
0.977112
0.977081
0.97702
0.976929
0.976868
0.97683
0.97683
0.97683
0.97683
0.97683
0.97683
0.97683
0.97683
0.97683
0.97683
0.97683
0.97683
0.97683
0.97683
0.97683
0.97683
0.97683
0.97683
0.97683
0.97683
0.97683
0.97683
0.97683
0.97683
0.97683
0.976837
0.976898
0.976959
0.97702
0.977081
0.977142
0.977203
0.977264
0.977325
0.977386
0.977478
0.977539
0.9776
0.977661
0.977722
0.977783
0.977844
0.977905
0.977966
0.978027
0.978088
0.978149
0.97821
0.978271
0.978333
0.978394
0.978455
0.978516
0.978577
0.978638
0.978699
0.97876
0.978851
0.978912
0.978943
0.979004
0.979095
0.979156
0.979218
0.979248
0.97934
0.979401
0.979462
0.979523
0.979584
0.979645
0.979706
0.979767
0.979828
0.979889
0.97995
0.980011
0.980072
0.980133
0.980194
0.980255
0.980316
0.980377
0.980438
0.980499
0.98056
0.980621
0.980682
0.980743
0.980835
0.980896
0.980957
0.981018
0.981079
0.98114
0.981201
0.981262
0.981323
0.981384
0.981445
0.981506
0.981567
0.981628
0.98172
0.981781
0.981842
0.981903
0.981964
0.982025
0.982086
0.982147
0.982208
0.982269
0.982361
0.982391
0.982483
0.982513
0.982574
0.982666
0.982666
0.982666
0.982666
0.982666
0.982666
0.982666
0.982666
0.982666
0.982666
0.982666
0.982666
0.982666
0.982666
0.982666
0.982666
0.982666
0.982666
0.982666
0.982666
0.982666
0.982666
0.982666
0.982666
0.982666
0.982666
0.982666
0.982666
0.982666
0.982666
0.982666
0.982666
0.982666
0.982666
0.982666
0.982666
0.982666
0.982666
0.982666
0.982666
0.982666
0.982666
0.982666
0.982666
0.982666
0.982666
0.982666
0.982666
0.982666
0.982666
0.982666
0.982666
0.982666
0.982681
0.982742
0.982834
0.982864
0.982925
0.983017
0.983047
0.983139
0.98317
0.983261
0.983322
0.983383
0.983414
0.983505
0.983566
0.983627
0.983688
0.983749
0.98381
0.983871
0.983932
0.984024
0.984085
0.984146
0.984207
0.984268
0.984329
0.98439
0.984451
0.984512
0.984573
0.984634
0.984695
0.984756
0.984818
0.984879
0.98494
0.98497
0.98497
0.98497
0.98497
0.98497
0.98497
0.98497
0.98497
0.98497
0.98497
0.98497
0.98497
0.98497
0.98497
0.98497
0.98497
0.98497
0.98497
0.98497
0.98497
0.98497
0.98497
0.98497
0.98497
0.98497
0.98497
0.98497
0.98497
0.98497
0.98497
0.98497
0.98497
0.98497
0.98497
0.98497
0.98497
0.98497
0.98497
0.98497
0.98497
0.98497
0.98497
0.98497
0.98497
0.984993
0.985054
0.985115
0.985176
0.985237
0.985298
0.985359
0.98542
0.985451
0.985542
0.985603
0.985664
0.985725
0.985786
0.985847
0.985909
0.986
0.986061
0.986122
0.986183
0.986244
0.986305
0.986366
0.986427
0.986488
0.986549
0.98661
0.986671
0.986732
0.986763
0.986763
0.986763
0.986763
0.986763
0.986763
0.986763
0.986763
0.986763
0.986763
0.986763
0.986763
0.986763
0.986763
0.986763
0.986763
0.986763
0.986763
0.986763
0.986763
0.986763
0.986763
0.986763
0.986763
0.986763
0.986763
0.986763
0.986763
0.986763
0.986763
0.986763
0.986763
0.986763
0.986763
0.986763
0.986763
0.986763
0.986763
0.986763
0.986763
0.986763
0.986763
0.986763
0.986763
0.986763
0.986794
0.986885
0.986946
0.987007
0.987068
0.987129
0.98719
0.987251
0.987312
0.987373
0.987434
0.987495
0.987556
0.987617
0.987679
0.98774
0.987801
0.987862
0.987923
0.987984
0.988045
0.988106
0.988197
0.988258
0.988319
0.988365
0.988365
0.988365
0.988365
0.988365
0.988365
0.988365
0.988365
0.988365
0.988365
0.988365
0.988365
0.988365
0.988365
0.988365
0.988365
0.988365
0.988365
0.988365
0.988365
0.988365
0.988365
0.988365
0.988365
0.988365
0.988365
0.988365
0.988365
0.988365
0.988365
0.988365
0.988365
0.988365
0.988365
0.988365
0.988365
0.988365
0.988365
0.988365
0.988365
0.988365
0.988365
0.988365
0.988365
0.988365
0.988365
0.988365
0.988365
0.988365
0.988365
0.988365
0.988426
0.988487
0.988548
0.988609
0.988701
0.988762
0.988823
0.988884
0.988976
0.989006
0.989067
0.989128
0.989189
0.98925
0.989342
0.989403
0.989464
0.989525
0.989586
0.989677
0.989708
0.989769
0.98983
0.989861
0.989861
0.989861
0.989861
0.989861
0.989861
0.989861
0.989861
0.989861
0.989861
0.989861
0.989861
0.989861
0.989861
0.989861
0.989861
0.989861
0.989861
0.989861
0.989861
0.989861
0.989861
0.989861
0.989861
0.989861
0.989861
0.989861
0.989861
0.989861
0.989861
0.989861
0.989861
0.989861
0.989861
0.989861
0.989861
0.989861
0.989861
0.989861
0.989861
0.989861
0.989861
0.989861
0.989861
0.989861
0.989861
0.989861
0.989861
0.989861
0.989861
0.989861
0.989861
0.989861
0.989861
0.989861
0.989861
0.989861
0.989861
0.989861
0.989891
0.989952
0.990013
0.990074
0.990135
0.990196
0.990257
0.990318
0.990379
0.99044
0.990501
0.990562
0.990623
0.990685
0.990746
0.990807
0.990868
0.990929
0.99099
0.991051
0.991142
0.991173
0.991264
0.991295
0.991295
0.991295
0.991295
0.991295
0.991295
0.991295
0.991295
0.991295
0.991295
0.991295
0.991295
0.991295
