0
0
0
0
1.52588e-05
7.62928e-05
0.00024414
0.000656127
0.0014801
0.00289917
0.00507355
0.0101242
0.0123367
0.017662
0.0280609
0.032196
0.0467148
0.0581589
0.0644073
0.0852661
0.100876
0.11779
0.135948
0.145485
0.175781
0.197311
0.219818
0.243217
0.267433
0.305161
0.331131
0.357674
0.384727
0.412201
0.440033
0.454063
0.496483
0.524963
0.553528
0.582092
0.610641
0.639114
0.667442
0.695595
0.723518
0.75116
0.778481
0.818779
0.832008
0.871056
0.896477
0.92141
0.945801
0.969612
1.00421
1.02647
1.04803
1.06891
1.08905
1.10843
1.12704
1.14487
1.1619
1.17812
1.20094
1.21511
1.22847
1.24099
1.25269
1.26355
1.27358
1.28278
1.29115
1.30213
1.30843
1.31391
1.3186
1.32249
1.32561
1.32796
1.32957
1.33046
1.33062
1.32957
1.32802
1.32583
1.32301
1.31766
1.31559
1.31104
1.30321
1.30035
1.29428
1.2843
1.27711
1.26955
1.2616
1.25333
1.24473
1.23583
1.22668
1.21729
1.20768
1.19789
1.18793
1.17276
1.16764
1.15215
1.14172
1.13125
1.12075
1.11025
1.09451
1.08408
1.07889
1.06343
1.05833
1.0432
1.0333
1.02357
1.014
1.00462
0.995445
0.986481
0.977745
0.969231
0.96096
0.952965
0.945213
0.937737
0.930534
0.923607
0.916962
0.910606
0.904549
0.898781
0.893318
0.888153
0.883293
0.876572
0.872482
0.868698
0.865219
0.862038
0.859161
0.856583
0.854309
0.852325
0.850632
0.849236
0.848122
0.847282
0.846542
0.846428
0.846397
0.846809
0.847069
0.848213
0.848717
0.849876
0.852013
0.852829
0.854614
0.857635
0.858734
0.862289
0.864861
0.867577
0.87043
0.873421
0.876534
0.879761
0.883087
0.88652
0.890038
0.893631
0.897301
0.901031
0.904816
0.908646
0.912491
0.916397
0.920303
0.92421
0.930069
0.933975
0.937866
0.941711
0.945526
0.949295
0.951157
0.956642
0.960213
0.963715
0.968803
0.972076
0.975273
0.978363
0.981377
0.984283
0.987099
0.989815
0.992416
0.994926
0.997337
0.999649
1.00187
1.00398
1.006
1.00793
1.00975
1.01149
1.01392
1.01543
1.01615
1.01752
1.01881
1.02001
1.02164
1.02264
1.02353
1.02435
1.02472
1.02573
1.0263
1.0268
1.02721
1.02756
1.02782
1.02802
1.02814
1.02818
1.02817
1.02802
1.02794
1.02773
1.0273
1.02694
1.02652
1.02605
1.02554
1.02497
1.02436
1.02369
1.02262
1.02225
1.02146
1.02021
1.01978
1.01889
1.01797
1.01653
1.01555
1.01452
1.01348
1.01244
1.01189
1.01024
1.00914
1.00801
1.00685
1.00569
1.00453
1.00337
1.00221
1.00105
0.999268
0.998047
0.996826
0.995605
0.994385
0.993164
0.991974
0.990814
0.989655
0.988495
0.987335
0.986176
0.985016
0.983856
0.982742
0.981644
0.980545
0.979446
0.978355
0.977318
0.97628
0.975243
0.974236
0.973259
0.972282
0.971329
0.970413
0.969498
0.968613
0.967331
0.966904
0.96611
0.964928
0.964195
0.963829
0.962784
0.962112
0.961784
0.960869
0.960297
0.959747
0.959473
0.95874
0.958282
0.957855
0.957458
0.957092
0.956764
0.956459
0.956192
0.955948
0.955734
0.955551
0.955399
0.955276
0.955147
0.955116
0.955063
0.955063
0.955063
0.955139
0.9552
0.955254
0.955437
0.955566
0.95575
0.955933
0.956024
0.956375
0.956619
0.956863
0.957161
0.957466
0.957771
0.958076
0.958427
0.958794
0.95916
0.959526
0.959892
0.960266
0.960693
0.961121
0.961548
0.961975
0.962402
0.96283
0.96347
0.963898
0.964325
0.964752
0.965179
0.965393
0.966034
0.966461
0.966888
0.967316
0.967743
0.96817
0.968597
0.969025
0.969452
0.969879
0.970306
0.970734
0.971153
0.971519
0.971886
0.972252
0.972618
0.972984
0.973534
0.9739
0.974236
0.974541
0.974846
0.975151
0.975456
0.975761
0.976067
0.976326
0.97657
0.976814
0.977058
0.977303
0.977547
0.977867
0.977959
0.978142
0.978325
0.9786
0.978783
0.978966
0.979095
0.979218
0.97934
0.979462
0.979584
0.979706
0.979828
0.979912
0.979973
0.980034
0.980095
0.980156
0.980217
0.980278
0.980339
0.980392
0.980392
0.980392
0.980392
0.980392
0.980392
0.980392
0.980392
0.980392
0.980392
0.980392
0.980392
0.980347
0.980286
0.980225
0.980164
0.980103
0.980042
0.97998
0.979919
0.979858
0.979767
0.979736
0.979675
0.979584
0.979553
0.979492
0.979431
0.97937
0.979279
0.979248
0.979156
0.979095
0.979034
0.978973
0.978912
0.978851
0.97879
0.978729
0.978668
0.978607
0.978546
0.978485
0.978424
0.978363
0.978302
0.978241
0.97818
0.978119
0.978058
0.977997
0.977936
0.977875
0.977814
0.977753
0.977692
0.977631
0.97757
0.977509
0.977448
0.977386
0.977325
0.977264
0.977203
0.977142
0.977081
0.97702
0.976959
0.976898
0.976837
0.976776
0.976776
0.976776
0.976776
0.976776
0.976776
0.976776
0.976776
0.976776
0.976776
0.976776
0.976776
0.976776
0.976776
0.976776
0.976776
0.976776
0.976776
0.976776
0.976776
0.976776
0.976776
0.976776
0.976776
0.976822
0.976883
0.976944
0.977036
0.977097
0.977158
0.977219
0.97728
0.977341
0.977432
0.977493
0.977554
0.977615
0.977676
0.977737
0.977798
0.977859
0.977921
0.977982
0.978043
0.978104
0.978165
0.978226
0.978287
0.978348
0.978439
0.9785
0.978561
0.978622
0.978683
0.978745
0.978806
0.978867
0.978928
0.978989
0.97905
0.979111
0.979172
0.979263
0.979324
0.979385
0.979446
0.979477
0.979568
0.97963
0.979691
0.979752
0.979813
0.979874
0.979935
0.979996
0.980057
0.980118
0.980179
0.98024
0.980301
0.980392
0.980423
0.980484
0.980545
0.980606
0.980698
0.980759
0.980789
0.980881
0.980942
0.981003
0.981064
0.981125
0.981186
0.981247
0.981308
0.981369
0.98143
0.981491
0.981552
0.981613
0.981674
0.981735
0.981796
0.981857
0.981918
0.981979
0.98204
0.982101
0.982162
0.982224
0.982285
0.982346
0.982437
0.982498
0.982559
0.98262
0.982681
0.982742
0.982803
0.982864
0.982925
0.982941
0.982941
0.982941
0.982941
0.982941
0.982941
0.982941
0.982941
0.982941
0.982941
0.982941
0.982941
0.982941
0.982941
0.982941
0.982941
0.982941
0.982941
0.982941
0.982941
0.982941
0.982941
0.982941
0.982941
0.982941
0.982941
0.982941
0.982941
0.982941
0.982941
0.982941
0.982941
0.982941
0.982941
0.982941
0.982941
0.982941
0.982941
0.982941
0.982941
0.982941
0.982941
0.982941
0.982941
0.982941
0.982941
0.982941
0.982941
0.982941
0.982941
0.982941
0.982941
0.982941
0.982941
0.982941
0.982979
0.98304
0.983101
0.983162
0.983223
0.983284
0.983345
0.983406
0.983467
0.983528
0.983589
0.983681
0.983742
0.983803
0.983864
0.983925
0.983986
0.984047
0.984108
0.984169
0.98423
0.984291
0.984352
0.984413
0.984474
0.984535
0.984596
0.984657
0.984718
0.984779
0.98484
0.984901
0.984962
0.985023
0.985085
0.985146
0.985207
0.985268
0.985283
0.985283
0.985283
0.985283
0.985283
0.985283
0.985283
0.985283
0.985283
0.985283
0.985283
0.985283
0.985283
0.985283
0.985283
0.985283
0.985283
0.985283
0.985283
0.985283
0.985283
0.985283
0.985283
0.985283
0.985283
0.985283
0.985283
0.985283
0.985283
0.985283
0.985283
0.985283
0.985283
0.985283
0.985283
0.985283
0.985283
0.985283
0.985283
0.985283
0.985283
0.985283
0.985283
0.985283
0.985283
0.985283
0.985298
0.98539
0.98542
0.985512
0.985573
0.985634
0.985695
0.985786
0.985847
0.985909
0.98597
0.986031
0.986092
0.986153
0.986214
0.986275
0.986336
0.986397
0.986458
0.986519
0.98658
0.986671
0.986732
0.986794
0.986855
0.986916
0.986977
0.987038
0.987099
0.987099
0.987099
0.987099
0.987099
0.987099
0.987099
0.987099
0.987099
0.987099
0.987099
0.987099
0.987099
0.987099
0.987099
0.987099
0.987099
0.987099
0.987099
0.987099
0.987099
0.987099
0.987099
0.987099
0.987099
0.987099
0.987099
0.987099
0.987099
0.987099
0.987099
0.987099
0.987099
0.987099
0.987099
0.987099
0.987099
0.987099
0.987099
0.987099
0.987099
0.987099
0.987099
0.987099
0.987099
0.987099
0.987099
0.987099
0.987099
0.987114
0.987175
0.987236
0.987297
0.987358
0.987419
0.98748
0.987572
0.987633
0.987694
0.987755
0.987816
0.987877
0.987938
0.987999
0.98806
0.988121
0.988182
0.988243
0.988304
0.988365
0.988426
0.988518
0.988579
0.98864
0.988701
0.988716
0.988716
0.988716
0.988716
0.988716
0.988716
0.988716
0.988716
0.988716
0.988716
0.988716
0.988716
0.988716
0.988716
0.988716
0.988716
0.988716
0.988716
0.988716
0.988716
0.988716
0.988716
0.988716
0.988716
0.988716
0.988716
0.988716
0.988716
0.988716
0.988716
0.988716
0.988716
0.988716
0.988716
0.988716
0.988716
0.988716
0.988716
0.988716
0.988716
0.988716
0.988716
0.988716
0.988716
0.988716
0.988716
0.988716
0.988716
0.988716
0.988716
0.988716
0.988716
0.988716
0.988716
0.988716
0.988762
0.988823
0.988884
0.988945
0.989006
0.989067
0.989128
0.989189
0.98925
0.989311
0.989372
0.989433
0.989494
0.989555
0.989616
0.989677
0.989738
0.989799
0.989861
0.989922
0.989983
0.990044
0.990105
0.990166
0.990227
0.990257
0.990257
0.990257
0.990257
0.990257
0.990257
0.990257
0.990257
0.990257
0.990257
0.990257
0.990257
0.990257
0.990257
0.990257
0.990257
0.990257
0.990257
0.990257
0.990257
0.990257
0.990257
0.990257
0.990257
0.990257
0.990257
0.990257
0.990257
0.990257
0.990257
0.990257
0.990257
0.990257
0.990257
0.990257
0.990257
0.990257
0.990257
0.990257
0.990257
0.990257
0.990257
0.990257
0.990257
0.990257
0.990257
0.990257
0.990257
0.990257
0.990257
0.990257
0.990257
0.990257
0.990257
0.990257
0.990257
0.990257
0.990257
0.990257
0.990257
0.990257
0.990257
0.990257
0.990257
0.990257
0.990311
0.990372
0.990433
0.990494
0.990555
0.990616
0.990677
