0
0
0
0
0
4.57765e-05
0.000137329
0.000411987
0.00100708
0.00210571
0.00388336
0.00650787
0.0101242
0.0148468
0.0207977
0.0280609
0.0366821
0.0467148
0.0581589
0.0710068
0.0852432
0.100838
0.117729
0.135857
0.165253
0.175598
0.197083
0.219528
0.254837
0.279366
0.304588
0.330444
0.356842
0.383728
0.411034
0.438675
0.466568
0.494652
0.537025
0.565346
0.593666
0.621948
0.650131
0.678177
0.706039
0.73365
0.760971
0.787949
0.814545
0.853592
0.879013
0.903946
0.916199
0.95211
0.975296
0.997841
1.01971
1.04088
1.06133
1.08107
1.10008
1.11835
1.13585
1.16067
1.16856
1.19102
1.205
1.21818
1.23055
1.2421
1.25284
1.26276
1.27608
1.28394
1.29099
1.29723
1.30266
1.30731
1.31118
1.31428
1.31663
1.31824
1.31913
1.31931
1.31882
1.31766
1.31586
1.31345
1.31046
1.30688
1.30276
1.29811
1.29295
1.28735
1.28128
1.2748
1.26791
1.26064
1.25302
1.24506
1.23681
1.22826
1.21947
1.21043
1.20118
1.19173
1.18212
1.17236
1.16246
1.15247
1.13731
1.13224
1.11695
1.11185
1.10166
1.09147
1.08133
1.06625
1.06126
1.04647
1.03677
1.02719
1.01777
1.00851
0.999428
0.990532
0.981842
0.973373
0.965134
0.957138
0.949387
0.938248
0.934669
0.924347
0.917824
0.911583
0.905632
0.899986
0.894638
0.889595
0.88485
0.878304
0.874321
0.870636
0.867256
0.864174
0.861389
0.858902
0.856712
0.854813
0.852509
0.851326
0.850418
0.849785
0.849419
0.849312
0.849464
0.849861
0.850502
0.851364
0.852448
0.853752
0.855263
0.856972
0.858864
0.860939
0.86319
0.865601
0.868156
0.870857
0.873695
0.876656
0.879738
0.882935
0.886223
0.88961
0.893074
0.896622
0.900238
0.905769
0.909508
0.9114
0.917091
0.920937
0.924782
0.928627
0.932472
0.936272
0.940056
0.943787
0.94931
0.952911
0.956444
0.959908
0.963295
0.966606
0.969818
0.972954
0.975983
0.980354
0.981758
0.984497
0.987144
0.990921
0.993332
0.994499
0.997864
0.999977
1.00201
1.00394
1.00579
1.00754
1.00921
1.01078
1.01298
1.01434
1.01559
1.01678
1.01788
1.01889
1.01983
1.02067
1.02179
1.02244
1.02301
1.02351
1.02392
1.02426
1.02454
1.02474
1.02488
1.02495
1.02495
1.02489
1.02477
1.02458
1.02434
1.02387
1.0235
1.02307
1.02259
1.02207
1.02151
1.0209
1.02025
1.01957
1.01884
1.01768
1.01729
1.01646
1.01518
1.01427
1.01336
1.0129
1.01144
1.01047
1.00948
1.00844
1.0074
1.00636
1.00532
1.00367
1.00257
1.00147
1.00037
0.999275
0.998177
0.997078
0.995979
0.994881
0.993233
0.992134
0.991035
0.989937
0.988838
0.98774
0.986641
0.985542
0.984444
0.983391
0.982353
0.981316
0.980278
0.97924
0.978249
0.977272
0.976295
0.975319
0.974396
0.97348
0.972565
0.971687
0.970833
0.969978
0.969162
0.968369
0.967575
0.966843
0.96611
0.965408
0.964737
0.963768
0.963158
0.962563
0.962013
0.961464
0.960976
0.960487
0.960052
0.959625
0.959244
0.958878
0.958549
0.958092
0.957962
0.957596
0.957397
0.957214
0.957054
0.956932
0.956787
0.956726
0.956673
0.956673
0.956673
0.956711
0.956772
0.956886
0.956947
0.95713
0.957191
0.957367
0.95755
0.957733
0.958069
0.958191
0.958557
0.958809
0.959114
0.959419
0.959724
0.96003
0.960335
0.960701
0.961067
0.961433
0.9618
0.962166
0.962532
0.962898
0.963264
0.963631
0.964005
0.964432
0.964859
0.965286
0.965714
0.966141
0.966568
0.966995
0.967422
0.96785
0.968246
0.968613
0.969162
0.969528
0.969894
0.970261
0.970627
0.970993
0.971359
0.971725
0.972092
0.972458
0.972763
0.973068
0.973373
0.973679
0.973984
0.974289
0.974747
0.974899
0.975151
0.975517
0.975761
0.976006
0.976128
0.976494
0.976738
0.976845
0.977119
0.977303
0.977486
0.977669
0.977852
0.978035
0.97821
0.978333
0.978455
0.978577
0.978699
0.978821
0.978943
0.979065
0.979187
0.979248
0.97934
0.979401
0.979462
0.979523
0.979584
0.979645
0.979736
0.979767
0.979767
0.979767
0.979767
0.979767
0.979767
0.979767
0.979767
0.979767
0.979767
0.979767
0.979767
0.979767
0.979736
0.979675
0.979614
0.979553
0.979492
0.979431
0.97937
0.979309
0.979248
0.979187
0.979126
0.979065
0.979004
0.978912
0.978851
0.978821
0.978729
0.978668
0.978607
0.978546
0.978485
0.978424
0.978363
0.978302
0.978241
0.97821
0.978119
0.978058
0.977997
0.977936
0.977875
0.977814
0.977753
0.977692
0.977631
0.97757
0.977509
0.977448
0.977386
0.977325
0.977264
0.977203
0.977142
0.977051
0.97702
0.976959
0.976898
0.976837
0.976837
0.976837
0.976837
0.976837
0.976837
0.976837
0.976837
0.976837
0.976837
0.976837
0.976837
0.976837
0.976837
0.976837
0.976837
0.976837
0.976837
0.976837
0.976837
0.976837
0.976837
0.976837
0.976837
0.976837
0.976837
0.976837
0.976837
0.976875
0.976936
0.976997
0.977058
0.977119
0.97718
0.977242
0.977303
0.977364
0.977425
0.977516
0.977547
0.977638
0.977669
0.97773
0.977821
0.977882
0.977943
0.978004
0.978035
0.978096
0.978188
0.978249
0.978279
0.978371
0.978432
0.978493
0.978554
0.978615
0.978676
0.978737
0.978798
0.978859
0.97892
0.978981
0.979042
0.979134
0.979164
0.979225
0.979286
0.979378
0.979439
0.9795
0.979561
0.979622
0.979683
0.979744
0.979805
0.979866
0.979927
0.979988
0.980049
0.98011
0.980171
0.980232
0.980293
0.980385
0.980446
0.980476
0.980568
0.980629
0.98069
0.980751
0.980812
0.980873
0.980934
0.980995
0.981056
0.981117
0.981209
0.981239
0.9813
0.981392
0.981453
0.981483
0.981575
0.981636
0.981697
0.981758
0.981789
0.98188
0.981941
0.982002
0.982063
0.982124
0.982185
0.982246
0.982307
0.982368
0.98243
0.982491
0.982506
0.982506
0.982506
0.982506
0.982506
0.982506
0.982506
0.982506
0.982506
0.982506
0.982506
0.982506
0.982506
0.982506
0.982506
0.982506
0.982506
0.982506
0.982506
0.982506
0.982506
0.982506
0.982506
0.982506
0.982506
0.982506
0.982506
0.982506
0.982506
0.982506
0.982506
0.982506
0.982506
0.982506
0.982506
0.982506
0.982506
0.982506
0.982506
0.982506
0.982506
0.982506
0.982506
0.982506
0.982506
0.982506
0.982506
0.982506
0.982506
0.982506
0.982506
0.982521
0.982582
0.982643
0.982704
0.982765
0.982857
0.982918
0.982979
0.98304
0.983101
0.983162
0.983223
0.983284
0.983345
0.983406
0.983467
0.983528
0.983559
0.98365
0.983711
0.983772
0.983833
0.983894
0.983955
0.984016
0.984077
0.984138
0.9842
0.984261
0.984322
0.984383
0.984444
0.984535
0.984566
0.984627
0.984688
0.984749
0.984787
0.984787
0.984787
0.984787
0.984787
0.984787
0.984787
0.984787
0.984787
0.984787
0.984787
0.984787
0.984787
0.984787
0.984787
0.984787
0.984787
0.984787
0.984787
0.984787
0.984787
0.984787
0.984787
0.984787
0.984787
0.984787
0.984787
0.984787
0.984787
0.984787
0.984787
0.984787
0.984787
0.984787
0.984787
0.984787
0.984787
0.984787
0.984787
0.984787
0.984787
0.984787
0.984787
0.984833
0.984894
0.984955
0.985016
0.985077
0.985138
0.985199
0.985291
0.985352
0.985413
0.985474
0.985535
0.985596
0.985657
0.985718
0.985779
0.98584
0.985901
0.985962
0.986053
0.986084
0.986176
0.986206
0.986298
0.986359
0.98642
0.986481
0.986542
0.98658
0.98658
0.98658
0.98658
0.98658
0.98658
0.98658
0.98658
0.98658
0.98658
0.98658
0.98658
0.98658
0.98658
0.98658
0.98658
0.98658
0.98658
0.98658
0.98658
0.98658
0.98658
0.98658
0.98658
0.98658
0.98658
0.98658
0.98658
0.98658
0.98658
0.98658
0.98658
0.98658
0.98658
0.98658
0.98658
0.98658
0.98658
0.98658
0.98658
0.98658
0.98658
0.98658
0.98658
0.98658
0.98658
0.986641
0.986702
0.986763
0.986824
0.986885
0.986946
0.987007
0.987068
0.987129
0.987221
0.987251
0.987343
0.987373
0.987434
0.987526
0.987556
0.987648
0.987679
0.98777
0.987831
0.987862
0.987953
0.987984
0.988045
0.988136
0.988182
0.988182
0.988182
0.988182
0.988182
0.988182
0.988182
0.988182
0.988182
0.988182
0.988182
0.988182
0.988182
0.988182
0.988182
0.988182
0.988182
0.988182
0.988182
0.988182
0.988182
0.988182
0.988182
0.988182
0.988182
0.988182
0.988182
0.988182
0.988182
0.988182
0.988182
0.988182
0.988182
0.988182
0.988182
0.988182
0.988182
0.988182
0.988182
0.988182
0.988182
0.988182
0.988182
0.988182
0.988182
0.988182
0.988182
0.988182
0.988182
0.988182
0.988182
0.988243
0.988335
0.988396
0.988457
0.988518
0.988548
0.98864
0.988701
0.988762
0.988823
0.988884
0.988945
0.989006
0.989098
0.989128
0.98922
0.989281
0.989342
0.989403
0.989464
0.989525
0.989586
0.989662
0.989662
0.989662
0.989662
0.989662
0.989662
0.989662
0.989662
0.989662
0.989662
0.989662
0.989662
0.989662
0.989662
0.989662
0.989662
0.989662
0.989662
0.989662
0.989662
0.989662
0.989662
0.989662
0.989662
0.989662
0.989662
0.989662
0.989662
0.989662
0.989662
0.989662
0.989662
0.989662
0.989662
0.989662
0.989662
0.989662
0.989662
0.989662
0.989662
0.989662
0.989662
0.989662
0.989662
0.989662
0.989662
0.989662
0.989662
0.989662
0.989662
0.989662
0.989662
0.989662
0.989662
0.989662
0.989662
0.989662
0.989662
0.989708
0.989738
0.98983
0.989891
0.989952
0.990013
0.990074
0.990135
0.990196
0.990257
0.990318
0.990379
0.990471
0.990532
0.990593
0.990654
0.990715
0.990776
0.990837
0.990898
0.990959
0.99102
0.991058
0.991058
0.991058
0.991058
0.991058
0.991058
0.991058
0.991058
0.991058
0.991058
0.991058
0.991058
0.991058
0.991058
0.991058
0.991058
0.991058
0.991058
0.991058
0.991058
0.991058
0.991058
0.991058
0.991058
0.991058
