0
0
0
0
1.52588e-05
7.62941e-05
0.00024414
0.000656128
0.0014801
0.00289917
0.00507355
0.00818634
0.0123367
0.017662
0.0242615
0.032196
0.0415192
0.0522537
0.064415
0.07798
0.0929184
0.109192
0.126755
0.145538
0.165489
0.186523
0.208557
0.23156
0.25544
0.280121
0.305527
0.331581
0.358223
0.385384
0.412987
0.440971
0.469269
0.49781
0.540955
0.569847
0.598778
0.613243
0.656525
0.685219
0.713722
0.741982
0.769936
0.797539
0.824745
0.851509
0.877785
0.903534
0.928719
0.9533
0.977264
1.00057
1.0232
1.04513
1.06634
1.08679
1.10648
1.12539
1.15226
1.16916
1.18523
1.20046
1.21485
1.2284
1.2411
1.25853
1.26907
1.27876
1.28759
1.29557
1.3027
1.309
1.31447
1.31911
1.32297
1.32603
1.32832
1.32985
1.33064
1.33071
1.33009
1.3288
1.32684
1.32426
1.32108
1.31729
1.31295
1.30807
1.30267
1.29366
1.28709
1.28009
1.2727
1.26492
1.25678
1.24833
1.23958
1.23055
1.22127
1.21178
1.20209
1.19223
1.18221
1.17207
1.1618
1.15146
1.14104
1.1306
1.1201
1.1096
1.09912
1.08868
1.0783
1.068
1.05779
1.04769
1.03773
1.02791
1.01826
1.00408
0.994865
0.985847
0.977028
0.968414
0.960022
0.951874
0.94397
0.936325
0.932602
0.92186
0.915054
0.908554
0.902351
0.896461
0.890884
0.885612
0.880661
0.876022
0.871704
0.867699
0.864014
0.860641
0.85759
0.854843
0.852409
0.850281
0.848457
0.846924
0.845688
0.844734
0.844063
0.843575
0.843575
0.843842
0.84436
0.845123
0.846123
0.847343
0.848785
0.850441
0.852295
0.855438
0.857765
0.86026
0.862915
0.86573
0.868683
0.871773
0.874992
0.878319
0.88176
0.885284
0.888901
0.892593
0.898254
0.9021
0.905998
0.909912
0.913879
0.917847
0.921814
0.925781
0.929749
0.933693
0.937599
0.94146
0.945274
0.949028
0.952721
0.956345
0.9599
0.963364
0.966751
0.970055
0.973267
0.976387
0.979416
0.982353
0.986572
0.989265
0.991867
0.994377
0.996788
0.9991
1.00132
1.00343
1.00546
1.00739
1.00923
1.01097
1.01262
1.01418
1.01564
1.01701
1.01891
1.02007
1.02113
1.02212
1.02301
1.02383
1.02456
1.02521
1.02578
1.02627
1.02667
1.02701
1.02727
1.02745
1.02756
1.0276
1.02757
1.02747
1.02731
1.02709
1.02666
1.02629
1.02587
1.0254
1.02487
1.0243
1.02369
1.02302
1.02231
1.02158
1.02078
1.01997
1.01911
1.01823
1.01731
1.01637
1.0154
1.01442
1.01338
1.01234
1.01131
1.01022
1.00912
1.00802
1.00692
1.0052
1.00404
1.00288
1.00172
1.00056
0.999405
0.998245
0.997086
0.995926
0.994766
0.993607
0.992447
0.990707
0.989548
0.988388
0.987228
0.986069
0.984962
0.983864
0.982765
0.981667
0.980568
0.979507
0.97847
0.976913
0.976395
0.97541
0.974434
0.973457
0.972061
0.971146
0.970688
0.969818
0.968536
0.96772
0.966927
0.966148
0.965416
0.964684
0.964005
0.963333
0.962708
0.962097
0.961525
0.960976
0.960457
0.959724
0.959503
0.958862
0.958672
0.958305
0.957802
0.957497
0.95723
0.956985
0.956772
0.956589
0.956421
0.956299
0.956177
0.956116
0.956055
0.956039
0.956039
0.956055
0.956116
0.956177
0.956276
0.956398
0.95652
0.956696
0.956879
0.957161
0.957405
0.957527
0.957893
0.958015
0.958321
0.958778
0.959084
0.959389
0.95974
0.960106
0.960472
0.960655
0.961205
0.961571
0.961937
0.962326
0.962753
0.963181
0.963821
0.964249
0.964676
0.965103
0.965317
0.965958
0.966385
0.966812
0.967239
0.967667
0.968094
0.968521
0.968948
0.969376
0.96978
0.970146
0.970512
0.970879
0.971245
0.971611
0.971977
0.972343
0.972893
0.973076
0.973396
0.973854
0.974007
0.974464
0.97477
0.974922
0.97538
0.975639
0.975761
0.976128
0.976372
0.976616
0.97686
0.977104
0.97731
0.977493
0.977676
0.977859
0.978043
0.978226
0.978409
0.978561
0.978683
0.978806
0.978928
0.97905
0.979172
0.979294
0.979355
0.979492
0.979553
0.979614
0.979675
0.979736
0.979797
0.979858
0.979919
0.97998
0.980003
0.980003
0.980003
0.980003
0.980003
0.980003
0.980003
0.980003
0.980003
0.980003
0.980003
0.980003
0.980003
0.979942
0.979881
0.97982
0.979759
0.979698
0.979637
0.979576
0.979515
0.979424
0.979393
0.979301
0.97924
0.979179
0.979118
0.979057
0.978996
0.978935
0.978874
0.978813
0.978752
0.978661
0.97863
0.978569
0.978508
0.978447
0.978386
0.978294
0.978264
0.978203
0.978111
0.97805
0.977989
0.977959
0.977867
0.977806
0.977745
0.977715
0.977623
0.977562
0.977501
0.97744
0.977379
0.977318
0.977257
0.977196
0.977135
0.977074
0.977013
0.976952
0.976891
0.976837
0.976837
0.976837
0.976837
0.976837
0.976837
0.976837
0.976837
0.976837
0.976837
0.976837
0.976837
0.976837
0.976837
0.976837
0.976837
0.976837
0.976837
0.976837
0.976837
0.976837
0.976837
0.976837
0.976837
0.976837
0.976837
0.976837
0.976868
0.976929
0.97699
0.977051
0.977112
0.977203
0.977234
0.977295
0.977386
0.977417
0.977478
0.977539
0.977631
0.977661
0.977722
0.977814
0.977875
0.977936
0.977997
0.978058
0.978119
0.97818
0.978241
0.978302
0.978363
0.978424
0.978485
0.978546
0.978607
0.978668
0.97876
0.978821
0.978882
0.978943
0.979004
0.979065
0.979126
0.979187
0.979248
0.97934
0.97937
0.979431
0.979523
0.979553
0.979614
0.979706
0.979767
0.979828
0.979889
0.97995
0.980011
0.980103
0.980133
0.980194
0.980286
0.980347
0.980408
0.980469
0.98053
0.980591
0.980652
0.980682
0.980774
0.980835
0.980896
0.980957
0.981018
0.981079
0.981171
0.981232
0.981293
0.981354
0.981415
0.981476
0.981537
0.981598
0.981659
0.98172
0.981781
0.981842
0.981903
0.981964
0.982025
0.982086
0.982147
0.982208
0.982269
0.98233
0.982422
0.982483
0.982544
0.982605
0.982628
0.982628
0.982628
0.982628
0.982628
0.982628
0.982628
0.982628
0.982628
0.982628
0.982628
0.982628
0.982628
0.982628
0.982628
0.982628
0.982628
0.982628
0.982628
0.982628
0.982628
0.982628
0.982628
0.982628
0.982628
0.982628
0.982628
0.982628
0.982628
0.982628
0.982628
0.982628
0.982628
0.982628
0.982628
0.982628
0.982628
0.982628
0.982628
0.982628
0.982628
0.982628
0.982628
0.982628
0.982628
0.982628
0.982628
0.982628
0.982628
0.982628
0.982628
0.982681
0.982742
0.982803
0.982864
0.982925
0.982986
0.983078
0.983139
0.9832
0.983261
0.983292
0.983383
0.983444
0.983505
0.983597
0.983627
0.983688
0.98378
0.983841
0.983902
0.983963
0.984024
0.984085
0.984146
0.984207
0.984268
0.984329
0.98439
0.984451
0.984512
0.984573
0.984634
0.984695
0.984756
0.984818
0.984879
0.984894
0.984894
0.984894
0.984894
0.984894
0.984894
0.984894
0.984894
0.984894
0.984894
0.984894
0.984894
0.984894
0.984894
0.984894
0.984894
0.984894
0.984894
0.984894
0.984894
0.984894
0.984894
0.984894
0.984894
0.984894
0.984894
0.984894
0.984894
0.984894
0.984894
0.984894
0.984894
0.984894
0.984894
0.984894
0.984894
0.984894
0.984894
0.984894
0.984894
0.984894
0.984894
0.984901
0.984962
0.985023
0.985085
0.985146
0.985207
0.985268
0.985329
0.98539
0.985451
0.985512
0.985573
0.985634
0.985725
0.985786
0.985847
0.985909
0.98597
0.986031
0.986092
0.986153
0.986214
0.986305
0.986366
0.986427
0.986488
0.986549
0.98661
0.986656
0.986656
0.986656
0.986656
0.986656
0.986656
0.986656
0.986656
0.986656
0.986656
0.986656
0.986656
0.986656
0.986656
0.986656
0.986656
0.986656
0.986656
0.986656
0.986656
0.986656
0.986656
0.986656
0.986656
0.986656
0.986656
0.986656
0.986656
0.986656
0.986656
0.986656
0.986656
0.986656
0.986656
0.986656
0.986656
0.986656
0.986656
0.986656
0.986656
0.986656
0.986656
0.986656
0.986656
0.986656
0.986687
0.986748
0.986778
0.986839
0.986931
0.986992
0.987053
0.987114
0.987175
0.987236
0.987297
0.987358
0.98745
0.98748
0.987572
0.987633
0.987694
0.987755
0.987816
0.987877
0.987938
0.987999
0.98806
0.988121
0.988182
0.988243
0.988266
0.988266
0.988266
0.988266
0.988266
0.988266
0.988266
0.988266
0.988266
0.988266
0.988266
0.988266
0.988266
0.988266
0.988266
0.988266
0.988266
0.988266
0.988266
0.988266
0.988266
0.988266
0.988266
0.988266
0.988266
0.988266
0.988266
0.988266
0.988266
0.988266
0.988266
0.988266
0.988266
0.988266
0.988266
0.988266
0.988266
0.988266
0.988266
0.988266
0.988266
0.988266
0.988266
0.988266
0.988266
0.988266
0.988266
0.988266
0.988266
0.988266
0.988297
0.988358
0.988419
0.98848
0.988541
0.988602
0.988663
0.988724
0.988785
0.988846
0.988907
0.988968
0.989029
0.98909
0.989151
0.989243
0.989304
0.989365
0.989426
0.989487
0.989548
0.989609
0.98967
0.989731
0.989807
0.989807
0.989807
0.989807
0.989807
0.989807
0.989807
0.989807
0.989807
0.989807
0.989807
0.989807
0.989807
0.989807
0.989807
0.989807
0.989807
0.989807
0.989807
0.989807
0.989807
0.989807
0.989807
0.989807
0.989807
0.989807
0.989807
0.989807
0.989807
0.989807
0.989807
0.989807
0.989807
0.989807
0.989807
0.989807
0.989807
0.989807
0.989807
0.989807
0.989807
0.989807
0.989807
0.989807
0.989807
0.989807
0.989807
0.989807
0.989807
0.989807
0.989807
0.989807
0.989807
0.989807
0.989807
0.989807
0.989807
0.989807
0.989807
0.989807
0.989807
0.989807
0.98983
0.989891
0.989952
0.990013
0.990074
0.990135
0.990196
0.990257
0.990318
0.99041
0.990471
0.990532
0.990593
0.990654
0.990715
0.990776
0.990837
0.990898
0.990959
0.99102
0.991112
0.991173
0.991234
0.991234
0.991234
0.991234
0.991234
0.991234
0.991234
0.991234
0.991234
0.991234
0.991234
0.991234
0.991234
0.991234
0.991234
0.991234
