0
3.05177e-05
6.10353e-05
9.1553e-05
0.000122071
0.000152588
0.000335693
0.000495911
0.0015564
0.00296021
0.00511932
0.0082016
0.0123329
0.0176277
0.0241966
0.0321045
0.0413933
0.0520935
0.0642204
0.077755
0.0926781
0.108959
0.126556
0.145424
0.165508
0.18676
0.209122
0.232536
0.25695
0.282303
0.308544
0.335609
0.363457
0.392021
0.421246
0.451077
0.481461
0.512341
0.543663
0.575371
0.60741
0.639713
0.672249
0.704956
0.754208
0.770653
0.803539
0.852764
0.885433
0.917931
0.934097
0.966232
0.998062
1.02954
1.06062
1.10638
1.12138
1.16554
1.17997
1.20834
1.24966
1.26308
1.30222
1.32733
1.35162
1.37507
1.39764
1.4193
1.44002
1.45979
1.47857
1.49634
1.51308
1.52877
1.5434
1.55695
1.56942
1.58078
1.59104
1.60018
1.6082
1.61511
1.62089
1.62556
1.62911
1.63155
1.63289
1.63314
1.63231
1.6304
1.62743
1.62343
1.6184
1.61237
1.60535
1.59303
1.58846
1.57337
1.56222
1.55632
1.53739
1.53068
1.5094
1.4943
1.4785
1.46205
1.44498
1.42731
1.40909
1.39035
1.37113
1.35147
1.33141
1.31097
1.29021
1.26915
1.24783
1.22628
1.20454
1.18265
1.16063
1.13853
1.11638
1.09422
1.07207
1.04997
1.02795
1.00606
0.984322
0.962769
0.941441
0.909939
0.899582
0.879116
0.85899
0.839241
0.819893
0.800976
0.782513
0.755733
0.738514
0.730106
0.713707
0.690189
0.675266
0.660957
0.654045
0.634289
0.621956
0.610313
0.599373
0.589138
0.579632
0.570858
0.562828
0.55555
0.549023
0.543251
0.538242
0.533993
0.530502
0.527771
0.525803
0.524582
0.524147
0.524368
0.526131
0.527084
0.529518
0.534485
0.538654
0.540989
0.548985
0.555119
0.561878
0.569244
0.577194
0.585712
0.59478
0.604374
0.614475
0.625061
0.636101
0.647579
0.659473
0.671757
0.684406
0.697403
0.710724
0.724342
0.738239
0.752384
0.766758
0.78133
0.796082
0.810986
0.826015
0.841148
0.856358
0.871616
0.886906
0.902195
0.917465
0.940273
0.947838
0.962894
0.977833
0.99263
1.01451
1.02171
1.03594
1.05684
1.07045
1.08377
1.09678
1.10948
1.12185
1.13387
1.14552
1.1568
1.16769
1.17817
1.18822
1.19785
1.20702
1.21572
1.22396
1.23172
1.23898
1.24575
1.25201
1.25777
1.26301
1.26773
1.27194
1.27562
1.27878
1.28142
1.2844
1.28514
1.28622
1.28679
1.28685
1.286
1.28547
1.28313
1.28098
1.27835
1.27527
1.27356
1.26775
1.26334
1.25851
1.25327
1.24763
1.24162
1.23524
1.22852
1.22145
1.21406
1.20636
1.19838
1.19012
1.18161
1.17286
1.16839
1.15468
1.13573
1.13089
1.1211
1.11118
1.10113
1.08588
1.08076
1.07047
1.06013
1.04975
1.03419
1.029
1.01348
1.00321
0.993
0.98288
0.97287
0.962982
0.953239
0.943645
0.934219
0.929573
0.915909
0.90704
0.894112
0.885757
0.877625
0.86972
0.862045
0.854637
0.847485
0.840611
0.834019
0.827721
0.821724
0.81604
0.81068
0.805645
0.798721
0.796585
0.790688
0.788895
0.785572
0.78125
0.778809
0.777721
0.77499
0.773617
0.772594
0.771923
0.771599
0.771622
0.771984
0.772686
0.773724
0.775085
0.776775
0.778782
0.781097
0.783718
0.786636
0.789841
0.793324
0.797077
0.80109
0.805347
0.809849
0.814594
0.819565
0.824749
0.830139
0.835716
0.841476
0.847408
0.8535
0.859741
0.866119
0.87262
0.879242
0.885967
0.892784
0.899681
0.906647
0.91367
0.920734
0.927834
0.934952
0.942093
0.949234
0.956345
0.96344
0.970501
0.977509
0.984459
0.991329
0.998116
1.00481
1.01138
1.01784
1.02416
1.03339
1.03639
1.04227
1.048
1.05629
1.0616
1.06674
1.0717
1.0765
1.0811
1.08553
1.08977
1.09382
1.09766
1.1013
1.10473
1.10794
1.11092
1.11369
1.1162
1.11848
1.12051
1.12229
1.12383
1.12513
1.12618
1.12699
1.12756
1.12791
1.12802
1.12772
1.1275
1.1269
1.12606
1.12501
1.12301
1.12224
1.11961
1.11863
1.11652
1.11299
1.1104
1.10764
1.10619
1.1016
1.09833
1.09491
1.09135
1.08764
1.08381
1.07986
1.07579
1.07161
1.06733
1.06297
1.05851
1.05399
1.04941
1.04477
1.04008
1.03535
1.03059
1.02583
1.02107
1.01631
1.01155
1.00682
1.00211
0.997444
0.992817
0.988239
0.983715
0.979252
0.974854
0.97052
0.966259
0.962074
0.957966
0.953934
0.949982
0.946121
0.942341
0.938652
0.935055
0.929836
0.928146
0.924839
0.921638
0.918541
0.915558
0.911301
0.909943
0.907333
0.904858
0.901413
0.899303
0.89735
0.89555
0.893913
0.892437
0.891125
0.889977
0.889
0.888187
0.887543
0.887066
0.886749
0.886604
0.886623
0.886803
0.887138
0.887634
0.888287
0.889091
0.890579
0.89175
0.892391
0.89452
0.895298
0.897827
0.899673
0.900642
0.903728
0.905926
0.90823
0.910637
0.913147
0.915749
0.918438
0.921211
0.924061
0.926983
0.92997
0.933018
0.936119
0.939274
0.942467
0.945698
0.948959
0.952248
0.955544
0.958839
0.962135
0.965431
0.968716
0.971981
0.975216
0.978416
0.981579
0.984703
0.987774
0.990799
0.993767
0.996674
0.999519
1.0023
1.00502
1.00766
1.01024
1.01274
1.01517
1.01867
1.01981
1.02201
1.02414
1.02618
1.02815
1.03097
1.03274
1.03444
1.03606
1.0376
1.03906
1.04044
1.04174
1.04295
1.0441
1.04516
1.04614
1.04704
1.04784
1.04857
1.04922
1.04978
1.05027
1.05067
1.05099
1.05123
1.05138
1.05146
1.05146
1.05137
1.05121
1.05082
1.05047
1.05005
1.04981
1.04927
1.04834
1.04763
1.04726
1.04602
1.04512
1.04416
1.04314
1.04207
1.04094
1.03977
1.03854
1.03727
1.03595
1.03459
1.0332
1.03176
1.0303
1.0288
1.02728
1.02573
1.02415
1.02256
1.02094
1.01931
1.01766
1.01601
1.01433
1.01265
1.01097
1.00929
1.00761
1.00594
1.00426
1.00342
1.0009
0.998383
0.996735
0.995087
0.993446
0.991829
0.990215
0.988628
0.987049
0.985493
0.983955
0.982433
0.980198
0.979465
0.978012
0.976582
0.974487
0.973122
0.971783
0.97047
0.969189
0.968563
0.966717
0.965527
0.964371
0.963245
0.962154
0.961098
0.960079
0.959095
0.958149
0.957245
0.956375
0.955544
0.954758
0.95401
0.9533
0.952641
0.952019
0.951443
0.950909
0.950417
0.94997
0.949566
0.949211
0.948895
0.948624
0.948395
0.948212
0.948074
0.947979
0.947929
0.947918
0.947956
0.948086
0.948227
0.94841
0.948635
0.948898
0.9492
0.949543
0.950123
0.950558
0.951027
0.95153
0.952068
0.952637
0.953236
0.953865
0.954525
0.955212
0.955921
0.956654
0.957417
0.958199
0.958996
0.960232
0.961086
0.961941
0.962826
0.963711
0.964615
0.96553
0.966446
0.967361
0.968307
0.969254
0.9702
0.971146
0.972092
0.973038
0.973984
0.97493
0.975864
0.97678
0.977695
0.978611
0.979958
0.9804
0.981285
0.982582
0.983009
0.98386
0.985096
0.985508
0.986301
0.987091
0.988235
0.988972
0.989338
0.990402
0.991089
0.99176
0.992405
0.993038
0.993649
0.994236
0.994808
0.995358
0.995884
0.996395
0.996883
0.997345
0.997791
0.998219
0.998619
0.999004
0.999371
0.99971
1.00003
1.00034
1.00061
1.00088
1.00112
1.00134
1.00154
1.00173
1.00189
1.00204
1.00217
1.00228
1.00237
1.00244
1.0025
1.00254
1.00257
1.00257
1.00255
1.00254
1.0025
1.00241
1.00238
1.00229
1.0022
1.00208
1.00196
1.00182
1.00174
1.00132
1.00114
1.00094
1.00073
1.00051
1.00028
1.00004
0.999794
0.999538
0.999264
0.998989
0.998714
0.998272
0.998119
0.997814
0.997356
0.997204
0.996704
0.996368
0.996033
0.995697
0.995361
0.995193
0.995026
0.994312
0.993763
0.99358
0.993214
0.992664
0.992481
0.992115
0.991749
0.991199
0.990833
0.990467
0.990101
0.989735
0.989368
0.989002
0.988636
0.98827
0.987923
0.987587
0.987083
0.986748
0.986412
0.986076
0.985741
0.985416
0.984959
0.984653
0.984348
0.984043
0.983746
0.983471
0.983196
0.982922
0.982647
0.982391
0.982147
0.981903
0.981659
0.98143
0.981216
0.981003
0.980789
0.980598
0.980415
0.980232
0.980049
0.97982
0.979668
0.979591
0.97945
0.979328
0.979206
0.979031
0.978985
0.978893
0.978756
0.978687
0.978626
0.978565
0.978508
0.978477
0.978447
0.978416
0.978401
0.978401
0.978401
0.978401
0.978424
0.978455
0.978485
0.978516
0.9786
0.97863
0.978722
0.978783
0.978874
0.978966
0.979057
0.979149
0.979248
0.97937
0.979492
0.979614
0.979736
0.979858
0.98
0.980152
0.980305
0.980457
0.98061
0.980762
0.980915
0.981079
0.981354
0.981537
0.98172
0.981903
0.982086
0.982269
0.982452
0.982635
0.982819
0.983002
0.983185
0.983368
0.983551
0.983734
0.984016
0.984123
0.984337
0.98455
0.984745
0.98502
0.985111
0.985294
0.985569
0.985661
0.985844
0.985935
0.986485
0.986759
0.986942
0.987034
0.987309
0.987492
0.987675
0.987858
0.988041
0.988209
0.988361
0.988514
0.988667
0.988819
0.988972
0.989124
0.989277
0.989429
0.989582
0.989712
0.989834
0.989956
0.990078
0.9902
0.990322
0.990444
0.990566
0.990677
0.990768
0.99086
0.990952
0.991043
0.991135
0.991226
0.991364
0.991432
0.991493
0.991524
0.991585
0.991676
0.991737
0.991798
0.991859
0.991905
0.991936
0.991966
0.991997
0.992027
0.992058
0.992088
0.992119
0.992149
0.992168
0.992168
0.992168
0.992168
0.992168
0.992168
0.992168
0.992168
0.992168
0.992168
0.992168
0.99213
0.9921
0.992069
0.992039
0.992023
0.991978
0.991947
0.991917
0.991886
0.991856
0.991825
0.991795
0.991764
0.991734
0.991703
0.991673
0.991642
0.991592
0.991531
0.99147
0.991409
0.991348
0.991287
0.991226
0.991165
0.991104
0.991043
0.990982
0.990921
0.990829
0.990768
0.990707
0.990646
0.990616
0.990524
0.990463
0.990402
