0
4.57765e-05
7.62941e-05
0.000106812
0.000137329
0.000167847
0.000194549
0.000511169
0.00110245
0.00219345
0.00395584
0.00655746
0.0101471
0.0176468
0.0242157
0.0321236
0.0414162
0.0521164
0.0642433
0.0777779
0.100677
0.117622
0.135864
0.15535
0.176025
0.197842
0.220734
0.256966
0.26952
0.295296
0.335518
0.349319
0.391769
0.420879
0.450573
0.480785
0.511463
0.542553
0.57399
0.605713
0.637676
0.669819
0.702087
0.734425
0.766773
0.799084
0.831306
0.863384
0.895275
0.926929
0.958298
0.989334
1.02
1.05024
1.08002
1.1093
1.13804
1.1662
1.19375
1.23385
1.25971
1.28484
1.30923
1.33282
1.35559
1.37752
1.39856
1.4187
1.43791
1.46492
1.47343
1.48971
1.50496
1.52591
1.53237
1.54449
1.56066
1.56551
1.57441
1.58571
1.59189
1.59698
1.60099
1.60392
1.60578
1.60658
1.60632
1.60503
1.6027
1.59936
1.59503
1.58972
1.58344
1.57623
1.5681
1.55908
1.54919
1.53846
1.52691
1.51457
1.50146
1.48045
1.4731
1.4579
1.43392
1.42562
1.39989
1.38207
1.36377
1.34502
1.32585
1.3063
1.28642
1.26622
1.24575
1.22506
1.20417
1.18314
1.16198
1.14074
1.1088
1.09814
1.07687
1.04509
1.02403
1.01355
0.98238
0.961857
0.941578
0.921577
0.901882
0.882523
0.863514
0.844887
0.817711
0.80014
0.78302
0.766388
0.750248
0.734631
0.719555
0.705044
0.691109
0.677773
0.665058
0.652977
0.641544
0.630775
0.620678
0.611271
0.602551
0.59079
0.583836
0.577595
0.572067
0.567261
0.563175
0.559803
0.557152
0.555214
0.553982
0.553455
0.553631
0.555176
0.557053
0.559597
0.56279
0.566628
0.571091
0.576172
0.581852
0.588112
0.594944
0.602325
0.610241
0.618664
0.632214
0.641846
0.65192
0.662418
0.673321
0.684597
0.696232
0.702175
0.708199
0.733032
0.745865
0.758938
0.772221
0.785702
0.799355
0.81316
0.827103
0.841152
0.855286
0.86948
0.883705
0.897957
0.912186
0.926388
0.940529
0.961586
0.968552
0.989258
1.00287
1.0163
1.02954
1.04255
1.05532
1.06784
1.08007
1.09201
1.10365
1.11496
1.12593
1.14173
1.14681
1.15669
1.16619
1.17528
1.18814
1.19221
1.20003
1.21092
1.21432
1.22383
1.2296
1.23488
1.23969
1.24402
1.24787
1.25122
1.25409
1.2565
1.25842
1.25985
1.26113
1.26132
1.26135
1.26092
1.25942
1.2587
1.25692
1.2547
1.25059
1.24732
1.24365
1.23959
1.23514
1.23032
1.22513
1.2196
1.21373
1.20753
1.19767
1.19073
1.18351
1.17605
1.16835
1.15635
1.15224
1.14389
1.13535
1.12223
1.1133
1.10879
1.09508
1.08582
1.07648
1.06707
1.05762
1.04813
1.03863
1.02914
1.01966
1.01021
1.00082
0.991505
0.982277
0.973152
0.964149
0.955276
0.946548
0.937973
0.929562
0.921318
0.90929
0.901508
0.893925
0.886547
0.879391
0.872452
0.865753
0.856182
0.853123
0.844353
0.838856
0.833645
0.828732
0.824116
0.819805
0.8158
0.812103
0.808723
0.807152
0.80291
0.80048
0.79744
0.795811
0.794506
0.793518
0.792847
0.792492
0.792446
0.792961
0.793682
0.794701
0.796013
0.797615
0.799503
0.801666
0.80542
0.806801
0.809753
0.814674
0.818237
0.822037
0.826054
0.830288
0.834721
0.841732
0.84663
0.851696
0.856926
0.862305
0.867825
0.87347
0.879238
0.885113
0.891087
0.897144
0.903282
0.909485
0.915737
0.922035
0.928368
0.937893
0.941082
0.947453
0.956974
0.963295
0.969574
0.975807
0.981976
0.988075
0.994083
0.999992
1.00579
1.01149
1.01705
1.02248
1.02778
1.03294
1.04041
1.0452
1.04985
1.05211
1.05653
1.06287
1.06689
1.07076
1.07447
1.07802
1.0814
1.08461
1.0891
1.09186
1.09443
1.0968
1.09898
1.10095
1.10272
1.10427
1.10562
1.10723
1.10766
1.10864
1.10902
1.1092
1.10917
1.10907
1.10849
1.10785
1.10701
1.10598
1.10476
1.10336
1.10177
1.10001
1.09808
1.09597
1.09371
1.09129
1.08873
1.08601
1.08316
1.08017
1.07706
1.07383
1.07049
1.06704
1.06349
1.05985
1.05612
1.05231
1.04844
1.04451
1.04052
1.03851
1.03244
1.02836
1.02427
1.02018
1.01609
1.00997
1.00592
1.00189
0.997902
0.99395
0.99004
0.986179
0.982368
0.978615
0.974915
0.971275
0.967705
0.964195
0.960754
0.957386
0.95409
0.950867
0.94772
0.944653
0.941666
0.938763
0.93594
0.933208
0.930565
0.928017
0.925564
0.92321
0.920963
0.918819
0.91679
0.914883
0.913086
0.911423
0.909164
0.907822
0.906616
0.905548
0.904621
0.903831
0.903187
0.902679
0.902313
0.902088
0.902
0.902054
0.902245
0.902782
0.903305
0.903961
0.904739
0.905647
0.906677
0.907822
0.909088
0.910465
0.911953
0.913548
0.915245
0.917038
0.91893
0.92091
0.924046
0.926239
0.928505
0.930847
0.933254
0.935726
0.938255
0.940834
0.943462
0.946133
0.948837
0.951569
0.954315
0.957077
0.961243
0.964005
0.965378
0.969486
0.972202
0.974888
0.977539
0.980156
0.982735
0.985271
0.988987
0.991405
0.993771
0.996082
0.997219
1.00054
1.00269
1.00477
1.00679
1.00875
1.01065
1.01249
1.01426
1.01596
1.0184
1.01995
1.02143
1.02285
1.0242
1.02548
1.0267
1.02786
1.02895
1.02998
1.03094
1.03184
1.03267
1.03344
1.03414
1.03508
1.03535
1.0361
1.03632
1.03687
1.03716
1.03728
1.03755
1.03761
1.0377
1.03769
1.03762
1.03749
1.03741
1.03707
1.03678
1.03643
1.03603
1.03557
1.03507
1.03452
1.03392
1.03327
1.03258
1.03185
1.03107
1.03025
1.0294
1.0285
1.02758
1.02662
1.02562
1.0246
1.02355
1.02248
1.02138
1.02025
1.0191
1.01794
1.01675
1.01556
1.01373
1.0125
1.01125
1.01
1.00875
1.00748
1.0062
1.00492
1.00364
1.00236
1.00108
0.999794
0.998512
0.997231
0.995975
0.994724
0.993473
0.992222
0.990376
0.989765
0.988544
0.987343
0.986153
0.984386
0.983807
0.982647
0.981518
0.980389
0.978741
0.977665
0.976597
0.975559
0.974537
0.97353
0.972553
0.971596
0.970657
0.969742
0.968857
0.967995
0.967155
0.966343
0.965557
0.964798
0.964066
0.963364
0.962364
0.961735
0.961136
0.960567
0.96003
0.959522
0.959045
0.958599
0.958187
0.957806
0.957458
0.956997
0.95673
0.956608
0.956295
0.956127
0.95599
0.955887
0.955814
0.955814
0.955769
0.955814
0.955883
0.955982
0.956112
0.956272
0.956463
0.95668
0.956924
0.957199
0.957661
0.958
0.958366
0.958759
0.959171
0.959831
0.96006
0.960785
0.961037
0.961819
0.962368
0.962925
0.963215
0.964092
0.964703
0.965313
0.965946
0.966587
0.967552
0.968224
0.968895
0.969231
0.970238
0.970917
0.971619
0.972321
0.973022
0.973724
0.974426
0.975479
0.976181
0.976879
0.977551
0.977886
0.978893
0.979565
0.980236
0.980885
0.981525
0.982166
0.9828
0.98341
0.98402
0.984627
0.985207
0.985786
0.986351
0.9869
0.98745
0.987972
0.988491
0.988991
0.989723
0.990185
0.990643
0.991081
0.991295
0.99192
0.992317
0.992699
0.993065
0.99342
0.993755
0.994232
0.994385
0.994678
0.994953
0.995338
0.995583
0.995804
0.996017
0.996208
0.996391
0.996555
0.996708
0.996845
0.996967
0.997124
0.997215
0.997288
0.997349
0.997402
0.997433
0.997463
0.997471
0.997471
0.997463
0.997433
0.997402
0.997356
0.997295
0.997234
0.997154
0.997063
0.996971
0.996864
0.996742
0.99662
0.996418
0.996342
0.996113
0.99596
0.995789
0.995605
0.995422
0.995239
0.995052
0.994839
0.994625
0.994411
0.994198
0.993984
0.993771
0.993526
0.993282
0.993038
0.992794
0.99255
0.992306
0.992062
0.991817
0.991573
0.991329
0.991085
0.990841
0.990574
0.990162
0.989887
0.989613
0.989338
0.989063
0.988789
0.988537
0.988171
0.987926
0.987682
0.987438
0.987194
0.98695
0.986706
0.986462
0.986217
0.985973
0.985607
0.985394
0.98518
0.984966
0.984859
0.984539
0.984325
0.984112
0.983925
0.983742
0.983467
0.983284
0.983192
0.982929
0.982777
0.982624
0.982471
0.982319
0.98217
0.982048
0.981926
0.981804
0.981682
0.981564
0.981472
0.98138
0.981243
0.981197
0.981113
0.981052
0.980991
0.9809
0.980839
0.980804
0.980774
0.980743
0.980713
0.980682
0.980682
0.980682
0.980682
0.980682
0.980694
0.980709
0.980755
0.980785
0.980816
0.980846
0.9809
0.980961
0.981022
0.981083
0.981144
0.981205
0.981281
0.981373
0.981464
0.981556
0.981647
0.981739
0.981831
0.981983
0.982044
0.982166
0.982288
0.98241
0.982594
0.982655
0.982777
0.982899
0.983082
0.983204
0.983334
0.983486
0.983639
0.983791
0.983944
0.984097
0.984325
0.984478
0.984631
0.984783
0.984936
0.985088
0.985241
0.985394
0.985546
0.985699
0.985851
0.986004
0.986156
0.986309
0.986462
0.986614
0.986767
0.986919
0.987072
0.987225
0.987377
0.987602
0.987663
0.987785
0.987907
0.988029
0.988213
0.988335
0.988457
0.988579
0.988701
0.988823
0.988945
0.989067
0.989189
0.989361
0.989407
0.989498
0.989635
0.989681
0.989819
0.98991
0.990002
0.990093
0.990185
0.990276
0.990364
0.990425
0.990486
0.990547
0.990608
0.990669
0.99073
0.990791
0.990883
0.990944
0.991005
0.991051
0.991081
0.991112
0.991142
0.991173
0.991203
0.991234
0.991264
0.99131
0.991341
0.991371
0.991402
0.991413
0.991413
0.991413
0.991413
0.991413
0.991413
0.991413
0.991413
0.991413
0.991413
0.991413
0.991413
0.991413
0.991413
0.991413
0.991413
0.991402
0.991371
0.991341
0.99131
0.99128
0.991249
0.991219
0.991188
0.991142
0.991112
0.991081
0.991051
0.99102
0.99099
0.990959
0.990929
0.990898
0.990868
0.990822
0.990791
0.990761
0.99073
0.9907
0.990669
0.990639
0.990608
0.990578
0.990532
0.990501
0.990471
0.99044
0.99041
0.990379
0.990349
0.990318
0.990288
0.990257
0.990227
0.990196
