0
3.05177e-05
7.62941e-05
9.1553e-05
0.000137329
0.000167847
0.000251771
0.000511169
0.00110245
0.00219345
0.00395584
0.00655747
0.012352
0.0176468
0.0242157
0.0321236
0.0414162
0.0521164
0.0642433
0.0777779
0.0927048
0.108986
0.126579
0.145435
0.165497
0.186722
0.220612
0.232422
0.26931
0.295052
0.32164
0.335236
0.37714
0.391457
0.435352
0.465336
0.495823
0.526756
0.558083
0.589745
0.621681
0.653847
0.686176
0.71862
0.751122
0.783623
0.816078
0.848427
0.880623
0.912617
0.944351
0.975773
1.00684
1.05268
1.06774
1.09747
1.14105
1.15529
1.1833
1.22407
1.25036
1.27591
1.30068
1.32464
1.34776
1.37001
1.4017
1.4118
1.43129
1.44983
1.4674
1.49188
1.50694
1.52097
1.53396
1.5459
1.55679
1.56661
1.57536
1.58304
1.58964
1.59516
1.5996
1.60297
1.60527
1.6065
1.60668
1.60499
1.60258
1.59916
1.59473
1.58933
1.58298
1.5757
1.5675
1.55841
1.54847
1.53767
1.52607
1.51368
1.50054
1.48667
1.4721
1.45686
1.43283
1.42452
1.40748
1.3899
1.36262
1.35329
1.32467
1.30511
1.28522
1.26501
1.24455
1.22385
1.20296
1.17133
1.15012
1.12883
1.10753
1.09688
1.05439
1.04383
1.02279
0.991512
0.970909
0.950539
0.930424
0.920471
0.891083
0.871906
0.853096
0.834679
0.816681
0.799122
0.782032
0.76543
0.74934
0.733788
0.711502
0.704365
0.683857
0.677326
0.658684
0.65279
0.636105
0.62582
0.616219
0.611679
0.599106
0.591614
0.584824
0.578766
0.57341
0.568787
0.564884
0.561695
0.559231
0.557476
0.556431
0.556091
0.55645
0.557491
0.559208
0.561596
0.564636
0.568325
0.572643
0.577572
0.583107
0.589226
0.595913
0.603149
0.61092
0.619202
0.627991
0.637241
0.646954
0.657101
0.667664
0.678616
0.689938
0.701614
0.713619
0.725929
0.738518
0.751377
0.764458
0.77776
0.791245
0.804897
0.818691
0.832603
0.846611
0.860687
0.874813
0.888969
0.910194
0.917259
0.931343
0.945362
0.959293
0.97998
0.986805
1.00034
1.02029
1.03334
1.03978
1.05247
1.06491
1.08304
1.09476
1.1005
1.11725
1.128
1.1384
1.14844
1.1581
1.16737
1.17624
1.1847
1.19275
1.20036
1.20752
1.21424
1.22346
1.2263
1.23163
1.23873
1.24087
1.24477
1.24972
1.25114
1.25466
1.25559
1.2571
1.25847
1.2587
1.25867
1.25807
1.25702
1.25553
1.25359
1.25122
1.24844
1.24524
1.24163
1.23763
1.23325
1.226
1.2234
1.21508
1.21214
1.20603
1.1996
1.18942
1.18228
1.17861
1.17109
1.16333
1.15128
1.143
1.13454
1.1259
1.11712
1.10821
1.10371
1.09004
1.08082
1.07153
1.0575
1.0481
1.0387
1.0293
1.01991
1.01056
1.00127
0.992058
0.982933
0.973915
0.965019
0.956257
0.947636
0.939167
0.926765
0.918713
0.910839
0.903149
0.895645
0.888344
0.881248
0.874367
0.867729
0.861336
0.852203
0.846443
0.840958
0.835754
0.830841
0.826225
0.821907
0.817894
0.814194
0.810802
0.807728
0.804966
0.802521
0.800396
0.797794
0.796459
0.795437
0.794727
0.794327
0.794235
0.794449
0.794968
0.795784
0.796894
0.798294
0.799976
0.801937
0.804173
0.806675
0.809437
0.812443
0.81741
0.819187
0.824863
0.828918
0.831024
0.835388
0.842289
0.844681
0.852112
0.854671
0.862568
0.865269
0.873577
0.879261
0.885052
0.890938
0.896904
0.902946
0.909054
0.915211
0.921413
0.927643
0.937027
0.940155
0.946411
0.952667
0.9589
0.965107
0.971275
0.977394
0.983448
0.989433
0.998253
1.00114
1.00685
1.01244
1.01792
1.02589
1.02849
1.03357
1.0385
1.04564
1.05021
1.05463
1.0589
1.06301
1.06697
1.07076
1.07441
1.07788
1.08118
1.08432
1.08727
1.09004
1.09263
1.09502
1.09721
1.09921
1.10099
1.10257
1.10394
1.1051
1.10604
1.10678
1.10731
1.10762
1.10773
1.10764
1.10733
1.10683
1.10614
1.10525
1.10355
1.1029
1.10145
1.09894
1.09705
1.095
1.09279
1.09042
1.08791
1.08525
1.08245
1.07952
1.07647
1.0733
1.07002
1.06664
1.06316
1.05959
1.05593
1.0522
1.04841
1.04456
1.04066
1.03672
1.03276
1.02877
1.02477
1.02077
1.01478
1.01279
1.00686
1.00489
1.00097
0.995167
0.991341
0.987564
0.983829
0.981983
0.978333
0.972958
0.969448
0.966
0.962612
0.959293
0.956039
0.952858
0.949745
0.946705
0.943741
0.940857
0.938053
0.935333
0.932693
0.930145
0.927689
0.925327
0.923065
0.92091
0.918865
0.916927
0.915112
0.913418
0.911861
0.910427
0.908535
0.90797
0.906948
0.906063
0.904999
0.904465
0.904465
0.903816
0.903698
0.903717
0.90387
0.90416
0.904583
0.905132
0.905804
0.906609
0.907536
0.908573
0.909733
0.911003
0.912384
0.913872
0.915462
0.917152
0.918938
0.920815
0.922779
0.924828
0.926956
0.929157
0.931431
0.933773
0.936176
0.938637
0.941154
0.943718
0.946323
0.948963
0.951633
0.955677
0.957035
0.959751
0.963825
0.965183
0.969227
0.97057
0.973228
0.975864
0.979759
0.982311
0.984825
0.987289
0.988506
0.992081
0.9944
0.996666
0.998878
1.00103
1.00312
1.00516
1.00714
1.00905
1.0109
1.01269
1.01441
1.01607
1.01767
1.0192
1.02066
1.02207
1.02341
1.02468
1.02589
1.02704
1.02813
1.02914
1.0301
1.03099
1.03182
1.03294
1.03328
1.03421
1.03476
1.035
1.03566
1.03601
1.03631
1.03655
1.03672
1.03684
1.03689
1.03688
1.03682
1.0367
1.03653
1.0363
1.03601
1.03567
1.03528
1.03484
1.03408
1.03381
1.03321
1.03225
1.03191
1.03119
1.03043
1.02963
1.02836
1.02792
1.02701
1.02607
1.0246
1.02358
1.02254
1.02147
1.02038
1.01926
1.01814
1.01698
1.01581
1.01462
1.01342
1.0122
1.01098
1.00976
1.00851
1.00726
1.00601
1.00476
1.00351
1.00225
1.001
0.999752
0.998501
0.99725
0.995998
0.994759
0.992928
0.992317
0.991096
0.989899
0.988113
0.986935
0.986355
0.984619
0.98349
0.982361
0.981262
0.980167
0.979099
0.979099
0.977005
0.97599
0.974987
0.97401
0.973057
0.972584
0.971203
0.970318
0.969452
0.968609
0.967789
0.966995
0.966228
0.965488
0.964775
0.964088
0.963428
0.962795
0.962193
0.96162
0.961075
0.96056
0.960075
0.959846
0.959198
0.958622
0.958443
0.958111
0.957813
0.957424
0.957203
0.957012
0.956852
0.956726
0.956631
0.956566
0.956532
0.956528
0.956554
0.956612
0.956699
0.956814
0.956959
0.957134
0.957336
0.957565
0.957821
0.958099
0.958405
0.95874
0.959099
0.959476
0.959873
0.9603
0.960743
0.961201
0.961689
0.962189
0.962708
0.963242
0.964066
0.964355
0.964935
0.965824
0.966434
0.967045
0.967674
0.968315
0.968956
0.969597
0.970242
0.970913
0.971584
0.972256
0.972927
0.973598
0.97427
0.974941
0.975613
0.976284
0.976955
0.977604
0.978245
0.978886
0.979527
0.980167
0.980797
0.981407
0.982018
0.982628
0.983215
0.983795
0.984375
0.984936
0.985485
0.986034
0.986561
0.98708
0.987591
0.988079
0.988567
0.989033
0.989491
0.989933
0.990574
0.990784
0.99118
0.991577
0.992126
0.992485
0.992653
0.993153
0.993305
0.99361
0.994038
0.994312
0.99456
0.994804
0.995026
0.995239
0.995434
0.995617
0.995789
0.995941
0.99609
0.996212
0.996273
0.996429
0.996475
0.996597
0.996658
0.996719
0.99675
0.99678
0.996796
0.996796
0.996796
0.996769
0.996738
0.996708
0.996647
0.996586
0.996525
0.996437
0.996346
0.996254
0.996082
0.99596
0.995838
0.995705
0.995552
0.995399
0.995323
0.99509
0.994907
0.994724
0.994541
0.994358
0.994175
0.993965
0.993752
0.993538
0.993324
0.993111
0.992897
0.992683
0.992462
0.992218
0.991974
0.99173
0.991486
0.991241
0.990997
0.990753
0.990509
0.990265
0.989899
0.989655
0.98941
0.989166
0.988922
0.988678
0.988434
0.98819
0.987946
0.987823
0.987457
0.987213
0.986969
0.986725
0.986481
0.986267
0.986053
0.98584
0.985626
0.985413
0.985199
0.984985
0.984772
0.98457
0.984386
0.984203
0.98402
0.983837
0.983654
0.983471
0.983315
0.983162
0.983009
0.98278
0.982704
0.982559
0.982437
0.982254
0.982132
0.982071
0.981949
0.981808
0.981762
0.981625
0.981533
0.981487
0.981392
0.981331
0.98127
0.981209
0.981155
0.981125
0.981094
0.981064
0.981033
0.981007
0.981007
0.981007
0.981007
0.981007
0.981007
0.98103
0.98106
0.981091
0.981121
0.981152
0.981182
0.981236
0.981297
0.981358
0.981419
0.98148
0.981541
0.981606
0.981697
0.981789
0.98188
0.981972
0.982063
0.982155
0.982246
0.982338
0.982452
0.982574
0.982697
0.982819
0.982941
0.983063
0.983185
0.983307
0.983429
0.983551
0.983673
0.983795
0.983917
0.984039
0.984261
0.984337
0.984489
0.984718
0.984871
0.985023
0.985176
0.985252
0.985481
0.985634
0.985786
0.985939
0.986092
0.986168
0.986397
0.986549
0.986702
0.986855
0.987
0.987122
0.987244
0.987366
0.987488
0.98761
0.987732
0.987854
0.987976
0.988098
0.98822
0.988342
0.988464
0.988586
0.988708
0.98877
0.988953
0.989059
0.989197
0.989243
0.989334
0.989471
0.989517
0.989655
0.989746
0.989838
0.989883
0.989975
0.990112
0.990181
0.990242
0.990303
0.990334
0.990425
0.990486
0.990547
0.990608
0.990669
0.99073
0.990791
0.990849
0.990879
0.99091
0.99094
0.990971
0.991001
0.991032
0.991062
0.991093
0.991123
0.991154
0.991184
0.991215
0.991245
0.991245
0.991245
0.991245
0.991245
0.991245
0.991245
0.991245
0.991245
0.991245
0.991245
0.991245
0.991245
0.991245
0.991245
0.991245
0.991245
0.991245
0.991245
0.991215
0.991184
0.991138
0.991123
0.991077
0.991047
0.991016
0.990986
0.990955
0.990925
0.990894
0.990864
0.990833
0.990803
0.990772
0.990742
0.990711
0.990681
0.99065
0.99062
0.990589
0.990559
0.990528
0.990498
