0
3.05177e-05
4.95918e-05
4.95918e-05
6.48507e-05
0.000106812
0.000263214
0.000698089
0.00159836
0.00315094
0.00553131
0.00889969
0.0160789
0.0190964
0.0261307
0.0392685
0.0498047
0.0617752
0.0751686
0.0899658
0.106125
0.123611
0.14238
0.162373
0.183533
0.205803
0.229126
0.253445
0.278694
0.304817
0.33176
0.359455
0.387863
0.416916
0.44656
0.476742
0.507404
0.538494
0.569954
0.601727
0.649849
0.682163
0.698368
0.747112
0.779644
0.795895
0.844521
0.876766
0.908821
0.940624
0.972122
1.00327
1.03402
1.06433
1.09414
1.12343
1.15215
1.18027
1.20775
1.23457
1.26067
1.28605
1.31067
1.34611
1.36869
1.39042
1.41125
1.43118
1.45018
1.46821
1.48527
1.50132
1.51635
1.53035
1.54329
1.55517
1.56597
1.57569
1.58432
1.59186
1.5983
1.60365
1.60791
1.61108
1.61316
1.61418
1.61412
1.61302
1.61087
1.6077
1.60352
1.59537
1.59217
1.58115
1.57266
1.56807
1.55299
1.54188
1.53601
1.52369
1.50375
1.48955
1.47464
1.45907
1.44287
1.42607
1.4087
1.39082
1.37243
1.35359
1.33433
1.31469
1.29471
1.27441
1.25386
1.23307
1.21207
1.19092
1.16963
1.14824
1.12679
1.10531
1.08382
1.06238
1.041
1.01972
0.998577
0.977596
0.95681
0.936256
0.915955
0.886055
0.876247
0.847363
0.837921
0.81934
0.792267
0.783463
0.757782
0.74947
0.72533
0.709923
0.702435
0.680843
0.667206
0.654198
0.641838
0.630135
0.619099
0.608749
0.599094
0.590141
0.581902
0.574379
0.567589
0.561531
0.553818
0.549591
0.546097
0.543335
0.541306
0.540001
0.539406
0.539383
0.540371
0.541904
0.544128
0.547031
0.550598
0.554821
0.559685
0.565178
0.571281
0.577976
0.585255
0.59309
0.601471
0.610374
0.624657
0.629662
0.645363
0.650814
0.662029
0.6796
0.691772
0.704285
0.710663
0.73024
0.743622
0.757248
0.771099
0.785145
0.799355
0.813709
0.828182
0.842743
0.857376
0.872047
0.886726
0.901405
0.916058
0.930653
0.945171
0.959591
0.98098
0.988033
1.00201
1.0158
1.02937
1.04272
1.06225
1.07492
1.0873
1.09936
1.1111
1.12249
1.13354
1.14422
1.15452
1.16442
1.17392
1.18299
1.1958
1.19985
1.21132
1.21839
1.225
1.23114
1.23681
1.242
1.2467
1.25091
1.25463
1.25787
1.2618
1.26382
1.26534
1.26638
1.26694
1.26703
1.26663
1.26577
1.26445
1.26161
1.26044
1.25627
1.25466
1.24922
1.24508
1.24054
1.23562
1.23302
1.22467
1.21867
1.21234
1.20569
1.19873
1.19148
1.18396
1.17617
1.16813
1.15987
1.15139
1.14272
1.13387
1.12486
1.1157
1.1064
1.09699
1.08749
1.0779
1.06825
1.05855
1.04882
1.03907
1.02934
1.0196
1.00991
0.995472
0.990696
0.981213
0.967182
0.962566
0.948921
0.94001
0.931263
0.92268
0.914272
0.906052
0.898026
0.890198
0.88258
0.871567
0.868004
0.857681
0.85112
0.847939
0.838787
0.833038
0.827576
0.822407
0.817539
0.812981
0.808735
0.80481
0.801208
0.796417
0.793629
0.791176
0.789055
0.787266
0.785809
0.784679
0.783886
0.783417
0.783276
0.783447
0.783943
0.784752
0.785866
0.787285
0.789005
0.791019
0.793316
0.797295
0.800285
0.803535
0.807041
0.81081
0.814796
0.819023
0.823467
0.828125
0.832981
0.838032
0.843266
0.848667
0.854229
0.85994
0.865791
0.871773
0.877869
0.884071
0.890366
0.896744
0.903191
0.909702
0.91626
0.922859
0.929482
0.936131
0.94611
0.949432
0.956055
0.962654
0.969212
0.978951
0.982162
0.991676
0.99791
1.00404
1.01005
1.01594
1.02169
1.02731
1.03278
1.0381
1.04326
1.04827
1.05311
1.05779
1.05779
1.06878
1.07487
1.07872
1.0824
1.0859
1.08922
1.09235
1.0953
1.09805
1.10059
1.10292
1.10505
1.10695
1.10864
1.1101
1.11134
1.11235
1.11314
1.11371
1.11406
1.11418
1.11409
1.11378
1.11326
1.11253
1.11159
1.11046
1.10839
1.10677
1.10496
1.10297
1.10081
1.09847
1.09597
1.09331
1.09049
1.08753
1.08442
1.08119
1.07782
1.07255
1.07073
1.06513
1.06128
1.05734
1.05331
1.04922
1.04506
1.04086
1.0366
1.03232
1.02802
1.02369
1.01936
1.01505
1.01075
1.00647
1.00221
0.99799
0.993801
0.989662
0.985569
0.981525
0.977539
0.97361
0.969742
0.965935
0.962193
0.958523
0.954922
0.951389
0.947937
0.942894
0.941254
0.938034
0.934895
0.930351
0.927433
0.92461
0.921886
0.919266
0.916752
0.914356
0.912083
0.909931
0.907909
0.906025
0.904282
0.902679
0.900551
0.899918
0.898243
0.897316
0.896542
0.89592
0.895447
0.895126
0.894958
0.894936
0.895061
0.895332
0.895752
0.896309
0.897007
0.897842
0.898811
0.89991
0.901131
0.903214
0.904739
0.906387
0.908146
0.910015
0.911987
0.914055
0.916222
0.919643
0.920826
0.923252
0.927032
0.929638
0.932308
0.93504
0.937828
0.940662
0.943542
0.946457
0.949406
0.952374
0.955364
0.95985
0.961346
0.965832
0.967327
0.971771
0.974701
0.977604
0.980465
0.983288
0.986069
0.9888
0.991478
0.992798
0.996666
0.999168
1.00161
1.00398
1.00629
1.00853
1.0107
1.01383
1.01583
1.01775
1.01961
1.02139
1.0231
1.02474
1.02631
1.0278
1.02922
1.03057
1.03185
1.03305
1.03419
1.03575
1.0367
1.03758
1.03838
1.03912
1.03978
1.04037
1.0409
1.04135
1.04173
1.04204
1.04228
1.04245
1.04255
1.04259
1.04251
1.04239
1.04219
1.04192
1.0416
1.04121
1.04076
1.04025
1.03968
1.03872
1.03802
1.03726
1.03645
1.03559
1.03469
1.03373
1.03222
1.0317
1.03007
1.02894
1.02777
1.02657
1.02534
1.02408
1.0228
1.02149
1.02016
1.01881
1.01744
1.01606
1.01465
1.01325
1.01182
1.01038
1.00895
1.00751
1.00606
1.0046
1.00313
1.00167
1.0002
0.998753
0.997318
0.995884
0.99445
0.993015
0.991608
0.989502
0.988113
0.98674
0.985371
0.984028
0.982689
0.981377
0.980076
0.978794
0.977531
0.976284
0.975063
0.973862
0.972683
0.971523
0.969837
0.968742
0.967674
0.966633
0.965622
0.964638
0.96368
0.962753
0.961857
0.960995
0.960163
0.959362
0.958595
0.957863
0.957165
0.956501
0.955872
0.955276
0.95472
0.954197
0.953487
0.95327
0.952671
0.95232
0.952156
0.951725
0.951488
0.95129
0.951126
0.951
0.950886
0.950859
0.950871
0.950916
0.950996
0.951115
0.951271
0.951462
0.951687
0.951946
0.95224
0.952568
0.952927
0.953522
0.953957
0.954185
0.954666
0.955173
0.955982
0.956554
0.95715
0.957764
0.958405
0.959064
0.95974
0.960442
0.961151
0.961884
0.962624
0.963768
0.964149
0.964931
0.965725
0.966518
0.967716
0.96854
0.969364
0.970188
0.971012
0.971836
0.97266
0.973484
0.974308
0.975132
0.975933
0.976727
0.97752
0.978313
0.979099
0.979862
0.980625
0.981384
0.982117
0.982849
0.98357
0.984272
0.984974
0.985981
0.986641
0.987282
0.987911
0.988522
0.98912
0.9897
0.990265
0.990814
0.991341
0.991859
0.992348
0.992348
0.993515
0.993942
0.994358
0.994755
0.995129
0.995495
0.995831
0.996155
0.99646
0.996746
0.997021
0.997265
0.997501
0.997715
0.997913
0.998096
0.998333
0.998409
0.998596
0.998657
0.998749
0.998837
0.998928
0.998955
0.998985
0.999012
0.999012
0.998981
0.998951
0.998898
0.998837
0.998764
0.998718
0.998581
0.99852
0.998337
0.998207
0.998055
0.997902
0.997738
0.997555
0.997372
0.997181
0.996967
0.996754
0.99654
0.996311
0.996067
0.995823
0.995579
0.995331
0.995056
0.994781
0.994507
0.994232
0.993958
0.993668
0.993362
0.992905
0.992599
0.992294
0.991989
0.991684
0.991379
0.991074
0.990768
0.990463
0.990158
0.989853
0.989548
0.989243
0.988785
0.98848
0.988174
0.987869
0.987564
0.987259
0.986954
0.986649
0.986343
0.986038
0.98558
0.985428
0.984993
0.984718
0.984444
0.984169
0.983894
0.98362
0.983345
0.983101
0.982857
0.982613
0.982368
0.982124
0.981903
0.981689
0.981476
0.981155
0.980957
0.980774
0.980682
0.980499
0.980232
0.980156
0.979927
0.979774
0.979626
0.979504
0.979382
0.979259
0.979145
0.979099
0.978962
0.97887
0.978786
0.978725
0.978664
0.978603
0.978554
0.978523
0.978493
0.978462
0.978443
0.978443
0.978443
0.978443
0.978447
0.978477
0.978508
0.978554
0.978569
0.978619
0.97871
0.978741
0.978832
0.978905
0.978951
0.979088
0.979179
0.979271
0.979362
0.979481
0.979603
0.979786
0.979908
0.98003
0.980152
0.980293
0.980446
0.980598
0.980751
0.980904
0.981056
0.981209
0.981361
0.981514
0.981667
0.981838
0.982021
0.982204
0.982388
0.982571
0.982754
0.983028
0.98312
0.983303
0.983578
0.983669
0.983944
0.984035
0.984219
0.984493
0.984676
0.984859
0.985043
0.985226
0.985409
0.985592
0.985775
0.985958
0.986141
0.986324
0.986496
0.986649
0.986801
0.986954
0.987106
0.987259
0.987411
0.987564
0.987717
0.987869
0.988022
0.988174
0.988377
0.988438
0.98856
0.988682
0.988804
0.988926
0.989048
0.989231
0.989292
0.989414
0.989555
0.989647
0.989738
0.989784
0.989922
0.989967
0.990105
0.990196
0.990273
0.990334
0.990395
0.990456
0.990517
0.990578
0.990639
0.9907
0.990761
0.990807
0.990837
0.990868
0.990898
0.990929
0.990959
0.99099
0.99102
0.991051
0.991081
0.991096
0.991096
0.991096
0.991096
0.991096
0.991096
0.991096
0.991096
0.991096
0.991096
0.991096
0.991096
0.991066
0.991035
0.991005
0.990974
0.990944
0.990913
0.990883
0.990852
0.990822
0.990776
0.990746
0.990715
0.990685
0.990654
0.990623
0.990578
0.990547
0.990517
0.990486
0.990456
0.990425
0.990395
0.990364
0.990334
0.990303
0.990269
0.990208
0.990147
0.990086
0.990055
0.989964
0.989902
0.989841
0.98978
0.989719
0.989674
0.989643
0.989613
0.989582
0.989552
0.989521
0.989491
0.98946
