0
3.05177e-05
7.62941e-05
9.1553e-05
0.000137329
0.000179291
0.000236512
0.000740052
0.00156021
0.00296402
0.00512314
0.00820541
0.0123367
0.0176315
0.0242004
0.0321083
0.0414009
0.0521011
0.0642281
0.0777588
0.0926781
0.108952
0.126537
0.145382
0.16544
0.186657
0.208977
0.232342
0.256695
0.281975
0.308128
0.335102
0.362827
0.39127
0.420361
0.450043
0.480267
0.510971
0.542103
0.573608
0.605434
0.637524
0.669819
0.702263
0.734806
0.783695
0.79998
0.848724
0.864914
0.913204
0.94511
0.976723
1.008
1.03889
1.08438
1.0993
1.12873
1.15759
1.1997
1.22694
1.25344
1.2792
1.29179
1.31635
1.35161
1.37401
1.39549
1.41603
1.43559
1.45417
1.47174
1.48829
1.50378
1.51822
1.53159
1.54388
1.55508
1.56518
1.57418
1.58209
1.58888
1.59457
1.59917
1.60268
1.60511
1.60646
1.60675
1.606
1.6042
1.60138
1.59756
1.59274
1.58696
1.58023
1.57258
1.56402
1.55458
1.54428
1.53316
1.52123
1.50853
1.49509
1.48093
1.45842
1.4506
1.43448
1.40922
1.40052
1.38274
1.36448
1.34576
1.32663
1.29725
1.27724
1.25695
1.2364
1.21564
1.2052
1.17363
1.15245
1.13119
1.12056
1.08863
1.0674
1.04624
1.02518
1.00428
0.993893
0.963036
0.94276
0.922768
0.903076
0.88372
0.864723
0.846111
0.827911
0.810143
0.792839
0.767799
0.75174
0.736217
0.721252
0.706867
0.693073
0.67989
0.667339
0.655437
0.644192
0.633617
0.62373
0.614536
0.606041
0.598251
0.591183
0.58482
0.579189
0.574268
0.570072
0.566597
0.563835
0.561783
0.560436
0.559792
0.559837
0.56057
0.561974
0.564041
0.566765
0.570129
0.574123
0.578732
0.583942
0.589741
0.596111
0.603035
0.610497
0.618481
0.626965
0.635937
0.645363
0.655235
0.665531
0.676231
0.687309
0.69875
0.710518
0.722603
0.734982
0.747631
0.760525
0.773636
0.786942
0.800419
0.814053
0.827812
0.841671
0.85561
0.869606
0.890656
0.897675
0.911697
0.925686
0.946548
0.953461
0.967209
0.980827
1.00097
1.01418
1.02719
1.03997
1.05251
1.06479
1.07679
1.0885
1.09425
1.111
1.12176
1.13218
1.14223
1.15192
1.16122
1.17013
1.17863
1.18671
1.1906
1.2016
1.20838
1.21471
1.22058
1.226
1.23094
1.23543
1.23944
1.24456
1.24604
1.24863
1.25164
1.2524
1.25359
1.25449
1.25456
1.25436
1.25322
1.25261
1.25108
1.24796
1.24672
1.24391
1.23894
1.23709
1.23096
1.22873
1.2215
1.21625
1.21066
1.20476
1.19855
1.19204
1.18526
1.17823
1.17095
1.16343
1.15569
1.14775
1.13962
1.13132
1.12287
1.11428
1.10556
1.09674
1.08784
1.07885
1.06981
1.06072
1.0516
1.04248
1.03335
1.02423
1.01514
1.0061
0.997116
0.988209
0.979393
0.97068
0.96209
0.953625
0.945297
0.937119
0.929104
0.921249
0.913567
0.906059
0.895157
0.891621
0.881321
0.877998
0.871513
0.862244
0.859276
0.853523
0.848026
0.8428
0.837849
0.833179
0.828796
0.824707
0.81913
0.817421
0.814232
0.811348
0.808769
0.805473
0.804531
0.802162
0.800964
0.800079
0.7995
0.799217
0.799236
0.799553
0.800579
0.80162
0.802944
0.80455
0.806427
0.808575
0.81097
0.815067
0.816555
0.821365
0.82486
0.828571
0.8325
0.836628
0.840954
0.847786
0.850151
0.855003
0.860012
0.86517
0.873158
0.878635
0.884224
0.889912
0.895683
0.901539
0.907459
0.913437
0.919464
0.925526
0.931618
0.937721
0.943825
0.949928
0.959076
0.962112
0.968163
0.977154
0.983074
0.98893
0.994701
1.00038
1.00595
1.01141
1.01675
1.02454
1.02706
1.03201
1.03918
1.04377
1.04601
1.05252
1.05666
1.06066
1.06449
1.06817
1.07169
1.07505
1.07824
1.08273
1.08413
1.08809
1.0905
1.09273
1.09476
1.09661
1.09825
1.09969
1.10148
1.10197
1.10281
1.10368
1.104
1.10413
1.10405
1.10378
1.10331
1.10265
1.1018
1.10076
1.09954
1.09815
1.09573
1.09391
1.09193
1.08979
1.0875
1.08506
1.08249
1.07977
1.07693
1.07397
1.06932
1.06607
1.06274
1.0593
1.05579
1.05219
1.04853
1.04481
1.04103
1.03722
1.03337
1.02756
1.02366
1.01975
1.01585
1.01197
1.0081
1.00426
1.00044
0.996651
0.992905
0.989197
0.983727
0.980141
0.976608
0.973133
0.969715
0.966358
0.963062
0.959835
0.956673
0.952061
0.949074
0.946159
0.943321
0.940559
0.937878
0.93528
0.931534
0.930332
0.92799
0.925743
0.922558
0.920563
0.918682
0.916912
0.915264
0.913738
0.912342
0.911076
0.909946
0.908947
0.908085
0.90736
0.906773
0.906143
0.906002
0.905781
0.905773
0.905857
0.906071
0.906414
0.907169
0.907825
0.908604
0.909039
0.910515
0.91164
0.912243
0.914215
0.915661
0.917206
0.919704
0.921486
0.922409
0.925301
0.926304
0.929436
0.93161
0.933853
0.936157
0.938519
0.940933
0.94339
0.945885
0.948414
0.950974
0.953545
0.956139
0.958733
0.961327
0.963921
0.966503
0.969067
0.971611
0.974136
0.976631
0.980316
0.982727
0.983917
0.986267
0.989712
0.990837
0.99305
0.996273
0.997322
0.999382
1.00236
1.00428
1.00521
1.00705
1.00968
1.01136
1.01297
1.01453
1.01529
1.01748
1.01886
1.02018
1.02144
1.02264
1.02377
1.02485
1.02586
1.02682
1.02771
1.02854
1.02931
1.03002
1.03067
1.03127
1.0318
1.03227
1.03268
1.03287
1.03334
1.03358
1.03376
1.03389
1.03397
1.03398
1.03394
1.03385
1.03371
1.03351
1.03326
1.03297
1.03262
1.03223
1.03179
1.03131
1.03078
1.03021
1.0296
1.02895
1.02826
1.02715
1.02676
1.02596
1.02513
1.02383
1.02292
1.02246
1.02151
1.02054
1.01904
1.01801
1.01696
1.01643
1.01536
1.01372
1.01261
1.01148
1.01035
1.00979
1.00805
1.00689
1.00631
1.00573
1.00341
1.00167
1.00051
0.999355
0.998196
0.997036
0.995876
0.994717
0.993557
0.992416
0.991287
0.990158
0.989029
0.98793
0.986832
0.985737
0.984669
0.983074
0.982555
0.981518
0.980495
0.978989
0.9785
0.977524
0.977043
0.97517
0.974255
0.97337
0.9725
0.971649
0.970825
0.97002
0.969238
0.968475
0.967743
0.967033
0.966011
0.965683
0.964737
0.964432
0.963848
0.96302
0.962761
0.962257
0.961552
0.96133
0.960712
0.960518
0.960155
0.95982
0.959377
0.959114
0.958992
0.958775
0.958588
0.958363
0.958248
0.95816
0.958103
0.958073
0.958073
0.958103
0.95816
0.958244
0.958355
0.958492
0.958656
0.958843
0.959057
0.959301
0.959568
0.959854
0.960163
0.960499
0.960854
0.961224
0.96162
0.962036
0.962463
0.962921
0.963627
0.964115
0.964622
0.965141
0.965672
0.966221
0.966496
0.967339
0.967918
0.968498
0.969078
0.969685
0.970295
0.970905
0.971516
0.972126
0.972736
0.973347
0.973957
0.974567
0.975178
0.975483
0.976398
0.977009
0.977619
0.97823
0.97884
0.979443
0.980022
0.980602
0.981182
0.982048
0.982323
0.982872
0.983421
0.983971
0.984749
0.985008
0.985527
0.986019
0.986752
0.986996
0.987682
0.987911
0.988358
0.988998
0.989414
0.989811
0.990009
0.990574
0.99094
0.991287
0.991623
0.991791
0.992256
0.992561
0.992836
0.993111
0.993362
0.993607
0.993839
0.994053
0.994263
0.994446
0.994629
0.994789
0.995083
0.995205
0.995327
0.995422
0.995514
0.995594
0.995655
0.995716
0.995754
0.995785
0.995815
0.995815
0.995815
0.995811
0.995781
0.99575
0.99572
0.995659
0.995598
0.995537
0.995457
0.995365
0.995228
0.995182
0.99506
0.994938
0.994816
0.994625
0.994549
0.994396
0.994167
0.994015
0.993855
0.993671
0.993488
0.993305
0.993122
0.992939
0.992756
0.992554
0.99234
0.992126
0.991913
0.991699
0.991486
0.991272
0.991058
0.990738
0.990631
0.990311
0.990204
0.98999
0.98967
0.989456
0.989243
0.989136
0.988922
0.988708
0.988388
0.988174
0.987961
0.987747
0.987534
0.98732
0.987106
0.986893
0.986679
0.986572
0.986252
0.986038
0.985825
0.985641
0.985458
0.985275
0.985092
0.984909
0.984726
0.984543
0.98436
0.9842
0.984047
0.983894
0.983742
0.983513
0.983437
0.983227
0.983105
0.982983
0.982861
0.982738
0.982616
0.982513
0.982422
0.98233
0.982239
0.982147
0.982056
0.981995
0.981934
0.981873
0.981812
0.98175
0.981705
0.981674
0.981644
0.981598
0.981567
0.981544
0.981544
0.981544
0.981544
0.981544
0.981544
0.981544
0.981567
0.981598
0.981628
0.981674
0.981705
0.98172
0.981758
0.98185
0.981911
0.981972
0.982002
0.982094
0.982155
0.982224
0.982315
0.982361
0.982498
0.98259
0.982681
0.982773
0.982864
0.982956
0.983047
0.983147
0.983269
0.983391
0.983513
0.983635
0.983757
0.983879
0.984001
0.984123
0.984245
0.984428
0.984489
0.984612
0.984734
0.984856
0.984978
0.9851
0.985222
0.985344
0.985466
0.985649
0.985771
0.985893
0.986015
0.986137
0.986259
0.986382
0.986504
0.986626
0.986748
0.98687
0.986992
0.987114
0.987236
0.987358
0.98748
0.987602
0.987724
0.987846
0.987968
0.988091
0.988213
0.988335
0.988457
0.988552
0.988644
0.988735
0.988827
0.988918
0.98901
0.989101
0.989193
0.989285
0.989376
0.989468
0.989559
0.989651
0.989742
0.989834
0.989895
0.989956
0.990017
0.990078
0.990139
0.9902
0.990292
0.990322
0.990383
0.990475
0.990536
0.990597
0.990654
0.990685
0.990715
0.990746
0.990776
0.990807
0.990837
0.990868
0.990898
0.990929
0.990959
0.99099
0.99102
0.991051
0.991081
0.991096
0.991096
0.991096
0.991096
0.991096
0.991096
0.991096
0.991096
0.991096
0.991096
0.991096
0.991096
0.991096
0.991096
0.991096
0.991096
0.991096
0.991096
0.991096
0.991096
0.991096
0.991096
0.991066
0.991035
0.99099
0.990974
0.990944
0.990898
0.990883
0.990837
0.990807
0.990776
0.990746
0.990715
0.990685
0.990654
0.990623
0.990593
0.990562
0.990532
