0
3.05177e-05
7.62941e-05
0.000106812
0.000137329
0.000167847
0.000251769
0.000511169
0.00110245
0.00297928
0.00395584
0.00655746
0.0123558
0.0148506
0.0242195
0.0321274
0.04142
0.0521202
0.0642471
0.0777817
0.0927048
0.108982
0.126568
0.145412
0.165466
0.186672
0.208973
0.232307
0.256618
0.281841
0.307922
0.334808
0.362442
0.390759
0.419716
0.449249
0.479309
0.509842
0.540783
0.572086
0.603699
0.635563
0.667622
0.699818
0.732105
0.764423
0.79673
0.845043
0.877075
0.908913
0.924744
0.971794
1.00274
1.01807
1.0634
1.09302
1.1221
1.1506
1.17848
1.2057
1.23223
1.25803
1.28305
1.30728
1.33067
1.3532
1.37484
1.39557
1.41535
1.43418
1.45202
1.46886
1.48468
1.49947
1.51321
1.5259
1.53752
1.55295
1.55755
1.56595
1.57327
1.58221
1.58466
1.58874
1.59175
1.5937
1.59466
1.59446
1.59328
1.59109
1.58789
1.58125
1.57563
1.56908
1.56161
1.55326
1.54404
1.53398
1.52311
1.51144
1.49253
1.47903
1.46484
1.45
1.43455
1.41849
1.40188
1.38476
1.36715
1.34909
1.33062
1.31176
1.29257
1.27307
1.25331
1.22324
1.21313
1.19278
1.16203
1.14145
1.12082
1.10019
1.0796
1.05908
1.03866
1.01839
0.998283
0.978386
0.958717
0.929729
0.920212
0.901421
0.882961
0.864864
0.838436
0.821331
0.804657
0.788441
0.772694
0.757454
0.742729
0.728546
0.71492
0.70187
0.683422
0.671886
0.660984
0.660984
0.641109
0.63216
0.623882
0.616283
0.609367
0.603142
0.597603
0.592754
0.588593
0.585117
0.582325
0.580212
0.57877
0.577999
0.577888
0.578953
0.580463
0.582607
0.585369
0.588741
0.59272
0.597282
0.602413
0.608105
0.614342
0.621101
0.628365
0.636116
0.644348
0.65303
0.662148
0.671677
0.681602
0.697182
0.702549
0.719128
0.724808
0.736374
0.754204
0.766384
0.778767
0.791328
0.80405
0.816898
0.829861
0.842915
0.856026
0.869179
0.882362
0.895527
0.908665
0.921757
0.934772
0.947701
0.960518
0.973209
0.985752
0.998127
1.01031
1.02229
1.03405
1.04557
1.05683
1.06782
1.07853
1.08896
1.09908
1.1089
1.1184
1.12758
1.13643
1.14492
1.15305
1.16082
1.17177
1.17522
1.18184
1.18805
1.19385
1.20178
1.20421
1.20876
1.21288
1.21656
1.22128
1.22389
1.22503
1.22781
1.22912
1.23
1.23046
1.23051
1.23014
1.22935
1.22816
1.22657
1.2246
1.22223
1.2195
1.21639
1.21293
1.20912
1.20498
1.2005
1.19571
1.19062
1.18524
1.17958
1.17365
1.16747
1.16104
1.15439
1.14753
1.13687
1.12953
1.12204
1.11439
1.10661
1.0987
1.09069
1.0826
1.07443
1.0662
1.05792
1.04962
1.0413
1.03299
1.02469
1.01643
1.00822
1.00007
0.992004
0.984028
0.976158
0.968407
0.960777
0.953281
0.94593
0.938725
0.931671
0.924774
0.918041
0.911484
0.905106
0.898914
0.892921
0.887135
0.881565
0.876209
0.871098
0.86623
0.861607
0.857227
0.853092
0.849228
0.845619
0.842278
0.839211
0.836411
0.833881
0.831627
0.829647
0.827942
0.826508
0.825348
0.824455
0.82383
0.823479
0.823387
0.823555
0.823978
0.824665
0.825596
0.826771
0.82819
0.829853
0.83173
0.833843
0.837418
0.840069
0.842922
0.845974
0.849213
0.852638
0.856236
0.860001
0.863926
0.868
0.872219
0.876568
0.881039
0.885632
0.890327
0.895123
0.897556
0.904976
0.910011
0.915108
0.920254
0.925449
0.9333
0.93856
0.94384
0.94912
0.954399
0.959648
0.964878
0.97007
0.975212
0.980301
0.985317
0.990257
0.995113
0.999882
1.00455
1.00911
1.01357
1.02004
1.02421
1.02825
1.03217
1.03597
1.03964
1.04318
1.04659
1.04987
1.05302
1.05604
1.05892
1.06167
1.06428
1.06675
1.07127
1.07331
1.0752
1.07694
1.07853
1.07995
1.08121
1.08231
1.08324
1.08401
1.0846
1.08503
1.08528
1.08536
1.08527
1.08502
1.0846
1.08402
1.08328
1.08238
1.08133
1.08012
1.07877
1.07728
1.07565
1.07389
1.07199
1.06893
1.06673
1.0656
1.06324
1.05951
1.05691
1.05422
1.05284
1.0486
1.04569
1.04273
1.04123
1.03667
1.03359
1.03048
1.02736
1.02421
1.02107
1.01793
1.01478
1.01165
1.00854
1.00544
1.00236
0.99931
0.996288
0.993301
0.990349
0.987431
0.98455
0.981712
0.978916
0.976158
0.973454
0.970787
0.968174
0.965611
0.963097
0.96064
0.958237
0.955887
0.953598
0.951366
0.9492
0.947094
0.945049
0.943073
0.941162
0.939323
0.937553
0.935856
0.934235
0.932686
0.931217
0.929829
0.92852
0.927299
0.92617
0.925133
0.924194
0.923355
0.922615
0.921982
0.921455
0.921036
0.920723
0.920521
0.920425
0.920441
0.920563
0.920792
0.921124
0.921562
0.9221
0.922741
0.923481
0.924313
0.92524
0.926258
0.927361
0.928551
0.929829
0.931175
0.932606
0.934105
0.935673
0.936481
0.941662
0.943497
0.945374
0.947289
0.949238
0.951218
0.953217
0.955231
0.957245
0.959286
0.96133
0.963356
0.96537
0.967384
0.969376
0.971359
0.973312
0.976208
0.977154
0.979034
0.980885
0.9827
0.985359
0.987087
0.988777
0.990425
0.992031
0.994366
0.995869
0.997322
0.998737
1.0001
1.00142
1.00269
1.00393
1.0051
1.00624
1.00785
1.00887
1.00983
1.01076
1.01163
1.01247
1.01325
1.01399
1.01468
1.01534
1.01593
1.01649
1.01725
1.01748
1.0179
1.01846
1.01863
1.01892
1.01918
1.0194
1.01957
1.01971
1.01981
1.01986
1.01987
1.01986
1.0198
1.0197
1.01957
1.01941
1.01921
1.01898
1.01871
1.01825
1.01791
1.01772
1.01733
1.0167
1.01624
1.01575
1.01524
1.0147
1.01414
1.01356
1.01295
1.01233
1.01169
1.01103
1.01036
1.00965
1.00895
1.00822
1.00748
1.00673
1.00596
1.0052
1.00441
1.00361
1.00282
1.00202
1.00119
1.00037
0.999546
0.998722
0.997898
0.997074
0.99625
0.995426
0.994602
0.993778
0.992954
0.99213
0.991306
0.99007
0.989658
0.988834
0.988018
0.986828
0.986034
0.985241
0.984459
0.983696
0.982933
0.98217
0.981438
0.980705
0.97998
0.979279
0.978577
0.977898
0.977226
0.97657
0.975929
0.9753
0.974689
0.974091
0.973511
0.972946
0.972397
0.971867
0.971348
0.970856
0.970371
0.969913
0.969471
0.969044
0.968643
0.968254
0.967712
0.967377
0.96706
0.966759
0.966484
0.966228
0.965988
0.965775
0.96558
0.965401
0.965248
0.965115
0.964996
0.964951
0.964832
0.964775
0.964745
0.964733
0.964737
0.964767
0.964813
0.964874
0.964962
0.965122
0.965244
0.965321
0.965553
0.965736
0.965927
0.965927
0.966366
0.96661
0.966862
0.967136
0.967411
0.967712
0.968018
0.968334
0.96867
0.969006
0.969357
0.969723
0.970089
0.970455
0.970455
0.971443
0.97184
0.972237
0.972645
0.973072
0.973286
0.973927
0.974354
0.974995
0.975422
0.975849
0.976063
0.976704
0.977131
0.977558
0.977985
0.978413
0.97884
0.979267
0.979694
0.980122
0.980549
0.980961
0.981358
0.981754
0.982151
0.982548
0.982944
0.983318
0.983685
0.984051
0.984417
0.984779
0.985115
0.985451
0.985786
0.986115
0.98642
0.986725
0.98703
0.98732
0.987595
0.987869
0.988144
0.988392
0.988758
0.98888
0.989113
0.989326
0.98954
0.989845
0.989937
0.99012
0.990395
0.990547
0.9907
0.990852
0.99099
0.991112
0.991234
0.991402
0.991493
0.991585
0.991676
0.991741
0.991802
0.991863
0.99192
0.991966
0.991997
0.992027
0.992043
0.992043
0.992043
0.992043
0.992039
0.992008
0.991978
0.991947
0.991917
0.991879
0.991817
0.991756
0.991695
0.991604
0.991573
0.991493
0.991402
0.99131
0.991173
0.991081
0.99099
0.990898
0.990784
0.990662
0.99054
0.990417
0.990295
0.990173
0.990051
0.989929
0.989807
0.989685
0.989563
0.989441
0.989319
0.98917
0.989017
0.988865
0.988712
0.98856
0.988407
0.988255
0.988102
0.987949
0.987797
0.987644
0.987492
0.987339
0.987186
0.987034
0.986881
0.986691
0.986629
0.986507
0.986385
0.986263
0.986141
0.986019
0.985897
0.985775
0.985653
0.985531
0.985348
0.985287
0.985165
0.985046
0.984909
0.984818
0.984726
0.984634
0.984589
0.984451
0.98436
0.984268
0.984222
0.984112
0.984051
0.98399
0.983929
0.983868
0.983807
0.983746
0.983685
0.983635
0.983604
0.983574
0.983543
0.983513
0.983482
0.983452
0.983421
0.983391
0.983391
0.983391
0.983391
0.983391
0.983391
0.983391
0.983391
0.983391
0.983398
0.983429
0.983475
0.983505
0.983536
0.983566
0.983597
0.983627
0.983673
0.983711
0.983772
0.983833
0.983894
0.983955
0.984016
0.984077
0.984138
0.9842
0.984261
0.984322
0.984383
0.984444
0.984505
0.984581
0.984718
0.984764
0.984901
0.984947
0.985039
0.98513
0.985222
0.985359
0.985405
0.985497
0.985634
0.98568
0.985817
0.985909
0.986
0.986092
0.986183
0.986275
0.986366
0.986458
0.986549
0.986687
0.986732
0.986824
0.986961
0.987007
0.987144
0.98719
0.987328
0.987419
0.987465
0.987602
0.987694
0.987785
0.987877
0.987968
0.98806
0.988152
0.988243
0.988335
0.988426
0.988518
0.988609
0.988697
0.988758
0.988819
0.98888
0.988941
0.989002
0.989063
0.989124
0.989216
0.989246
0.989307
0.989368
0.989429
0.989491
0.989552
0.989643
0.989674
0.989735
0.989826
0.989887
0.989944
0.989975
0.990005
0.990036
0.990067
0.990097
0.990128
0.990158
0.990189
0.990219
0.99025
0.99028
0.990311
0.990341
0.990372
0.990402
0.990433
0.990479
0.990494
0.990524
0.990555
0.990585
0.990597
0.990597
0.990597
0.990597
0.990597
0.990597
0.990597
0.990597
0.990597
0.990597
0.990597
0.990597
0.990597
0.990597
0.990597
0.990597
0.990597
0.990597
0.990597
0.990597
0.990597
0.990597
0.990597
0.990597
0.990597
0.990597
0.990597
0.990597
0.990597
0.990597
0.990597
0.990597
0.990597
0.990597
0.990597
0.990597
