0
4.57765e-05
7.62941e-05
0.000106812
0.000137329
0.000167847
0.00020981
0.000366212
0.000770569
0.00159073
0.00299454
0.00515366
0.00823593
0.0123711
0.0176659
0.0242348
0.0321426
0.0414352
0.0580292
0.0708656
0.0851097
0.100727
0.117683
0.135937
0.155422
0.176105
0.197918
0.209229
0.257
0.282295
0.308453
0.335407
0.363102
0.391487
0.420494
0.450069
0.48016
0.510696
0.541626
0.572903
0.604473
0.636284
0.668285
0.70042
0.732639
0.764896
0.797138
0.829308
0.861359
0.893242
0.924904
0.956303
0.987385
1.03331
1.0634
1.09301
1.1221
1.15064
1.17857
1.20586
1.23247
1.25836
1.28348
1.30782
1.33132
1.35396
1.37571
1.39655
1.41645
1.4354
1.45336
1.47031
1.48625
1.50116
1.51501
1.53382
1.54502
1.55022
1.5598
1.57215
1.57903
1.58483
1.58954
1.59318
1.59575
1.59725
1.5977
1.5971
1.59547
1.59283
1.5892
1.58457
1.57899
1.57246
1.56502
1.55667
1.54746
1.5374
1.52651
1.50871
1.5024
1.48923
1.47535
1.46079
1.43775
1.42164
1.40497
1.38777
1.37007
1.35192
1.33334
1.31438
1.29506
1.27544
1.25553
1.23539
1.21505
1.19455
1.17392
1.15319
1.13242
1.1116
1.09081
1.07007
1.03912
1.01864
0.998325
0.988239
0.958324
0.93869
0.919346
0.900322
0.881645
0.863338
0.845421
0.827927
0.810879
0.794308
0.778225
0.762646
0.747597
0.733101
0.71917
0.705822
0.693073
0.680931
0.669415
0.658531
0.64341
0.638695
0.625542
0.617603
0.61034
0.603748
0.597832
0.592602
0.588055
0.58419
0.581013
0.578514
0.576694
0.575554
0.575085
0.575279
0.576134
0.577641
0.579784
0.582558
0.585945
0.589943
0.594532
0.602489
0.608494
0.615036
0.622101
0.629669
0.637726
0.646244
0.655205
0.664597
0.674393
0.68457
0.695114
0.705997
0.717209
0.728718
0.740509
0.752548
0.764832
0.777336
0.790031
0.802898
0.81591
0.829048
0.842285
0.855602
0.86898
0.882393
0.895821
0.915936
0.922619
0.942589
0.955795
0.968903
0.98188
0.994709
1.00737
1.01984
1.0321
1.04414
1.05592
1.06743
1.08418
1.08961
1.10024
1.11056
1.12055
1.13489
1.144
1.15274
1.16109
1.16906
1.17662
1.18377
1.19371
1.1968
1.20543
1.21064
1.21539
1.2197
1.22356
1.22697
1.22993
1.23244
1.23451
1.23613
1.2373
1.23803
1.23833
1.23819
1.23763
1.23664
1.23524
1.23344
1.23123
1.22863
1.22564
1.22229
1.21856
1.21449
1.21008
1.20283
1.20026
1.19208
1.18921
1.18018
1.17382
1.16721
1.16038
1.15332
1.14606
1.1386
1.13097
1.12318
1.11525
1.10719
1.09902
1.09074
1.08238
1.07395
1.06546
1.05694
1.04839
1.03981
1.03124
1.02269
1.01416
1.00568
0.997253
0.988895
0.980625
0.968414
0.964401
0.952545
0.948658
0.93721
0.929768
0.922485
0.915363
0.908413
0.901646
0.895065
0.888683
0.882507
0.876549
0.870827
0.86533
0.860085
0.855095
0.850357
0.845886
0.839695
0.835911
0.832409
0.829197
0.826267
0.823627
0.821278
0.819221
0.817455
0.815983
0.814796
0.813908
0.813301
0.812981
0.812943
0.813183
0.813698
0.81448
0.815533
0.816845
0.818417
0.820232
0.822292
0.82584
0.828487
0.831364
0.834454
0.836079
0.841255
0.844948
0.848824
0.852879
0.857101
0.861485
0.866016
0.870686
0.875492
0.880421
0.88546
0.890598
0.895832
0.901146
0.906536
0.911991
0.9175
0.92305
0.928635
0.93425
0.939873
0.945518
0.951153
0.956768
0.96236
0.967915
0.973423
0.978878
0.984261
0.989567
0.994785
0.999905
1.00492
1.00983
1.01462
1.01929
1.02383
1.02825
1.03253
1.03668
1.0407
1.04457
1.04832
1.05192
1.05538
1.0587
1.06188
1.06491
1.06781
1.07055
1.07438
1.07674
1.07895
1.081
1.08287
1.08458
1.08611
1.08746
1.08863
1.08963
1.09044
1.09105
1.09149
1.09174
1.09181
1.0917
1.09142
1.09095
1.09032
1.08951
1.08855
1.08742
1.08612
1.08468
1.08308
1.08134
1.07946
1.07743
1.07528
1.07301
1.07061
1.06679
1.06546
1.06273
1.05989
1.05696
1.05241
1.05085
1.04768
1.04282
1.03952
1.03617
1.03279
1.02938
1.02597
1.02253
1.01908
1.01564
1.01222
1.0088
1.00541
1.00204
0.998692
0.99538
0.992104
0.988861
0.985664
0.98251
0.979401
0.976337
0.973328
0.970367
0.967457
0.964603
0.961807
0.957722
0.95639
0.953773
0.949963
0.948723
0.946297
0.942787
0.941654
0.938362
0.937302
0.934242
0.932304
0.93045
0.928684
0.92701
0.92543
0.923946
0.922565
0.921295
0.920135
0.919083
0.918152
0.917343
0.916641
0.916061
0.915604
0.915268
0.915054
0.914963
0.914993
0.915138
0.915398
0.915775
0.916264
0.916859
0.917564
0.918373
0.919285
0.9203
0.92141
0.922615
0.923912
0.925301
0.926769
0.928322
0.929955
0.93166
0.933437
0.935284
0.937191
0.940166
0.941189
0.944321
0.946465
0.947548
0.950848
0.953075
0.954189
0.957577
0.959835
0.962093
0.964352
0.966591
0.968819
0.971027
0.973217
0.97538
0.977512
0.979614
0.981682
0.983715
0.98571
0.987663
0.989574
0.989574
0.994156
0.995911
0.997616
0.999275
1.00088
1.00243
1.00394
1.00539
1.00679
1.00814
1.00944
1.01069
1.01189
1.01303
1.01412
1.01516
1.01616
1.01709
1.01798
1.01882
1.0196
1.02034
1.02102
1.02165
1.02224
1.02277
1.02325
1.02369
1.02408
1.02442
1.02471
1.02495
1.02515
1.02536
1.02544
1.02546
1.02548
1.02545
1.02532
1.02518
1.02501
1.02479
1.02453
1.02423
1.0239
1.02353
1.02312
1.02268
1.0222
1.02169
1.02115
1.02058
1.01998
1.01935
1.0187
1.01802
1.01731
1.01658
1.01583
1.01506
1.01427
1.01345
1.01263
1.01178
1.01093
1.01004
1.00916
1.00826
1.00734
1.00597
1.0055
1.00409
1.00314
1.00219
1.00125
1.0003
0.999355
0.998405
0.997429
0.996479
0.995533
0.994587
0.993641
0.992695
0.991749
0.990803
0.989857
0.988926
0.98801
0.987095
0.986179
0.985283
0.984398
0.983513
0.982643
0.981789
0.980934
0.980106
0.979282
0.978477
0.977684
0.976906
0.976143
0.975395
0.974663
0.973949
0.973248
0.972572
0.971909
0.971268
0.970646
0.970036
0.969166
0.968891
0.968086
0.967827
0.967083
0.966618
0.966171
0.965744
0.965347
0.96497
0.964615
0.964279
0.963974
0.963692
0.963432
0.963196
0.962982
0.962799
0.962715
0.962498
0.962379
0.962288
0.962223
0.962181
0.962158
0.962158
0.962185
0.962234
0.962303
0.962395
0.962509
0.962643
0.962795
0.963169
0.963383
0.963619
0.963867
0.964142
0.964424
0.964729
0.965046
0.965382
0.965729
0.966095
0.966465
0.966862
0.967258
0.967674
0.968102
0.968529
0.968975
0.969433
0.969891
0.970348
0.970833
0.971321
0.971809
0.972298
0.972786
0.973274
0.973763
0.974262
0.974781
0.9753
0.975819
0.976337
0.976856
0.97736
0.977848
0.978336
0.978825
0.979313
0.979801
0.980289
0.980778
0.981258
0.981945
0.982174
0.982632
0.983089
0.983532
0.984173
0.984386
0.985023
0.985222
0.985817
0.986214
0.986588
0.986954
0.98732
0.987671
0.988007
0.988342
0.988663
0.988968
0.989273
0.989559
0.989834
0.990108
0.99036
0.990604
0.990849
0.991066
0.99128
0.991489
0.991673
0.991856
0.992031
0.992184
0.992336
0.992481
0.992603
0.992725
0.992886
0.992931
0.993023
0.993111
0.993172
0.993263
0.993294
0.993343
0.993359
0.993389
0.993408
0.993408
0.993408
0.993401
0.99337
0.99334
0.993309
0.993271
0.99321
0.993149
0.993088
0.993027
0.992943
0.992851
0.99276
0.992668
0.992577
0.99247
0.992348
0.992226
0.992104
0.991982
0.991859
0.991737
0.991592
0.99144
0.991287
0.991135
0.990982
0.990829
0.990677
0.990524
0.990295
0.990219
0.990067
0.989906
0.989723
0.989449
0.989265
0.989174
0.988991
0.988716
0.988533
0.98835
0.988167
0.987984
0.987801
0.987617
0.987434
0.987251
0.987076
0.986847
0.986694
0.986542
0.986389
0.986237
0.986084
0.985931
0.985703
0.985626
0.985474
0.985245
0.985092
0.985031
0.984848
0.984726
0.984604
0.984482
0.98436
0.984238
0.984116
0.984005
0.983913
0.983822
0.98373
0.983639
0.983547
0.983456
0.983364
0.983303
0.983212
0.98315
0.983089
0.983028
0.982967
0.982914
0.982883
0.982853
0.982822
0.982792
0.982761
0.982731
0.982704
0.982704
0.982704
0.982704
0.982704
0.982704
0.982704
0.982704
0.982738
0.982754
0.982784
0.98283
0.982845
0.982891
0.982906
0.982952
0.983006
0.983067
0.983128
0.983189
0.98325
0.983311
0.983372
0.983433
0.983494
0.983555
0.98362
0.983711
0.983803
0.983894
0.983986
0.984077
0.984169
0.984261
0.984352
0.984444
0.984535
0.984627
0.984718
0.98481
0.984901
0.984993
0.985085
0.985176
0.985268
0.985359
0.985451
0.985542
0.985634
0.985725
0.985817
0.985909
0.986015
0.986137
0.986256
0.986347
0.986439
0.98653
0.986668
0.986759
0.986851
0.986942
0.987034
0.987125
0.987217
0.987309
0.9874
0.987492
0.987583
0.987675
0.987766
0.987858
0.987949
0.988041
0.988087
0.988224
0.988316
0.988453
0.988544
0.988636
0.988728
0.988819
0.988911
0.989002
0.989094
0.989159
0.98922
0.989281
0.989342
0.989403
0.989464
0.989525
0.989586
0.989647
0.989708
0.989769
0.98983
0.989891
0.989952
0.990013
0.990074
0.990135
0.990181
0.990227
0.990242
0.990288
0.990318
0.990334
0.990364
0.990395
0.99044
0.990471
0.990486
0.990532
0.990562
0.990593
0.990623
0.990639
0.990685
0.990715
0.990746
0.990749
0.990749
0.990749
0.990749
0.990749
0.990749
0.990749
0.990749
0.990749
0.990749
0.990749
0.990749
0.990749
0.990749
0.990749
0.990749
0.990749
0.990749
0.990749
0.990749
0.990749
0.990749
0.990749
0.990749
0.990749
0.990749
0.990749
0.990749
0.990749
0.990749
0.990749
0.990749
0.990749
