0
3.05177e-05
7.62941e-05
9.1553e-05
0.000122071
0.000152588
0.000236512
0.000740052
0.00156021
0.00296402
0.00512314
0.00820541
0.0123367
0.0176315
0.0242004
0.0321083
0.0414009
0.0521011
0.0642281
0.0777626
0.0926895
0.108971
0.126568
0.145435
0.16552
0.186768
0.209118
0.232517
0.256901
0.282227
0.308426
0.335445
0.363232
0.391716
0.420845
0.450565
0.480824
0.511555
0.542713
0.574238
0.606075
0.638165
0.67046
0.7029
0.735435
0.768013
0.800571
0.833065
0.86544
0.897648
0.929646
0.977104
0.99276
1.02379
1.06956
1.09948
1.12888
1.1577
1.18592
1.21349
1.24037
1.26652
1.29191
1.3165
1.34026
1.36314
1.38514
1.40621
1.42633
1.44549
1.46365
1.48079
1.49691
1.51199
1.526
1.53894
1.55081
1.5616
1.57572
1.58376
1.59071
1.59657
1.60133
1.605
1.60758
1.60909
1.60953
1.60891
1.60725
1.60455
1.60084
1.59614
1.59046
1.58382
1.57624
1.56776
1.55838
1.54814
1.53707
1.52519
1.51253
1.49911
1.48498
1.47016
1.44671
1.43858
1.42189
1.3958
1.38684
1.36857
1.34032
1.3307
1.31116
1.28123
1.26091
1.24033
1.22995
1.19855
1.17744
1.15621
1.13491
1.11358
1.09225
1.07096
1.04975
1.02864
1.00768
0.986889
0.966309
0.945972
0.925919
0.906174
0.886761
0.867706
0.849041
0.830788
0.812973
0.795612
0.778736
0.762367
0.746525
0.723797
0.709358
0.702362
0.688828
0.669682
0.657711
0.6464
0.635754
0.625786
0.616505
0.607918
0.600033
0.592857
0.586403
0.580654
0.575634
0.571327
0.567741
0.564873
0.562717
0.561268
0.560516
0.560459
0.561085
0.562386
0.56435
0.566971
0.570232
0.574123
0.578625
0.583736
0.589436
0.595707
0.606152
0.609901
0.61779
0.626183
0.639675
0.649242
0.659245
0.669655
0.680466
0.691647
0.703171
0.715023
0.727173
0.739605
0.752285
0.765198
0.778316
0.791611
0.805065
0.818645
0.83234
0.853027
0.859955
0.873833
0.887718
0.908531
0.915451
0.929249
0.942966
0.956589
0.976788
0.983444
0.996639
1.00964
1.02245
1.04123
1.05343
1.06536
1.07701
1.08836
1.08836
1.1048
1.12051
1.13055
1.14022
1.14953
1.15845
1.16276
1.17509
1.18649
1.19355
1.20018
1.20636
1.2121
1.21739
1.22222
1.22861
1.2323
1.23397
1.2383
1.23951
1.24247
1.24386
1.24481
1.2453
1.24535
1.24496
1.24414
1.24289
1.24121
1.23912
1.23662
1.23372
1.23044
1.22678
1.22275
1.21836
1.21363
1.20856
1.20318
1.19749
1.1915
1.18523
1.1787
1.17191
1.16487
1.16128
1.15017
1.14251
1.13468
1.12669
1.11854
1.11025
1.10184
1.09333
1.08472
1.07603
1.06728
1.05848
1.04964
1.04079
1.03194
1.0231
1.01429
1.00552
0.992493
0.988186
0.979649
0.97121
0.958771
0.950642
0.946629
0.934807
0.930943
0.923332
0.912235
0.908623
0.898064
0.891262
0.884666
0.878284
0.872131
0.866196
0.860504
0.855068
0.849895
0.844986
0.840351
0.835991
0.831917
0.828133
0.824642
0.819954
0.818542
0.815941
0.813641
0.811642
0.809944
0.808548
0.807449
0.806362
0.806007
0.805939
0.806171
0.806686
0.80748
0.808552
0.809895
0.811501
0.813377
0.815498
0.817863
0.820473
0.823326
0.826412
0.82972
0.833237
0.83696
0.840878
0.844982
0.849266
0.853722
0.858334
0.863098
0.868004
0.873039
0.878197
0.883469
0.888847
0.894321
0.899879
0.905518
0.911217
0.916973
0.922783
0.928627
0.937443
0.940388
0.946278
0.952168
0.958057
0.963921
0.969749
0.975533
0.981262
0.986919
0.9925
0.99799
1.00338
1.01127
1.01384
1.01889
1.02382
1.02862
1.03557
1.04003
1.04221
1.04852
1.05256
1.05644
1.06018
1.06377
1.06721
1.0705
1.07363
1.0766
1.07941
1.08205
1.08451
1.0868
1.08891
1.09083
1.09256
1.09409
1.09544
1.09658
1.09753
1.09828
1.09904
1.0992
1.09936
1.09933
1.09911
1.09843
1.09774
1.09733
1.09637
1.09524
1.09394
1.09167
1.08996
1.08809
1.0871
1.08391
1.0816
1.07916
1.0766
1.07391
1.0711
1.06818
1.06515
1.06202
1.0588
1.0555
1.05212
1.04868
1.04517
1.04161
1.03801
1.03438
1.03072
1.02705
1.02336
1.01966
1.01598
1.01232
1.00867
1.00504
1.00144
0.997868
0.994331
0.990833
0.987373
0.983959
0.980591
0.977276
0.974007
0.970791
0.967632
0.964527
0.961483
0.9585
0.955578
0.951309
0.948547
0.947193
0.94323
0.941944
0.938206
0.93581
0.934643
0.932369
0.929115
0.927055
0.925091
0.923222
0.921455
0.919792
0.91824
0.916805
0.915485
0.914284
0.913216
0.91227
0.911446
0.910759
0.910198
0.909771
0.90947
0.909302
0.90926
0.909351
0.909565
0.909901
0.910358
0.910938
0.911636
0.912895
0.913372
0.914406
0.916157
0.91745
0.918133
0.92033
0.921913
0.923584
0.925339
0.927174
0.929085
0.931068
0.933121
0.935234
0.937408
0.93964
0.941917
0.944244
0.946606
0.948994
0.951405
0.953835
0.956276
0.958717
0.961159
0.9636
0.966015
0.968426
0.970806
0.973167
0.975502
0.97781
0.980083
0.982323
0.984528
0.986687
0.988808
0.990883
0.993908
0.994892
0.996826
0.998707
1.00054
1.00319
1.00404
1.00653
1.00812
1.00965
1.01113
1.01255
1.01392
1.01522
1.01648
1.01825
1.01936
1.02041
1.02091
1.02234
1.02323
1.02406
1.02483
1.02554
1.0262
1.02681
1.02736
1.02785
1.02829
1.02868
1.02901
1.02929
1.02952
1.02969
1.02981
1.02988
1.0299
1.02988
1.0298
1.02967
1.0295
1.02929
1.02902
1.02871
1.02836
1.02797
1.02754
1.02707
1.02655
1.02655
1.0248
1.02448
1.02346
1.02274
1.022
1.02122
1.02042
1.0196
1.01874
1.01786
1.01697
1.01606
1.01512
1.01417
1.0132
1.01222
1.01122
1.01022
1.00921
1.00817
1.00713
1.0061
1.00506
1.00399
1.00293
1.00186
1.00026
0.999187
0.998653
0.997051
0.996517
0.995449
0.993847
0.99332
0.991764
0.990726
0.990208
0.988655
0.987648
0.987144
0.986137
0.984653
0.983677
0.983189
0.982235
0.980816
0.979897
0.978981
0.978088
0.977646
0.976345
0.975491
0.974667
0.973854
0.973061
0.97229
0.971535
0.970802
0.970093
0.969398
0.968727
0.968082
0.967461
0.966858
0.966278
0.965729
0.965202
0.964699
0.964218
0.963764
0.963337
0.962936
0.962563
0.962215
0.961891
0.961594
0.961323
0.961079
0.960865
0.960678
0.960518
0.960384
0.960278
0.960194
0.960121
0.960106
0.960114
0.960129
0.960209
0.960297
0.960407
0.960541
0.960693
0.960876
0.961079
0.9613
0.961544
0.961815
0.962101
0.962406
0.962734
0.963074
0.96344
0.963818
0.964214
0.964622
0.96505
0.965485
0.965942
0.9664
0.966885
0.967373
0.967861
0.96838
0.968899
0.969418
0.96994
0.97049
0.971039
0.971588
0.972137
0.972687
0.973236
0.973785
0.974335
0.974884
0.975708
0.976257
0.976807
0.977356
0.97818
0.978729
0.979004
0.979828
0.980377
0.980644
0.981422
0.981941
0.98246
0.982971
0.983459
0.984192
0.984436
0.984905
0.985363
0.98605
0.986267
0.986694
0.987122
0.987537
0.988132
0.988331
0.988895
0.989079
0.989445
0.989952
0.99012
0.990448
0.990753
0.991207
0.991482
0.991756
0.99189
0.992256
0.9925
0.992714
0.992928
0.993126
0.993309
0.993492
0.993649
0.993801
0.993877
0.994068
0.99419
0.994293
0.994385
0.994476
0.994541
0.994602
0.994663
0.994694
0.994724
0.994755
0.994755
0.994755
0.994755
0.994717
0.994701
0.994671
0.994629
0.994568
0.994507
0.994415
0.994324
0.994232
0.994141
0.994049
0.993935
0.993813
0.99369
0.993568
0.993446
0.993301
0.993149
0.992996
0.992844
0.992691
0.992462
0.992371
0.992188
0.991913
0.991821
0.991638
0.991364
0.991272
0.991089
0.990906
0.990631
0.990448
0.990345
0.990131
0.989918
0.989704
0.989384
0.989277
0.988956
0.98885
0.988529
0.988316
0.988102
0.987888
0.987675
0.987461
0.98727
0.987087
0.986904
0.986721
0.986538
0.986355
0.986172
0.985989
0.985806
0.985622
0.985439
0.985256
0.985092
0.98494
0.984787
0.984634
0.984482
0.984329
0.9841
0.984024
0.983894
0.983772
0.983589
0.983528
0.983345
0.983284
0.983162
0.983025
0.982933
0.982841
0.98275
0.982658
0.982574
0.982513
0.982452
0.982391
0.98233
0.982269
0.982212
0.982182
0.982151
0.982121
0.98209
0.982059
0.982029
0.982029
0.982029
0.982029
0.982029
0.982029
0.982029
0.982044
0.98209
0.982121
0.982151
0.982182
0.982212
0.982243
0.982296
0.982357
0.982418
0.982479
0.98254
0.982601
0.982693
0.982754
0.982838
0.982929
0.983021
0.983112
0.983204
0.983295
0.983387
0.983479
0.98357
0.983662
0.983753
0.983845
0.983948
0.98407
0.984192
0.984314
0.984436
0.984558
0.98468
0.984802
0.984924
0.985046
0.985168
0.985291
0.985413
0.985535
0.985657
0.985779
0.985901
0.986084
0.986145
0.986267
0.98645
0.986572
0.986694
0.986816
0.986938
0.987061
0.987183
0.987305
0.987427
0.987549
0.987671
0.987793
0.987915
0.988037
0.988152
0.988243
0.988335
0.988426
0.988518
0.988609
0.988701
0.988792
0.988884
0.988976
0.989067
0.989159
0.989296
0.989388
0.989479
0.989571
0.989647
0.989708
0.989769
0.98983
0.989891
0.989952
0.990013
0.990074
0.990135
0.990196
0.990257
0.990318
0.990379
0.99044
0.99049
0.99052
0.990551
0.990582
0.990612
0.990643
0.990673
0.990704
0.990734
0.990765
0.990795
0.990826
0.990856
0.990887
0.990917
0.990948
0.990959
0.990959
0.990959
0.990959
0.990959
0.990959
0.990959
0.990959
0.990959
0.990959
0.990959
0.990959
0.990959
0.990959
0.990959
0.990959
0.990959
0.990959
0.990959
0.990959
0.990959
0.990959
0.990959
0.990959
0.990948
0.990917
0.990887
0.990856
0.990826
0.990795
0.990765
0.990734
0.990704
0.990673
0.990643
0.990612
0.990582
0.990536
