0
3.05177e-05
6.10353e-05
9.1553e-05
0.000122069
0.000152587
0.000236511
0.000495911
0.00108337
0.00217438
0.00393677
0.00653839
0.010128
0.0148277
0.0207481
0.0279808
0.0365753
0.0465698
0.0579834
0.070816
0.0926895
0.100662
0.117607
0.135845
0.155327
0.186741
0.209072
0.232437
0.244492
0.282043
0.308163
0.335083
0.362743
0.391083
0.405487
0.449566
0.479595
0.510063
0.540928
0.572121
0.6036
0.635288
0.667145
0.699112
0.73114
0.763176
0.795166
0.827057
0.85881
0.890373
0.9217
0.952736
0.968132
0.998661
1.04369
1.07314
1.10209
1.1305
1.15834
1.18556
1.22519
1.23806
1.26328
1.28774
1.31144
1.34548
1.35641
1.37761
1.40776
1.42671
1.44471
1.45335
1.47779
1.48545
1.5069
1.51992
1.53189
1.54281
1.55267
1.56148
1.56921
1.57588
1.58148
1.58602
1.58949
1.59191
1.59327
1.59359
1.59289
1.59116
1.58844
1.58472
1.58003
1.57439
1.5642
1.56034
1.55198
1.54276
1.53269
1.51608
1.51015
1.49775
1.48461
1.47078
1.4488
1.44117
1.41737
1.40081
1.38373
1.36617
1.34817
1.32976
1.31097
1.29185
1.27243
1.25273
1.23281
1.21271
1.19244
1.17204
1.15155
1.13101
1.11044
1.08988
1.06936
1.0489
1.02855
1.00834
0.988277
0.96841
0.948772
0.929382
0.910278
0.891483
0.873024
0.854927
0.837215
0.819912
0.80304
0.786621
0.770668
0.755226
0.740292
0.725895
0.712051
0.69878
0.686096
0.674011
0.662544
0.64653
0.64151
0.631966
0.618885
0.614861
0.607315
0.597271
0.594265
0.588772
0.583973
0.578068
0.576443
0.572605
0.5709
0.569881
0.569538
0.569862
0.57085
0.572487
0.574772
0.577694
0.581234
0.585384
0.590134
0.595467
0.601364
0.607811
0.614792
0.622295
0.630291
0.638775
0.652348
0.657089
0.666889
0.682331
0.687664
0.698597
0.709862
0.721436
0.733299
0.74543
0.757805
0.77039
0.789631
0.802666
0.815834
0.822464
0.842499
0.855946
0.869438
0.876198
0.889717
0.909958
0.923393
0.936764
0.950035
0.963203
0.976231
0.989105
1.0018
1.01431
1.02659
1.03863
1.05043
1.06195
1.0732
1.08416
1.09481
1.10517
1.1152
1.1249
1.13883
1.1433
1.15616
1.16428
1.17201
1.17935
1.18629
1.19593
1.19893
1.20461
1.21233
1.21693
1.22109
1.2248
1.22805
1.23087
1.23323
1.23515
1.23663
1.23765
1.23824
1.2384
1.23812
1.23742
1.2363
1.23477
1.23283
1.22919
1.22628
1.22299
1.21933
1.21532
1.21096
1.20628
1.20126
1.19593
1.19032
1.18135
1.17504
1.16846
1.16166
1.15463
1.14739
1.13996
1.13234
1.12457
1.11663
1.10858
1.1004
1.09212
1.08375
1.0753
1.06252
1.05394
1.04533
1.03672
1.0281
1.0195
1.01093
1.0024
0.993938
0.985554
0.977264
0.965042
0.961029
0.953094
0.945301
0.933887
0.926472
0.919224
0.912151
0.905254
0.898544
0.892036
0.885731
0.879642
0.873779
0.868149
0.862762
0.85762
0.852741
0.845913
0.841694
0.837746
0.834076
0.830685
0.827572
0.824741
0.822201
0.819946
0.817104
0.815575
0.814915
0.813374
0.812706
0.812321
0.812222
0.812401
0.812859
0.813587
0.814583
0.815849
0.817364
0.819149
0.821178
0.82468
0.825954
0.830135
0.833199
0.836472
0.839951
0.843624
0.847485
0.851524
0.855736
0.860111
0.864635
0.871689
0.874107
0.881546
0.886639
0.891834
0.897118
0.902485
0.907921
0.913418
0.918964
0.924553
0.930172
0.935818
0.941463
0.947109
0.952755
0.961208
0.966812
0.972378
0.97789
0.983345
0.988728
0.99403
0.999241
1.00435
1.00936
1.01425
1.02137
1.02595
1.02819
1.03473
1.03891
1.04296
1.04687
1.05246
1.05426
1.05774
1.06108
1.06428
1.06733
1.07162
1.0743
1.07682
1.07918
1.08138
1.08341
1.08528
1.08698
1.08918
1.08983
1.0915
1.09238
1.09307
1.09357
1.09389
1.09403
1.09398
1.09374
1.09333
1.09274
1.09197
1.09104
1.08993
1.08797
1.08646
1.08481
1.083
1.08105
1.07787
1.07674
1.07317
1.07192
1.06799
1.06523
1.06237
1.05941
1.05637
1.05324
1.05003
1.04509
1.04172
1.03831
1.03485
1.03136
1.02785
1.02431
1.02077
1.01546
1.01369
1.00842
1.00666
1.00145
0.998005
0.994598
0.991226
0.987892
0.984608
0.981369
0.97818
0.97504
0.971951
0.968914
0.965939
0.96302
0.958752
0.957359
0.953281
0.951954
0.948074
0.946815
0.943138
0.940777
0.939625
0.936275
0.934143
0.932095
0.930126
0.928246
0.926453
0.924755
0.923157
0.921665
0.920277
0.919003
0.917843
0.916805
0.91589
0.915096
0.914425
0.914135
0.913448
0.913143
0.91296
0.912899
0.91296
0.913143
0.913448
0.913868
0.914402
0.915051
0.915806
0.916672
0.917641
0.918713
0.919884
0.92115
0.923225
0.924717
0.9263
0.927963
0.929699
0.931507
0.933392
0.935337
0.937344
0.939407
0.941528
0.943695
0.945904
0.948147
0.95042
0.952713
0.956192
0.958511
0.959671
0.96199
0.96431
0.967785
0.970074
0.972347
0.974598
0.975712
0.979015
0.981174
0.983299
0.985386
0.987431
0.989433
0.991398
0.994247
0.99609
0.997879
0.999622
1.00132
1.00295
1.00454
1.00607
1.00755
1.00897
1.01034
1.01165
1.01291
1.01412
1.01527
1.01636
1.0174
1.01839
1.01932
1.0202
1.02102
1.02179
1.02251
1.02317
1.02317
1.02435
1.02509
1.02552
1.02608
1.02639
1.02665
1.02686
1.02702
1.02713
1.02719
1.02721
1.02719
1.02711
1.027
1.02684
1.02663
1.02639
1.0261
1.02577
1.0254
1.02499
1.02455
1.02407
1.02356
1.02302
1.02244
1.02183
1.02119
1.02052
1.01981
1.01908
1.01833
1.01756
1.01677
1.01594
1.01467
1.0138
1.01292
1.01247
1.01155
1.01016
1.00969
1.00827
1.00729
1.00631
1.00534
1.00435
1.00335
1.00234
1.00133
1.00032
0.999317
0.99831
0.997303
0.996296
0.995289
0.994282
0.993275
0.992268
0.991291
0.990314
0.989338
0.987873
0.986927
0.985981
0.985035
0.984112
0.983196
0.982281
0.981396
0.980511
0.980072
0.97879
0.977955
0.977131
0.976326
0.975533
0.974766
0.974007
0.97364
0.972557
0.971855
0.97118
0.97052
0.969879
0.969269
0.968674
0.968098
0.967548
0.967022
0.966518
0.966034
0.965576
0.965145
0.964737
0.964348
0.963982
0.963646
0.963337
0.963051
0.962788
0.962547
0.962334
0.962147
0.961983
0.961842
0.961723
0.961632
0.961567
0.961525
0.961506
0.96151
0.96154
0.961594
0.96167
0.961765
0.961887
0.962032
0.962193
0.962475
0.962688
0.962803
0.963177
0.963451
0.963741
0.963894
0.964375
0.96471
0.96489
0.965439
0.965832
0.966228
0.96664
0.967068
0.967495
0.967953
0.96841
0.968868
0.969349
0.969837
0.970325
0.970814
0.971313
0.971832
0.972351
0.97287
0.973389
0.973907
0.974686
0.974945
0.975464
0.976242
0.976761
0.97728
0.977539
0.978317
0.978577
0.979355
0.97987
0.980358
0.980846
0.981335
0.981823
0.982311
0.982769
0.983227
0.983685
0.984142
0.98457
0.984997
0.985424
0.985836
0.986233
0.986629
0.987019
0.987385
0.987751
0.98811
0.988445
0.988781
0.989109
0.989414
0.989719
0.990013
0.990288
0.990562
0.990818
0.991062
0.991306
0.991524
0.991844
0.991951
0.992226
0.992409
0.992493
0.992722
0.992798
0.993
0.993122
0.993244
0.993336
0.993427
0.993519
0.99358
0.993641
0.993702
0.993736
0.993767
0.993797
0.993809
0.993809
0.993809
0.993805
0.993774
0.993744
0.993713
0.993675
0.993614
0.993523
0.993492
0.993431
0.99334
0.993202
0.993156
0.993065
0.992905
0.992844
0.992661
0.992538
0.992416
0.992294
0.992149
0.991997
0.991844
0.991692
0.991539
0.991386
0.991234
0.991081
0.990929
0.990753
0.99057
0.990387
0.990204
0.990021
0.989838
0.989655
0.989471
0.989288
0.989105
0.988922
0.988739
0.988556
0.988373
0.98819
0.988007
0.987823
0.98764
0.987457
0.987183
0.987
0.986908
0.986633
0.986542
0.986359
0.986183
0.985954
0.985802
0.985649
0.985497
0.985344
0.985191
0.985039
0.984886
0.984734
0.984592
0.98447
0.984348
0.984226
0.984104
0.983982
0.98386
0.983738
0.983631
0.98354
0.983448
0.983356
0.983265
0.983173
0.983082
0.983006
0.982944
0.982883
0.982822
0.982761
0.9827
0.982639
0.982605
0.982559
0.982529
0.982513
0.982468
0.982437
0.982426
0.982426
0.982426
0.982426
0.982426
0.982426
0.982426
0.982441
0.982471
0.982502
0.982533
0.982563
0.982594
0.982624
0.982655
0.982704
0.982765
0.982826
0.982887
0.982948
0.983009
0.98307
0.983131
0.983192
0.983253
0.983345
0.983437
0.983574
0.98362
0.983757
0.983803
0.983894
0.983986
0.984123
0.984215
0.984306
0.984398
0.984489
0.984581
0.984673
0.984779
0.984901
0.985023
0.985085
0.985268
0.98539
0.985512
0.985634
0.985756
0.985878
0.986
0.986122
0.986244
0.986305
0.986549
0.986671
0.986794
0.986916
0.987038
0.98716
0.987282
0.987404
0.987511
0.987602
0.987694
0.987785
0.987877
0.987968
0.98806
0.988152
0.988243
0.988335
0.988426
0.988518
0.988609
0.988701
0.988792
0.988884
0.988976
0.989067
0.989159
0.98925
0.989315
0.989376
0.989437
0.989498
0.989559
0.98962
0.989681
0.989773
0.989803
0.989895
0.989925
0.989986
0.990078
0.990139
0.99017
0.99025
0.990265
0.990311
0.990341
0.990356
0.990402
0.990417
0.990463
0.990494
0.990524
0.990555
0.990585
0.990616
0.990646
0.990677
0.990692
0.990738
0.990768
0.990772
0.990772
0.990772
0.990772
0.990772
0.990772
0.990772
0.990772
0.990772
0.990772
0.990772
0.990772
0.990772
0.990772
0.990772
0.990772
0.990772
0.990772
0.990772
0.990772
0.990772
0.990772
0.990772
0.990772
0.990772
0.990772
0.990772
0.990772
0.990772
0.990772
0.990761
0.99073
0.9907
0.990669
0.990639
0.990608
0.990578
0.990547
0.990517
0.990486
0.990456
