0
3.05177e-05
6.1034e-05
9.15517e-05
0.000122069
0.000152587
0.000194549
0.000350952
0.00109863
0.00218964
0.00395203
0.00655365
0.0101433
0.014843
0.0207634
0.0279961
0.0414124
0.0521164
0.0642433
0.0777817
0.0927086
0.117626
0.13586
0.155342
0.175999
0.197788
0.220646
0.244511
0.269333
0.295044
0.321583
0.362804
0.391159
0.420135
0.449673
0.479725
0.510223
0.541107
0.572323
0.603802
0.635513
0.667385
0.699379
0.747475
0.763512
0.811546
0.843449
0.875195
0.906734
0.938026
0.969021
0.999664
1.02991
1.05972
1.08902
1.13196
1.15985
1.18709
1.21365
1.23951
1.26461
1.28893
1.31243
1.34607
1.35683
1.3777
1.39763
1.41661
1.43463
1.45166
1.47535
1.48987
1.50337
1.51583
1.52726
1.53765
1.54699
1.55527
1.5625
1.56867
1.57378
1.57785
1.58086
1.58283
1.58376
1.58368
1.58257
1.58047
1.57738
1.57333
1.56832
1.56238
1.55553
1.54779
1.53919
1.52975
1.5195
1.50846
1.49049
1.48414
1.46405
1.45702
1.44248
1.41956
1.40358
1.39539
1.37008
1.35263
1.34375
1.31652
1.29792
1.27903
1.25985
1.24043
1.22082
1.20103
1.18112
1.16111
1.14104
1.11088
1.10083
1.07075
1.06075
1.03091
1.02103
1.00138
0.972248
0.962643
0.934208
0.924866
0.897301
0.879337
0.861732
0.844509
0.844509
0.811298
0.795361
0.779888
0.757618
0.743423
0.729767
0.716671
0.704147
0.692211
0.680874
0.670162
0.660084
0.650646
0.641865
0.633743
0.626289
0.619511
0.613407
0.607983
0.603241
0.599182
0.595798
0.59309
0.591053
0.589684
0.58897
0.588909
0.589497
0.590721
0.592571
0.595043
0.59811
0.601772
0.60601
0.610809
0.616158
0.622036
0.628433
0.63533
0.642712
0.650547
0.658833
0.667538
0.676651
0.686153
0.696022
0.706234
0.716774
0.727615
0.738739
0.750134
0.761753
0.773594
0.785625
0.797832
0.810188
0.82267
0.835262
0.847942
0.860691
0.873489
0.886307
0.899124
0.911942
0.924721
0.93745
0.950108
0.962669
0.975121
0.987434
0.999592
1.01158
1.02919
1.03495
1.04628
1.05738
1.06823
1.08398
1.09412
1.09908
1.10878
1.12272
1.13161
1.14015
1.14429
1.1523
1.15994
1.16719
1.17735
1.18054
1.18661
1.19226
1.19997
1.20457
1.20672
1.21252
1.21585
1.21875
1.22122
1.22327
1.22488
1.22607
1.22684
1.2272
1.22713
1.22666
1.22578
1.2245
1.22283
1.22078
1.21835
1.21554
1.21238
1.20887
1.20501
1.20083
1.19633
1.18901
1.18376
1.17823
1.17245
1.1664
1.16013
1.15362
1.1469
1.13646
1.12927
1.12191
1.11441
1.10677
1.09508
1.08716
1.07915
1.07106
1.06293
1.05474
1.04653
1.03832
1.03011
1.02192
1.01376
1.00565
0.997616
0.989655
0.981781
0.97401
0.962566
0.958813
0.947746
0.944126
0.936993
0.926567
0.919811
0.913219
0.909985
0.903645
0.894478
0.891518
0.882938
0.877483
0.87225
0.867241
0.864822
0.857933
0.853653
0.84964
0.845879
0.842384
0.839161
0.836208
0.833527
0.83112
0.828991
0.826317
0.824879
0.823715
0.822826
0.822212
0.821865
0.821789
0.82198
0.822422
0.823139
0.8241
0.825306
0.826756
0.828449
0.830387
0.832539
0.834919
0.837513
0.840317
0.843323
0.846523
0.849911
0.853477
0.85722
0.861126
0.865189
0.869396
0.873745
0.878231
0.882835
0.88755
0.892372
0.897289
0.90229
0.909935
0.915115
0.920349
0.925629
0.930943
0.936283
0.941647
0.947018
0.952389
0.957737
0.963066
0.968361
0.973606
0.978794
0.983917
0.988964
0.993923
0.998787
1.00356
1.00821
1.01276
1.01719
1.02149
1.02567
1.02973
1.03366
1.03746
1.04113
1.04467
1.04807
1.05134
1.05448
1.05893
1.06035
1.06439
1.06691
1.06812
1.07152
1.0736
1.07553
1.07731
1.07893
1.08038
1.08168
1.08279
1.08374
1.08452
1.08512
1.08555
1.08581
1.08589
1.0858
1.08554
1.08512
1.08453
1.08377
1.08287
1.08181
1.0806
1.07924
1.07694
1.0761
1.07339
1.07242
1.06933
1.06712
1.0648
1.06238
1.05985
1.05723
1.05452
1.0503
1.04741
1.04445
1.04144
1.03839
1.0353
1.03218
1.02904
1.02589
1.02272
1.01955
1.01637
1.01321
1.01007
1.00694
1.00382
0.997665
0.994629
0.991623
0.988647
0.985706
0.982807
0.981373
0.977131
0.974358
0.971626
0.968945
0.965012
0.962456
0.959949
0.958717
0.955105
0.95277
0.950493
0.948273
0.946121
0.944035
0.942013
0.94006
0.938179
0.936375
0.934639
0.932987
0.931416
0.929924
0.92852
0.927853
0.924866
0.923843
0.92292
0.922108
0.921402
0.920807
0.920319
0.919941
0.919678
0.919525
0.919479
0.919548
0.919727
0.920013
0.920406
0.920906
0.921505
0.922596
0.923443
0.923904
0.924892
0.926544
0.92775
0.929035
0.930405
0.93185
0.933372
0.934963
0.936619
0.938335
0.940109
0.941929
0.943798
0.945705
0.947643
0.949604
0.951588
0.953587
0.955601
0.957615
0.959629
0.961643
0.963657
0.965645
0.967628
0.969589
0.971539
0.973461
0.975357
0.977226
0.979069
0.980881
0.982658
0.984402
0.986107
0.987774
0.989407
0.991001
0.99255
0.994061
0.995529
0.996952
0.998337
0.999672
1.00097
1.00221
1.00342
1.00457
1.00569
1.00675
1.00777
1.00875
1.00968
1.01056
1.0114
1.0122
1.01294
1.01365
1.01431
1.01493
1.0155
1.01603
1.01652
1.01696
1.01736
1.01772
1.01804
1.01832
1.01855
1.01875
1.01891
1.01902
1.01913
1.01915
1.01915
1.01908
1.01904
1.01886
1.0187
1.01851
1.01828
1.01802
1.01773
1.01758
1.01706
1.01669
1.01628
1.01585
1.01539
1.0149
1.01439
1.01385
1.01301
1.01243
1.01182
1.01119
1.01055
1.00988
1.00921
1.00851
1.00744
1.00671
1.00598
1.00522
1.00446
1.0037
1.00291
1.00212
1.00133
1.00053
0.999741
0.998936
0.998112
0.997288
0.996464
0.99564
0.994816
0.993992
0.993168
0.992344
0.99152
0.990307
0.98991
0.989117
0.988323
0.98753
0.98634
0.985569
0.984806
0.984043
0.98328
0.982548
0.981815
0.981083
0.980377
0.979675
0.978981
0.97831
0.977638
0.97699
0.976349
0.975723
0.975113
0.974518
0.973938
0.973373
0.972824
0.972294
0.971775
0.971279
0.970791
0.970333
0.969887
0.96946
0.969051
0.968655
0.968288
0.967937
0.967602
0.967293
0.966999
0.966595
0.966351
0.966129
0.966022
0.965832
0.96558
0.965435
0.965313
0.965214
0.965126
0.965065
0.965023
0.964996
0.964996
0.965012
0.965042
0.965099
0.965168
0.96526
0.965427
0.965488
0.965633
0.965786
0.965969
0.966259
0.966366
0.966702
0.966946
0.967201
0.967476
0.967751
0.968056
0.968361
0.968678
0.969013
0.969349
0.969692
0.970058
0.970425
0.970974
0.971371
0.971767
0.972164
0.972561
0.972958
0.973377
0.973804
0.974232
0.974659
0.975086
0.975513
0.975941
0.976368
0.976795
0.977222
0.977863
0.978291
0.978718
0.979145
0.979359
0.98
0.980427
0.980824
0.98122
0.981617
0.982014
0.98241
0.982807
0.983177
0.983543
0.98391
0.984276
0.984638
0.984974
0.985477
0.985813
0.986134
0.986439
0.986744
0.987049
0.987335
0.98761
0.987885
0.988159
0.988403
0.988647
0.988892
0.989227
0.989334
0.989548
0.989849
0.990124
0.990215
0.990467
0.99062
0.990772
0.990917
0.991039
0.991161
0.991283
0.991383
0.991474
0.991566
0.991653
0.991714
0.991714
0.991837
0.99189
0.99192
0.991951
0.991982
0.991997
0.992004
0.992004
0.992004
0.991978
0.991962
0.991917
0.991886
0.991856
0.991798
0.991768
0.991646
0.991585
0.991524
0.991444
0.991352
0.991261
0.991169
0.991077
0.990986
0.990894
0.990795
0.990673
0.990551
0.990429
0.990307
0.990185
0.990063
0.989941
0.989819
0.989697
0.989574
0.989452
0.98933
0.989208
0.989056
0.988903
0.98875
0.988598
0.988445
0.988293
0.98814
0.987988
0.987835
0.987682
0.98753
0.987377
0.987225
0.987072
0.986919
0.986794
0.986671
0.986549
0.986427
0.986305
0.986183
0.986
0.985939
0.985817
0.985695
0.985573
0.98539
0.985329
0.985207
0.985085
0.984993
0.984856
0.984764
0.984673
0.984581
0.984489
0.984398
0.984352
0.984215
0.984146
0.984085
0.984024
0.983963
0.983902
0.983841
0.98378
0.983719
0.983665
0.983635
0.983604
0.983574
0.983543
0.983513
0.983482
0.983452
0.983421
0.983418
0.983418
0.983418
0.983418
0.983418
0.983418
0.983418
0.983418
0.983421
0.983452
0.983482
0.983513
0.983543
0.983574
0.983604
0.983635
0.983665
0.983696
0.983727
0.983788
0.983879
0.98391
0.983971
0.984032
0.984093
0.984184
0.984215
0.984276
0.984337
0.984428
0.984489
0.98452
0.984627
0.984718
0.98481
0.984901
0.984993
0.985085
0.985176
0.985268
0.985359
0.985451
0.985542
0.985634
0.985725
0.985817
0.985909
0.986
0.986092
0.986183
0.986275
0.986366
0.986458
0.986549
0.986641
0.986732
0.986824
0.986916
0.987007
0.987099
0.98719
0.987282
0.987373
0.987465
0.987556
0.987648
0.98774
0.987831
0.987923
0.988014
0.988106
0.988197
0.988289
0.98838
0.988472
0.988564
0.988655
0.988728
0.988789
0.98885
0.988911
0.988972
0.989033
0.989094
0.989155
0.989246
0.989307
0.989338
0.989399
0.98946
0.989521
0.989582
0.989674
0.989735
0.989765
0.989826
0.989887
0.989967
0.989998
0.990013
0.990059
0.990089
0.99012
0.99015
0.990181
0.990196
0.990242
0.990273
0.990303
0.990334
0.990364
0.990395
0.990425
0.990456
0.990486
0.990517
0.990547
0.990578
0.990608
0.990608
0.990608
0.990608
0.990608
0.990608
0.990608
0.990608
0.990608
0.990608
0.990608
0.990608
0.990608
0.990608
0.990608
0.990608
0.990608
0.990608
0.990608
0.990608
0.990608
0.990608
0.990608
0.990608
0.990608
0.990608
0.990608
0.990608
0.990608
0.990608
0.990608
0.990608
0.990608
0.990608
0.990608
0.990608
0.990608
0.990608
0.990608
