0
1.52588e-05
6.10353e-05
9.1553e-05
0.000122071
0.000152588
0.000236512
0.000495911
0.000740052
0.00217819
0.00394058
0.00654602
0.0101357
0.0148392
0.0207634
0.0279961
0.0365906
0.0465851
0.0580025
0.0708351
0.0850716
0.100681
0.117626
0.135853
0.155323
0.175972
0.197746
0.220585
0.244419
0.269203
0.294868
0.321362
0.348629
0.376595
0.405205
0.43441
0.464149
0.494362
0.524994
0.555988
0.60305
0.618855
0.650608
0.682499
0.714481
0.746494
0.794464
0.81041
0.858036
0.873821
0.905209
0.951759
0.96711
1.01258
1.02752
1.05706
1.10038
1.11454
1.14242
1.18304
1.20927
1.23479
1.24727
1.28354
1.30671
1.32903
1.35049
1.37105
1.39069
1.40939
1.42712
1.44388
1.45964
1.47438
1.4881
1.50078
1.51241
1.523
1.53252
1.541
1.54842
1.55479
1.56009
1.56435
1.56757
1.56976
1.57093
1.57108
1.57024
1.56841
1.56562
1.56188
1.5572
1.55161
1.54513
1.53778
1.52957
1.52053
1.5107
1.50008
1.48871
1.47662
1.46383
1.45038
1.43628
1.42159
1.40631
1.3905
1.37417
1.34879
1.34011
1.32245
1.29526
1.28603
1.26733
1.24837
1.22916
1.20975
1.19017
1.16056
1.15065
1.13077
1.11086
1.09095
1.06115
1.04139
1.03154
1.01196
0.982887
0.973297
0.94487
0.926247
0.917046
0.889915
0.881039
0.854954
0.838051
0.821564
0.805519
0.789928
0.774822
0.760216
0.753105
0.73259
0.719604
0.707191
0.695366
0.684135
0.673519
0.663528
0.654171
0.645454
0.637386
0.629971
0.623215
0.617123
0.611698
0.609234
0.60284
0.599411
0.596645
0.594543
0.593098
0.592304
0.592152
0.593117
0.59375
0.596588
0.597836
0.602467
0.606285
0.610672
0.613075
0.62109
0.62709
0.633591
0.640579
0.648048
0.655968
0.664322
0.673096
0.682262
0.691799
0.701691
0.711914
0.722446
0.733273
0.744366
0.755703
0.767265
0.779026
0.79097
0.797001
0.821461
0.833855
0.846329
0.86515
0.877747
0.89035
0.902954
0.909245
0.928062
0.940525
0.952896
0.96516
0.977287
0.989262
1.00106
1.01267
1.02407
1.03522
1.04613
1.0568
1.06719
1.0773
1.08712
1.09665
1.10587
1.11478
1.12337
1.13163
1.13954
1.14711
1.15432
1.16117
1.16764
1.17374
1.17944
1.18476
1.18967
1.19419
1.19829
1.20199
1.20528
1.20815
1.21061
1.21266
1.2143
1.21553
1.21599
1.21678
1.21667
1.21611
1.21516
1.21383
1.21303
1.21006
1.20763
1.20485
1.20173
1.19828
1.19451
1.19042
1.18603
1.18134
1.17638
1.17115
1.16284
1.15995
1.15398
1.14779
1.13813
1.13482
1.12461
1.12112
1.11045
1.10682
1.09576
1.08825
1.08065
1.07683
1.06525
1.05746
1.04965
1.04181
1.03397
1.02615
1.01836
1.01061
1.00292
0.9953
0.987766
0.980328
0.972996
0.965778
0.958683
0.951721
0.944893
0.938206
0.931667
0.925282
0.919056
0.912994
0.907101
0.901386
0.895863
0.890537
0.885414
0.880508
0.875824
0.871365
0.867138
0.863155
0.859417
0.855923
0.852673
0.849667
0.846916
0.844429
0.842186
0.840199
0.838474
0.836994
0.835777
0.834816
0.834099
0.833626
0.833397
0.833439
0.833706
0.834209
0.834957
0.835949
0.837849
0.838593
0.840252
0.842121
0.8442
0.846485
0.848969
0.85305
0.855995
0.857536
0.862404
0.864109
0.869457
0.873207
0.875134
0.881107
0.885242
0.887356
0.893845
0.896061
0.902836
0.907452
0.91214
0.916889
0.921692
0.926537
0.931423
0.936337
0.941273
0.946217
0.95116
0.956104
0.961018
0.965908
0.970757
0.975559
0.982647
0.984974
0.989574
0.996311
0.998512
1.00069
1.00706
1.01321
1.0152
1.021
1.02287
1.02832
1.0318
1.03349
1.03679
1.0415
1.04449
1.04736
1.05011
1.05273
1.05523
1.0576
1.05984
1.06195
1.06393
1.06577
1.06749
1.06907
1.07051
1.07181
1.07297
1.07399
1.07486
1.07558
1.07615
1.07657
1.07684
1.07695
1.07691
1.07672
1.07637
1.07588
1.07524
1.07446
1.07354
1.07247
1.07127
1.06995
1.06849
1.0669
1.0652
1.06339
1.06146
1.05943
1.0573
1.05508
1.05277
1.05039
1.04793
1.04541
1.04153
1.04021
1.03754
1.03483
1.03209
1.02794
1.02654
1.02374
1.02093
1.01812
1.01391
1.0111
1.0097
1.00689
1.00272
1.00133
1.00133
0.991795
0.989132
0.9865
0.983898
0.981331
0.978802
0.976307
0.97385
0.971432
0.969059
0.966728
0.964443
0.962204
0.960018
0.957878
0.955788
0.953754
0.951775
0.949852
0.947983
0.946175
0.944427
0.942745
0.941128
0.939575
0.938091
0.93668
0.935337
0.934067
0.932873
0.931759
0.931232
0.929775
0.928905
0.927769
0.927128
0.926842
0.926342
0.925774
0.925518
0.925358
0.925297
0.925335
0.925468
0.925701
0.926029
0.926456
0.926975
0.927589
0.928291
0.929081
0.929958
0.93092
0.931961
0.933075
0.934265
0.935524
0.936855
0.938251
0.939705
0.941216
0.942776
0.944382
0.94603
0.947712
0.949425
0.951164
0.952927
0.954697
0.956486
0.958286
0.960087
0.961887
0.963688
0.965488
0.967262
0.969032
0.970791
0.97253
0.974251
0.976795
0.978462
0.980103
0.981716
0.983299
0.984852
0.98637
0.98637
0.989307
0.990723
0.991417
0.993443
0.994743
0.996006
0.997227
0.998405
0.999546
1.00064
1.0017
1.00272
1.00369
1.00462
1.00551
1.00636
1.00716
1.00793
1.009
1.00933
1.00997
1.01086
1.01139
1.01189
1.01236
1.01278
1.01316
1.01351
1.01382
1.01408
1.01432
1.01451
1.01468
1.0148
1.01489
1.01494
1.01496
1.01495
1.0149
1.01483
1.01472
1.01458
1.01442
1.01422
1.01399
1.0136
1.01346
1.01315
1.01282
1.01228
1.01188
1.01146
1.01079
1.01032
1.00983
1.00932
1.0088
1.00825
1.00769
1.00711
1.00652
1.00591
1.00529
1.00465
1.00369
1.00335
1.00235
1.00167
1.00133
1.00028
0.999577
0.998875
0.998173
0.997448
0.996716
0.995983
0.995251
0.994518
0.994152
0.993053
0.992321
0.991589
0.990856
0.990124
0.989391
0.988659
0.987942
0.98724
0.986538
0.985836
0.985134
0.984432
0.983761
0.983089
0.982418
0.98175
0.98111
0.980469
0.979828
0.979218
0.978607
0.978004
0.977425
0.976845
0.976288
0.975739
0.975204
0.974686
0.974178
0.97369
0.973209
0.972752
0.972305
0.971878
0.971268
0.971069
0.970692
0.970325
0.969982
0.969494
0.969341
0.969044
0.968636
0.968513
0.968159
0.967945
0.967842
0.967567
0.967415
0.96727
0.967148
0.967045
0.966953
0.966888
0.966831
0.966801
0.966782
0.966782
0.966801
0.966831
0.966885
0.966946
0.967033
0.967125
0.967247
0.967369
0.967518
0.96767
0.967846
0.968029
0.968227
0.968441
0.968658
0.968903
0.969147
0.969402
0.969677
0.969952
0.97039
0.970543
0.970848
0.971153
0.971485
0.971989
0.972157
0.972492
0.972836
0.973202
0.973751
0.973934
0.9743
0.974667
0.975033
0.975582
0.975948
0.976143
0.976738
0.976936
0.977531
0.977928
0.978325
0.978722
0.979088
0.979454
0.97982
0.980186
0.980553
0.980919
0.981285
0.981651
0.982018
0.982376
0.982712
0.983047
0.983383
0.983719
0.984055
0.984371
0.984676
0.984982
0.985287
0.985592
0.98587
0.986145
0.98642
0.986694
0.98695
0.987194
0.987438
0.987682
0.987907
0.988121
0.988335
0.988647
0.988739
0.988922
0.989105
0.989288
0.989517
0.98967
0.989746
0.989895
0.990017
0.9902
0.9902
0.990376
0.990467
0.990604
0.990696
0.990768
0.990829
0.990891
0.990921
0.991001
0.991032
0.991062
0.991093
0.991123
0.991127
0.991127
0.991127
0.991127
0.991127
0.9911
0.99107
0.991039
0.991009
0.990978
0.990944
0.990883
0.990822
0.990761
0.9907
0.990639
0.990578
0.990509
0.990417
0.990326
0.990234
0.990143
0.990051
0.98996
0.989868
0.989777
0.989685
0.98959
0.989468
0.989346
0.989223
0.989101
0.988979
0.988857
0.988735
0.988613
0.988491
0.988369
0.988247
0.988064
0.988003
0.987881
0.987698
0.987637
0.987453
0.987331
0.987209
0.987087
0.987026
0.986843
0.986721
0.986599
0.986477
0.986355
0.986233
0.986111
0.985989
0.985874
0.985783
0.985691
0.9856
0.985508
0.985416
0.985325
0.985233
0.985142
0.98505
0.984959
0.984867
0.984776
0.984707
0.984646
0.984585
0.984524
0.984463
0.984402
0.984371
0.98428
0.984219
0.984131
0.9841
0.98407
0.984039
0.984009
0.983978
0.983948
0.983932
0.983871
0.983845
0.983845
0.983845
0.983845
0.983845
0.983845
0.983845
0.983845
0.983845
0.983845
0.983864
0.983894
0.983925
0.983955
0.983986
0.984001
0.984047
0.984077
0.984108
0.984138
0.984169
0.9842
0.984261
0.984322
0.984383
0.984444
0.984505
0.984566
0.984627
0.984688
0.984749
0.98481
0.984901
0.984962
0.985023
0.985085
0.985146
0.985207
0.985268
0.985336
0.985428
0.985519
0.985611
0.985703
0.985794
0.985886
0.985977
0.986069
0.98616
0.986252
0.986343
0.986435
0.986526
0.986664
0.986755
0.986847
0.986938
0.986984
0.987122
0.987213
0.987305
0.987396
0.987488
0.987579
0.987671
0.987762
0.987854
0.987946
0.988037
0.988129
0.988197
0.988258
0.988319
0.98838
0.988441
0.988503
0.988564
0.988625
0.988655
0.988808
0.988869
0.988899
0.988991
0.989052
0.989113
0.989174
0.989235
0.989296
0.989357
0.989418
0.989479
0.98954
0.989601
0.989658
0.989689
0.989719
0.98975
0.98978
0.989811
0.989841
0.989872
0.989902
0.989933
0.989964
0.989994
0.990025
0.990055
0.990086
0.990116
0.990147
0.990177
0.990208
0.990238
0.990269
0.990299
0.99033
0.99036
0.990391
0.990402
0.990402
0.990402
0.990402
0.990402
0.990402
0.990402
0.990402
0.990402
0.990402
0.990402
0.990402
0.990402
0.990402
0.990402
0.990402
0.990402
0.990402
0.990402
0.990402
0.990402
0.990402
0.990402
0.990402
0.990402
0.990402
0.990402
0.990402
0.990402
0.990402
0.990402
0.990402
