0
1.52588e-05
6.10353e-05
0.000106812
0.000137329
0.000179291
0.000335693
0.00074005
0.00156021
0.00296402
0.00512695
0.00820923
0.0123444
0.0176392
0.0242119
0.0321198
0.0414124
0.0521202
0.0642509
0.0777931
0.0927277
0.109024
0.135914
0.145504
0.165592
0.18684
0.220757
0.244652
0.269493
0.295227
0.321793
0.349121
0.36306
0.391445
0.42046
0.465019
0.480122
0.510647
0.557144
0.588543
0.620197
0.636101
0.684044
0.716129
0.748264
0.78038
0.812424
0.844349
0.876095
0.907619
0.938869
0.969791
1.00034
1.03046
1.06013
1.08928
1.11787
1.14587
1.17323
1.19993
1.23863
1.25117
1.28759
1.31086
1.33329
1.35484
1.36528
1.39522
1.40472
1.43181
1.44862
1.46443
1.47922
1.49297
1.50568
1.51733
1.52793
1.53746
1.54593
1.55333
1.55967
1.56494
1.56916
1.57234
1.57448
1.5756
1.5757
1.57479
1.5729
1.57003
1.5662
1.56144
1.55575
1.54554
1.5417
1.53337
1.52422
1.51426
1.50351
1.486
1.4798
1.46687
1.45327
1.43904
1.41656
1.40087
1.38465
1.36793
1.35076
1.33315
1.31516
1.29681
1.27814
1.25919
1.23999
1.22058
1.201
1.18128
1.16145
1.14156
1.12163
1.1017
1.0818
1.06196
1.03239
1.02261
0.993492
0.983887
0.96484
0.93676
0.92754
0.909336
0.891472
0.873962
0.848427
0.840118
0.815845
0.807983
0.785095
0.770458
0.75634
0.742756
0.729725
0.717258
0.705376
0.694088
0.683407
0.673347
0.663918
0.655121
0.646965
0.639454
0.632587
0.626373
0.620808
0.615894
0.609745
0.608021
0.603809
0.602726
0.600441
0.599709
0.599606
0.600124
0.600613
0.602993
0.605328
0.608246
0.61174
0.615799
0.620403
0.625546
0.631207
0.637371
0.644024
0.651154
0.658737
0.670925
0.679562
0.688587
0.693241
0.707726
0.712719
0.728172
0.733471
0.744259
0.760918
0.772301
0.783882
0.795643
0.807552
0.819592
0.831745
0.843987
0.856293
0.868645
0.88102
0.893398
0.905754
0.918068
0.930321
0.942493
0.954567
0.96653
0.978355
0.990032
1.00154
1.01287
1.024
1.03491
1.0456
1.05605
1.06623
1.07616
1.08581
1.09976
1.10426
1.11731
1.12151
1.13361
1.14125
1.14855
1.15549
1.16207
1.16827
1.17409
1.17952
1.18456
1.18919
1.19342
1.19724
1.20065
1.20365
1.20624
1.20842
1.2102
1.21157
1.21286
1.21309
1.21325
1.21301
1.21194
1.21075
1.2092
1.20728
1.20499
1.20237
1.1994
1.1961
1.19248
1.18855
1.18431
1.17979
1.175
1.16993
1.1646
1.15903
1.15325
1.14724
1.14103
1.13462
1.12803
1.12128
1.11436
1.10731
1.10012
1.09282
1.08541
1.07791
1.06652
1.06269
1.055
1.04339
1.03951
1.02789
1.02013
1.01241
1.00473
0.997108
0.99332
0.982086
0.974712
0.967449
0.960297
0.953274
0.946377
0.939621
0.933002
0.926533
0.920216
0.914062
0.908073
0.90226
0.896629
0.891193
0.885956
0.880928
0.876122
0.871532
0.867184
0.863079
0.859219
0.855602
0.85223
0.849102
0.846241
0.843632
0.841286
0.839195
0.837372
0.8358
0.834503
0.83345
0.832672
0.832138
0.83186
0.831844
0.832073
0.832874
0.833263
0.834221
0.836075
0.837597
0.83934
0.841301
0.843468
0.845844
0.848412
0.851173
0.854118
0.857239
0.860523
0.863972
0.867573
0.871319
0.875202
0.879215
0.88335
0.887592
0.891937
0.896381
0.900913
0.905521
0.910198
0.914936
0.919731
0.924572
0.929451
0.934361
0.939297
0.944241
0.949184
0.954128
0.959072
0.966438
0.96888
0.976128
0.978519
0.985596
0.990219
0.994762
0.999218
1.00357
1.00783
1.01199
1.01603
1.01996
1.02377
1.02747
1.03104
1.03448
1.03943
1.04102
1.04559
1.04706
1.05127
1.05261
1.05519
1.05764
1.06108
1.06321
1.0652
1.06706
1.06794
1.07036
1.0718
1.07309
1.07423
1.07522
1.07605
1.07674
1.07726
1.07763
1.07784
1.07788
1.07778
1.07752
1.07711
1.07655
1.07584
1.07498
1.07398
1.07284
1.07157
1.07016
1.06864
1.06699
1.06522
1.06333
1.06134
1.05924
1.05704
1.05475
1.05238
1.04868
1.04613
1.04352
1.04086
1.03816
1.03542
1.03265
1.02985
1.02703
1.02419
1.02135
1.01851
1.01567
1.01284
1.01
1.00717
1.00436
1.00157
0.998795
0.996048
0.993328
0.9893
0.987972
0.986656
0.981472
0.978931
0.976433
0.973972
0.971554
0.969181
0.96685
0.964565
0.962322
0.960129
0.957981
0.955887
0.953846
0.951855
0.949921
0.948044
0.945343
0.943619
0.941956
0.940357
0.939583
0.937359
0.935963
0.934639
0.933388
0.932213
0.931118
0.930096
0.929161
0.92831
0.927547
0.926876
0.926296
0.925816
0.92543
0.925144
0.924953
0.924866
0.924877
0.924988
0.925194
0.92569
0.925903
0.926689
0.926998
0.928059
0.928879
0.929317
0.930775
0.931843
0.932987
0.934208
0.935497
0.936855
0.938274
0.939751
0.94128
0.942852
0.944462
0.94611
0.947788
0.949493
0.951218
0.952957
0.954704
0.956474
0.958244
0.960014
0.961784
0.963554
0.965321
0.96706
0.9688
0.97052
0.972229
0.973915
0.975586
0.977234
0.978855
0.98045
0.982796
0.984322
0.985069
0.987278
0.987995
0.990097
0.991455
0.992123
0.994064
0.995308
0.996513
0.997681
0.998806
0.999893
1.00094
1.00195
1.00291
1.00384
1.00472
1.00556
1.00636
1.00711
1.00783
1.00851
1.00915
1.00975
1.01031
1.01108
1.01131
1.01197
1.01217
1.01254
1.01302
1.01329
1.01353
1.01373
1.0139
1.01403
1.01413
1.0142
1.01422
1.01423
1.0142
1.01413
1.01398
1.01384
1.01367
1.01347
1.01324
1.01299
1.01271
1.01241
1.01208
1.01172
1.01135
1.01095
1.01053
1.01009
1.00963
1.00914
1.00865
1.00813
1.0076
1.00705
1.00648
1.0059
1.00531
1.0047
1.00409
1.00346
1.00282
1.00185
1.00152
1.00085
1.00018
0.999168
0.998829
0.998127
0.997425
0.996372
0.996021
0.995319
0.994617
0.993916
0.993214
0.992512
0.991459
0.991108
0.990055
0.989353
0.989002
0.987949
0.987247
0.986568
0.985897
0.985226
0.984554
0.983883
0.983238
0.982597
0.981956
0.981323
0.980713
0.980103
0.9795
0.97892
0.97834
0.977776
0.977226
0.976677
0.976158
0.975639
0.975143
0.974655
0.974182
0.973724
0.973278
0.972851
0.972435
0.97184
0.971653
0.971287
0.970936
0.970436
0.970284
0.969833
0.969559
0.969421
0.969055
0.96883
0.968616
0.96843
0.96825
0.968098
0.967957
0.967834
0.967731
0.96764
0.967571
0.96751
0.96748
0.967453
0.967453
0.967461
0.967491
0.967533
0.967594
0.967667
0.967804
0.967861
0.968044
0.968189
0.968266
0.968506
0.968597
0.968872
0.969086
0.969299
0.969524
0.969769
0.970013
0.970268
0.970543
0.970818
0.971092
0.971397
0.971703
0.972008
0.972313
0.972641
0.972977
0.973312
0.973648
0.974152
0.974319
0.974857
0.97504
0.975407
0.975773
0.976139
0.976505
0.976871
0.977421
0.977787
0.97797
0.978519
0.978886
0.979252
0.979618
0.979984
0.98035
0.980717
0.981083
0.981422
0.981758
0.982094
0.98243
0.982765
0.983101
0.983437
0.983898
0.984051
0.984509
0.984814
0.984966
0.985252
0.985527
0.985939
0.986076
0.986351
0.986717
0.986961
0.987206
0.987442
0.987656
0.987869
0.988083
0.988293
0.988476
0.988659
0.988842
0.989021
0.989174
0.989326
0.989479
0.989628
0.98975
0.989872
0.989994
0.990116
0.990208
0.990299
0.990391
0.990482
0.990551
0.990612
0.990704
0.990734
0.990803
0.990833
0.990864
0.990894
0.990925
0.990925
0.990925
0.990925
0.990925
0.990925
0.990906
0.990875
0.990845
0.990814
0.990784
0.990753
0.990707
0.990646
0.990555
0.990524
0.990463
0.990372
0.990341
0.990238
0.990147
0.990101
0.989964
0.989872
0.98978
0.989689
0.989597
0.989506
0.989414
0.989323
0.989231
0.98914
0.989029
0.988907
0.988785
0.988663
0.988541
0.988419
0.988297
0.988113
0.988052
0.987869
0.987808
0.987625
0.987503
0.987442
0.98732
0.987137
0.987015
0.986954
0.986771
0.986649
0.986588
0.986416
0.986324
0.986233
0.986141
0.98605
0.985958
0.985867
0.985775
0.985683
0.985592
0.9855
0.985409
0.985317
0.985226
0.985134
0.985062
0.985001
0.98494
0.984879
0.984818
0.984756
0.984695
0.984634
0.984573
0.984512
0.984428
0.984413
0.984367
0.984337
0.984306
0.984276
0.984245
0.984215
0.984184
0.984154
0.984127
0.984127
0.984127
0.984127
0.984127
0.984127
0.984127
0.984127
0.984127
0.984127
0.984127
0.984146
0.984177
0.984207
0.984238
0.984268
0.984299
0.984329
0.98436
0.98439
0.984421
0.984451
0.984482
0.984516
0.984577
0.984638
0.984699
0.98476
0.984821
0.984882
0.984943
0.985004
0.985065
0.985126
0.985188
0.985249
0.98531
0.985371
0.985432
0.985493
0.985554
0.985615
0.985676
0.985737
0.985802
0.985939
0.985985
0.986076
0.986168
0.986259
0.986397
0.986443
0.986534
0.986626
0.986717
0.986809
0.986946
0.987038
0.987129
0.987221
0.987312
0.987404
0.987495
0.987587
0.987679
0.98777
0.987862
0.987999
0.988079
0.98811
0.988201
0.988262
0.988323
0.988384
0.988445
0.988476
0.988567
0.988628
0.988689
0.98875
0.988811
0.988873
0.988934
0.988995
0.989056
0.989117
0.989178
0.989239
0.9893
0.989361
0.989422
0.989483
0.989544
0.989605
0.989666
0.989708
0.989738
0.989769
0.989799
0.98983
0.989861
0.989891
0.989922
0.989967
0.989998
0.990028
0.990059
0.990089
0.99012
0.99015
0.990181
0.990211
0.990242
0.990273
0.990303
0.990334
0.990364
0.990395
0.990425
0.990456
0.990482
0.990482
0.990482
0.990482
0.990482
0.990482
0.990482
0.990482
0.990482
0.990482
0.990482
0.990482
0.990482
0.990482
0.990482
0.990482
0.990482
0.990482
0.990482
0.990482
0.990482
0.990482
0.990482
0.990482
0.990482
0.990482
0.990482
0.990482
0.990482
0.990482
0.990482
0.990482
