0
3.05177e-05
6.10353e-05
9.1553e-05
0.000122071
0.000179291
0.000236511
0.000495911
0.00108719
0.00296402
0.00394058
0.00654602
0.0101356
0.0148392
0.0242157
0.0279999
0.0414162
0.0465889
0.0642471
0.0777817
0.0927086
0.108986
0.126572
0.145416
0.165466
0.186657
0.208939
0.232246
0.256512
0.281673
0.307674
0.334454
0.361961
0.390148
0.418949
0.448315
0.478191
0.508526
0.539257
0.570343
0.601723
0.633343
0.66515
0.697086
0.729103
0.745125
0.825092
0.856899
0.888519
0.919907
0.951019
0.981808
1.01223
1.04224
1.07178
1.10083
1.12933
1.15723
1.1845
1.21111
1.237
1.26217
1.29846
1.31015
1.33291
1.36544
1.37584
1.40565
1.42436
1.44209
1.45885
1.4746
1.48934
1.50305
1.51571
1.52732
1.53787
1.54735
1.55576
1.56309
1.56934
1.57453
1.57865
1.5817
1.58371
1.58466
1.58458
1.58348
1.58138
1.57828
1.57422
1.56633
1.55991
1.55637
1.5486
1.53998
1.53051
1.5148
1.50917
1.49116
1.4848
1.46468
1.45045
1.4356
1.42017
1.40419
1.38769
1.37071
1.35328
1.33545
1.31725
1.2987
1.27986
1.26074
1.24139
1.22186
1.20215
1.18231
1.16238
1.14238
1.12234
1.1023
1.08229
1.06234
1.04247
1.02273
1.00314
0.983723
0.964516
0.945549
0.926849
0.908451
0.890373
0.872643
0.846741
0.838306
0.821747
0.797733
0.789959
0.767357
0.760078
0.739029
0.725677
0.712887
0.70068
0.689068
0.678066
0.667683
0.657932
0.648819
0.640354
0.632553
0.625416
0.618946
0.613148
0.608021
0.603565
0.599789
0.596684
0.594246
0.592472
0.591354
0.590897
0.59108
0.592548
0.593349
0.596691
0.598103
0.603237
0.607384
0.612091
0.617348
0.620174
0.62944
0.636246
0.643536
0.651279
0.65947
0.668083
0.677101
0.686501
0.696266
0.706375
0.716801
0.72752
0.738522
0.749767
0.761257
0.772949
0.784836
0.796886
0.809078
0.821392
0.833809
0.846302
0.85886
0.871456
0.88406
0.896664
0.909256
0.921806
0.934292
0.946697
0.959003
0.971191
0.983242
0.995132
1.00685
1.01838
1.0297
1.04079
1.05698
1.06225
1.07258
1.08264
1.09718
1.10651
1.11553
1.11992
1.12846
1.14062
1.14828
1.15559
1.16252
1.16906
1.17522
1.18098
1.18634
1.19128
1.19582
1.19994
1.20364
1.20692
1.20979
1.21223
1.21425
1.21585
1.21704
1.21782
1.21819
1.21816
1.21772
1.2169
1.21569
1.21409
1.21212
1.20979
1.20563
1.20407
1.2007
1.19699
1.19085
1.18865
1.18161
1.17657
1.17395
1.16569
1.15987
1.15688
1.14759
1.14114
1.13449
1.12767
1.1207
1.11357
1.10631
1.09893
1.09145
1.08388
1.07623
1.06852
1.06075
1.05296
1.04515
1.03733
1.02952
1.02174
1.014
1.00631
0.998684
0.991146
0.9837
0.97636
0.969128
0.962017
0.95504
0.948196
0.93819
0.931698
0.925358
0.91917
0.913139
0.907272
0.901581
0.896065
0.890743
0.88562
0.880703
0.876003
0.871532
0.869377
0.863266
0.859497
0.855972
0.852692
0.849674
0.846912
0.844398
0.842155
0.840157
0.838432
0.836952
0.835743
0.834782
0.834076
0.833633
0.833435
0.833481
0.833771
0.834663
0.835083
0.836102
0.837337
0.839619
0.841412
0.842388
0.844498
0.848042
0.850643
0.853436
0.856403
0.859547
0.862854
0.866318
0.86993
0.873684
0.877575
0.881588
0.885723
0.889961
0.894302
0.898731
0.903252
0.907845
0.912506
0.917229
0.922005
0.926823
0.931679
0.936562
0.941471
0.946384
0.951298
0.956211
0.961105
0.965977
0.97081
0.975594
0.982666
0.987297
0.989582
0.996315
0.998516
1.00497
1.00707
1.01321
1.01521
1.02102
1.02474
1.02836
1.03185
1.03522
1.03687
1.0416
1.04461
1.04749
1.05025
1.05289
1.0554
1.05778
1.06004
1.06216
1.06415
1.06601
1.06774
1.06933
1.07079
1.0721
1.07327
1.07429
1.07516
1.07589
1.07645
1.07687
1.07721
1.07724
1.07711
1.07683
1.0764
1.07583
1.0751
1.07424
1.07323
1.07209
1.0708
1.0694
1.06787
1.06623
1.06446
1.06258
1.06059
1.0585
1.05632
1.05406
1.05172
1.0493
1.04807
1.04556
1.0417
1.03907
1.0364
1.0337
1.03097
1.02822
1.02545
1.02267
1.01987
1.01566
1.01426
1.01146
1.00729
1.0059
1.00177
1.00039
0.996315
0.993629
0.990971
0.988338
0.985737
0.98317
0.98064
0.978146
0.975689
0.97327
0.970898
0.968563
0.966274
0.964031
0.961838
0.95969
0.957596
0.955551
0.95356
0.951622
0.949745
0.947922
0.946159
0.944458
0.942818
0.941246
0.939743
0.937611
0.936935
0.935638
0.934414
0.933262
0.93219
0.930733
0.930286
0.929085
0.928726
0.928082
0.927288
0.927071
0.926704
0.926338
0.926266
0.926193
0.926266
0.926437
0.926704
0.927063
0.927517
0.928062
0.928699
0.929424
0.930233
0.931122
0.932095
0.93314
0.934261
0.935452
0.93671
0.93803
0.939411
0.940849
0.942333
0.943867
0.945438
0.947044
0.948677
0.950333
0.952011
0.953705
0.955414
0.957123
0.958832
0.960541
0.96225
0.963959
0.965668
0.967377
0.969063
0.970741
0.972401
0.974049
0.97567
0.977272
0.978851
0.980408
0.982681
0.983429
0.984898
0.986336
0.98774
0.989109
0.990444
0.991745
0.993011
0.99424
0.99543
0.997147
0.997696
0.998772
1.00031
1.0008
1.00222
1.00268
1.00356
1.00439
1.0052
1.00632
1.00667
1.00735
1.008
1.0086
1.00889
1.00994
1.01063
1.01104
1.01142
1.01176
1.01207
1.01234
1.01257
1.01278
1.01294
1.01308
1.01318
1.01324
1.01328
1.01328
1.01325
1.01315
1.01304
1.01291
1.01275
1.01256
1.01235
1.0121
1.01169
1.01154
1.01122
1.01089
1.01052
1.00994
1.00974
1.00931
1.00886
1.0084
1.00767
1.00716
1.00664
1.0061
1.00555
1.00498
1.0044
1.00382
1.00321
1.0026
1.00198
1.00134
1.0007
1.00006
0.99942
0.998749
0.998077
0.997406
0.996735
0.996063
0.995392
0.99472
0.994049
0.993378
0.992706
0.992035
0.991364
0.990692
0.990021
0.989349
0.988678
0.988007
0.987335
0.986664
0.985992
0.985329
0.984367
0.984047
0.983086
0.982449
0.982143
0.981228
0.980923
0.980316
0.979446
0.979156
0.97858
0.977757
0.977207
0.976688
0.97617
0.975914
0.975182
0.974701
0.974243
0.973789
0.973362
0.972939
0.972542
0.972149
0.971783
0.97142
0.971085
0.970757
0.970451
0.970158
0.969883
0.969627
0.969383
0.969162
0.968948
0.968765
0.96851
0.968433
0.968292
0.968113
0.968067
0.967937
0.967876
0.967846
0.967812
0.967781
0.967781
0.9678
0.967815
0.96785
0.967911
0.967976
0.968113
0.968159
0.968342
0.968475
0.968628
0.968781
0.968964
0.969147
0.969345
0.969559
0.969772
0.970009
0.970253
0.970497
0.970764
0.971039
0.971313
0.971588
0.971893
0.972198
0.972504
0.972809
0.973125
0.973461
0.973797
0.974133
0.974468
0.974804
0.97514
0.975475
0.975822
0.976189
0.976555
0.976921
0.977287
0.977654
0.97802
0.978569
0.978752
0.979118
0.979668
0.979851
0.980381
0.980549
0.981052
0.981388
0.981556
0.982059
0.982395
0.982731
0.983067
0.983219
0.983677
0.983982
0.984287
0.98444
0.984886
0.985161
0.985435
0.98571
0.985985
0.986244
0.986488
0.986732
0.986977
0.987217
0.987431
0.987644
0.987858
0.988071
0.988258
0.988441
0.988625
0.988808
0.988968
0.98912
0.989273
0.989426
0.98962
0.989742
0.989803
0.989925
0.990036
0.990173
0.990265
0.990311
0.990398
0.99049
0.990551
0.990612
0.990643
0.9907
0.99073
0.990761
0.990791
0.990818
0.990818
0.990818
0.990818
0.990818
0.990818
0.990795
0.990765
0.990734
0.990704
0.990673
0.990643
0.990597
0.990536
0.990475
0.990414
0.990353
0.990292
0.990231
0.99017
0.990093
0.990002
0.98991
0.989819
0.989727
0.989635
0.989544
0.989452
0.989361
0.989269
0.989178
0.989086
0.988995
0.988903
0.9888
0.988678
0.988495
0.988434
0.988312
0.98819
0.988068
0.987885
0.987823
0.98764
0.987579
0.987457
0.987274
0.987152
0.98703
0.986969
0.986786
0.986679
0.986633
0.986496
0.986404
0.986359
0.986267
0.98613
0.986038
0.985947
0.985855
0.985764
0.985672
0.98558
0.985489
0.985397
0.985306
0.985226
0.985165
0.985104
0.985073
0.984982
0.984921
0.984859
0.984798
0.984737
0.984676
0.984615
0.984558
0.984528
0.984497
0.984467
0.984436
0.984406
0.984375
0.984344
0.984314
0.984283
0.984253
0.984245
0.984245
0.984245
0.984245
0.984245
0.984245
0.984245
0.984245
0.984245
0.984245
0.984245
0.984272
0.984318
0.984348
0.984364
0.984409
0.98444
0.98447
0.984501
0.984531
0.984562
0.984577
0.984623
0.984669
0.98473
0.984791
0.984852
0.984913
0.984974
0.985035
0.985096
0.985126
0.985218
0.985279
0.985432
0.985493
0.985554
0.985615
0.985676
0.985737
0.985798
0.985859
0.98592
0.986012
0.986073
0.986134
0.986206
0.986298
0.986389
0.986481
0.986572
0.986664
0.986755
0.986847
0.986938
0.98703
0.987122
0.987213
0.98735
0.987442
0.987534
0.987625
0.987709
0.98777
0.987831
0.987892
0.987953
0.988014
0.988075
0.988136
0.988197
0.988258
0.988319
0.98838
0.988441
0.988503
0.988564
0.988625
0.988686
0.988747
0.988808
0.988869
0.98893
0.988991
0.989052
0.989113
0.989174
0.989235
0.989296
0.989357
0.989418
0.989479
0.98954
0.989601
0.989655
0.989685
0.989716
0.989746
0.989777
0.989807
0.989838
0.989868
0.989899
0.989929
0.98996
0.98999
0.990021
0.990051
0.990082
0.990128
0.990143
0.990173
0.990204
0.990234
0.99028
0.990311
0.990341
0.990356
0.990402
0.990433
0.990463
0.990494
0.990494
0.990494
0.990494
0.990494
0.990494
0.990494
0.990494
0.990494
0.990494
0.990494
0.990494
0.990494
0.990494
0.990494
0.990494
0.990494
0.990494
0.990494
0.990494
0.990494
0.990494
0.990494
0.990494
0.990494
0.990494
0.990494
