0
3.05177e-05
7.62941e-05
9.1553e-05
0.000152588
0.000194549
0.000350952
0.000755311
0.00157547
0.00297928
0.00514221
0.00822449
0.0123596
0.0176582
0.024231
0.0321426
0.0414391
0.0521469
0.0642776
0.0778198
0.0927544
0.109051
0.126656
0.145531
0.165619
0.186863
0.209206
0.232586
0.256947
0.282227
0.308369
0.335316
0.363003
0.391373
0.420368
0.464916
0.480019
0.510551
0.541481
0.572754
0.62019
0.636108
0.684097
0.700146
0.732292
0.780514
0.81258
0.828571
0.876289
0.907829
0.939091
0.970032
1.0006
1.03074
1.0604
1.08955
1.11815
1.14614
1.17349
1.20016
1.22612
1.25133
1.27575
1.29936
1.32212
1.34402
1.36503
1.38512
1.40427
1.42245
1.4479
1.45588
1.47109
1.48528
1.50462
1.51621
1.52161
1.53622
1.54056
1.55199
1.55828
1.56103
1.56769
1.57081
1.57289
1.57394
1.57396
1.57298
1.571
1.56804
1.56411
1.55925
1.55347
1.54678
1.53922
1.5308
1.52156
1.51152
1.50071
1.48916
1.47689
1.46393
1.45033
1.4361
1.42128
1.4059
1.39
1.37359
1.35673
1.33943
1.32173
1.30367
1.28527
1.26657
1.2476
1.2284
1.20901
1.18946
1.16977
1.14999
1.13015
1.11029
1.09042
1.0706
1.05085
1.0312
1.0117
0.992352
0.973206
0.944939
0.935638
0.917263
0.890289
0.88147
0.855564
0.847118
0.830536
0.814381
0.798679
0.77602
0.768711
0.747574
0.740795
0.72765
0.708996
0.697285
0.686169
0.680836
0.665775
0.656521
0.647903
0.639927
0.632607
0.625942
0.619942
0.614605
0.609928
0.605919
0.602573
0.599892
0.597866
0.596493
0.595772
0.595695
0.596252
0.597435
0.599236
0.601643
0.604645
0.608227
0.612377
0.617085
0.62233
0.628098
0.634384
0.641159
0.648407
0.656113
0.664253
0.672813
0.681774
0.691113
0.700813
0.710854
0.721207
0.731857
0.742786
0.753971
0.765385
0.78289
0.794788
0.806839
0.812916
0.825161
0.843708
0.856159
0.868652
0.874908
0.893677
0.90617
0.918617
0.931004
0.943306
0.955505
0.967583
0.979515
0.991283
0.997101
1.01425
1.0254
1.03631
1.04698
1.05739
1.0725
1.07739
1.08697
1.09625
1.10523
1.11812
1.12631
1.13417
1.13797
1.14883
1.15564
1.16207
1.16812
1.17379
1.17907
1.18395
1.18843
1.19252
1.1962
1.19947
1.20233
1.20477
1.20681
1.20845
1.20968
1.21051
1.21095
1.21099
1.21064
1.20991
1.2088
1.20732
1.20547
1.20328
1.20074
1.19629
1.19464
1.18922
1.18726
1.18093
1.17636
1.17397
1.1664
1.16105
1.15545
1.14964
1.14362
1.13739
1.13099
1.12441
1.11768
1.1108
1.10379
1.09667
1.08944
1.08212
1.07844
1.06728
1.05978
1.05223
1.04467
1.0371
1.02953
1.02197
1.01443
1.00694
0.9995
0.992134
0.984844
0.97765
0.970554
0.963573
0.956707
0.949966
0.943359
0.93689
0.930565
0.924385
0.918354
0.912483
0.906776
0.901241
0.895885
0.89072
0.88575
0.878681
0.874241
0.870014
0.866024
0.862255
0.85873
0.85545
0.852413
0.849621
0.84708
0.844807
0.842777
0.841003
0.839493
0.838226
0.837223
0.836475
0.835972
0.835712
0.835697
0.835926
0.836399
0.837116
0.838058
0.839233
0.840626
0.842239
0.844067
0.846104
0.848335
0.850765
0.853382
0.856182
0.859154
0.862297
0.865601
0.869057
0.872658
0.876396
0.880268
0.884262
0.888367
0.892578
0.896885
0.903515
0.905766
0.910316
0.914932
0.921951
0.926689
0.931461
0.933857
0.941074
0.945896
0.950718
0.955532
0.960323
0.962704
0.969791
0.974453
0.979053
0.983585
0.988037
0.992405
0.996681
1.00086
1.00494
1.00891
1.01278
1.01653
1.02017
1.02369
1.0271
1.0304
1.0304
1.032
1.03957
1.04375
1.04639
1.04891
1.05013
1.05359
1.05469
1.0578
1.05973
1.06153
1.0632
1.06474
1.06616
1.06744
1.0686
1.06962
1.0705
1.07125
1.07185
1.07232
1.07263
1.07281
1.07284
1.07272
1.07247
1.07182
1.07154
1.07087
1.07006
1.06911
1.06746
1.06685
1.06484
1.06411
1.06256
1.0609
1.05914
1.05631
1.05431
1.05328
1.05117
1.04898
1.04559
1.04443
1.04087
1.03967
1.03598
1.03349
1.03097
1.02843
1.02586
1.0233
1.02071
1.01941
1.01552
1.01422
1.01034
1.00777
1.00394
1.0014
1.00014
0.996387
0.993916
0.99147
0.989048
0.986656
0.984291
0.98196
0.97966
0.977394
0.975163
0.972969
0.970814
0.968697
0.966621
0.964588
0.962593
0.960648
0.958744
0.956894
0.95509
0.953335
0.951633
0.949982
0.948387
0.946846
0.945366
0.943947
0.942589
0.941292
0.940056
0.938328
0.937786
0.936749
0.935322
0.934883
0.933666
0.932949
0.932304
0.93174
0.931255
0.930855
0.930542
0.930313
0.930229
0.930115
0.930149
0.930267
0.930477
0.930771
0.931152
0.931614
0.932159
0.932785
0.933491
0.934269
0.93512
0.936043
0.937035
0.938091
0.939209
0.940384
0.941616
0.94289
0.94421
0.945568
0.94696
0.94838
0.949825
0.95129
0.952782
0.954277
0.955799
0.957325
0.958851
0.960377
0.961903
0.963428
0.964954
0.96648
0.968006
0.969521
0.971016
0.972511
0.973976
0.975433
0.976868
0.978279
0.979671
0.981041
0.982384
0.9837
0.984989
0.98687
0.98748
0.988682
0.989853
0.99099
0.992096
0.993168
0.994709
0.995697
0.996178
0.997112
0.998447
0.99929
1.0001
1.00087
1.00161
1.00232
1.00299
1.00362
1.00422
1.00478
1.00531
1.00581
1.00627
1.00669
1.00708
1.00744
1.00777
1.00806
1.00832
1.00855
1.00875
1.00892
1.00906
1.00916
1.00927
1.00929
1.00932
1.00931
1.00928
1.00922
1.00913
1.00896
1.00896
1.00872
1.00854
1.00822
1.00797
1.00771
1.00743
1.00712
1.0068
1.00646
1.0061
1.00572
1.00533
1.00491
1.00449
1.00405
1.00359
1.00313
1.00264
1.00215
1.00164
1.00113
1.00061
1.00007
0.999519
0.99897
0.998421
0.997849
0.997269
0.996689
0.996109
0.995529
0.994949
0.99435
0.99374
0.99313
0.992519
0.991909
0.991299
0.990688
0.990078
0.989468
0.988857
0.988247
0.987637
0.987026
0.986149
0.985569
0.984989
0.984409
0.984119
0.98325
0.982697
0.982147
0.981598
0.981049
0.980522
0.980003
0.979485
0.978977
0.978489
0.978001
0.977528
0.97707
0.976612
0.976177
0.97575
0.975132
0.974934
0.974537
0.974167
0.973621
0.973454
0.973118
0.972641
0.972488
0.972191
0.971916
0.971523
0.971279
0.971161
0.97084
0.970642
0.970459
0.970291
0.970139
0.970001
0.969879
0.969772
0.969681
0.969601
0.96954
0.96949
0.96946
0.969437
0.969437
0.969437
0.969467
0.969498
0.969551
0.969612
0.969688
0.96978
0.969872
0.969994
0.970116
0.970249
0.970402
0.970554
0.970726
0.970909
0.971092
0.971291
0.971504
0.971718
0.971935
0.972179
0.972424
0.972668
0.972912
0.973186
0.973461
0.973736
0.97401
0.974285
0.974731
0.974884
0.975189
0.975647
0.9758
0.976257
0.976562
0.976715
0.977173
0.977325
0.977783
0.978088
0.978394
0.978699
0.978851
0.979309
0.979614
0.979919
0.980225
0.980377
0.980835
0.98114
0.981445
0.98175
0.982056
0.982361
0.982662
0.982937
0.983212
0.983486
0.983761
0.983898
0.98431
0.984577
0.984821
0.985065
0.98531
0.985554
0.985798
0.986019
0.986233
0.986446
0.98666
0.986874
0.987068
0.987251
0.987434
0.987709
0.987801
0.987961
0.988113
0.988266
0.988419
0.988567
0.98875
0.988873
0.988934
0.989117
0.989166
0.989258
0.989395
0.989441
0.989532
0.989613
0.989674
0.989765
0.989826
0.989857
0.98991
0.989941
0.989986
0.990017
0.990047
0.990074
0.990074
0.990074
0.990074
0.990074
0.990074
0.990074
0.990047
0.990017
0.989986
0.989956
0.989925
0.989895
0.989864
0.989826
0.989765
0.989704
0.989643
0.989582
0.989521
0.989429
0.989399
0.989338
0.989277
0.989216
0.989147
0.98901
0.988964
0.988873
0.988735
0.988689
0.988552
0.988461
0.988369
0.988277
0.988232
0.988094
0.988003
0.987911
0.98782
0.987728
0.987637
0.987591
0.987453
0.987316
0.987225
0.987133
0.987041
0.986996
0.986858
0.986813
0.986675
0.986629
0.986492
0.986401
0.986355
0.986217
0.986126
0.986034
0.98595
0.985889
0.985828
0.985767
0.985706
0.985645
0.985584
0.985523
0.985462
0.985401
0.98534
0.985279
0.985218
0.985157
0.985096
0.985065
0.985035
0.985004
0.984974
0.984943
0.984913
0.984882
0.984852
0.984821
0.984791
0.98476
0.98473
0.984718
0.984718
0.984718
0.984718
0.984718
0.984718
0.984718
0.984718
0.984718
0.984718
0.984718
0.984718
0.984718
0.984749
0.984779
0.98481
0.984856
0.984871
0.984901
0.984932
0.984962
0.984993
0.985039
0.985054
0.9851
0.98513
0.985161
0.985176
0.985252
0.985313
0.985374
0.985435
0.985497
0.985558
0.985619
0.98568
0.985741
0.985802
0.985863
0.985954
0.986015
0.986076
0.986107
0.986168
0.986259
0.98629
0.986382
0.986443
0.986504
0.986565
0.986626
0.986687
0.986748
0.986809
0.98687
0.986931
0.986992
0.987053
0.987114
0.987175
0.987236
0.987297
0.987358
0.987419
0.98748
0.987541
0.987602
0.987663
0.987724
0.987785
0.987846
0.987907
0.987968
0.988029
0.988091
0.988152
0.988213
0.988274
0.988335
0.988396
0.988457
0.988518
0.988609
0.98867
0.988731
0.988792
0.988853
0.988914
0.988976
0.989037
0.989098
0.989159
0.98922
0.989281
0.989342
0.989403
0.989464
0.989525
0.989555
0.989586
0.989632
0.989662
0.989693
0.989723
0.989754
0.989784
0.989815
0.989861
0.989876
0.989922
0.989952
0.989983
0.990013
0.990044
0.990074
0.990105
0.990135
0.990166
0.990196
0.990227
0.990257
0.990303
0.990334
0.990349
0.990395
0.990425
0.990456
0.990486
0.990505
0.990505
0.990505
0.990505
0.990505
0.990505
0.990505
0.990505
0.990505
0.990505
0.990505
0.990505
0.990505
0.990505
0.990505
0.990505
0.990505
0.990505
