0
1.52588e-05
6.1034e-05
9.15517e-05
0.00010681
0.000164032
0.000480652
0.00107193
0.00216293
0.00392532
0.00653076
0.0101204
0.0148239
0.020752
0.0279846
0.0365868
0.0465851
0.0580025
0.0708351
0.0927086
0.108986
0.126579
0.145424
0.165478
0.186684
0.208973
0.232288
0.256565
0.281738
0.307747
0.334526
0.362022
0.390171
0.418911
0.448177
0.448177
0.508095
0.53862
0.56945
0.600533
0.631809
0.663242
0.694771
0.726353
0.757938
0.805241
0.820961
0.852291
0.898941
0.914371
0.960217
0.990353
1.0201
1.0494
1.07823
1.10653
1.13425
1.1479
1.17469
1.20082
1.22625
1.26297
1.28648
1.30916
1.32019
1.35197
1.37206
1.39123
1.40947
1.42676
1.44309
1.45843
1.47277
1.48609
1.49839
1.50966
1.51989
1.52908
1.53723
1.54433
1.55038
1.55538
1.55935
1.56229
1.5642
1.56509
1.56499
1.56389
1.56181
1.55878
1.5548
1.54989
1.54409
1.53739
1.52984
1.51695
1.50735
1.50226
1.48586
1.47402
1.4615
1.44832
1.43451
1.42012
1.40516
1.38968
1.37369
1.35725
1.34039
1.32314
1.30552
1.28758
1.26935
1.25087
1.23215
1.21325
1.19418
1.17498
1.15569
1.13633
1.11694
1.09755
1.07818
1.05887
1.03965
1.02055
1.0016
0.982826
0.96426
0.945934
0.927876
0.910114
0.89267
0.875565
0.858826
0.842464
0.818695
0.810989
0.795914
0.7813
0.767174
0.746956
0.740479
0.727928
0.715939
0.699028
0.688484
0.683437
0.669201
0.660488
0.652401
0.644947
0.638126
0.63195
0.626415
0.621532
0.617302
0.61372
0.610779
0.608486
0.606834
0.60582
0.605434
0.605675
0.606529
0.60799
0.610046
0.61269
0.61591
0.619686
0.624008
0.628868
0.634243
0.640133
0.646511
0.656937
0.660641
0.668369
0.676514
0.685055
0.698578
0.703262
0.712883
0.72282
0.738277
0.748913
0.759792
0.770901
0.782211
0.793701
0.805351
0.817131
0.829025
0.841015
0.853069
0.865173
0.877308
0.889454
0.901585
0.913685
0.925739
0.937729
0.949635
0.961441
0.973129
0.984688
0.99609
1.00732
1.01836
1.0292
1.0398
1.05019
1.06032
1.07019
1.0798
1.09368
1.09816
1.1069
1.11534
1.12346
1.13502
1.13871
1.14582
1.15582
1.15897
1.16785
1.1733
1.17588
1.18303
1.1873
1.19118
1.19465
1.19773
1.2004
1.20267
1.20453
1.206
1.20707
1.20774
1.20803
1.20792
1.20744
1.20657
1.20534
1.20374
1.20179
1.19949
1.19685
1.19387
1.19058
1.18697
1.18307
1.17886
1.17204
1.16715
1.16461
1.15935
1.15385
1.1452
1.13918
1.13296
1.12656
1.12
1.11329
1.10645
1.09947
1.09239
1.08521
1.07795
1.07062
1.06324
1.05581
1.04837
1.04089
1.03342
1.02597
1.01855
1.01118
1.00386
0.996601
0.989426
0.982342
0.975353
0.968472
0.9617
0.955048
0.948517
0.94212
0.935856
0.929729
0.923744
0.917908
0.912224
0.9067
0.901348
0.896175
0.891186
0.886391
0.881798
0.875301
0.873249
0.869297
0.865585
0.862091
0.857307
0.855835
0.851784
0.849388
0.847237
0.845329
0.843666
0.842258
0.841114
0.840214
0.839558
0.839146
0.838978
0.839054
0.839344
0.839878
0.840645
0.841637
0.843536
0.84507
0.846813
0.847763
0.85091
0.853249
0.855774
0.858475
0.861351
0.864391
0.867584
0.870934
0.87442
0.878044
0.881798
0.885666
0.889645
0.893726
0.8979
0.902157
0.906494
0.9109
0.915371
0.919891
0.924458
0.929058
0.933689
0.938339
0.943008
0.947678
0.950012
0.961613
0.966202
0.970749
0.975243
0.979675
0.984043
0.988338
0.994629
0.996681
1.00072
1.0066
1.0085
1.01224
1.01588
1.0194
1.02449
1.02774
1.03088
1.03391
1.03538
1.03962
1.0423
1.0436
1.05079
1.05295
1.055
1.05692
1.05872
1.0604
1.06195
1.06339
1.0647
1.06589
1.06694
1.06787
1.06867
1.06934
1.06988
1.07027
1.07054
1.07067
1.07066
1.07052
1.07024
1.06983
1.06928
1.0686
1.06779
1.06686
1.06581
1.06464
1.06334
1.06193
1.06041
1.05879
1.05707
1.05526
1.05336
1.05036
1.04827
1.04612
1.04502
1.04165
1.03934
1.03699
1.03461
1.03219
1.02975
1.02728
1.02479
1.02229
1.01979
1.01728
1.01478
1.01228
1.00978
1.00727
1.00478
1.00231
0.999844
0.997402
0.994984
0.992584
0.990208
0.987858
0.985538
0.98325
0.980991
0.978767
0.976578
0.974422
0.972301
0.970215
0.967163
0.966167
0.964203
0.96228
0.960403
0.958569
0.95591
0.955048
0.953358
0.951721
0.949368
0.947865
0.946419
0.945717
0.943703
0.942436
0.941231
0.94009
0.939014
0.938004
0.937057
0.93618
0.935375
0.934639
0.933971
0.93338
0.932865
0.932423
0.93206
0.931782
0.931583
0.931465
0.931438
0.931496
0.931633
0.93185
0.932152
0.932533
0.932995
0.93354
0.934162
0.93486
0.935627
0.93647
0.937378
0.938354
0.939392
0.940487
0.941635
0.942837
0.943451
0.945358
0.946678
0.948029
0.949406
0.950809
0.952236
0.953671
0.955132
0.956596
0.958061
0.959557
0.961052
0.962547
0.96479
0.966282
0.967747
0.968479
0.970676
0.972115
0.973549
0.974957
0.976353
0.977726
0.979076
0.980408
0.981716
0.982998
0.984249
0.985474
0.986668
0.987835
0.988972
0.990074
0.991146
0.992188
0.993191
0.994164
0.995102
0.996006
0.996876
0.997711
0.998516
0.999287
1.00002
1.00072
1.00171
1.00201
1.00261
1.00344
1.00396
1.0042
1.00467
1.0053
1.0055
1.00603
1.0062
1.00664
1.00689
1.00712
1.00732
1.00748
1.00762
1.00773
1.00781
1.00787
1.00789
1.00789
1.00787
1.00781
1.00774
1.00764
1.00751
1.00736
1.00719
1.007
1.00679
1.00655
1.00629
1.00602
1.00572
1.00541
1.00507
1.00473
1.00436
1.00399
1.00359
1.00318
1.00275
1.00209
1.00187
1.00141
1.00093
1.00044
0.999954
0.999447
0.998928
0.998409
0.99789
0.997345
0.996796
0.995972
0.995697
0.994873
0.994297
0.993717
0.993137
0.992558
0.991978
0.991398
0.990818
0.990238
0.989658
0.989079
0.988499
0.987919
0.987339
0.986759
0.986179
0.985626
0.985077
0.984528
0.983978
0.983429
0.98288
0.982101
0.981842
0.981323
0.980804
0.980068
0.97958
0.979092
0.978634
0.978176
0.977718
0.977291
0.976864
0.976444
0.976048
0.975651
0.975273
0.974907
0.974548
0.974213
0.973877
0.973568
0.973263
0.972977
0.972702
0.972439
0.972195
0.971958
0.971745
0.971535
0.971352
0.971169
0.971016
0.970863
0.970737
0.970615
0.970512
0.970421
0.970345
0.970284
0.97023
0.9702
0.970169
0.970169
0.970169
0.970192
0.970222
0.970264
0.970325
0.970387
0.970474
0.970566
0.970665
0.970787
0.970909
0.971043
0.971195
0.971348
0.971512
0.971695
0.971878
0.972168
0.972275
0.972595
0.972702
0.972919
0.973286
0.97353
0.973774
0.974018
0.974285
0.97456
0.974834
0.975109
0.975384
0.975658
0.975933
0.976212
0.976517
0.976822
0.977127
0.977432
0.977737
0.978043
0.978348
0.978653
0.978958
0.979263
0.979568
0.979874
0.980179
0.980484
0.980789
0.981094
0.981377
0.981789
0.981926
0.982201
0.982475
0.982887
0.983162
0.983299
0.983704
0.983948
0.984192
0.984436
0.98468
0.984924
0.985168
0.985386
0.9856
0.985813
0.986027
0.98624
0.986443
0.986626
0.986809
0.986992
0.987175
0.98735
0.987503
0.987656
0.987808
0.987961
0.98811
0.988232
0.988354
0.988476
0.988598
0.98872
0.988811
0.988903
0.988995
0.989086
0.989178
0.989246
0.989307
0.989368
0.989429
0.989491
0.989544
0.989574
0.989605
0.989635
0.989666
0.989712
0.989723
0.989723
0.989723
0.989723
0.989723
0.989723
0.989723
0.9897
0.98967
0.989639
0.989609
0.989578
0.989548
0.989517
0.989487
0.989449
0.989388
0.989326
0.989265
0.989204
0.989143
0.989082
0.989021
0.98896
0.988899
0.988838
0.988777
0.988716
0.988655
0.988583
0.988491
0.9884
0.988308
0.988216
0.988125
0.988033
0.987942
0.98785
0.987759
0.987667
0.98753
0.987484
0.987392
0.987255
0.987209
0.987118
0.98698
0.986935
0.986797
0.986706
0.986614
0.986523
0.986431
0.98634
0.986279
0.986217
0.986156
0.986095
0.986034
0.985973
0.985912
0.985851
0.98579
0.985729
0.985668
0.985607
0.985546
0.985485
0.985424
0.985363
0.985302
0.985252
0.985237
0.985207
0.985176
0.985146
0.985115
0.985085
0.985054
0.985023
0.984978
0.984947
0.984901
0.984886
0.984886
0.984886
0.984886
0.984886
0.984886
0.984886
0.984886
0.984886
0.984886
0.984886
0.984886
0.984886
0.984886
0.984917
0.984947
0.984978
0.985008
0.985039
0.985069
0.9851
0.98513
0.985161
0.985207
0.985237
0.985268
0.985298
0.985329
0.985374
0.98539
0.985474
0.985504
0.985596
0.985657
0.985718
0.985779
0.98584
0.985901
0.985962
0.986023
0.986084
0.986145
0.986206
0.986267
0.986328
0.98642
0.986481
0.986542
0.986603
0.986633
0.986725
0.986786
0.986847
0.986908
0.986969
0.98703
0.987091
0.987152
0.987213
0.987274
0.987335
0.987396
0.987457
0.987518
0.987579
0.987671
0.987732
0.987793
0.987854
0.987915
0.987976
0.988037
0.988098
0.988159
0.98822
0.988281
0.988342
0.988403
0.988464
0.988525
0.988586
0.988647
0.988739
0.9888
0.988831
0.988892
0.988983
0.989044
0.989075
0.989136
0.989227
0.989288
0.989349
0.98941
0.989449
0.989479
0.98951
0.98954
0.989571
0.989601
0.989632
0.989662
0.989693
0.989723
0.989754
0.989784
0.989815
0.989845
0.989876
0.989906
0.989937
0.989967
0.989998
0.990028
0.990059
0.990105
0.99012
0.99015
0.990196
0.990227
0.990257
0.990288
0.990303
0.990334
0.990379
0.990395
0.990425
0.990448
0.990448
0.990448
0.990448
0.990448
0.990448
0.990448
0.990448
0.990448
0.990448
0.990448
0.990448
0.990448
0.990448
0.990448
0.990448
0.990448
0.990448
0.990448
0.990448
0.990448
0.990448
0.990448
0.990448
