0
3.05177e-05
6.10353e-05
9.1553e-05
0.000122071
0.000152587
0.000194549
0.000350952
0.000755309
0.00157547
0.00395584
0.00514221
0.00822449
0.0123596
0.0176582
0.024231
0.0321426
0.0414391
0.0521469
0.0708733
0.0778198
0.0927544
0.109047
0.135929
0.155411
0.165596
0.197842
0.209133
0.232479
0.269299
0.282021
0.308094
0.334953
0.376579
0.40514
0.434273
0.463936
0.494053
0.524582
0.555462
0.586636
0.618038
0.633804
0.681305
0.713058
0.74482
0.776531
0.80814
0.839596
0.870853
0.901863
0.932575
0.96294
0.992908
1.02244
1.05149
1.08001
1.10795
1.1353
1.16199
1.18802
1.21333
1.2379
1.2617
1.28469
1.30685
1.32814
1.34856
1.36808
1.38667
1.40432
1.42899
1.43673
1.45144
1.47164
1.47787
1.49501
1.50516
1.51427
1.52234
1.52938
1.53252
1.54036
1.54431
1.54723
1.54914
1.55006
1.54996
1.5489
1.54688
1.54391
1.54002
1.53522
1.52953
1.52299
1.51559
1.50739
1.49839
1.48862
1.47811
1.4669
1.45501
1.44246
1.42928
1.41552
1.40118
1.38631
1.37093
1.35508
1.3388
1.32211
1.30505
1.28765
1.26994
1.25195
1.23372
1.21529
1.19669
1.17795
1.1591
1.14017
1.1212
1.10222
1.08327
1.06437
1.04556
1.02687
1.00832
0.989952
0.971786
0.953857
0.936192
0.910244
0.893345
0.885021
0.868649
0.844799
0.829411
0.814445
0.799938
0.7859
0.77235
0.759315
0.746807
0.734837
0.723423
0.712582
0.70232
0.692654
0.68359
0.675137
0.667294
0.660076
0.653484
0.644775
0.639759
0.635372
0.631615
0.628483
0.62598
0.624096
0.622829
0.622173
0.622128
0.622681
0.623821
0.625546
0.627838
0.630688
0.634087
0.638012
0.64246
0.647404
0.652836
0.658749
0.665115
0.671921
0.679153
0.68679
0.694813
0.703205
0.711952
0.721035
0.730427
0.740112
0.750076
0.760284
0.770737
0.781403
0.792259
0.803295
0.820126
0.825802
0.842979
0.848751
0.866154
0.877815
0.883659
0.901192
0.912849
0.924465
0.936024
0.947502
0.958881
0.970142
0.981266
0.99765
1.00835
1.01884
1.02911
1.03917
1.04898
1.05853
1.06783
1.08125
1.08558
1.09404
1.1022
1.11006
1.12127
1.12834
1.13507
1.14147
1.14752
1.15321
1.15855
1.16352
1.16812
1.1743
1.17617
1.18122
1.1841
1.1866
1.18872
1.19045
1.19181
1.19278
1.19338
1.19361
1.19347
1.19297
1.19211
1.19091
1.18936
1.18748
1.18527
1.18274
1.1799
1.17677
1.17151
1.16766
1.16354
1.15916
1.15454
1.14967
1.14459
1.13929
1.13379
1.12811
1.12225
1.11623
1.11005
1.10374
1.0973
1.09403
1.08073
1.07395
1.0671
1.0602
1.05325
1.04626
1.03928
1.03227
1.02528
1.01832
1.01139
1.00453
0.997726
0.991009
0.984375
0.977837
0.971405
0.965088
0.958878
0.952789
0.946835
0.941006
0.93531
0.929752
0.924335
0.919064
0.913944
0.908981
0.904179
0.899551
0.892948
0.890839
0.886772
0.881046
0.877487
0.874142
0.871014
0.868103
0.865425
0.862968
0.860744
0.858746
0.85619
0.854771
0.853596
0.852634
0.851917
0.851414
0.851147
0.851101
0.851444
0.851665
0.852654
0.853573
0.854698
0.856022
0.857544
0.859253
0.861145
0.863213
0.865456
0.867867
0.870438
0.873161
0.876034
0.879047
0.882191
0.885456
0.888844
0.892345
0.895954
0.899658
0.905384
0.907333
0.911289
0.91531
0.919388
0.925606
0.929802
0.934032
0.938286
0.942558
0.946831
0.953239
0.955376
0.959633
0.965969
0.96806
0.97221
0.976311
0.98035
0.986282
0.990143
0.993923
0.99762
1.00123
1.00647
1.00817
1.01149
1.01629
1.01936
1.02233
1.02658
1.02929
1.03189
1.03438
1.03677
1.03904
1.04121
1.04327
1.04617
1.04795
1.04964
1.05121
1.05267
1.05402
1.05526
1.05639
1.0574
1.05872
1.05946
1.06008
1.0606
1.061
1.0613
1.06149
1.06157
1.06155
1.06141
1.06118
1.06084
1.0604
1.05986
1.05923
1.0585
1.05768
1.05677
1.05577
1.05469
1.05353
1.05229
1.05097
1.04887
1.04738
1.04583
1.04503
1.04256
1.0417
1.03907
1.03726
1.03541
1.03352
1.0316
1.02964
1.02766
1.02566
1.02364
1.0216
1.01955
1.01749
1.01542
1.01334
1.01126
1.00919
1.00711
1.00504
1.00299
1.00095
0.998901
0.996887
0.994873
0.992889
0.989937
0.98896
0.987026
0.985111
0.982285
0.980427
0.978596
0.976791
0.975014
0.973267
0.971546
0.969856
0.968201
0.966576
0.964985
0.963436
0.961922
0.959724
0.958305
0.956932
0.955601
0.954311
0.953072
0.95187
0.950722
0.949619
0.948566
0.947571
0.946621
0.945297
0.944481
0.943718
0.943008
0.942352
0.941757
0.941216
0.940506
0.940102
0.939754
0.939465
0.939236
0.93906
0.938942
0.938881
0.938873
0.938919
0.939026
0.939182
0.939392
0.939808
0.940147
0.940533
0.940971
0.941456
0.941986
0.942558
0.943501
0.943836
0.944897
0.945652
0.946442
0.947266
0.94812
0.949005
0.949921
0.950859
0.95182
0.952801
0.953808
0.95483
0.956387
0.956921
0.957989
0.959599
0.960697
0.961796
0.962894
0.964542
0.965641
0.96674
0.967838
0.968937
0.970036
0.971123
0.972191
0.973259
0.974312
0.975349
0.976376
0.977383
0.978867
0.979355
0.980782
0.981709
0.982624
0.983509
0.984379
0.985229
0.986053
0.987251
0.987637
0.988396
0.989483
0.990181
0.990852
0.991497
0.992119
0.992718
0.99329
0.993839
0.994358
0.994854
0.995323
0.99577
0.996193
0.996777
0.99696
0.997307
0.997784
0.99807
0.998333
0.998577
0.998791
0.998985
0.999237
0.999313
0.9995
0.999546
0.999668
0.999729
0.99976
0.999775
0.999775
0.999748
0.99971
0.999649
0.999573
0.999481
0.999371
0.999249
0.999027
0.998951
0.998775
0.998497
0.998283
0.99807
0.997829
0.997463
0.99733
0.997055
0.996639
0.996334
0.996029
0.995724
0.995388
0.995052
0.994717
0.994377
0.994011
0.993462
0.993279
0.992912
0.992348
0.991951
0.991554
0.991158
0.990761
0.990364
0.989967
0.989571
0.988976
0.988777
0.988182
0.987785
0.987389
0.986992
0.986595
0.986198
0.985802
0.985405
0.98481
0.984612
0.984016
0.98362
0.983223
0.982849
0.982483
0.982117
0.98175
0.981384
0.980846
0.980511
0.980175
0.979839
0.979504
0.979195
0.978889
0.978584
0.978283
0.977871
0.977734
0.977459
0.977077
0.976955
0.976589
0.976368
0.976154
0.975941
0.975742
0.975559
0.975376
0.975204
0.975052
0.974823
0.974758
0.974575
0.974453
0.974358
0.974266
0.974174
0.974106
0.974045
0.973984
0.973946
0.973915
0.973885
0.973873
0.973873
0.973873
0.9739
0.97393
0.973961
0.974007
0.974068
0.974129
0.97419
0.974277
0.974369
0.974461
0.974609
0.974731
0.974854
0.974976
0.975098
0.975246
0.975399
0.975552
0.975704
0.975857
0.976021
0.976204
0.976387
0.97657
0.976753
0.976936
0.977119
0.977303
0.977619
0.977726
0.978046
0.97826
0.978474
0.978687
0.978901
0.979115
0.979328
0.979649
0.979862
0.980076
0.980289
0.980503
0.980717
0.98093
0.981144
0.981358
0.981571
0.981785
0.981998
0.982212
0.982426
0.982639
0.982853
0.983173
0.98328
0.983482
0.983665
0.98394
0.984123
0.984306
0.984489
0.984673
0.984856
0.985039
0.985222
0.985374
0.985527
0.98568
0.985832
0.986061
0.986137
0.98629
0.986435
0.986618
0.98674
0.986801
0.986984
0.987106
0.987228
0.987335
0.987335
0.987518
0.98761
0.987701
0.987793
0.987885
0.987968
0.988029
0.988091
0.988152
0.988213
0.988274
0.988335
0.988396
0.988438
0.988468
0.988499
0.988529
0.98856
0.98859
0.988621
0.988651
0.988678
0.988678
0.988678
0.988678
0.988678
0.988678
0.988678
0.988678
0.988678
0.988678
0.988678
0.988647
0.988632
0.988602
0.988571
0.988541
0.988495
0.98848
0.988449
0.988403
0.988373
0.988342
0.988312
0.988281
0.988251
0.98822
0.98819
0.988159
0.988125
0.988064
0.988003
0.987942
0.987881
0.98782
0.987759
0.987698
0.987637
0.987576
0.987484
0.987423
0.987362
0.987301
0.98724
0.987179
0.987118
0.987026
0.986996
0.986935
0.986874
0.986813
0.986721
0.98666
0.986622
0.986591
0.986546
0.98653
0.9865
0.986454
0.986439
0.986393
0.986362
0.986332
0.986301
0.986271
0.98624
0.98621
0.986179
0.986149
0.986118
0.986088
0.986057
0.986027
0.985996
0.985966
0.985947
0.985947
0.985947
0.985947
0.985947
0.985947
0.985947
0.985947
0.985947
0.985947
0.985947
0.985947
0.985947
0.985947
0.985947
0.985947
0.985947
0.985947
0.985947
0.985954
0.985985
0.986015
0.986046
0.986061
0.986122
0.986153
0.986183
0.986214
0.986244
0.986275
0.986305
0.986336
0.986366
0.986397
0.986427
0.986458
0.986488
0.986519
0.986549
0.98658
0.986626
0.986656
0.986687
0.986717
0.986748
0.986778
0.986809
0.986862
0.986954
0.987015
0.987076
0.987137
0.987198
0.987259
0.98732
0.987381
0.987442
0.987503
0.987564
0.987625
0.987686
0.987747
0.987808
0.9879
0.987961
0.987991
0.988083
0.988144
0.988205
0.988266
0.988327
0.988388
0.988449
0.98851
0.988602
0.988632
0.988724
0.988754
0.988815
0.988907
0.988937
0.988998
0.989071
0.989086
0.989132
0.989162
0.989193
0.989223
0.989254
0.989285
0.989315
0.989346
0.989376
0.989407
0.989437
0.989468
0.989498
0.989529
0.989559
0.98959
0.98962
0.989651
0.989697
0.989712
0.989742
0.989773
0.989803
0.989849
0.98988
0.98991
0.989941
0.989971
0.990002
0.990032
0.990063
0.990093
0.990124
0.990154
0.990185
0.990215
0.990246
0.990276
0.990307
0.990337
0.990368
0.990398
0.990429
0.990459
0.99049
0.990501
0.990501
0.990501
0.990501
0.990501
0.990501
0.990501
0.990501
0.990501
0.990501
0.990501
0.990501
0.990501
0.990501
0.990501
0.990501
0.990501
0.990501
0.990501
0.990501
0.990501
0.990501
0.990501
0.990501
0.990501
0.990501
0.990501
0.990501
0.990501
