0
3.05177e-05
6.10353e-05
9.1553e-05
0.000122071
0.000167847
0.000194549
0.000511169
0.000755311
0.00157928
0.00395966
0.00514603
0.0101547
0.0148582
0.017662
0.028019
0.0321465
0.0466194
0.0580406
0.0708771
0.0851173
0.100727
0.117672
0.135902
0.155373
0.176018
0.197781
0.2206
0.244415
0.269169
0.294792
0.321228
0.348415
0.376297
0.419292
0.433907
0.478489
0.508762
0.53941
0.570366
0.601585
0.633003
0.664558
0.696194
0.727867
0.759502
0.791054
0.822468
0.853691
0.884678
0.915371
0.945732
0.975704
1.00525
1.03434
1.06289
1.09089
1.1183
1.14508
1.17119
1.19659
1.22127
1.24519
1.26832
1.29064
1.31213
1.33276
1.35251
1.37138
1.38933
1.40635
1.42243
1.43753
1.45168
1.46483
1.477
1.48817
1.49834
1.5075
1.51565
1.52279
1.52893
1.53406
1.53819
1.54254
1.54349
1.54489
1.54461
1.54339
1.54123
1.53814
1.53415
1.53182
1.52351
1.52032
1.5133
1.50126
1.49684
1.48246
1.47196
1.46075
1.44888
1.43635
1.42321
1.40948
1.38785
1.37278
1.35724
1.34126
1.32487
1.30811
1.291
1.27359
1.25591
1.23799
1.21073
1.20156
1.18312
1.15525
1.13659
1.11788
1.09917
1.08048
1.06184
1.04329
1.02486
1.00658
0.98848
0.970585
0.95293
0.926968
0.910034
0.893429
0.877171
0.861282
0.845783
0.830696
0.816036
0.801826
0.788086
0.774815
0.762058
0.749805
0.738075
0.721497
0.716248
0.701347
0.692127
0.683483
0.675434
0.667976
0.661125
0.654884
0.646667
0.641953
0.639828
0.63438
0.63287
0.630306
0.627605
0.626568
0.626133
0.626293
0.627037
0.628353
0.630241
0.632683
0.63567
0.639194
0.643238
0.647785
0.652821
0.65834
0.664314
0.670738
0.677589
0.684853
0.692509
0.700542
0.708935
0.717663
0.726715
0.736073
0.745712
0.755615
0.765762
0.776142
0.786732
0.797504
0.808449
0.819538
0.830753
0.842079
0.859226
0.864975
0.876503
0.893848
0.899632
0.916958
0.922714
0.939903
0.951271
0.956921
0.973698
0.979225
0.995583
1.00628
1.01678
1.02708
1.03716
1.047
1.0566
1.06595
1.07503
1.08384
1.09237
1.10061
1.10854
1.11617
1.12348
1.13046
1.13711
1.14341
1.14936
1.15494
1.16016
1.16501
1.16949
1.1736
1.17732
1.18066
1.18362
1.1862
1.18935
1.19022
1.19223
1.19311
1.19361
1.19375
1.19352
1.19294
1.19201
1.19073
1.18911
1.18716
1.18488
1.1823
1.1794
1.1762
1.17272
1.16895
1.16491
1.16063
1.15609
1.15132
1.1463
1.14107
1.13564
1.13
1.12418
1.11819
1.11205
1.10575
1.09933
1.08947
1.08612
1.07936
1.07253
1.06561
1.05513
1.04808
1.04102
1.03394
1.02686
1.01979
1.01275
1.00575
0.995361
0.988525
0.981777
0.975124
0.968575
0.962135
0.955818
0.949623
0.94355
0.937614
0.931816
0.923382
0.920643
0.912659
0.910076
0.907532
0.89547
0.890965
0.886658
0.882549
0.878651
0.874966
0.871502
0.868252
0.865246
0.862457
0.859909
0.857605
0.855545
0.853729
0.852135
0.850777
0.849663
0.848793
0.848156
0.847744
0.847565
0.847618
0.847889
0.849525
0.850552
0.852474
0.854004
0.855732
0.857647
0.859745
0.862022
0.864475
0.867088
0.869865
0.87431
0.877453
0.880733
0.884136
0.887661
0.891308
0.895058
0.898911
0.902851
0.908916
0.913055
0.917255
0.921513
0.925816
0.930161
0.934532
0.938927
0.943344
0.947769
0.952194
0.956593
0.960976
0.965328
0.969643
0.973911
0.978123
0.982273
0.986355
0.990356
0.994278
0.998119
1.00187
1.00552
1.00908
1.01254
1.0159
1.01916
1.02231
1.02535
1.02829
1.0325
1.03385
1.03773
1.04019
1.04254
1.04478
1.04585
1.04892
1.05083
1.05262
1.0543
1.05587
1.05732
1.05865
1.05987
1.06097
1.06196
1.06283
1.06358
1.06422
1.06474
1.06513
1.06541
1.06556
1.06559
1.0655
1.06528
1.06495
1.06451
1.06395
1.06326
1.06245
1.06104
1.05996
1.05878
1.0575
1.05613
1.05468
1.05315
1.05153
1.04985
1.0481
1.0463
1.04443
1.04251
1.04054
1.03852
1.03646
1.03331
1.03224
1.03008
1.02789
1.02568
1.02234
1.02008
1.01782
1.01556
1.0133
1.01101
1.00875
1.00536
1.00311
1.00086
0.998634
0.996418
0.994221
0.992046
0.988823
0.986702
0.984608
0.982536
0.980495
0.978481
0.976498
0.974545
0.972626
0.970741
0.968891
0.967075
0.965298
0.962704
0.961025
0.959389
0.957794
0.956249
0.954742
0.953289
0.951881
0.950523
0.949215
0.94796
0.946175
0.945606
0.944515
0.943478
0.942497
0.941135
0.940712
0.939911
0.939163
0.93848
0.937576
0.93705
0.936584
0.93618
0.935844
0.93557
0.935356
0.935211
0.935127
0.935116
0.935169
0.935295
0.93549
0.935757
0.936092
0.936497
0.937237
0.937813
0.938454
0.939152
0.939903
0.940712
0.94157
0.942471
0.943897
0.944393
0.945412
0.946999
0.947548
0.949223
0.950375
0.951546
0.952736
0.953949
0.95517
0.956417
0.957668
0.95892
0.960835
0.962116
0.963398
0.96468
0.965961
0.967243
0.968494
0.969746
0.970997
0.972229
0.97345
0.974655
0.975845
0.977016
0.978176
0.97987
0.980423
0.982056
0.98312
0.984158
0.985168
0.986156
0.987122
0.98806
0.988972
0.989857
0.990711
0.991539
0.99234
0.993114
0.993858
0.994572
0.995258
0.996235
0.996849
0.997433
0.997986
0.998512
0.999008
0.999477
0.999916
1.00033
1.00071
1.00107
1.00155
1.00183
1.00209
1.00233
1.00254
1.00272
1.00288
1.00301
1.00312
1.00321
1.00327
1.00331
1.00332
1.00332
1.00329
1.00324
1.00317
1.00308
1.00291
1.00277
1.00261
1.00243
1.00234
1.00213
1.0018
1.00168
1.0013
1.00103
1.00074
1.00043
1.00013
0.999794
0.999458
0.999107
0.998741
0.998375
0.99799
0.997593
0.997196
0.996792
0.996365
0.995937
0.99551
0.995083
0.994625
0.994167
0.99371
0.993252
0.992794
0.992336
0.991875
0.991386
0.990898
0.990166
0.989922
0.989433
0.988945
0.988457
0.987968
0.98748
0.986992
0.986504
0.986015
0.985542
0.984856
0.984627
0.984169
0.983482
0.983253
0.982567
0.982132
0.981705
0.981277
0.98085
0.980427
0.98003
0.979435
0.979237
0.978664
0.978298
0.977932
0.977581
0.977245
0.976742
0.976585
0.97628
0.975822
0.975548
0.975273
0.975002
0.974758
0.974514
0.974285
0.974072
0.973858
0.973671
0.973488
0.973312
0.97316
0.973007
0.972878
0.972755
0.972637
0.972546
0.972454
0.972382
0.972321
0.97226
0.972229
0.972198
0.972179
0.972179
0.972179
0.972198
0.972229
0.97226
0.972313
0.972374
0.972435
0.972519
0.97261
0.972702
0.972809
0.972931
0.973053
0.973175
0.973328
0.97348
0.973633
0.973877
0.973969
0.974243
0.974426
0.974609
0.974819
0.974926
0.975246
0.97546
0.975674
0.975887
0.976116
0.97636
0.976604
0.976849
0.977093
0.977337
0.977581
0.977825
0.978069
0.978313
0.978558
0.978802
0.979046
0.97929
0.979534
0.979778
0.980022
0.980267
0.980633
0.980755
0.981121
0.981365
0.981609
0.981853
0.981976
0.982342
0.982586
0.98283
0.983074
0.983318
0.98354
0.983753
0.983967
0.98418
0.984394
0.984608
0.984821
0.985035
0.985229
0.985413
0.985596
0.985779
0.985962
0.986145
0.986328
0.986481
0.986633
0.986786
0.986938
0.987091
0.987244
0.987373
0.987495
0.987617
0.98774
0.987923
0.988037
0.988129
0.98822
0.988312
0.988403
0.988495
0.988617
0.988647
0.988739
0.9888
0.988861
0.988922
0.988983
0.989014
0.989044
0.989075
0.989105
0.989136
0.989166
0.989197
0.989201
0.989201
0.989201
0.989201
0.989201
0.989201
0.989201
0.989201
0.989174
0.989143
0.989098
0.989067
0.989037
0.989006
0.988976
0.988945
0.988914
0.988884
0.988853
0.988766
0.988705
0.988644
0.988613
0.988552
0.988461
0.9884
0.988338
0.988277
0.988216
0.988155
0.988094
0.988033
0.987972
0.987911
0.98785
0.98782
0.987728
0.987667
0.987576
0.987514
0.987484
0.987392
0.987331
0.98727
0.987209
0.987148
0.987087
0.987026
0.986965
0.986904
0.986843
0.986782
0.986691
0.986629
0.986568
0.986507
0.986446
0.986385
0.986324
0.986263
0.986202
0.986141
0.986088
0.986042
0.986027
0.985996
0.985966
0.985935
0.985889
0.985874
0.985844
0.985813
0.985783
0.985737
0.985722
0.985691
0.985661
0.98563
0.985584
0.985569
0.985569
0.985569
0.985569
0.985569
0.985569
0.985569
0.985569
0.985569
0.985569
0.985569
0.985569
0.985569
0.985569
0.985569
0.985569
0.985573
0.985603
0.985634
0.98568
0.98571
0.985741
0.985771
0.985802
0.985832
0.985863
0.985893
0.985924
0.985954
0.985985
0.986015
0.986046
0.986076
0.986122
0.986153
0.986183
0.986214
0.986252
0.986313
0.986374
0.986435
0.986496
0.986557
0.986649
0.986679
0.986771
0.986832
0.986893
0.986954
0.987015
0.987076
0.987137
0.987228
0.987259
0.98732
0.987411
0.987442
0.987534
0.987564
0.987656
0.987717
0.987778
0.987839
0.9879
0.987961
0.988022
0.988083
0.988174
0.988235
0.988297
0.988358
0.988419
0.98848
0.988541
0.988602
0.988663
0.988754
0.988785
0.988846
0.988907
0.988968
0.989059
0.98909
0.989151
0.989212
0.989296
0.989326
0.989342
0.989388
0.989418
0.989449
0.989479
0.98951
0.98954
0.989571
0.989601
0.989632
0.989662
0.989693
0.989723
0.989754
0.989784
0.989815
0.989845
0.989876
0.989906
0.989937
0.989983
0.990013
0.990028
0.990074
0.990089
0.990135
0.990166
0.990196
0.990227
0.990257
0.990288
0.990303
0.990349
0.990379
0.99041
0.99044
0.990471
0.990501
0.990501
0.990501
0.990501
0.990501
0.990501
0.990501
0.990501
0.990501
0.990501
0.990501
0.990501
0.990501
0.990501
0.990501
0.990501
0.990501
0.990501
0.990501
0.990501
0.990501
0.990501
0.990501
0.990501
0.990501
0.990501
0.990501
0.990501
0.990501
0.990501
0.990501
