0
3.05177e-05
6.10353e-05
9.1553e-05
0.000122069
0.000152587
0.000194549
0.000350952
0.000755309
0.00157928
0.00298309
0.00514603
0.0082283
0.0123634
0.017662
0.0242348
0.0321465
0.0414429
0.0521545
0.0642853
0.0778275
0.092762
0.117699
0.126663
0.145535
0.176094
0.186852
0.209183
0.244598
0.26939
0.295067
0.308216
0.348824
0.376781
0.405376
0.434551
0.464245
0.4944
0.52496
0.555862
0.587055
0.602737
0.650063
0.68177
0.713535
0.745304
0.777035
0.808666
0.840149
0.871441
0.902485
0.933235
0.963642
0.993656
1.02324
1.05234
1.08092
1.10893
1.13634
1.16312
1.18922
1.2146
1.23925
1.26312
1.28619
1.31924
1.34019
1.36024
1.37938
1.39759
1.41484
1.43113
1.44641
1.4607
1.47396
1.4862
1.4974
1.50756
1.51667
1.52473
1.53175
1.53772
1.54265
1.54654
1.54941
1.55126
1.55211
1.55196
1.55083
1.54874
1.5457
1.54174
1.53687
1.53111
1.52449
1.51703
1.50875
1.49968
1.48985
1.47927
1.46799
1.45603
1.44342
1.43018
1.41635
1.40195
1.38703
1.37159
1.35569
1.33935
1.3226
1.30548
1.28801
1.27024
1.25219
1.2339
1.2154
1.19673
1.17792
1.15899
1.14
1.12096
1.10191
1.08288
1.0639
1.04501
1.02623
1.0076
0.98914
0.970882
0.952862
0.935101
0.909008
0.900467
0.88364
0.859081
0.851082
0.827702
0.812645
0.80529
0.783913
0.770271
0.763638
0.74453
0.732468
0.726643
0.710018
0.699661
0.689899
0.680737
0.672184
0.664249
0.656933
0.650246
0.647137
0.638763
0.633976
0.629822
0.626305
0.623413
0.621151
0.619514
0.618492
0.61808
0.618279
0.619076
0.620461
0.622417
0.624947
0.628033
0.62978
0.635822
0.640495
0.645683
0.654366
0.657494
0.664085
0.674793
0.682449
0.686424
0.698921
0.707703
0.712219
0.721493
0.735973
0.745968
0.751057
0.766689
0.772007
0.788258
0.799309
0.810509
0.821831
0.833263
0.844784
0.856369
0.868
0.879658
0.891315
0.902958
0.914566
0.926117
0.937595
0.948986
0.960262
0.971416
0.98243
0.993282
1.00396
1.01446
1.02475
1.03482
1.04466
1.05426
1.06361
1.07271
1.08155
1.0901
1.09838
1.10637
1.11779
1.12144
1.12851
1.13848
1.14164
1.14769
1.1534
1.16129
1.16373
1.17051
1.17456
1.17645
1.18154
1.18445
1.18577
1.18914
1.19091
1.19231
1.19333
1.19398
1.19425
1.19416
1.19371
1.19291
1.19176
1.19027
1.18843
1.18628
1.1838
1.18101
1.17791
1.17453
1.17273
1.16691
1.1627
1.15823
1.15351
1.14857
1.14342
1.13805
1.13248
1.12673
1.12081
1.11779
1.10533
1.0989
1.09236
1.0857
1.07896
1.07214
1.06525
1.05831
1.04781
1.0443
1.03374
1.03022
1.0232
1.0162
1.00924
0.998898
0.995483
0.985359
0.982025
0.975433
0.965736
0.962555
0.953194
0.947105
0.941139
0.935307
0.926811
0.921326
0.91864
0.910816
0.908287
0.900967
0.896317
0.891857
0.8876
0.883545
0.879704
0.876083
0.872681
0.869511
0.866566
0.863865
0.861385
0.859142
0.857143
0.855389
0.853848
0.852551
0.851498
0.850662
0.850067
0.849693
0.849552
0.849628
0.849926
0.850441
0.85117
0.852108
0.853245
0.854584
0.856117
0.857841
0.859756
0.861847
0.864117
0.866547
0.869141
0.871895
0.874798
0.877846
0.882671
0.884342
0.887775
0.891331
0.894989
0.900665
0.904568
0.906548
0.910568
0.914658
0.920906
0.925137
0.927273
0.931564
0.938061
0.940243
0.946789
0.951153
0.953335
0.959869
0.962036
0.968487
0.972733
0.976929
0.981064
0.98513
0.989124
0.993034
0.996864
1.0006
1.00425
1.00779
1.01124
1.01458
1.01782
1.02095
1.02398
1.0269
1.02971
1.03242
1.03502
1.0375
1.03988
1.04216
1.04432
1.04637
1.04831
1.05014
1.05186
1.05347
1.05496
1.05634
1.0582
1.0593
1.0598
1.06115
1.06154
1.06254
1.06306
1.06347
1.06376
1.06393
1.06399
1.06393
1.06376
1.06347
1.06307
1.06255
1.06192
1.06119
1.06035
1.05941
1.05837
1.05724
1.05603
1.05473
1.05263
1.05114
1.04958
1.04711
1.04539
1.04361
1.04178
1.0399
1.03797
1.036
1.034
1.03196
1.0299
1.02675
1.02569
1.02355
1.0214
1.01815
1.01707
1.0149
1.01161
1.01051
1.00832
1.00507
1.00291
1.00182
0.999668
0.996464
0.99435
0.992245
0.991207
0.98811
0.986069
0.984055
0.982067
0.980106
0.978172
0.976265
0.974388
0.972542
0.97073
0.968952
0.967205
0.9655
0.963829
0.962196
0.960602
0.959053
0.957542
0.956078
0.954659
0.953281
0.951954
0.950676
0.949444
0.948269
0.947144
0.945557
0.945053
0.944092
0.943184
0.942333
0.941166
0.940807
0.939816
0.939514
0.938957
0.938461
0.938026
0.937489
0.93734
0.937088
0.936897
0.936768
0.936687
0.936691
0.936787
0.936924
0.937119
0.93737
0.937515
0.938034
0.938446
0.938915
0.93943
0.939995
0.940609
0.941265
0.941967
0.942711
0.943493
0.944317
0.945179
0.946075
0.947002
0.94796
0.948948
0.949959
0.950996
0.952061
0.95314
0.954239
0.955357
0.956486
0.95763
0.95879
0.959949
0.961109
0.962276
0.963467
0.964657
0.965847
0.967026
0.968185
0.969345
0.970505
0.971664
0.972797
0.973927
0.975048
0.976147
0.977238
0.978306
0.979362
0.9804
0.981415
0.982414
0.983391
0.984341
0.985271
0.986183
0.987068
0.98835
0.989174
0.989971
0.990742
0.991489
0.99221
0.992905
0.993572
0.994213
0.994823
0.995697
0.996246
0.996765
0.997257
0.997723
0.998161
0.998573
0.998959
0.999317
0.999805
0.999958
1.00024
1.00061
1.00083
1.00103
1.0012
1.00135
1.00147
1.00157
1.00165
1.00173
1.00174
1.00176
1.00174
1.00171
1.00165
1.00158
1.00149
1.00137
1.00125
1.0011
1.00094
1.00066
1.00045
1.00024
1
0.99976
0.999496
0.999222
0.998787
0.998634
0.998329
0.998005
0.997501
0.997162
0.996796
0.996429
0.996063
0.995678
0.995281
0.994884
0.994488
0.994087
0.99366
0.993233
0.992592
0.992165
0.991737
0.99131
0.990883
0.990425
0.989967
0.98951
0.989052
0.988594
0.988136
0.987679
0.987221
0.986534
0.986305
0.985878
0.985237
0.985023
0.984383
0.983955
0.983528
0.983315
0.982685
0.982288
0.98209
0.981693
0.981098
0.980717
0.98035
0.979984
0.979618
0.979263
0.978928
0.978592
0.978256
0.977943
0.977638
0.977333
0.977043
0.976768
0.976494
0.976109
0.975986
0.975742
0.97551
0.975189
0.975082
0.97488
0.974697
0.974514
0.974346
0.974194
0.973972
0.973911
0.973789
0.973621
0.973576
0.973438
0.973396
0.973335
0.973274
0.973206
0.973175
0.97316
0.973141
0.973141
0.973141
0.973152
0.973198
0.973228
0.973282
0.973343
0.973404
0.97348
0.973572
0.973663
0.973755
0.973873
0.973995
0.974117
0.974312
0.974464
0.974617
0.97477
0.974922
0.975098
0.975281
0.975464
0.975647
0.97583
0.976013
0.976227
0.97644
0.976654
0.976761
0.977081
0.977295
0.977509
0.977722
0.977936
0.978149
0.97839
0.978634
0.978878
0.979122
0.979366
0.97961
0.979855
0.980099
0.980343
0.980587
0.980831
0.981075
0.981319
0.981564
0.981792
0.982006
0.98222
0.982433
0.982647
0.982861
0.983074
0.983288
0.983501
0.983715
0.983929
0.984142
0.984341
0.984524
0.984707
0.98489
0.985073
0.985256
0.985439
0.985622
0.985798
0.98595
0.986103
0.986256
0.986408
0.986561
0.986713
0.986862
0.986984
0.987106
0.987228
0.987289
0.987595
0.987709
0.987801
0.987892
0.987984
0.988075
0.988167
0.988258
0.988338
0.9884
0.988461
0.988522
0.988583
0.988674
0.988705
0.988758
0.988804
0.988819
0.98885
0.98888
0.988911
0.988941
0.988972
0.988991
0.988991
0.988991
0.988991
0.988991
0.988991
0.988991
0.988991
0.988991
0.988991
0.988949
0.988934
0.988888
0.988857
0.988827
0.988796
0.988766
0.988735
0.988705
0.988674
0.988644
0.988613
0.988583
0.988544
0.988483
0.988422
0.988361
0.9883
0.988239
0.988178
0.988117
0.988056
0.987995
0.987934
0.987843
0.987812
0.987751
0.98769
0.987629
0.987537
0.987476
0.987415
0.987354
0.987324
0.987232
0.987171
0.98711
0.987049
0.986988
0.986927
0.986866
0.986805
0.986744
0.986683
0.986622
0.986561
0.9865
0.986439
0.986401
0.98637
0.98634
0.986309
0.986279
0.986248
0.986217
0.986187
0.986156
0.986126
0.986095
0.98605
0.986034
0.986004
0.985958
0.985943
0.985897
0.985882
0.985836
0.985821
0.985821
0.985821
0.985821
0.985821
0.985821
0.985821
0.985821
0.985821
0.985821
0.985821
0.985821
0.985821
0.985821
0.985821
0.985821
0.985821
0.985821
0.98584
0.98587
0.985901
0.985931
0.985962
0.985992
0.986023
0.986053
0.986084
0.986115
0.986145
0.986176
0.986206
0.986252
0.986282
0.986298
0.986328
0.986359
0.986404
0.98642
0.98645
0.986496
0.986511
0.986557
0.986588
0.986618
0.986679
0.98674
0.986832
0.986893
0.986954
0.987015
0.987076
0.987137
0.987198
0.987259
0.98732
0.987381
0.987442
0.987503
0.987564
0.987625
0.987686
0.987747
0.987808
0.987869
0.98793
0.987991
0.988052
0.988113
0.988174
0.988235
0.988297
0.988358
0.988419
0.98848
0.988541
0.988602
0.988663
0.988724
0.988785
0.988846
0.988907
0.988968
0.989029
0.98909
0.989151
0.989212
0.989258
0.989288
0.989319
0.989349
0.98938
0.98941
0.989441
0.989471
0.989502
0.989532
0.989578
0.989594
0.989624
0.989655
0.9897
0.989731
0.989746
0.989777
0.989822
0.989853
0.989883
0.989914
0.989944
0.989975
0.990005
0.990036
0.990067
0.990097
0.990128
0.990158
0.990189
0.990219
0.99025
0.99028
0.990311
0.990341
0.990372
0.990402
0.990433
0.990463
0.990494
0.990524
0.990543
0.990543
0.990543
0.990543
0.990543
0.990543
0.990543
0.990543
0.990543
0.990543
0.990543
0.990543
0.990543
0.990543
0.990543
0.990543
0.990543
0.990543
