0
3.05177e-05
6.10353e-05
0.000106812
0.000137329
0.000167847
0.000194549
0.000511169
0.00110245
0.00219345
0.00395584
0.00656128
0.0101509
0.0148544
0.0207825
0.0280151
0.0366173
0.0466156
0.0580368
0.0708733
0.0851097
0.100719
0.117657
0.13588
0.155334
0.175961
0.197701
0.22049
0.244263
0.268978
0.294559
0.320946
0.348083
0.390049
0.404346
0.433357
0.462868
0.49284
0.538513
0.569355
0.584873
0.616066
0.663143
0.694645
0.72617
0.757671
0.789089
0.82037
0.851467
0.882328
0.912895
0.943127
0.972977
1.00241
1.03137
1.05984
1.08778
1.11515
1.14191
1.16805
1.19352
1.21828
1.24231
1.2656
1.28811
1.3098
1.33066
1.35066
1.36977
1.38798
1.41356
1.42161
1.43699
1.4514
1.46482
1.47727
1.4887
1.50396
1.51286
1.52075
1.5243
1.53345
1.53828
1.5421
1.54491
1.54672
1.54754
1.54739
1.54626
1.54419
1.53932
1.53493
1.52966
1.52351
1.51652
1.50871
1.50009
1.4907
1.4752
1.46968
1.4521
1.43955
1.42638
1.41262
1.3983
1.38345
1.3681
1.3523
1.33607
1.31944
1.30245
1.28514
1.25864
1.24066
1.22248
1.20413
1.18563
1.16704
1.14837
1.14837
1.10163
1.08299
1.06443
1.04599
1.02769
1.00956
0.991619
0.973904
0.956432
0.939236
0.922337
0.905754
0.889511
0.873627
0.85812
0.84301
0.828323
0.814079
0.800285
0.78698
0.774162
0.761841
0.750042
0.738777
0.728062
0.717903
0.708317
0.699303
0.686878
0.683033
0.672394
0.669151
0.663109
0.65519
0.650673
0.646767
0.643463
0.640762
0.638668
0.637169
0.636265
0.635944
0.636204
0.637032
0.638424
0.640369
0.642857
0.64587
0.649403
0.653431
0.657948
0.662952
0.668419
0.674328
0.680672
0.687431
0.694592
0.702129
0.710033
0.718281
0.726856
0.735744
0.744926
0.754372
0.769024
0.779072
0.789326
0.799763
0.810368
0.821117
0.831993
0.842972
0.854031
0.865154
0.881901
0.893097
0.898682
0.915417
0.920975
0.937561
0.948517
0.953957
0.975403
0.991104
0.99625
1.0064
1.01636
1.03088
1.04028
1.04945
1.05393
1.067
1.07538
1.08349
1.09132
1.09885
1.10609
1.11303
1.11964
1.12594
1.1319
1.13752
1.1428
1.14774
1.15232
1.15448
1.16393
1.16709
1.1699
1.17234
1.17443
1.17616
1.17754
1.17857
1.17925
1.17958
1.17956
1.1792
1.1785
1.17747
1.17612
1.17445
1.17247
1.17019
1.16762
1.16476
1.16163
1.15823
1.15265
1.15067
1.14653
1.14216
1.13757
1.13277
1.12778
1.1226
1.1145
1.1089
1.10605
1.09729
1.0943
1.08517
1.07896
1.07266
1.06629
1.05985
1.05337
1.04684
1.04029
1.03373
1.02717
1.02064
1.01413
1.00768
1.00127
0.994926
0.985565
0.979431
0.973389
0.967449
0.961613
0.955891
0.950283
0.94479
0.939426
0.934193
0.929089
0.924118
0.919292
0.914612
0.910084
0.905716
0.901516
0.897488
0.893639
0.889977
0.886501
0.883228
0.880154
0.877285
0.874626
0.872177
0.869942
0.86792
0.866112
0.863808
0.862541
0.861488
0.860649
0.860023
0.859608
0.859402
0.859402
0.859612
0.86002
0.861008
0.861908
0.862999
0.864273
0.86573
0.867363
0.869167
0.87114
0.873268
0.875553
0.877987
0.880562
0.883274
0.886112
0.889072
0.892155
0.895344
0.89864
0.902035
0.905518
0.909084
0.912731
0.916447
0.920223
0.924057
0.927944
0.931873
0.935837
0.939831
0.943848
0.947876
0.951904
0.957947
0.961948
0.965927
0.969872
0.97377
0.977619
0.981411
0.985134
0.988789
0.992363
0.995857
0.999268
1.00259
1.00581
1.00895
1.01199
1.01493
1.01916
1.02052
1.02317
1.02695
1.02816
1.03164
1.03384
1.03593
1.03695
1.03983
1.04162
1.04331
1.04412
1.04639
1.04777
1.04905
1.05023
1.05131
1.05228
1.05315
1.05391
1.05458
1.05514
1.0556
1.05595
1.05621
1.05636
1.05642
1.05637
1.05623
1.056
1.05567
1.05525
1.05474
1.05415
1.05347
1.0527
1.05185
1.05093
1.04993
1.0483
1.04712
1.0465
1.04523
1.0439
1.04178
1.0403
1.03877
1.03719
1.03557
1.03391
1.0322
1.03047
1.0287
1.0269
1.02507
1.02322
1.02136
1.01948
1.01759
1.01569
1.01376
1.01184
1.00992
1.008
1.00607
1.00415
1.00223
1.00033
0.99844
0.995613
0.993752
0.992821
0.990982
0.989151
0.98735
0.984676
0.982918
0.981182
0.979473
0.977787
0.976128
0.974491
0.972885
0.971306
0.969757
0.968239
0.966755
0.964584
0.963184
0.962498
0.960487
0.959835
0.958561
0.956722
0.955547
0.954411
0.95332
0.951763
0.950779
0.949844
0.948956
0.948116
0.947327
0.946583
0.945892
0.945248
0.944656
0.944118
0.943634
0.943199
0.942818
0.94249
0.942093
0.941895
0.941814
0.94165
0.94162
0.941608
0.941662
0.941769
0.941925
0.942123
0.942513
0.942829
0.943192
0.9436
0.944046
0.944534
0.945065
0.94593
0.946236
0.94688
0.947559
0.948269
0.949009
0.950176
0.950989
0.951828
0.952686
0.953571
0.954479
0.955399
0.956345
0.957294
0.958271
0.959248
0.960236
0.961243
0.96225
0.963257
0.964264
0.965271
0.966278
0.967285
0.968292
0.969803
0.970306
0.97131
0.972286
0.973263
0.974712
0.975658
0.976131
0.977058
0.978432
0.979317
0.980194
0.981049
0.981888
0.982712
0.983509
0.984291
0.985054
0.98579
0.986511
0.987213
0.987885
0.988537
0.98917
0.98978
0.990654
0.991203
0.991474
0.992245
0.992489
0.993195
0.993637
0.993851
0.994453
0.99464
0.995174
0.995506
0.995811
0.996094
0.996361
0.996605
0.996822
0.997025
0.997208
0.99736
0.997498
0.99762
0.997715
0.997795
0.997856
0.997894
0.997925
0.997925
0.997917
0.997887
0.997841
0.99778
0.9977
0.997608
0.997498
0.997314
0.997238
0.997086
0.996925
0.996742
0.996456
0.996349
0.996136
0.995914
0.99567
0.995304
0.995037
0.994762
0.994488
0.994202
0.993896
0.993591
0.993286
0.992977
0.992641
0.992138
0.99197
0.991634
0.991299
0.990768
0.990402
0.990036
0.98967
0.989304
0.988754
0.988571
0.988022
0.987656
0.987289
0.986923
0.986557
0.986191
0.985825
0.985275
0.985092
0.984726
0.98436
0.98381
0.983444
0.983097
0.982929
0.982426
0.98209
0.981754
0.981419
0.981087
0.980629
0.980324
0.980019
0.979713
0.979431
0.979156
0.978882
0.978607
0.978348
0.978104
0.977859
0.977615
0.97739
0.97707
0.976856
0.976662
0.976479
0.976295
0.97604
0.975887
0.975735
0.97559
0.975468
0.975346
0.975224
0.975086
0.974995
0.974907
0.974846
0.974785
0.974724
0.974689
0.974659
0.974613
0.974609
0.974609
0.974609
0.974621
0.974651
0.974682
0.974731
0.974762
0.974854
0.974884
0.974979
0.975071
0.975208
0.975254
0.975346
0.975456
0.975578
0.975761
0.975822
0.976006
0.976158
0.976234
0.976768
0.976921
0.977081
0.977264
0.977448
0.977631
0.977814
0.977997
0.97818
0.978363
0.978546
0.978729
0.978912
0.979095
0.979279
0.979465
0.979679
0.979893
0.980106
0.98032
0.980534
0.980747
0.980961
0.981068
0.981388
0.98177
0.981953
0.982136
0.982319
0.982502
0.982685
0.982777
0.983051
0.983234
0.983418
0.983601
0.983784
0.983967
0.98415
0.984333
0.984486
0.984638
0.984791
0.984943
0.985096
0.985249
0.985401
0.985554
0.985706
0.98584
0.985962
0.986084
0.986206
0.986328
0.98645
0.986572
0.986694
0.986813
0.986904
0.986996
0.987087
0.987179
0.987316
0.987362
0.987453
0.987545
0.98764
0.987671
0.987762
0.987823
0.987854
0.987946
0.988007
0.988068
0.988102
0.988132
0.988163
0.988194
0.988239
0.988255
0.9883
0.988331
0.988361
0.988369
0.988369
0.988369
0.988369
0.988369
0.988369
0.988369
0.988369
0.988369
0.988369
0.988369
0.988369
0.988354
0.988323
0.988293
0.988262
0.988232
0.988201
0.988171
0.98814
0.98811
0.988079
0.988049
0.988018
0.987988
0.987957
0.987911
0.987896
0.987865
0.987835
0.987804
0.987774
0.987743
0.987698
0.987682
0.987652
0.987621
0.987591
0.98756
0.98753
0.987484
0.987469
0.987438
0.987392
0.987362
0.987331
0.987301
0.98727
0.98724
0.987209
0.987179
0.987148
0.987118
0.987087
0.987057
0.987026
0.986996
0.986965
0.986935
0.986904
0.986874
0.986828
0.986797
0.986767
0.986736
0.986706
0.986675
0.986629
0.986599
0.986568
0.986538
0.986507
0.986477
0.986446
0.986416
0.986385
0.986366
0.986366
0.986366
0.986366
0.986366
0.986366
0.986366
0.986366
0.986366
0.986366
0.986366
0.986366
0.986366
0.986366
0.986366
0.986366
0.986366
0.986366
0.986366
0.986366
0.986366
0.986366
0.986366
0.986382
0.986427
0.986443
0.986488
0.986519
0.986549
0.98658
0.98661
0.986641
0.986671
0.986702
0.986732
0.986763
0.986794
0.986824
0.986855
0.986885
0.986916
0.986946
0.986977
0.987007
0.987038
0.987068
0.987099
0.987144
0.98716
0.98719
0.987236
0.987267
0.987297
0.987328
0.987358
0.987389
0.987419
0.98745
0.98748
0.987526
0.987556
0.987587
0.98764
0.987701
0.987762
0.987823
0.987885
0.987946
0.988007
0.988068
0.988129
0.98819
0.988251
0.988342
0.988403
0.988464
0.988525
0.988586
0.988647
0.988708
0.98877
0.988831
0.988892
0.988941
0.988987
0.989017
0.989048
0.989079
0.989109
0.989124
0.98917
0.989201
0.989231
0.989262
0.989292
0.989323
0.989353
0.989399
0.989414
0.989445
0.989475
0.989506
0.989552
0.989567
0.989613
0.989643
0.989658
0.989704
0.989719
0.98975
0.989796
0.989826
0.989857
0.989887
0.989918
0.989948
0.989979
0.990009
0.99004
0.990086
0.990116
0.990147
0.990177
0.990208
0.990238
0.990269
0.990299
0.99033
0.99036
0.990391
0.990437
0.990452
0.990482
0.990513
0.990559
0.990574
0.990604
0.99065
0.990681
0.990711
0.990742
0.990772
0.990772
0.990772
0.990772
0.990772
0.990772
0.990772
0.990772
0.990772
0.990772
0.990772
0.990772
0.990772
