0
4.57765e-05
7.62941e-05
0.000106812
0.000137329
0.000167847
0.000251771
0.000511169
0.00110626
0.00219727
0.00395966
0.00656509
0.0101547
0.0148582
0.0207863
0.028019
0.0366211
0.0466194
0.0580406
0.0708771
0.0851135
0.109028
0.12661
0.13588
0.155327
0.175945
0.208931
0.232212
0.256432
0.281544
0.30748
0.334187
0.361591
0.389637
0.418259
0.447403
0.476994
0.506977
0.5373
0.567894
0.598721
0.629723
0.660847
0.692051
0.72327
0.754478
0.785618
0.816639
0.8475
0.878155
0.923649
0.93866
0.968414
0.997784
1.02672
1.06922
1.09688
1.12397
1.15043
1.17624
1.20137
1.22577
1.24941
1.27226
1.29429
1.32573
1.34559
1.36454
1.38255
1.39962
1.41573
1.43086
1.44498
1.4581
1.4702
1.48127
1.49132
1.50034
1.50832
1.51529
1.52123
1.52616
1.53009
1.53302
1.53558
1.53607
1.53559
1.53417
1.53183
1.52857
1.52441
1.51939
1.5135
1.50678
1.49925
1.49094
1.48186
1.47205
1.456
1.44447
1.43846
1.41951
1.40615
1.39225
1.38511
1.36295
1.34761
1.33185
1.31572
1.29924
1.28246
1.26538
1.24808
1.22174
1.21287
1.19503
1.16807
1.15904
1.13187
1.11375
1.09562
1.07754
1.05953
1.04162
1.02385
0.997494
0.988804
0.980175
0.954655
0.946278
0.913506
0.89761
0.882061
0.866882
0.852089
0.837704
0.823742
0.810226
0.797176
0.784603
0.772545
0.760998
0.749985
0.73951
0.729584
0.720215
0.711411
0.703175
0.695511
0.688423
0.681915
0.675987
0.670643
0.665882
0.659836
0.656528
0.653801
0.651649
0.650066
0.649055
0.648609
0.64872
0.64938
0.650585
0.652317
0.653385
0.657352
0.662434
0.666431
0.670906
0.675835
0.681206
0.687004
0.693214
0.703266
0.710438
0.717957
0.725819
0.733994
0.742474
0.751236
0.760254
0.774239
0.779007
0.7887
0.798576
0.808617
0.823948
0.834312
0.844776
0.855312
0.855312
0.876545
0.887196
0.897846
0.908482
0.919083
0.929626
0.940098
0.950481
0.960751
0.97089
0.980888
0.990726
1.00039
1.00986
1.01913
1.02819
1.03703
1.04565
1.05812
1.06216
1.07769
1.08508
1.09221
1.09906
1.10563
1.11191
1.11789
1.12356
1.12891
1.13393
1.14084
1.14297
1.14698
1.15065
1.15551
1.15832
1.16078
1.1629
1.16468
1.16612
1.16672
1.16766
1.16845
1.16856
1.16835
1.16782
1.16698
1.16584
1.16439
1.16265
1.16063
1.15833
1.15575
1.15291
1.14981
1.14647
1.14288
1.13908
1.13506
1.13082
1.12639
1.12178
1.11452
1.10948
1.10429
1.09896
1.0935
1.08792
1.08224
1.07647
1.07061
1.06469
1.05871
1.05268
1.04662
1.04055
1.03447
1.0284
1.02234
1.01632
1.01033
1.0044
0.998535
0.992741
0.987019
0.981388
0.975845
0.970402
0.965054
0.959808
0.954666
0.949635
0.94471
0.939903
0.935215
0.930637
0.926193
0.921879
0.917698
0.913662
0.909775
0.90604
0.90247
0.897438
0.895847
0.892803
0.889942
0.886002
0.883617
0.881424
0.880402
0.877632
0.876034
0.874634
0.873436
0.872433
0.871635
0.871029
0.870621
0.870407
0.87038
0.870544
0.870895
0.871429
0.872143
0.873032
0.874687
0.875999
0.876717
0.879105
0.880882
0.882809
0.884876
0.887077
0.888229
0.891869
0.894447
0.897133
0.899925
0.90136
0.905804
0.908875
0.912025
0.915253
0.918549
0.921906
0.925312
0.928772
0.932274
0.935818
0.939388
0.942989
0.946606
0.950237
0.953869
0.957493
0.962891
0.964676
0.969986
0.973476
0.976913
0.980301
0.983627
0.986885
0.990074
0.99472
0.997715
1.00063
1.00346
1.00621
1.00887
1.01144
1.01392
1.01632
1.01862
1.02084
1.02297
1.02501
1.02696
1.02882
1.03144
1.03228
1.03387
1.03538
1.0368
1.03876
1.03938
1.04053
1.0416
1.04258
1.04388
1.04427
1.04499
1.04561
1.04639
1.0468
1.04713
1.04737
1.04752
1.0476
1.04754
1.04741
1.0472
1.04691
1.04654
1.04609
1.04558
1.04499
1.04433
1.04361
1.04281
1.04196
1.04104
1.04007
1.03904
1.03739
1.03681
1.03563
1.03439
1.03246
1.03179
1.03043
1.02903
1.0276
1.0254
1.02465
1.02237
1.02159
1.02003
1.01845
1.01605
1.01443
1.01281
1.01117
1.00952
1.00787
1.00622
1.00457
1.0021
1.00045
0.99963
0.997166
0.995548
0.993931
0.992317
0.99073
0.989143
0.987583
0.986027
0.984497
0.982975
0.98148
0.980003
0.978542
0.977108
0.975697
0.974304
0.972263
0.970932
0.969627
0.968349
0.967098
0.965878
0.964687
0.963528
0.962399
0.961304
0.960243
0.959217
0.958225
0.957268
0.956348
0.955471
0.954632
0.953831
0.953068
0.952347
0.951668
0.951035
0.950439
0.94989
0.949383
0.948704
0.948303
0.947948
0.947636
0.947372
0.947147
0.947052
0.946831
0.946739
0.94669
0.946682
0.94672
0.946796
0.946911
0.947071
0.94738
0.947636
0.947777
0.94809
0.948437
0.948818
0.949455
0.949921
0.950165
0.950943
0.951496
0.952076
0.952686
0.953323
0.953983
0.954662
0.955364
0.956089
0.956821
0.957584
0.958347
0.959141
0.959934
0.961155
0.961979
0.962803
0.963627
0.96405
0.965332
0.966187
0.967041
0.967896
0.96875
0.969604
0.97044
0.971264
0.972088
0.972912
0.973732
0.974525
0.975319
0.976109
0.976871
0.977634
0.978378
0.979111
0.979832
0.980534
0.981224
0.981895
0.982555
0.983196
0.983818
0.984428
0.985016
0.985596
0.986145
0.986687
0.987206
0.987709
0.988197
0.988659
0.989109
0.989536
0.989948
0.990345
0.990715
0.991074
0.991409
0.991726
0.992031
0.99231
0.992699
0.992821
0.99305
0.993263
0.993454
0.993713
0.993866
0.993996
0.994118
0.994213
0.994305
0.994366
0.994427
0.994457
0.994488
0.994488
0.994476
0.994461
0.994431
0.994381
0.99432
0.994251
0.99416
0.994015
0.993893
0.993771
0.993629
0.993477
0.993324
0.993324
0.992878
0.992695
0.992489
0.992275
0.992062
0.991848
0.991611
0.991367
0.991123
0.990757
0.990635
0.990372
0.990097
0.989822
0.98941
0.989273
0.988998
0.988724
0.988449
0.988014
0.987862
0.987556
0.987251
0.986946
0.986641
0.986336
0.985878
0.985573
0.985268
0.984962
0.984657
0.984352
0.984062
0.983788
0.983513
0.983238
0.982964
0.982689
0.982414
0.98214
0.981865
0.981602
0.981358
0.981113
0.980869
0.980625
0.980381
0.980141
0.979927
0.979713
0.9795
0.979286
0.979073
0.978889
0.978706
0.978523
0.97834
0.978165
0.978012
0.977859
0.977707
0.977554
0.977432
0.97731
0.977188
0.977066
0.976967
0.976875
0.976784
0.976692
0.97662
0.976528
0.976467
0.976406
0.976376
0.976345
0.976315
0.976284
0.976276
0.976276
0.976276
0.976276
0.976303
0.976334
0.976349
0.976379
0.97641
0.97646
0.976551
0.976582
0.976643
0.976704
0.976826
0.976917
0.977009
0.977055
0.977192
0.977283
0.977402
0.977524
0.977646
0.977768
0.97789
0.978012
0.978134
0.978256
0.978405
0.978558
0.97871
0.978863
0.979015
0.979168
0.979321
0.979473
0.979626
0.979778
0.979931
0.980083
0.980236
0.980389
0.980541
0.980694
0.980846
0.980999
0.981152
0.981304
0.981457
0.981609
0.981762
0.981915
0.982067
0.98222
0.982372
0.982525
0.982677
0.98283
0.982983
0.983212
0.983288
0.98344
0.983593
0.983746
0.983974
0.984051
0.984203
0.984356
0.984509
0.984718
0.98484
0.984901
0.985085
0.985207
0.985329
0.985451
0.985573
0.985695
0.985817
0.985939
0.986057
0.986149
0.98624
0.986332
0.986423
0.986515
0.986607
0.986744
0.986835
0.986927
0.987003
0.987064
0.987125
0.987186
0.987247
0.987309
0.98737
0.987431
0.987492
0.987553
0.987606
0.987637
0.987667
0.987698
0.987728
0.987759
0.987789
0.98782
0.98785
0.987881
0.987911
0.987942
0.987961
0.987961
0.987961
0.987961
0.987961
0.987961
0.987961
0.987961
0.987961
0.987961
0.987961
0.987961
0.987961
0.987961
0.987961
0.987961
0.987961
0.98793
0.9879
0.987869
0.987839
0.987808
0.987778
0.987747
0.987717
0.987701
0.987656
0.987625
0.987595
0.987564
0.987534
0.987503
0.987473
0.987442
0.987411
0.987381
0.98735
0.98732
0.987289
0.987259
0.987228
0.987198
0.987167
0.987122
0.987091
0.987061
0.98703
0.987
0.986969
0.986938
0.986908
0.986877
0.986847
0.986816
0.986786
0.986755
0.986725
0.986694
0.986664
0.986633
0.986603
0.986557
0.986549
0.986549
0.986549
0.986549
0.986549
0.986549
0.986549
0.986549
0.986549
0.986549
0.986549
0.986549
0.986549
0.986549
0.986549
0.986549
0.986549
0.986549
0.986549
0.986549
0.986549
0.986549
0.986549
0.986549
0.986549
0.986549
0.986549
0.986557
0.986588
0.986618
0.986649
0.986679
0.98671
0.98674
0.986771
0.986801
0.986832
0.986862
0.986893
0.986938
0.986969
0.987
0.98703
0.987061
0.987091
0.987122
0.987152
0.987183
0.987213
0.987244
0.987274
0.987305
0.987335
0.987381
0.987411
0.987442
0.987473
0.987503
0.987534
0.987564
0.987595
0.987625
0.987656
0.987701
0.987732
0.987762
0.987793
0.987823
0.987854
0.987885
0.987915
0.987946
0.987976
0.988007
0.988037
0.988068
0.988098
0.988129
0.988159
0.98819
0.98822
0.988266
0.988281
0.988327
0.988358
0.988373
0.988419
0.988434
0.98848
0.98851
0.988541
0.988571
0.988602
0.988632
0.988663
0.988693
0.988724
0.988754
0.988785
0.988815
0.988846
0.988892
0.988922
0.988937
0.988968
0.988998
0.989029
0.989075
0.98909
0.989136
0.989166
0.989197
0.989227
0.989258
0.989288
0.989319
0.989349
0.98938
0.98941
0.989441
0.989471
0.989502
0.989532
0.989563
0.989594
0.989624
0.989655
0.989685
0.989716
0.989746
0.989777
0.989807
0.989838
0.989868
0.989899
0.989929
0.98996
0.98999
0.990021
0.990051
0.990082
0.990112
0.990143
0.990173
0.990204
0.990234
0.990265
0.990311
0.990341
0.990372
0.990402
0.990433
0.990463
0.990494
0.990524
0.99054
0.990585
