0
3.05177e-05
7.62941e-05
0.000106812
0.000137329
0.000179291
0.000335694
0.000740052
0.00156403
0.00296784
0.00513077
0.00821304
0.012352
0.0176506
0.0242233
0.032135
0.0414314
0.0521393
0.06427
0.0778122
0.0927391
0.10902
0.126614
0.145458
0.165516
0.186722
0.209015
0.244354
0.256615
0.294724
0.307842
0.348331
0.362186
0.404713
0.433784
0.448509
0.493389
0.523811
0.554565
0.585587
0.616829
0.648228
0.679726
0.711277
0.742817
0.774292
0.821266
0.852348
0.883186
0.913731
0.943943
0.973763
1.00314
1.03204
1.0604
1.08818
1.11535
1.14186
1.1677
1.20512
1.22913
1.25236
1.27478
1.29639
1.31714
1.34664
1.35603
1.38281
1.39127
1.41521
1.42995
1.43695
1.45647
1.46248
1.47373
1.48397
1.49318
1.50508
1.51174
1.51738
1.52201
1.52708
1.52922
1.53038
1.53058
1.52983
1.52814
1.52554
1.52203
1.51764
1.51238
1.50628
1.49936
1.48748
1.47861
1.47391
1.46394
1.45329
1.43607
1.42381
1.42381
1.39755
1.38362
1.36918
1.35429
1.33897
1.32324
1.30716
1.29074
1.27403
1.25705
1.23985
1.22245
1.19604
1.17827
1.1604
1.14247
1.1245
1.10652
1.08856
1.07065
1.05283
1.03512
1.00885
0.991566
0.974499
0.957684
0.941139
0.924889
0.908958
0.893368
0.878139
0.863297
0.848858
0.834835
0.821239
0.808094
0.79541
0.783203
0.765808
0.760262
0.749554
0.739368
0.729713
0.716248
0.712032
0.700233
0.693069
0.689705
0.683403
0.677673
0.672523
0.665886
0.663963
0.660557
0.656528
0.65456
0.65316
0.652328
0.652054
0.652328
0.653141
0.654495
0.655365
0.658764
0.661663
0.665051
0.668926
0.673264
0.678055
0.683289
0.688942
0.695007
0.701462
0.708298
0.715488
0.72691
0.734921
0.743225
0.751812
0.760647
0.769726
0.779037
0.788548
0.798241
0.808094
0.818092
0.82822
0.838455
0.848785
0.864407
0.874886
0.880135
0.890659
0.901188
0.91695
0.927406
0.932617
0.942986
0.95327
0.968502
0.978504
0.983452
0.998055
1.00758
1.01691
1.02604
1.03496
1.04364
1.05211
1.06034
1.07219
1.07977
1.08708
1.0941
1.10085
1.1073
1.11345
1.11929
1.12482
1.13491
1.13947
1.1437
1.14759
1.15115
1.15436
1.15724
1.15977
1.16295
1.16383
1.16535
1.167
1.16768
1.16804
1.16807
1.16796
1.16717
1.16624
1.16502
1.16349
1.16168
1.15958
1.1572
1.15456
1.15164
1.14848
1.14508
1.14144
1.13758
1.1335
1.12923
1.12475
1.12009
1.11526
1.11027
1.10513
1.09984
1.09443
1.08889
1.08324
1.08039
1.07168
1.06578
1.05983
1.05381
1.04776
1.04169
1.03558
1.02948
1.0234
1.01734
1.01131
1.00534
0.999416
0.993561
0.987778
0.979259
0.976463
0.970947
0.965527
0.960209
0.952435
0.949894
0.942455
0.937634
0.935268
0.928368
0.923931
0.919636
0.915485
0.911488
0.907654
0.903984
0.90049
0.897179
0.894051
0.891117
0.888374
0.88583
0.882385
0.880341
0.878494
0.87685
0.875408
0.874161
0.872669
0.871922
0.871372
0.871017
0.870853
0.87088
0.871094
0.87149
0.87207
0.872829
0.873764
0.875484
0.876839
0.878353
0.88002
0.88184
0.883804
0.88591
0.888149
0.890514
0.893002
0.895611
0.898327
0.901146
0.904064
0.908611
0.910172
0.913349
0.916595
0.921585
0.923279
0.926708
0.93018
0.933693
0.939022
0.9426
0.944401
0.948002
0.953403
0.956997
0.960567
0.962341
0.96587
0.971088
0.974506
0.976196
0.981174
0.984409
0.987579
0.990673
0.99369
0.996624
0.999477
1.00225
1.00494
1.00754
1.01006
1.01249
1.01482
1.01708
1.01924
1.02232
1.02331
1.02613
1.0279
1.02959
1.03119
1.03271
1.03414
1.03548
1.03674
1.03791
1.03899
1.04045
1.04132
1.04173
1.0428
1.04342
1.04395
1.04439
1.04475
1.04503
1.04523
1.04535
1.04538
1.04528
1.04521
1.04501
1.04473
1.04439
1.04396
1.04347
1.04261
1.04195
1.04123
1.04044
1.03959
1.03869
1.03773
1.03672
1.03567
1.03456
1.03341
1.0322
1.03096
1.02969
1.02837
1.02703
1.02565
1.02425
1.02281
1.02135
1.01988
1.01838
1.01686
1.01534
1.0138
1.01224
1.01068
1.00913
1.00676
1.00596
1.00358
1.002
1.00041
0.998852
0.997295
0.995739
0.994183
0.992645
0.991119
0.989594
0.987347
0.986599
0.98439
0.983658
0.982212
0.980072
0.978668
0.977287
0.975922
0.974579
0.973263
0.971966
0.970695
0.969448
0.967632
0.966454
0.965305
0.964188
0.9631
0.962044
0.961021
0.960033
0.958618
0.95816
0.956852
0.956436
0.955627
0.954857
0.953773
0.953102
0.952473
0.951881
0.951324
0.950813
0.950344
0.949718
0.949532
0.949184
0.948742
0.948502
0.948303
0.948143
0.948029
0.947952
0.947914
0.947922
0.947968
0.948051
0.948177
0.948341
0.948654
0.948776
0.9492
0.949524
0.949883
0.950272
0.950695
0.951389
0.951633
0.952145
0.952957
0.953537
0.95414
0.954762
0.955402
0.95607
0.956749
0.957451
0.958164
0.958897
0.959629
0.960392
0.961155
0.961918
0.962711
0.963505
0.964298
0.965092
0.965488
0.966679
0.967472
0.968662
0.969456
0.970249
0.971043
0.971836
0.97263
0.973423
0.97419
0.974953
0.975716
0.976463
0.977196
0.977928
0.978638
0.97934
0.980026
0.980698
0.981358
0.981998
0.982628
0.983238
0.983837
0.984417
0.984982
0.985531
0.986057
0.986576
0.987064
0.987545
0.988232
0.988445
0.989075
0.989471
0.989849
0.990215
0.990551
0.990879
0.991184
0.99147
0.991745
0.991993
0.992233
0.992447
0.992649
0.992924
0.993076
0.993225
0.993347
0.993462
0.993553
0.993637
0.993698
0.993752
0.993782
0.993809
0.993809
0.993809
0.993763
0.993729
0.993668
0.993607
0.993481
0.993389
0.993282
0.99316
0.993038
0.992897
0.992821
0.992668
0.992428
0.992245
0.99197
0.991879
0.991673
0.991459
0.991245
0.990925
0.990807
0.990562
0.990318
0.989952
0.989708
0.989464
0.989197
0.988922
0.988647
0.988373
0.988098
0.987823
0.987549
0.987274
0.987
0.986725
0.98645
0.986038
0.985764
0.985489
0.985214
0.98494
0.984665
0.98439
0.984116
0.983704
0.983429
0.983154
0.98288
0.982605
0.982338
0.982094
0.98185
0.981606
0.981361
0.981117
0.980751
0.980633
0.980419
0.980206
0.979992
0.979778
0.979458
0.979275
0.979092
0.978909
0.978725
0.978542
0.97839
0.978237
0.978085
0.977932
0.977795
0.977673
0.977551
0.977428
0.97731
0.977219
0.977127
0.977036
0.976944
0.976879
0.976818
0.976757
0.976696
0.976654
0.976624
0.976578
0.976562
0.97654
0.97654
0.97654
0.97654
0.97654
0.976559
0.976589
0.97662
0.976665
0.976681
0.976734
0.976826
0.976856
0.976948
0.977009
0.977093
0.977184
0.977276
0.977367
0.977459
0.977551
0.97765
0.977772
0.977894
0.978016
0.978138
0.97826
0.978382
0.978504
0.978626
0.97876
0.978912
0.979065
0.979218
0.97937
0.979523
0.979675
0.979828
0.97998
0.980133
0.980286
0.980438
0.980591
0.98082
0.980972
0.981125
0.981277
0.98143
0.981583
0.981735
0.981888
0.982117
0.982269
0.982422
0.982574
0.982727
0.98288
0.983032
0.983185
0.983337
0.98349
0.983643
0.983871
0.983948
0.984177
0.984329
0.984455
0.984577
0.984699
0.984821
0.984943
0.985065
0.985188
0.98531
0.985432
0.985554
0.985676
0.985798
0.985901
0.985992
0.986084
0.986176
0.986267
0.986359
0.98645
0.986542
0.986633
0.986725
0.986813
0.986874
0.986935
0.987026
0.987057
0.987118
0.987179
0.98724
0.987331
0.987362
0.987423
0.987476
0.987507
0.987553
0.987568
0.987614
0.987644
0.987659
0.987705
0.98772
0.987766
0.987797
0.987827
0.987843
0.987843
0.987843
0.987843
0.987843
0.987843
0.987843
0.987843
0.987843
0.987843
0.987843
0.987843
0.987843
0.987843
0.987843
0.987843
0.987843
0.987843
0.987816
0.987785
0.987755
0.987724
0.987694
0.987663
0.987633
0.987602
0.987556
0.987526
0.987495
0.987465
0.987434
0.987404
0.987373
0.987343
0.987312
0.987282
0.987251
0.987221
0.98719
0.987144
0.987129
0.987099
0.987068
0.987038
0.986992
0.986961
0.986931
0.9869
0.98687
0.986839
0.986809
0.986778
0.986748
0.986717
0.986687
0.986656
0.986626
0.986595
0.986565
0.986549
0.986549
0.986549
0.986549
0.986549
0.986549
0.986549
0.986549
0.986549
0.986549
0.986549
0.986549
0.986549
0.986549
0.986549
0.986549
0.986549
0.986549
0.986549
0.986549
0.986549
0.986549
0.986549
0.986549
0.986549
0.986549
0.986549
0.986549
0.986553
0.986584
0.986614
0.986645
0.986675
0.986706
0.986736
0.986767
0.986797
0.986828
0.986858
0.986904
0.986919
0.986965
0.986996
0.987026
0.987057
0.987087
0.987118
0.987148
0.987179
0.987209
0.98724
0.98727
0.987301
0.987331
0.987362
0.987392
0.987423
0.987453
0.987499
0.987514
0.98756
0.987591
0.987621
0.987652
0.987682
0.987713
0.987743
0.987774
0.987804
0.987835
0.987865
0.987896
0.987926
0.987957
0.987988
0.988018
0.988049
0.988079
0.98811
0.988155
0.988186
0.988216
0.988247
0.988277
0.988308
0.988338
0.988369
0.9884
0.98843
0.988461
0.988491
0.988522
0.988552
0.988583
0.988628
0.988659
0.988674
0.98872
0.98875
0.988766
0.988811
0.988842
0.988857
0.988903
0.988934
0.988964
0.988995
0.989025
0.989056
0.989086
0.989117
0.989147
0.989178
0.989208
0.989239
0.989269
0.9893
0.98933
0.989361
0.989407
0.989437
0.989468
0.989498
0.989529
0.989574
0.98959
0.98962
0.989651
0.989681
0.989727
0.989742
0.989773
0.989819
0.989849
0.98988
0.98991
0.989941
0.989971
0.990002
0.990032
0.990063
0.990093
0.990124
0.99017
0.990185
0.990215
0.990246
0.990292
0.990322
0.990337
0.990383
0.990414
0.990444
0.990475
0.990505
0.990536
0.990566
0.990597
0.990627
0.990658
0.990688
0.990719
0.990749
0.99078
0.99081
0.990841
