0
3.05177e-05
6.10353e-05
9.1553e-05
0.000122071
0.000152588
0.000236512
0.000495911
0.00108719
0.00217819
0.00394058
0.00654602
0.0101357
0.0148392
0.0207672
0.0279999
0.0414238
0.0521317
0.0642624
0.0778046
0.0927315
0.109009
0.126591
0.145435
0.165466
0.186642
0.208893
0.244179
0.256413
0.281551
0.320824
0.347969
0.375805
0.404278
0.433331
0.462902
0.492931
0.523357
0.554127
0.585178
0.616459
0.663666
0.679451
0.726864
0.758446
0.789951
0.82132
0.852505
0.88345
0.914101
0.944405
0.989117
1.0038
1.03279
1.06127
1.0892
1.12999
1.14327
1.18212
1.20716
1.23147
1.25503
1.27781
1.29979
1.32092
1.34119
1.36058
1.37906
1.3966
1.41319
1.43626
1.44346
1.45711
1.46975
1.48138
1.49691
1.50599
1.51403
1.52105
1.52704
1.53201
1.53597
1.53891
1.54145
1.54191
1.54139
1.53991
1.53592
1.53212
1.52741
1.52183
1.5154
1.50813
1.50006
1.49121
1.48161
1.47128
1.46025
1.44855
1.42981
1.42325
1.40971
1.39561
1.381
1.35816
1.34237
1.32616
1.30957
1.29264
1.27539
1.25786
1.24009
1.2221
1.20393
1.18562
1.16721
1.14872
1.13018
1.10237
1.08387
1.06544
1.04712
1.02892
1.01088
0.993023
0.975399
0.958019
0.940922
0.924122
0.90765
0.891525
0.875771
0.860409
0.845459
0.830944
0.816875
0.803268
0.790146
0.783772
0.76543
0.753857
0.742825
0.732346
0.722427
0.713074
0.704296
0.696095
0.688473
0.681435
0.674984
0.669121
0.663849
0.659164
0.655067
0.651566
0.648647
0.646313
0.644558
0.643383
0.642776
0.642929
0.643257
0.644325
0.645931
0.650745
0.653919
0.657604
0.661774
0.666412
0.671516
0.677067
0.683048
0.689445
0.696243
0.707157
0.714882
0.72295
0.731339
0.740032
0.749012
0.758259
0.772587
0.782413
0.792431
0.802624
0.812977
0.82346
0.834064
0.839405
0.855549
0.866386
0.877262
0.888157
0.899052
0.909939
0.920792
0.931602
0.947693
0.958313
0.968826
0.974037
0.989468
0.999557
1.00454
1.01921
1.02873
1.03804
1.04712
1.05595
1.06454
1.07694
1.08488
1.09253
1.0999
1.10698
1.11375
1.12021
1.12635
1.13216
1.13764
1.14521
1.14757
1.15202
1.15802
1.15985
1.16324
1.16628
1.17016
1.17128
1.1741
1.17554
1.17663
1.17737
1.17777
1.17783
1.17756
1.17695
1.17602
1.17477
1.17321
1.17134
1.16917
1.1667
1.16396
1.15932
1.15765
1.15223
1.1503
1.14417
1.1398
1.13754
1.13045
1.12548
1.12033
1.11502
1.10956
1.10395
1.09821
1.09235
1.08638
1.08031
1.07417
1.06794
1.06166
1.05533
1.04897
1.04257
1.03616
1.02975
1.02337
1.01701
1.01068
1.0044
0.998184
0.992039
0.98597
0.979984
0.974091
0.968296
0.962605
0.95702
0.951542
0.943539
0.938351
0.933285
0.928341
0.923534
0.918861
0.91433
0.90995
0.905727
0.901676
0.8978
0.89233
0.88892
0.885708
0.882694
0.879887
0.877289
0.874901
0.872723
0.870758
0.869007
0.86747
0.866146
0.865036
0.864132
0.863171
0.862789
0.86261
0.862637
0.862862
0.863285
0.863899
0.864704
0.865696
0.866871
0.868221
0.869747
0.871441
0.873299
0.875313
0.877483
0.879799
0.882252
0.884846
0.887562
0.8904
0.89336
0.898006
0.90123
0.904545
0.907948
0.91143
0.914982
0.918598
0.922276
0.926003
0.929775
0.933582
0.937424
0.941292
0.947105
0.949055
0.952946
0.956821
0.96069
0.966438
0.968338
0.973972
0.977665
0.979488
0.984867
0.988369
0.991791
0.995144
0.998409
1.00159
1.00468
1.00768
1.01059
1.01341
1.01614
1.01877
1.0213
1.02374
1.02608
1.02833
1.03048
1.03254
1.0345
1.03636
1.03813
1.0398
1.04137
1.04285
1.04423
1.04551
1.0467
1.04778
1.04877
1.04966
1.05082
1.05146
1.05202
1.05248
1.05284
1.0531
1.05328
1.05336
1.05334
1.05323
1.05304
1.05275
1.05238
1.05193
1.05138
1.05075
1.05006
1.04928
1.04843
1.0475
1.04651
1.04545
1.04432
1.04313
1.04188
1.04058
1.03922
1.03781
1.03636
1.03485
1.03331
1.03173
1.03011
1.02846
1.02678
1.02507
1.02334
1.02158
1.01981
1.01712
1.01532
1.0135
1.01167
1.00983
1.008
1.00617
1.00434
1.00251
1.00068
0.998867
0.997066
0.995266
0.993488
0.991718
0.989967
0.988228
0.986511
0.984806
0.983128
0.981468
0.979828
0.977413
0.97662
0.974274
0.972748
0.971996
0.969776
0.968334
0.966923
0.966228
0.964867
0.963535
0.962238
0.960365
0.959759
0.957996
0.956875
0.956326
0.954746
0.953747
0.952785
0.95187
0.951
0.950176
0.949398
0.948666
0.947979
0.947342
0.946476
0.946213
0.945492
0.945076
0.944706
0.944386
0.944115
0.94389
0.943718
0.943592
0.943516
0.943489
0.943508
0.943573
0.94376
0.943939
0.944164
0.944431
0.944744
0.945095
0.945484
0.945919
0.946392
0.946899
0.947441
0.948017
0.948627
0.949268
0.94994
0.950642
0.95137
0.952126
0.952904
0.953701
0.954525
0.955368
0.956223
0.957104
0.957989
0.958897
0.959812
0.961197
0.96167
0.962616
0.963562
0.964508
0.965454
0.9664
0.967346
0.968765
0.969238
0.970657
0.971603
0.972538
0.973454
0.974369
0.975277
0.976162
0.977047
0.977909
0.978764
0.979599
0.980423
0.981224
0.982018
0.98278
0.983536
0.984268
0.984982
0.98568
0.986683
0.987003
0.98764
0.988552
0.988842
0.989414
0.990231
0.990749
0.991241
0.991714
0.992168
0.992596
0.993004
0.993393
0.993759
0.994099
0.994423
0.994728
0.995003
0.995262
0.995506
0.99572
0.995918
0.996178
0.996254
0.996456
0.996571
0.996662
0.996738
0.996799
0.996834
0.996864
0.996864
0.996857
0.996826
0.996788
0.996727
0.996658
0.996567
0.996471
0.996349
0.996155
0.996078
0.995926
0.995758
0.995575
0.995293
0.995079
0.994972
0.99464
0.994518
0.994152
0.993908
0.993633
0.993496
0.993084
0.992809
0.992504
0.992199
0.991894
0.991589
0.991283
0.990963
0.990627
0.990292
0.989956
0.98962
0.989117
0.988949
0.988445
0.98811
0.987774
0.987438
0.987103
0.986767
0.986431
0.986095
0.98576
0.985424
0.985088
0.984753
0.984417
0.984081
0.983578
0.98341
0.983074
0.982578
0.982426
0.981968
0.981663
0.98151
0.981052
0.9809
0.980476
0.980202
0.980064
0.979652
0.979385
0.979141
0.978897
0.978653
0.978409
0.978195
0.977982
0.977768
0.977558
0.977375
0.977192
0.977009
0.976837
0.976685
0.976532
0.976379
0.976254
0.976131
0.975948
0.975849
0.975758
0.975666
0.975582
0.975521
0.97546
0.975399
0.975357
0.975327
0.975281
0.975262
0.975262
0.975262
0.975262
0.975281
0.975311
0.975342
0.975372
0.975418
0.975479
0.97551
0.975601
0.975666
0.975758
0.975849
0.975941
0.976032
0.976128
0.97625
0.976372
0.976555
0.976616
0.976799
0.976868
0.977097
0.977173
0.977325
0.977478
0.977631
0.977859
0.978012
0.978184
0.978367
0.97855
0.978733
0.978916
0.979099
0.979282
0.979465
0.979649
0.979832
0.980015
0.980198
0.980381
0.980564
0.980747
0.98093
0.981113
0.981388
0.981571
0.981754
0.981937
0.982121
0.982304
0.982487
0.98267
0.982853
0.983036
0.983219
0.983402
0.983585
0.983768
0.983936
0.984089
0.984241
0.98447
0.984623
0.984699
0.984928
0.985081
0.985233
0.985386
0.985538
0.985661
0.985722
0.985905
0.985966
0.986149
0.986271
0.986393
0.986454
0.986637
0.986729
0.98682
0.986912
0.987003
0.987095
0.987186
0.987278
0.98737
0.98745
0.987511
0.987572
0.987633
0.987694
0.987755
0.987816
0.987877
0.987938
0.987984
0.988014
0.988045
0.988075
0.988106
0.988136
0.988167
0.988197
0.988228
0.988274
0.988277
0.988277
0.988277
0.988277
0.988277
0.988277
0.988277
0.988277
0.988277
0.988277
0.988277
0.988277
0.988277
0.988274
0.988228
0.988213
0.988167
0.988136
0.988121
0.988075
0.988045
0.988014
0.987999
0.987968
0.987923
0.987892
0.987862
0.987831
0.987801
0.98777
0.98774
0.987709
0.987679
0.987648
0.987617
0.987587
0.987556
0.987526
0.987495
0.987465
0.987434
0.987404
0.987373
0.987343
0.987312
0.987282
0.987251
0.987221
0.98719
0.98716
0.987129
0.987099
0.987053
0.987022
0.986992
0.986961
0.986916
0.9869
0.986855
0.986824
0.986794
0.986763
0.986732
0.986702
0.986671
0.986641
0.98661
0.98658
0.986549
0.986519
0.986488
0.986458
0.986423
0.986423
0.986423
0.986423
0.986423
0.986423
0.986423
0.986423
0.986423
0.986423
0.986423
0.986423
0.986423
0.986423
0.986423
0.986423
0.986423
0.986423
0.986423
0.986423
0.986423
0.986423
0.986423
0.986423
0.986435
0.986465
0.986511
0.986542
0.986557
0.986588
0.986633
0.986664
0.986694
0.986725
0.986755
0.986786
0.986816
0.986847
0.986877
0.986908
0.986938
0.986969
0.987
0.98703
0.987061
0.987091
0.987122
0.987152
0.987183
0.987228
0.987259
0.987289
0.98732
0.98735
0.987381
0.987411
0.987442
0.987473
0.987503
0.987534
0.987564
0.98761
0.987625
0.987656
0.987686
0.987732
0.987762
0.987793
0.987808
0.987885
0.987946
0.988007
0.988068
0.988129
0.98819
0.988281
0.988312
0.988373
0.988434
0.988525
0.988586
0.988647
0.988708
0.98877
0.988831
0.988869
0.988914
0.988945
0.988976
0.989006
0.989037
0.989067
0.989098
0.989143
0.989159
0.989204
0.989235
0.989265
0.989296
0.989326
0.989357
0.989388
0.989433
0.989464
0.989494
0.989525
0.989555
0.989586
0.989616
0.989647
0.989677
0.989708
0.989738
0.989769
0.989799
0.989845
0.989861
0.989891
0.989922
0.989952
0.989983
0.990013
0.990059
0.990074
0.99012
0.99015
0.990166
0.990211
0.990227
0.990273
0.990303
0.990334
0.990364
0.990395
0.990425
0.990456
0.990486
0.990517
0.990547
0.990578
0.990608
0.990639
0.990669
0.9907
0.990746
0.990761
0.990807
0.990837
0.99086
0.99086
0.99086
0.99086
0.99086
