0
1.52588e-05
6.10353e-05
9.1553e-05
0.000122071
0.000164032
0.000320434
0.000724793
0.00154495
0.00294876
0.00511169
0.0101204
0.0148239
0.020752
0.0279846
0.0414124
0.0465889
0.0642548
0.0777969
0.0927277
0.109005
0.126591
0.145435
0.165474
0.186653
0.208904
0.232159
0.256378
0.28149
0.307442
0.33416
0.361603
0.389717
0.41843
0.447689
0.477436
0.50761
0.538155
0.569012
0.600124
0.631443
0.678677
0.694466
0.72607
0.757664
0.804916
0.836262
0.86742
0.898338
0.928967
0.959255
0.989166
1.01864
1.04763
1.07611
1.10401
1.14471
1.17102
1.19664
1.22152
1.24563
1.26894
1.29142
1.31305
1.33378
1.35361
1.37251
1.39045
1.40744
1.43111
1.44563
1.45253
1.4717
1.48322
1.49373
1.50322
1.5117
1.51915
1.52558
1.53099
1.53539
1.53877
1.54115
1.54253
1.54293
1.54235
1.54082
1.53836
1.53496
1.53066
1.52547
1.51942
1.51252
1.50065
1.4963
1.48701
1.47699
1.46062
1.44887
1.43647
1.42346
1.41674
1.39574
1.3811
1.36596
1.35038
1.33439
1.31802
1.30129
1.28426
1.26694
1.24938
1.23161
1.20462
1.18645
1.16816
1.1498
1.13139
1.11296
1.09454
1.07617
1.05788
1.03969
1.02164
1.00376
0.986076
0.968636
0.951439
0.934525
0.917912
0.901627
0.893612
0.893612
0.847473
0.832901
0.81876
0.805077
0.791862
0.779125
0.766857
0.755093
0.743832
0.733082
0.722858
0.713169
0.704033
0.695454
0.687443
0.680012
0.673164
0.664001
0.658638
0.653877
0.649712
0.646149
0.641926
0.64082
0.638382
0.637497
0.637192
0.637463
0.638302
0.639706
0.641659
0.644154
0.647182
0.650723
0.654778
0.659325
0.664337
0.669815
0.675739
0.682091
0.688858
0.696018
0.703556
0.71146
0.719707
0.728279
0.73716
0.751007
0.760574
0.770378
0.780396
0.790619
0.801022
0.811584
0.822281
0.838547
0.849503
0.860527
0.871593
0.882687
0.893795
0.904877
0.915928
0.926922
0.937843
0.948673
0.959393
0.969982
0.980419
0.990692
1.00079
1.01068
1.02036
1.02981
1.03904
1.04803
1.05677
1.06525
1.07347
1.08142
1.09285
1.10012
1.10711
1.1138
1.11703
1.12626
1.13202
1.13745
1.14254
1.1473
1.15171
1.15577
1.15948
1.16283
1.16583
1.16965
1.17176
1.1735
1.1749
1.17594
1.17663
1.17698
1.17699
1.17666
1.176
1.17501
1.17371
1.17209
1.17017
1.16794
1.16543
1.16264
1.15957
1.15624
1.15265
1.14882
1.14475
1.14046
1.13595
1.13124
1.12381
1.12124
1.11598
1.11055
1.10497
1.09635
1.09045
1.08443
1.07832
1.07212
1.06585
1.05633
1.04993
1.04349
1.03705
1.03061
1.02418
1.01777
1.00824
1.00195
0.995731
0.992645
0.986538
0.977535
0.971653
0.965874
0.960197
0.954628
0.949177
0.943836
0.938618
0.933521
0.928562
0.921375
0.916763
0.914516
0.908001
0.903866
0.899906
0.89613
0.89254
0.889149
0.885948
0.882957
0.880173
0.877598
0.875237
0.873089
0.871155
0.869438
0.867935
0.866646
0.86557
0.864353
0.864056
0.863464
0.863327
0.863392
0.863655
0.864113
0.864761
0.865601
0.866623
0.867828
0.869209
0.870758
0.872478
0.874359
0.876392
0.878578
0.880905
0.883373
0.885975
0.888706
0.89156
0.89452
0.899166
0.902386
0.905697
0.909088
0.912563
0.916107
0.919716
0.923378
0.927086
0.930836
0.934624
0.940357
0.944202
0.948048
0.951893
0.955738
0.959583
0.963398
0.967182
0.970924
0.974621
0.97826
0.981838
0.985352
0.988796
0.992157
0.995438
1.00021
1.00327
1.00625
1.00914
1.01194
1.01464
1.01725
1.01976
1.02336
1.02564
1.02782
1.02991
1.03191
1.03381
1.03562
1.03734
1.03896
1.04048
1.04191
1.04324
1.04448
1.04562
1.04667
1.04807
1.04887
1.04958
1.0502
1.05072
1.05115
1.05149
1.05173
1.05188
1.05193
1.0519
1.05178
1.05157
1.05127
1.05089
1.05043
1.04988
1.04926
1.04856
1.04778
1.04694
1.04602
1.04504
1.04399
1.0423
1.04171
1.03984
1.0392
1.03786
1.03577
1.03505
1.03283
1.0313
1.02973
1.02813
1.0265
1.02485
1.02317
1.02147
1.01888
1.01714
1.01538
1.01361
1.01184
1.01007
1.0083
1.00653
1.00476
1.00299
1.00122
0.999454
0.997688
0.995949
0.994209
0.992481
0.990772
0.989067
0.986549
0.984894
0.98325
0.981632
0.980827
0.978451
0.976894
0.975361
0.97385
0.972366
0.970909
0.969479
0.968079
0.966709
0.96537
0.964066
0.962795
0.961559
0.960358
0.95919
0.958061
0.956974
0.955925
0.95491
0.953945
0.953018
0.952133
0.951294
0.950497
0.949745
0.949039
0.94838
0.947765
0.947201
0.946682
0.946209
0.945786
0.945408
0.944939
0.944805
0.944576
0.944393
0.944256
0.944168
0.944126
0.944134
0.944229
0.944283
0.944424
0.944611
0.944969
0.945259
0.945423
0.945969
0.946381
0.946602
0.947315
0.947838
0.948395
0.948982
0.9496
0.950249
0.950924
0.951626
0.952358
0.95311
0.95388
0.954674
0.95549
0.956314
0.957165
0.958019
0.958897
0.959782
0.960667
0.961571
0.962486
0.963402
0.964317
0.965233
0.966148
0.967064
0.967979
0.968895
0.96981
0.970726
0.971638
0.972523
0.973408
0.974293
0.975159
0.976013
0.976868
0.977692
0.978516
0.979317
0.98011
0.980881
0.981644
0.982384
0.983116
0.983818
0.984512
0.985184
0.985836
0.986477
0.987087
0.987682
0.988262
0.988811
0.989346
0.989864
0.990353
0.990826
0.991283
0.991711
0.992321
0.992519
0.992886
0.993404
0.993572
0.99403
0.994305
0.994564
0.994808
0.995022
0.995224
0.995407
0.995644
0.995777
0.995899
0.995991
0.996075
0.996136
0.996181
0.996212
0.99622
0.99622
0.996197
0.996166
0.996109
0.996048
0.995964
0.995872
0.995766
0.995644
0.995518
0.995365
0.995213
0.995041
0.994858
0.994675
0.994465
0.994251
0.994038
0.993801
0.993557
0.993313
0.992928
0.99279
0.992378
0.992104
0.991966
0.991669
0.991364
0.991058
0.990753
0.990448
0.990143
0.989662
0.989326
0.989159
0.988655
0.988487
0.988152
0.987648
0.98748
0.986977
0.986641
0.986305
0.98597
0.985634
0.985298
0.984962
0.984627
0.984291
0.983955
0.98362
0.983295
0.98299
0.982685
0.98238
0.982075
0.98177
0.981464
0.981167
0.980892
0.980618
0.980343
0.980068
0.979794
0.979549
0.979305
0.979061
0.978817
0.978584
0.978371
0.978264
0.977646
0.977463
0.97728
0.977016
0.976864
0.976711
0.976559
0.976425
0.976364
0.976181
0.976059
0.975967
0.975876
0.975784
0.975704
0.975643
0.975582
0.975521
0.975483
0.975437
0.975422
0.975391
0.975391
0.975391
0.975391
0.97541
0.975441
0.975471
0.975502
0.975548
0.975609
0.97567
0.975761
0.975834
0.975925
0.976017
0.976109
0.9762
0.976364
0.976425
0.976547
0.976669
0.976852
0.976974
0.977116
0.977192
0.977345
0.977573
0.977726
0.977879
0.978031
0.978184
0.978336
0.978508
0.978691
0.978874
0.979057
0.97924
0.979424
0.979607
0.97979
0.979973
0.980156
0.980339
0.980522
0.980705
0.980888
0.981071
0.981255
0.981438
0.981621
0.981804
0.981987
0.98217
0.982353
0.982536
0.982719
0.982903
0.983086
0.983269
0.983452
0.983616
0.983768
0.983997
0.98415
0.984303
0.984455
0.984608
0.98476
0.984913
0.985065
0.985218
0.985363
0.985485
0.985607
0.985729
0.985851
0.985973
0.986095
0.986217
0.98634
0.986507
0.986599
0.986691
0.986782
0.986874
0.986965
0.987057
0.987194
0.987278
0.987339
0.9874
0.987461
0.987522
0.987583
0.987644
0.987705
0.987766
0.987827
0.987873
0.987904
0.987934
0.987965
0.987995
0.988026
0.988056
0.988087
0.988117
0.988144
0.988144
0.988144
0.988144
0.988144
0.988144
0.988144
0.988144
0.988144
0.988144
0.988144
0.988144
0.988144
0.988144
0.988136
0.988091
0.98806
0.988045
0.987999
0.987968
0.987938
0.987907
0.987877
0.987846
0.987816
0.987785
0.987755
0.987724
0.987694
0.987663
0.987633
0.987602
0.987572
0.987541
0.987511
0.98748
0.98745
0.987419
0.987389
0.987358
0.987328
0.987297
0.987267
0.987236
0.987206
0.987175
0.987144
0.987114
0.987083
0.987053
0.987022
0.986992
0.986961
0.986931
0.9869
0.98687
0.986839
0.986809
0.986763
0.986748
0.986717
0.986671
0.986656
0.98661
0.98658
0.986565
0.986519
0.986488
0.986458
0.986427
0.986397
0.986389
0.986389
0.986389
0.986389
0.986389
0.986389
0.986389
0.986389
0.986389
0.986389
0.986389
0.986389
0.986389
0.986389
0.986389
0.986389
0.986389
0.986389
0.986389
0.986389
0.986389
0.986389
0.986389
0.986389
0.986404
0.986435
0.986465
0.986496
0.986526
0.986557
0.986588
0.986618
0.986649
0.986679
0.98671
0.98674
0.986771
0.986801
0.986832
0.986862
0.986893
0.986938
0.986969
0.986984
0.98703
0.987061
0.987091
0.987122
0.987152
0.987183
0.987213
0.987244
0.987274
0.987305
0.987335
0.987366
0.987396
0.987427
0.987457
0.987488
0.987518
0.987549
0.987579
0.98761
0.98764
0.987671
0.987701
0.987732
0.987762
0.987793
0.987823
0.987854
0.987885
0.987915
0.987946
0.987976
0.988007
0.988037
0.988083
0.988144
0.988205
0.988266
0.988327
0.988388
0.98848
0.98851
0.988571
0.988617
0.988647
0.988678
0.988724
0.988739
0.98877
0.9888
0.988846
0.988876
0.988907
0.988937
0.988968
0.988983
0.989029
0.989059
0.989075
0.98912
0.989151
0.989182
0.989212
0.989243
0.989273
0.989304
0.989334
0.989365
0.989395
0.989426
0.989456
0.989487
0.989517
0.989548
0.989578
0.989609
0.989639
0.98967
0.989685
0.989731
0.989761
0.989792
0.989822
0.989853
0.989883
0.989914
0.989944
0.989975
0.990021
0.990036
0.990067
0.990112
0.990128
0.990173
0.990204
0.990219
0.990265
0.99028
0.990311
0.990341
0.990387
0.990417
0.990448
0.990479
0.990509
0.99054
0.99057
0.990601
0.990631
0.990662
0.990692
0.990723
0.990753
