0
3.05177e-05
6.1034e-05
9.15517e-05
0.000122069
0.000164032
0.000324248
0.000766754
0.00167084
0.00322342
0.00561142
0.00898361
0.0134697
0.0191917
0.026226
0.0346375
0.0444679
0.0557251
0.0752869
0.0825119
0.0979958
0.114819
0.132935
0.162422
0.172832
0.194489
0.228943
0.240921
0.278229
0.291092
0.330875
0.358311
0.386398
0.415085
0.444309
0.47401
0.504128
0.534603
0.565376
0.59639
0.627586
0.658909
0.6903
0.721703
0.768719
0.815479
0.84642
0.877121
0.892365
0.937607
0.967308
0.99659
1.0254
1.05369
1.08143
1.10857
1.13508
1.14808
1.18605
1.22236
1.23408
1.25692
1.28964
1.30012
1.33027
1.33987
1.35839
1.38442
1.39263
1.40831
1.43001
1.44324
1.45547
1.46669
1.4769
1.4861
1.49429
1.50146
1.50761
1.51276
1.5169
1.52005
1.52221
1.5234
1.52362
1.52289
1.52122
1.51864
1.51516
1.51081
1.50559
1.49954
1.49267
1.48501
1.47209
1.46741
1.45232
1.44141
1.42985
1.41768
1.40491
1.39158
1.37773
1.35603
1.34857
1.33332
1.30973
1.30168
1.27707
1.26871
1.24329
1.22606
1.20866
1.19111
1.17344
1.1557
1.1468
1.12008
1.10228
1.08453
1.06686
1.0493
1.03187
1.0146
0.997532
0.980671
0.964058
0.947723
0.931679
0.915943
0.900532
0.88546
0.87075
0.856411
0.842461
0.828915
0.815792
0.803108
0.790874
0.77911
0.767818
0.757027
0.746742
0.73698
0.727745
0.714897
0.710888
0.699688
0.696232
0.689743
0.681068
0.678463
0.673676
0.667572
0.664219
0.661438
0.659218
0.657562
0.656464
0.655922
0.655922
0.65646
0.657536
0.65913
0.661236
0.663853
0.668694
0.672508
0.676785
0.681503
0.686653
0.692223
0.698189
0.704536
0.714745
0.725723
0.729542
0.741463
0.749767
0.758327
0.767132
0.776176
0.785427
0.794868
0.804478
0.814236
0.824123
0.829109
0.849281
0.859482
0.869728
0.880013
0.890324
0.900639
0.916061
0.921188
0.931396
0.946571
0.956573
0.966461
0.976219
0.985825
0.995266
1.00453
1.01805
1.02679
1.03532
1.04362
1.05169
1.05952
1.0671
1.07441
1.0849
1.08826
1.09793
1.10402
1.10981
1.1153
1.12049
1.12536
1.12991
1.13413
1.13802
1.14159
1.14481
1.14771
1.15026
1.15249
1.15438
1.15595
1.15719
1.15811
1.1587
1.15898
1.15894
1.1586
1.15752
1.15701
1.15505
1.15426
1.15146
1.15039
1.14806
1.14409
1.14114
1.13795
1.13452
1.13088
1.12703
1.12297
1.11873
1.11431
1.11204
1.10497
1.10007
1.09504
1.08987
1.08459
1.0792
1.07372
1.06815
1.0625
1.0568
1.05104
1.04815
1.03942
1.03359
1.02776
1.02194
1.01614
1.01038
1.00466
0.998993
0.993385
0.98785
0.982391
0.977016
0.971722
0.966518
0.961411
0.956398
0.951492
0.946686
0.939686
0.937405
0.930744
0.928585
0.924358
0.918274
0.914394
0.910664
0.907093
0.903687
0.900444
0.897377
0.89312
0.891792
0.889278
0.886955
0.884823
0.882881
0.881138
0.879585
0.878223
0.87706
0.875668
0.875298
0.874702
0.874153
0.874062
0.874062
0.874153
0.874691
0.875263
0.875614
0.876919
0.877991
0.879223
0.880608
0.882141
0.883823
0.885647
0.887604
0.889694
0.891907
0.895454
0.897957
0.900562
0.903271
0.906071
0.908955
0.911919
0.914963
0.918076
0.921249
0.924477
0.927753
0.931072
0.934429
0.937817
0.941235
0.946388
0.949837
0.953285
0.956722
0.96014
0.963531
0.966892
0.970211
0.973488
0.976707
0.979874
0.982979
0.986012
0.988976
0.991867
0.994678
0.99741
1.00006
1.00263
1.00512
1.00869
1.01097
1.01207
1.01423
1.01729
1.01923
1.02108
1.02197
1.02453
1.02613
1.02764
1.02907
1.03041
1.03167
1.03284
1.03394
1.03495
1.03587
1.03671
1.03747
1.03814
1.03874
1.03925
1.03968
1.04019
1.04043
1.04052
1.04068
1.0407
1.04067
1.0405
1.0404
1.04002
1.03985
1.03948
1.03879
1.03825
1.03765
1.03732
1.03627
1.0355
1.03467
1.03379
1.03286
1.03188
1.03085
1.02979
1.02868
1.02753
1.02634
1.02513
1.02388
1.02259
1.02128
1.01995
1.0179
1.01721
1.01581
1.01368
1.01296
1.01079
1.00932
1.00859
1.00639
1.00565
1.0034
1.00191
1.00041
0.998917
0.997421
0.995934
0.994469
0.993004
0.991539
0.990074
0.98864
0.987206
0.985779
0.984375
0.982971
0.981598
0.980228
0.978886
0.977554
0.976242
0.974953
0.973679
0.972427
0.971203
0.969997
0.968815
0.967655
0.966526
0.965424
0.964348
0.963303
0.962284
0.961296
0.960339
0.959412
0.958519
0.957241
0.956829
0.955658
0.954918
0.954212
0.953548
0.952919
0.952328
0.951771
0.951256
0.950779
0.95034
0.949944
0.949421
0.949123
0.948864
0.948643
0.948467
0.94833
0.948227
0.948166
0.948147
0.948185
0.948215
0.948368
0.948437
0.948601
0.94891
0.949162
0.949448
0.949764
0.950115
0.950695
0.951118
0.951572
0.952053
0.95256
0.953091
0.95364
0.95422
0.954819
0.955429
0.95607
0.956718
0.95739
0.958069
0.959122
0.959473
0.960197
0.961296
0.962029
0.962791
0.963554
0.964317
0.96508
0.965843
0.966606
0.967369
0.968132
0.968895
0.969658
0.970802
0.971565
0.972298
0.97303
0.973763
0.974491
0.974491
0.974491
0.977261
0.977932
0.97858
0.979221
0.979847
0.980457
0.98106
0.98164
0.98222
0.982769
0.983318
0.983841
0.98436
0.984852
0.985569
0.986027
0.986248
0.986889
0.987289
0.987682
0.988049
0.988403
0.988739
0.989208
0.989502
0.989777
0.990032
0.990276
0.990494
0.990704
0.990887
0.991062
0.991215
0.991356
0.991478
0.991585
0.991676
0.991753
0.991814
0.991863
0.991894
0.991917
0.991917
0.991917
0.991886
0.991837
0.991776
0.991745
0.991634
0.991543
0.991451
0.991333
0.991272
0.991089
0.99094
0.990788
0.990635
0.990463
0.99028
0.990097
0.989914
0.989708
0.989601
0.989281
0.989067
0.988853
0.988609
0.988365
0.988121
0.987877
0.987633
0.987389
0.987144
0.986874
0.986599
0.986324
0.98605
0.985775
0.9855
0.985226
0.984951
0.984676
0.984402
0.98399
0.983715
0.98344
0.983166
0.982891
0.982616
0.982342
0.982067
0.981792
0.981544
0.981178
0.980934
0.98069
0.980446
0.980202
0.979958
0.979717
0.979504
0.979183
0.97897
0.978756
0.978542
0.978352
0.978168
0.977985
0.977802
0.977619
0.977459
0.977306
0.977154
0.976925
0.976791
0.97673
0.976608
0.976486
0.976311
0.976219
0.976173
0.976036
0.975945
0.97588
0.975849
0.975758
0.975697
0.975651
0.97562
0.97559
0.975559
0.975533
0.975533
0.975533
0.975533
0.975533
0.975548
0.975578
0.975609
0.975639
0.97567
0.975716
0.975777
0.975868
0.975929
0.97599
0.976067
0.976158
0.97625
0.976341
0.976433
0.976524
0.976616
0.976738
0.97686
0.976982
0.977104
0.977226
0.977348
0.97747
0.977592
0.977722
0.977875
0.978104
0.97818
0.978333
0.978485
0.978714
0.97879
0.978943
0.979172
0.979324
0.979477
0.97963
0.979782
0.979935
0.980087
0.98024
0.980392
0.980545
0.980698
0.98085
0.981003
0.981155
0.981308
0.981461
0.981613
0.981766
0.981918
0.982071
0.982224
0.982376
0.982529
0.982681
0.982834
0.982986
0.983139
0.983292
0.983475
0.983597
0.983719
0.983841
0.983963
0.984085
0.984207
0.984329
0.984451
0.984634
0.984756
0.984852
0.984943
0.985035
0.985126
0.985218
0.98531
0.985401
0.985493
0.985584
0.985676
0.98576
0.985821
0.985882
0.985973
0.986004
0.986065
0.986126
0.986187
0.986248
0.986309
0.986401
0.986435
0.98645
0.986496
0.986526
0.986557
0.986588
0.986618
0.986649
0.986679
0.98671
0.98674
0.986771
0.98679
0.98679
0.98679
0.98679
0.98679
0.98679
0.98679
0.98679
0.98679
0.98679
0.98679
0.98679
0.98679
0.98679
0.98679
0.98679
0.98679
0.98679
0.98679
0.986763
0.986732
0.986702
0.986671
0.986641
0.98661
0.98658
0.986549
0.986504
0.986488
0.986443
0.986412
0.986382
0.986351
0.98632
0.98629
0.986259
0.986229
0.986198
0.986168
0.986137
0.986107
0.986076
0.986046
0.986015
0.985985
0.985954
0.985924
0.985893
0.985863
0.985832
0.985802
0.985771
0.985741
0.98571
0.98568
0.985649
0.985638
0.985638
0.985638
0.985638
0.985638
0.985638
0.985638
0.985638
0.985638
0.985638
0.985638
0.985638
0.985638
0.985638
0.985638
0.985638
0.985638
0.985638
0.985638
0.985638
0.985638
0.985638
0.985638
0.985638
0.985638
0.985638
0.985638
0.985638
0.985638
0.985668
0.985699
0.985729
0.98576
0.98579
0.985821
0.985851
0.985882
0.985912
0.985943
0.985973
0.986004
0.986034
0.986065
0.986095
0.986126
0.986141
0.986187
0.986217
0.986263
0.986279
0.986324
0.986355
0.986385
0.986416
0.986446
0.986477
0.986507
0.986538
0.986568
0.986599
0.986645
0.986675
0.986706
0.986736
0.986767
0.986797
0.986828
0.986858
0.986889
0.986935
0.986965
0.986996
0.987026
0.987057
0.987087
0.987118
0.987148
0.987179
0.987209
0.98724
0.98727
0.987301
0.987331
0.987377
0.987408
0.987438
0.987469
0.987499
0.98753
0.98756
0.987591
0.987621
0.987667
0.987698
0.987728
0.987759
0.987789
0.98782
0.98785
0.987881
0.987911
0.987942
0.987972
0.988003
0.988033
0.988064
0.988094
0.988125
0.988155
0.988186
0.988216
0.988247
0.988277
0.988323
0.988354
0.988384
0.988415
0.988445
0.988476
0.988506
0.988537
0.988583
0.988613
0.988644
0.988674
0.988705
0.988735
0.988766
0.988796
0.988827
0.988857
0.988888
0.988934
0.988964
0.988995
0.989025
0.989056
0.989086
0.989117
0.989147
0.989178
0.989223
0.989239
0.989269
0.989315
0.989346
0.989376
0.989407
0.989437
0.989468
0.989498
0.989529
0.989559
0.98959
0.98962
0.989651
0.989681
0.989712
0.989742
0.989773
0.989803
0.989849
0.989864
0.989895
0.989925
0.989971
0.990002
0.990032
0.990063
0.990093
0.990124
