0
1.52575e-05
6.1034e-05
9.15517e-05
0.000122069
0.000152587
0.000236511
0.00074005
0.00156403
0.00296783
0.00513077
0.00821304
0.012352
0.0176544
0.0242271
0.0321388
0.0366135
0.0521431
0.06427
0.0778008
0.0927162
0.108982
0.126556
0.14539
0.165417
0.186592
0.208851
0.232136
0.256382
0.281525
0.320789
0.347904
0.361725
0.389854
0.433144
0.462654
0.477577
0.522938
0.538231
0.569031
0.600071
0.63129
0.678333
0.694046
0.741177
0.756863
0.788166
0.83485
0.850315
0.881062
0.926632
0.956581
0.986126
1.01523
1.04384
1.07193
1.08576
1.12634
1.1526
1.17815
1.20299
1.22707
1.25037
1.27285
1.29449
1.31526
1.33515
1.35413
1.37218
1.38928
1.40542
1.42059
1.43476
1.44794
1.46012
1.47128
1.48612
1.49056
1.49867
1.50893
1.51184
1.51907
1.52098
1.52404
1.52612
1.52722
1.52706
1.52654
1.52356
1.52044
1.51642
1.51154
1.5058
1.49924
1.49187
1.48373
1.47483
1.46521
1.4549
1.44391
1.43229
1.42005
1.40724
1.39388
1.38
1.36563
1.35081
1.33558
1.31996
1.30397
1.28766
1.27105
1.25417
1.23707
1.21975
1.20227
1.18464
1.1669
1.14908
1.13121
1.11332
1.08652
1.07761
1.05984
1.04218
1.01594
1.00727
0.973122
0.956398
0.939941
0.923775
0.907925
0.89241
0.877258
0.86248
0.848103
0.834145
0.820625
0.807564
0.79496
0.782845
0.771225
0.760117
0.749531
0.739471
0.729954
0.720982
0.712563
0.704704
0.697414
0.690697
0.684551
0.678982
0.673992
0.669582
0.665749
0.662495
0.659813
0.657703
0.656162
0.654907
0.654762
0.654896
0.655571
0.656776
0.659569
0.660759
0.663506
0.66674
0.670464
0.676926
0.679306
0.687096
0.689907
0.69894
0.705452
0.712334
0.719563
0.727131
0.735012
0.743195
0.751659
0.760372
0.769329
0.778522
0.787918
0.797497
0.807243
0.817135
0.82716
0.837288
0.847507
0.852646
0.868141
0.878517
0.88892
0.899315
0.909691
0.920029
0.935432
0.940533
0.950661
0.960686
0.970589
0.985172
0.989952
0.999382
1.00863
1.01767
1.03083
1.03511
1.04349
1.0556
1.06336
1.07088
1.07816
1.08516
1.09188
1.09833
1.10448
1.11034
1.11589
1.12113
1.12605
1.13065
1.13491
1.13885
1.14245
1.14572
1.14866
1.15126
1.15353
1.15547
1.15708
1.15836
1.15932
1.15995
1.16026
1.16027
1.15996
1.15935
1.15844
1.15725
1.15576
1.15399
1.15195
1.14965
1.1471
1.14428
1.14123
1.13795
1.13444
1.13072
1.12679
1.12266
1.11835
1.11155
1.1092
1.10439
1.0969
1.09434
1.08912
1.08379
1.07836
1.07004
1.06723
1.06155
1.05293
1.04713
1.04131
1.03547
1.02962
1.02379
1.01798
1.0122
1.00646
1.00078
0.995159
0.989609
0.984142
0.978756
0.973457
0.96825
0.963142
0.95813
0.953224
0.948425
0.943737
0.939159
0.934704
0.93037
0.926159
0.922077
0.918133
0.914333
0.910686
0.907196
0.903873
0.900723
0.897747
0.894955
0.892345
0.889923
0.887691
0.885647
0.883797
0.882145
0.88002
0.87941
0.877872
0.877083
0.876484
0.876072
0.875851
0.875813
0.875957
0.876278
0.876778
0.877445
0.878281
0.879288
0.880451
0.881771
0.883244
0.884865
0.886627
0.888527
0.890556
0.892719
0.895
0.897396
0.899906
0.902519
0.905228
0.90947
0.912403
0.915417
0.918503
0.921654
0.924866
0.928127
0.931438
0.934788
0.938171
0.941586
0.945011
0.946735
0.951908
0.953632
0.95705
0.962151
0.965515
0.968842
0.97049
0.975353
0.978531
0.981651
0.984707
0.987698
0.990616
0.993458
0.996231
0.99892
1.00153
1.00407
1.00652
1.00889
1.01117
1.01337
1.0155
1.01754
1.01949
1.02135
1.02314
1.02484
1.02646
1.028
1.02945
1.03082
1.0321
1.03331
1.03496
1.03547
1.03643
1.03732
1.03848
1.03883
1.03947
1.04002
1.04049
1.04106
1.04134
1.04154
1.04167
1.0417
1.04169
1.0416
1.04143
1.04119
1.04089
1.04051
1.04007
1.03957
1.03901
1.03838
1.03769
1.03695
1.03616
1.03531
1.03441
1.03346
1.03247
1.03143
1.03035
1.02924
1.02808
1.0269
1.02568
1.02443
1.02314
1.02184
1.0205
1.01915
1.01778
1.01639
1.01498
1.01356
1.01212
1.01069
1.00922
1.00776
1.00629
1.00483
1.00336
1.0019
1.00043
0.99897
0.996773
0.99604
0.994576
0.993126
0.991692
0.990257
0.988129
0.987427
0.985329
0.984642
0.982586
0.981915
0.980572
0.979252
0.977303
0.976662
0.974773
0.973541
0.972328
0.971138
0.969978
0.968842
0.967728
0.96664
0.965584
0.964554
0.963554
0.962585
0.961647
0.960743
0.959869
0.95903
0.958225
0.957455
0.956718
0.95602
0.955357
0.955036
0.953587
0.952831
0.952377
0.951962
0.951584
0.951241
0.950943
0.950684
0.950462
0.950279
0.950138
0.950035
0.949966
0.949944
0.949955
0.950001
0.950085
0.950203
0.950359
0.95055
0.950775
0.951031
0.951321
0.951641
0.952175
0.952568
0.952991
0.953671
0.953915
0.954411
0.954929
0.955479
0.956333
0.956623
0.957539
0.957851
0.958492
0.959476
0.959476
0.960831
0.961533
0.962234
0.96294
0.963673
0.964405
0.965137
0.96587
0.966602
0.967335
0.968067
0.9688
0.969532
0.970264
0.970997
0.971729
0.972462
0.973171
0.973873
0.974575
0.975277
0.97596
0.976631
0.977303
0.977959
0.9786
0.97924
0.979855
0.980465
0.981064
0.981644
0.98222
0.982769
0.983318
0.983837
0.984356
0.985092
0.985336
0.986027
0.986256
0.986683
0.987309
0.987507
0.9879
0.988266
0.988792
0.98896
0.989285
0.989742
0.98988
0.990288
0.990532
0.990654
0.990982
0.991188
0.991371
0.991463
0.991699
0.991844
0.991966
0.992081
0.992172
0.99226
0.992321
0.992382
0.992416
0.992447
0.992462
0.992462
0.992458
0.992428
0.992397
0.992352
0.99229
0.992229
0.992146
0.992054
0.991962
0.991848
0.991726
0.991604
0.99147
0.991318
0.991165
0.991013
0.990841
0.990658
0.990475
0.9902
0.990002
0.989895
0.989681
0.989361
0.989254
0.988934
0.988716
0.988472
0.988228
0.987984
0.98774
0.987495
0.987251
0.987007
0.986885
0.986519
0.986031
0.985786
0.985542
0.985298
0.984932
0.984688
0.984444
0.9842
0.983955
0.983711
0.983467
0.983223
0.982979
0.982735
0.982491
0.982258
0.982044
0.981831
0.981617
0.981403
0.98119
0.980976
0.980762
0.980572
0.980389
0.980206
0.980022
0.979839
0.979656
0.979496
0.979343
0.979191
0.979038
0.978886
0.978748
0.978626
0.978504
0.978321
0.978199
0.978107
0.978016
0.977924
0.977833
0.977745
0.977684
0.977623
0.977562
0.977501
0.977451
0.977421
0.97739
0.97736
0.977329
0.977314
0.977314
0.977314
0.977314
0.977314
0.977325
0.977356
0.977386
0.977417
0.977448
0.977478
0.977531
0.977592
0.977654
0.977715
0.977776
0.977837
0.977909
0.978001
0.978092
0.978184
0.978275
0.978367
0.978458
0.97855
0.978657
0.978779
0.978901
0.979023
0.979206
0.979267
0.97945
0.979511
0.979633
0.979755
0.979877
0.980061
0.980122
0.980343
0.980495
0.980648
0.980801
0.980953
0.98103
0.981258
0.981411
0.981564
0.981716
0.981869
0.982021
0.982174
0.982327
0.982479
0.982632
0.982784
0.982937
0.983089
0.983242
0.983387
0.983509
0.983631
0.983753
0.983875
0.983997
0.984119
0.984241
0.984364
0.984486
0.984608
0.98473
0.984852
0.984974
0.985096
0.985218
0.985378
0.98547
0.985516
0.985607
0.985699
0.985836
0.985928
0.985973
0.986065
0.986156
0.986294
0.986385
0.986462
0.986523
0.986553
0.986645
0.986706
0.986767
0.986828
0.986858
0.98695
0.987011
0.987072
0.987103
0.987179
0.987209
0.98724
0.98727
0.987286
0.987331
0.987362
0.987392
0.987423
0.987453
0.987484
0.987514
0.987545
0.987576
0.987591
0.987591
0.987591
0.987591
0.987591
0.987591
0.987591
0.987591
0.987591
0.987591
0.987591
0.987591
0.987591
0.987591
0.987591
0.987591
0.987591
0.987591
0.987591
0.987591
0.987591
0.987591
0.987591
0.987591
0.987568
0.987537
0.987507
0.987461
0.987431
0.987415
0.987385
0.987339
0.987309
0.987293
0.987247
0.987232
0.987186
0.987156
0.987141
0.987095
0.98708
0.987034
0.987003
0.986973
0.986942
0.986912
0.986881
0.986851
0.98682
0.98679
0.986759
0.986729
0.986702
0.986702
0.986702
0.986702
0.986702
0.986702
0.986702
0.986702
0.986702
0.986702
0.986702
0.986702
0.986702
0.986702
0.986702
0.986702
0.986702
0.986702
0.986702
0.986702
0.986702
0.986702
0.986702
0.986702
0.986702
0.986702
0.986702
0.986702
0.986702
0.986702
0.986702
0.986702
0.986702
0.986702
0.986702
0.986713
0.986744
0.986774
0.986805
0.986835
0.986866
0.986897
0.986927
0.986958
0.986988
0.987019
0.987049
0.98708
0.98711
0.987141
0.987171
0.987202
0.987232
0.987263
0.987293
0.987324
0.987354
0.987385
0.987415
0.987446
0.987476
0.987522
0.987537
0.987568
0.987598
0.987629
0.987659
0.98769
0.98772
0.987766
0.987797
0.987827
0.987858
0.987888
0.987919
0.987949
0.98798
0.98801
0.988041
0.988071
0.988102
0.988132
0.988163
0.988209
0.988239
0.98827
0.9883
0.988331
0.988361
0.988392
0.988422
0.988453
0.988483
0.988499
0.988544
0.988575
0.98859
0.988636
0.988667
0.988697
0.988728
0.988758
0.988789
0.988819
0.98885
0.98888
0.988911
0.988941
0.988972
0.989002
0.989033
0.989063
0.989094
0.989124
0.989155
0.989185
0.989216
0.989246
0.989277
0.989307
0.989338
0.989368
0.989399
0.989445
0.98946
0.989506
0.989521
0.989567
0.989597
0.989628
0.989658
0.989689
0.989719
0.98975
0.98978
0.989811
0.989841
0.989872
0.989902
0.989933
0.989979
0.989994
0.99004
0.99007
0.990086
0.990116
0.990147
0.990177
0.990223
0.990238
0.990269
0.990299
0.99033
0.990376
0.990391
0.990437
0.990452
0.990482
0.990528
0.990559
0.990589
0.99062
0.99065
0.990681
