0
3.05177e-05
6.10353e-05
9.1553e-05
0.000122071
0.000152588
0.000236512
0.000495911
0.001091
0.00218201
0.0039444
0.00654984
0.0101433
0.0148506
0.0207787
0.0280113
0.0366135
0.0521469
0.0642776
0.0778198
0.0927429
0.109016
0.126595
0.145409
0.165424
0.186573
0.197552
0.232014
0.256191
0.281254
0.30714
0.333797
0.361156
0.389168
0.417767
0.446903
0.476513
0.506538
0.536922
0.567608
0.598541
0.629669
0.660934
0.692284
0.723656
0.755005
0.786278
0.817425
0.848392
0.894402
0.924706
0.954659
0.984211
1.01332
1.04195
1.07006
1.09759
1.12451
1.15077
1.17634
1.20119
1.22527
1.24856
1.27103
1.29265
1.3134
1.33326
1.35221
1.37023
1.39547
1.4034
1.42572
1.43937
1.452
1.46364
1.47425
1.48385
1.49243
1.49998
1.50651
1.51202
1.51652
1.51839
1.52139
1.52339
1.52439
1.52412
1.52275
1.52172
1.51897
1.51317
1.50822
1.50243
1.49582
1.4884
1.48022
1.47129
1.46165
1.45132
1.44033
1.42872
1.4165
1.40371
1.39039
1.37656
1.36226
1.3475
1.33233
1.31677
1.30086
1.28463
1.2681
1.2513
1.23428
1.21706
1.19967
1.18213
1.1645
1.14679
1.12904
1.11128
1.09352
1.07582
1.05819
1.04065
1.02326
1.00603
0.988995
0.972168
0.955585
0.931229
0.915363
0.907551
0.892174
0.877144
0.855301
0.848217
0.834358
0.814388
0.80164
0.789371
0.783421
0.7663
0.755527
0.745281
0.735569
0.726406
0.717796
0.709751
0.702278
0.695377
0.689056
0.683319
0.678162
0.673592
0.669605
0.666199
0.663372
0.661118
0.659435
0.657974
0.657768
0.657768
0.658306
0.659386
0.660988
0.663101
0.667221
0.668839
0.672436
0.678692
0.681004
0.688587
0.694168
0.700142
0.706505
0.71323
0.720306
0.727711
0.735432
0.743443
0.751728
0.760281
0.769054
0.778057
0.787258
0.796642
0.806187
0.815876
0.825687
0.835613
0.845627
0.855713
0.865856
0.876038
0.88623
0.896423
0.906616
0.916786
0.926914
0.936985
0.94698
0.956886
0.966682
0.976357
0.985893
0.995281
1.00449
1.01353
1.0267
1.03099
1.0394
1.04759
1.05554
1.06324
1.07071
1.07792
1.08489
1.09484
1.10113
1.10417
1.11285
1.11827
1.12339
1.1282
1.13049
1.13686
1.14071
1.14421
1.1474
1.15024
1.15275
1.15493
1.15677
1.15829
1.15947
1.16032
1.16085
1.16106
1.16096
1.16055
1.15983
1.15882
1.15751
1.15501
1.153
1.15073
1.14949
1.14682
1.14235
1.14074
1.13737
1.13189
1.12996
1.12388
1.12176
1.11738
1.1105
1.10571
1.10079
1.09572
1.09053
1.08524
1.07985
1.07436
1.06879
1.06316
1.05748
1.05175
1.04599
1.04023
1.03446
1.02869
1.02295
1.01723
1.01156
1.00594
1.00039
0.994896
0.989479
0.984142
0.978889
0.973728
0.968658
0.963684
0.958809
0.954033
0.94936
0.944798
0.940342
0.936005
0.931778
0.927673
0.923706
0.919865
0.916164
0.912609
0.909206
0.9044
0.902878
0.899963
0.897224
0.894661
0.892273
0.890068
0.888054
0.886223
0.884579
0.882465
0.881855
0.880775
0.879505
0.879173
0.878452
0.878304
0.878132
0.878239
0.878521
0.878971
0.879593
0.880375
0.880829
0.882427
0.883686
0.885094
0.886646
0.88834
0.890171
0.892132
0.894222
0.896431
0.89875
0.901176
0.903706
0.906334
0.909054
0.911858
0.914742
0.919201
0.922253
0.925365
0.928528
0.93174
0.93499
0.936626
0.941586
0.944912
0.948254
0.951611
0.954941
0.958267
0.961571
0.964848
0.968094
0.971298
0.974457
0.977566
0.980618
0.983608
0.986538
0.989399
0.992188
0.994904
0.997543
1.00011
1.00259
1.005
1.00732
1.00957
1.01173
1.01381
1.01581
1.01773
1.01956
1.02218
1.02301
1.02461
1.02613
1.02826
1.02893
1.03021
1.03198
1.03254
1.03407
1.03499
1.03584
1.0366
1.03696
1.0376
1.03818
1.03867
1.03927
1.03957
1.0398
1.03989
1.04001
1.04005
1.03999
1.03986
1.03978
1.0394
1.03907
1.03868
1.03822
1.0377
1.03712
1.03649
1.0358
1.03506
1.03426
1.03342
1.03252
1.03159
1.03061
1.02958
1.02852
1.02742
1.02629
1.02512
1.02393
1.0227
1.02145
1.02017
1.01888
1.01756
1.01622
1.01419
1.0135
1.01213
1.01073
1.00863
1.00722
1.00652
1.0044
1.00297
1.00153
1.0001
0.998699
0.997295
0.995892
0.994488
0.993084
0.991703
0.99033
0.988956
0.987606
0.986263
0.984928
0.983616
0.982307
0.981026
0.979752
0.9785
0.9785
0.976048
0.974262
0.973103
0.971958
0.970837
0.969738
0.968666
0.967617
0.966595
0.965599
0.96463
0.963234
0.96278
0.961903
0.961056
0.960239
0.959076
0.95834
0.957989
0.957306
0.956348
0.955753
0.955193
0.955193
0.953953
0.953518
0.953125
0.95277
0.95245
0.952042
0.951813
0.951714
0.951542
0.951355
0.951309
0.951229
0.951221
0.951248
0.951313
0.951408
0.951538
0.951614
0.951897
0.952122
0.952377
0.952515
0.952976
0.95332
0.953686
0.954082
0.954506
0.954952
0.955418
0.955906
0.956421
0.956951
0.9575
0.958073
0.958652
0.959259
0.959869
0.960503
0.961143
0.961788
0.96246
0.963131
0.963802
0.964138
0.965538
0.965889
0.966591
0.967293
0.967995
0.969048
0.969398
0.970451
0.970802
0.971855
0.972206
0.972908
0.973595
0.974602
0.975273
0.975945
0.976589
0.97723
0.977871
0.978489
0.979099
0.97971
0.980289
0.980869
0.98143
0.981979
0.982517
0.983036
0.983547
0.984035
0.98452
0.984978
0.985432
0.985859
0.986282
0.986679
0.987072
0.987438
0.987801
0.988136
0.988464
0.98877
0.989067
0.989342
0.989605
0.989849
0.990082
0.990295
0.990498
0.990681
0.990856
0.991085
0.991158
0.99128
0.991402
0.991493
0.991585
0.991653
0.991714
0.99176
0.991806
0.991821
0.991821
0.991821
0.991791
0.991776
0.991722
0.991661
0.9916
0.991531
0.991486
0.991348
0.991253
0.991131
0.991009
0.990887
0.990753
0.990677
0.990448
0.990295
0.990139
0.989956
0.989773
0.98959
0.989407
0.989223
0.989017
0.988804
0.98859
0.988377
0.988163
0.987949
0.987736
0.987522
0.987309
0.987068
0.986824
0.98658
0.986336
0.986092
0.985847
0.985603
0.985359
0.985115
0.984871
0.984627
0.984383
0.984138
0.983894
0.98365
0.983406
0.983173
0.98296
0.982746
0.982533
0.982319
0.982105
0.981892
0.981678
0.981464
0.981251
0.980965
0.980873
0.98069
0.980507
0.980232
0.980049
0.979881
0.979729
0.979652
0.979424
0.979271
0.979118
0.978989
0.978867
0.978745
0.978683
0.9785
0.978439
0.978302
0.97821
0.978119
0.978027
0.977951
0.97789
0.977829
0.977768
0.977707
0.977661
0.977631
0.9776
0.97757
0.977539
0.977524
0.977524
0.977524
0.977524
0.977524
0.977543
0.977573
0.977604
0.977634
0.977665
0.977695
0.977749
0.97781
0.977871
0.977932
0.977993
0.978054
0.978119
0.97821
0.978302
0.978394
0.978485
0.978577
0.978668
0.97876
0.978851
0.979027
0.979149
0.97921
0.979332
0.979515
0.979637
0.979698
0.97982
0.979942
0.980125
0.980247
0.98037
0.980431
0.980614
0.980736
0.980869
0.980946
0.981174
0.981327
0.98148
0.981632
0.981785
0.981937
0.98209
0.982243
0.982395
0.982548
0.9827
0.982841
0.982964
0.983086
0.983208
0.98333
0.983452
0.983574
0.983696
0.983879
0.98394
0.984062
0.984184
0.984306
0.984428
0.98455
0.984673
0.984795
0.984978
0.9851
0.985149
0.985241
0.985332
0.98547
0.985561
0.985607
0.985699
0.985836
0.985928
0.985973
0.986065
0.986111
0.986294
0.986359
0.98642
0.986481
0.986542
0.986603
0.986664
0.986725
0.986786
0.986847
0.986908
0.986969
0.98703
0.987083
0.987114
0.987144
0.987175
0.987206
0.987236
0.987267
0.987297
0.987328
0.987358
0.987389
0.987419
0.98745
0.98748
0.987511
0.98753
0.98753
0.98753
0.98753
0.98753
0.98753
0.98753
0.98753
0.98753
0.98753
0.98753
0.98753
0.98753
0.98753
0.98753
0.98753
0.98753
0.98753
0.98753
0.98753
0.98753
0.98753
0.98753
0.98753
0.98753
0.98753
0.98753
0.987518
0.987503
0.987473
0.987442
0.987411
0.987366
0.987335
0.987305
0.987274
0.987244
0.987213
0.987183
0.987152
0.987122
0.987091
0.987061
0.98703
0.987
0.986969
0.986938
0.986908
0.986877
0.986847
0.986835
0.986835
0.986835
0.986835
0.986835
0.986835
0.986835
0.986835
0.986835
0.986835
0.986835
0.986835
0.986835
0.986835
0.986835
0.986835
0.986835
0.986835
0.986835
0.986835
0.986835
0.986835
0.986835
0.986835
0.986835
0.986835
0.986835
0.986835
0.986835
0.986835
0.986835
0.986835
0.986835
0.986835
0.986835
0.986835
0.986835
0.986835
0.986835
0.986862
0.986893
0.986923
0.986954
0.986984
0.987015
0.987045
0.987076
0.987106
0.987137
0.987167
0.987198
0.987228
0.987259
0.987289
0.98732
0.98735
0.987381
0.987411
0.987442
0.987473
0.987503
0.987534
0.987564
0.987595
0.987625
0.987656
0.987686
0.987717
0.987747
0.987793
0.987808
0.987854
0.987869
0.987915
0.98793
0.987961
0.987991
0.988022
0.988068
0.988083
0.988113
0.988159
0.988174
0.98822
0.988235
0.988281
0.988312
0.988327
0.988373
0.988403
0.988434
0.988464
0.98848
0.988525
0.988556
0.988586
0.988617
0.988647
0.988678
0.988708
0.988739
0.98877
0.9888
0.988831
0.988861
0.988876
0.988907
0.988953
0.988983
0.989014
0.989044
0.989075
0.989105
0.989136
0.989166
0.989212
0.989243
0.989273
0.989288
0.989334
0.989365
0.989395
0.989426
0.989456
0.989487
0.989517
0.989548
0.989578
0.989609
0.989639
0.98967
0.9897
0.989731
0.989761
0.989761
0.989822
0.989853
0.989883
0.989914
0.989944
0.989975
0.990005
0.990036
0.990067
0.990097
0.990143
0.990173
0.990189
0.990234
0.990265
0.990295
0.990326
0.990356
0.990387
0.990417
0.990448
0.990479
0.990509
0.99054
0.99057
0.990616
0.990646
