0
3.05177e-05
6.10353e-05
9.1553e-05
0.000122069
0.000152587
0.000236511
0.000495911
0.001091
0.00218201
0.0039444
0.00654984
0.0101433
0.0148506
0.0207787
0.0280113
0.0366135
0.0466156
0.0580406
0.0708771
0.0851135
0.100719
0.117645
0.135849
0.155277
0.175877
0.208824
0.220325
0.244049
0.268688
0.30722
0.333874
0.361214
0.375122
0.403385
0.446777
0.476276
0.506161
0.536369
0.566841
0.597534
0.62838
0.659325
0.6903
0.721268
0.752171
0.782951
0.81356
0.843941
0.874054
0.903847
0.933277
0.962299
0.990864
1.01894
1.0465
1.07349
1.09988
1.12565
1.15075
1.17516
1.19886
1.2218
1.24397
1.26534
1.2859
1.30561
1.33356
1.35109
1.36772
1.38343
1.39822
1.40526
1.42496
1.43689
1.44785
1.45786
1.46248
1.47489
1.48194
1.48801
1.49311
1.4953
1.50043
1.50266
1.50394
1.5043
1.50374
1.50312
1.49843
1.49479
1.49031
1.48501
1.4789
1.47203
1.4644
1.45605
1.44699
1.43727
1.4269
1.41591
1.40433
1.39219
1.37953
1.36637
1.35275
1.33868
1.3242
1.30934
1.29413
1.2786
1.27073
1.24669
1.23038
1.21386
1.19717
1.18034
1.1634
1.14637
1.12929
1.11217
1.09507
1.078
1.061
1.04409
1.0273
1.01066
0.994198
0.977943
0.961906
0.938351
0.930637
0.907944
0.893215
0.878834
0.871777
0.85117
0.837929
0.825104
0.812721
0.800789
0.789322
0.778336
0.773026
0.75787
0.748413
0.743881
0.731094
0.723244
0.715942
0.712498
0.702995
0.697357
0.69228
0.687759
0.683796
0.680389
0.677536
0.675232
0.673477
0.672268
0.671593
0.671452
0.671829
0.672722
0.674126
0.676018
0.678398
0.681255
0.684574
0.688343
0.692547
0.697178
0.702217
0.707645
0.713459
0.719631
0.729538
0.733006
0.74017
0.747635
0.755379
0.767487
0.771645
0.784439
0.793224
0.797684
0.811317
0.820595
0.829994
0.839504
0.849102
0.858768
0.868488
0.878246
0.888012
0.897778
0.907543
0.917274
0.926964
0.936596
0.946152
0.955624
0.964989
0.974236
0.983345
0.992306
1.0011
1.00972
1.01815
1.02639
1.03441
1.04222
1.0498
1.05717
1.0643
1.07118
1.07784
1.08423
1.09038
1.09627
1.10459
1.10722
1.11228
1.11704
1.12151
1.12764
1.12953
1.13308
1.13633
1.1406
1.14305
1.14519
1.14701
1.14853
1.14973
1.15062
1.15121
1.15149
1.15147
1.15116
1.15055
1.14967
1.14912
1.14706
1.14535
1.14338
1.14117
1.13871
1.13601
1.13308
1.12993
1.12657
1.123
1.11925
1.11531
1.1112
1.10693
1.10249
1.09792
1.0932
1.08837
1.08342
1.07837
1.07322
1.06535
1.06001
1.05732
1.05191
1.04646
1.03823
1.03273
1.02724
1.02177
1.01633
1.01092
1.00556
1.00026
0.995014
0.989845
0.984753
0.979736
0.974808
0.969967
0.965214
0.960556
0.955997
0.951534
0.94717
0.942909
0.938751
0.934708
0.930771
0.926956
0.923264
0.919697
0.916267
0.912979
0.90984
0.906853
0.904026
0.90136
0.898869
0.896545
0.894398
0.892426
0.890633
0.889019
0.887585
0.886333
0.885258
0.884365
0.883648
0.88311
0.882748
0.882526
0.882538
0.88269
0.883007
0.883484
0.884506
0.884926
0.88588
0.886986
0.888237
0.890381
0.891979
0.893703
0.894619
0.897541
0.899632
0.901836
0.904144
0.906555
0.909058
0.911648
0.914318
0.917068
0.919891
0.922783
0.925728
0.92873
0.931778
0.934868
0.937992
0.941143
0.944317
0.947491
0.950665
0.953838
0.957012
0.960159
0.963284
0.966377
0.969429
0.973919
0.975391
0.978298
0.981144
0.983929
0.987988
0.989307
0.991898
0.995647
0.998055
1.00039
1.00265
1.00483
1.00694
1.00896
1.01091
1.01279
1.01459
1.01631
1.01795
1.01952
1.02101
1.02242
1.02376
1.02502
1.02621
1.02732
1.02836
1.02932
1.03021
1.03103
1.03178
1.03245
1.03305
1.03358
1.03405
1.03444
1.03476
1.03502
1.03521
1.03537
1.03539
1.03535
1.03525
1.03508
1.03485
1.03456
1.03422
1.03382
1.03337
1.03286
1.0323
1.03168
1.03102
1.03031
1.02956
1.02876
1.02792
1.02705
1.02613
1.02518
1.02369
1.02265
1.02159
1.0205
1.01938
1.01824
1.01708
1.0159
1.0147
1.01348
1.01225
1.011
1.00975
1.00849
1.00721
1.00592
1.00528
1.00336
1.00144
1.00016
0.998234
0.996952
0.99567
0.994389
0.993107
0.991825
0.990559
0.989307
0.988056
0.986813
0.985592
0.984371
0.98317
0.981979
0.981384
0.979065
0.977936
0.977371
0.976265
0.974636
0.974102
0.97253
0.971512
0.970509
0.969532
0.969055
0.967651
0.967194
0.965866
0.965012
0.964188
0.96339
0.96262
0.961876
0.961163
0.960476
0.95982
0.959194
0.958603
0.958042
0.957512
0.957016
0.956551
0.95612
0.955719
0.955353
0.955021
0.954723
0.954456
0.954224
0.954025
0.953857
0.953724
0.953625
0.953556
0.953518
0.953514
0.953541
0.953598
0.953686
0.953804
0.953953
0.954128
0.954334
0.954567
0.954826
0.955109
0.955418
0.955753
0.956112
0.956493
0.957104
0.957531
0.95776
0.958458
0.958946
0.959454
0.959972
0.960506
0.961056
0.961609
0.962189
0.962769
0.963352
0.963963
0.964573
0.965183
0.965794
0.966404
0.967045
0.967686
0.968327
0.968967
0.969608
0.970249
0.97121
0.971531
0.972172
0.972786
0.973396
0.974007
0.974617
0.975227
0.97583
0.97641
0.97728
0.977859
0.978134
0.978683
0.979233
0.98003
0.980549
0.981064
0.981308
0.98204
0.98251
0.982967
0.983418
0.983845
0.984272
0.984673
0.985069
0.985447
0.985813
0.986168
0.986504
0.986832
0.987137
0.987438
0.987713
0.987988
0.988235
0.98848
0.988701
0.988914
0.989113
0.989296
0.989471
0.989624
0.989777
0.989902
0.990025
0.990131
0.990223
0.990314
0.990376
0.990437
0.990482
0.990528
0.990543
0.990551
0.990551
0.99054
0.990524
0.990494
0.990463
0.99041
0.990349
0.990257
0.99017
0.990078
0.989986
0.989891
0.989769
0.989647
0.989525
0.989403
0.989258
0.989105
0.988953
0.9888
0.988647
0.988571
0.988308
0.988125
0.987942
0.987759
0.987576
0.987392
0.987209
0.987026
0.986828
0.986614
0.986401
0.986187
0.985973
0.98576
0.985546
0.985332
0.985012
0.984798
0.984692
0.984478
0.984264
0.983944
0.98373
0.983517
0.98341
0.983089
0.982876
0.982689
0.982506
0.982323
0.98214
0.981956
0.981773
0.98159
0.981407
0.981224
0.981045
0.980892
0.98074
0.980587
0.980434
0.980282
0.980053
0.979977
0.979855
0.979733
0.97961
0.979488
0.979366
0.979244
0.979149
0.979057
0.978966
0.978874
0.978783
0.978695
0.978603
0.978573
0.978481
0.978451
0.97839
0.978329
0.978298
0.978283
0.978237
0.978207
0.978184
0.978184
0.978184
0.978184
0.978184
0.978184
0.978191
0.978222
0.978252
0.978283
0.978313
0.978344
0.978374
0.978424
0.978485
0.978546
0.978607
0.978668
0.978729
0.97879
0.978851
0.978939
0.979031
0.979122
0.979214
0.979305
0.979397
0.979488
0.97958
0.979671
0.979763
0.979858
0.979919
0.980103
0.980225
0.980347
0.980469
0.980591
0.980713
0.980896
0.981018
0.981079
0.981262
0.981384
0.981506
0.981628
0.98175
0.981873
0.981995
0.982117
0.982239
0.982361
0.982483
0.982605
0.982727
0.982849
0.982971
0.983093
0.983215
0.983337
0.983459
0.983582
0.983704
0.983826
0.983948
0.98407
0.984192
0.984314
0.984375
0.984558
0.984753
0.984844
0.984936
0.985027
0.985119
0.98521
0.985302
0.985394
0.985485
0.985577
0.985668
0.98576
0.985851
0.985943
0.986031
0.986092
0.986153
0.986183
0.986275
0.986336
0.986397
0.986458
0.986519
0.98658
0.986641
0.986702
0.986763
0.986824
0.986885
0.986923
0.986969
0.986984
0.987015
0.987045
0.987076
0.987122
0.987137
0.987167
0.987198
0.987228
0.987274
0.987289
0.98732
0.987366
0.987381
0.987408
0.987408
0.987408
0.987408
0.987408
0.987408
0.987408
0.987408
0.987408
0.987408
0.987408
0.987408
0.987408
0.987408
0.987408
0.987408
0.987408
0.987408
0.987408
0.987408
0.987408
0.987408
0.987408
0.987408
0.987408
0.987408
0.987408
0.987408
0.987408
0.987408
0.987408
0.987408
0.987408
0.987408
0.987408
0.987408
0.987408
0.987408
0.987408
0.987408
0.987408
0.987408
0.987408
0.987408
0.987408
0.987408
0.987408
0.987408
0.987408
0.987408
0.987408
0.987408
0.987408
0.987408
0.987408
0.987408
0.987408
0.987408
0.987408
0.987408
0.987408
0.987408
0.987408
0.987408
0.987408
0.987408
0.987408
0.987408
0.987408
0.987408
0.987408
0.987408
0.987408
0.987408
0.987408
0.987408
0.987408
0.987408
0.987408
0.987408
0.987408
0.987408
0.987408
0.987408
0.987408
0.987408
0.987408
0.987408
0.987408
0.987408
0.987408
0.987408
0.987408
0.987408
0.987408
0.987408
0.987408
0.987408
0.987408
0.987408
0.987408
0.987408
0.987408
0.987411
0.987442
0.987457
0.987503
0.987534
0.987564
0.987595
0.987625
0.987656
0.987686
0.987717
0.987747
0.987778
0.987808
0.987839
0.987869
0.9879
0.98793
0.987961
0.987991
0.988022
0.988052
0.988083
0.988113
0.988144
0.988174
0.988205
0.988235
0.988266
0.988297
0.988327
0.988373
0.988388
0.988419
0.988449
0.98848
0.988525
0.988541
0.988571
0.988617
0.988647
0.988678
0.988708
0.988739
0.98877
0.9888
0.988831
0.988861
0.988892
0.988922
0.988968
0.988983
0.989014
0.989044
0.989075
0.98912
0.989151
0.989166
0.989197
0.989227
0.989273
0.989288
0.989334
0.989365
0.989395
0.989426
0.989456
0.989487
0.989517
0.989548
0.989578
0.989609
0.989639
0.98967
0.9897
0.989731
0.989761
0.989792
0.989822
0.989853
0.989883
0.989914
0.989944
0.989975
0.990005
0.990036
0.990067
0.990097
0.990128
0.990158
0.990189
0.990219
0.990265
0.99028
0.990311
0.990341
0.990372
0.990417
0.990433
0.990463
0.990494
0.990524
0.990555
0.990601
0.990616
0.990662
0.990692
