0
3.05177e-05
6.10353e-05
9.1553e-05
0.000122071
0.000152588
0.000194549
0.000350952
0.00110245
0.00157547
0.00395584
0.00656128
0.0101509
0.0148544
0.0207825
0.0280151
0.0366173
0.0521469
0.0642776
0.0778198
0.0927429
0.109016
0.126595
0.145435
0.165466
0.186642
0.208893
0.23217
0.256397
0.281517
0.307472
0.33419
0.361629
0.389717
0.447624
0.477325
0.507446
0.53793
0.568726
0.599777
0.631023
0.662411
0.693886
0.72538
0.77256
0.788239
0.835052
0.866013
0.881401
0.927116
0.957161
0.986805
1.01601
1.04472
1.0729
1.1005
1.12749
1.15382
1.17947
1.21656
1.24033
1.2633
1.28544
1.30672
1.32712
1.34661
1.36518
1.38279
1.39942
1.41508
1.42974
1.44339
1.45602
1.46763
1.47821
1.48775
1.49628
1.50377
1.51024
1.5157
1.52015
1.52359
1.52607
1.52756
1.52808
1.52765
1.52628
1.52399
1.52079
1.51672
1.51177
1.50598
1.49936
1.48794
1.48375
1.47479
1.46511
1.45473
1.44367
1.43197
1.41328
1.40009
1.38636
1.37212
1.3574
1.33449
1.32665
1.31069
1.28611
1.27776
1.25233
1.23508
1.21764
1.20004
1.18232
1.1645
1.14663
1.12875
1.11086
1.09302
1.07524
1.05758
1.04003
1.02264
1.00542
0.988419
0.971649
0.955135
0.9389
0.92297
0.907356
0.892086
0.877178
0.86264
0.848495
0.834763
0.821453
0.808586
0.796173
0.784241
0.772797
0.761841
0.751385
0.736675
0.732037
0.723167
0.714844
0.707069
0.699856
0.690086
0.684284
0.679062
0.674408
0.672295
0.666813
0.663879
0.66151
0.659706
0.658051
0.657642
0.65778
0.658054
0.659672
0.661404
0.663643
0.666389
0.669624
0.673328
0.677498
0.682117
0.687168
0.692635
0.698505
0.704762
0.711384
0.718369
0.725693
0.733337
0.741283
0.749519
0.758018
0.771255
0.780361
0.789673
0.799179
0.808853
0.818684
0.828648
0.838726
0.848892
0.859135
0.874596
0.884941
0.895287
0.905628
0.915939
0.926208
0.936413
0.946541
0.95657
0.966488
0.97628
0.990685
1.00008
1.0093
1.01832
1.02714
1.03575
1.04412
1.05228
1.0602
1.06787
1.07888
1.08243
1.08931
1.09592
1.10225
1.11119
1.11677
1.11944
1.127
1.12935
1.13594
1.13992
1.14357
1.14688
1.14985
1.15249
1.1548
1.15676
1.1584
1.1597
1.16066
1.1613
1.16167
1.16151
1.16105
1.16028
1.15921
1.15786
1.15621
1.15323
1.1509
1.14832
1.1455
1.14243
1.13912
1.13559
1.13184
1.12788
1.12373
1.1194
1.11489
1.11021
1.10291
1.1004
1.09529
1.08739
1.0847
1.07925
1.07088
1.06521
1.06235
1.05368
1.04784
1.04197
1.03608
1.03019
1.0243
1.01842
1.01258
1.00677
1.00102
0.995331
0.989712
0.984173
0.978714
0.973343
0.968063
0.962883
0.957806
0.952831
0.947964
0.943207
0.938568
0.934044
0.929642
0.925369
0.919209
0.917225
0.911503
0.907883
0.904423
0.901138
0.898029
0.8951
0.892353
0.889797
0.887436
0.885269
0.883297
0.881527
0.879951
0.878578
0.877399
0.876419
0.875629
0.875038
0.874641
0.874432
0.874409
0.874569
0.874912
0.875755
0.876534
0.87748
0.87859
0.87986
0.881287
0.882866
0.885506
0.88744
0.889507
0.891705
0.894024
0.896458
0.899002
0.901649
0.904396
0.907234
0.91016
0.913162
0.916237
0.91938
0.922581
0.925835
0.929142
0.932487
0.935871
0.941002
0.942726
0.946175
0.951385
0.953121
0.95657
0.961723
0.963432
0.968494
0.971825
0.975105
0.978333
0.981503
0.984608
0.987652
0.99062
0.993515
0.996338
0.999081
1.00174
1.00432
1.00558
1.00923
1.01156
1.01381
1.01597
1.01804
1.02003
1.02194
1.02376
1.0255
1.02715
1.02872
1.0302
1.03227
1.03292
1.03416
1.03531
1.03637
1.03735
1.03867
1.03907
1.04015
1.04076
1.0413
1.04175
1.04212
1.04241
1.04262
1.04275
1.04281
1.04279
1.04269
1.04252
1.04228
1.04197
1.04159
1.04114
1.04062
1.04004
1.0394
1.0387
1.03794
1.03713
1.03626
1.03534
1.03438
1.03336
1.0323
1.0312
1.03005
1.02887
1.02766
1.02576
1.02447
1.02314
1.02179
1.02042
1.01902
1.0176
1.01545
1.01472
1.01326
1.01104
1.0103
1.0088
1.00656
1.00506
1.00357
1.00207
1.00058
0.999081
0.997585
0.995342
0.993874
0.993141
0.990944
0.989498
0.988064
0.986633
0.985229
0.983826
0.982452
0.981083
0.97974
0.978413
0.9771
0.975815
0.973919
0.973293
0.97147
0.970875
0.96912
0.968552
0.966881
0.966335
0.964748
0.963726
0.963223
0.961773
0.960846
0.959949
0.959087
0.95826
0.95747
0.956715
0.955997
0.955315
0.95467
0.954067
0.953499
0.952969
0.95248
0.95203
0.951618
0.951244
0.950916
0.950626
0.950371
0.950157
0.949986
0.949848
0.949749
0.949692
0.949673
0.949688
0.949741
0.949829
0.949955
0.950207
0.950417
0.950661
0.950939
0.951248
0.951588
0.952156
0.952156
0.953007
0.953007
0.95396
0.954479
0.955021
0.955582
0.956161
0.956764
0.957378
0.958019
0.958668
0.959675
0.960011
0.960709
0.961411
0.962112
0.962845
0.963943
0.964676
0.965408
0.965775
0.966915
0.967678
0.96806
0.969204
0.970345
0.971077
0.971809
0.972542
0.973274
0.974007
0.974724
0.975426
0.976128
0.976826
0.977497
0.978168
0.978828
0.97979
0.98011
0.980724
0.981335
0.981926
0.982506
0.98307
0.98362
0.984154
0.984673
0.985176
0.985664
0.986134
0.986813
0.98724
0.987656
0.988052
0.988251
0.9888
0.989147
0.989315
0.989792
0.990097
0.990234
0.990643
0.990887
0.991123
0.991337
0.991444
0.991722
0.99189
0.992119
0.99218
0.992302
0.992409
0.992546
0.992611
0.992641
0.99271
0.992741
0.992756
0.992756
0.992752
0.992722
0.992691
0.992641
0.99258
0.992519
0.992428
0.992336
0.992241
0.992119
0.991997
0.991875
0.991726
0.991497
0.991421
0.991169
0.990986
0.990803
0.99062
0.990421
0.990208
0.989994
0.98978
0.989567
0.989353
0.989113
0.988869
0.988625
0.98838
0.988136
0.987892
0.987648
0.987404
0.987038
0.986916
0.986671
0.986412
0.986137
0.985725
0.985588
0.985313
0.984901
0.984768
0.984402
0.98428
0.983913
0.983669
0.983425
0.983303
0.982937
0.982693
0.982449
0.982204
0.98196
0.981724
0.98151
0.981297
0.981083
0.980869
0.980656
0.980335
0.980152
0.980061
0.979877
0.979694
0.979511
0.979244
0.979092
0.978939
0.978786
0.978634
0.978485
0.978363
0.978241
0.978119
0.977997
0.977882
0.977791
0.977699
0.977608
0.977516
0.977444
0.977383
0.977322
0.97723
0.9772
0.977169
0.977139
0.977108
0.977062
0.977055
0.977055
0.977055
0.977055
0.977055
0.977077
0.977077
0.977123
0.977154
0.977184
0.977242
0.977303
0.977333
0.977394
0.977486
0.977547
0.977615
0.977661
0.977798
0.97789
0.977982
0.978073
0.978165
0.978256
0.978371
0.978493
0.978615
0.978737
0.978859
0.978981
0.979103
0.979225
0.979347
0.979469
0.979591
0.979713
0.979862
0.980015
0.980167
0.98032
0.980473
0.980625
0.980778
0.98093
0.981083
0.981236
0.981388
0.981541
0.981693
0.981846
0.982075
0.982227
0.982304
0.982456
0.982685
0.982838
0.98299
0.983143
0.983295
0.983448
0.983589
0.983711
0.983833
0.983955
0.984077
0.984138
0.984322
0.984444
0.984566
0.984688
0.98481
0.984993
0.985054
0.985176
0.985359
0.985409
0.985546
0.985592
0.985683
0.985821
0.985867
0.985958
0.98605
0.986187
0.986279
0.986324
0.986458
0.986519
0.98658
0.986641
0.986702
0.986763
0.986824
0.986885
0.986946
0.987007
0.987068
0.987129
0.987179
0.987209
0.98724
0.98727
0.987301
0.987331
0.987362
0.987392
0.987423
0.987453
0.987484
0.987514
0.987545
0.987576
0.987591
0.987591
0.987591
0.987591
0.987591
0.987591
0.987591
0.987591
0.987591
0.987591
0.987591
0.987591
0.987591
0.987591
0.987591
0.987591
0.987591
0.987591
0.987591
0.987591
0.987591
0.987591
0.987572
0.987541
0.987511
0.98748
0.98745
0.987419
0.987389
0.987358
0.987328
0.987282
0.987251
0.987236
0.98719
0.98716
0.987129
0.987099
0.987068
0.987038
0.987007
0.986977
0.986946
0.986916
0.986885
0.986855
0.986809
0.986794
0.986748
0.986717
0.986687
0.986656
0.986626
0.986618
0.986618
0.986618
0.986618
0.986618
0.986618
0.986618
0.986618
0.986618
0.986618
0.986618
0.986618
0.986618
0.986618
0.986618
0.986618
0.986618
0.986618
0.986618
0.986618
0.986618
0.986618
0.986618
0.986618
0.986618
0.986618
0.986618
0.986618
0.986618
0.986618
0.986618
0.986618
0.986633
0.986664
0.986694
0.986725
0.986755
0.986786
0.986816
0.986847
0.986877
0.986908
0.986938
0.986969
0.987
0.98703
0.987061
0.987091
0.987122
0.987152
0.987183
0.987213
0.987244
0.987274
0.987305
0.987335
0.987366
0.987411
0.987427
0.987473
0.987503
0.987534
0.987564
0.987579
0.987625
0.987656
0.987686
0.987717
0.987732
0.987778
0.987808
0.987839
0.987869
0.9879
0.98793
0.987961
0.987991
0.988022
0.988052
0.988083
0.988113
0.988144
0.988174
0.988205
0.988235
0.988266
0.988297
0.988327
0.988358
0.988388
0.988419
0.988464
0.98848
0.98851
0.988556
0.988571
0.988602
0.988632
0.988663
0.988693
0.988724
0.98877
0.988785
0.988815
0.988846
0.988876
0.988907
0.988937
0.988983
0.989014
0.989044
0.989075
0.989105
0.989136
0.989166
0.989197
0.989212
0.989258
0.989288
0.989319
0.989349
0.98938
0.98941
0.989441
0.989471
0.989502
0.989532
0.989563
0.989594
0.989624
0.989655
0.989685
0.989716
0.989746
0.989777
0.989807
0.989822
0.989868
0.989899
0.989929
0.98996
0.990005
0.990021
0.990051
0.990082
0.990112
0.990158
0.990173
0.990204
0.990234
0.99028
0.990311
0.990341
0.990356
0.990402
0.990402
0.990494
0.990524
0.990555
0.990585
0.990616
0.990646
0.990677
0.990707
0.990738
0.990768
0.990799
0.990829
0.990875
