0
3.05177e-05
7.62941e-05
0.000106812
0.000137329
0.000167847
0.000194549
0.000511169
0.00110245
0.00157547
0.00297928
0.00656128
0.0101547
0.0148621
0.0207901
0.0280228
0.0366249
0.046627
0.0580521
0.0708885
0.085125
0.100735
0.117664
0.135872
0.155304
0.175903
0.197605
0.220345
0.244061
0.268692
0.294174
0.320435
0.361172
0.389137
0.417671
0.446724
0.476223
0.506111
0.536327
0.566814
0.597504
0.628342
0.659267
0.690228
0.721165
0.752037
0.782795
0.813385
0.843765
0.873894
0.903728
0.933224
0.962341
0.991047
1.0193
1.04705
1.08766
1.10091
1.13973
1.15235
1.17708
1.20111
1.22441
1.24693
1.26867
1.28958
1.30964
1.32884
1.34715
1.36456
1.38105
1.39661
1.41122
1.43134
1.43756
1.45477
1.46502
1.47427
1.48254
1.48982
1.49611
1.50142
1.50575
1.50911
1.51149
1.5129
1.51336
1.51289
1.51149
1.50919
1.506
1.50194
1.49703
1.49129
1.48475
1.47743
1.46936
1.46056
1.45105
1.44087
1.43004
1.41264
1.40655
1.39395
1.38083
1.36719
1.3531
1.33857
1.32364
1.30833
1.29269
1.26867
1.26053
1.23575
1.22739
1.20205
1.18499
1.17642
1.15059
1.13332
1.11605
1.09881
1.08163
1.06453
1.04755
1.03072
1.01406
0.997608
0.981388
0.965416
0.949726
0.94199
0.919254
0.904507
0.897266
0.876091
0.86245
0.849209
0.836391
0.824013
0.812084
0.800617
0.789631
0.779133
0.769123
0.759617
0.750618
0.742138
0.73418
0.726749
0.719849
0.710506
0.704948
0.699928
0.695454
0.691517
0.688118
0.685261
0.682938
0.681152
0.679893
0.679165
0.678951
0.679256
0.680058
0.68137
0.68317
0.685429
0.68816
0.691345
0.694969
0.699024
0.703495
0.708366
0.713623
0.722202
0.728359
0.734848
0.741653
0.74876
0.756149
0.763794
0.771683
0.779812
0.788151
0.79668
0.805389
0.814247
0.82325
0.832371
0.841595
0.850906
0.864994
0.874447
0.883934
0.893425
0.902916
0.912407
0.92186
0.931267
0.940609
0.949871
0.959038
0.968086
0.977009
0.985786
0.994404
1.00285
1.01111
1.01918
1.02705
1.0347
1.04214
1.04936
1.05635
1.06311
1.06963
1.07593
1.08196
1.08775
1.09327
1.09853
1.10352
1.10822
1.11264
1.11677
1.12061
1.12414
1.12738
1.13031
1.13294
1.13527
1.13729
1.13901
1.14103
1.14155
1.14238
1.14307
1.14315
1.14298
1.14279
1.14219
1.14078
1.14018
1.13879
1.13714
1.13523
1.13195
1.13074
1.12815
1.12387
1.12233
1.11745
1.11572
1.11214
1.10644
1.10446
1.09829
1.09401
1.08958
1.08504
1.08039
1.07564
1.07079
1.06587
1.06088
1.05583
1.05074
1.04561
1.04046
1.0353
1.03014
1.025
1.01987
1.01479
1.00974
1.00473
0.999775
0.994877
0.990047
0.985283
0.980587
0.975971
0.971428
0.966969
0.962589
0.958302
0.954098
0.949986
0.945969
0.942043
0.938221
0.934502
0.930885
0.927387
0.924
0.920738
0.91761
0.914619
0.91177
0.909069
0.906517
0.904125
0.901897
0.899834
0.89793
0.896198
0.894634
0.893242
0.892017
0.890503
0.889706
0.889076
0.888618
0.888325
0.888191
0.888222
0.888416
0.888763
0.889267
0.889919
0.89072
0.891666
0.892754
0.893974
0.895332
0.896812
0.898415
0.900139
0.901985
0.903938
0.905994
0.908154
0.910404
0.912746
0.915173
0.917679
0.920254
0.922901
0.92561
0.928375
0.931194
0.934055
0.936958
0.939892
0.942852
0.945839
0.94883
0.95182
0.954811
0.95779
0.960751
0.963684
0.968021
0.969448
0.973663
0.976414
0.979115
0.980442
0.984341
0.986866
0.989323
0.991711
0.994034
0.996288
0.998474
1.00058
1.00262
1.00459
1.00649
1.00831
1.01006
1.01174
1.01334
1.01488
1.01634
1.01773
1.01905
1.0203
1.02148
1.02259
1.02364
1.02461
1.02552
1.02635
1.02712
1.02782
1.02846
1.02903
1.02954
1.02998
1.03035
1.03066
1.03091
1.0311
1.03122
1.03129
1.0313
1.03125
1.03114
1.03097
1.03075
1.03048
1.03015
1.02977
1.02911
1.02886
1.02834
1.02777
1.02683
1.02615
1.02468
1.02389
1.02306
1.02176
1.02131
1.02038
1.01943
1.01846
1.01694
1.01642
1.01537
1.01431
1.01267
1.01156
1.01099
1.00986
1.00814
1.00698
1.00582
1.00464
1.00345
1.00226
1.00107
1.00047
0.998093
0.996307
0.995712
0.993927
0.992737
0.991547
0.990372
0.989212
0.988052
0.986893
0.985752
0.984623
0.983494
0.982391
0.981293
0.980209
0.979141
0.978085
0.977047
0.976025
0.975018
0.974033
0.973061
0.972115
0.971188
0.970276
0.969391
0.968525
0.967678
0.966854
0.966061
0.96529
0.964542
0.963818
0.96312
0.962448
0.961807
0.961193
0.960606
0.960045
0.959255
0.959011
0.958538
0.958096
0.957485
0.957119
0.956783
0.956478
0.956341
0.955959
0.955853
0.955563
0.95541
0.955288
0.955196
0.955135
0.955105
0.955101
0.955128
0.955181
0.955265
0.955376
0.955513
0.955677
0.955864
0.956078
0.956322
0.956589
0.956875
0.95718
0.957516
0.95787
0.958435
0.958832
0.959255
0.959686
0.960144
0.960373
0.96085
0.961582
0.962097
0.962616
0.963135
0.963409
0.964233
0.964783
0.965336
0.965916
0.966496
0.967075
0.967655
0.968235
0.968815
0.969395
0.969975
0.970554
0.971134
0.971714
0.972294
0.972874
0.973164
0.97403
0.974579
0.975128
0.975677
0.976227
0.976768
0.977287
0.977806
0.978325
0.979073
0.979561
0.979805
0.980286
0.980743
0.981201
0.981865
0.982079
0.982506
0.982914
0.983311
0.984074
0.98444
0.984791
0.985126
0.985462
0.985767
0.986073
0.986359
0.986633
0.9869
0.987144
0.987389
0.987606
0.98782
0.988022
0.988205
0.988388
0.988541
0.988693
0.988831
0.988953
0.989075
0.98917
0.989262
0.989349
0.98941
0.989471
0.989525
0.989555
0.989586
0.989605
0.989605
0.989605
0.989601
0.989571
0.98954
0.98951
0.98946
0.989399
0.989338
0.989277
0.989189
0.989098
0.989006
0.988869
0.988808
0.988686
0.988564
0.98838
0.988258
0.988194
0.987965
0.987812
0.987659
0.987507
0.987354
0.987202
0.987049
0.986866
0.986683
0.9865
0.986317
0.986134
0.98595
0.985767
0.985584
0.985401
0.98531
0.985035
0.984852
0.984669
0.984486
0.984303
0.984119
0.983845
0.983753
0.98357
0.983387
0.983204
0.983021
0.982838
0.982655
0.982471
0.982204
0.982052
0.981976
0.981747
0.981594
0.981441
0.981289
0.981136
0.980984
0.980831
0.980709
0.980587
0.980465
0.980343
0.980221
0.980099
0.979977
0.979877
0.979786
0.979694
0.979603
0.979511
0.97942
0.979332
0.979271
0.97921
0.979149
0.979088
0.979027
0.978966
0.978928
0.978897
0.978867
0.978836
0.978806
0.97876
0.978756
0.978756
0.978756
0.978756
0.978756
0.978756
0.97876
0.97879
0.978821
0.978851
0.978867
0.978912
0.978943
0.978973
0.979023
0.979084
0.979145
0.979206
0.979267
0.979328
0.979389
0.97945
0.979511
0.979591
0.979683
0.979774
0.979866
0.979958
0.980049
0.980141
0.980232
0.980324
0.980415
0.980507
0.980598
0.98069
0.980782
0.980873
0.980995
0.981117
0.981239
0.981361
0.981483
0.981606
0.981789
0.98185
0.982033
0.982155
0.982277
0.982399
0.98246
0.982643
0.982765
0.982887
0.983009
0.983131
0.983253
0.983376
0.983498
0.98362
0.983742
0.983864
0.983978
0.98407
0.984161
0.984253
0.984344
0.984436
0.984528
0.984619
0.984711
0.984802
0.984894
0.984985
0.985077
0.985168
0.98526
0.985352
0.985443
0.985535
0.985626
0.985718
0.985783
0.985874
0.985905
0.985966
0.986027
0.986088
0.986179
0.98624
0.986301
0.986362
0.986423
0.986485
0.986546
0.986607
0.986668
0.986729
0.986748
0.986778
0.986824
0.986855
0.986885
0.986916
0.986946
0.986977
0.987007
0.987038
0.987068
0.987099
0.987129
0.98716
0.987206
0.987221
0.987251
0.987282
0.987312
0.987316
0.987316
0.987316
0.987316
0.987316
0.987316
0.987316
0.987316
0.987316
0.987316
0.987316
0.987316
0.987316
0.987316
0.987316
0.987316
0.987316
0.987316
0.987316
0.987316
0.987316
0.987316
0.987316
0.987316
0.987316
0.987316
0.987316
0.987316
0.987316
0.987316
0.987316
0.987316
0.987316
0.987316
0.987316
0.987316
0.987316
0.987316
0.987316
0.987316
0.987316
0.987316
0.987316
0.987316
0.987316
0.987316
0.987316
0.987316
0.987316
0.987316
0.987316
0.987316
0.987316
0.987316
0.987316
0.987316
0.987316
0.987316
0.987316
0.987316
0.987316
0.987316
0.987316
0.987316
0.987316
0.987316
0.987316
0.987316
0.987316
0.987316
0.987316
0.987316
0.987316
0.987316
0.987316
0.987316
0.987316
0.987316
0.987316
0.987316
0.987316
0.987316
0.987316
0.987316
0.987316
0.987316
0.987316
0.987316
0.987316
0.987316
0.987316
0.987316
0.987316
0.987331
0.987362
0.987392
0.987423
0.987453
0.987484
0.987514
0.987545
0.987591
0.987606
0.987652
0.987667
0.987698
0.987728
0.987774
0.987789
0.98782
0.987865
0.987865
0.987881
0.987972
0.988018
0.988033
0.988064
0.988094
0.988125
0.988171
0.988186
0.988216
0.988247
0.988277
0.988323
0.988338
0.988384
0.988415
0.98843
0.988476
0.988506
0.988522
0.988567
0.988598
0.988628
0.988659
0.988674
0.988705
0.98875
0.988781
0.988811
0.988842
0.988873
0.988903
0.988934
0.988964
0.988995
0.989025
0.989056
0.989086
0.989117
0.989147
0.989178
0.989208
0.989239
0.989269
0.9893
0.98933
0.989361
0.989391
0.989422
0.989452
0.989483
0.989513
0.989544
0.989574
0.989605
0.989635
0.989666
0.989697
0.989727
0.989758
0.989788
0.989819
0.989849
0.98988
0.98991
0.989941
0.989986
0.990002
0.990032
0.990063
0.990093
0.990139
0.990154
0.990185
0.990215
0.990261
0.990292
0.990322
0.990353
0.990383
0.990414
0.990444
0.990475
0.990505
0.990536
0.990566
0.990597
0.990627
0.990658
0.990688
0.990719
0.990749
0.99078
0.99078
0.99078
0.99078
