0
3.05177e-05
6.10353e-05
9.1553e-05
0.000122069
0.000164032
0.000324249
0.000766754
0.00167084
0.00322342
0.00561142
0.00898361
0.0134697
0.0191917
0.026226
0.0346413
0.0444717
0.0557327
0.0684204
0.0825195
0.0980034
0.114826
0.132931
0.162399
0.172806
0.194443
0.228855
0.240818
0.26543
0.303951
0.317188
0.357967
0.371891
0.400192
0.443665
0.458393
0.488171
0.533516
0.56411
0.59494
0.625942
0.641491
0.688255
0.703865
0.735046
0.781662
0.797127
0.843246
0.873688
0.903816
0.933609
0.96302
0.991982
1.02045
1.04844
1.06222
1.10268
1.12887
1.15438
1.17919
1.20327
1.22657
1.24908
1.27077
1.29162
1.3116
1.33068
1.34885
1.3661
1.3824
1.39772
1.41206
1.42543
1.43782
1.45457
1.46447
1.46905
1.48129
1.48486
1.49126
1.4967
1.5011
1.50452
1.50696
1.50846
1.50893
1.50862
1.50731
1.50365
1.50011
1.49571
1.49319
1.48442
1.47758
1.46999
1.46591
1.4526
1.44286
1.43246
1.42142
1.40979
1.39759
1.38486
1.3716
1.3579
1.34373
1.32915
1.3142
1.2989
1.28329
1.26739
1.25124
1.23487
1.21832
1.20161
1.18477
1.16783
1.15083
1.1338
1.11677
1.09974
1.08275
1.06583
1.04901
1.03232
1.01577
0.999397
0.983231
0.9673
0.951614
0.93618
0.921036
0.906204
0.891701
0.877525
0.863716
0.850288
0.830894
0.818489
0.806519
0.800705
0.789444
0.77861
0.76329
0.753738
0.749146
0.73616
0.728168
0.720711
0.713799
0.707436
0.701622
0.696362
0.691654
0.687504
0.683907
0.680862
0.678368
0.676418
0.675011
0.674141
0.673798
0.673977
0.674671
0.675861
0.67754
0.679707
0.682358
0.685467
0.689026
0.69302
0.697437
0.702263
0.707481
0.713081
0.719044
0.725353
0.731995
0.738953
0.746208
0.753746
0.761559
0.769615
0.782112
0.786385
0.795067
0.808418
0.81295
0.826729
0.831383
0.84549
0.854996
0.864563
0.874161
0.888626
0.89827
0.912666
0.917458
0.931717
0.941139
0.945816
0.959702
0.968811
0.977783
0.986603
0.995255
1.00372
1.012
1.02007
1.02793
1.03558
1.04299
1.05018
1.05714
1.06385
1.07032
1.07346
1.0825
1.0882
1.09362
1.09876
1.10363
1.1082
1.11248
1.11646
1.12015
1.12353
1.1266
1.12937
1.13184
1.13399
1.13583
1.13737
1.13862
1.13956
1.14021
1.14063
1.14056
1.1402
1.1402
1.13866
1.1375
1.13607
1.13439
1.13247
1.1303
1.12792
1.12531
1.12249
1.11946
1.11624
1.11282
1.10923
1.10545
1.10152
1.09744
1.09322
1.08887
1.08438
1.07979
1.07509
1.0703
1.06541
1.06046
1.05544
1.05037
1.04525
1.04012
1.03497
1.02721
1.02464
1.01952
1.01439
1.00932
1.00179
0.999306
0.994377
0.989517
0.984718
0.977661
0.975342
0.970779
0.964081
0.961891
0.95546
0.953354
0.947197
0.943207
0.939331
0.935555
0.931892
0.928345
0.928345
0.921631
0.918465
0.915443
0.912567
0.909851
0.90728
0.904869
0.902618
0.900536
0.898628
0.896889
0.895309
0.893913
0.892685
0.891624
0.890739
0.890015
0.889458
0.889061
0.888824
0.888771
0.888847
0.889099
0.889496
0.890045
0.890739
0.891586
0.892563
0.893677
0.894928
0.896301
0.897797
0.899414
0.902061
0.903
0.904953
0.907005
0.910271
0.9114
0.914925
0.916145
0.918633
0.921188
0.925156
0.927864
0.929237
0.933426
0.936279
0.939148
0.94207
0.945
0.947929
0.950859
0.953789
0.956718
0.959641
0.962509
0.96537
0.966774
0.970947
0.975014
0.976349
0.978973
0.982788
0.98526
0.986481
0.990013
0.992287
0.994499
0.996643
0.998703
1.00167
1.00262
1.00537
1.00626
1.00797
1.01039
1.01266
1.01338
1.01477
1.01609
1.01734
1.01852
1.01964
1.02117
1.02211
1.02298
1.02378
1.02452
1.02486
1.02579
1.02632
1.02679
1.0272
1.02754
1.02782
1.02805
1.02821
1.02831
1.02834
1.02832
1.02824
1.02811
1.02793
1.02769
1.02739
1.02705
1.02666
1.02622
1.02573
1.02519
1.02462
1.02401
1.02334
1.02264
1.02191
1.02113
1.02034
1.01949
1.01863
1.01772
1.0168
1.01584
1.01535
1.01283
1.0118
1.01074
1.00964
1.008
1.00745
1.00576
1.0046
1.00344
1.00228
1.00112
0.999962
0.998802
0.997643
0.996483
0.995323
0.994164
0.993004
0.991844
0.990105
0.988945
0.987785
0.986626
0.985466
0.984306
0.983154
0.982056
0.980957
0.979858
0.97821
0.97715
0.976112
0.975075
0.974037
0.973045
0.971581
0.970604
0.969681
0.968765
0.96785
0.966995
0.965714
0.964912
0.964119
0.963348
0.962616
0.961891
0.960884
0.960548
0.959625
0.95903
0.958481
0.957947
0.957458
0.956985
0.956558
0.956146
0.95578
0.955429
0.955124
0.954842
0.954597
0.954384
0.954201
0.954048
0.953926
0.953835
0.953773
0.953743
0.953743
0.953773
0.953835
0.953918
0.954041
0.95417
0.954353
0.954536
0.954765
0.955009
0.955269
0.955574
0.955879
0.956223
0.956589
0.956955
0.957359
0.957787
0.958427
0.958893
0.959137
0.959869
0.960358
0.960869
0.961418
0.961967
0.962517
0.963066
0.963615
0.964165
0.964737
0.965347
0.965958
0.966568
0.967178
0.967789
0.968399
0.969009
0.96962
0.97023
0.97084
0.971451
0.972061
0.972641
0.97319
0.97374
0.974289
0.975113
0.975388
0.976212
0.976761
0.977272
0.97776
0.978249
0.978737
0.979225
0.979713
0.980156
0.980583
0.98101
0.981224
0.981865
0.982246
0.982613
0.982979
0.983345
0.983711
0.984016
0.984322
0.984627
0.984932
0.985214
0.985458
0.985703
0.985947
0.986191
0.986389
0.986572
0.986755
0.986938
0.987122
0.987251
0.987373
0.987495
0.987617
0.98774
0.987808
0.987869
0.98793
0.987991
0.988052
0.988091
0.988091
0.988091
0.988091
0.988091
0.988091
0.988083
0.988022
0.987961
0.9879
0.987839
0.987778
0.987717
0.987656
0.987556
0.987373
0.987251
0.987129
0.987007
0.986885
0.986763
0.986641
0.986519
0.986397
0.986244
0.986061
0.985878
0.985695
0.985512
0.985329
0.985146
0.984962
0.984779
0.984596
0.984413
0.98423
0.984047
0.983864
0.983681
0.983498
0.983315
0.983131
0.982948
0.982765
0.982582
0.982399
0.982216
0.982033
0.98185
0.981667
0.981483
0.9813
0.981117
0.980934
0.980751
0.980568
0.980385
0.98011
0.980019
0.979836
0.979706
0.979523
0.979401
0.979279
0.979156
0.979034
0.978912
0.978851
0.978668
0.978546
0.978424
0.978302
0.97818
0.978073
0.978012
0.977951
0.97789
0.977829
0.977768
0.977707
0.977646
0.977585
0.977524
0.977463
0.977402
0.977341
0.977333
0.977333
0.977333
0.977333
0.977333
0.977333
0.977333
0.977333
0.977333
0.977333
0.977333
0.977333
0.977333
0.977386
0.977478
0.977539
0.9776
0.977661
0.977722
0.977783
0.977844
0.977905
0.977966
0.978027
0.978088
0.978149
0.97821
0.978271
0.978333
0.978394
0.978508
0.97863
0.978752
0.978874
0.978996
0.979118
0.97924
0.979362
0.979485
0.979607
0.979729
0.979851
0.979973
0.980095
0.980217
0.9804
0.980461
0.980583
0.980766
0.980827
0.98101
0.981133
0.981194
0.981377
0.981499
0.981621
0.981743
0.981865
0.981987
0.982109
0.982231
0.982353
0.982475
0.982597
0.982719
0.982841
0.982964
0.983086
0.983208
0.98333
0.983452
0.983574
0.983696
0.983818
0.98394
0.984062
0.984184
0.984245
0.984306
0.984367
0.984428
0.984489
0.98455
0.984612
0.984673
0.984734
0.984795
0.984856
0.984917
0.984978
0.985039
0.9851
0.985161
0.985222
0.985283
0.985344
0.985405
0.985466
0.985527
0.985588
0.985649
0.98571
0.985771
0.985832
0.985893
0.985954
0.986015
0.986076
0.986115
0.986115
0.986115
0.986115
0.986115
0.986115
0.986115
0.986115
0.986115
0.986115
0.986115
0.986115
0.986115
0.986115
0.986115
0.986115
0.986115
0.986115
0.986115
0.986115
0.986115
0.986115
0.986115
0.986115
0.986115
0.986115
0.986115
0.986115
0.986115
0.986115
0.986115
0.986115
0.986115
0.986115
0.986115
0.986115
0.986115
0.986115
0.986115
0.986115
0.986115
0.986115
0.986115
0.986115
0.986115
0.986115
0.986115
0.986115
0.986115
0.986115
0.986115
0.986115
0.986115
0.986115
0.986115
0.986115
0.986115
0.986115
0.986115
0.986115
0.986115
0.986115
0.986115
0.986115
0.986115
0.986115
0.986115
0.986115
0.986115
0.986115
0.986115
0.986115
0.986115
0.986115
0.986115
0.986115
0.986115
0.986115
0.986115
0.986115
0.986115
0.986115
0.986115
0.986115
0.986115
0.986115
0.986115
0.986115
0.986115
0.986115
0.986115
0.986115
0.986115
0.986115
0.986115
0.986115
0.986115
0.986115
0.986115
0.986115
0.986115
0.986115
0.986115
0.986115
0.986115
0.986115
0.986115
0.986115
0.986115
0.986115
0.986115
0.986115
0.986115
0.986115
0.986137
0.986198
0.986259
0.98632
0.986382
0.986443
0.986504
0.986565
0.986626
0.986687
0.986748
0.986809
0.98687
0.986931
0.986992
0.987053
0.987144
0.987175
0.987236
0.987267
0.98745
0.987511
0.987572
0.987633
0.987694
0.987755
0.987816
0.987877
0.987938
0.987999
0.98806
0.988121
0.988182
0.988243
0.988304
0.988365
0.988426
0.988487
0.988548
0.988609
0.98867
0.988731
0.988792
0.988853
0.988914
0.988976
0.989067
0.98909
0.98909
0.98909
0.98909
0.98909
0.98909
0.98909
0.98909
0.98909
0.98909
0.98909
0.98909
0.98909
0.98909
0.98909
0.98909
0.98909
0.98909
0.98909
0.98909
0.98909
0.98909
0.98909
0.98909
0.98909
0.98909
0.98909
0.98909
0.98909
0.98909
0.98909
0.98909
0.98909
0.98909
0.98909
0.98909
0.98909
0.98909
0.98909
0.98909
0.98909
0.98909
0.98909
0.98909
0.98909
0.98909
0.98909
0.98909
0.98909
0.98909
0.98909
0.98909
0.98909
0.98909
0.98909
0.98909
0.98909
0.98909
0.98909
0.98909
0.98909
0.98909
0.98909
0.98909
0.98909
0.98909
0.98909
0.98909
