0
0
0
0
0
4.57765e-05
7.62941e-05
0.00024414
0.000656128
0.0014801
0.00388336
0.00650787
0.0101166
0.0123291
0.0207672
0.0280151
0.0366211
0.0466309
0.0580673
0.0643082
0.0927887
0.10907
0.126656
0.145485
0.165512
0.186676
0.208923
0.232178
0.256386
0.281487
0.307411
0.334099
0.361481
0.389511
0.418121
0.462013
0.47686
0.506859
0.552498
0.567848
0.598717
0.629761
0.660919
0.692146
0.723381
0.770111
0.785637
0.831963
0.862572
0.892914
0.907967
0.952599
0.98185
1.01063
1.03892
1.06665
1.0938
1.12032
1.14619
1.17135
1.19579
1.21945
1.24232
1.26437
1.28557
1.31573
1.33471
1.34386
1.36145
1.37811
1.40128
1.4155
1.42224
1.435
1.44672
1.45746
1.47166
1.47987
1.4836
1.49031
1.49847
1.50269
1.50443
1.50717
1.50946
1.50983
1.50925
1.50774
1.50534
1.50206
1.50009
1.49292
1.49012
1.48051
1.47314
1.46502
1.45618
1.44665
1.43645
1.42562
1.41418
1.40215
1.38956
1.37646
1.36288
1.34882
1.33434
1.31947
1.30422
1.28864
1.27277
1.25662
1.24023
1.22363
1.20686
1.18993
1.17289
1.14717
1.13857
1.11275
1.10414
1.07838
1.06129
1.04431
1.03587
1.01077
0.99427
0.986107
0.961937
0.946167
0.938385
0.915504
0.90065
0.886139
0.871994
0.858238
0.844879
0.83194
0.81945
0.807396
0.79583
0.784752
0.774162
0.764061
0.754501
0.745453
0.736938
0.728973
0.72155
0.714676
0.708366
0.702614
0.697418
0.69278
0.688698
0.685173
0.682198
0.679779
0.67791
0.676109
0.675781
0.675507
0.675766
0.677094
0.67778
0.680573
0.683044
0.684464
0.687645
0.693245
0.697517
0.702209
0.707283
0.712746
0.718575
0.724762
0.731285
0.738121
0.745262
0.752686
0.760376
0.768311
0.776482
0.784866
0.793442
0.8022
0.811119
0.820175
0.829361
0.838661
0.848045
0.857498
0.86702
0.876587
0.886169
0.895752
0.905334
0.914917
0.924446
0.933937
0.943359
0.952705
0.961952
0.971085
0.980087
0.988945
0.997643
1.00617
1.01452
1.02267
1.03452
1.03836
1.04588
1.05318
1.06369
1.0704
1.07687
1.0831
1.08907
1.09478
1.10021
1.10537
1.11024
1.11483
1.11911
1.12309
1.12677
1.13013
1.13319
1.13593
1.13835
1.14046
1.14227
1.14376
1.14494
1.14582
1.14658
1.14668
1.14671
1.1461
1.14538
1.14438
1.1431
1.14158
1.13978
1.13773
1.13544
1.13293
1.1302
1.12724
1.12408
1.1207
1.11715
1.11341
1.10748
1.10542
1.10118
1.09456
1.08998
1.08765
1.08289
1.07555
1.07055
1.06546
1.0603
1.05508
1.04984
1.04453
1.03922
1.03391
1.03125
1.02328
1.01798
1.01273
1.00752
1.00236
0.997253
0.99221
0.987236
0.982338
0.977516
0.972778
0.968124
0.96357
0.959091
0.95472
0.950439
0.946259
0.942184
0.938217
0.934357
0.930611
0.926987
0.923492
0.920128
0.916901
0.913818
0.910889
0.908112
0.905495
0.903046
0.900764
0.898659
0.896721
0.894958
0.893379
0.891968
0.890739
0.889687
0.888802
0.8881
0.887352
0.887192
0.886963
0.887016
0.88723
0.887398
0.887856
0.888458
0.889648
0.890625
0.891167
0.892357
0.894394
0.89592
0.897568
0.898438
0.901215
0.903198
0.905296
0.907486
0.909775
0.912148
0.914612
0.917145
0.919754
0.922424
0.925156
0.927948
0.930786
0.933655
0.936584
0.939514
0.942505
0.945496
0.948486
0.951477
0.954468
0.957458
0.960396
0.963326
0.966217
0.969086
0.971893
0.974663
0.977386
0.980057
0.982666
0.985222
0.987717
0.990143
0.992508
0.994804
0.998123
0.999191
1.00128
1.0023
1.00713
1.00893
1.00981
1.01151
1.01392
1.01544
1.01688
1.01759
1.01956
1.0208
1.02196
1.02304
1.02406
1.025
1.02588
1.02669
1.02743
1.02809
1.02869
1.02923
1.02969
1.0301
1.03043
1.03071
1.03091
1.03114
1.03117
1.03114
1.03111
1.03089
1.03069
1.03056
1.03012
1.02975
1.02934
1.02887
1.02836
1.02781
1.0272
1.02655
1.02587
1.02514
1.02438
1.02358
1.02274
1.02189
1.02098
1.02007
1.0191
1.01813
1.01713
1.01609
1.01505
1.01398
1.01289
1.01179
1.01069
1.00955
1.00839
1.00723
1.00607
1.00491
1.00375
1.00259
1.00143
1.00021
0.998985
0.997765
0.996544
0.995323
0.994102
0.992355
0.991776
0.990616
0.989456
0.988297
0.986557
0.985977
0.984818
0.983116
0.982567
0.981468
0.97982
0.979271
0.977676
0.976639
0.975601
0.974579
0.973602
0.972626
0.971649
0.970734
0.969818
0.968918
0.968063
0.967209
0.966393
0.965599
0.964813
0.964081
0.963348
0.962669
0.961998
0.961372
0.960762
0.96019
0.959641
0.959122
0.958633
0.958176
0.957748
0.957352
0.956985
0.95665
0.956192
0.955948
0.955826
0.95562
0.955353
0.955231
0.95517
0.955055
0.955025
0.955002
0.955002
0.955063
0.955124
0.955238
0.95536
0.955521
0.955612
0.955902
0.956146
0.95639
0.95668
0.956985
0.957291
0.957657
0.958023
0.958389
0.958809
0.959236
0.959663
0.960106
0.960594
0.961082
0.961571
0.962059
0.962585
0.963135
0.963959
0.964233
0.964783
0.965332
0.965881
0.966431
0.967026
0.967636
0.968552
0.968857
0.969467
0.970383
0.970688
0.971603
0.972214
0.972824
0.973412
0.973686
0.97451
0.974785
0.975609
0.976158
0.976707
0.977257
0.977806
0.978325
0.978813
0.979301
0.97979
0.980278
0.980766
0.981224
0.981651
0.982079
0.982506
0.982933
0.983345
0.983711
0.984077
0.984444
0.98481
0.985153
0.985458
0.985764
0.986069
0.986374
0.986641
0.986885
0.987129
0.987373
0.987617
0.9879
0.988083
0.988266
0.988449
0.988602
0.988724
0.988846
0.988968
0.98909
0.989151
0.98925
0.989311
0.989372
0.989433
0.989494
0.989502
0.989502
0.989502
0.989502
0.989502
0.989502
0.989471
0.98941
0.989349
0.989288
0.989227
0.989166
0.989105
0.989044
0.98893
0.988808
0.988686
0.988564
0.988441
0.988319
0.988197
0.988075
0.987953
0.987831
0.987709
0.987526
0.987343
0.98716
0.986977
0.986794
0.98661
0.986427
0.986244
0.986061
0.985878
0.985695
0.98542
0.985329
0.985146
0.984962
0.984779
0.984505
0.984413
0.984138
0.983955
0.983772
0.983589
0.983406
0.983223
0.98304
0.982857
0.982582
0.982491
0.982216
0.982124
0.981941
0.981758
0.981483
0.9813
0.981209
0.981064
0.980942
0.98082
0.980637
0.980576
0.980392
0.98027
0.980148
0.980026
0.979904
0.979782
0.97966
0.979538
0.979416
0.97934
0.979279
0.979218
0.979156
0.979095
0.979034
0.978973
0.978912
0.978851
0.97879
0.978729
0.978668
0.97863
0.97863
0.97863
0.97863
0.97863
0.97863
0.97863
0.97863
0.97863
0.97863
0.97863
0.97863
0.97863
0.97863
0.978722
0.978752
0.978813
0.978905
0.978935
0.978996
0.979057
0.979149
0.979179
0.979271
0.979332
0.979362
0.979454
0.979515
0.979546
0.979607
0.979698
0.979759
0.979858
0.97998
0.980103
0.980225
0.980347
0.980469
0.980591
0.980713
0.980835
0.980957
0.981079
0.981201
0.981323
0.981445
0.981567
0.981689
0.981812
0.981934
0.982056
0.982178
0.9823
0.982422
0.982544
0.982666
0.982788
0.98291
0.983032
0.983154
0.983276
0.983398
0.983521
0.983643
0.983765
0.983887
0.984009
0.984131
0.984253
0.984436
0.984497
0.98468
0.984741
0.984863
0.984985
0.985092
0.985184
0.985214
0.985306
0.985336
0.985428
0.985489
0.985519
0.98558
0.985672
0.985703
0.985794
0.985855
0.985916
0.985977
0.986038
0.986099
0.98616
0.986221
0.986282
0.986343
0.986404
0.986465
0.986526
0.986588
0.986649
0.98671
0.986771
0.986832
0.986893
0.986954
0.987015
0.987038
0.987038
0.987038
0.987038
0.987038
0.987038
0.987038
0.987038
0.987038
0.987038
0.987038
0.987038
0.987038
0.987038
0.987038
0.987038
0.987038
0.987038
0.987038
0.987038
0.987038
0.987038
0.987038
0.987038
0.987038
0.987038
0.987038
0.987038
0.987038
0.987038
0.987038
0.987038
0.987038
0.987038
0.987038
0.987038
0.987038
0.987038
0.987038
0.987038
0.987038
0.987038
0.987038
0.987038
0.987038
0.987038
0.987038
0.987038
0.987038
0.987038
0.987038
0.987038
0.987038
0.987038
0.987038
0.987038
0.987038
0.987038
0.987038
0.987038
0.987038
0.987038
0.987038
0.987038
0.987038
0.987038
0.987038
0.987038
0.987038
0.987038
0.987038
0.987038
0.987038
0.987038
0.987038
0.987038
0.987038
0.987038
0.987038
0.987038
0.987038
0.987038
0.987038
0.987038
0.987038
0.987038
0.987038
0.987038
0.987038
0.987038
0.987038
0.987038
0.987038
0.987038
0.987038
0.987038
0.987038
0.987038
0.987038
0.987038
0.987038
0.987038
0.987038
0.987038
0.987038
0.987038
0.987038
0.987038
0.987038
0.987038
0.987038
0.987038
0.987038
0.987038
0.987038
0.987038
0.987038
0.987038
0.987045
0.987106
0.987167
0.987228
0.987289
0.98735
0.987411
0.987473
0.987534
0.987595
0.987656
0.987717
0.987778
0.987839
0.9879
0.987961
0.988022
0.988083
0.988144
0.988205
0.988266
0.988327
0.988388
0.988449
0.98851
0.988571
0.988632
0.988693
0.988754
0.988815
0.988876
0.988937
0.988998
0.989059
0.98912
0.989182
0.989243
0.989304
0.989395
0.989426
0.989517
0.989578
0.989639
0.9897
0.989761
0.989815
0.989815
0.989815
0.989815
0.989815
0.989815
0.989815
0.989815
0.989815
0.989815
0.989815
0.989815
0.989815
0.989815
0.989815
0.989815
0.989815
0.989815
0.989815
0.989815
0.989815
0.989815
0.989815
0.989815
0.989815
0.989815
0.989815
0.989815
0.989815
0.989815
0.989815
0.989815
0.989815
0.989815
0.989815
0.989815
0.989815
0.989815
0.989815
0.989815
0.989815
0.989815
0.989815
0.989815
0.989815
0.989815
0.989815
0.989815
0.989815
0.989815
0.989815
0.989815
0.989815
0.989815
0.989815
0.989815
0.989815
0.989815
0.989815
0.989815
0.989815
