0
0
0
0
0
4.57752e-05
7.62928e-05
0.000411987
0.000656127
0.0014801
0.00388336
0.00507355
0.0101166
0.0123291
0.0176392
0.0280151
0.0366211
0.0466385
0.058075
0.0709229
0.0851669
0.100792
0.117737
0.135956
0.155396
0.175995
0.197701
0.220444
0.244156
0.268768
0.294228
0.320465
0.347412
0.375015
0.403214
0.431931
0.461128
0.49073
0.520676
0.550919
0.581406
0.612068
0.64286
0.673721
0.704605
0.735443
0.76619
0.796799
0.827217
0.857391
0.887276
0.916832
0.946007
0.974754
1.00304
1.03082
1.07143
1.09775
1.12344
1.14845
1.17277
1.19635
1.21916
1.24117
1.26234
1.28267
1.30212
1.32066
1.33829
1.355
1.37074
1.38551
1.39931
1.41212
1.42397
1.43483
1.44472
1.45363
1.46156
1.46852
1.4745
1.47951
1.48356
1.48667
1.48885
1.4901
1.49043
1.48988
1.48844
1.48614
1.48298
1.479
1.47421
1.46864
1.46229
1.45518
1.44736
1.43885
1.42966
1.41467
1.40936
1.39832
1.3807
1.37455
1.35537
1.34201
1.33516
1.32117
1.29947
1.28458
1.26937
1.2539
1.23818
1.22225
1.20615
1.1899
1.17352
1.15707
1.14055
1.12401
1.10747
1.09097
1.07453
1.05819
1.04196
1.02588
1.00996
0.994247
0.978752
0.963501
0.948524
0.933823
0.919426
0.90535
0.891609
0.878227
0.865219
0.852592
0.834427
0.828583
0.817215
0.806313
0.795845
0.781059
0.771812
0.767372
0.758858
0.747078
0.739853
0.73317
0.727005
0.721359
0.716263
0.711693
0.707649
0.70414
0.701164
0.698708
0.696785
0.695358
0.694473
0.694077
0.694168
0.694748
0.695816
0.697365
0.699348
0.70179
0.704666
0.70797
0.711685
0.715797
0.720299
0.725166
0.730392
0.73597
0.741867
0.748085
0.754608
0.761406
0.768486
0.77581
0.783371
0.79512
0.799133
0.807304
0.815636
0.824127
0.837105
0.841492
0.850334
0.859268
0.87278
0.881851
0.890945
0.90004
0.904587
0.918228
0.927269
0.936264
0.94519
0.954018
0.962746
0.971352
0.979828
0.988159
0.99633
1.00432
1.01213
1.01974
1.02716
1.03437
1.04137
1.04815
1.05471
1.06105
1.06715
1.07303
1.07867
1.08407
1.0892
1.09408
1.09869
1.10303
1.10709
1.11088
1.11602
1.11759
1.12051
1.12315
1.1255
1.12756
1.1301
1.13081
1.132
1.1329
1.13353
1.13396
1.13396
1.13357
1.13298
1.13258
1.13103
1.12968
1.12892
1.12629
1.12424
1.12199
1.11952
1.11685
1.11398
1.11248
1.1077
1.1043
1.10075
1.09704
1.09319
1.0892
1.0851
1.08087
1.07655
1.07212
1.0676
1.06301
1.05835
1.05363
1.04887
1.04406
1.03924
1.03442
1.02959
1.02477
1.01995
1.01514
1.01038
1.00565
1.00095
0.996315
0.991737
0.987221
0.982773
0.978394
0.974083
0.969849
0.965691
0.961617
0.957619
0.95179
0.94989
0.946159
0.94252
0.938972
0.933853
0.932198
0.927399
0.925858
0.922867
0.918617
0.917267
0.914665
0.912216
0.908813
0.906738
0.905754
0.903053
0.901459
0.900024
0.89875
0.897644
0.896698
0.895912
0.895287
0.894806
0.894493
0.894341
0.894333
0.894485
0.894783
0.895226
0.895813
0.896538
0.8974
0.900772
0.902145
0.903633
0.905235
0.906944
0.908752
0.910667
0.912666
0.914764
0.916939
0.919189
0.921516
0.923912
0.926369
0.928886
0.93145
0.934074
0.936729
0.939415
0.942139
0.944885
0.949005
0.951752
0.953125
0.955872
0.959969
0.962654
0.965324
0.967949
0.970535
0.973083
0.975586
0.978027
0.980423
0.982765
0.985046
0.987267
0.989426
0.991524
0.993561
0.995537
0.997444
0.99929
1.00107
1.00278
1.00443
1.00601
1.00753
1.00969
1.01105
1.01234
1.01357
1.01474
1.01585
1.01688
1.01786
1.01878
1.01963
1.02042
1.02114
1.0218
1.02242
1.02296
1.02345
1.02388
1.02425
1.02456
1.02481
1.02501
1.02515
1.02525
1.02528
1.02528
1.02522
1.02509
1.02493
1.02471
1.02446
1.02415
1.0238
1.02341
1.02299
1.02251
1.022
1.02145
1.02055
1.01991
1.01958
1.01891
1.01817
1.01744
1.01665
1.01585
1.0146
1.01417
1.01331
1.01195
1.01149
1.01011
1.00962
1.00864
1.00718
1.0062
1.00571
1.00416
1.00312
1.00208
1.00105
1.00001
0.99897
0.997932
0.996895
0.995857
0.99482
0.993782
0.992744
0.991707
0.990669
0.989632
0.988594
0.987556
0.986519
0.985481
0.984444
0.983459
0.982483
0.981506
0.98053
0.979553
0.978584
0.977669
0.976753
0.97538
0.974922
0.97406
0.973206
0.971924
0.971115
0.970322
0.969528
0.968773
0.96804
0.967308
0.966621
0.966286
0.965614
0.964371
0.963768
0.963219
0.962669
0.962166
0.961678
0.961212
0.960785
0.960365
0.959999
0.959633
0.95932
0.959015
0.958755
0.958511
0.958298
0.958115
0.957947
0.957825
0.957703
0.957642
0.957581
0.957558
0.957558
0.957573
0.957634
0.957695
0.957802
0.957924
0.958054
0.958237
0.95842
0.958626
0.95887
0.959114
0.959534
0.959686
0.960144
0.960297
0.960846
0.961212
0.961395
0.961761
0.962189
0.962616
0.963257
0.96347
0.963898
0.964622
0.964867
0.965599
0.966087
0.966576
0.967064
0.967308
0.96804
0.968529
0.969017
0.969528
0.970078
0.970627
0.971176
0.971703
0.972191
0.972679
0.973167
0.973656
0.974144
0.974632
0.975121
0.975609
0.976097
0.976585
0.977074
0.977562
0.97802
0.978447
0.978874
0.979301
0.979729
0.980156
0.980583
0.98098
0.981346
0.981712
0.982262
0.982445
0.982811
0.983154
0.983459
0.983917
0.98407
0.984375
0.98481
0.984932
0.985298
0.98542
0.985664
0.986031
0.98613
0.986404
0.986588
0.986771
0.986954
0.987122
0.987244
0.987366
0.987488
0.98761
0.987732
0.987831
0.987892
0.987953
0.988014
0.988106
0.988167
0.988205
0.988205
0.988205
0.988205
0.988205
0.988205
0.988205
0.988205
0.988113
0.988083
0.988022
0.987961
0.9879
0.987808
0.987778
0.987686
0.987625
0.987511
0.987389
0.987267
0.987144
0.987022
0.9869
0.986778
0.986656
0.986534
0.986412
0.98629
0.986168
0.986046
0.985924
0.985802
0.98568
0.985558
0.985435
0.985313
0.985176
0.984993
0.98481
0.984627
0.984444
0.984261
0.984077
0.983894
0.983711
0.983528
0.983345
0.983162
0.983009
0.982826
0.982765
0.982643
0.98246
0.982338
0.982216
0.982094
0.981972
0.98185
0.981728
0.981606
0.981483
0.9813
0.981178
0.981056
0.980934
0.980812
0.98069
0.980568
0.980446
0.980331
0.98027
0.980209
0.980148
0.980087
0.980026
0.979965
0.979904
0.979843
0.979782
0.979721
0.97966
0.979599
0.979568
0.979477
0.979431
0.979431
0.979431
0.979431
0.979431
0.979431
0.979431
0.979431
0.979431
0.979431
0.979431
0.979431
0.979431
0.979431
0.979431
0.979431
0.979454
0.979515
0.979576
0.979637
0.979698
0.979759
0.97982
0.979881
0.979942
0.980003
0.980064
0.980125
0.980186
0.980247
0.980309
0.98037
0.980431
0.980492
0.980553
0.980644
0.980705
0.980766
0.980827
0.980858
0.980949
0.981064
0.981186
0.981308
0.98143
0.981552
0.981674
0.981796
0.981918
0.98204
0.982162
0.982285
0.982407
0.982529
0.982651
0.982773
0.982895
0.983017
0.9832
0.983261
0.983444
0.983505
0.983627
0.983749
0.983871
0.984055
0.984116
0.984238
0.98436
0.984482
0.984619
0.98468
0.984741
0.984772
0.984863
0.984924
0.984985
0.985046
0.985107
0.985168
0.985229
0.985291
0.985352
0.985413
0.985474
0.985535
0.985596
0.985657
0.985718
0.985779
0.98584
0.985901
0.985962
0.986023
0.986084
0.986145
0.986206
0.986267
0.986328
0.986389
0.98645
0.986511
0.986572
0.986633
0.986725
0.986755
0.986816
0.986908
0.986938
0.986984
0.986984
0.986984
0.986984
0.986984
0.986984
0.986984
0.986984
0.986984
0.986984
0.986984
0.986984
0.986984
0.986984
0.986984
0.986984
0.986984
0.986984
0.986984
0.986984
0.986984
0.986984
0.986984
0.986984
0.986984
0.986984
0.986984
0.986984
0.986984
0.986984
0.986984
0.986984
0.986984
0.986984
0.986984
0.986984
0.986984
0.986984
0.986984
0.986984
0.986984
0.986984
0.986984
0.986984
0.986984
0.986984
0.986984
0.986984
0.986984
0.986984
0.986984
0.986984
0.986984
0.986984
0.986984
0.986984
0.986984
0.986984
0.986984
0.986984
0.986984
0.986984
0.986984
0.986984
0.986984
0.986984
0.986984
0.986984
0.986984
0.986984
0.986984
0.986984
0.986984
0.986984
0.986984
0.986984
0.986984
0.986984
0.986984
0.986984
0.986984
0.986984
0.986984
0.986984
0.986984
0.986984
0.986984
0.986984
0.986984
0.986984
0.986984
0.986984
0.986984
0.986984
0.986984
0.986984
0.986984
0.986984
0.986984
0.986984
0.986984
0.986984
0.986984
0.986984
0.986984
0.986984
0.986984
0.986984
0.986984
0.987045
0.987106
0.987167
0.987228
0.987289
0.98735
0.987411
0.987473
0.987564
0.987595
0.987656
0.987747
0.987778
0.987869
0.9879
0.987961
0.988052
0.988113
0.988174
0.988235
0.988266
0.988358
0.988419
0.98848
0.988541
0.988602
0.988663
0.988724
0.988785
0.988846
0.988907
0.988968
0.989029
0.98909
0.989151
0.989212
0.989273
0.989334
0.989395
0.989456
0.989517
0.989578
0.989639
0.989662
0.989662
0.989662
0.989662
0.989662
0.989662
0.989662
0.989662
0.989662
0.989662
0.989662
0.989662
0.989662
0.989662
0.989662
0.989662
0.989662
0.989662
0.989662
0.989662
0.989662
0.989662
0.989662
0.989662
0.989662
0.989662
0.989662
0.989662
0.989662
0.989662
0.989662
0.989662
0.989662
0.989662
0.989662
0.989662
0.989662
0.989662
0.989662
0.989662
0.989662
0.989662
0.989662
0.989662
0.989662
0.989662
0.989662
0.989662
0.989662
0.989662
0.989662
0.989662
0.989662
0.989662
0.989662
0.989662
0.989662
0.989662
0.989662
0.989662
0.989662
0.989662
0.989662
0.989662
0.989662
0.989662
0.989662
0.989662
0.989662
0.989662
0.989662
