0
0
0
0
0
7.62941e-06
0.000129699
0.000404358
0.000999451
0.00209045
0.0038681
0.00649261
0.00817108
0.0148163
0.020752
0.0242081
0.032135
0.0466156
0.0580521
0.0709
0.0851364
0.100746
0.117691
0.135902
0.155342
0.175949
0.197655
0.220413
0.244141
0.268768
0.294235
0.32048
0.34745
0.375076
0.40329
0.432045
0.461258
0.490891
0.535988
0.55117
0.597031
0.612404
0.658684
0.689621
0.720528
0.751373
0.782089
0.81263
0.842941
0.872986
0.902695
0.93203
0.96093
0.989342
1.01727
1.04465
1.07145
1.09763
1.12315
1.148
1.17214
1.19555
1.21821
1.24007
1.26114
1.28136
1.30074
1.31927
1.33691
1.35365
1.36948
1.38439
1.39837
1.41142
1.42351
1.43466
1.44485
1.45407
1.46231
1.46964
1.47598
1.48135
1.48766
1.48927
1.49183
1.49345
1.49415
1.49351
1.49285
1.49088
1.48631
1.48221
1.47729
1.4716
1.46512
1.45789
1.44994
1.44128
1.43197
1.422
1.41141
1.40023
1.38849
1.37621
1.36343
1.35018
1.3295
1.3224
1.30794
1.29312
1.27798
1.25475
1.23896
1.23099
1.2149
1.19049
1.17406
1.15755
1.14101
1.12441
1.10785
1.09132
1.07486
1.0585
1.04227
1.02618
1.01029
0.994606
0.979164
0.963966
0.949051
0.934418
0.920097
0.906097
0.892433
0.879128
0.866188
0.853622
0.841469
0.829727
0.818405
0.80751
0.797066
0.787086
0.777596
0.768532
0.759956
0.7519
0.744362
0.737312
0.730759
0.721924
0.719231
0.714256
0.709785
0.704063
0.700912
0.698257
0.696136
0.695267
0.69339
0.692787
0.692696
0.693092
0.69397
0.695282
0.697083
0.699326
0.702019
0.705139
0.708679
0.712631
0.716972
0.721695
0.726784
0.732224
0.737999
0.744102
0.750504
0.757202
0.764168
0.7714
0.778877
0.786568
0.794464
0.802551
0.81501
0.819237
0.827797
0.836479
0.845261
0.858604
0.863091
0.872101
0.885666
0.89476
0.903854
0.912895
0.921928
0.930901
0.935356
0.948631
0.957359
0.965981
0.974464
0.982803
0.99099
0.998993
1.00682
1.01447
1.0219
1.02914
1.03618
1.04299
1.04959
1.05597
1.06213
1.06808
1.07378
1.07926
1.08451
1.08952
1.09427
1.09875
1.10298
1.10695
1.11064
1.11406
1.1172
1.12006
1.12381
1.12492
1.12692
1.12865
1.13009
1.13172
1.13246
1.13273
1.13312
1.13305
1.13271
1.13211
1.13126
1.13016
1.12881
1.12723
1.12542
1.12338
1.12113
1.11993
1.116
1.11315
1.11011
1.10688
1.10349
1.09995
1.09624
1.09238
1.0884
1.0843
1.08007
1.07574
1.0713
1.06679
1.06219
1.05752
1.0528
1.04803
1.04321
1.03839
1.03116
1.02875
1.02151
1.0167
1.01194
1.00721
1.00253
0.997894
0.991066
0.986588
0.982178
0.980003
0.9757
0.969391
0.965279
0.96125
0.957306
0.953445
0.949684
0.945999
0.942421
0.938934
0.937233
0.932289
0.929131
0.926094
0.92318
0.920387
0.919044
0.915215
0.912842
0.910614
0.908539
0.906616
0.904854
0.903244
0.901787
0.900497
0.899368
0.898399
0.897583
0.896919
0.896423
0.895966
0.895851
0.895851
0.896072
0.8964
0.896873
0.897484
0.897842
0.899109
0.900116
0.901245
0.901855
0.90387
0.905357
0.906952
0.908653
0.909538
0.912346
0.91433
0.916389
0.918541
0.920769
0.923065
0.925423
0.927841
0.930313
0.932838
0.935402
0.938019
0.940643
0.943314
0.945999
0.948685
0.95137
0.954056
0.956741
0.959366
0.96199
0.964584
0.967148
0.969666
0.97216
0.974602
0.976997
0.979347
0.981644
0.983894
0.986084
0.98822
0.990295
0.99231
0.994263
0.99707
0.997986
0.999756
1.00229
1.00311
1.00545
1.00694
1.00835
1.00971
1.01101
1.01224
1.0134
1.01451
1.01556
1.01654
1.01746
1.01832
1.01911
1.01984
1.02052
1.02114
1.0217
1.02219
1.02264
1.02302
1.02335
1.02362
1.02384
1.02401
1.02412
1.02419
1.02418
1.02415
1.02406
1.02383
1.02374
1.02338
1.02307
1.02291
1.02235
1.02214
1.02146
1.02122
1.0207
1.02015
1.01955
1.0186
1.01826
1.01759
1.01649
1.01575
1.01495
1.01456
1.01332
1.01247
1.01161
1.0107
1.00979
1.00887
1.00795
1.00697
1.006
1.00551
1.00404
1.00307
1.00208
1.00105
1.00001
0.99897
0.997932
0.996895
0.995857
0.99482
0.993782
0.992744
0.991707
0.990669
0.989632
0.988594
0.987556
0.986519
0.985535
0.984558
0.983582
0.982117
0.981628
0.980652
0.979218
0.97876
0.977844
0.976929
0.976013
0.974701
0.973846
0.973419
0.972153
0.971756
0.970963
0.969772
0.96904
0.968307
0.967575
0.966904
0.966232
0.965576
0.964966
0.964355
0.963791
0.963242
0.962708
0.962219
0.961731
0.961296
0.960869
0.960472
0.960106
0.959755
0.95945
0.959145
0.9589
0.958549
0.958458
0.958275
0.958122
0.958
0.957886
0.957825
0.957764
0.957748
0.957748
0.957802
0.957832
0.957893
0.958069
0.95813
0.958359
0.958542
0.958633
0.958961
0.959206
0.95945
0.959747
0.960052
0.960358
0.960686
0.961052
0.961418
0.961784
0.962158
0.962585
0.963013
0.96344
0.963867
0.964294
0.964752
0.96524
0.965729
0.966217
0.966705
0.967194
0.967682
0.96817
0.968658
0.969147
0.969635
0.970123
0.970612
0.9711
0.971588
0.972076
0.972565
0.973053
0.973541
0.97403
0.974518
0.975006
0.975494
0.975983
0.976471
0.977203
0.977448
0.977898
0.978325
0.978752
0.979179
0.97982
0.980034
0.980461
0.981056
0.981239
0.981789
0.982155
0.982521
0.982887
0.983215
0.983521
0.983826
0.984131
0.984436
0.984741
0.984993
0.985237
0.985481
0.985725
0.98597
0.986183
0.986366
0.986549
0.986732
0.986916
0.987099
0.987228
0.98735
0.987473
0.987595
0.987717
0.987839
0.9879
0.987961
0.988052
0.988083
0.988144
0.988205
0.988235
0.988235
0.988235
0.988235
0.988235
0.988235
0.988235
0.988197
0.988136
0.988075
0.988014
0.987953
0.987892
0.987831
0.98777
0.987709
0.98764
0.987579
0.987396
0.987274
0.987152
0.98703
0.986908
0.986786
0.986664
0.986542
0.98642
0.986298
0.986176
0.986053
0.985931
0.985809
0.985687
0.985565
0.985443
0.985321
0.985153
0.98497
0.984787
0.984604
0.984421
0.984238
0.984055
0.98378
0.983597
0.983505
0.983231
0.983139
0.982895
0.982773
0.982651
0.982529
0.982407
0.982285
0.982162
0.98204
0.981918
0.981796
0.981674
0.981552
0.981491
0.981369
0.981247
0.981064
0.980942
0.980881
0.980698
0.980637
0.980515
0.980331
0.980247
0.980186
0.980125
0.980064
0.980003
0.979942
0.979881
0.97982
0.979759
0.979698
0.979637
0.979576
0.979515
0.979454
0.979393
0.97937
0.97937
0.97937
0.97937
0.97937
0.97937
0.97937
0.97937
0.97937
0.97937
0.97937
0.97937
0.97937
0.97937
0.97937
0.97937
0.979431
0.979492
0.979584
0.979645
0.979706
0.979767
0.979828
0.979889
0.97995
0.980011
0.980072
0.980133
0.980194
0.980255
0.980316
0.980377
0.980438
0.980499
0.98056
0.980621
0.980682
0.980743
0.980804
0.980865
0.980988
0.98111
0.981232
0.981354
0.981476
0.981598
0.98172
0.981842
0.981964
0.982086
0.982208
0.982269
0.982513
0.982635
0.982697
0.98288
0.982941
0.983124
0.983246
0.983368
0.98349
0.983551
0.983734
0.983856
0.983978
0.9841
0.984222
0.984344
0.984467
0.984589
0.984711
0.984779
0.98484
0.984901
0.984962
0.985023
0.985085
0.985146
0.985207
0.985268
0.985329
0.98539
0.985451
0.985512
0.985573
0.985664
0.985695
0.985786
0.985847
0.985878
0.98597
0.986
0.986092
0.986153
0.986183
0.986244
0.986305
0.986397
0.986458
0.986519
0.98658
0.986641
0.986702
0.986763
0.986824
0.986885
0.986946
0.987007
0.987015
0.987015
0.987015
0.987015
0.987015
0.987015
0.987015
0.987015
0.987015
0.987015
0.987015
0.987015
0.987015
0.987015
0.987015
0.987015
0.987015
0.987015
0.987015
0.987015
0.987015
0.987015
0.987015
0.987015
0.987015
0.987015
0.987015
0.987015
0.987015
0.987015
0.987015
0.987015
0.987015
0.987015
0.987015
0.987015
0.987015
0.987015
0.987015
0.987015
0.987015
0.987015
0.987015
0.987015
0.987015
0.987015
0.987015
0.987015
0.987015
0.987015
0.987015
0.987015
0.987015
0.987015
0.987015
0.987015
0.987015
0.987015
0.987015
0.987015
0.987015
0.987015
0.987015
0.987015
0.987015
0.987015
0.987015
0.987015
0.987015
0.987015
0.987015
0.987015
0.987015
0.987015
0.987015
0.987015
0.987015
0.987015
0.987015
0.987015
0.987015
0.987015
0.987015
0.987015
0.987015
0.987015
0.987015
0.987015
0.987015
0.987015
0.987015
0.987015
0.987015
0.987015
0.987015
0.987015
0.987015
0.987015
0.987015
0.987015
0.987015
0.987015
0.987015
0.987015
0.987015
0.987015
0.987015
0.987015
0.987015
0.987015
0.987015
0.987015
0.987061
0.987122
0.987152
0.987213
0.987305
0.987335
0.987427
0.987488
0.987549
0.98761
0.98764
0.987732
0.987793
0.987915
0.987976
0.988037
0.988098
0.988129
0.988251
0.988312
0.988373
0.988434
0.988495
0.988556
0.988617
0.988678
0.988739
0.9888
0.988861
0.988922
0.988983
0.989044
0.989105
0.989166
0.989227
0.989288
0.989349
0.98941
0.989471
0.989532
0.989594
0.989655
0.989716
0.989731
0.989731
0.989731
0.989731
0.989731
0.989731
0.989731
0.989731
0.989731
0.989731
0.989731
0.989731
0.989731
0.989731
0.989731
0.989731
0.989731
0.989731
0.989731
0.989731
0.989731
0.989731
0.989731
0.989731
0.989731
0.989731
0.989731
0.989731
0.989731
0.989731
0.989731
0.989731
0.989731
0.989731
0.989731
0.989731
0.989731
0.989731
0.989731
0.989731
0.989731
0.989731
0.989731
0.989731
0.989731
0.989731
0.989731
0.989731
0.989731
0.989731
0.989731
0.989731
0.989731
0.989731
0.989731
0.989731
0.989731
0.989731
0.989731
0.989731
0.989731
0.989731
0.989731
0.989731
