0
0
0
0
7.62941e-06
6.86647e-05
0.000236512
0.000648499
0.00147247
0.00288391
0.00505829
0.00817108
0.0123138
0.0176239
0.0242157
0.0321426
0.0414581
0.0521774
0.0643234
0.0778809
0.0928268
0.109116
0.126709
0.145569
0.165627
0.186821
0.209084
0.232338
0.26902
0.281685
0.307625
0.347939
0.375664
0.403992
0.432861
0.462196
0.491966
0.522095
0.552513
0.583176
0.614006
0.644951
0.675957
0.706963
0.737923
0.768776
0.799477
0.829964
0.860199
0.890144
0.919739
0.948936
0.977715
1.006
1.03377
1.06098
1.08759
1.11357
1.13889
1.16351
1.1874
1.21053
1.23288
1.26488
1.27512
1.29498
1.31395
1.33203
1.35744
1.36543
1.38073
1.39507
1.40844
1.42666
1.43758
1.44753
1.4565
1.4645
1.47152
1.47756
1.48263
1.48672
1.48983
1.49198
1.4932
1.49349
1.49287
1.49135
1.48895
1.48569
1.4816
1.47668
1.47392
1.46449
1.45725
1.4493
1.44065
1.43134
1.42136
1.41077
1.3996
1.38787
1.37563
1.36288
1.34967
1.33601
1.32193
1.30748
1.29267
1.27754
1.26213
1.23853
1.23055
1.21445
1.19818
1.17353
1.14867
1.13202
1.11536
1.09871
1.08212
1.0656
1.04918
1.03291
1.01682
1.00092
0.98526
0.969849
0.954712
0.939873
0.925346
0.911148
0.897308
0.883827
0.870728
0.858032
0.845749
0.833893
0.822479
0.811523
0.795959
0.786163
0.776855
0.768036
0.759705
0.751923
0.744629
0.737831
0.731575
0.725822
0.723152
0.713753
0.711723
0.706451
0.704941
0.702347
0.699387
0.698669
0.697601
0.696915
0.69693
0.697708
0.698837
0.700401
0.702438
0.70491
0.707809
0.711121
0.714844
0.718956
0.723457
0.728317
0.733528
0.739075
0.744934
0.751106
0.757568
0.764305
0.771294
0.778526
0.785995
0.793671
0.801544
0.809601
0.817825
0.826195
0.834694
0.843307
0.852013
0.860809
0.869667
0.878578
0.887535
0.896507
0.905479
0.914452
0.92337
0.932259
0.941093
0.949852
0.96283
0.967102
0.975555
0.983879
0.996094
1.00403
1.01179
1.01936
1.02673
1.0339
1.04086
1.04761
1.05414
1.06044
1.06651
1.07234
1.07793
1.08327
1.08836
1.09319
1.09775
1.10204
1.10606
1.10979
1.11325
1.11642
1.1193
1.12189
1.1242
1.12622
1.12794
1.12939
1.13055
1.13143
1.13203
1.13242
1.13242
1.13221
1.1314
1.13055
1.12945
1.12811
1.12652
1.12471
1.12267
1.12042
1.11797
1.1153
1.11245
1.10783
1.1062
1.10106
1.09744
1.09367
1.08977
1.08573
1.08157
1.07731
1.07294
1.06847
1.06393
1.05931
1.05228
1.04752
1.04276
1.03793
1.03311
1.02829
1.02347
1.01869
1.01393
1.00922
1.00453
0.999901
0.995323
0.990807
0.986359
0.979805
0.975517
0.973412
0.967186
0.963135
0.959167
0.955284
0.951477
0.947777
0.944153
0.940636
0.935555
0.932304
0.929161
0.92614
0.923256
0.920494
0.91787
0.91539
0.913063
0.909851
0.908859
0.90699
0.905273
0.903
0.901688
0.900536
0.899536
0.898689
0.89801
0.897484
0.89711
0.896889
0.89682
0.896896
0.897125
0.897491
0.897995
0.898643
0.899422
0.90033
0.901367
0.902527
0.904488
0.905937
0.907494
0.909164
0.910927
0.912788
0.91375
0.916771
0.918884
0.921074
0.92334
0.925674
0.92807
0.930519
0.933022
0.935577
0.939484
0.940796
0.943459
0.946144
0.950172
0.952858
0.954201
0.958229
0.960907
0.963531
0.966156
0.967438
0.97126
0.973763
0.976204
0.978607
0.980957
0.983253
0.985497
0.987679
0.989799
0.991859
0.993858
0.995789
0.997658
0.999458
1.0012
1.00287
1.00448
1.00602
1.0075
1.00891
1.01026
1.01154
1.01215
1.01392
1.01501
1.01604
1.01701
1.01791
1.01876
1.01955
1.02027
1.02124
1.02181
1.02232
1.02278
1.02318
1.02352
1.02367
1.02404
1.02422
1.02434
1.02438
1.02442
1.02438
1.0243
1.02417
1.02399
1.02376
1.02348
1.02318
1.02281
1.02241
1.02197
1.02148
1.02097
1.02042
1.01982
1.01921
1.01854
1.01787
1.01714
1.0164
1.01562
1.01483
1.01402
1.01317
1.01231
1.01144
1.01052
1.00961
1.00869
1.00724
1.00626
1.00529
1.00431
1.00333
1.0023
1.00127
1.00023
0.999191
0.998154
0.997116
0.996078
0.995041
0.994003
0.992966
0.991928
0.990891
0.989853
0.988815
0.987778
0.98674
0.985725
0.984749
0.983284
0.982307
0.981331
0.980354
0.979408
0.978493
0.977577
0.976662
0.975754
0.974899
0.974045
0.97319
0.972359
0.971565
0.970375
0.969986
0.969254
0.968521
0.967796
0.966789
0.966118
0.965797
0.965187
0.964577
0.964005
0.963181
0.962669
0.962425
0.961937
0.961281
0.960854
0.96048
0.960114
0.959785
0.95948
0.959198
0.958954
0.95871
0.958527
0.958344
0.958145
0.958023
0.957962
0.957901
0.957878
0.957878
0.957893
0.957954
0.958015
0.958176
0.958298
0.95845
0.958633
0.958817
0.959045
0.95929
0.959534
0.959816
0.960121
0.960426
0.960922
0.961288
0.961472
0.962021
0.96241
0.962837
0.963264
0.963692
0.964119
0.964546
0.965012
0.9655
0.965988
0.966476
0.966965
0.967453
0.967941
0.968674
0.969162
0.969406
0.969894
0.970383
0.970871
0.971603
0.972092
0.97258
0.973068
0.973557
0.974045
0.974533
0.975021
0.97551
0.975998
0.976486
0.976974
0.977409
0.977837
0.978264
0.978691
0.979118
0.979546
0.979973
0.980385
0.980751
0.981117
0.981483
0.98185
0.982216
0.982582
0.982887
0.983192
0.983498
0.983803
0.984108
0.984406
0.98465
0.984894
0.985138
0.985504
0.985748
0.985748
0.986023
0.986298
0.986481
0.986664
0.986832
0.986954
0.987076
0.987198
0.98732
0.987442
0.987549
0.98761
0.987671
0.987732
0.987793
0.987854
0.987915
0.98793
0.98793
0.98793
0.98793
0.98793
0.98793
0.98793
0.98793
0.987869
0.987808
0.987747
0.987686
0.987625
0.987564
0.987503
0.987442
0.987381
0.98732
0.987198
0.987015
0.986954
0.986832
0.98671
0.986526
0.986404
0.986282
0.98616
0.986038
0.985916
0.985733
0.985611
0.985489
0.985367
0.985245
0.985123
0.985001
0.984879
0.984756
0.984573
0.984451
0.98439
0.984207
0.984085
0.983963
0.983841
0.983719
0.983597
0.983475
0.983353
0.983231
0.983109
0.982986
0.982864
0.982742
0.982559
0.982498
0.982315
0.982193
0.982071
0.981949
0.981827
0.981705
0.981583
0.981461
0.981339
0.981216
0.981094
0.980972
0.98085
0.980728
0.980644
0.980583
0.980522
0.980431
0.9804
0.980339
0.980278
0.980217
0.980156
0.980095
0.980034
0.979942
0.979881
0.97982
0.979759
0.979698
0.979698
0.979698
0.979698
0.979698
0.979698
0.979698
0.979698
0.979698
0.979698
0.979698
0.979698
0.979698
0.979698
0.979698
0.979698
0.979698
0.979752
0.979813
0.979874
0.979935
0.980026
0.980057
0.980148
0.980209
0.98027
0.980331
0.980392
0.980453
0.980515
0.980576
0.980637
0.980667
0.980759
0.98082
0.980881
0.980942
0.981003
0.981064
0.981125
0.981186
0.981247
0.981308
0.981369
0.98143
0.981544
0.981667
0.981789
0.981911
0.982033
0.982155
0.982277
0.98246
0.982582
0.982704
0.982826
0.982948
0.98307
0.983192
0.983315
0.983437
0.983559
0.983681
0.983803
0.983925
0.984108
0.98423
0.984352
0.984413
0.984505
0.984566
0.984627
0.984688
0.984749
0.98481
0.984871
0.984932
0.984993
0.985054
0.985115
0.985176
0.985237
0.985298
0.985359
0.98542
0.985481
0.985542
0.985603
0.985664
0.985725
0.985786
0.985847
0.985909
0.986
0.986031
0.986092
0.986183
0.986214
0.986305
0.986336
0.986397
0.986488
0.986549
0.98661
0.986671
0.986732
0.986794
0.986855
0.986916
0.986977
0.987038
0.987038
0.987038
0.987038
0.987038
0.987038
0.987038
0.987038
0.987038
0.987038
0.987038
0.987038
0.987038
0.987038
0.987038
0.987038
0.987038
0.987038
0.987038
0.987038
0.987038
0.987038
0.987038
0.987038
0.987038
0.987038
0.987038
0.987038
0.987038
0.987038
0.987038
0.987038
0.987038
0.987038
0.987038
0.987038
0.987038
0.987038
0.987038
0.987038
0.987038
0.987038
0.987038
0.987038
0.987038
0.987038
0.987038
0.987038
0.987038
0.987038
0.987038
0.987038
0.987038
0.987038
0.987038
0.987038
0.987038
0.987038
0.987038
0.987038
0.987038
0.987038
0.987038
0.987038
0.987038
0.987038
0.987038
0.987038
0.987038
0.987038
0.987038
0.987038
0.987038
0.987038
0.987038
0.987038
0.987038
0.987038
0.987038
0.987038
0.987038
0.987038
0.987038
0.987038
0.987038
0.987038
0.987038
0.987038
0.987038
0.987038
0.987038
0.987038
0.987038
0.987038
0.987038
0.987038
0.987038
0.987038
0.987038
0.987038
0.987038
0.987038
0.987038
0.987038
0.987038
0.987038
0.987061
0.987122
0.987183
0.987244
0.987305
0.987366
0.987427
0.987488
0.987549
0.98761
0.987671
0.987762
0.987793
0.987885
0.987915
0.988007
0.988068
0.988129
0.98819
0.988251
0.988312
0.988373
0.988434
0.988495
0.988556
0.988617
0.988678
0.988739
0.9888
0.988861
0.988922
0.988983
0.989044
0.989105
0.989166
0.989227
0.989319
0.989349
0.98941
0.989471
0.989532
0.989624
0.989655
0.989708
0.989708
0.989708
0.989708
0.989708
0.989708
0.989708
0.989708
0.989708
0.989708
0.989708
0.989708
0.989708
0.989708
0.989708
0.989708
0.989708
0.989708
0.989708
0.989708
0.989708
0.989708
0.989708
0.989708
0.989708
0.989708
0.989708
0.989708
0.989708
0.989708
0.989708
0.989708
0.989708
0.989708
0.989708
0.989708
0.989708
0.989708
0.989708
0.989708
0.989708
0.989708
0.989708
0.989708
0.989708
0.989708
0.989708
0.989708
0.989708
0.989708
0.989708
0.989708
0.989708
0.989708
0.989708
0.989708
0.989708
0.989708
0.989708
0.989708
0.989708
0.989708
0.989708
0.989708
0.989708
0.989708
0.989708
0.989708
0.989708
0.989708
0.989708
0.989708
0.989708
0.989708
0.989708
0.989708
