0
0
0
0
0
7.62941e-06
6.86634e-05
0.000404358
0.000999451
0.00209045
0.0038681
0.00649261
0.0101013
0.0148163
0.020752
0.0279999
0.0366058
0.0466156
0.0580521
0.0709
0.0851364
0.100746
0.117676
0.145447
0.165451
0.186584
0.197556
0.220261
0.243935
0.281105
0.306892
0.320061
0.346924
0.38839
0.41674
0.445572
0.460144
0.504433
0.534348
0.564514
0.594856
0.625343
0.655899
0.686478
0.717018
0.747467
0.777771
0.807884
0.837753
0.867332
0.896568
0.939697
0.967911
0.995651
1.02286
1.04952
1.07561
1.10108
1.1259
1.15005
1.17349
1.1962
1.21813
1.23928
1.25961
1.28854
1.29775
1.32407
1.3405
1.34837
1.36343
1.37756
1.39699
1.40877
1.41957
1.42461
1.43395
1.44238
1.45318
1.45918
1.46184
1.46836
1.47153
1.47379
1.47459
1.47559
1.47516
1.47386
1.47171
1.46872
1.46492
1.46032
1.45496
1.44884
1.44201
1.43446
1.42625
1.41737
1.40788
1.3978
1.38715
1.37595
1.36427
1.35209
1.33945
1.32638
1.31291
1.29907
1.28489
1.27039
1.25562
1.24058
1.22533
1.20988
1.19426
1.17058
1.15467
1.13869
1.1227
1.10671
1.09072
1.07478
1.05891
1.04316
1.02754
1.0121
0.996857
0.981827
0.967041
0.952515
0.938271
0.924324
0.91069
0.897385
0.88443
0.871841
0.859627
0.847801
0.836388
0.825401
0.81485
0.799881
0.795105
0.781509
0.777222
0.769012
0.757614
0.750626
0.744171
0.73822
0.732758
0.727844
0.723419
0.719521
0.719521
0.714622
0.710892
0.70903
0.707657
0.706772
0.706375
0.706467
0.707466
0.708031
0.710396
0.712517
0.715065
0.71801
0.721367
0.725113
0.729233
0.733719
0.738556
0.741096
0.749214
0.755005
0.761093
0.767448
0.774071
0.780937
0.788033
0.795334
0.802834
0.810516
0.818359
0.826355
0.834473
0.842712
0.855255
0.859467
0.872223
0.876495
0.885063
0.897972
0.906578
0.915146
0.923691
0.932175
0.94059
0.948929
0.957169
0.965286
0.973282
0.98114
0.988838
0.996376
1.00373
1.01091
1.0179
1.0247
1.0313
1.03769
1.04388
1.04988
1.05566
1.06394
1.0692
1.07423
1.07905
1.08363
1.09003
1.09205
1.09589
1.09949
1.10283
1.1059
1.10871
1.11124
1.1135
1.11639
1.11722
1.11868
1.11987
1.11987
1.11987
1.12195
1.12196
1.12172
1.12123
1.12051
1.11957
1.11839
1.11698
1.11536
1.11354
1.11151
1.10811
1.1056
1.10291
1.10005
1.09703
1.09385
1.09052
1.08706
1.08346
1.07784
1.07395
1.07197
1.06589
1.06172
1.05749
1.0532
1.04887
1.04448
1.04008
1.03347
1.02901
1.02462
1.02023
1.01583
1.01147
1.00714
1.00287
1.00074
0.994446
0.990311
0.986237
0.982224
0.978279
0.972488
0.968719
0.965019
0.961395
0.95784
0.954376
0.950989
0.947685
0.944481
0.94136
0.938339
0.935417
0.932602
0.929886
0.927292
0.923607
0.921303
0.919128
0.917091
0.915184
0.913414
0.911781
0.909615
0.908958
0.907219
0.90625
0.905815
0.904747
0.904213
0.903824
0.90358
0.903473
0.903511
0.903679
0.903984
0.904419
0.904984
0.90567
0.906479
0.90741
0.908455
0.909607
0.910866
0.912231
0.913689
0.915245
0.916893
0.918633
0.920448
0.922356
0.924332
0.926376
0.928482
0.930649
0.932877
0.93631
0.937469
0.939842
0.942223
0.944664
0.947105
0.949547
0.953209
0.95443
0.958092
0.960533
0.961739
0.964119
0.966499
0.968819
0.972252
0.973381
0.975594
0.978836
0.979897
0.982986
0.984985
0.986931
0.988823
0.990654
0.992432
0.994156
0.995819
0.998207
0.999725
1.00118
1.00258
1.00391
1.0052
1.00642
1.00758
1.00867
1.00971
1.0107
1.01162
1.01249
1.0133
1.01405
1.01509
1.01571
1.01627
1.01678
1.01724
1.01765
1.01801
1.01845
1.01857
1.01887
1.019
1.01908
1.01913
1.01913
1.01907
1.01898
1.01885
1.01867
1.01833
1.0182
1.01775
1.01739
1.01701
1.01658
1.01637
1.01564
1.01512
1.01457
1.014
1.01339
1.01277
1.0121
1.01143
1.01073
1.00999
1.0089
1.0081
1.00731
1.00652
1.00528
1.00485
1.00357
1.00272
1.00186
1.00098
1.00006
0.999146
0.99823
0.997314
0.996399
0.995483
0.99411
0.993652
0.992737
0.991364
0.990448
0.989532
0.988617
0.987701
0.986786
0.98587
0.984955
0.984039
0.983131
0.982277
0.981422
0.980568
0.979713
0.978859
0.97802
0.977226
0.976433
0.975639
0.974846
0.974098
0.973366
0.972633
0.971901
0.97123
0.970558
0.969887
0.969254
0.968643
0.967728
0.967445
0.966621
0.966347
0.96582
0.965332
0.964844
0.96418
0.963753
0.963539
0.962982
0.962616
0.962288
0.961983
0.961678
0.961433
0.961189
0.960968
0.960785
0.960602
0.960472
0.960289
0.960213
0.960152
0.960091
0.960091
0.960091
0.960106
0.960167
0.960228
0.960312
0.960495
0.960617
0.960693
0.960968
0.961151
0.961357
0.961601
0.961845
0.96209
0.962364
0.962669
0.962975
0.96328
0.963768
0.964134
0.9645
0.964867
0.965233
0.965599
0.965981
0.966408
0.966835
0.967262
0.96769
0.968117
0.968758
0.968971
0.969398
0.969826
0.970253
0.970894
0.971107
0.971748
0.971962
0.972389
0.97303
0.973457
0.973671
0.974098
0.974739
0.975166
0.97538
0.975807
0.976448
0.976875
0.977303
0.977692
0.978058
0.978424
0.97879
0.979156
0.979523
0.979889
0.980438
0.980614
0.980919
0.981224
0.981529
0.981834
0.98214
0.982445
0.982742
0.982986
0.983353
0.983597
0.983841
0.984085
0.984322
0.984505
0.984688
0.984871
0.985054
0.985237
0.98542
0.985634
0.985695
0.985817
0.985939
0.986122
0.986244
0.986359
0.98642
0.986481
0.986542
0.986603
0.986664
0.986755
0.986816
0.986816
0.986816
0.986816
0.986816
0.986816
0.986816
0.986816
0.986816
0.986816
0.986755
0.986694
0.986633
0.986572
0.986511
0.98645
0.986389
0.986328
0.986267
0.986206
0.986145
0.986084
0.986015
0.985954
0.985771
0.985649
0.985527
0.985405
0.985283
0.985161
0.985039
0.984856
0.984734
0.984612
0.984489
0.984367
0.984245
0.984123
0.984001
0.983879
0.983757
0.983635
0.983452
0.98333
0.983208
0.983086
0.982964
0.982841
0.982719
0.982597
0.982475
0.982353
0.982231
0.982109
0.981987
0.981865
0.981743
0.981621
0.981499
0.981377
0.981194
0.981079
0.981018
0.980957
0.980896
0.980835
0.980774
0.980713
0.980652
0.980591
0.98053
0.980438
0.980377
0.980316
0.980255
0.980194
0.980133
0.980072
0.980011
0.97995
0.979942
0.979942
0.979942
0.979942
0.979942
0.979942
0.979942
0.979942
0.979942
0.979942
0.979942
0.979942
0.979942
0.979942
0.979942
0.979942
0.979942
0.979942
0.979988
0.980049
0.98011
0.980171
0.980232
0.980293
0.980354
0.980415
0.980476
0.980537
0.980598
0.980659
0.980721
0.980782
0.980873
0.980934
0.980995
0.981056
0.981117
0.981148
0.981239
0.98127
0.981361
0.981422
0.981483
0.981544
0.981606
0.981667
0.981728
0.981789
0.98185
0.981911
0.981972
0.982033
0.982094
0.982155
0.982216
0.982277
0.982338
0.982399
0.982491
0.982552
0.982613
0.982674
0.982735
0.982796
0.982857
0.982918
0.982979
0.98304
0.983101
0.983162
0.983223
0.983284
0.983376
0.983437
0.983498
0.983559
0.98362
0.983681
0.983742
0.983803
0.983864
0.983925
0.983986
0.984047
0.984077
0.98423
0.984291
0.984352
0.984413
0.984474
0.984535
0.984596
0.984657
0.984718
0.984779
0.98484
0.984901
0.984962
0.985023
0.985085
0.985146
0.985207
0.985268
0.985359
0.98542
0.985481
0.985542
0.985603
0.985664
0.985725
0.985786
0.985847
0.985909
0.98597
0.986031
0.986092
0.986153
0.986183
0.986275
0.986336
0.986397
0.986458
0.986519
0.98658
0.986641
0.986702
0.986763
0.986824
0.986885
0.986946
0.987007
0.987068
0.987129
0.98719
0.987251
0.987312
0.987312
0.987312
0.987312
0.987312
0.987312
0.987312
0.987312
0.987312
0.987312
0.987312
0.987312
0.987312
0.987312
0.987312
0.987312
0.987312
0.987312
0.987312
0.987312
0.987312
0.987312
0.987312
0.987312
0.987312
0.987312
0.987312
0.987312
0.987312
0.987312
0.987312
0.987312
0.987312
0.987312
0.987312
0.987312
0.987312
0.987312
0.987312
0.987312
0.987312
0.987312
0.987312
0.987312
0.987312
0.987312
0.987312
0.987312
0.987312
0.987312
0.987312
0.987312
0.987312
0.987312
0.987312
0.987312
0.987312
0.987312
0.987312
0.987312
0.987312
0.987312
0.987312
0.987312
0.987312
0.987312
0.987312
0.987312
0.987312
0.987312
0.987312
0.987312
0.987312
0.987312
0.987312
0.987312
0.987312
0.987312
0.987312
0.987312
0.987312
0.987312
0.987312
0.987312
0.987312
0.987312
0.987312
0.987312
0.987312
0.987312
0.987312
0.987312
0.987312
0.987312
0.987312
0.987312
0.987312
0.987312
0.987312
0.98735
0.987411
0.987473
0.987534
0.987595
0.987656
0.987747
0.987808
0.987869
0.98793
0.987991
0.988052
0.988144
0.988174
0.988266
0.988327
0.988388
0.988449
0.98851
0.988571
0.988632
0.988693
0.988754
0.988815
0.988876
0.988937
0.988998
0.989059
0.98912
0.989182
0.989243
0.989304
0.989395
0.989426
0.989517
0.989578
0.989639
0.9897
0.989761
0.989822
0.989868
0.989868
0.989868
0.989868
0.989868
0.989868
0.989868
0.989868
0.989868
0.989868
0.989868
0.989868
0.989868
0.989868
0.989868
0.989868
0.989868
0.989868
0.989868
0.989868
0.989868
0.989868
0.989868
0.989868
0.989868
0.989868
0.989868
0.989868
0.989868
0.989868
0.989868
0.989868
0.989868
0.989868
0.989868
0.989868
0.989868
0.989868
0.989868
0.989868
0.989868
0.989868
0.989868
0.989868
0.989868
0.989868
0.989868
0.989868
0.989868
0.989868
0.989868
0.989868
0.989868
0.989868
0.989868
0.989868
0.989868
0.989868
0.989868
0.989868
0.989868
0.989868
0.989868
0.989868
0.989868
0.989868
0.989868
0.989868
