0
0
0
0
1.52588e-05
7.62941e-05
0.000251771
0.000701905
0.0016098
0.00318146
0.00557709
0.011055
0.0134506
0.0191803
0.0262299
0.0393982
0.0445023
0.0557632
0.0684662
0.0825729
0.106308
0.114883
0.132996
0.152336
0.183525
0.205673
0.228859
0.252968
0.277969
0.303795
0.330376
0.357635
0.385529
0.413986
0.442947
0.472336
0.502098
0.532181
0.562515
0.593063
0.63913
0.669937
0.70076
0.731529
0.762199
0.792725
0.823051
0.853134
0.882919
0.926949
0.941429
0.984222
1.01215
1.03955
1.0664
1.09264
1.11826
1.14321
1.16747
1.19099
1.21374
1.2357
1.25684
1.27714
1.29658
1.31513
1.33279
1.34952
1.36533
1.38726
1.3941
1.40704
1.419
1.43511
1.44463
1.45318
1.46075
1.46734
1.47295
1.4776
1.48132
1.48407
1.48589
1.48676
1.48672
1.48579
1.48396
1.48128
1.47775
1.47338
1.46822
1.46228
1.45559
1.44816
1.44003
1.43121
1.42175
1.41164
1.40096
1.38969
1.37788
1.36558
1.35279
1.33274
1.32585
1.31178
1.29733
1.27505
1.25984
1.24437
1.22867
1.21277
1.19671
1.1805
1.1642
1.14783
1.13141
1.11499
1.09858
1.08223
1.06596
1.05785
1.02578
1.02578
0.9944
0.979027
0.963898
0.949043
0.934471
0.920212
0.906273
0.892677
0.879456
0.866631
0.854202
0.842194
0.830627
0.819496
0.808846
0.79863
0.788895
0.779648
0.770889
0.762619
0.754837
0.747543
0.740784
0.734528
0.72876
0.723534
0.718803
0.714577
0.710884
0.70768
0.704979
0.702812
0.701134
0.699944
0.699242
0.699028
0.699303
0.700577
0.701233
0.702881
0.704979
0.707504
0.712082
0.713806
0.719589
0.723923
0.726227
0.733665
0.739059
0.744774
0.750793
0.757103
0.763695
0.770546
0.777649
0.784973
0.792511
0.804169
0.812157
0.820297
0.828583
0.836983
0.84549
0.85408
0.86274
0.871468
0.880234
0.889023
0.897812
0.906601
0.91539
0.924118
0.932808
0.941437
0.954224
0.958435
0.966782
0.975006
0.983093
0.991035
0.998817
1.01016
1.01385
1.02109
1.02813
1.03497
1.04483
1.05115
1.05724
1.06312
1.06876
1.07418
1.07937
1.08431
1.089
1.09343
1.0976
1.10149
1.10512
1.10847
1.11153
1.11433
1.11683
1.11905
1.12186
1.12337
1.12461
1.12558
1.12627
1.1267
1.12685
1.12675
1.12638
1.12577
1.12492
1.12382
1.12247
1.1209
1.1191
1.11709
1.11486
1.11243
1.10981
1.10699
1.104
1.0992
1.09751
1.09402
1.0904
1.08663
1.08074
1.07667
1.07249
1.06821
1.06384
1.05939
1.05487
1.05029
1.04566
1.04102
1.03632
1.03397
1.02457
1.0199
1.01526
1.01064
1.00378
1.00153
0.99704
0.992607
0.988235
0.983925
0.979683
0.97551
0.969383
0.967369
0.963417
0.957634
0.95388
0.950203
0.946625
0.943123
0.939728
0.936424
0.93322
0.931664
0.925713
0.92292
0.92025
0.917725
0.915337
0.913086
0.910988
0.909035
0.907234
0.905594
0.904106
0.902771
0.901604
0.900597
0.899361
0.898743
0.898262
0.897942
0.897766
0.897743
0.897858
0.898117
0.898514
0.899048
0.899712
0.900505
0.901421
0.902458
0.903618
0.904892
0.906281
0.907776
0.90937
0.911057
0.912849
0.914726
0.916695
0.918739
0.920853
0.923035
0.925285
0.927597
0.931168
0.932388
0.936104
0.938614
0.939896
0.943741
0.946304
0.948883
0.951454
0.954018
0.956581
0.959145
0.961662
0.964165
0.966621
0.969048
0.971428
0.973755
0.976036
0.978271
0.980453
0.982582
0.984657
0.986671
0.989586
0.991455
0.993263
0.99501
0.996696
0.998322
0.999886
1.00139
1.00283
1.00421
1.00617
1.00739
1.00855
1.00965
1.01069
1.01167
1.01258
1.01344
1.01424
1.01533
1.01598
1.01658
1.01712
1.01761
1.01804
1.01841
1.01873
1.019
1.01921
1.01944
1.0195
1.01958
1.01958
1.01955
1.01941
1.01926
1.01908
1.01884
1.01856
1.01826
1.01789
1.0175
1.01707
1.01636
1.01584
1.01529
1.01471
1.0141
1.01346
1.01279
1.0121
1.01137
1.01064
1.00986
1.00907
1.00828
1.00745
1.00659
1.00574
1.00488
1.00397
1.00306
1.00214
1.00077
0.999855
0.998886
0.99791
0.996933
0.995956
0.99498
0.994003
0.993027
0.99205
0.991074
0.990097
0.98912
0.988144
0.987167
0.986191
0.985214
0.984238
0.983261
0.9823
0.980927
0.980469
0.979553
0.97818
0.977264
0.976372
0.975517
0.974663
0.973808
0.972954
0.97216
0.971367
0.970573
0.969803
0.968704
0.967972
0.967613
0.966942
0.96627
0.965614
0.964699
0.964088
0.963814
0.96299
0.962463
0.961975
0.961487
0.961052
0.960625
0.960228
0.959862
0.959503
0.959198
0.958893
0.958641
0.958397
0.958183
0.958
0.957825
0.957703
0.957581
0.957504
0.957443
0.957405
0.957405
0.957405
0.957451
0.957512
0.957581
0.957703
0.957825
0.95797
0.958153
0.958336
0.958542
0.958908
0.959152
0.959435
0.95974
0.960045
0.96035
0.960709
0.960892
0.961441
0.961807
0.962196
0.962624
0.963051
0.963478
0.963905
0.964333
0.96476
0.965225
0.965714
0.966446
0.96669
0.967178
0.967667
0.968399
0.968887
0.969376
0.969864
0.970352
0.97084
0.971329
0.971817
0.972305
0.972794
0.973282
0.97377
0.974258
0.974716
0.975143
0.975571
0.975998
0.976425
0.976852
0.97728
0.977707
0.978333
0.978516
0.978882
0.979248
0.979614
0.980164
0.98053
0.980865
0.981171
0.981476
0.981781
0.982086
0.982391
0.982674
0.982918
0.983162
0.983406
0.98365
0.983894
0.9841
0.984283
0.984467
0.98465
0.984833
0.985092
0.985153
0.985275
0.985458
0.985519
0.985703
0.985817
0.985847
0.985939
0.986
0.986061
0.986122
0.986183
0.986221
0.986221
0.986221
0.986221
0.986221
0.986221
0.986221
0.986221
0.986191
0.98613
0.986069
0.986008
0.985947
0.985886
0.985825
0.985764
0.985703
0.985641
0.98558
0.985458
0.985336
0.985214
0.985031
0.984909
0.984787
0.984665
0.984482
0.984421
0.984299
0.984177
0.984055
0.983871
0.983749
0.983627
0.983505
0.983383
0.983261
0.983139
0.983017
0.982895
0.982773
0.982651
0.982529
0.982407
0.982285
0.982101
0.981979
0.981857
0.981735
0.981613
0.981491
0.981369
0.981247
0.981125
0.981003
0.980881
0.980759
0.980637
0.980515
0.980392
0.980209
0.980148
0.980026
0.979904
0.979782
0.979599
0.979538
0.979446
0.979385
0.979294
0.979233
0.979172
0.979111
0.97905
0.978989
0.978897
0.978836
0.978745
0.978683
0.978622
0.978561
0.9785
0.978493
0.978493
0.978493
0.978493
0.978493
0.978493
0.978493
0.978493
0.978493
0.978493
0.978493
0.978493
0.978493
0.978493
0.978493
0.978493
0.978516
0.978607
0.978638
0.978699
0.97876
0.978821
0.978912
0.978943
0.979004
0.979095
0.979126
0.979218
0.979279
0.97934
0.979401
0.979462
0.979523
0.979584
0.979645
0.979706
0.979797
0.979858
0.979919
0.97998
0.980042
0.980103
0.980164
0.98027
0.980392
0.980515
0.980637
0.980759
0.980881
0.981003
0.981125
0.981308
0.981369
0.981491
0.981674
0.981796
0.981918
0.98204
0.982162
0.982285
0.982407
0.982529
0.98259
0.982773
0.982895
0.983017
0.983139
0.983261
0.983383
0.983452
0.983513
0.983574
0.983635
0.983696
0.983757
0.983818
0.983879
0.98394
0.984001
0.984062
0.984123
0.984184
0.984245
0.984306
0.984367
0.984428
0.984489
0.98455
0.984612
0.984673
0.984734
0.984795
0.984856
0.984917
0.984978
0.985039
0.98513
0.985191
0.985252
0.985283
0.985374
0.985435
0.985497
0.985558
0.985619
0.98568
0.985741
0.985802
0.985863
0.985924
0.985939
0.985939
0.985939
0.985939
0.985939
0.985939
0.985939
0.985939
0.985939
0.985939
0.985939
0.985939
0.985939
0.985939
0.985939
0.985939
0.985939
0.985939
0.985939
0.985939
0.985939
0.985939
0.985939
0.985939
0.985939
0.985939
0.985939
0.985939
0.985939
0.985939
0.985939
0.985939
0.985939
0.985939
0.985939
0.985939
0.985939
0.985939
0.985939
0.985939
0.985939
0.985939
0.985939
0.985939
0.985939
0.985939
0.985939
0.985939
0.985939
0.985939
0.985939
0.985939
0.985939
0.985939
0.985939
0.985939
0.985939
0.985939
0.985939
0.985939
0.985939
0.985939
0.985939
0.985939
0.985939
0.985939
0.985939
0.985939
0.985939
0.985939
0.985939
0.985939
0.985939
0.985939
0.985939
0.985939
0.985939
0.985939
0.985939
0.985939
0.985939
0.985939
0.985939
0.985939
0.985939
0.985939
0.985939
0.985939
0.985939
0.985939
0.985939
0.985939
0.985939
0.985939
0.985939
0.985939
0.985939
0.985939
0.985962
0.986023
0.986084
0.986145
0.986206
0.986298
0.986359
0.986389
0.986481
0.986511
0.986572
0.986664
0.986725
0.986786
0.986816
0.986908
0.986969
0.98703
0.987091
0.987152
0.987183
0.987274
0.987335
0.987396
0.987457
0.987518
0.987579
0.98764
0.987701
0.987762
0.987823
0.987885
0.987946
0.988007
0.988068
0.988129
0.98819
0.988251
0.988312
0.988373
0.988434
0.988495
0.988586
0.988617
0.988678
0.988747
0.988747
0.988747
0.988747
0.988747
0.988747
0.988747
0.988747
0.988747
0.988747
0.988747
0.988747
0.988747
0.988747
0.988747
0.988747
0.988747
0.988747
0.988747
0.988747
0.988747
0.988747
0.988747
0.988747
0.988747
0.988747
0.988747
0.988747
0.988747
0.988747
0.988747
0.988747
0.988747
0.988747
0.988747
0.988747
0.988747
0.988747
0.988747
0.988747
0.988747
0.988747
0.988747
0.988747
0.988747
0.988747
0.988747
0.988747
0.988747
0.988747
0.988747
0.988747
0.988747
0.988747
0.988747
0.988747
0.988747
0.988747
0.988747
0.988747
0.988747
0.988747
0.988747
0.988747
0.988747
0.988747
0.988747
0.988747
0.988747
0.988747
0.988747
0.988747
0.988747
0.988747
0.988747
0.988747
0.988747
0.988747
0.988747
0.988747
0.988747
0.988808
0.988869
0.98893
0.988991
0.989052
0.989113
0.989174
0.989235
0.989326
