0
0
0
0
0
4.57765e-05
0.000137329
0.000411987
0.00100708
0.00210571
0.00388336
0.00818634
0.0123291
0.0176392
0.024231
0.0321579
0.0414734
0.0580902
0.0643311
0.0851669
0.100761
0.117683
0.135872
0.155281
0.175858
0.197525
0.22023
0.243896
0.268463
0.293861
0.333389
0.346909
0.388412
0.416763
0.445602
0.474892
0.504532
0.534492
0.56469
0.59507
0.625565
0.656136
0.686714
0.717262
0.747726
0.778069
0.808235
0.838173
0.867859
0.89724
0.926277
0.954926
0.997086
1.02458
1.05156
1.07798
1.1038
1.12898
1.1535
1.18893
1.21162
1.23352
1.2546
1.27485
1.29423
1.31271
1.33029
1.34695
1.36263
1.3774
1.3912
1.40401
1.42141
1.43179
1.44122
1.4497
1.45721
1.46374
1.46931
1.47395
1.47762
1.48036
1.48218
1.48307
1.48306
1.48216
1.48039
1.47614
1.47226
1.46758
1.4621
1.45588
1.44892
1.44124
1.43287
1.42384
1.41418
1.40392
1.39308
1.3817
1.36978
1.351
1.33791
1.32441
1.31051
1.29625
1.28166
1.26678
1.25162
1.23623
1.22064
1.19695
1.18099
1.16494
1.14883
1.13267
1.11649
1.10037
1.08429
1.06829
1.05239
1.0288
1.01328
0.997948
0.990364
0.967979
0.953362
0.939011
0.924957
0.911224
0.891251
0.878372
0.865868
0.853767
0.842064
0.830788
0.819954
0.809555
0.799637
0.785675
0.776978
0.768768
0.761047
0.753868
0.747185
0.74099
0.735344
0.730186
0.725555
0.721436
0.716217
0.713379
0.711029
0.709167
0.707832
0.707008
0.706619
0.706711
0.707291
0.708328
0.709824
0.711746
0.714104
0.716881
0.720062
0.72364
0.727608
0.731941
0.736626
0.741653
0.747002
0.752678
0.761749
0.768143
0.774796
0.781693
0.788826
0.796173
0.803719
0.81144
0.819321
0.827354
0.83551
0.847954
0.852142
0.860588
0.869095
0.881935
0.890541
0.899147
0.907753
0.916313
0.92485
0.933327
0.941727
0.95005
0.958267
0.96637
0.974342
0.982162
0.989845
0.99736
1.00469
1.01185
1.01882
1.02561
1.0322
1.03859
1.04478
1.05077
1.05654
1.06211
1.07006
1.07509
1.07988
1.08446
1.08879
1.09288
1.09854
1.10199
1.10517
1.10809
1.11074
1.1142
1.11617
1.11786
1.11927
1.12041
1.12129
1.1219
1.12232
1.12229
1.12199
1.12144
1.12065
1.11964
1.11839
1.11693
1.11524
1.11232
1.11012
1.10773
1.10516
1.10241
1.09949
1.09641
1.09317
1.08979
1.08627
1.08262
1.07886
1.07498
1.07101
1.06694
1.06279
1.05856
1.05211
1.04774
1.04335
1.03893
1.03448
1.03002
1.02557
1.02115
1.01456
1.01021
1.00588
1.00161
0.997391
0.993217
0.989098
0.985039
0.981049
0.977119
0.971359
0.967606
0.963928
0.960327
0.95681
0.953369
0.950012
0.946747
0.943565
0.93898
0.936043
0.933205
0.930481
0.927864
0.925362
0.921837
0.920723
0.918602
0.916611
0.914764
0.913055
0.910767
0.909424
0.909424
0.907181
0.906708
0.905876
0.904907
0.904442
0.904266
0.903938
0.9039
0.903992
0.904221
0.904587
0.905075
0.905693
0.906441
0.907295
0.908272
0.909935
0.911186
0.912537
0.913979
0.915527
0.91716
0.918884
0.920692
0.922569
0.92453
0.926559
0.92865
0.930794
0.93412
0.935249
0.938705
0.939865
0.942245
0.944626
0.947006
0.950638
0.953056
0.954247
0.957817
0.959007
0.962547
0.964867
0.967163
0.969421
0.971634
0.973816
0.975952
0.978035
0.980072
0.982063
0.984001
0.985886
0.987717
0.990349
0.992043
0.993675
0.995255
0.99678
0.998245
0.999649
1.001
1.00229
1.00352
1.0047
1.00582
1.00689
1.0079
1.00885
1.00975
1.0106
1.01139
1.01247
1.0128
1.01374
1.01402
1.01479
1.01502
1.01564
1.01582
1.01615
1.01656
1.01667
1.01693
1.01699
1.01711
1.01714
1.01714
1.01711
1.01698
1.01685
1.01666
1.01644
1.0162
1.0159
1.01558
1.01521
1.01482
1.0144
1.01395
1.01346
1.01295
1.01241
1.01186
1.01125
1.01064
1.01
1.00933
1.00866
1.00797
1.00723
1.0065
1.00577
1.00459
1.0042
1.00301
1.00221
1.00182
1.00054
0.999687
0.998833
0.997978
0.997124
0.996269
0.995415
0.99456
0.993706
0.992851
0.991997
0.991142
0.989861
0.989006
0.988152
0.987297
0.986443
0.985588
0.985161
0.983879
0.983025
0.98217
0.981316
0.980507
0.979713
0.97892
0.97773
0.977333
0.976173
0.975807
0.975075
0.973976
0.97361
0.97258
0.971909
0.971573
0.970581
0.970276
0.96936
0.96875
0.968193
0.967644
0.967094
0.966591
0.966103
0.965614
0.965172
0.964745
0.964317
0.963951
0.963585
0.963234
0.962929
0.962624
0.962349
0.962105
0.961861
0.961662
0.961571
0.961304
0.961182
0.960999
0.96093
0.960869
0.960808
0.960808
0.960808
0.960815
0.960876
0.960938
0.961006
0.961128
0.96125
0.961372
0.961632
0.961815
0.961906
0.961998
0.962349
0.962715
0.962959
0.963089
0.963547
0.963852
0.964157
0.964462
0.964806
0.964989
0.965538
0.965721
0.96627
0.966637
0.967003
0.967392
0.967819
0.968246
0.968674
0.969101
0.969528
0.969955
0.970596
0.97081
0.971451
0.971878
0.972305
0.972733
0.97316
0.973587
0.974014
0.974442
0.974869
0.975296
0.975723
0.976151
0.97654
0.976906
0.977089
0.977638
0.978004
0.978371
0.978737
0.979103
0.979469
0.979836
0.980141
0.980446
0.980751
0.981056
0.981361
0.981667
0.981972
0.982262
0.982506
0.98275
0.982994
0.983238
0.983482
0.983727
0.983955
0.984138
0.984322
0.984505
0.984688
0.984871
0.985054
0.985283
0.985344
0.985527
0.985588
0.98571
0.985893
0.986015
0.986076
0.986137
0.986229
0.98629
0.986351
0.986412
0.986473
0.986534
0.986565
0.986565
0.986565
0.986565
0.986565
0.986565
0.986565
0.986565
0.986565
0.986565
0.986504
0.986443
0.986382
0.98632
0.986259
0.986198
0.986137
0.986076
0.985985
0.985924
0.985893
0.985802
0.985741
0.985664
0.985542
0.98542
0.985298
0.985176
0.985054
0.984932
0.98481
0.984627
0.984505
0.984383
0.984261
0.984138
0.984016
0.983833
0.983772
0.98365
0.983528
0.983345
0.983284
0.983162
0.98304
0.982918
0.982796
0.982613
0.982491
0.982368
0.982246
0.982124
0.982002
0.98188
0.981758
0.981636
0.981514
0.9814
0.981339
0.981277
0.981216
0.981155
0.981094
0.981003
0.980942
0.980881
0.98082
0.980759
0.980698
0.980637
0.980576
0.980515
0.980453
0.980392
0.980362
0.98027
0.980209
0.980164
0.980164
0.980164
0.980164
0.980164
0.980164
0.980164
0.980164
0.980164
0.980164
0.980164
0.980164
0.980164
0.980164
0.980164
0.980164
0.980164
0.980164
0.980164
0.980164
0.980217
0.980278
0.980339
0.9804
0.980461
0.980522
0.980583
0.980644
0.980705
0.980736
0.980919
0.98101
0.981071
0.981133
0.981194
0.981255
0.981316
0.981377
0.981438
0.981499
0.98156
0.981621
0.981682
0.981743
0.981804
0.981865
0.981926
0.981987
0.982079
0.982109
0.98217
0.982231
0.982292
0.982384
0.982414
0.982506
0.982567
0.982628
0.982689
0.98275
0.982811
0.982872
0.982933
0.983025
0.983055
0.983116
0.983208
0.983269
0.98333
0.983391
0.983452
0.983513
0.983574
0.983635
0.983696
0.983757
0.983818
0.983879
0.98394
0.984001
0.984093
0.984154
0.984215
0.984276
0.984337
0.984398
0.984459
0.98452
0.984581
0.984642
0.984703
0.984764
0.984825
0.984886
0.984978
0.985039
0.9851
0.985161
0.985222
0.985283
0.985344
0.985405
0.985466
0.985527
0.985588
0.985649
0.98571
0.985771
0.985832
0.985893
0.985954
0.986015
0.986076
0.986137
0.986198
0.986259
0.98632
0.986382
0.986473
0.986504
0.986595
0.986656
0.986717
0.986778
0.986839
0.9869
0.986961
0.987022
0.987083
0.987144
0.987206
0.987221
0.987221
0.987221
0.987221
0.987221
0.987221
0.987221
0.987221
0.987221
0.987221
0.987221
0.987221
0.987221
0.987221
0.987221
0.987221
0.987221
0.987221
0.987221
0.987221
0.987221
0.987221
0.987221
0.987221
0.987221
0.987221
0.987221
0.987221
0.987221
0.987221
0.987221
0.987221
0.987221
0.987221
0.987221
0.987221
0.987221
0.987221
0.987221
0.987221
0.987221
0.987221
0.987221
0.987221
0.987221
0.987221
0.987221
0.987221
0.987221
0.987221
0.987221
0.987221
0.987221
0.987221
0.987221
0.987221
0.987221
0.987221
0.987221
0.987221
0.987221
0.987221
0.987221
0.987221
0.987221
0.987221
0.987221
0.987221
0.987221
0.987221
0.987221
0.987221
0.987221
0.987221
0.987221
0.987221
0.987221
0.987221
0.987221
0.987221
0.987221
0.987221
0.987221
0.987221
0.987221
0.987221
0.987221
0.987221
0.987221
0.987221
0.987221
0.987221
0.987221
0.987221
0.987221
0.987221
0.987221
0.987267
0.987328
0.987389
0.98748
0.987511
0.987572
0.987633
0.987694
0.987755
0.987846
0.987877
0.987968
0.988029
0.988091
0.988152
0.988213
0.988274
0.988335
0.988396
0.988457
0.988548
0.988579
0.98867
0.988701
0.988762
0.988853
0.988914
0.988976
0.989037
0.989098
0.989159
0.98922
0.989281
0.989342
0.989403
0.989464
0.989525
0.989586
0.989647
0.989708
0.989738
0.989738
0.989738
0.989738
0.989738
0.989738
0.989738
0.989738
0.989738
0.989738
0.989738
0.989738
0.989738
0.989738
0.989738
0.989738
0.989738
0.989738
0.989738
0.989738
0.989738
0.989738
0.989738
0.989738
0.989738
0.989738
0.989738
0.989738
0.989738
0.989738
0.989738
0.989738
0.989738
0.989738
0.989738
0.989738
0.989738
0.989738
0.989738
0.989738
0.989738
0.989738
0.989738
0.989738
0.989738
0.989738
0.989738
0.989738
0.989738
0.989738
0.989738
0.989738
0.989738
0.989738
0.989738
0.989738
0.989738
0.989738
0.989738
0.989738
0.989738
0.989738
0.989738
0.989738
0.989738
0.989738
0.989738
0.989738
0.989738
0.989738
0.989738
0.989738
0.989738
0.989738
0.989738
0.989738
0.989738
0.989738
0.989738
