0
0
0
0
0
7.62941e-05
0.000244141
0.000656128
0.0014801
0.00289917
0.00650787
0.00818634
0.0123291
0.0176392
0.024231
0.0321579
0.0414734
0.0580978
0.0643387
0.0778961
0.0928421
0.117767
0.136002
0.155449
0.176071
0.209045
0.2323
0.256493
0.28154
0.307404
0.334007
0.361267
0.389122
0.417534
0.431915
0.475662
0.505287
0.53521
0.565384
0.595749
0.641541
0.65686
0.6875
0.71814
0.748734
0.794395
0.809532
0.854614
0.884315
0.913696
0.942696
0.971283
1.01326
1.02701
1.05406
1.09354
1.11905
1.14388
1.16799
1.19135
1.21391
1.23567
1.25659
1.27664
1.29579
1.31404
1.33138
1.34778
1.37061
1.38464
1.39771
1.40984
1.42101
1.43121
1.44467
1.45248
1.45932
1.46237
1.47007
1.47218
1.47565
1.47911
1.48026
1.4805
1.47985
1.47832
1.47592
1.47269
1.46863
1.46378
1.45815
1.45177
1.44466
1.43685
1.42837
1.41924
1.40948
1.39915
1.38824
1.3768
1.36487
1.35245
1.33958
1.32628
1.3126
1.29856
1.28419
1.26952
1.25457
1.23938
1.22398
1.20839
1.19265
1.17679
1.16083
1.1448
1.12875
1.11269
1.09664
1.07263
1.05672
1.04093
1.02528
1.00978
0.994484
0.979408
0.964577
0.949997
0.935707
0.921715
0.901344
0.888199
0.87542
0.863029
0.851036
0.839455
0.822899
0.817604
0.807381
0.797592
0.788284
0.779465
0.767151
0.763298
0.756004
0.749199
0.742882
0.73439
0.731812
0.724823
0.720825
0.717316
0.714294
0.7118
0.709816
0.707314
0.706718
0.706894
0.707535
0.708649
0.710205
0.712196
0.714622
0.717468
0.720711
0.724358
0.728386
0.73278
0.737526
0.742615
0.748024
0.753754
0.759781
0.76609
0.772667
0.779503
0.790176
0.797554
0.80513
0.812889
0.820816
0.82888
0.837074
0.845383
0.853775
0.862244
0.870781
0.879356
0.892265
0.900871
0.909477
0.918053
0.92659
0.935066
0.943466
0.95179
0.959999
0.968086
0.976044
0.983856
0.991516
1.00269
1.00991
1.01695
1.0238
1.03046
1.03691
1.04316
1.0462
1.05502
1.06064
1.06603
1.07368
1.07851
1.08308
1.08742
1.09151
1.09534
1.09891
1.10221
1.10525
1.10801
1.1105
1.11272
1.11468
1.11636
1.11776
1.1189
1.11977
1.12038
1.12073
1.12082
1.12067
1.12027
1.11963
1.11875
1.11765
1.11633
1.11479
1.11304
1.11108
1.10892
1.10658
1.10404
1.10133
1.09846
1.09541
1.09223
1.0889
1.08543
1.08183
1.0781
1.07232
1.07034
1.06426
1.0601
1.05588
1.05374
1.04726
1.04288
1.03848
1.03409
1.02969
1.0253
1.0209
1.01651
1.00999
1.00783
1.00356
0.999329
0.995148
0.99102
0.986954
0.980972
0.977074
0.973244
0.969482
0.96579
0.962173
0.958641
0.955185
0.951813
0.948532
0.945335
0.942238
0.939224
0.936317
0.933517
0.930817
0.926979
0.924568
0.923409
0.920113
0.918083
0.916183
0.914421
0.912796
0.910637
0.90937
0.908257
0.907288
0.906464
0.905785
0.905251
0.905037
0.904617
0.90451
0.904549
0.904854
0.90522
0.905716
0.906342
0.907089
0.908424
0.908928
0.910606
0.911217
0.913208
0.91465
0.916199
0.917824
0.919548
0.921349
0.923218
0.925163
0.92717
0.929245
0.931381
0.933563
0.935791
0.938049
0.940361
0.94384
0.946182
0.948563
0.950943
0.954514
0.956833
0.959152
0.961472
0.963753
0.966011
0.968231
0.970428
0.972565
0.97467
0.976738
0.978752
0.980713
0.982628
0.984489
0.986298
0.988052
0.989754
0.991402
0.992989
0.99527
0.996719
0.998116
0.999458
1.00074
1.00196
1.00313
1.00424
1.00582
1.0068
1.00772
1.00859
1.00941
1.01018
1.01089
1.01156
1.01217
1.01273
1.01348
1.01391
1.01429
1.01463
1.01493
1.01528
1.01537
1.01559
1.01569
1.01574
1.01574
1.0157
1.01563
1.01551
1.01536
1.01517
1.01494
1.01453
1.01438
1.01387
1.0135
1.0133
1.01266
1.01218
1.01169
1.01116
1.01061
1.01034
1.00945
1.00853
1.00787
1.00719
1.00652
1.00581
1.00508
1.00435
1.00362
1.00286
1.00167
1.00088
1.00048
0.999687
0.998497
0.997673
0.996819
0.995964
0.994682
0.994255
0.992973
0.992119
0.991264
0.99041
0.989555
0.988701
0.987846
0.986992
0.986137
0.985283
0.984001
0.9832
0.982407
0.981613
0.98082
0.980026
0.979233
0.978439
0.977699
0.976967
0.976234
0.975502
0.974434
0.974098
0.973091
0.97242
0.971771
0.971161
0.970551
0.96994
0.969376
0.968826
0.968277
0.967758
0.96727
0.966782
0.966537
0.965897
0.965469
0.965073
0.964706
0.96434
0.964012
0.963554
0.963402
0.96302
0.962776
0.962555
0.962372
0.962189
0.962036
0.961914
0.961739
0.961708
0.961617
0.961586
0.961563
0.961563
0.961571
0.961632
0.961693
0.961754
0.961868
0.96199
0.962112
0.962257
0.96244
0.962624
0.962807
0.963028
0.963272
0.963516
0.963882
0.964165
0.96447
0.964775
0.96508
0.965233
0.965691
0.966049
0.966599
0.966782
0.967331
0.967697
0.968063
0.96843
0.968796
0.969162
0.969551
0.969978
0.970406
0.970833
0.97126
0.971687
0.972328
0.972755
0.973183
0.97361
0.974037
0.974464
0.974846
0.975212
0.975578
0.975945
0.976494
0.976677
0.977043
0.977592
0.977776
0.978325
0.978691
0.979057
0.97937
0.979675
0.97998
0.980286
0.980591
0.980896
0.981201
0.981506
0.981766
0.98201
0.982254
0.982498
0.982742
0.982986
0.983353
0.983543
0.983635
0.98391
0.984093
0.984276
0.984459
0.984642
0.984795
0.984917
0.985039
0.985161
0.985283
0.985405
0.985527
0.985649
0.985748
0.985809
0.98587
0.985931
0.985992
0.986053
0.986115
0.986176
0.986176
0.986176
0.986176
0.986176
0.986176
0.986176
0.986176
0.986176
0.986176
0.986176
0.986099
0.986069
0.986008
0.985947
0.985886
0.985825
0.985764
0.985703
0.985641
0.98558
0.985519
0.985428
0.985397
0.985306
0.985275
0.985214
0.985146
0.984962
0.98484
0.984779
0.984596
0.984474
0.984352
0.98423
0.984108
0.983986
0.983864
0.983742
0.98362
0.983498
0.983376
0.983253
0.983131
0.98307
0.982887
0.982765
0.982643
0.982521
0.982399
0.982277
0.982155
0.982033
0.981911
0.981789
0.981689
0.981598
0.981537
0.981476
0.981415
0.981354
0.981293
0.981232
0.981171
0.98111
0.981049
0.980988
0.980927
0.980865
0.980804
0.980713
0.980682
0.980621
0.98053
0.980469
0.980408
0.980347
0.980347
0.980347
0.980347
0.980347
0.980347
0.980347
0.980347
0.980347
0.980347
0.980347
0.980347
0.980347
0.980347
0.980347
0.980347
0.980347
0.980347
0.980347
0.980347
0.980347
0.980431
0.980461
0.980522
0.980614
0.980644
0.980675
0.980797
0.980827
0.980919
0.980949
0.981041
0.981071
0.981163
0.981224
0.981285
0.981346
0.981377
0.981468
0.981529
0.98159
0.981651
0.981712
0.981773
0.981834
0.981895
0.981956
0.981987
0.982079
0.98214
0.982201
0.982262
0.982323
0.982384
0.982445
0.982506
0.982567
0.982628
0.982689
0.98275
0.982811
0.982872
0.982933
0.982994
0.983055
0.983116
0.983177
0.983238
0.983299
0.98336
0.983421
0.983482
0.983543
0.983635
0.983665
0.983727
0.983788
0.983849
0.98394
0.983971
0.984032
0.984123
0.984154
0.984215
0.984276
0.984337
0.984398
0.984459
0.98455
0.984581
0.984673
0.984703
0.984795
0.984856
0.984917
0.984978
0.985039
0.9851
0.985161
0.985222
0.985283
0.985344
0.985405
0.985466
0.985527
0.985588
0.985649
0.985741
0.985771
0.985832
0.985924
0.985985
0.986046
0.986107
0.986168
0.986229
0.98629
0.986351
0.986412
0.986473
0.986534
0.986595
0.986656
0.986717
0.986778
0.986839
0.9869
0.986961
0.987022
0.987083
0.987083
0.987083
0.987083
0.987083
0.987083
0.987083
0.987083
0.987083
0.987083
0.987083
0.987083
0.987083
0.987083
0.987083
0.987083
0.987083
0.987083
0.987083
0.987083
0.987083
0.987083
0.987083
0.987083
0.987083
0.987083
0.987083
0.987083
0.987083
0.987083
0.987083
0.987083
0.987083
0.987083
0.987083
0.987083
0.987083
0.987083
0.987083
0.987083
0.987083
0.987083
0.987083
0.987083
0.987083
0.987083
0.987083
0.987083
0.987083
0.987083
0.987083
0.987083
0.987083
0.987083
0.987083
0.987083
0.987083
0.987083
0.987083
0.987083
0.987083
0.987083
0.987083
0.987083
0.987083
0.987083
0.987083
0.987083
0.987083
0.987083
0.987083
0.987083
0.987083
0.987083
0.987083
0.987083
0.987083
0.987083
0.987083
0.987083
0.987083
0.987083
0.987083
0.987083
0.987083
0.987083
0.987083
0.987083
0.987083
0.987083
0.987083
0.987083
0.987083
0.987083
0.987083
0.987122
0.987183
0.987244
0.987305
0.987366
0.987427
0.987488
0.987549
0.98761
0.987671
0.987732
0.987793
0.987854
0.987915
0.987976
0.988037
0.988129
0.98819
0.988251
0.988312
0.988373
0.988434
0.988495
0.988556
0.988617
0.988678
0.988739
0.9888
0.988861
0.988922
0.988983
0.989075
0.989105
0.989166
0.989227
0.989288
0.98938
0.98941
0.989441
0.989532
0.989594
0.989594
0.989594
0.989594
0.989594
0.989594
0.989594
0.989594
0.989594
0.989594
0.989594
0.989594
0.989594
0.989594
0.989594
0.989594
0.989594
0.989594
0.989594
0.989594
0.989594
0.989594
0.989594
0.989594
0.989594
0.989594
0.989594
0.989594
0.989594
0.989594
0.989594
0.989594
0.989594
0.989594
0.989594
0.989594
0.989594
0.989594
0.989594
0.989594
0.989594
0.989594
0.989594
0.989594
0.989594
0.989594
0.989594
0.989594
0.989594
0.989594
0.989594
0.989594
0.989594
0.989594
0.989594
0.989594
0.989594
0.989594
0.989594
0.989594
0.989594
0.989594
0.989594
0.989594
0.989594
0.989594
0.989594
0.989594
0.989594
0.989594
0.989594
0.989594
0.989594
0.989594
0.989594
0.989594
0.989594
0.989594
0.989594
0.989594
0.989594
0.989594
0.989594
0.989594
0.989594
0.989594
0.989655
0.989716
0.989807
