0
0
0
0
5.00679e-06
0.000123262
0.000634432
0.0028441
0.00407887
0.0073123
0.0114951
0.0165436
0.0223885
0.0289671
0.0400851
0.0440972
0.0525422
0.0661707
0.0758305
0.0808163
0.0910761
0.107116
0.112617
0.129526
0.141101
0.152884
0.164847
0.176964
0.189212
0.201567
0.21401
0.226525
0.239089
0.251687
0.264307
0.276936
0.289559
0.302163
0.314736
0.327266
0.339743
0.352157
0.364497
0.376756
0.388927
0.401
0.412971
0.424832
0.436578
0.448204
0.465408
0.471078
0.482318
0.493421
0.504385
0.515206
0.525879
0.536405
0.551914
0.557009
0.572063
0.581909
0.591601
0.601137
0.610517
0.615148
0.628807
0.637717
0.64647
0.655069
0.663516
0.671811
0.679955
0.687949
0.695793
0.70349
0.711041
0.718448
0.725712
0.732835
0.739818
0.746663
0.756677
0.763185
0.769561
0.775807
0.781924
0.787914
0.793776
0.799513
0.805129
0.810623
0.815999
0.821258
0.826403
0.831439
0.836364
0.84118
0.84589
0.850496
0.855001
0.859408
0.863717
0.86793
0.872051
0.876081
0.880021
0.883874
0.88764
0.891321
0.894919
0.898435
0.901871
0.905229
0.908511
0.911716
0.916386
0.919409
0.920894
0.923812
0.928061
0.929445
0.933495
0.934812
0.938672
0.941169
0.943605
0.945983
0.948304
0.950568
0.952779
0.954934
0.957037
0.959089
0.96109
0.963042
0.964946
0.966804
0.968616
0.970382
0.972106
0.973786
0.975425
0.977023
0.979347
0.980101
0.982311
0.983029
0.985129
0.986485
0.987807
0.989094
0.990351
0.991575
0.992767
0.993929
0.995062
0.996166
0.997243
0.998291
0.999313
0.999814
1.00128
1.00223
1.00315
1.00405
1.00493
1.00578
1.00661
1.00743
1.00822
1.00899
1.00974
1.01048
1.01119
1.01189
1.01257
1.01323
1.01388
1.01451
1.01512
1.01572
1.0163
1.01687
1.01743
1.01797
1.01849
1.01901
1.01975
1.01999
1.02047
1.02116
1.02161
1.02204
1.02246
1.02288
1.02328
1.02367
1.02405
1.02442
1.02478
1.02514
1.02548
1.02581
1.02614
1.02646
1.02677
1.02707
1.02736
1.02779
1.02793
1.0282
1.02846
1.02885
1.02909
1.02921
1.02957
1.02991
1.03013
1.03034
1.03055
1.03076
1.03095
1.03115
1.03134
1.03152
1.0317
1.03187
1.03204
1.03229
1.03244
1.0326
1.03275
1.0329
1.03304
1.03318
1.03331
1.03345
1.03358
1.03376
1.03382
1.03394
1.03406
1.03423
1.03434
1.03439
1.03455
1.03465
1.03475
1.03484
1.03494
1.03503
1.03511
1.0352
1.03528
1.03537
1.03545
1.03552
1.0356
1.03567
1.03574
1.03585
1.03588
1.03598
1.03601
1.03608
1.03617
1.0362
1.03625
1.03631
1.03637
1.03645
1.0365
1.03655
1.0366
1.03664
1.03669
1.03674
1.03678
1.03682
1.03686
1.03691
1.03695
1.03698
1.03702
1.03706
1.03709
1.03713
1.03716
1.0372
1.03723
1.03726
1.03729
1.03732
1.03735
1.03738
1.0374
1.03743
1.03747
1.0375
1.03751
1.03753
1.03757
1.03759
1.0376
1.03764
1.03766
1.03768
1.03769
1.03771
1.03773
1.03775
1.03777
1.03779
1.03781
1.03782
1.03784
1.03785
1.03787
1.03788
1.0379
1.03792
1.03793
1.03794
1.03796
1.03797
1.03798
1.03799
1.038
1.03801
1.03802
1.03804
1.03805
1.03806
1.03808
1.03809
1.0381
1.03811
1.03811
1.03812
1.03813
1.03814
1.03814
1.03815
1.03816
1.03817
1.03817
1.03818
1.03819
1.0382
1.0382
1.03821
1.03822
1.03823
1.03823
1.03824
1.03825
1.03825
1.03826
1.03826
1.03826
1.03827
1.03827
1.03828
1.03828
1.03828
1.03829
1.03829
1.03829
1.0383
1.0383
1.03831
1.03831
1.03832
1.03832
1.03832
1.03833
1.03833
1.03833
1.03834
1.03834
1.03835
1.03835
1.03836
1.03836
1.03836
1.03837
1.03837
1.03837
1.03838
1.03838
1.03839
1.03839
1.03839
1.0384
1.0384
1.0384
1.0384
1.0384
1.0384
1.0384
1.0384
1.0384
1.0384
1.0384
1.0384
1.0384
1.0384
1.0384
1.0384
1.0384
1.0384
1.0384
1.0384
1.0384
1.0384
1.0384
1.0384
1.0384
1.0384
1.0384
1.0384
1.0384
1.0384
1.0384
1.0384
1.0384
1.0384
1.0384
1.0384
1.0384
1.0384
1.0384
1.0384
1.0384
1.0384
1.0384
1.0384
1.0384
1.0384
1.0384
1.0384
1.0384
1.0384
1.0384
1.0384
1.0384
1.0384
1.0384
1.0384
1.0384
1.0384
1.0384
1.0384
1.0384
1.0384
1.0384
1.0384
1.0384
1.0384
1.0384
1.0384
1.0384
1.0384
1.0384
1.0384
1.0384
1.0384
1.0384
1.0384
1.0384
1.0384
1.0384
1.0384
1.0384
1.0384
1.0384
1.0384
1.0384
1.0384
1.0384
1.0384
1.0384
1.0384
1.0384
1.0384
1.0384
1.0384
1.0384
1.0384
1.0384
1.0384
1.0384
1.0384
1.0384
1.0384
1.0384
1.0384
1.0384
1.0384
1.0384
1.0384
1.0384
1.0384
1.0384
1.0384
1.0384
1.0384
1.0384
1.0384
1.0384
1.0384
1.0384
1.0384
1.0384
1.0384
1.0384
1.0384
1.0384
1.0384
1.0384
1.0384
1.0384
1.0384
1.0384
1.0384
1.0384
1.0384
1.0384
1.0384
1.0384
1.0384
1.0384
1.0384
1.0384
1.0384
1.0384
1.0384
1.0384
1.0384
1.0384
1.0384
1.0384
1.0384
1.0384
1.0384
1.0384
1.0384
1.0384
1.0384
1.0384
1.0384
1.0384
1.0384
1.0384
1.0384
1.0384
1.0384
1.0384
1.0384
1.0384
1.0384
1.0384
1.0384
1.0384
1.0384
1.0384
1.0384
1.0384
1.0384
1.0384
1.0384
1.0384
1.0384
1.0384
1.0384
1.0384
1.0384
1.0384
1.0384
1.0384
1.0384
1.0384
1.0384
1.0384
1.0384
1.0384
1.0384
1.0384
1.0384
1.0384
1.0384
1.0384
1.0384
1.0384
1.0384
1.0384
1.0384
1.0384
1.0384
1.0384
1.0384
1.0384
1.0384
1.0384
1.0384
1.0384
1.0384
1.0384
1.0384
1.0384
1.0384
1.0384
1.0384
1.0384
1.0384
1.0384
1.0384
1.0384
1.0384
1.0384
1.0384
1.0384
1.0384
1.0384
1.0384
1.0384
1.0384
1.0384
1.0384
1.0384
1.0384
1.0384
1.0384
1.0384
1.0384
1.0384
1.0384
1.0384
1.0384
1.0384
1.0384
1.0384
1.0384
1.0384
1.0384
1.0384
1.0384
1.0384
1.0384
1.0384
1.0384
1.0384
1.0384
1.0384
1.0384
1.0384
1.0384
1.0384
1.0384
1.0384
1.0384
1.0384
1.0384
1.0384
1.0384
1.0384
1.0384
1.0384
1.0384
1.0384
1.0384
1.0384
1.0384
1.0384
1.0384
1.0384
1.0384
1.0384
1.0384
1.0384
1.0384
1.0384
1.0384
1.0384
1.0384
1.0384
1.0384
1.0384
1.0384
1.0384
1.0384
1.0384
1.0384
1.0384
1.0384
1.0384
1.0384
1.0384
1.0384
1.0384
1.0384
1.0384
1.0384
1.0384
1.0384
1.0384
1.0384
1.0384
1.0384
1.0384
1.0384
1.0384
1.0384
1.0384
1.0384
1.0384
1.0384
1.0384
1.0384
1.0384
1.0384
1.0384
1.0384
1.0384
1.0384
1.0384
1.0384
1.0384
1.0384
1.0384
1.0384
1.0384
1.0384
1.0384
1.0384
1.0384
1.0384
1.0384
1.0384
1.0384
1.0384
1.0384
1.0384
1.0384
1.0384
1.0384
1.0384
1.0384
1.0384
1.0384
1.0384
1.0384
1.0384
1.0384
1.0384
1.0384
1.0384
1.0384
1.0384
1.0384
1.0384
1.0384
1.0384
1.0384
1.0384
1.0384
1.0384
1.0384
1.0384
1.0384
1.0384
1.0384
1.0384
1.0384
1.0384
1.0384
1.0384
1.0384
1.0384
1.0384
1.0384
1.0384
1.0384
1.0384
1.0384
1.0384
1.0384
1.0384
1.0384
1.0384
1.0384
1.0384
1.0384
1.0384
1.0384
1.0384
1.0384
1.0384
1.0384
1.0384
1.0384
1.0384
1.0384
1.0384
1.0384
1.0384
1.0384
1.0384
1.0384
1.0384
1.0384
1.0384
1.0384
1.0384
1.0384
1.0384
1.0384
1.0384
1.0384
1.0384
1.0384
1.0384
1.0384
1.0384
1.0384
1.0384
1.0384
1.0384
1.0384
1.0384
1.0384
1.0384
1.0384
1.0384
1.0384
1.0384
1.0384
1.0384
1.0384
1.0384
1.0384
1.0384
1.0384
1.0384
1.0384
1.0384
1.0384
1.0384
1.0384
1.0384
1.0384
1.0384
1.0384
1.0384
1.0384
1.0384
1.0384
1.0384
1.0384
1.0384
1.0384
1.0384
1.0384
1.0384
1.0384
1.0384
1.0384
1.0384
1.0384
1.0384
1.0384
1.0384
1.0384
1.0384
1.0384
1.0384
1.0384
1.0384
1.0384
1.0384
1.0384
1.0384
1.0384
1.0384
1.0384
1.0384
1.0384
1.0384
1.0384
1.0384
1.0384
1.0384
1.0384
1.0384
1.0384
1.0384
1.0384
1.0384
1.0384
1.0384
1.0384
1.0384
1.0384
1.0384
1.0384
1.0384
1.0384
1.0384
1.0384
1.0384
1.0384
1.0384
1.0384
1.0384
1.0384
1.0384
1.0384
1.0384
1.0384
1.0384
1.0384
1.0384
1.0384
1.0384
1.0384
1.0384
1.0384
1.0384
1.0384
1.0384
1.0384
1.0384
1.0384
1.0384
1.0384
1.0384
1.0384
1.0384
1.0384
1.0384
1.0384
1.0384
1.0384
1.0384
1.0384
1.0384
1.0384
1.0384
1.0384
1.0384
1.0384
1.0384
1.0384
1.0384
1.0384
1.0384
1.0384
1.0384
1.0384
1.0384
1.0384
1.0384
1.0384
1.0384
1.0384
1.0384
1.0384
1.0384
1.0384
1.0384
1.0384
1.0384
1.0384
1.0384
1.0384
1.0384
1.0384
1.0384
1.0384
1.0384
1.0384
1.0384
1.0384
1.0384
1.0384
1.0384
1.0384
1.0384
1.0384
1.0384
1.0384
1.0384
1.0384
1.0384
1.0384
1.0384
1.0384
1.0384
1.0384
