0
0
0
0
0
3.62396e-05
0.000310421
0.00114346
0.00285625
0.00573397
0.0100341
0.0159965
0.0285473
0.0396209
0.0530529
0.0689044
0.0871506
0.107663
0.130235
0.154664
0.180758
0.208333
0.237215
0.267226
0.313978
0.346058
0.378685
0.411712
0.444993
0.47839
0.511821
0.545188
0.578379
0.611279
0.643781
0.67579
0.70722
0.737989
0.782749
0.797266
0.825649
0.866505
0.879642
0.905161
0.941463
0.964323
0.98608
1.00672
1.02623
1.04461
1.07001
1.0779
1.09282
1.11307
1.11927
1.13619
1.14612
1.15501
1.16288
1.16645
1.17568
1.18067
1.18477
1.18802
1.19045
1.19212
1.19305
1.19328
1.19287
1.19184
1.19024
1.18811
1.18549
1.18242
1.17894
1.17508
1.17088
1.16638
1.1616
1.15659
1.15137
1.14598
1.14043
1.13476
1.12899
1.12315
1.11725
1.11133
1.1054
1.09948
1.0936
1.08486
1.08199
1.0763
1.06796
1.06254
1.05726
1.05212
1.04712
1.0423
1.03764
1.03317
1.02681
1.02479
1.01901
1.0154
1.01199
1.00879
1.00578
1.00298
1.00038
0.997966
0.995739
0.993694
0.991831
0.990146
0.988634
0.987291
0.986112
0.985094
0.98423
0.983514
0.982941
0.982338
0.982203
0.982023
0.981977
0.982017
0.982177
0.982602
0.98279
0.98323
0.983752
0.984672
0.985368
0.986123
0.987355
0.987789
0.98915
0.990098
0.991075
0.992074
0.99309
0.994118
0.995155
0.996198
0.997766
0.998287
0.999325
1.00035
1.00137
1.00238
1.00336
1.0048
1.00527
1.00664
1.00751
1.00836
1.00918
1.00996
1.01072
1.01143
1.01212
1.01276
1.01337
1.01394
1.01448
1.01498
1.01544
1.01587
1.01644
1.01661
1.01693
1.01735
1.01759
1.0177
1.01798
1.01812
1.01824
1.01833
1.01839
1.01843
1.01845
1.01844
1.01839
1.01833
1.01825
1.01816
1.01805
1.01792
1.01779
1.01756
1.01747
1.01721
1.01703
1.01684
1.01664
1.01644
1.01623
1.01602
1.01581
1.0156
1.01538
1.01517
1.01495
1.01474
1.01453
1.01432
1.01411
1.01391
1.01371
1.01352
1.01333
1.01314
1.01297
1.01279
1.01255
1.01239
1.01232
1.0121
1.01203
1.01184
1.01172
1.01166
1.0115
1.0114
1.01131
1.01127
1.01115
1.01108
1.01102
1.01096
1.01091
1.01087
1.01083
1.0108
1.01077
1.01075
1.01074
1.01073
1.01072
1.01072
1.01072
1.01073
1.01074
1.01076
1.01078
1.0108
1.01082
1.01083
1.01088
1.01092
1.01094
1.01098
1.01101
1.01105
1.01109
1.01113
1.01118
1.01121
1.01127
1.01131
1.01135
1.01139
1.01143
1.01147
1.01151
1.01155
1.01159
1.01162
1.01166
1.01169
1.01173
1.01176
1.01179
1.01182
1.01184
1.01187
1.0119
1.01192
1.01194
1.01197
1.01199
1.012
1.01203
1.01205
1.01205
1.01207
1.01209
1.0121
1.01211
1.01211
1.01212
1.01213
1.01213
1.01214
1.01214
1.01214
1.01214
1.01214
1.01214
1.01214
1.01214
1.01213
1.01213
1.01213
1.01212
1.01212
1.01211
1.0121
1.0121
1.01209
1.01208
1.01207
1.01207
1.01206
1.01205
1.01204
1.01203
1.01202
1.01202
1.01201
1.012
1.01199
1.01199
1.01198
1.01197
1.01196
1.01196
1.01195
1.01194
1.01193
1.01192
1.01192
1.01191
1.01191
1.01191
1.0119
1.0119
1.01189
1.01189
1.01189
1.01188
1.01188
1.01187
1.01187
1.01187
1.01186
1.01186
1.01186
1.01186
1.01186
1.01186
1.01186
1.01186
1.01186
1.01186
1.01186
1.01186
1.01186
1.01186
1.01186
1.01186
1.01186
1.01186
1.01186
1.01186
1.01186
1.01186
1.01186
1.01186
1.01186
1.01186
1.01186
1.01186
1.01186
1.01186
1.01186
1.01186
1.01186
1.01186
1.01186
1.01186
1.01186
1.01187
1.01187
1.01187
1.01188
1.01188
1.01189
1.01189
1.01189
1.0119
1.0119
1.0119
1.0119
1.0119
1.0119
1.0119
1.0119
1.0119
1.0119
1.0119
1.0119
1.0119
1.0119
1.0119
1.0119
1.0119
1.0119
1.0119
1.0119
1.0119
1.0119
1.0119
1.0119
1.0119
1.0119
1.0119
1.0119
1.0119
1.0119
1.0119
1.0119
1.0119
1.0119
1.0119
1.0119
1.0119
1.0119
1.0119
1.0119
1.0119
1.0119
1.0119
1.0119
1.0119
1.0119
1.0119
1.0119
1.0119
1.0119
1.0119
1.0119
1.0119
1.0119
1.0119
1.0119
1.0119
1.0119
1.0119
1.0119
1.0119
1.0119
1.0119
1.0119
1.0119
1.0119
1.0119
1.0119
1.0119
1.0119
1.0119
1.0119
1.0119
1.0119
1.0119
1.0119
1.0119
1.0119
1.0119
1.0119
1.0119
1.0119
1.0119
1.0119
1.0119
1.0119
1.0119
1.0119
1.0119
1.0119
1.0119
1.0119
1.0119
1.0119
1.0119
1.0119
1.0119
1.0119
1.0119
1.0119
1.0119
1.0119
1.0119
1.0119
1.0119
1.0119
1.0119
1.0119
1.0119
1.0119
1.0119
1.0119
1.0119
1.0119
1.0119
1.0119
1.0119
1.0119
1.0119
1.0119
1.0119
1.0119
1.0119
1.0119
1.0119
1.0119
1.0119
1.0119
1.0119
1.0119
1.0119
1.0119
1.0119
1.0119
1.0119
1.0119
1.0119
1.0119
1.0119
1.0119
1.0119
1.0119
1.0119
1.0119
1.0119
1.0119
1.0119
1.0119
1.0119
1.0119
1.0119
1.0119
1.0119
1.0119
1.0119
1.0119
1.0119
1.0119
1.0119
1.0119
1.0119
1.0119
1.0119
1.0119
1.0119
1.0119
1.0119
1.0119
1.0119
1.0119
1.0119
1.0119
1.0119
1.0119
1.0119
1.0119
1.0119
1.0119
1.0119
1.0119
1.0119
1.0119
1.0119
1.0119
1.0119
1.0119
1.0119
1.0119
1.0119
1.0119
1.0119
1.0119
1.0119
1.0119
1.0119
1.0119
1.0119
1.0119
1.0119
1.0119
1.0119
1.0119
1.0119
1.0119
1.0119
1.0119
1.0119
1.0119
1.0119
1.0119
1.0119
1.0119
1.0119
1.0119
1.0119
1.0119
1.0119
1.0119
1.0119
1.0119
1.0119
1.0119
1.0119
1.0119
1.0119
1.0119
1.0119
1.0119
1.0119
1.0119
1.0119
1.0119
1.0119
1.0119
1.0119
1.0119
1.0119
1.0119
1.0119
1.0119
1.0119
1.0119
1.0119
1.0119
1.0119
1.0119
1.0119
1.0119
1.0119
1.0119
1.0119
1.0119
1.0119
1.0119
1.0119
1.0119
1.0119
1.0119
1.0119
1.0119
1.0119
1.0119
1.0119
1.0119
1.0119
1.0119
1.0119
1.0119
1.0119
1.0119
1.0119
1.0119
1.0119
1.0119
1.0119
1.0119
1.0119
1.0119
1.0119
1.0119
1.0119
1.0119
1.0119
1.0119
1.0119
1.0119
1.0119
1.0119
1.0119
1.0119
1.0119
1.0119
1.0119
1.0119
1.0119
1.0119
1.0119
1.0119
1.0119
1.0119
1.0119
1.0119
1.0119
1.0119
1.0119
1.0119
1.0119
1.0119
1.0119
1.0119
1.0119
1.0119
1.0119
1.0119
1.0119
1.0119
1.0119
1.0119
1.0119
1.0119
1.0119
1.0119
1.0119
1.0119
1.0119
1.0119
1.0119
1.0119
1.0119
1.0119
1.0119
1.0119
1.0119
1.0119
1.0119
1.0119
1.0119
1.0119
1.0119
1.0119
1.0119
1.0119
1.0119
1.0119
1.0119
1.0119
1.0119
1.0119
1.0119
1.0119
1.0119
1.0119
1.0119
1.0119
1.0119
1.0119
1.0119
1.0119
1.0119
1.0119
1.0119
1.0119
1.0119
1.0119
1.0119
1.0119
1.0119
1.0119
1.0119
1.0119
1.0119
1.0119
1.0119
1.0119
1.0119
1.0119
1.0119
1.0119
1.0119
1.0119
1.0119
1.0119
1.0119
1.0119
1.0119
1.0119
1.0119
1.0119
1.0119
1.0119
1.0119
1.0119
1.0119
1.0119
1.0119
1.0119
1.0119
1.0119
1.0119
1.0119
1.0119
1.0119
1.0119
1.0119
1.0119
1.0119
1.0119
1.0119
1.0119
1.0119
1.0119
1.0119
1.0119
1.0119
1.0119
1.0119
1.0119
1.0119
1.0119
1.0119
1.0119
1.0119
1.0119
1.0119
1.0119
1.0119
1.0119
1.0119
1.0119
1.0119
1.0119
1.0119
1.0119
1.0119
1.0119
1.0119
1.0119
1.0119
1.0119
1.0119
1.0119
1.0119
1.0119
1.0119
1.0119
1.0119
1.0119
1.0119
1.0119
1.0119
1.0119
1.0119
1.0119
1.0119
1.0119
1.0119
1.0119
1.0119
1.0119
1.0119
1.0119
1.0119
1.0119
1.0119
1.0119
1.0119
1.0119
1.0119
1.0119
1.0119
1.0119
1.0119
1.0119
1.0119
1.0119
1.0119
1.0119
1.0119
1.0119
1.0119
1.0119
1.0119
1.0119
1.0119
1.0119
1.0119
1.0119
1.0119
1.0119
1.0119
1.0119
1.0119
1.0119
1.0119
1.0119
1.0119
1.0119
1.0119
1.0119
1.0119
1.0119
1.0119
1.0119
1.0119
1.0119
1.0119
1.0119
1.0119
1.0119
1.0119
1.0119
1.0119
1.0119
1.0119
1.0119
1.0119
1.0119
1.0119
1.0119
1.0119
1.0119
1.0119
1.0119
1.0119
1.0119
1.0119
1.0119
1.0119
1.0119
1.0119
1.0119
1.0119
1.0119
1.0119
1.0119
1.0119
1.0119
1.0119
1.0119
1.0119
1.0119
1.0119
1.0119
1.0119
1.0119
1.0119
1.0119
1.0119
1.0119
1.0119
1.0119
1.0119
1.0119
1.0119
1.0119
1.0119
1.0119
1.0119
1.0119
1.0119
1.0119
1.0119
1.0119
1.0119
1.0119
1.0119
1.0119
1.0119
1.0119
1.0119
1.0119
1.0119
1.0119
1.0119
1.0119
1.0119
1.0119
1.0119
1.0119
1.0119
1.0119
1.0119
1.0119
1.0119
1.0119
1.0119
1.0119
1.0119
1.0119
1.0119
1.0119
1.0119
1.0119
1.0119
1.0119
1.0119
1.0119
1.0119
1.0119
1.0119
1.0119
1.0119
1.0119
1.0119
1.0119
1.0119
1.0119
1.0119
