0
0
0
0
3.8147e-06
0.00012207
0.000629425
0.00186539
0.00412369
0.00767899
0.0127754
0.0196571
0.0285301
0.0460129
0.0606613
0.0777206
0.0972099
0.119118
0.14344
0.170174
0.199314
0.230862
0.264816
0.301174
0.339931
0.381065
0.424385
0.469521
0.516079
0.563698
0.612137
0.661148
0.710411
0.759609
0.808422
0.856564
0.903767
0.949776
0.994335
1.03723
1.09802
1.11726
1.15415
1.20556
1.23722
1.26679
1.29428
1.31971
1.34305
1.36433
1.38354
1.40069
1.41578
1.42882
1.4398
1.44873
1.45561
1.46044
1.46386
1.46358
1.46126
1.4569
1.45049
1.44205
1.43158
1.41908
1.40456
1.38816
1.37004
1.35037
1.31842
1.30721
1.27222
1.248
1.22329
1.19829
1.17317
1.14809
1.12323
1.08671
1.0748
1.04009
1.01796
0.996746
0.976582
0.957539
0.939701
0.923138
0.907894
0.893993
0.881393
0.870159
0.86031
0.851799
0.844608
0.83873
0.834145
0.830833
0.828773
0.827919
0.828224
0.829651
0.832138
0.835617
0.840038
0.845325
0.85141
0.858223
0.865692
0.877953
0.882286
0.891273
0.900623
0.910252
0.920097
0.930084
0.940144
0.950214
0.96524
0.975105
0.984779
0.994202
1.00332
1.01208
1.02042
1.02831
1.03571
1.0426
1.04897
1.05478
1.06244
1.0647
1.06881
1.07233
1.07529
1.07866
1.0795
1.08123
1.08155
1.08173
1.08126
1.08086
1.07901
1.07728
1.07519
1.07277
1.07005
1.06707
1.06386
1.06044
1.05684
1.05309
1.04922
1.04525
1.04121
1.03713
1.03304
1.02692
1.0249
1.01893
1.01506
1.0113
1.00767
1.00419
1.00087
0.997742
0.994808
0.992073
0.989555
0.986187
0.985172
0.982487
0.981701
0.979706
0.979149
0.977833
0.977505
0.976845
0.97673
0.976685
0.976765
0.97728
0.97784
0.97818
0.97942
0.980423
0.981548
0.98278
0.984112
0.985527
0.987015
0.98856
0.990154
0.991779
0.993427
0.995087
0.996765
0.998444
1.0001
1.00173
1.00334
1.00491
1.00642
1.00788
1.00929
1.01062
1.01188
1.01363
1.01417
1.01518
1.01611
1.01733
1.01802
1.01862
1.01912
1.01953
1.01985
1.02007
1.02021
1.02025
1.02017
1.0201
1.01978
1.01963
1.0193
1.01868
1.0182
1.01766
1.01708
1.01678
1.01581
1.01514
1.01443
1.01372
1.01299
1.01225
1.01152
1.01079
1.01006
1.00932
1.00826
1.00756
1.00689
1.00624
1.00563
1.00476
1.00423
1.00373
1.00327
1.00285
1.00247
1.00212
1.00183
1.00145
1.00126
1.00109
1.00098
1.0009
1.00085
1.00086
1.0009
1.00098
1.00109
1.00124
1.0014
1.00159
1.00181
1.00205
1.0023
1.00257
1.00286
1.00316
1.00347
1.00377
1.00409
1.00443
1.00476
1.0051
1.00541
1.00587
1.00602
1.00648
1.00675
1.00703
1.00729
1.00753
1.00776
1.00808
1.00826
1.00843
1.00858
1.00871
1.00883
1.00892
1.009
1.00906
1.00911
1.00912
1.00912
1.00911
1.00908
1.00904
1.00898
1.00887
1.00883
1.00874
1.00859
1.00853
1.00835
1.00822
1.0081
1.00798
1.00785
1.0077
1.00755
1.0074
1.00724
1.00709
1.00691
1.00685
1.00673
1.0066
1.00648
1.00636
1.00619
1.0061
1.00605
1.00592
1.00587
1.00577
1.00571
1.00565
1.00559
1.00556
1.00553
1.0055
1.00548
1.00548
1.00548
1.00548
1.00549
1.00551
1.00555
1.00557
1.00562
1.00565
1.00568
1.00574
1.00581
1.00587
1.00593
1.00602
1.00608
1.00614
1.0062
1.00626
1.00632
1.00639
1.00645
1.00651
1.0066
1.00663
1.00672
1.00678
1.00681
1.00684
1.00687
1.0069
1.00693
1.00696
1.00699
1.00702
1.00705
1.00705
1.00705
1.00705
1.00705
1.00705
1.00705
1.00705
1.00705
1.00705
1.00705
1.00702
1.007
1.00697
1.00693
1.0069
1.00687
1.00684
1.00681
1.00677
1.00674
1.00671
1.00668
1.00665
1.00662
1.00659
1.00656
1.00653
1.0065
1.00647
1.00644
1.00639
1.00638
1.00637
1.00637
1.00637
1.00637
1.00637
1.00637
1.00637
1.00637
1.00637
1.00637
1.00637
1.00637
1.00637
1.00637
1.00637
1.00637
1.00637
1.00637
1.00637
1.00637
1.00637
1.00637
1.00637
1.00637
1.00637
1.00637
1.00637
1.00637
1.00637
1.00638
1.00641
1.00644
1.00647
1.0065
1.00653
1.00657
1.0066
1.00663
1.00665
1.00665
1.00665
1.00665
1.00665
1.00665
1.00665
1.00665
1.00665
1.00665
1.00665
1.00665
1.00665
1.00665
1.00665
1.00665
1.00665
1.00665
1.00665
1.00665
1.00665
1.00665
1.00665
1.00665
1.00665
1.00665
1.00665
1.00665
1.00665
1.00665
1.00665
1.00665
1.00665
1.00665
1.00665
1.00665
1.00665
1.00665
1.00665
1.00665
1.00665
1.00665
1.00665
1.00665
1.00665
1.00665
1.00665
1.00665
1.00665
1.00665
1.00665
1.00665
1.00665
1.00665
1.00665
1.00665
1.00665
1.00665
1.00665
1.00665
1.00665
1.00665
1.00665
1.00665
1.00665
1.00665
1.00665
1.00665
1.00665
1.00665
1.00665
1.00665
1.00665
1.00665
1.00665
1.00665
1.00665
1.00665
1.00665
1.00665
1.00665
1.00665
1.00665
1.00665
1.00665
1.00665
1.00665
1.00665
1.00665
1.00665
1.00665
1.00665
1.00665
1.00665
1.00665
1.00665
1.00665
1.00665
1.00665
1.00665
1.00665
1.00665
1.00665
1.00665
1.00665
1.00665
1.00665
1.00665
1.00665
1.00665
1.00665
1.00665
1.00665
1.00665
1.00665
1.00665
1.00665
1.00665
1.00665
1.00665
1.00665
1.00665
1.00665
1.00665
1.00665
1.00665
1.00665
1.00665
1.00665
1.00665
1.00665
1.00665
1.00665
1.00665
1.00665
1.00665
1.00665
1.00665
1.00665
1.00665
1.00665
1.00665
1.00665
1.00665
1.00665
1.00665
1.00665
1.00665
1.00665
1.00665
1.00665
1.00665
1.00665
1.00665
1.00665
1.00665
1.00665
1.00665
1.00665
1.00665
1.00665
1.00665
1.00665
1.00665
1.00665
1.00665
1.00665
1.00665
1.00665
1.00665
1.00665
1.00665
1.00665
1.00665
1.00665
1.00665
1.00665
1.00665
1.00665
1.00665
1.00665
1.00665
1.00665
1.00665
1.00665
1.00665
1.00665
1.00665
1.00665
1.00665
1.00665
1.00665
1.00665
1.00665
1.00665
1.00665
1.00665
1.00665
1.00665
1.00665
1.00665
1.00665
1.00665
1.00665
1.00665
1.00665
1.00665
1.00665
1.00665
1.00665
1.00665
1.00665
1.00665
1.00665
1.00665
1.00665
1.00665
1.00665
1.00665
1.00665
1.00665
1.00665
1.00665
1.00665
1.00665
1.00665
1.00665
1.00665
1.00665
1.00665
1.00665
1.00665
1.00665
1.00665
1.00665
1.00665
1.00665
1.00665
1.00665
1.00665
1.00665
1.00665
1.00665
1.00665
1.00665
1.00665
1.00665
1.00665
1.00665
1.00665
1.00665
1.00665
1.00665
1.00665
1.00665
1.00665
1.00665
1.00665
1.00665
1.00665
1.00665
1.00665
1.00665
1.00665
1.00665
1.00665
1.00665
1.00665
1.00665
1.00665
1.00665
1.00665
1.00665
1.00665
1.00665
1.00665
1.00665
1.00665
1.00665
1.00665
1.00665
1.00665
1.00665
1.00665
1.00665
1.00665
1.00665
1.00665
1.00665
1.00665
1.00665
1.00665
1.00665
1.00665
1.00665
1.00665
1.00665
1.00665
1.00665
1.00665
1.00665
1.00665
1.00665
1.00665
1.00665
1.00665
1.00665
1.00665
1.00665
1.00665
1.00665
1.00665
1.00665
1.00665
1.00665
1.00665
1.00665
1.00665
1.00665
1.00665
1.00665
1.00665
1.00665
1.00665
1.00665
1.00665
1.00665
1.00665
1.00665
1.00665
1.00665
1.00665
1.00665
1.00665
1.00665
1.00665
1.00665
1.00665
1.00665
1.00665
1.00665
1.00665
1.00665
1.00665
1.00665
1.00665
1.00665
1.00665
1.00665
1.00665
1.00665
1.00665
1.00665
1.00665
1.00665
1.00665
1.00665
1.00665
1.00665
1.00665
1.00665
1.00665
1.00665
1.00665
1.00665
1.00665
1.00665
1.00665
1.00665
1.00665
1.00665
1.00665
1.00665
1.00665
1.00665
1.00665
1.00665
1.00665
1.00665
1.00665
1.00665
1.00665
1.00665
1.00665
1.00665
1.00665
1.00665
1.00665
1.00665
1.00665
1.00665
1.00665
1.00665
1.00665
1.00665
1.00665
1.00665
1.00665
1.00665
1.00665
1.00665
1.00665
1.00665
1.00665
1.00665
1.00665
1.00665
1.00665
1.00665
1.00665
1.00665
1.00665
1.00665
1.00665
1.00665
1.00665
1.00665
1.00665
1.00665
1.00665
1.00665
1.00665
1.00665
1.00665
1.00665
1.00665
1.00665
1.00665
1.00665
1.00665
1.00665
1.00665
1.00665
1.00665
1.00665
1.00665
1.00665
1.00665
1.00665
1.00665
1.00665
1.00665
1.00665
1.00665
1.00665
1.00665
1.00665
1.00665
1.00665
1.00665
1.00665
1.00665
1.00665
1.00665
1.00665
1.00665
1.00665
1.00665
1.00665
1.00665
1.00665
1.00665
1.00665
1.00665
1.00665
1.00665
1.00665
1.00665
1.00665
1.00665
1.00665
1.00665
1.00665
1.00665
1.00665
1.00665
1.00665
1.00665
1.00665
1.00665
1.00665
1.00665
1.00665
1.00665
1.00665
1.00665
1.00665
1.00665
1.00665
1.00665
1.00665
1.00665
1.00665
1.00665
1.00665
1.00665
1.00665
1.00665
1.00665
1.00665
1.00665
1.00665
1.00665
1.00665
1.00665
1.00665
1.00665
1.00665
1.00665
1.00665
1.00665
1.00665
1.00665
1.00665
1.00665
1.00665
1.00665
1.00665
1.00665
1.00665
1.00665
1.00665
1.00665
1.00665
1.00665
1.00665
1.00665
1.00665
1.00665
1.00665
1.00665
1.00665
1.00665
1.00665
1.00665
1.00665
1.00665
1.00665
1.00665
1.00665
1.00665
1.00665
1.00665
1.00665
1.00665
1.00665
1.00665
1.00665
1.00665
1.00665
1.00665
1.00665
1.00665
1.00665
1.00665
1.00665
1.00665
