0
0
0
0
0
0.00012207
0.000305176
0.00113678
0.0041275
0.0076828
0.0100288
0.0159874
0.0285378
0.039608
0.0530396
0.0688934
0.0871735
0.107868
0.130981
0.156509
0.184448
0.214794
0.247547
0.282703
0.320259
0.360218
0.424603
0.447178
0.493771
0.566555
0.591393
0.641624
0.717659
0.743011
0.793476
0.843342
0.892307
0.963436
1.00892
1.031
1.07368
1.11428
1.17125
1.2066
1.23986
1.27104
1.30014
1.32716
1.35211
1.37498
1.39579
1.41454
1.43123
1.44587
1.45845
1.46898
1.47745
1.48388
1.48827
1.49061
1.49091
1.48753
1.48539
1.47589
1.46702
1.45611
1.44317
1.4282
1.41121
1.39224
1.36044
1.33733
1.31295
1.28754
1.26131
1.23454
1.20742
1.1801
1.15269
1.1254
1.08504
1.05875
1.03314
1.00835
0.984524
0.961784
0.940292
0.920147
0.90144
0.884209
0.868515
0.854401
0.841892
0.831009
0.821751
0.810913
0.808105
0.803673
0.799923
0.799419
0.800079
0.800079
0.80381
0.807884
0.813137
0.823036
0.830849
0.835083
0.848957
0.859055
0.869705
0.880814
0.892296
0.904049
0.915974
0.927982
0.939995
0.951946
0.963802
0.975498
0.986916
0.998013
1.00874
1.01905
1.02887
1.03817
1.04689
1.055
1.06248
1.06929
1.07543
1.08086
1.08559
1.08961
1.09292
1.09553
1.09744
1.09868
1.09926
1.09894
1.09853
1.09727
1.09546
1.0918
1.09034
1.08532
1.08149
1.07944
1.07513
1.06815
1.06324
1.06072
1.05297
1.04769
1.04235
1.03701
1.03169
1.02642
1.02125
1.0162
1.0113
1.00657
1.00205
0.997746
0.993675
0.989876
0.986343
0.983097
0.980141
0.976273
0.975136
0.973099
0.971367
0.969349
0.968388
0.968018
0.967499
0.967262
0.9673
0.967846
0.968513
0.968933
0.969936
0.971821
0.973301
0.974941
0.975815
0.97863
0.980644
0.982746
0.984921
0.987144
0.989403
0.991692
0.99398
0.996243
0.998482
1.00068
1.00282
1.0049
1.00691
1.00885
1.01071
1.01247
1.01492
1.01642
1.01779
1.01904
1.02017
1.02118
1.02204
1.02277
1.02337
1.02383
1.02417
1.02437
1.02444
1.02434
1.02413
1.02398
1.02361
1.02288
1.02228
1.02161
1.02085
1.02004
1.01917
1.01824
1.01727
1.01627
1.01523
1.01418
1.01311
1.01204
1.01097
1.00991
1.00887
1.00734
1.00636
1.00589
1.00452
1.00365
1.00285
1.00209
1.00139
1.00075
1.00017
0.999649
0.999195
0.998806
0.998478
0.998219
0.99802
0.997883
0.997807
0.997787
0.997826
0.997913
0.998055
0.998245
0.998611
0.998753
0.999233
0.999413
0.99979
1.00019
1.00062
1.0013
1.00153
1.002
1.00273
1.00322
1.00371
1.0042
1.00468
1.00514
1.0056
1.00603
1.00646
1.00686
1.00724
1.0076
1.00794
1.00825
1.00854
1.0088
1.00904
1.00926
1.00944
1.00966
1.00978
1.00986
1.00993
1.00996
1.00997
1.00995
1.00991
1.00985
1.00977
1.00966
1.00948
1.00932
1.00917
1.00898
1.0088
1.00861
1.0084
1.00818
1.00797
1.00776
1.00754
1.00733
1.00711
1.0069
1.00669
1.00647
1.00626
1.00606
1.00588
1.0057
1.00544
1.00529
1.00521
1.00501
1.00489
1.00478
1.00469
1.0046
1.00454
1.00448
1.00444
1.00441
1.0044
1.0044
1.0044
1.00443
1.00446
1.00449
1.00454
1.0046
1.00467
1.00473
1.00482
1.00491
1.005
1.0051
1.00519
1.00528
1.00537
1.00546
1.00555
1.00565
1.00574
1.00587
1.00592
1.00601
1.0061
1.0062
1.00633
1.00638
1.00649
1.00655
1.00661
1.00665
1.00674
1.00679
1.00682
1.00685
1.00688
1.00691
1.00694
1.00694
1.00694
1.00694
1.00694
1.00694
1.00694
1.0069
1.00687
1.00684
1.00681
1.00678
1.00675
1.00672
1.00669
1.00666
1.00663
1.0066
1.00657
1.00654
1.00646
1.0064
1.00637
1.00636
1.00633
1.00628
1.00625
1.00622
1.00619
1.00616
1.00613
1.0061
1.00607
1.00604
1.00601
1.00598
1.00595
1.00592
1.00589
1.00586
1.00586
1.00586
1.00586
1.00586
1.00586
1.00586
1.00586
1.00586
1.00586
1.00586
1.00586
1.00586
1.00586
1.00586
1.00586
1.00589
1.00592
1.00595
1.00598
1.00601
1.00604
1.00607
1.0061
1.00613
1.00616
1.0062
1.00623
1.00626
1.00629
1.00631
1.00631
1.00631
1.00631
1.00631
1.00631
1.00631
1.00631
1.00631
1.00631
1.00631
1.00631
1.00631
1.00631
1.00631
1.00631
1.00631
1.00631
1.00631
1.00631
1.00631
1.00631
1.00631
1.00631
1.00631
1.00631
1.00631
1.00631
1.00631
1.00631
1.00631
1.00631
1.00631
1.00631
1.00631
1.00631
1.00631
1.00631
1.00631
1.00631
1.00631
1.00631
1.00631
1.00631
1.00631
1.00631
1.00631
1.00631
1.00631
1.00631
1.00631
1.00631
1.00631
1.00631
1.00631
1.00631
1.00631
1.00631
1.00631
1.00631
1.00631
1.00631
1.00631
1.00631
1.00631
1.00631
1.00631
1.00631
1.00631
1.00631
1.00631
1.00631
1.00631
1.00631
1.00631
1.00631
1.00631
1.00631
1.00631
1.00631
1.00631
1.00631
1.00631
1.00631
1.00631
1.00631
1.00631
1.00631
1.00631
1.00631
1.00631
1.00631
1.00631
1.00631
1.00631
1.00631
1.00631
1.00631
1.00631
1.00631
1.00631
1.00631
1.00631
1.00631
1.00631
1.00631
1.00631
1.00631
1.00631
1.00631
1.00631
1.00631
1.00631
1.00631
1.00631
1.00631
1.00631
1.00631
1.00631
1.00631
1.00631
1.00631
1.00631
1.00631
1.00631
1.00631
1.00631
1.00631
1.00631
1.00631
1.00631
1.00631
1.00631
1.00631
1.00631
1.00631
1.00631
1.00631
1.00631
1.00631
1.00631
1.00631
1.00631
1.00631
1.00631
1.00631
1.00631
1.00631
1.00631
1.00631
1.00631
1.00631
1.00631
1.00631
1.00631
1.00631
1.00631
1.00631
1.00631
1.00631
1.00631
1.00631
1.00631
1.00631
1.00631
1.00631
1.00631
1.00631
1.00631
1.00631
1.00631
1.00631
1.00631
1.00631
1.00631
1.00631
1.00631
1.00631
1.00631
1.00631
1.00631
1.00631
1.00631
1.00631
1.00631
1.00631
1.00631
1.00631
1.00631
1.00631
1.00631
1.00631
1.00631
1.00631
1.00631
1.00631
1.00631
1.00631
1.00631
1.00631
1.00631
1.00631
1.00631
1.00631
1.00631
1.00631
1.00631
1.00631
1.00631
1.00631
1.00631
1.00631
1.00631
1.00631
1.00631
1.00631
1.00631
1.00631
1.00631
1.00631
1.00631
1.00631
1.00631
1.00631
1.00631
1.00631
1.00631
1.00631
1.00631
1.00631
1.00631
1.00631
1.00631
1.00631
1.00631
1.00631
1.00631
1.00631
1.00631
1.00631
1.00631
1.00631
1.00631
1.00631
1.00631
1.00631
1.00631
1.00631
1.00631
1.00631
1.00631
1.00631
1.00631
1.00631
1.00631
1.00631
1.00631
1.00631
1.00631
1.00631
1.00631
1.00631
1.00631
1.00631
1.00631
1.00631
1.00631
1.00631
1.00631
1.00631
1.00631
1.00631
1.00631
1.00631
1.00631
1.00631
1.00631
1.00631
1.00631
1.00631
1.00631
1.00631
1.00631
1.00631
1.00631
1.00631
1.00631
1.00631
1.00631
1.00631
1.00631
1.00631
1.00631
1.00631
1.00631
1.00631
1.00631
1.00631
1.00631
1.00631
1.00631
1.00631
1.00631
1.00631
1.00631
1.00631
1.00631
1.00631
1.00631
1.00631
1.00631
1.00631
1.00631
1.00631
1.00631
1.00631
1.00631
1.00631
1.00631
1.00631
1.00631
1.00631
1.00631
1.00631
1.00631
1.00631
1.00631
1.00631
1.00631
1.00631
1.00631
1.00631
1.00631
1.00631
1.00631
1.00631
1.00631
1.00631
1.00631
1.00631
1.00631
1.00631
1.00631
1.00631
1.00631
1.00631
1.00631
1.00631
1.00631
1.00631
1.00631
1.00631
1.00631
1.00631
1.00631
1.00631
1.00631
1.00631
1.00631
1.00631
1.00631
1.00631
1.00631
1.00631
1.00631
1.00631
1.00631
1.00631
1.00631
1.00631
1.00631
1.00631
1.00631
1.00631
1.00631
1.00631
1.00631
1.00631
1.00631
1.00631
1.00631
1.00631
1.00631
1.00631
1.00631
1.00631
1.00631
1.00631
1.00631
1.00631
1.00631
1.00631
1.00631
1.00631
1.00631
1.00631
1.00631
1.00631
1.00631
1.00631
1.00631
1.00631
1.00631
1.00631
1.00631
1.00631
1.00631
1.00631
1.00631
1.00631
1.00631
1.00631
1.00631
1.00631
1.00631
1.00631
1.00631
1.00631
1.00631
1.00631
1.00631
1.00631
1.00631
1.00631
1.00631
1.00631
1.00631
1.00631
1.00631
1.00631
1.00631
1.00631
1.00631
1.00631
1.00631
1.00631
1.00631
1.00631
1.00631
1.00631
1.00631
1.00631
1.00631
1.00631
1.00631
1.00631
1.00631
1.00631
1.00631
1.00631
1.00631
1.00631
1.00631
1.00631
1.00631
1.00631
1.00631
1.00631
1.00631
1.00631
1.00631
1.00631
1.00631
1.00631
1.00631
1.00631
1.00631
1.00631
1.00631
1.00631
1.00631
1.00631
1.00631
1.00631
1.00631
1.00631
1.00631
1.00631
1.00631
1.00631
1.00631
1.00631
1.00631
1.00631
1.00631
1.00631
1.00631
1.00631
1.00631
1.00631
1.00631
1.00631
1.00631
1.00631
1.00631
1.00631
1.00631
1.00631
1.00631
1.00631
1.00631
1.00631
1.00631
1.00631
1.00631
1.00631
1.00631
1.00631
1.00631
1.00631
1.00631
1.00631
1.00631
1.00631
1.00631
1.00631
1.00631
1.00631
1.00631
1.00631
1.00631
1.00631
1.00631
1.00631
1.00631
1.00631
1.00631
1.00631
1.00631
1.00631
1.00631
1.00631
1.00631
1.00631
1.00631
1.00631
1.00631
1.00631
1.00631
1.00631
1.00631
1.00631
1.00631
1.00631
1.00631
1.00631
1.00631
1.00631
1.00631
1.00631
1.00631
1.00631
1.00631
1.00631
1.00631
1.00631
1.00631
1.00631
1.00631
1.00631
1.00631
