0
0
0
0
0
3.43323e-05
0.000629425
0.00186539
0.00412369
0.00767899
0.0127754
0.0196571
0.0285301
0.0337791
0.0530319
0.0688858
0.0871658
0.107861
0.130974
0.156502
0.184441
0.214787
0.24754
0.282696
0.320251
0.381039
0.424259
0.446552
0.492279
0.563046
0.61113
0.659508
0.707886
0.756016
0.803596
0.850311
0.895874
0.940018
0.982521
1.02319
1.0619
1.09864
1.13336
1.16601
1.21106
1.2385
1.26386
1.28714
1.30835
1.3275
1.34459
1.35961
1.37257
1.38348
1.39234
1.40178
1.40551
1.40661
1.40727
1.4059
1.4
1.39351
1.38951
1.37455
1.36227
1.34835
1.33298
1.3163
1.2985
1.27973
1.26013
1.23987
1.21908
1.19795
1.16587
1.1444
1.13369
1.11238
1.08097
1.06058
1.04078
1.02164
1.00323
0.985657
0.969009
0.953365
0.938778
0.918953
0.907154
0.896515
0.887051
0.878769
0.871685
0.865803
0.861095
0.857544
0.855103
0.853745
0.853409
0.854042
0.855602
0.858025
0.861259
0.865242
0.869934
0.875271
0.881191
0.88763
0.894535
0.901844
0.909489
0.917408
0.925556
0.938068
0.942287
0.950764
0.959244
0.967674
0.980106
0.984169
0.992142
1.00365
1.01097
1.01795
1.02457
1.0308
1.04199
1.04919
1.05341
1.05718
1.0605
1.06336
1.06576
1.06771
1.0692
1.07026
1.07104
1.07109
1.07091
1.07035
1.06943
1.06817
1.0666
1.06474
1.06262
1.06025
1.05631
1.0549
1.05044
1.04731
1.04407
1.04075
1.03737
1.03396
1.03054
1.02714
1.02376
1.02044
1.01718
1.014
1.01093
1.00654
1.00377
1.00115
0.99868
0.996365
0.994209
0.992214
0.990391
0.988743
0.986603
0.985401
0.984379
0.983536
0.982872
0.98238
0.982059
0.981907
0.981915
0.982212
0.982586
0.983089
0.983715
0.984463
0.985313
0.986259
0.987293
0.9884
0.989574
0.99081
0.992096
0.99342
0.99477
0.996143
0.997517
0.99889
1.00026
1.00164
1.00298
1.0043
1.00558
1.00682
1.00859
1.00916
1.01076
1.01126
1.01222
1.01311
1.01431
1.01502
1.01565
1.0162
1.01668
1.01708
1.0174
1.01765
1.01782
1.01792
1.01795
1.01791
1.01781
1.01765
1.01743
1.01716
1.01684
1.01647
1.01606
1.01561
1.01488
1.01436
1.01381
1.01324
1.01266
1.01208
1.01151
1.01093
1.01035
1.00977
1.00919
1.00862
1.00807
1.00754
1.00703
1.00654
1.00607
1.00562
1.0052
1.0048
1.00443
1.00409
1.00378
1.0035
1.00314
1.00293
1.00276
1.00262
1.00251
1.00243
1.00237
1.00235
1.00235
1.00238
1.00244
1.00257
1.00268
1.00281
1.00296
1.00313
1.00331
1.00351
1.00383
1.00393
1.00427
1.00439
1.00463
1.005
1.00525
1.00549
1.00573
1.00598
1.00622
1.00644
1.00665
1.00686
1.00707
1.00725
1.00743
1.0076
1.00776
1.00791
1.00803
1.00815
1.00825
1.00834
1.00842
1.00848
1.00856
1.00859
1.00862
1.00862
1.00862
1.00861
1.00858
1.00854
1.00851
1.00845
1.00838
1.00832
1.00826
1.00817
1.00808
1.00798
1.00789
1.0078
1.00771
1.00762
1.00753
1.00743
1.00734
1.00725
1.00716
1.00707
1.00698
1.00689
1.00679
1.0067
1.00661
1.00652
1.00646
1.0064
1.00634
1.00628
1.00621
1.00613
1.0061
1.00607
1.00604
1.00601
1.00598
1.00598
1.00598
1.00598
1.00598
1.00598
1.00598
1.00599
1.00602
1.00605
1.00608
1.00611
1.00614
1.00619
1.0062
1.00623
1.00626
1.00629
1.00634
1.00636
1.00639
1.00643
1.00645
1.00649
1.00651
1.00655
1.00658
1.0066
1.00665
1.00668
1.00671
1.00674
1.00677
1.0068
1.00683
1.00686
1.00689
1.00692
1.00695
1.00698
1.00701
1.00704
1.00704
1.00704
1.00704
1.00704
1.00704
1.00704
1.00704
1.00704
1.00704
1.00704
1.00704
1.00704
1.00704
1.00704
1.00704
1.00704
1.00704
1.00704
1.00704
1.00702
1.00698
1.00695
1.00692
1.00689
1.00686
1.00682
1.00679
1.00676
1.00673
1.0067
1.00666
1.00664
1.00663
1.00663
1.00663
1.00663
1.00663
1.00663
1.00663
1.00663
1.00663
1.00663
1.00663
1.00663
1.00663
1.00663
1.00663
1.00663
1.00663
1.00663
1.00663
1.00663
1.00663
1.00663
1.00663
1.00663
1.00663
1.00663
1.00663
1.00663
1.00663
1.00663
1.00663
1.00663
1.00663
1.00663
1.00663
1.00663
1.00663
1.00663
1.00663
1.00663
1.00663
1.00663
1.00663
1.00663
1.00663
1.00663
1.00663
1.00663
1.00663
1.00663
1.00663
1.00663
1.00663
1.00663
1.00663
1.00663
1.00663
1.00663
1.00663
1.00663
1.00663
1.00663
1.00663
1.00663
1.00663
1.00663
1.00663
1.00663
1.00663
1.00663
1.00663
1.00663
1.00663
1.00663
1.00663
1.00663
1.00663
1.00663
1.00663
1.00663
1.00663
1.00663
1.00663
1.00663
1.00663
1.00663
1.00663
1.00663
1.00663
1.00663
1.00663
1.00663
1.00663
1.00663
1.00663
1.00663
1.00663
1.00663
1.00663
1.00663
1.00663
1.00663
1.00663
1.00663
1.00663
1.00663
1.00663
1.00663
1.00663
1.00663
1.00663
1.00663
1.00663
1.00663
1.00663
1.00663
1.00663
1.00663
1.00663
1.00663
1.00663
1.00663
1.00663
1.00663
1.00663
1.00663
1.00663
1.00663
1.00663
1.00663
1.00663
1.00663
1.00663
1.00663
1.00663
1.00663
1.00663
1.00663
1.00663
1.00663
1.00663
1.00663
1.00663
1.00663
1.00663
1.00663
1.00663
1.00663
1.00663
1.00663
1.00663
1.00663
1.00663
1.00663
1.00663
1.00663
1.00663
1.00663
1.00663
1.00663
1.00663
1.00663
1.00663
1.00663
1.00663
1.00663
1.00663
1.00663
1.00663
1.00663
1.00663
1.00663
1.00663
1.00663
1.00663
1.00663
1.00663
1.00663
1.00663
1.00663
1.00663
1.00663
1.00663
1.00663
1.00663
1.00663
1.00663
1.00663
1.00663
1.00663
1.00663
1.00663
1.00663
1.00663
1.00663
1.00663
1.00663
1.00663
1.00663
1.00663
1.00663
1.00663
1.00663
1.00663
1.00663
1.00663
1.00663
1.00663
1.00663
1.00663
1.00663
1.00663
1.00663
1.00663
1.00663
1.00663
1.00663
1.00663
1.00663
1.00663
1.00663
1.00663
1.00663
1.00663
1.00663
1.00663
1.00663
1.00663
1.00663
1.00663
1.00663
1.00663
1.00663
1.00663
1.00663
1.00663
1.00663
1.00663
1.00663
1.00663
1.00663
1.00663
1.00663
1.00663
1.00663
1.00663
1.00663
1.00663
1.00663
1.00663
1.00663
1.00663
1.00663
1.00663
1.00663
1.00663
1.00663
1.00663
1.00663
1.00663
1.00663
1.00663
1.00663
1.00663
1.00663
1.00663
1.00663
1.00663
1.00663
1.00663
1.00663
1.00663
1.00663
1.00663
1.00663
1.00663
1.00663
1.00663
1.00663
1.00663
1.00663
1.00663
1.00663
1.00663
1.00663
1.00663
1.00663
1.00663
1.00663
1.00663
1.00663
1.00663
1.00663
1.00663
1.00663
1.00663
1.00663
1.00663
1.00663
1.00663
1.00663
1.00663
1.00663
1.00663
1.00663
1.00663
1.00663
1.00663
1.00663
1.00663
1.00663
1.00663
1.00663
1.00663
1.00663
1.00663
1.00663
1.00663
1.00663
1.00663
1.00663
1.00663
1.00663
1.00663
1.00663
1.00663
1.00663
1.00663
1.00663
1.00663
1.00663
1.00663
1.00663
1.00663
1.00663
1.00663
1.00663
1.00663
1.00663
1.00663
1.00663
1.00663
1.00663
1.00663
1.00663
1.00663
1.00663
1.00663
1.00663
1.00663
1.00663
1.00663
1.00663
1.00663
1.00663
1.00663
1.00663
1.00663
1.00663
1.00663
1.00663
1.00663
1.00663
1.00663
1.00663
1.00663
1.00663
1.00663
1.00663
1.00663
1.00663
1.00663
1.00663
1.00663
1.00663
1.00663
1.00663
1.00663
1.00663
1.00663
1.00663
1.00663
1.00663
1.00663
1.00663
1.00663
1.00663
1.00663
1.00663
1.00663
1.00663
1.00663
1.00663
1.00663
1.00663
1.00663
1.00663
1.00663
1.00663
1.00663
1.00663
1.00663
1.00663
1.00663
1.00663
1.00663
1.00663
1.00663
1.00663
1.00663
1.00663
1.00663
1.00663
1.00663
1.00663
1.00663
1.00663
1.00663
1.00663
1.00663
1.00663
1.00663
1.00663
1.00663
1.00663
1.00663
1.00663
1.00663
1.00663
1.00663
1.00663
1.00663
1.00663
1.00663
1.00663
1.00663
1.00663
1.00663
1.00663
1.00663
1.00663
1.00663
1.00663
1.00663
1.00663
1.00663
1.00663
1.00663
1.00663
1.00663
1.00663
1.00663
1.00663
1.00663
1.00663
1.00663
1.00663
1.00663
1.00663
1.00663
1.00663
1.00663
1.00663
1.00663
1.00663
1.00663
1.00663
1.00663
1.00663
1.00663
1.00663
1.00663
1.00663
1.00663
1.00663
1.00663
1.00663
1.00663
1.00663
1.00663
1.00663
1.00663
1.00663
1.00663
1.00663
1.00663
1.00663
1.00663
1.00663
1.00663
1.00663
1.00663
1.00663
1.00663
1.00663
1.00663
1.00663
1.00663
1.00663
1.00663
1.00663
1.00663
1.00663
1.00663
1.00663
1.00663
1.00663
1.00663
1.00663
1.00663
1.00663
1.00663
1.00663
1.00663
1.00663
1.00663
1.00663
1.00663
1.00663
1.00663
1.00663
1.00663
1.00663
1.00663
1.00663
1.00663
1.00663
1.00663
1.00663
1.00663
1.00663
1.00663
1.00663
1.00663
1.00663
1.00663
1.00663
1.00663
1.00663
1.00663
1.00663
1.00663
1.00663
1.00663
1.00663
1.00663
1.00663
1.00663
1.00663
1.00663
1.00663
1.00663
1.00663
1.00663
1.00663
1.00663
1.00663
1.00663
1.00663
1.00663
1.00663
1.00663
1.00663
1.00663
1.00663
1.00663
1.00663
1.00663
1.00663
1.00663
1.00663
1.00663
1.00663
1.00663
1.00663
1.00663
1.00663
1.00663
1.00663
1.00663
1.00663
1.00663
1.00663
1.00663
1.00663
1.00663
1.00663
1.00663
