0
0
0
0
3.43323e-05
0.000307083
0.0011425
0.0018692
0.00573158
0.00768661
0.0159912
0.0238457
0.0337639
0.0457458
0.0596523
0.0753155
0.0925827
0.11132
0.13139
0.163721
0.186575
0.210321
0.234838
0.260008
0.285715
0.311844
0.338295
0.364977
0.391808
0.418705
0.459019
0.472412
0.499081
0.525539
0.551718
0.590317
0.615538
0.640308
0.664587
0.688328
0.711483
0.722832
0.755911
0.777143
0.797697
0.817566
0.836748
0.855223
0.872982
0.89002
0.906336
0.921944
0.936867
0.951118
0.971237
0.983816
0.995735
1.01239
1.01763
1.03236
1.04139
1.0498
1.05761
1.06482
1.07147
1.08043
1.08315
1.08823
1.09283
1.09694
1.1006
1.10528
1.10788
1.11008
1.11105
1.1134
1.11454
1.11536
1.11588
1.1161
1.11606
1.11577
1.11524
1.11449
1.11353
1.11239
1.11107
1.1088
1.10798
1.10622
1.10336
1.10133
1.10028
1.09699
1.09471
1.09237
1.08997
1.08753
1.08505
1.08254
1.08
1.07746
1.07491
1.07236
1.06981
1.06727
1.06476
1.06226
1.05979
1.05736
1.05496
1.05261
1.0503
1.04804
1.04474
1.04367
1.04054
1.03953
1.03754
1.03469
1.03286
1.03198
1.02942
1.02779
1.02624
1.02475
1.02333
1.02197
1.02069
1.01947
1.01831
1.01722
1.0162
1.01524
1.01434
1.0135
1.01272
1.01199
1.01133
1.01071
1.01015
1.0094
1.00896
1.00857
1.00823
1.00792
1.00766
1.00744
1.00726
1.00711
1.00699
1.00691
1.00685
1.00683
1.00683
1.00688
1.00691
1.00698
1.00707
1.00719
1.00739
1.00746
1.00771
1.0078
1.00809
1.00829
1.0085
1.00872
1.00895
1.00918
1.00942
1.00967
1.00991
1.01015
1.0104
1.01064
1.01089
1.01113
1.0115
1.01162
1.01199
1.01211
1.01233
1.01256
1.01279
1.01312
1.01333
1.01354
1.01374
1.01394
1.01412
1.01431
1.01448
1.01465
1.01481
1.01496
1.01511
1.01525
1.01539
1.01551
1.01563
1.01575
1.01585
1.01596
1.01605
1.01614
1.01622
1.0163
1.01637
1.01647
1.01653
1.01658
1.01662
1.01667
1.0167
1.01673
1.01678
1.01679
1.01681
1.01682
1.01684
1.01684
1.01684
1.01684
1.01684
1.01684
1.01681
1.0168
1.01678
1.01677
1.01675
1.01674
1.01672
1.01669
1.01666
1.01661
1.01658
1.01655
1.01652
1.01649
1.01646
1.01643
1.0164
1.01637
1.01634
1.01631
1.01626
1.01625
1.0162
1.01619
1.01616
1.01612
1.01608
1.01606
1.01602
1.016
1.01596
1.01593
1.0159
1.01587
1.01583
1.01581
1.0158
1.01578
1.01577
1.01575
1.01574
1.01572
1.01571
1.01569
1.01567
1.01566
1.01564
1.01563
1.01561
1.01559
1.01558
1.01556
1.01554
1.01553
1.01553
1.01553
1.01553
1.01553
1.01553
1.01553
1.01553
1.01553
1.01553
1.01553
1.01553
1.01553
1.01553
1.01553
1.01553
1.01553
1.01553
1.01553
1.01553
1.01553
1.01553
1.01553
1.01553
1.01553
1.01553
1.01553
1.01553
1.01553
1.01553
1.01553
1.01553
1.01553
1.01553
1.01553
1.01553
1.01553
1.01553
1.01553
1.01553
1.01553
1.01553
1.01553
1.01553
1.01553
1.01553
1.01553
1.01553
1.01553
1.01553
1.01553
1.01553
1.01553
1.01553
1.01553
1.01553
1.01553
1.01553
1.01553
1.01553
1.01553
1.01553
1.01553
1.01553
1.01553
1.01553
1.01553
1.01553
1.01553
1.01553
1.01553
1.01553
1.01553
1.01553
1.01553
1.01553
1.01553
1.01553
1.01553
1.01553
1.01553
1.01553
1.01553
1.01553
1.01553
1.01553
1.01553
1.01553
1.01553
1.01553
1.01553
1.01553
1.01553
1.01553
1.01553
1.01553
1.01553
1.01553
1.01553
1.01553
1.01553
1.01553
1.01553
1.01553
1.01553
1.01553
1.01553
1.01553
1.01553
1.01553
1.01553
1.01553
1.01553
1.01553
1.01553
1.01553
1.01553
1.01553
1.01553
1.01553
1.01553
1.01553
1.01553
1.01553
1.01553
1.01553
1.01553
1.01553
1.01553
1.01553
1.01553
1.01553
1.01553
1.01553
1.01553
1.01553
1.01553
1.01553
1.01553
1.01553
1.01553
1.01553
1.01553
1.01553
1.01553
1.01553
1.01553
1.01553
1.01553
1.01553
1.01553
1.01553
1.01553
1.01553
1.01553
1.01553
1.01553
1.01553
1.01553
1.01553
1.01553
1.01553
1.01553
1.01553
1.01553
1.01553
1.01553
1.01553
1.01553
1.01553
1.01553
1.01553
1.01553
1.01553
1.01553
1.01553
1.01553
1.01553
1.01553
1.01553
1.01553
1.01553
1.01553
1.01553
1.01553
1.01553
1.01553
1.01553
1.01553
1.01553
1.01553
1.01553
1.01553
1.01553
1.01553
1.01553
1.01553
1.01553
1.01553
1.01553
1.01553
1.01553
1.01553
1.01553
1.01553
1.01553
1.01553
1.01553
1.01553
1.01553
1.01553
1.01553
1.01553
1.01553
1.01553
1.01553
1.01553
1.01553
1.01553
1.01553
1.01553
1.01553
1.01553
1.01553
1.01553
1.01553
1.01553
1.01553
1.01553
1.01553
1.01553
1.01553
1.01553
1.01553
1.01553
1.01553
1.01553
1.01553
1.01553
1.01553
1.01553
1.01553
1.01553
1.01553
1.01553
1.01553
1.01553
1.01553
1.01553
1.01553
1.01553
1.01553
1.01553
1.01553
1.01553
1.01553
1.01553
1.01553
1.01553
1.01553
1.01553
1.01553
1.01553
1.01553
1.01553
1.01553
1.01553
1.01553
1.01553
1.01553
1.01553
1.01553
1.01553
1.01553
1.01553
1.01553
1.01553
1.01553
1.01553
1.01553
1.01553
1.01553
1.01553
1.01553
1.01553
1.01553
1.01553
1.01553
1.01553
1.01553
1.01553
1.01553
1.01553
1.01553
1.01553
1.01553
1.01553
1.01553
1.01553
1.01553
1.01553
1.01553
1.01553
1.01553
1.01553
1.01553
1.01553
1.01553
1.01553
1.01553
1.01553
1.01553
1.01553
1.01553
1.01553
1.01553
1.01553
1.01553
1.01553
1.01553
1.01553
1.01553
1.01553
1.01553
1.01553
1.01553
1.01553
1.01553
1.01553
1.01553
1.01553
1.01553
1.01553
1.01553
1.01553
1.01553
1.01553
1.01553
1.01553
1.01553
1.01553
1.01553
1.01553
1.01553
1.01553
1.01553
1.01553
1.01553
1.01553
1.01553
1.01553
1.01553
1.01553
1.01553
1.01553
1.01553
1.01553
1.01553
1.01553
1.01553
1.01553
1.01553
1.01553
1.01553
1.01553
1.01553
1.01553
1.01553
1.01553
1.01553
1.01553
1.01553
1.01553
1.01553
1.01553
1.01553
1.01553
1.01553
1.01553
1.01553
1.01553
1.01553
1.01553
1.01553
1.01553
1.01553
1.01553
1.01553
1.01553
1.01553
1.01553
1.01553
1.01553
1.01553
1.01553
1.01553
1.01553
1.01553
1.01553
1.01553
1.01553
1.01553
1.01553
1.01553
1.01553
1.01553
1.01553
1.01553
1.01553
1.01553
1.01553
1.01553
1.01553
1.01553
1.01553
1.01553
1.01553
1.01553
1.01553
1.01553
1.01553
1.01553
1.01553
1.01553
1.01553
1.01553
1.01553
1.01553
1.01553
1.01553
1.01553
1.01553
1.01553
1.01553
1.01553
1.01553
1.01553
1.01553
1.01553
1.01553
1.01553
1.01553
1.01553
1.01553
1.01553
1.01553
1.01553
1.01553
1.01553
1.01553
1.01553
1.01553
1.01553
1.01553
1.01553
1.01553
1.01553
1.01553
1.01553
1.01553
1.01553
1.01553
1.01553
1.01553
1.01553
1.01553
1.01553
1.01553
1.01553
1.01553
1.01553
1.01553
1.01553
1.01553
1.01553
1.01553
1.01553
1.01553
1.01553
1.01553
1.01553
1.01553
1.01553
1.01553
1.01553
1.01553
1.01553
1.01553
1.01553
1.01553
1.01553
1.01553
1.01553
1.01553
1.01553
1.01553
1.01553
1.01553
1.01553
1.01553
1.01553
1.01553
1.01553
1.01553
1.01553
1.01553
1.01553
1.01553
1.01553
1.01553
1.01553
1.01553
1.01553
1.01553
1.01553
1.01553
1.01553
1.01553
1.01553
1.01553
1.01553
1.01553
1.01553
1.01553
1.01553
1.01553
1.01553
1.01553
1.01553
1.01553
1.01553
1.01553
1.01553
1.01553
1.01553
1.01553
1.01553
1.01553
1.01553
1.01553
1.01553
1.01553
1.01553
1.01553
1.01553
1.01553
1.01553
1.01553
1.01553
1.01553
1.01553
1.01553
1.01553
1.01553
1.01553
1.01553
1.01553
1.01553
1.01553
1.01553
1.01553
1.01553
1.01553
1.01553
1.01553
1.01553
1.01553
1.01553
1.01553
1.01553
1.01553
1.01553
1.01553
1.01553
1.01553
1.01553
1.01553
1.01553
1.01553
1.01553
1.01553
1.01553
1.01553
1.01553
1.01553
1.01553
1.01553
1.01553
1.01553
1.01553
1.01553
1.01553
1.01553
1.01553
1.01553
1.01553
1.01553
1.01553
1.01553
1.01553
1.01553
1.01553
1.01553
1.01553
1.01553
1.01553
1.01553
1.01553
1.01553
1.01553
1.01553
1.01553
1.01553
1.01553
1.01553
1.01553
1.01553
1.01553
1.01553
1.01553
1.01553
1.01553
1.01553
1.01553
1.01553
1.01553
1.01553
1.01553
1.01553
1.01553
1.01553
1.01553
1.01553
1.01553
1.01553
1.01553
1.01553
1.01553
1.01553
1.01553
1.01553
1.01553
1.01553
1.01553
1.01553
1.01553
1.01553
1.01553
1.01553
1.01553
1.01553
1.01553
1.01553
1.01553
1.01553
1.01553
1.01553
1.01553
1.01553
1.01553
1.01553
1.01553
1.01553
1.01553
1.01553
1.01553
1.01553
1.01553
1.01553
1.01553
1.01553
1.01553
1.01553
1.01553
1.01553
1.01553
1.01553
1.01553
1.01553
1.01553
1.01553
1.01553
1.01553
1.01553
1.01553
1.01553
1.01553
1.01553
1.01553
1.01553
1.01553
1.01553
1.01553
1.01553
1.01553
1.01553
1.01553
1.01553
1.01553
1.01553
1.01553
1.01553
1.01553
1.01553
1.01553
1.01553
1.01553
1.01553
1.01553
1.01553
1.01553
1.01553
1.01553
1.01553
1.01553
1.01553
1.01553
1.01553
1.01553
1.01553
1.01553
