0
0
0
0
0
3.52859e-05
0.000308037
0.00113964
0.00285339
0.00573063
0.010004
0.0191145
0.0268555
0.0358086
0.0458784
0.0569735
0.0690022
0.0818796
0.0955248
0.109861
0.124824
0.148285
0.164515
0.181152
0.198139
0.215421
0.232944
0.250662
0.268529
0.28651
0.304565
0.322661
0.340764
0.358844
0.376877
0.39485
0.41274
0.430524
0.448179
0.465682
0.483012
0.500148
0.517073
0.533771
0.550227
0.56643
0.582367
0.598027
0.613402
0.628485
0.643267
0.657743
0.678873
0.685759
0.699291
0.712503
0.725394
0.737961
0.750198
0.762113
0.779382
0.784979
0.795935
0.811776
0.816901
0.831805
0.841353
0.850603
0.859551
0.868204
0.876566
0.88464
0.89243
0.903595
0.910701
0.917543
0.924129
0.930464
0.936562
0.942425
0.948057
0.953465
0.958654
0.96363
0.968398
0.972963
0.977332
0.981509
0.985503
0.989314
0.992949
0.998086
0.999716
1.00286
1.00584
1.00868
1.01266
1.01392
1.01749
1.01971
1.0218
1.02377
1.02562
1.02736
1.02899
1.03051
1.03193
1.03325
1.03448
1.03562
1.03667
1.03763
1.03852
1.03933
1.04007
1.04105
1.04134
1.04213
1.04236
1.04278
1.04315
1.04346
1.04373
1.04394
1.04419
1.0443
1.04438
1.04442
1.04443
1.0444
1.04434
1.04426
1.04415
1.04402
1.04386
1.04369
1.04349
1.04328
1.04305
1.04281
1.04255
1.04214
1.042
1.04156
1.04125
1.04094
1.04063
1.0403
1.03998
1.03965
1.03931
1.03897
1.03864
1.0383
1.03797
1.03763
1.0373
1.03696
1.03662
1.03629
1.03596
1.03563
1.03531
1.03499
1.03468
1.03437
1.03406
1.03376
1.03346
1.03302
1.03288
1.03274
1.03232
1.03192
1.03179
1.03153
1.03115
1.03103
1.03067
1.03044
1.03021
1.02999
1.02977
1.02957
1.02936
1.02917
1.02898
1.02879
1.02861
1.02844
1.02827
1.02811
1.02795
1.0278
1.02765
1.02751
1.02737
1.02724
1.02711
1.02699
1.02687
1.02676
1.0266
1.02649
1.02639
1.0263
1.02621
1.02612
1.02604
1.02596
1.02588
1.02581
1.02574
1.02567
1.02561
1.02555
1.02547
1.02544
1.02539
1.02534
1.02527
1.02525
1.02519
1.02517
1.02512
1.02509
1.02506
1.02503
1.025
1.02497
1.02495
1.02493
1.0249
1.02488
1.02487
1.02486
1.02484
1.02482
1.02481
1.0248
1.02479
1.02478
1.02478
1.02477
1.02476
1.02475
1.02475
1.02475
1.02475
1.02475
1.02475
1.02475
1.02475
1.02475
1.02475
1.02475
1.02475
1.02475
1.02475
1.02475
1.02475
1.02475
1.02475
1.02475
1.02475
1.02476
1.02477
1.02478
1.02478
1.02479
1.0248
1.02481
1.02481
1.02482
1.02483
1.02484
1.02484
1.02485
1.02486
1.02487
1.02487
1.02488
1.02489
1.0249
1.02491
1.02492
1.02492
1.02493
1.02494
1.02495
1.02495
1.02495
1.02495
1.02495
1.02495
1.02495
1.02495
1.02495
1.02495
1.02495
1.02495
1.02495
1.02495
1.02495
1.02495
1.02495
1.02495
1.02495
1.02495
1.02495
1.02495
1.02495
1.02495
1.02495
1.02495
1.02495
1.02495
1.02495
1.02495
1.02495
1.02495
1.02495
1.02495
1.02495
1.02495
1.02495
1.02495
1.02495
1.02495
1.02495
1.02495
1.02495
1.02495
1.02495
1.02495
1.02495
1.02495
1.02495
1.02495
1.02495
1.02495
1.02495
1.02495
1.02495
1.02495
1.02495
1.02495
1.02495
1.02495
1.02495
1.02495
1.02495
1.02495
1.02495
1.02495
1.02495
1.02495
1.02495
1.02495
1.02495
1.02495
1.02495
1.02495
1.02495
1.02495
1.02495
1.02495
1.02495
1.02495
1.02495
1.02495
1.02495
1.02495
1.02495
1.02495
1.02495
1.02495
1.02495
1.02495
1.02495
1.02495
1.02495
1.02495
1.02495
1.02495
1.02495
1.02495
1.02495
1.02495
1.02495
1.02495
1.02495
1.02495
1.02495
1.02495
1.02495
1.02495
1.02495
1.02495
1.02495
1.02495
1.02495
1.02495
1.02495
1.02495
1.02495
1.02495
1.02495
1.02495
1.02495
1.02495
1.02495
1.02495
1.02495
1.02495
1.02495
1.02495
1.02495
1.02495
1.02495
1.02495
1.02495
1.02495
1.02495
1.02495
1.02495
1.02495
1.02495
1.02495
1.02495
1.02495
1.02495
1.02495
1.02495
1.02495
1.02495
1.02495
1.02495
1.02495
1.02495
1.02495
1.02495
1.02495
1.02495
1.02495
1.02495
1.02495
1.02495
1.02495
1.02495
1.02495
1.02495
1.02495
1.02495
1.02495
1.02495
1.02495
1.02495
1.02495
1.02495
1.02495
1.02495
1.02495
1.02495
1.02495
1.02495
1.02495
1.02495
1.02495
1.02495
1.02495
1.02495
1.02495
1.02495
1.02495
1.02495
1.02495
1.02495
1.02495
1.02495
1.02495
1.02495
1.02495
1.02495
1.02495
1.02495
1.02495
1.02495
1.02495
1.02495
1.02495
1.02495
1.02495
1.02495
1.02495
1.02495
1.02495
1.02495
1.02495
1.02495
1.02495
1.02495
1.02495
1.02495
1.02495
1.02495
1.02495
1.02495
1.02495
1.02495
1.02495
1.02495
1.02495
1.02495
1.02495
1.02495
1.02495
1.02495
1.02495
1.02495
1.02495
1.02495
1.02495
1.02495
1.02495
1.02495
1.02495
1.02495
1.02495
1.02495
1.02495
1.02495
1.02495
1.02495
1.02495
1.02495
1.02495
1.02495
1.02495
1.02495
1.02495
1.02495
1.02495
1.02495
1.02495
1.02495
1.02495
1.02495
1.02495
1.02495
1.02495
1.02495
1.02495
1.02495
1.02495
1.02495
1.02495
1.02495
1.02495
1.02495
1.02495
1.02495
1.02495
1.02495
1.02495
1.02495
1.02495
1.02495
1.02495
1.02495
1.02495
1.02495
1.02495
1.02495
1.02495
1.02495
1.02495
1.02495
1.02495
1.02495
1.02495
1.02495
1.02495
1.02495
1.02495
1.02495
1.02495
1.02495
1.02495
1.02495
1.02495
1.02495
1.02495
1.02495
1.02495
1.02495
1.02495
1.02495
1.02495
1.02495
1.02495
1.02495
1.02495
1.02495
1.02495
1.02495
1.02495
1.02495
1.02495
1.02495
1.02495
1.02495
1.02495
1.02495
1.02495
1.02495
1.02495
1.02495
1.02495
1.02495
1.02495
1.02495
1.02495
1.02495
1.02495
1.02495
1.02495
1.02495
1.02495
1.02495
1.02495
1.02495
1.02495
1.02495
1.02495
1.02495
1.02495
1.02495
1.02495
1.02495
1.02495
1.02495
1.02495
1.02495
1.02495
1.02495
1.02495
1.02495
1.02495
1.02495
1.02495
1.02495
1.02495
1.02495
1.02495
1.02495
1.02495
1.02495
1.02495
1.02495
1.02495
1.02495
1.02495
1.02495
1.02495
1.02495
1.02495
1.02495
1.02495
1.02495
1.02495
1.02495
1.02495
1.02495
1.02495
1.02495
1.02495
1.02495
1.02495
1.02495
1.02495
1.02495
1.02495
1.02495
1.02495
1.02495
1.02495
1.02495
1.02495
1.02495
1.02495
1.02495
1.02495
1.02495
1.02495
1.02495
1.02495
1.02495
1.02495
1.02495
1.02495
1.02495
1.02495
1.02495
1.02495
1.02495
1.02495
1.02495
1.02495
1.02495
1.02495
1.02495
1.02495
1.02495
1.02495
1.02495
1.02495
1.02495
1.02495
1.02495
1.02495
1.02495
1.02495
1.02495
1.02495
1.02495
1.02495
1.02495
1.02495
1.02495
1.02495
1.02495
1.02495
1.02495
1.02495
1.02495
1.02495
1.02495
1.02495
1.02495
1.02495
1.02495
1.02495
1.02495
1.02495
1.02495
1.02495
1.02495
1.02495
1.02495
1.02495
1.02495
1.02495
1.02495
1.02495
1.02495
1.02495
1.02495
1.02495
1.02495
1.02495
1.02495
1.02495
1.02495
1.02495
1.02495
1.02495
1.02495
1.02495
1.02495
1.02495
1.02495
1.02495
1.02495
1.02495
1.02495
1.02495
1.02495
1.02495
1.02495
1.02495
1.02495
1.02495
1.02495
1.02495
1.02495
1.02495
1.02495
1.02495
1.02495
1.02495
1.02495
1.02495
1.02495
1.02495
1.02495
1.02495
1.02495
1.02495
1.02495
1.02495
1.02495
1.02495
1.02495
1.02495
1.02495
1.02495
1.02495
1.02495
1.02495
1.02495
1.02495
1.02495
1.02495
1.02495
1.02495
1.02495
1.02495
1.02495
1.02495
1.02495
1.02495
1.02495
1.02495
1.02495
1.02495
1.02495
1.02495
1.02495
1.02495
1.02495
1.02495
1.02495
1.02495
1.02495
1.02495
1.02495
1.02495
1.02495
1.02495
1.02495
1.02495
1.02495
1.02495
1.02495
1.02495
1.02495
1.02495
1.02495
1.02495
1.02495
1.02495
1.02495
1.02495
1.02495
1.02495
1.02495
1.02495
1.02495
1.02495
1.02495
1.02495
1.02495
1.02495
1.02495
1.02495
1.02495
1.02495
1.02495
1.02495
1.02495
1.02495
1.02495
1.02495
1.02495
1.02495
1.02495
1.02495
1.02495
1.02495
1.02495
1.02495
1.02495
1.02495
1.02495
1.02495
1.02495
1.02495
1.02495
1.02495
1.02495
1.02495
1.02495
1.02495
1.02495
1.02495
1.02495
1.02495
1.02495
1.02495
1.02495
1.02495
1.02495
1.02495
1.02495
1.02495
1.02495
1.02495
1.02495
1.02495
1.02495
1.02495
1.02495
1.02495
1.02495
1.02495
1.02495
1.02495
1.02495
1.02495
1.02495
1.02495
1.02495
1.02495
1.02495
1.02495
1.02495
1.02495
1.02495
1.02495
1.02495
1.02495
1.02495
1.02495
1.02495
1.02495
1.02495
1.02495
1.02495
1.02495
1.02495
1.02495
1.02495
1.02495
1.02495
1.02495
1.02495
1.02495
1.02495
1.02495
1.02495
1.02495
1.02495
1.02495
1.02495
1.02495
1.02495
1.02495
1.02495
1.02495
1.02495
1.02495
1.02495
1.02495
1.02495
1.02495
1.02495
1.02495
1.02495
1.02495
1.02495
1.02495
1.02495
1.02495
1.02495
1.02495
1.02495
1.02495
1.02495
1.02495
1.02495
1.02495
1.02495
1.02495
1.02495
1.02495
1.02495
1.02495
1.02495
1.02495
1.02495
1.02495
1.02495
1.02495
1.02495
1.02495
1.02495
1.02495
1.02495
1.02495
