0
0
0
0
0
3.55244e-05
0.000635386
0.0011425
0.00403643
0.00714993
0.0111303
0.0159016
0.0214019
0.0275753
0.0343678
0.0417297
0.0496135
0.0579751
0.0667729
0.0759676
0.0855227
0.0954041
0.105579
0.116017
0.132105
0.13757
0.154226
0.16552
0.17694
0.188464
0.19426
0.211754
0.223484
0.235249
0.241141
0.252935
0.270628
0.282406
0.294157
0.300021
0.317549
0.329169
0.340726
0.352213
0.363625
0.374954
0.386194
0.397341
0.408393
0.419348
0.430201
0.440947
0.451584
0.462107
0.472514
0.482802
0.492968
0.503011
0.512928
0.522717
0.532378
0.541909
0.55131
0.560579
0.574235
0.578721
0.587594
0.600653
0.60494
0.617601
0.621754
0.629962
0.638038
0.649905
0.657653
0.665271
0.672761
0.680125
0.687362
0.694472
0.701456
0.708317
0.715054
0.72167
0.728167
0.734544
0.740805
0.746949
0.75298
0.758899
0.767569
0.770405
0.775994
0.781478
0.786857
0.792132
0.797305
0.802377
0.809803
0.814632
0.819368
0.8217
0.828561
0.83302
0.83739
0.841672
0.845869
0.852011
0.854018
0.857973
0.863757
0.867518
0.871202
0.874813
0.87835
0.881816
0.885211
0.888535
0.893395
0.896551
0.899642
0.902668
0.905632
0.908533
0.911373
0.914153
0.916874
0.919538
0.922145
0.924697
0.927197
0.929644
0.932042
0.93439
0.936689
0.940049
0.94223
0.944366
0.946458
0.948506
0.950511
0.952473
0.954393
0.956272
0.958112
0.959911
0.961673
0.963397
0.965084
0.966734
0.96835
0.969931
0.972239
0.973737
0.974474
0.976637
0.97804
0.979414
0.980757
0.98207
0.983356
0.984613
0.985844
0.987048
0.988227
0.98938
0.990509
0.992158
0.992696
0.993755
0.995301
0.995805
0.996797
0.998246
0.999187
1.00011
1.00101
1.00189
1.00275
1.00359
1.00442
1.00522
1.00601
1.00679
1.00791
1.00828
1.00936
1.00971
1.01074
1.01108
1.01206
1.0127
1.01333
1.01394
1.01454
1.01513
1.0157
1.01626
1.01681
1.01735
1.01787
1.01839
1.01889
1.01938
1.01986
1.02056
1.02102
1.02147
1.0219
1.02212
1.02254
1.02316
1.02356
1.02395
1.02433
1.02471
1.02507
1.02543
1.02578
1.02613
1.02663
1.02695
1.02727
1.02758
1.02789
1.02818
1.02847
1.02876
1.02904
1.02931
1.02958
1.02984
1.03009
1.03034
1.03058
1.03082
1.03106
1.03128
1.03151
1.03173
1.03194
1.03215
1.03235
1.03255
1.03275
1.03304
1.03322
1.0334
1.03358
1.03376
1.03393
1.03409
1.03426
1.0345
1.03465
1.0348
1.03495
1.03509
1.03524
1.03537
1.03551
1.03564
1.03577
1.0359
1.03602
1.03615
1.03627
1.03638
1.03655
1.03666
1.03672
1.03682
1.03693
1.03703
1.03718
1.03728
1.03737
1.03747
1.03756
1.03764
1.03773
1.03782
1.0379
1.03798
1.03806
1.03814
1.03822
1.03829
1.03836
1.03843
1.0385
1.03857
1.03864
1.0387
1.03877
1.03886
1.03892
1.03895
1.03904
1.0391
1.03915
1.0392
1.03926
1.03931
1.03936
1.03941
1.03946
1.03951
1.03955
1.0396
1.03964
1.03969
1.03973
1.03977
1.03981
1.03985
1.03989
1.03993
1.03996
1.04
1.04004
1.04009
1.04011
1.04016
1.04017
1.04022
1.04024
1.04028
1.0403
1.04034
1.04037
1.0404
1.04042
1.04046
1.04049
1.04052
1.04054
1.04057
1.04059
1.04061
1.04063
1.04066
1.04069
1.04071
1.04073
1.04075
1.04077
1.04079
1.04081
1.04083
1.04085
1.04086
1.04088
1.0409
1.04091
1.04093
1.04095
1.04096
1.04098
1.04099
1.04101
1.04103
1.04104
1.04105
1.04107
1.04108
1.04109
1.04111
1.04112
1.04113
1.04114
1.04115
1.04116
1.04117
1.04119
1.0412
1.0412
1.04121
1.04122
1.04123
1.04125
1.04125
1.04126
1.04127
1.04128
1.04129
1.0413
1.0413
1.04131
1.04132
1.04133
1.04134
1.04134
1.04135
1.04136
1.04137
1.04137
1.04138
1.04138
1.04139
1.04139
1.0414
1.04141
1.04141
1.04142
1.04142
1.04143
1.04143
1.04144
1.04145
1.04145
1.04146
1.04146
1.04146
1.04147
1.04147
1.04147
1.04148
1.04148
1.04149
1.04149
1.04149
1.0415
1.0415
1.04151
1.04151
1.04151
1.04152
1.04152
1.04152
1.04153
1.04153
1.04153
1.04154
1.04154
1.04154
1.04154
1.04154
1.04155
1.04155
1.04155
1.04155
1.04155
1.04156
1.04156
1.04156
1.04156
1.04156
1.04157
1.04157
1.04157
1.04157
1.04157
1.04158
1.04158
1.04158
1.04158
1.04158
1.04159
1.04159
1.04159
1.04159
1.04159
1.0416
1.0416
1.0416
1.0416
1.0416
1.0416
1.04161
1.04161
1.04161
1.04161
1.04161
1.04162
1.04162
1.04162
1.04162
1.04162
1.04162
1.04162
1.04162
1.04162
1.04162
1.04162
1.04162
1.04162
1.04162
1.04162
1.04162
1.04162
1.04162
1.04162
1.04162
1.04162
1.04162
1.04162
1.04162
1.04162
1.04162
1.04162
1.04162
1.04162
1.04162
1.04162
1.04162
1.04162
1.04162
1.04162
1.04162
1.04162
1.04162
1.04162
1.04162
1.04162
1.04162
1.04162
1.04162
1.04162
1.04162
1.04162
1.04162
1.04162
1.04162
1.04162
1.04162
1.04162
1.04162
1.04162
1.04162
1.04162
1.04162
1.04162
1.04162
1.04162
1.04162
1.04162
1.04162
1.04162
1.04162
1.04162
1.04162
1.04162
1.04162
1.04162
1.04162
1.04162
1.04162
1.04162
1.04162
1.04162
1.04162
1.04162
1.04162
1.04162
1.04162
1.04162
1.04162
1.04162
1.04162
1.04162
1.04162
1.04162
1.04162
1.04162
1.04162
1.04162
1.04162
1.04162
1.04162
1.04162
1.04162
1.04162
1.04162
1.04162
1.04162
1.04162
1.04162
1.04162
1.04162
1.04162
1.04162
1.04162
1.04162
1.04162
1.04162
1.04162
1.04162
1.04162
1.04162
1.04162
1.04162
1.04162
1.04162
1.04162
1.04162
1.04162
1.04162
1.04162
1.04162
1.04162
1.04162
1.04162
1.04162
1.04162
1.04162
1.04162
1.04162
1.04162
1.04162
1.04162
1.04162
1.04162
1.04162
1.04162
1.04162
1.04162
1.04162
1.04162
1.04162
1.04162
1.04162
1.04162
1.04162
1.04162
1.04162
1.04162
1.04162
1.04162
1.04162
1.04162
1.04162
1.04162
1.04162
1.04162
1.04162
1.04162
1.04162
1.04162
1.04162
1.04162
1.04162
1.04162
1.04162
1.04162
1.04162
1.04162
1.04162
1.04162
1.04162
1.04162
1.04162
1.04162
1.04162
1.04162
1.04162
1.04162
1.04162
1.04162
1.04162
1.04162
1.04162
1.04162
1.04162
1.04162
1.04162
1.04162
1.04162
1.04162
1.04162
1.04162
1.04162
1.04162
1.04162
1.04162
1.04162
1.04162
1.04162
1.04162
1.04162
1.04162
1.04162
1.04162
1.04162
1.04162
1.04162
1.04162
1.04162
1.04162
1.04162
1.04162
1.04162
1.04162
1.04162
1.04162
1.04162
1.04162
1.04162
1.04162
1.04162
1.04162
1.04162
1.04162
1.04162
1.04162
1.04162
1.04162
1.04162
1.04162
1.04162
1.04162
1.04162
1.04162
1.04162
1.04162
1.04162
1.04162
1.04162
1.04162
1.04162
1.04162
1.04162
1.04162
1.04162
1.04162
1.04162
1.04162
1.04162
1.04162
1.04162
1.04162
1.04162
1.04162
1.04162
1.04162
1.04162
1.04162
1.04162
1.04162
1.04162
1.04162
1.04162
1.04162
1.04162
1.04162
1.04162
1.04162
1.04162
1.04162
1.04162
1.04162
1.04162
1.04162
1.04162
1.04162
1.04162
1.04162
1.04162
1.04162
1.04162
1.04162
1.04162
1.04162
1.04162
1.04162
1.04162
1.04162
1.04162
1.04162
1.04162
1.04162
1.04162
1.04162
1.04162
1.04162
1.04162
1.04162
1.04162
1.04162
1.04162
1.04162
1.04162
1.04162
1.04162
1.04162
1.04162
1.04162
1.04162
1.04162
1.04162
1.04162
1.04162
1.04162
1.04162
1.04162
1.04162
1.04162
1.04162
1.04162
1.04162
1.04162
1.04162
1.04162
1.04162
1.04162
1.04162
1.04162
1.04162
1.04162
1.04162
1.04162
1.04162
1.04162
1.04162
1.04162
1.04162
1.04162
1.04162
1.04162
1.04162
1.04162
1.04162
1.04162
1.04162
1.04162
1.04162
1.04162
1.04162
1.04162
1.04162
1.04162
1.04162
1.04162
1.04162
1.04162
1.04162
1.04162
1.04162
1.04162
1.04162
1.04162
1.04162
1.04162
1.04162
1.04162
1.04162
1.04162
1.04162
1.04162
1.04162
1.04162
1.04162
1.04162
1.04162
1.04162
1.04162
1.04162
1.04162
1.04162
1.04162
1.04162
1.04162
1.04162
1.04162
1.04162
1.04162
1.04162
1.04162
1.04162
1.04162
1.04162
1.04162
1.04162
1.04162
1.04162
1.04162
1.04162
1.04162
1.04162
1.04162
1.04162
1.04162
1.04162
1.04162
1.04162
1.04162
1.04162
1.04162
1.04162
1.04162
1.04162
1.04162
1.04162
1.04162
1.04162
1.04162
1.04162
1.04162
1.04162
1.04162
1.04162
1.04162
1.04162
1.04162
1.04162
1.04162
1.04162
1.04162
1.04162
1.04162
1.04162
1.04162
1.04162
1.04162
1.04162
1.04162
1.04162
1.04162
1.04162
1.04162
1.04162
1.04162
1.04162
1.04162
1.04162
1.04162
1.04162
1.04162
1.04162
1.04162
1.04162
1.04162
1.04162
1.04162
1.04162
1.04162
1.04162
1.04162
1.04162
1.04162
1.04162
1.04162
1.04162
1.04162
1.04162
1.04162
1.04162
1.04162
1.04162
1.04162
1.04162
1.04162
1.04162
1.04162
1.04162
1.04162
1.04162
1.04162
1.04162
1.04162
1.04162
1.04162
1.04162
1.04162
1.04162
1.04162
1.04162
1.04162
1.04162
1.04162
1.04162
1.04162
1.04162
1.04162
1.04162
1.04162
1.04162
1.04162
1.04162
1.04162
1.04162
1.04162
1.04162
1.04162
1.04162
1.04162
1.04162
1.04162
1.04162
1.04162
1.04162
1.04162
1.04162
1.04162
1.04162
1.04162
1.04162
1.04162
1.04162
1.04162
