0
0
0
0
3.8147e-06
0.000120163
0.000631332
0.00186729
0.0041275
0.0076828
0.012785
0.0238419
0.0285435
0.0460072
0.0604591
0.0684757
0.0953922
0.115515
0.137186
0.160246
0.184555
0.209963
0.236338
0.263519
0.291355
0.319733
0.348564
0.377747
0.407148
0.436687
0.466278
0.495836
0.525269
0.554489
0.597755
0.61199
0.654009
0.681381
0.708178
0.734331
0.7598
0.784546
0.808517
0.831688
0.854031
0.875534
0.896175
0.915949
0.934843
0.952856
0.969984
0.986227
1.00159
1.023
1.03619
1.04853
1.05439
1.07072
1.08058
1.08964
1.09792
1.10178
1.11225
1.11833
1.12374
1.12848
1.13261
1.13616
1.13915
1.1416
1.14353
1.14496
1.14593
1.14646
1.14657
1.146
1.14518
1.14331
1.14254
1.14079
1.13877
1.13529
1.13272
1.12995
1.12702
1.12394
1.12072
1.1174
1.11399
1.11049
1.10692
1.10328
1.09961
1.09589
1.09216
1.08842
1.08468
1.08095
1.07724
1.07357
1.06993
1.06635
1.06107
1.05934
1.05594
1.05262
1.04938
1.04468
1.04166
1.03874
1.03591
1.03319
1.03057
1.02806
1.02567
1.02338
1.0212
1.01913
1.01717
1.01533
1.01359
1.01118
1.01043
1.00901
1.00769
1.00589
1.00482
1.00385
1.00296
1.00216
1.00145
1.00083
1.00028
0.999811
0.999414
0.999088
0.998829
0.998631
0.998493
0.998415
0.998392
0.998451
0.99855
0.998615
0.998775
0.99909
0.999346
0.999485
0.999947
1.00029
1.00047
1.00105
1.00145
1.00187
1.00231
1.00276
1.00322
1.00369
1.00417
1.00488
1.00536
1.0056
1.00632
1.00679
1.00726
1.00773
1.00819
1.00864
1.00908
1.00951
1.00993
1.01035
1.01074
1.01113
1.01151
1.01188
1.01223
1.01256
1.01288
1.01319
1.01349
1.01377
1.01404
1.01429
1.01453
1.01476
1.01497
1.01516
1.01534
1.01551
1.01567
1.01581
1.01594
1.01605
1.01616
1.01625
1.01633
1.01643
1.01646
1.01651
1.01655
1.01658
1.0166
1.01661
1.01661
1.0166
1.01658
1.01656
1.01653
1.0165
1.01645
1.01641
1.01636
1.01631
1.01624
1.01618
1.01612
1.01606
1.01599
1.01591
1.01583
1.01576
1.01568
1.01561
1.01553
1.01545
1.01538
1.0153
1.01522
1.01515
1.01507
1.01496
1.01488
1.0148
1.01473
1.01466
1.0146
1.01454
1.01448
1.01442
1.01436
1.0143
1.01423
1.01419
1.01414
1.0141
1.01403
1.01398
1.01396
1.0139
1.01386
1.01383
1.0138
1.01377
1.01374
1.01371
1.01369
1.01367
1.01365
1.01364
1.01362
1.01361
1.01359
1.01358
1.01356
1.01356
1.01356
1.01356
1.01356
1.01356
1.01356
1.01356
1.01356
1.01356
1.01356
1.01356
1.01356
1.01356
1.01356
1.01356
1.01357
1.01358
1.0136
1.01361
1.01363
1.01365
1.01366
1.01368
1.0137
1.01371
1.01373
1.01374
1.01376
1.01377
1.01379
1.0138
1.01382
1.01383
1.01385
1.01386
1.01388
1.0139
1.01391
1.01391
1.01391
1.01391
1.01391
1.01391
1.01391
1.01391
1.01391
1.01391
1.01391
1.01391
1.01391
1.01391
1.01391
1.01391
1.01391
1.01391
1.01391
1.01391
1.01391
1.01391
1.01391
1.01391
1.01391
1.01391
1.01391
1.01391
1.01391
1.01391
1.01391
1.01391
1.01391
1.01391
1.01391
1.01391
1.01391
1.01391
1.01391
1.01391
1.01391
1.01391
1.01391
1.01391
1.01391
1.01391
1.01391
1.01391
1.01391
1.01391
1.01391
1.01391
1.01391
1.01391
1.01391
1.01391
1.01391
1.01391
1.01391
1.01391
1.01391
1.01391
1.01391
1.01391
1.01391
1.01391
1.01391
1.01391
1.01391
1.01391
1.01391
1.01391
1.01391
1.01391
1.01391
1.01391
1.01391
1.01391
1.01391
1.01391
1.01391
1.01391
1.01391
1.01391
1.01391
1.01391
1.01391
1.01391
1.01391
1.01391
1.01391
1.01391
1.01391
1.01391
1.01391
1.01391
1.01391
1.01391
1.01391
1.01391
1.01391
1.01391
1.01391
1.01391
1.01391
1.01391
1.01391
1.01391
1.01391
1.01391
1.01391
1.01391
1.01391
1.01391
1.01391
1.01391
1.01391
1.01391
1.01391
1.01391
1.01391
1.01391
1.01391
1.01391
1.01391
1.01391
1.01391
1.01391
1.01391
1.01391
1.01391
1.01391
1.01391
1.01391
1.01391
1.01391
1.01391
1.01391
1.01391
1.01391
1.01391
1.01391
1.01391
1.01391
1.01391
1.01391
1.01391
1.01391
1.01391
1.01391
1.01391
1.01391
1.01391
1.01391
1.01391
1.01391
1.01391
1.01391
1.01391
1.01391
1.01391
1.01391
1.01391
1.01391
1.01391
1.01391
1.01391
1.01391
1.01391
1.01391
1.01391
1.01391
1.01391
1.01391
1.01391
1.01391
1.01391
1.01391
1.01391
1.01391
1.01391
1.01391
1.01391
1.01391
1.01391
1.01391
1.01391
1.01391
1.01391
1.01391
1.01391
1.01391
1.01391
1.01391
1.01391
1.01391
1.01391
1.01391
1.01391
1.01391
1.01391
1.01391
1.01391
1.01391
1.01391
1.01391
1.01391
1.01391
1.01391
1.01391
1.01391
1.01391
1.01391
1.01391
1.01391
1.01391
1.01391
1.01391
1.01391
1.01391
1.01391
1.01391
1.01391
1.01391
1.01391
1.01391
1.01391
1.01391
1.01391
1.01391
1.01391
1.01391
1.01391
1.01391
1.01391
1.01391
1.01391
1.01391
1.01391
1.01391
1.01391
1.01391
1.01391
1.01391
1.01391
1.01391
1.01391
1.01391
1.01391
1.01391
1.01391
1.01391
1.01391
1.01391
1.01391
1.01391
1.01391
1.01391
1.01391
1.01391
1.01391
1.01391
1.01391
1.01391
1.01391
1.01391
1.01391
1.01391
1.01391
1.01391
1.01391
1.01391
1.01391
1.01391
1.01391
1.01391
1.01391
1.01391
1.01391
1.01391
1.01391
1.01391
1.01391
1.01391
1.01391
1.01391
1.01391
1.01391
1.01391
1.01391
1.01391
1.01391
1.01391
1.01391
1.01391
1.01391
1.01391
1.01391
1.01391
1.01391
1.01391
1.01391
1.01391
1.01391
1.01391
1.01391
1.01391
1.01391
1.01391
1.01391
1.01391
1.01391
1.01391
1.01391
1.01391
1.01391
1.01391
1.01391
1.01391
1.01391
1.01391
1.01391
1.01391
1.01391
1.01391
1.01391
1.01391
1.01391
1.01391
1.01391
1.01391
1.01391
1.01391
1.01391
1.01391
1.01391
1.01391
1.01391
1.01391
1.01391
1.01391
1.01391
1.01391
1.01391
1.01391
1.01391
1.01391
1.01391
1.01391
1.01391
1.01391
1.01391
1.01391
1.01391
1.01391
1.01391
1.01391
1.01391
1.01391
1.01391
1.01391
1.01391
1.01391
1.01391
1.01391
1.01391
1.01391
1.01391
1.01391
1.01391
1.01391
1.01391
1.01391
1.01391
1.01391
1.01391
1.01391
1.01391
1.01391
1.01391
1.01391
1.01391
1.01391
1.01391
1.01391
1.01391
1.01391
1.01391
1.01391
1.01391
1.01391
1.01391
1.01391
1.01391
1.01391
1.01391
1.01391
1.01391
1.01391
1.01391
1.01391
1.01391
1.01391
1.01391
1.01391
1.01391
1.01391
1.01391
1.01391
1.01391
1.01391
1.01391
1.01391
1.01391
1.01391
1.01391
1.01391
1.01391
1.01391
1.01391
1.01391
1.01391
1.01391
1.01391
1.01391
1.01391
1.01391
1.01391
1.01391
1.01391
1.01391
1.01391
1.01391
1.01391
1.01391
1.01391
1.01391
1.01391
1.01391
1.01391
1.01391
1.01391
1.01391
1.01391
1.01391
1.01391
1.01391
1.01391
1.01391
1.01391
1.01391
1.01391
1.01391
1.01391
1.01391
1.01391
1.01391
1.01391
1.01391
1.01391
1.01391
1.01391
1.01391
1.01391
1.01391
1.01391
1.01391
1.01391
1.01391
1.01391
1.01391
1.01391
1.01391
1.01391
1.01391
1.01391
1.01391
1.01391
1.01391
1.01391
1.01391
1.01391
1.01391
1.01391
1.01391
1.01391
1.01391
1.01391
1.01391
1.01391
1.01391
1.01391
1.01391
1.01391
1.01391
1.01391
1.01391
1.01391
1.01391
1.01391
1.01391
1.01391
1.01391
1.01391
1.01391
1.01391
1.01391
1.01391
1.01391
1.01391
1.01391
1.01391
1.01391
1.01391
1.01391
1.01391
1.01391
1.01391
1.01391
1.01391
1.01391
1.01391
1.01391
1.01391
1.01391
1.01391
1.01391
1.01391
1.01391
1.01391
1.01391
1.01391
1.01391
1.01391
1.01391
1.01391
1.01391
1.01391
1.01391
1.01391
1.01391
1.01391
1.01391
1.01391
1.01391
1.01391
1.01391
1.01391
1.01391
1.01391
1.01391
1.01391
1.01391
1.01391
1.01391
1.01391
1.01391
1.01391
1.01391
1.01391
1.01391
1.01391
1.01391
1.01391
1.01391
1.01391
1.01391
1.01391
1.01391
1.01391
1.01391
1.01391
1.01391
1.01391
1.01391
1.01391
1.01391
1.01391
1.01391
1.01391
1.01391
1.01391
1.01391
1.01391
1.01391
1.01391
1.01391
1.01391
1.01391
1.01391
1.01391
1.01391
1.01391
1.01391
1.01391
1.01391
1.01391
1.01391
1.01391
1.01391
1.01391
1.01391
1.01391
1.01391
1.01391
1.01391
1.01391
1.01391
1.01391
1.01391
1.01391
1.01391
1.01391
1.01391
1.01391
1.01391
1.01391
1.01391
1.01391
1.01391
1.01391
1.01391
1.01391
1.01391
1.01391
1.01391
1.01391
1.01391
1.01391
1.01391
1.01391
1.01391
1.01391
1.01391
1.01391
1.01391
1.01391
1.01391
1.01391
1.01391
1.01391
1.01391
1.01391
1.01391
1.01391
1.01391
1.01391
1.01391
1.01391
1.01391
1.01391
1.01391
1.01391
1.01391
1.01391
1.01391
1.01391
1.01391
1.01391
1.01391
1.01391
1.01391
1.01391
1.01391
1.01391
1.01391
1.01391
1.01391
1.01391
1.01391
1.01391
1.01391
1.01391
1.01391
1.01391
1.01391
1.01391
1.01391
1.01391
1.01391
1.01391
1.01391
1.01391
1.01391
1.01391
1.01391
1.01391
1.01391
1.01391
1.01391
1.01391
1.01391
1.01391
1.01391
1.01391
1.01391
1.01391
1.01391
