0
0
0
0
0
3.24249e-05
0.000422001
0.000671864
0.0017581
0.00222349
0.00329733
0.00524044
0.00673771
0.00838423
0.0092597
0.0111084
0.0141072
0.016243
0.0184789
0.0208073
0.0232205
0.025713
0.0295844
0.0322471
0.0349669
0.0377407
0.0405636
0.0434318
0.0463409
0.0507746
0.053771
0.056797
0.0598488
0.0629244
0.0660205
0.0691361
0.072268
0.0754147
0.0785747
0.0833344
0.0849257
0.0897107
0.0929089
0.0961118
0.100923
0.104131
0.105735
0.108943
0.112151
0.116963
0.118566
0.121769
0.12497
0.129763
0.132952
0.136136
0.139315
0.142488
0.145653
0.148813
0.151966
0.156681
0.158248
0.16294
0.1645
0.169167
0.172267
0.17536
0.178442
0.181517
0.184581
0.187636
0.190681
0.193717
0.196743
0.199759
0.202764
0.205759
0.208744
0.211719
0.214684
0.217638
0.220582
0.223516
0.22644
0.229353
0.232255
0.23659
0.239467
0.240901
0.243763
0.246614
0.249454
0.253697
0.256513
0.259317
0.262112
0.264896
0.26767
0.270433
0.273187
0.275932
0.278666
0.281391
0.284105
0.286809
0.289503
0.293526
0.296196
0.298855
0.301504
0.304143
0.306772
0.309392
0.312002
0.315897
0.318482
0.321057
0.323623
0.326178
0.328724
0.33126
0.335047
0.33756
0.340063
0.342557
0.345041
0.347517
0.349982
0.352438
0.354885
0.357322
0.35975
0.362169
0.364578
0.366978
0.370562
0.372939
0.375308
0.377667
0.380017
0.382359
0.384692
0.388175
0.390486
0.392789
0.395083
0.397369
0.399646
0.401914
0.404173
0.406424
0.408666
0.4109
0.414235
0.416447
0.41755
0.420847
0.421942
0.424125
0.427384
0.429547
0.431702
0.433849
0.435987
0.438118
0.44024
0.442355
0.444461
0.44656
0.448652
0.450735
0.45281
0.454877
0.456937
0.45899
0.462054
0.463071
0.465101
0.468131
0.470141
0.471143
0.474139
0.476127
0.478107
0.480081
0.482046
0.484004
0.485955
0.487899
0.489835
0.491763
0.493685
0.496553
0.498456
0.500351
0.501297
0.504121
0.505995
0.507862
0.509722
0.511575
0.513421
0.51526
0.517092
0.518918
0.520736
0.522547
0.524352
0.52615
0.527941
0.529726
0.531504
0.533275
0.535039
0.536797
0.538548
0.540293
0.542031
0.543762
0.545487
0.547205
0.548917
0.550622
0.552321
0.554014
0.5557
0.55738
0.559053
0.561551
0.562381
0.564035
0.565683
0.567326
0.568962
0.570591
0.572214
0.573831
0.575442
0.577847
0.578646
0.581033
0.581826
0.583407
0.585767
0.587333
0.588894
0.590448
0.591997
0.59354
0.595077
0.596608
0.598134
0.599653
0.601167
0.602675
0.604177
0.605674
0.607164
0.608649
0.610127
0.611601
0.613069
0.614531
0.615987
0.617438
0.618883
0.620323
0.621758
0.623186
0.624609
0.626027
0.62744
0.629549
0.630249
0.631645
0.633036
0.634422
0.636491
0.637177
0.639231
0.640594
0.641951
0.643303
0.64465
0.645992
0.647329
0.648662
0.650651
0.65197
0.653285
0.654595
0.655901
0.657201
0.658496
0.659786
0.661071
0.66299
0.663627
0.665531
0.666163
0.668053
0.669307
0.670556
0.671801
0.67304
0.674275
0.675506
0.676732
0.677954
0.679171
0.680383
0.681591
0.682794
0.683993
0.685187
0.686377
0.687562
0.688743
0.689919
0.691091
0.692259
0.693422
0.694581
0.695735
0.696885
0.698031
0.699741
0.70031
0.701442
0.70257
0.704256
0.705374
0.706487
0.707042
0.707597
0.709803
0.7109
0.711993
0.713082
0.714167
0.715248
0.716324
0.717396
0.718463
0.719527
0.720587
0.721642
0.722694
0.723742
0.724785
0.726343
0.727376
0.728406
0.729432
0.730453
0.731472
0.732486
0.733496
0.734503
0.736005
0.737002
0.737996
0.738986
0.739972
0.740954
0.741933
0.742908
0.74388
0.744847
0.745811
0.746772
0.747728
0.748682
0.749631
0.751048
0.751519
0.752925
0.753859
0.754788
0.755715
0.756638
0.757557
0.758472
0.759385
0.760747
0.761651
0.762551
0.763448
0.764342
0.765233
0.766119
0.767003
0.768322
0.769197
0.770069
0.770504
0.771803
0.772666
0.773524
0.77438
0.775232
0.776082
0.776928
0.777771
0.77861
0.779447
0.78028
0.781111
0.781939
0.782763
0.783583
0.784401
0.785216
0.786432
0.786837
0.788044
0.788845
0.789244
0.790438
0.79123
0.79202
0.792806
0.793589
0.794369
0.795147
0.795921
0.796692
0.797461
0.798227
0.79899
0.799749
0.800883
0.801635
0.802385
0.803132
0.803875
0.804616
0.805722
0.806456
0.807188
0.807916
0.808641
0.809365
0.810086
0.810803
0.811518
0.81223
0.81294
0.813646
0.81435
0.815052
0.81575
0.816445
0.817139
0.81783
0.818517
0.819203
0.819886
0.820566
0.821243
0.821918
0.822926
0.82326
0.823928
0.824592
0.825254
0.826243
0.8269
0.827553
0.828204
0.828853
0.829821
0.830464
0.831105
0.831742
0.832378
0.833011
0.833642
0.834583
0.835208
0.836141
0.83645
0.837068
0.837683
0.838602
0.839212
0.839818
0.840424
0.841027
0.841627
0.842226
0.842822
0.843416
0.844007
0.844596
0.845184
0.845768
0.846351
0.846931
0.847797
0.848373
0.848659
0.849231
0.850084
0.85065
0.850933
0.851496
0.852337
0.852894
0.85345
0.854003
0.854555
0.855104
0.855651
0.856197
0.85674
0.857282
0.857821
0.858358
0.858893
0.859427
0.859957
0.860487
0.861013
0.861801
0.862062
0.862843
0.863362
0.863878
0.864393
0.864905
0.865416
0.865924
0.866432
0.866936
0.86744
0.86794
0.86844
0.868937
0.869433
0.869926
0.870419
0.870908
0.871397
0.871882
0.872367
0.872849
0.87333
0.874046
0.874285
0.87476
0.875233
0.875939
0.876408
0.876874
0.87734
0.877803
0.878264
0.878725
0.879182
0.879867
0.880321
0.880773
0.881223
0.881673
0.882119
0.882565
0.883008
0.883451
0.883892
0.88433
0.884768
0.885203
0.885638
0.886069
0.8865
0.886928
0.887569
0.887781
0.888416
0.888628
0.889257
0.889677
0.890092
0.890508
0.890922
0.891334
0.891949
0.892153
0.892561
0.892966
0.893371
0.893975
0.894175
0.894775
0.895172
0.89537
0.895964
0.896357
0.896749
0.897139
0.897528
0.897916
0.898301
0.898686
0.899069
0.89945
0.899831
0.900208
0.900586
0.900961
0.901335
0.901709
0.902079
0.902449
0.902818
0.903184
0.903551
0.904096
0.904277
0.90482
0.905179
0.905537
0.905894
0.906249
0.906603
0.906956
0.907307
0.907658
0.908006
0.908353
0.9087
0.909045
0.909388
0.909731
0.910072
0.910581
0.910751
0.911255
0.911591
0.911926
0.912258
0.91259
0.912921
0.913249
0.913577
0.913905
0.914229
0.914554
0.914878
0.915199
0.915519
0.91584
0.916157
0.916474
0.91679
0.917105
0.917418
0.91773
0.918041
0.91835
0.918659
0.91912
0.919425
0.91973
0.920033
0.920335
0.920636
0.920937
0.921235
0.921532
0.92183
0.922124
0.922565
0.922712
0.92315
0.92344
0.923729
0.924018
0.924304
0.924591
0.924877
0.92516
0.925442
0.925725
0.926146
0.926285
0.926702
0.92698
0.927255
0.92753
0.927804
0.928077
0.928348
0.928619
0.92889
0.929158
0.929425
0.929692
0.929959
0.930223
0.930486
0.930749
0.931013
0.931272
0.931661
0.931791
0.93205
0.932305
0.932689
0.932944
0.933197
0.933449
0.933701
0.933953
0.934202
0.93445
0.934698
0.934946
0.935192
0.935436
0.93568
0.935924
0.936286
0.936526
0.936767
0.937007
0.937243
0.93748
0.937716
0.937953
0.938187
0.938419
0.938652
0.938885
0.939116
0.939345
0.939574
0.939803
0.940032
0.940257
0.940482
0.940707
0.941045
0.941156
0.941377
0.941709
0.94193
0.94215
0.942368
0.942585
0.942802
0.94302
0.943234
0.943448
0.943662
0.943875
0.944088
0.944298
0.944508
0.944718
0.945033
0.945239
0.945445
0.945651
0.945857
0.946063
0.946265
0.946467
0.94667
0.946872
0.947174
0.947372
0.94757
0.947769
0.947967
0.948164
0.948359
0.948554
0.948748
0.94904
0.949232
0.949423
0.949614
0.949804
0.949995
0.950184
0.950371
0.950558
0.950745
0.950932
0.951211
0.951303
0.951486
0.951669
0.951852
0.952127
0.952217
0.952396
0.952665
0.952844
0.953023
0.953202
0.953377
0.953553
0.953728
0.953904
0.954079
0.954252
0.954424
0.954596
0.954767
0.954939
0.955111
0.955279
0.955447
0.955615
0.955782
0.95595
0.956365
0.956529
0.956693
0.956857
0.957021
0.957183
0.957344
0.957504
0.957664
0.957824
0.957984
0.958145
0.958301
0.958457
0.958614
0.95877
0.958927
0.959083
0.959238
0.959391
0.959543
0.959772
0.959925
0.960001
0.960154
0.960303
0.960452
0.960675
0.96075
0.960973
0.961122
0.961196
0.961414
0.961559
0.961704
0.961849
0.961994
0.962139
0.962282
0.962423
0.962564
0.962706
0.962847
0.962988
0.963129
0.963269
0.963407
0.963544
0.963681
0.963887
0.964025
0.964162
0.964297
0.96443
0.964564
0.964697
0.964831
0.964964
0.965098
0.965231
0.965361
0.965491
0.965621
0.96575
0.96588
0.96601
0.966139
0.966269
0.966394
0.96652
0.966646
0.966835
0.966961
0.967087
0.967213
0.967336
0.967458
0.96758
0.967702
0.967824
0.967947
0.968069
0.968191
0.968311
0.968429
0.968547
0.968666
0.968784
0.968902
0.96902
0.969139
0.969257
0.969371
0.969543
0.9696
0.969715
0.969829
0.969944
0.970115
0.970172
0.970341
0.970397
0.970562
0.970673
0.970784
0.970894
0.971005
0.971116
0.971226
0.971335
0.971442
0.971549
0.971655
0.971762
0.971869
0.972029
0.972136
0.972243
0.972348
0.972451
0.972554
0.972657
0.97276
0.972863
0.972966
0.973069
0.973172
0.973275
0.973374
0.973523
0.973573
0.973672
0.973771
0.97387
0.974019
0.974118
0.974217
0.974316
0.974411
0.974507
0.974602
0.974698
0.974793
0.974888
0.975031
0.975127
0.975222
0.975317
0.97541
0.975501
0.975593
0.975684
0.975776
0.975867
0.975959
0.97605
0.976142
0.976279
0.976369
0.976413
0.976545
0.976633
0.97672
0.976852
0.976896
0.977027
0.977115
0.977203
0.977291
0.977377
0.977461
0.977545
0.977629
0.977713
0.977797
0.977922
0.977964
0.97809
0.978174
0.978258
