0
0
0
0
0
0
0
0
3.52859e-05
0.000308037
0.00114059
0.0028553
0.00573063
0.00993443
0.0154505
0.0221786
0.0300217
0.043685
0.0487032
0.0593767
0.0708389
0.0893555
0.102485
0.116168
0.130349
0.144977
0.159993
0.175346
0.190993
0.206889
0.222994
0.239269
0.255679
0.272191
0.288773
0.305396
0.322034
0.338657
0.355245
0.371773
0.388222
0.404573
0.420808
0.436907
0.452855
0.476462
0.491968
0.507275
0.522371
0.537246
0.551889
0.566298
0.580466
0.59439
0.608068
0.621494
0.634666
0.647581
0.660233
0.672623
0.684747
0.696606
0.708198
0.725085
0.730581
0.746671
0.751902
0.762166
0.772167
0.781905
0.796025
0.80512
0.813962
0.82256
0.830914
0.839025
0.846893
0.854525
0.861923
0.869093
0.876038
0.882763
0.889271
0.89557
0.901661
0.907551
0.913242
0.918741
0.924052
0.931674
0.934125
0.941218
0.945736
0.947933
0.954281
0.958316
0.962195
0.965928
0.969519
0.972972
0.976294
0.979485
0.98255
0.985487
0.989674
0.991011
0.994853
0.997277
0.999596
1.00181
1.00392
1.00594
1.00786
1.0097
1.01144
1.01309
1.01542
1.01616
1.01758
1.01956
1.02019
1.02139
1.02307
1.02411
1.02461
1.02601
1.02687
1.02768
1.02844
1.02915
1.02981
1.03043
1.031
1.03154
1.03203
1.03248
1.0329
1.03328
1.03363
1.03395
1.03424
1.03451
1.03474
1.03495
1.03514
1.0353
1.03544
1.03556
1.03567
1.03575
1.03582
1.03587
1.0359
1.03593
1.03593
1.03593
1.03591
1.03588
1.03582
1.0358
1.03574
1.03564
1.0356
1.03548
1.03539
1.0353
1.0352
1.03515
1.03499
1.03487
1.03476
1.03464
1.03458
1.03439
1.03427
1.03414
1.03401
1.03388
1.03368
1.03355
1.03342
1.03329
1.03316
1.03304
1.03291
1.03278
1.03265
1.03252
1.03239
1.03226
1.03214
1.03202
1.03189
1.03177
1.03165
1.03154
1.03142
1.03131
1.0312
1.03109
1.03093
1.03088
1.03077
1.03067
1.03058
1.03048
1.03038
1.03025
1.0302
1.03011
1.02999
1.02994
1.02982
1.02974
1.02967
1.02959
1.02952
1.02945
1.02938
1.02931
1.02925
1.02919
1.02913
1.02907
1.02901
1.02896
1.0289
1.02885
1.0288
1.02876
1.02869
1.02866
1.02862
1.02858
1.02852
1.02848
1.02844
1.02841
1.02837
1.02834
1.02831
1.02828
1.02825
1.02822
1.0282
1.02817
1.02814
1.02813
1.0281
1.02807
1.02806
1.02803
1.02802
1.028
1.02798
1.02797
1.02795
1.02794
1.02792
1.02791
1.02789
1.02787
1.02787
1.02786
1.02785
1.02784
1.02784
1.02783
1.02782
1.02781
1.02781
1.0278
1.02779
1.02778
1.02777
1.02776
1.02776
1.02775
1.02774
1.02774
1.02774
1.02774
1.02774
1.02774
1.02774
1.02774
1.02774
1.02774
1.02774
1.02774
1.02774
1.02774
1.02774
1.02774
1.02774
1.02774
1.02774
1.02774
1.02774
1.02774
1.02774
1.02774
1.02774
1.02774
1.02774
1.02774
1.02774
1.02774
1.02774
1.02774
1.02774
1.02774
1.02774
1.02774
1.02774
1.02774
1.02774
1.02774
1.02774
1.02774
1.02774
1.02774
1.02774
1.02774
1.02774
1.02774
1.02774
1.02774
1.02774
1.02774
1.02774
1.02774
1.02774
1.02774
1.02774
1.02774
1.02774
1.02774
1.02774
1.02774
1.02774
1.02774
1.02774
1.02774
1.02774
1.02774
1.02774
1.02774
1.02774
1.02774
1.02774
1.02774
1.02774
1.02774
1.02774
1.02774
1.02774
1.02774
1.02774
1.02774
1.02774
1.02774
1.02774
1.02774
1.02774
1.02774
1.02774
1.02774
1.02774
1.02774
1.02774
1.02774
1.02774
1.02774
1.02774
1.02774
1.02774
1.02774
1.02774
1.02774
1.02774
1.02774
1.02774
1.02774
1.02774
1.02774
1.02774
1.02774
1.02774
1.02774
1.02774
1.02774
1.02774
1.02774
1.02774
1.02774
1.02774
1.02774
1.02774
1.02774
1.02774
1.02774
1.02774
1.02774
1.02774
1.02774
1.02774
1.02774
1.02774
1.02774
1.02774
1.02774
1.02774
1.02774
1.02774
1.02774
1.02774
1.02774
1.02774
1.02774
1.02774
1.02774
1.02774
1.02774
1.02774
1.02774
1.02774
1.02774
1.02774
1.02774
1.02774
1.02774
1.02774
1.02774
1.02774
1.02774
1.02774
1.02774
1.02774
1.02774
1.02774
1.02774
1.02774
1.02774
1.02774
1.02774
1.02774
1.02774
1.02774
1.02774
1.02774
1.02774
1.02774
1.02774
1.02774
1.02774
1.02774
1.02774
1.02774
1.02774
1.02774
1.02774
1.02774
1.02774
1.02774
1.02774
1.02774
1.02774
1.02774
1.02774
1.02774
1.02774
1.02774
1.02774
1.02774
1.02774
1.02774
1.02774
1.02774
1.02774
1.02774
1.02774
1.02774
1.02774
1.02774
1.02774
1.02774
1.02774
1.02774
1.02774
1.02774
1.02774
1.02774
1.02774
1.02774
1.02774
1.02774
1.02774
1.02774
1.02774
1.02774
1.02774
1.02774
1.02774
1.02774
1.02774
1.02774
1.02774
1.02774
1.02774
1.02774
1.02774
1.02774
1.02774
1.02774
1.02774
1.02774
1.02774
1.02774
1.02774
1.02774
1.02774
1.02774
1.02774
1.02774
1.02774
1.02774
1.02774
1.02774
1.02774
1.02774
1.02774
1.02774
1.02774
1.02774
1.02774
1.02774
1.02774
1.02774
1.02774
1.02774
1.02774
1.02774
1.02774
1.02774
1.02774
1.02774
1.02774
1.02774
1.02774
1.02774
1.02774
1.02774
1.02774
1.02774
1.02774
1.02774
1.02774
1.02774
1.02774
1.02774
1.02774
1.02774
1.02774
1.02774
1.02774
1.02774
1.02774
1.02774
1.02774
1.02774
1.02774
1.02774
1.02774
1.02774
1.02774
1.02774
1.02774
1.02774
1.02774
1.02774
1.02774
1.02774
1.02774
1.02774
1.02774
1.02774
1.02774
1.02774
1.02774
1.02774
1.02774
1.02774
1.02774
1.02774
1.02774
1.02774
1.02774
1.02774
1.02774
1.02774
1.02774
1.02774
1.02774
1.02774
1.02774
1.02774
1.02774
1.02774
1.02774
1.02774
1.02774
1.02774
1.02774
1.02774
1.02774
1.02774
1.02774
1.02774
1.02774
1.02774
1.02774
1.02774
1.02774
1.02774
1.02774
1.02774
1.02774
1.02774
1.02774
1.02774
1.02774
1.02774
1.02774
1.02774
1.02774
1.02774
1.02774
1.02774
1.02774
1.02774
1.02774
1.02774
1.02774
1.02774
1.02774
1.02774
1.02774
1.02774
1.02774
1.02774
1.02774
1.02774
1.02774
1.02774
1.02774
1.02774
1.02774
1.02774
1.02774
1.02774
1.02774
1.02774
1.02774
1.02774
1.02774
1.02774
1.02774
1.02774
1.02774
1.02774
1.02774
1.02774
1.02774
1.02774
1.02774
1.02774
1.02774
1.02774
1.02774
1.02774
1.02774
1.02774
1.02774
1.02774
1.02774
1.02774
1.02774
1.02774
1.02774
1.02774
1.02774
1.02774
1.02774
1.02774
1.02774
1.02774
1.02774
1.02774
1.02774
1.02774
1.02774
1.02774
1.02774
1.02774
1.02774
1.02774
1.02774
1.02774
1.02774
1.02774
1.02774
1.02774
1.02774
1.02774
1.02774
1.02774
1.02774
1.02774
1.02774
1.02774
1.02774
1.02774
1.02774
1.02774
1.02774
1.02774
1.02774
1.02774
1.02774
1.02774
1.02774
1.02774
1.02774
1.02774
1.02774
1.02774
1.02774
1.02774
1.02774
1.02774
1.02774
1.02774
1.02774
1.02774
1.02774
1.02774
1.02774
1.02774
1.02774
1.02774
1.02774
1.02774
1.02774
1.02774
1.02774
1.02774
1.02774
1.02774
1.02774
1.02774
1.02774
1.02774
1.02774
1.02774
1.02774
1.02774
1.02774
1.02774
1.02774
1.02774
1.02774
1.02774
1.02774
1.02774
1.02774
1.02774
1.02774
1.02774
1.02774
1.02774
1.02774
1.02774
1.02774
1.02774
1.02774
1.02774
1.02774
1.02774
1.02774
1.02774
1.02774
1.02774
1.02774
1.02774
1.02774
1.02774
1.02774
1.02774
1.02774
1.02774
1.02774
1.02774
1.02774
1.02774
1.02774
1.02774
1.02774
1.02774
1.02774
1.02774
1.02774
1.02774
1.02774
1.02774
1.02774
1.02774
1.02774
1.02774
1.02774
1.02774
1.02774
1.02774
1.02774
1.02774
1.02774
1.02774
1.02774
1.02774
1.02774
1.02774
1.02774
1.02774
1.02774
1.02774
1.02774
1.02774
1.02774
1.02774
1.02774
1.02774
1.02774
1.02774
1.02774
1.02774
1.02774
1.02774
1.02774
1.02774
1.02774
1.02774
1.02774
1.02774
1.02774
1.02774
1.02774
1.02774
1.02774
1.02774
1.02774
1.02774
1.02774
1.02774
1.02774
1.02774
1.02774
1.02774
1.02774
1.02774
1.02774
1.02774
1.02774
1.02774
1.02774
1.02774
1.02774
1.02774
1.02774
1.02774
1.02774
1.02774
1.02774
1.02774
1.02774
1.02774
1.02774
1.02774
1.02774
1.02774
1.02774
1.02774
1.02774
1.02774
1.02774
1.02774
1.02774
1.02774
1.02774
1.02774
1.02774
1.02774
1.02774
1.02774
1.02774
1.02774
1.02774
1.02774
1.02774
1.02774
1.02774
1.02774
1.02774
1.02774
1.02774
1.02774
1.02774
1.02774
1.02774
1.02774
1.02774
1.02774
1.02774
1.02774
1.02774
1.02774
1.02774
1.02774
1.02774
1.02774
1.02774
1.02774
1.02774
1.02774
1.02774
1.02774
1.02774
1.02774
1.02774
1.02774
1.02774
1.02774
1.02774
1.02774
1.02774
1.02774
1.02774
1.02774
1.02774
1.02774
1.02774
1.02774
1.02774
1.02774
1.02774
1.02774
1.02774
1.02774
1.02774
1.02774
1.02774
1.02774
1.02774
1.02774
1.02774
1.02774
1.02774
1.02774
1.02774
1.02774
1.02774
1.02774
1.02774
1.02774
1.02774
1.02774
1.02774
1.02774
1.02774
1.02774
1.02774
1.02774
1.02774
1.02774
1.02774
1.02774
1.02774
1.02774
1.02774
1.02774
1.02774
1.02774
1.02774
1.02774
1.02774
1.02774
1.02774
1.02774
1.02774
1.02774
1.02774
