0
0
0
0
5.00679e-06
0.000123024
0.00063324
0.00186753
0.00412869
0.00768566
0.0127869
0.0196652
0.0285392
0.0396123
0.0530438
0.0688906
0.0970073
0.107454
0.141667
0.153951
0.193117
0.220925
0.249894
0.279843
0.310613
0.342032
0.373939
0.406192
0.43866
0.471219
0.487495
0.536143
0.568287
0.60008
0.631439
0.662332
0.692743
0.722586
0.751769
0.780222
0.807889
0.83472
0.86067
0.897855
0.921437
0.944021
0.954931
0.975976
1.00557
1.02394
1.03271
1.05742
1.06513
1.08666
1.09968
1.11168
1.12265
1.12776
1.14163
1.14967
1.15677
1.16297
1.16831
1.17475
1.1765
1.17941
1.1824
1.18305
1.18385
1.18387
1.18316
1.1826
1.18015
1.17792
1.17665
1.17222
1.16881
1.16507
1.16105
1.15676
1.15225
1.14753
1.14264
1.1376
1.13243
1.12716
1.1218
1.1164
1.11095
1.10275
1.10002
1.09457
1.08645
1.08378
1.07847
1.07067
1.06812
1.06062
1.05577
1.05339
1.04647
1.04423
1.03776
1.03364
1.02969
1.02591
1.0223
1.01886
1.0156
1.01252
1.00963
1.00691
1.00437
1.00201
0.99982
0.997805
0.995959
0.993501
0.992762
0.991403
0.989651
0.989141
0.988231
0.98746
0.986553
0.986106
0.985781
0.985569
0.985466
0.985466
0.985562
0.98575
0.986023
0.986374
0.986799
0.987291
0.987844
0.988454
0.989116
0.989823
0.990573
0.991359
0.992177
0.993024
0.994335
0.995231
0.99614
0.997057
0.99798
0.998903
0.999824
1.00074
1.00209
1.00254
1.00342
1.00429
1.00555
1.00636
1.00715
1.00792
1.00866
1.00937
1.01006
1.01071
1.01134
1.01193
1.01249
1.01303
1.01353
1.01399
1.01443
1.01484
1.01522
1.01558
1.0159
1.01619
1.01646
1.0167
1.01691
1.0171
1.01733
1.01745
1.01751
1.0176
1.01766
1.01773
1.01774
1.01774
1.01772
1.01768
1.01763
1.01756
1.01748
1.01738
1.01728
1.01716
1.01703
1.0169
1.01675
1.0166
1.01637
1.0162
1.01612
1.01586
1.01568
1.01551
1.01542
1.01515
1.01498
1.0148
1.01463
1.01446
1.01429
1.01412
1.01395
1.01379
1.01364
1.01348
1.01333
1.01319
1.01305
1.01291
1.01278
1.01266
1.01254
1.01242
1.01226
1.01221
1.01211
1.01202
1.01193
1.01181
1.01178
1.01171
1.01161
1.01156
1.01151
1.01148
1.01142
1.0114
1.01136
1.01133
1.01131
1.01129
1.01128
1.01127
1.01127
1.01126
1.01127
1.01127
1.01128
1.01129
1.0113
1.01133
1.01135
1.01137
1.01139
1.01141
1.01144
1.01147
1.01149
1.01152
1.01155
1.01158
1.01161
1.01164
1.01167
1.0117
1.01173
1.01177
1.0118
1.01183
1.01186
1.01189
1.01192
1.01195
1.01198
1.012
1.01204
1.01207
1.01209
1.01212
1.01214
1.01216
1.01218
1.0122
1.01222
1.01224
1.01225
1.01227
1.01229
1.0123
1.01232
1.01232
1.01234
1.01234
1.01235
1.01236
1.01237
1.01237
1.01237
1.01238
1.01238
1.01238
1.01238
1.01238
1.01238
1.01238
1.01238
1.01238
1.01238
1.01237
1.01237
1.01236
1.01236
1.01236
1.01235
1.01235
1.01234
1.01234
1.01233
1.01233
1.01232
1.01231
1.0123
1.0123
1.01229
1.01228
1.01227
1.01227
1.01226
1.01225
1.01224
1.01224
1.01223
1.01223
1.01223
1.01222
1.01222
1.01221
1.01221
1.01221
1.0122
1.0122
1.0122
1.01219
1.01219
1.01218
1.01218
1.01218
1.01217
1.01217
1.01217
1.01217
1.01217
1.01217
1.01217
1.01217
1.01217
1.01217
1.01217
1.01217
1.01217
1.01217
1.01217
1.01217
1.01217
1.01217
1.01217
1.01217
1.01217
1.01217
1.01217
1.01217
1.01217
1.01217
1.01217
1.01217
1.01217
1.01217
1.01217
1.01217
1.01217
1.01217
1.01217
1.01217
1.01217
1.01217
1.01217
1.01217
1.01217
1.01217
1.01217
1.01217
1.01217
1.01217
1.01217
1.01217
1.01217
1.01217
1.01217
1.01217
1.01217
1.01217
1.01217
1.01217
1.01217
1.01217
1.01217
1.01217
1.01217
1.01217
1.01217
1.01217
1.01217
1.01217
1.01217
1.01217
1.01217
1.01217
1.01217
1.01217
1.01217
1.01217
1.01217
1.01217
1.01217
1.01217
1.01217
1.01217
1.01217
1.01217
1.01217
1.01217
1.01217
1.01217
1.01217
1.01217
1.01217
1.01217
1.01217
1.01217
1.01217
1.01217
1.01217
1.01217
1.01217
1.01217
1.01217
1.01217
1.01217
1.01217
1.01217
1.01217
1.01217
1.01217
1.01217
1.01217
1.01217
1.01217
1.01217
1.01217
1.01217
1.01217
1.01217
1.01217
1.01217
1.01217
1.01217
1.01217
1.01217
1.01217
1.01217
1.01217
1.01217
1.01217
1.01217
1.01217
1.01217
1.01217
1.01217
1.01217
1.01217
1.01217
1.01217
1.01217
1.01217
1.01217
1.01217
1.01217
1.01217
1.01217
1.01217
1.01217
1.01217
1.01217
1.01217
1.01217
1.01217
1.01217
1.01217
1.01217
1.01217
1.01217
1.01217
1.01217
1.01217
1.01217
1.01217
1.01217
1.01217
1.01217
1.01217
1.01217
1.01217
1.01217
1.01217
1.01217
1.01217
1.01217
1.01217
1.01217
1.01217
1.01217
1.01217
1.01217
1.01217
1.01217
1.01217
1.01217
1.01217
1.01217
1.01217
1.01217
1.01217
1.01217
1.01217
1.01217
1.01217
1.01217
1.01217
1.01217
1.01217
1.01217
1.01217
1.01217
1.01217
1.01217
1.01217
1.01217
1.01217
1.01217
1.01217
1.01217
1.01217
1.01217
1.01217
1.01217
1.01217
1.01217
1.01217
1.01217
1.01217
1.01217
1.01217
1.01217
1.01217
1.01217
1.01217
1.01217
1.01217
1.01217
1.01217
1.01217
1.01217
1.01217
1.01217
1.01217
1.01217
1.01217
1.01217
1.01217
1.01217
1.01217
1.01217
1.01217
1.01217
1.01217
1.01217
1.01217
1.01217
1.01217
1.01217
1.01217
1.01217
1.01217
1.01217
1.01217
1.01217
1.01217
1.01217
1.01217
1.01217
1.01217
1.01217
1.01217
1.01217
1.01217
1.01217
1.01217
1.01217
1.01217
1.01217
1.01217
1.01217
1.01217
1.01217
1.01217
1.01217
1.01217
1.01217
1.01217
1.01217
1.01217
1.01217
1.01217
1.01217
1.01217
1.01217
1.01217
1.01217
1.01217
1.01217
1.01217
1.01217
1.01217
1.01217
1.01217
1.01217
1.01217
1.01217
1.01217
1.01217
1.01217
1.01217
1.01217
1.01217
1.01217
1.01217
1.01217
1.01217
1.01217
1.01217
1.01217
1.01217
1.01217
1.01217
1.01217
1.01217
1.01217
1.01217
1.01217
1.01217
1.01217
1.01217
1.01217
1.01217
1.01217
1.01217
1.01217
1.01217
1.01217
1.01217
1.01217
1.01217
1.01217
1.01217
1.01217
1.01217
1.01217
1.01217
1.01217
1.01217
1.01217
1.01217
1.01217
1.01217
1.01217
1.01217
1.01217
1.01217
1.01217
1.01217
1.01217
1.01217
1.01217
1.01217
1.01217
1.01217
1.01217
1.01217
1.01217
1.01217
1.01217
1.01217
1.01217
1.01217
1.01217
1.01217
1.01217
1.01217
1.01217
1.01217
1.01217
1.01217
1.01217
1.01217
1.01217
1.01217
1.01217
1.01217
1.01217
1.01217
1.01217
1.01217
1.01217
1.01217
1.01217
1.01217
1.01217
1.01217
1.01217
1.01217
1.01217
1.01217
1.01217
1.01217
1.01217
1.01217
1.01217
1.01217
1.01217
1.01217
1.01217
1.01217
1.01217
1.01217
1.01217
1.01217
1.01217
1.01217
1.01217
1.01217
1.01217
1.01217
1.01217
1.01217
1.01217
1.01217
1.01217
1.01217
1.01217
1.01217
1.01217
1.01217
1.01217
1.01217
1.01217
1.01217
1.01217
1.01217
1.01217
1.01217
1.01217
1.01217
1.01217
1.01217
1.01217
1.01217
1.01217
1.01217
1.01217
1.01217
1.01217
1.01217
1.01217
1.01217
1.01217
1.01217
1.01217
1.01217
1.01217
1.01217
1.01217
1.01217
1.01217
1.01217
1.01217
1.01217
1.01217
1.01217
1.01217
1.01217
1.01217
1.01217
1.01217
1.01217
1.01217
1.01217
1.01217
1.01217
1.01217
1.01217
1.01217
1.01217
1.01217
1.01217
1.01217
1.01217
1.01217
1.01217
1.01217
1.01217
1.01217
1.01217
1.01217
1.01217
1.01217
1.01217
1.01217
1.01217
1.01217
1.01217
1.01217
1.01217
1.01217
1.01217
1.01217
1.01217
1.01217
1.01217
1.01217
1.01217
1.01217
1.01217
1.01217
1.01217
1.01217
1.01217
1.01217
1.01217
1.01217
1.01217
1.01217
1.01217
1.01217
1.01217
1.01217
1.01217
1.01217
1.01217
1.01217
1.01217
1.01217
1.01217
1.01217
1.01217
1.01217
1.01217
1.01217
1.01217
1.01217
1.01217
1.01217
1.01217
1.01217
1.01217
1.01217
1.01217
1.01217
1.01217
1.01217
1.01217
1.01217
1.01217
1.01217
1.01217
1.01217
1.01217
1.01217
1.01217
1.01217
1.01217
1.01217
1.01217
1.01217
1.01217
1.01217
1.01217
1.01217
1.01217
1.01217
1.01217
1.01217
1.01217
1.01217
1.01217
1.01217
1.01217
1.01217
1.01217
1.01217
1.01217
1.01217
1.01217
1.01217
1.01217
1.01217
1.01217
1.01217
1.01217
1.01217
1.01217
1.01217
1.01217
1.01217
1.01217
1.01217
1.01217
1.01217
1.01217
1.01217
1.01217
1.01217
1.01217
1.01217
1.01217
1.01217
1.01217
1.01217
1.01217
1.01217
1.01217
1.01217
1.01217
1.01217
1.01217
1.01217
1.01217
1.01217
1.01217
1.01217
1.01217
1.01217
1.01217
1.01217
1.01217
1.01217
1.01217
1.01217
1.01217
1.01217
1.01217
1.01217
1.01217
1.01217
1.01217
1.01217
1.01217
1.01217
1.01217
1.01217
1.01217
1.01217
1.01217
1.01217
1.01217
1.01217
1.01217
1.01217
1.01217
1.01217
1.01217
1.01217
1.01217
1.01217
1.01217
1.01217
1.01217
1.01217
1.01217
1.01217
1.01217
1.01217
1.01217
1.01217
1.01217
1.01217
1.01217
1.01217
