0
0
0
0
4.29153e-06
0.000115871
0.00050211
0.00120974
0.00221682
0.00349617
0.00502586
0.00775385
0.00876999
0.0121098
0.0145621
0.0158505
0.0199466
0.0228539
0.0258904
0.0290442
0.0323067
0.0356688
0.0391226
0.0426612
0.0462766
0.049962
0.0537119
0.057519
0.0613785
0.0652857
0.0692353
0.0732226
0.0772452
0.0812979
0.0853763
0.0894785
0.0936007
0.0977407
0.101895
0.106062
0.11024
0.114424
0.118615
0.124908
0.127006
0.131202
0.135398
0.139593
0.145879
0.150063
0.154241
0.158411
0.162573
0.166727
0.17087
0.175004
0.179126
0.183237
0.187335
0.191422
0.195494
0.199553
0.203598
0.207628
0.211643
0.215643
0.219627
0.223597
0.22755
0.231486
0.235407
0.241256
0.245135
0.248996
0.252841
0.256668
0.260478
0.264271
0.269928
0.271804
0.275544
0.281121
0.282971
0.286657
0.290327
0.295797
0.299422
0.303029
0.306618
0.31019
0.315514
0.319042
0.320799
0.326045
0.32952
0.332978
0.336419
0.339842
0.343249
0.346638
0.35001
0.353364
0.358365
0.360023
0.364972
0.36825
0.371512
0.374757
0.379593
0.382797
0.385984
0.389155
0.39231
0.395449
0.398571
0.403225
0.406308
0.409375
0.412426
0.415461
0.41848
0.421484
0.424473
0.427446
0.430405
0.433348
0.436275
0.439188
0.442085
0.444967
0.447836
0.450689
0.453527
0.456351
0.459161
0.461955
0.466121
0.467502
0.470254
0.474356
0.475716
0.478426
0.481121
0.485139
0.486471
0.489126
0.493082
0.494393
0.498309
0.500903
0.503483
0.50605
0.508604
0.511145
0.513672
0.516187
0.518689
0.521177
0.523653
0.526115
0.528565
0.531003
0.533427
0.535839
0.538239
0.540626
0.543
0.545362
0.547712
0.551214
0.553533
0.55584
0.558136
0.560419
0.562691
0.564951
0.5672
0.569437
0.571662
0.573876
0.576078
0.578269
0.580449
0.582618
0.584775
0.586921
0.59012
0.591181
0.593294
0.596443
0.597487
0.599567
0.602668
0.603696
0.605744
0.607782
0.609809
0.612831
0.614832
0.616823
0.618803
0.620773
0.622734
0.624683
0.626623
0.628553
0.630473
0.633335
0.634284
0.636174
0.638054
0.640856
0.642712
0.643636
0.646395
0.648222
0.65004
0.651848
0.653647
0.655437
0.657217
0.658988
0.66075
0.662503
0.664247
0.666846
0.668567
0.67028
0.671984
0.673678
0.675364
0.677042
0.67871
0.68037
0.682022
0.683664
0.685298
0.687734
0.689347
0.690951
0.692548
0.694136
0.695716
0.697288
0.698852
0.701182
0.701955
0.704262
0.70579
0.70731
0.708823
0.710328
0.711825
0.714056
0.714797
0.716271
0.717738
0.719923
0.720648
0.722092
0.723528
0.724957
0.726378
0.727792
0.729199
0.730598
0.732684
0.733375
0.735439
0.736124
0.737487
0.739519
0.740193
0.742204
0.743536
0.744862
0.74618
0.747491
0.748796
0.750094
0.751385
0.75267
0.753948
0.75522
0.756485
0.757743
0.758995
0.76086
0.762096
0.763326
0.764549
0.765765
0.766976
0.76818
0.769377
0.770569
0.771754
0.772344
0.774106
0.775854
0.776434
0.777588
0.779309
0.780449
0.781583
0.782711
0.783834
0.78495
0.786061
0.787166
0.788265
0.789359
0.790447
0.791529
0.792606
0.793677
0.794743
0.795804
0.796858
0.797908
0.798952
0.799991
0.801023
0.802052
0.803584
0.804598
0.805608
0.806612
0.807611
0.8091
0.810086
0.811067
0.812043
0.813014
0.81398
0.81494
0.815896
0.817321
0.817793
0.819204
0.819671
0.820603
0.821991
0.822911
0.823826
0.824736
0.825642
0.826543
0.827439
0.828331
0.829218
0.830101
0.830979
0.831852
0.832721
0.833585
0.834445
0.8353
0.836152
0.836998
0.83826
0.839096
0.839927
0.840754
0.841576
0.842394
0.843209
0.844019
0.844825
0.845627
0.846425
0.847219
0.848008
0.848794
0.849575
0.850352
0.851126
0.851895
0.85266
0.853422
0.854179
0.855308
0.855682
0.856428
0.85754
0.857908
0.859008
0.859373
0.860099
0.860822
0.861541
0.862614
0.862969
0.86403
0.864381
0.865431
0.866127
0.866818
0.867507
0.868191
0.868873
0.86955
0.870224
0.870895
0.871563
0.872227
0.872887
0.873544
0.874198
0.874848
0.875495
0.876139
0.87678
0.877417
0.87805
0.878994
0.879619
0.87993
0.88055
0.881475
0.882087
0.882697
0.883303
0.883905
0.884505
0.885101
0.885695
0.886286
0.886873
0.887457
0.888329
0.888617
0.889193
0.889765
0.890619
0.891183
0.891746
0.892305
0.892583
0.893415
0.893966
0.894514
0.894787
0.895331
0.896142
0.896679
0.897213
0.897744
0.898273
0.898799
0.899322
0.900102
0.900618
0.901132
0.901643
0.902151
0.902657
0.90341
0.90391
0.904406
0.9049
0.905392
0.90588
0.906609
0.907091
0.907572
0.908049
0.908524
0.908997
0.909467
0.909935
0.910632
0.911094
0.911553
0.912011
0.912465
0.912917
0.913367
0.913815
0.91426
0.914703
0.915363
0.9158
0.916235
0.916667
0.917099
0.917526
0.918164
0.918376
0.919007
0.919217
0.919842
0.920256
0.920668
0.921078
0.921486
0.921891
0.922296
0.922696
0.923096
0.923493
0.923889
0.924282
0.924673
0.925062
0.925449
0.926026
0.926217
0.926599
0.926977
0.927543
0.92773
0.928289
0.928659
0.929028
0.929394
0.929759
0.930121
0.930482
0.930841
0.931199
0.931553
0.931908
0.932259
0.932783
0.932957
0.933476
0.933819
0.934162
0.934501
0.934841
0.935176
0.935512
0.935844
0.936176
0.936506
0.936834
0.93716
0.937485
0.937969
0.938129
0.938449
0.938766
0.939083
0.939398
0.939711
0.940023
0.940486
0.940641
0.9411
0.941252
0.941707
0.942008
0.942308
0.942605
0.942903
0.943197
0.943491
0.943783
0.944073
0.944363
0.94465
0.944936
0.945221
0.945503
0.945786
0.946065
0.946344
0.946622
0.947034
0.947309
0.94758
0.947851
0.948122
0.948389
0.948656
0.949053
0.949316
0.949579
0.949838
0.950098
0.950356
0.950612
0.950867
0.951247
0.951373
0.951751
0.951999
0.952247
0.952495
0.952739
0.952983
0.953227
0.953467
0.953708
0.953948
0.954185
0.954422
0.954658
0.954891
0.955124
0.955357
0.955701
0.95593
0.956159
0.956384
0.956609
0.956834
0.957057
0.957278
0.9575
0.957719
0.957937
0.958263
0.958372
0.958585
0.958799
0.959013
0.959329
0.959434
0.959749
0.959957
0.960163
0.960369
0.960575
0.960777
0.960979
0.961182
0.961383
0.961581
0.96178
0.961978
0.962174
0.962369
0.962564
0.962758
0.96295
0.96314
0.963427
0.963522
0.963803
0.96399
0.964177
0.964362
0.964545
0.964728
0.964911
0.965093
0.965272
0.965452
0.965631
0.965809
0.966073
0.96616
0.966336
0.966597
0.966769
0.96694
0.967112
0.967283
0.967451
0.967618
0.967786
0.967954
0.968119
0.968283
0.968447
0.968693
0.968773
0.969014
0.969094
0.969254
0.969493
0.969649
0.969806
0.969962
0.97004
0.970273
0.970425
0.970578
0.97073
0.970883
0.971032
0.971181
0.97133
0.971478
0.971627
0.971773
0.971918
0.972063
0.972208
0.972424
0.972495
0.972636
0.972847
0.972918
0.973129
0.973198
0.973404
0.973541
0.973679
0.973816
0.973951
0.974084
0.974218
0.974351
0.974485
0.974617
0.974747
0.974877
0.975007
0.975201
0.975331
0.975457
0.975583
0.975708
0.975834
0.97596
0.976085
0.976207
0.97639
0.976512
0.976573
0.976757
0.976876
0.976995
0.977113
0.977231
0.977349
0.977468
0.977584
0.977699
0.977813
0.977928
0.978042
0.978157
0.978271
0.978382
0.978493
0.978603
0.978714
0.978825
0.978935
0.979045
0.979152
0.979312
0.979365
0.979472
0.979579
0.979686
0.979791
0.979894
0.979997
0.9801
0.980203
0.980358
0.980409
0.980511
0.98061
0.98071
0.980858
0.980908
0.981007
0.981156
0.981205
0.981349
0.981444
0.98154
0.981635
0.981778
0.981874
0.981968
0.98206
0.982152
0.982289
0.982335
0.982426
0.982518
0.982609
0.982701
0.982789
0.982876
0.982964
0.983096
0.983183
0.983271
0.983359
0.983446
0.98353
0.983614
0.983698
0.983782
0.983866
0.983992
0.984076
0.984159
0.98424
0.98432
0.9844
0.98448
0.98456
0.984641
0.984721
0.984801
0.984881
0.984959
0.985035
0.985111
0.985188
0.985264
0.98534
0.985416
0.985493
0.985607
0.985645
0.985718
0.985826
0.985863
0.985971
0.986044
0.986116
0.986189
0.986261
0.986334
0.986405
0.986474
0.986577
0.986645
0.986714
0.986783
0.986851
0.98692
0.986989
0.987057
0.987126
0.987191
0.987256
0.98732
0.987418
0.98745
0.987515
0.98758
0.987677
0.98771
0.987774
0.987839
0.987901
0.987993
0.988023
0.988084
0.988176
0.988237
0.988298
0.988359
0.98842
0.988481
0.988542
0.988603
0.98866
0.988717
0.988774
0.988832
0.988889
0.988975
0.989032
0.989089
0.989146
0.989203
0.989261
0.989318
0.989372
0.989452
0.989479
0.989559
0.989612
0.989639
0.989719
0.989772
0.989826
0.989879
0.989933
0.989986
0.990039
0.99009
0.99014
0.99019
0.990239
0.990289
0.990338
0.990413
0.990462
0.990512
0.990561
0.990611
0.990661
0.99071
0.99076
0.990808
0.990854
0.9909
0.990945
0.990991
0.991037
0.991083
0.991128
0.991174
0.99122
0.991266
0.991312
0.991357
0.991426
0.991449
0.991495
0.991539
0.991581
0.991644
0.991686
0.991728
0.99177
0.991812
0.991854
0.991896
0.991938
0.99198
0.992022
0.992064
0.992105
0.992147
0.992189
0.992231
0.992272
0.992311
0.992349
0.992387
0.992425
0.992463
0.992501
0.992539
0.992578
0.992635
0.992654
0.992692
0.99273
0.992768
0.992826
0.992864
0.992902
0.99294
0.992978
0.993015
0.993049
0.993083
0.993118
0.993152
0.993186
0.993221
0.993255
0.993289
0.993324
0.993375
0.99341
0.993444
0.993478
0.993513
0.993547
0.993581
0.993616
0.99365
0.993684
0.993735
0.993751
0.993796
0.993812
0.993842
0.993888
0.993903
0.993934
0.993964
0.993995
0.99404
0.994071
0.994102
0.994132
0.994163
0.994193
0.994224
0.994254
0.994285
0.994315
0.994361
0.994376
0.994422
0.994452
0.994481
0.994507
0.994534
0.994561
0.994587
0.994614
0.994654
