0
0
0
0
3.62396e-05
0.000310421
0.00114298
0.00285578
0.005723
0.0098691
0.0152478
0.0217619
0.0293179
0.0378327
0.0472283
0.0574293
0.068368
0.0799775
0.0921969
0.104967
0.125034
0.138946
0.153229
0.167838
0.182729
0.197862
0.213193
0.228689
0.244317
0.267937
0.283763
0.291689
0.307553
0.331334
0.347139
0.355019
0.378548
0.386347
0.409581
0.424912
0.440104
0.447643
0.470016
0.484714
0.49923
0.513553
0.527682
0.541615
0.555342
0.575527
0.588705
0.601655
0.614374
0.626857
0.639099
0.651094
0.662843
0.68
0.691129
0.70201
0.712646
0.723034
0.733174
0.74307
0.752727
0.762146
0.771331
0.780282
0.789008
0.797512
0.805797
0.817819
0.82172
0.833107
0.836798
0.844028
0.851056
0.857882
0.867754
0.874096
0.88025
0.886221
0.892016
0.897633
0.903075
0.908346
0.913448
0.918387
0.925498
0.930045
0.934442
0.938693
0.942801
0.946767
0.950595
0.954289
0.957853
0.961293
0.964611
0.966224
0.97089
0.97386
0.97672
0.979474
0.982125
0.984675
0.987127
0.989482
0.991745
0.993918
0.996003
0.998003
1.00085
1.00176
1.00437
1.00602
1.00759
1.0091
1.01054
1.01191
1.01322
1.01447
1.01566
1.01679
1.01787
1.01889
1.01986
1.02079
1.02167
1.0225
1.02328
1.02403
1.02473
1.0254
1.02603
1.02662
1.02745
1.02771
1.0282
1.02889
1.0291
1.0297
1.03007
1.03041
1.03073
1.03103
1.0313
1.03156
1.03179
1.032
1.0322
1.03238
1.03255
1.0327
1.03283
1.03295
1.03306
1.03316
1.03324
1.03332
1.03338
1.03346
1.0335
1.03353
1.03355
1.03357
1.03358
1.03358
1.03357
1.03357
1.03355
1.03352
1.03351
1.03348
1.03344
1.03341
1.03335
1.0333
1.03325
1.0332
1.03315
1.0331
1.03304
1.03299
1.03292
1.03286
1.0328
1.03274
1.03268
1.03262
1.03256
1.0325
1.03243
1.03236
1.0323
1.03223
1.03216
1.0321
1.03204
1.03198
1.03192
1.03185
1.03179
1.03173
1.03167
1.03158
1.03155
1.03149
1.03143
1.03134
1.03129
1.03123
1.03118
1.03113
1.03107
1.03102
1.03097
1.03092
1.03087
1.03083
1.03078
1.03074
1.03067
1.03062
1.03058
1.03054
1.03051
1.03047
1.03043
1.03039
1.03035
1.03032
1.03029
1.03026
1.03023
1.03019
1.03016
1.03013
1.03009
1.03007
1.03005
1.03002
1.03
1.02998
1.02994
1.02993
1.02991
1.02987
1.02985
1.02983
1.02982
1.02979
1.02978
1.02976
1.02975
1.02973
1.02972
1.0297
1.02969
1.02967
1.02966
1.02964
1.02963
1.02961
1.0296
1.02959
1.02959
1.02958
1.02957
1.02956
1.02956
1.02955
1.02954
1.02953
1.02952
1.02951
1.02951
1.0295
1.02949
1.02948
1.02948
1.02947
1.02946
1.02945
1.02945
1.02943
1.02943
1.02943
1.02943
1.02943
1.02943
1.02943
1.02943
1.02943
1.02943
1.02943
1.02943
1.02943
1.02943
1.02943
1.02943
1.02943
1.02943
1.02943
1.02943
1.02943
1.02943
1.02943
1.02943
1.02943
1.02943
1.02943
1.02943
1.02943
1.02943
1.02943
1.02943
1.02943
1.02943
1.02943
1.02943
1.02943
1.02943
1.02943
1.02943
1.02943
1.02943
1.02943
1.02943
1.02943
1.02943
1.02943
1.02943
1.02943
1.02943
1.02943
1.02943
1.02943
1.02943
1.02943
1.02943
1.02943
1.02943
1.02943
1.02943
1.02943
1.02943
1.02943
1.02943
1.02943
1.02943
1.02943
1.02943
1.02943
1.02943
1.02943
1.02943
1.02943
1.02943
1.02943
1.02943
1.02943
1.02943
1.02943
1.02943
1.02943
1.02943
1.02943
1.02943
1.02943
1.02943
1.02943
1.02943
1.02943
1.02943
1.02943
1.02943
1.02943
1.02943
1.02943
1.02943
1.02943
1.02943
1.02943
1.02943
1.02943
1.02943
1.02943
1.02943
1.02943
1.02943
1.02943
1.02943
1.02943
1.02943
1.02943
1.02943
1.02943
1.02943
1.02943
1.02943
1.02943
1.02943
1.02943
1.02943
1.02943
1.02943
1.02943
1.02943
1.02943
1.02943
1.02943
1.02943
1.02943
1.02943
1.02943
1.02943
1.02943
1.02943
1.02943
1.02943
1.02943
1.02943
1.02943
1.02943
1.02943
1.02943
1.02943
1.02943
1.02943
1.02943
1.02943
1.02943
1.02943
1.02943
1.02943
1.02943
1.02943
1.02943
1.02943
1.02943
1.02943
1.02943
1.02943
1.02943
1.02943
1.02943
1.02943
1.02943
1.02943
1.02943
1.02943
1.02943
1.02943
1.02943
1.02943
1.02943
1.02943
1.02943
1.02943
1.02943
1.02943
1.02943
1.02943
1.02943
1.02943
1.02943
1.02943
1.02943
1.02943
1.02943
1.02943
1.02943
1.02943
1.02943
1.02943
1.02943
1.02943
1.02943
1.02943
1.02943
1.02943
1.02943
1.02943
1.02943
1.02943
1.02943
1.02943
1.02943
1.02943
1.02943
1.02943
1.02943
1.02943
1.02943
1.02943
1.02943
1.02943
1.02943
1.02943
1.02943
1.02943
1.02943
1.02943
1.02943
1.02943
1.02943
1.02943
1.02943
1.02943
1.02943
1.02943
1.02943
1.02943
1.02943
1.02943
1.02943
1.02943
1.02943
1.02943
1.02943
1.02943
1.02943
1.02943
1.02943
1.02943
1.02943
1.02943
1.02943
1.02943
1.02943
1.02943
1.02943
1.02943
1.02943
1.02943
1.02943
1.02943
1.02943
1.02943
1.02943
1.02943
1.02943
1.02943
1.02943
1.02943
1.02943
1.02943
1.02943
1.02943
1.02943
1.02943
1.02943
1.02943
1.02943
1.02943
1.02943
1.02943
1.02943
1.02943
1.02943
1.02943
1.02943
1.02943
1.02943
1.02943
1.02943
1.02943
1.02943
1.02943
1.02943
1.02943
1.02943
1.02943
1.02943
1.02943
1.02943
1.02943
1.02943
1.02943
1.02943
1.02943
1.02943
1.02943
1.02943
1.02943
1.02943
1.02943
1.02943
1.02943
1.02943
1.02943
1.02943
1.02943
1.02943
1.02943
1.02943
1.02943
1.02943
1.02943
1.02943
1.02943
1.02943
1.02943
1.02943
1.02943
1.02943
1.02943
1.02943
1.02943
1.02943
1.02943
1.02943
1.02943
1.02943
1.02943
1.02943
1.02943
1.02943
1.02943
1.02943
1.02943
1.02943
1.02943
1.02943
1.02943
1.02943
1.02943
1.02943
1.02943
1.02943
1.02943
1.02943
1.02943
1.02943
1.02943
1.02943
1.02943
1.02943
1.02943
1.02943
1.02943
1.02943
1.02943
1.02943
1.02943
1.02943
1.02943
1.02943
1.02943
1.02943
1.02943
1.02943
1.02943
1.02943
1.02943
1.02943
1.02943
1.02943
1.02943
1.02943
1.02943
1.02943
1.02943
1.02943
1.02943
1.02943
1.02943
1.02943
1.02943
1.02943
1.02943
1.02943
1.02943
1.02943
1.02943
1.02943
1.02943
1.02943
1.02943
1.02943
1.02943
1.02943
1.02943
1.02943
1.02943
1.02943
1.02943
1.02943
1.02943
1.02943
1.02943
1.02943
1.02943
1.02943
1.02943
1.02943
1.02943
1.02943
1.02943
1.02943
1.02943
1.02943
1.02943
1.02943
1.02943
1.02943
1.02943
1.02943
1.02943
1.02943
1.02943
1.02943
1.02943
1.02943
1.02943
1.02943
1.02943
1.02943
1.02943
1.02943
1.02943
1.02943
1.02943
1.02943
1.02943
1.02943
1.02943
1.02943
1.02943
1.02943
1.02943
1.02943
1.02943
1.02943
1.02943
1.02943
1.02943
1.02943
1.02943
1.02943
1.02943
1.02943
1.02943
1.02943
1.02943
1.02943
1.02943
1.02943
1.02943
1.02943
1.02943
1.02943
1.02943
1.02943
1.02943
1.02943
1.02943
1.02943
1.02943
1.02943
1.02943
1.02943
1.02943
1.02943
1.02943
1.02943
1.02943
1.02943
1.02943
1.02943
1.02943
1.02943
1.02943
1.02943
1.02943
1.02943
1.02943
1.02943
1.02943
1.02943
1.02943
1.02943
1.02943
1.02943
1.02943
1.02943
1.02943
1.02943
1.02943
1.02943
1.02943
1.02943
1.02943
1.02943
1.02943
1.02943
1.02943
1.02943
1.02943
1.02943
1.02943
1.02943
1.02943
1.02943
1.02943
1.02943
1.02943
1.02943
1.02943
1.02943
1.02943
1.02943
1.02943
1.02943
1.02943
1.02943
1.02943
1.02943
1.02943
1.02943
1.02943
1.02943
1.02943
1.02943
1.02943
1.02943
1.02943
1.02943
1.02943
1.02943
1.02943
1.02943
1.02943
1.02943
1.02943
1.02943
1.02943
1.02943
1.02943
1.02943
1.02943
1.02943
1.02943
1.02943
1.02943
1.02943
1.02943
1.02943
1.02943
1.02943
1.02943
1.02943
1.02943
1.02943
1.02943
1.02943
1.02943
1.02943
1.02943
1.02943
1.02943
1.02943
1.02943
1.02943
1.02943
1.02943
1.02943
1.02943
1.02943
1.02943
1.02943
1.02943
1.02943
1.02943
1.02943
1.02943
1.02943
1.02943
1.02943
1.02943
1.02943
1.02943
1.02943
1.02943
1.02943
1.02943
1.02943
1.02943
1.02943
1.02943
1.02943
1.02943
1.02943
1.02943
1.02943
1.02943
1.02943
1.02943
1.02943
1.02943
1.02943
1.02943
1.02943
1.02943
1.02943
1.02943
1.02943
1.02943
1.02943
1.02943
1.02943
1.02943
1.02943
1.02943
1.02943
1.02943
1.02943
1.02943
1.02943
1.02943
1.02943
1.02943
1.02943
1.02943
1.02943
1.02943
1.02943
1.02943
1.02943
1.02943
1.02943
1.02943
1.02943
1.02943
1.02943
1.02943
1.02943
1.02943
1.02943
1.02943
1.02943
1.02943
1.02943
1.02943
1.02943
1.02943
1.02943
1.02943
1.02943
1.02943
1.02943
1.02943
1.02943
1.02943
1.02943
1.02943
1.02943
1.02943
1.02943
1.02943
1.02943
1.02943
1.02943
1.02943
1.02943
1.02943
1.02943
1.02943
1.02943
1.02943
1.02943
1.02943
1.02943
1.02943
1.02943
1.02943
1.02943
1.02943
1.02943
1.02943
1.02943
1.02943
1.02943
1.02943
1.02943
1.02943
1.02943
1.02943
1.02943
1.02943
1.02943
1.02943
1.02943
1.02943
1.02943
1.02943
1.02943
1.02943
1.02943
