0
0
0
0
3.52859e-05
0.000308037
0.00113487
0.00272846
0.00509262
0.00816345
0.0118828
0.0161972
0.0210619
0.026433
0.0322714
0.0385389
0.0451984
0.0558548
0.0633574
0.071146
0.079195
0.0874786
0.0959711
0.104653
0.113503
0.122499
0.131623
0.145521
0.150202
0.159623
0.169116
0.178662
0.193063
0.2027
0.212355
0.222019
0.231683
0.241336
0.250972
0.260583
0.270164
0.27494
0.289207
0.29866
0.308065
0.317415
0.326712
0.335947
0.345117
0.354218
0.363249
0.372206
0.381085
0.394258
0.402937
0.411532
0.420043
0.428467
0.436802
0.445045
0.453197
0.465254
0.473177
0.481007
0.488743
0.496387
0.503941
0.511399
0.522414
0.529643
0.53678
0.543826
0.550777
0.561031
0.567753
0.574383
0.580921
0.58737
0.593732
0.600006
0.606194
0.612295
0.618309
0.624239
0.630084
0.638695
0.641524
0.647121
0.655365
0.658072
0.666074
0.671309
0.673898
0.681548
0.686553
0.691482
0.696336
0.701117
0.705824
0.710461
0.715026
0.719522
0.723948
0.728306
0.732597
0.73682
0.743034
0.745073
0.749105
0.753077
0.756987
0.762737
0.764624
0.768351
0.773831
0.777413
0.779183
0.78441
0.787827
0.791188
0.794497
0.797754
0.800959
0.804111
0.807216
0.81027
0.813276
0.816235
0.819145
0.82201
0.824831
0.827608
0.830342
0.833034
0.836993
0.839582
0.842131
0.844639
0.847108
0.849539
0.851931
0.855448
0.856602
0.860008
0.862234
0.864425
0.866581
0.868702
0.87079
0.872847
0.874871
0.877847
0.878823
0.881707
0.882653
0.884522
0.887274
0.889071
0.89084
0.89258
0.894293
0.895979
0.898458
0.89927
0.900876
0.902457
0.904012
0.905542
0.907048
0.90853
0.910708
0.912131
0.913531
0.914909
0.916265
0.9176
0.918913
0.920203
0.921474
0.922726
0.923958
0.92517
0.926363
0.927537
0.928693
0.929831
0.93095
0.932052
0.933135
0.934202
0.935252
0.936285
0.937302
0.938302
0.939773
0.940255
0.94168
0.942611
0.943526
0.943978
0.945314
0.946187
0.947045
0.947889
0.94872
0.949538
0.950343
0.951134
0.952298
0.953058
0.953807
0.954543
0.955267
0.955979
0.95668
0.957371
0.95805
0.958717
0.959375
0.960022
0.960659
0.961287
0.961903
0.962509
0.96281
0.963696
0.96456
0.964843
0.965681
0.965956
0.966499
0.967298
0.96756
0.968332
0.968586
0.969335
0.969824
0.970064
0.970778
0.971243
0.971472
0.972152
0.972595
0.973032
0.973461
0.973884
0.974299
0.974709
0.975112
0.975509
0.975898
0.976472
0.976846
0.977214
0.977577
0.977935
0.978459
0.978803
0.978972
0.979473
0.979637
0.980123
0.980439
0.980752
0.981058
0.98136
0.981658
0.98195
0.982239
0.982521
0.9828
0.983074
0.983343
0.98361
0.98387
0.984128
0.98438
0.98463
0.984874
0.985115
0.985352
0.985585
0.985814
0.986041
0.986262
0.986483
0.986696
0.987013
0.987219
0.987424
0.987622
0.987821
0.988013
0.988204
0.988393
0.988576
0.988759
0.988937
0.989113
0.989288
0.989456
0.989624
0.989871
0.989951
0.990191
0.990347
0.990499
0.990652
0.990801
0.990946
0.991091
0.991234
0.991371
0.991508
0.991646
0.991842
0.991972
0.992102
0.992227
0.992349
0.992471
0.992593
0.992709
0.992824
0.992938
0.993052
0.993162
0.993269
0.993376
0.993483
0.993588
0.993688
0.993787
0.993886
0.993985
0.994082
0.994174
0.994266
0.994357
0.994494
0.994582
0.994666
0.99475
0.994834
0.994918
0.995002
0.995079
0.995155
0.995232
0.995308
0.995384
0.995461
0.995532
0.995601
0.995669
0.995738
0.995807
0.995875
0.995944
0.996037
0.996099
0.996129
0.99619
0.996251
0.996343
0.996404
0.996461
0.996514
0.996568
0.996621
0.996675
0.996728
0.996781
0.996835
0.996888
0.996938
0.996984
0.997029
0.997098
0.997144
0.99719
0.997235
0.997281
0.997327
0.997373
0.997414
0.997452
0.99749
0.997528
0.997566
0.997604
0.997643
0.997681
0.997719
0.997776
0.997795
0.997833
0.99787
0.997901
0.997947
0.997977
0.998008
0.998038
0.998069
0.998099
0.99813
0.99816
0.998191
0.998221
0.998252
0.998282
0.998313
0.998343
0.998367
0.99839
0.998413
0.998436
0.998459
0.998482
0.998505
0.998528
0.998562
0.998585
0.998608
0.998631
0.998653
0.998676
0.998699
0.998722
0.998745
0.998768
0.998791
0.998814
0.99884
0.998856
0.998871
0.998886
0.998901
0.998917
0.998932
0.998947
0.998962
0.998978
0.998993
0.999008
0.999023
0.999039
0.999054
0.999069
0.999084
0.9991
0.999115
0.99913
0.999146
0.999161
0.999176
0.999191
0.999214
0.999222
0.999245
0.99926
0.999275
0.99929
0.999306
0.999315
0.999323
0.999331
0.999338
0.999346
0.999353
0.999361
0.999369
0.999376
0.999384
0.999392
0.999399
0.999407
0.999414
0.999422
0.99943
0.999437
0.999445
0.999456
0.999464
0.999472
0.999479
0.999487
0.999495
0.999502
0.99951
0.999517
0.999525
0.999533
0.99954
0.999548
0.999556
0.999563
0.999571
0.999578
0.999586
0.999594
0.999601
0.999609
0.999617
0.999624
0.999632
0.99964
0.999647
0.999655
0.999662
0.99967
0.999678
0.999685
0.999693
0.999701
0.999708
0.999716
0.999723
0.999731
0.999739
0.999746
0.999758
0.999762
0.999773
0.999777
0.999784
0.999796
0.999799
0.999799
0.999799
0.999799
0.999799
0.999799
0.999799
0.999799
0.999799
0.999799
0.999799
0.999799
0.999799
0.999799
0.999799
0.999799
0.999799
0.999799
0.999799
0.999799
0.999799
0.999799
0.999799
0.999799
0.999799
0.999799
0.999799
0.999799
0.999799
0.999799
0.999799
0.999799
0.999799
0.999799
0.999799
0.999799
0.999799
0.999799
0.999799
0.999799
0.999799
0.999799
0.999799
0.999799
0.999799
0.999799
0.999799
0.999799
0.999799
0.999799
0.999799
0.999799
0.999799
0.999799
0.999799
0.999799
0.999799
0.999799
0.999799
0.999799
0.999799
0.999799
0.999799
0.999799
0.999799
0.999799
0.999799
0.999799
0.999799
0.999799
0.999799
0.999799
0.999799
0.999799
0.999799
0.999799
0.999799
0.999799
0.999799
0.999799
0.999799
0.999799
0.999799
0.999799
0.999799
0.999799
0.999799
0.999799
0.999799
0.999799
0.999799
0.999799
0.999799
0.999799
0.999799
0.999799
0.999799
0.999799
0.999799
0.999799
0.999799
0.999799
0.999799
0.999799
0.999799
0.999799
0.999799
0.999799
0.999799
0.999799
0.999799
0.999799
0.999799
0.999799
0.999799
0.999799
0.999799
0.999799
0.999799
0.999799
0.999799
0.999799
0.999799
0.999799
0.999799
0.999799
0.999799
0.999799
0.999799
0.999799
0.999799
0.999799
0.999799
0.999799
0.999799
0.999799
0.999799
0.999799
0.999799
0.999799
0.999799
0.999799
0.999799
0.999799
0.999799
0.999799
0.999799
0.999799
0.999799
0.999799
0.999799
0.999799
0.999799
0.999799
0.999799
0.999799
0.999799
0.999799
0.999799
0.999799
0.999799
0.999799
0.999799
0.999799
0.999799
0.999799
0.999799
0.999799
0.999799
0.999799
0.999799
0.999799
0.999799
0.999799
0.999799
0.999799
0.999799
0.999799
0.999799
0.999799
0.999799
0.999799
0.999799
0.999799
0.999799
0.999799
0.999799
0.999799
0.999799
0.999799
0.999799
0.999799
0.999799
0.999799
0.999799
0.999799
0.999799
0.999799
0.999799
0.999799
0.999799
0.999799
0.999799
0.999799
0.999799
0.999799
0.999799
0.999799
0.999799
0.999799
0.999799
0.999799
0.999799
0.999799
0.999799
0.999799
0.999799
0.999799
0.999799
0.999799
0.999799
0.999799
0.999799
0.999799
0.999799
0.999799
0.999799
0.999799
0.999799
0.999799
0.999799
0.999799
0.999799
0.999799
0.999799
0.999799
0.999799
0.999799
0.999799
0.999799
0.999799
0.999799
0.999799
0.999799
0.999799
0.999799
0.999799
0.999799
0.999799
0.999799
0.999799
0.999799
0.999799
0.999799
0.999799
0.999799
0.999799
0.999799
0.999799
0.999799
0.999799
0.999799
0.999799
0.999799
0.999799
0.999799
0.999799
0.999799
0.999799
0.999799
0.999799
0.999799
0.999799
0.999799
0.999799
0.999799
0.999799
0.999799
0.999799
0.999799
0.999799
0.999799
0.999799
0.999799
0.999799
0.999799
0.999799
0.999799
0.999799
0.999799
0.999799
0.999799
0.999799
0.999799
0.999799
0.999799
0.999799
0.999799
0.999799
0.999799
0.999799
0.999799
0.999799
0.999799
0.999799
0.999799
0.999799
0.999799
0.999799
0.999799
0.999799
0.999799
0.999799
0.999799
0.999799
0.999799
0.999799
0.999799
0.999799
0.999799
0.999799
0.999799
0.999799
0.999799
0.999799
0.999799
0.999799
0.999799
0.999799
0.999799
0.999799
0.999799
0.999799
0.999799
0.999799
0.999799
0.999799
0.999799
0.999799
0.999799
0.999799
0.999799
0.999799
0.999799
0.999799
0.999799
0.999799
0.999799
0.999799
0.999799
0.999799
0.999799
0.999799
0.999799
0.999799
0.999799
0.999799
0.999799
0.999799
0.999799
0.999799
0.999799
0.999799
0.999799
0.999799
0.999799
0.999799
0.999799
0.999799
0.999799
0.999799
0.999799
0.999799
0.999799
0.999799
0.999799
0.999799
0.999799
0.999799
0.999799
0.999799
0.999799
0.999799
0.999799
0.999799
0.999799
0.999799
0.999799
0.999799
0.999799
0.999799
0.999799
0.999799
0.999799
0.999799
0.999799
0.999799
0.999799
0.999799
0.999799
0.999799
0.999799
0.999799
0.999799
0.999799
0.999799
0.999799
0.999799
0.999799
0.999799
0.999799
0.999799
0.999799
0.999799
0.999799
0.999799
0.999799
0.999799
0.999799
0.999799
0.999799
0.999799
0.999799
0.999799
0.999799
0.999799
0.999799
0.999799
0.999799
0.999799
0.999799
0.999799
0.999799
0.999799
0.999799
0.999799
0.999799
0.999799
0.999799
0.999799
0.999799
0.999799
0.999799
0.999799
0.999799
0.999799
0.999799
0.999799
0.999799
0.999799
0.999799
0.999799
0.999799
0.999799
0.999799
0.999799
0.999799
0.999799
0.999799
0.999799
0.999799
0.999799
0.999799
0.999799
0.999799
0.999799
0.999799
0.999799
0.999799
0.999799
0.999799
0.999799
0.999799
