0
0
0
0
3.8147e-06
0.00012207
0.00063324
0.0018692
0.00413132
0.00768661
0.0127888
0.0196686
0.0285473
0.0460377
0.0606766
0.0777435
0.0871868
0.107885
0.143461
0.170193
0.199278
0.230543
0.263741
0.298595
0.334839
0.372227
0.410515
0.449503
0.48904
0.528893
0.568802
0.608595
0.648186
0.687372
0.725937
0.763821
0.800934
0.854889
0.889542
0.923019
0.955229
0.986076
1.01547
1.0433
1.06952
1.09408
1.11696
1.1481
1.16673
1.18366
1.19891
1.21249
1.22439
1.23467
1.2434
1.25065
1.25647
1.26089
1.26398
1.26579
1.26637
1.26579
1.26409
1.26135
1.25763
1.253
1.24751
1.24124
1.23426
1.22664
1.21844
1.20973
1.20059
1.18619
1.18123
1.16604
1.1557
1.14525
1.13474
1.12949
1.11378
1.10341
1.09319
1.08313
1.07327
1.06365
1.0543
1.04525
1.03653
1.02815
1.02013
1.0125
1.00527
0.998447
0.992039
0.986052
0.977879
0.972967
0.968489
0.964437
0.962572
0.957613
0.954832
0.952459
0.950481
0.948887
0.947659
0.94718
0.946257
0.946047
0.946146
0.946533
0.947191
0.948107
0.949255
0.950621
0.953043
0.954884
0.956884
0.959028
0.961294
0.963673
0.966139
0.968683
0.971285
0.973932
0.97661
0.979307
0.982008
0.984699
0.987371
0.990013
0.993895
0.995161
0.997648
1.00125
1.00241
1.00577
1.00685
1.00892
1.0109
1.01278
1.01539
1.0162
1.01848
1.01987
1.02114
1.02229
1.02333
1.02426
1.02507
1.02578
1.02637
1.02687
1.02726
1.02755
1.02775
1.02786
1.02788
1.02782
1.02769
1.02748
1.0272
1.02686
1.02646
1.026
1.0255
1.02495
1.02435
1.02372
1.02306
1.02237
1.02166
1.02093
1.0198
1.01942
1.01828
1.0175
1.01674
1.01597
1.01522
1.01447
1.01374
1.01303
1.012
1.01134
1.01071
1.0101
1.00952
1.00897
1.00845
1.00795
1.00748
1.00705
1.00665
1.00627
1.00593
1.00562
1.00522
1.00499
1.00478
1.00469
1.00447
1.00435
1.00427
1.00421
1.00417
1.00416
1.00418
1.00421
1.00427
1.00434
1.00444
1.00455
1.00468
1.00482
1.00497
1.00514
1.00532
1.0055
1.0057
1.0059
1.0061
1.00631
1.00652
1.00674
1.00695
1.00716
1.00738
1.0077
1.0079
1.008
1.0082
1.0084
1.00858
1.00877
1.00894
1.00911
1.00927
1.00942
1.00963
1.00977
1.00989
1.01
1.01011
1.01011
1.01029
1.01037
1.01044
1.0105
1.01055
1.0106
1.01063
1.01066
1.01068
1.0107
1.0107
1.0107
1.0107
1.01069
1.01067
1.01065
1.0106
1.01059
1.01053
1.01049
1.01044
1.0104
1.01035
1.0103
1.01023
1.01014
1.01008
1.01002
1.00996
1.0099
1.00984
1.00978
1.00972
1.00965
1.00959
1.00953
1.00947
1.00943
1.00938
1.00934
1.00929
1.00924
1.00918
1.00913
1.0091
1.00907
1.00906
1.00901
1.00898
1.00895
1.00894
1.00892
1.00891
1.00889
1.00888
1.00886
1.00886
1.00886
1.00886
1.00886
1.00886
1.00886
1.00886
1.00886
1.00887
1.00888
1.0089
1.00891
1.00893
1.00895
1.00896
1.00898
1.00899
1.00901
1.00903
1.00904
1.00906
1.00908
1.00909
1.00911
1.00913
1.00914
1.00916
1.00917
1.00919
1.0092
1.00922
1.00924
1.00925
1.00927
1.00929
1.0093
1.00932
1.00933
1.00935
1.00937
1.00937
1.00937
1.00937
1.00937
1.00937
1.00937
1.00937
1.00937
1.00937
1.00937
1.00937
1.00937
1.00937
1.00937
1.00937
1.00937
1.00937
1.00937
1.00937
1.00937
1.00937
1.00937
1.00937
1.00937
1.00937
1.00937
1.00937
1.00937
1.00937
1.00937
1.00937
1.00937
1.00937
1.00937
1.00937
1.00937
1.00937
1.00937
1.00937
1.00937
1.00937
1.00937
1.00937
1.00937
1.00937
1.00937
1.00937
1.00937
1.00937
1.00937
1.00937
1.00937
1.00937
1.00937
1.00937
1.00937
1.00937
1.00937
1.00937
1.00937
1.00937
1.00937
1.00937
1.00937
1.00937
1.00937
1.00937
1.00937
1.00937
1.00937
1.00937
1.00937
1.00937
1.00937
1.00937
1.00937
1.00937
1.00937
1.00937
1.00937
1.00937
1.00937
1.00937
1.00937
1.00937
1.00937
1.00937
1.00937
1.00937
1.00937
1.00937
1.00937
1.00937
1.00937
1.00937
1.00937
1.00937
1.00937
1.00937
1.00937
1.00937
1.00937
1.00937
1.00937
1.00937
1.00937
1.00937
1.00937
1.00937
1.00937
1.00937
1.00937
1.00937
1.00937
1.00937
1.00937
1.00937
1.00937
1.00937
1.00937
1.00937
1.00937
1.00937
1.00937
1.00937
1.00937
1.00937
1.00937
1.00937
1.00937
1.00937
1.00937
1.00937
1.00937
1.00937
1.00937
1.00937
1.00937
1.00937
1.00937
1.00937
1.00937
1.00937
1.00937
1.00937
1.00937
1.00937
1.00937
1.00937
1.00937
1.00937
1.00937
1.00937
1.00937
1.00937
1.00937
1.00937
1.00937
1.00937
1.00937
1.00937
1.00937
1.00937
1.00937
1.00937
1.00937
1.00937
1.00937
1.00937
1.00937
1.00937
1.00937
1.00937
1.00937
1.00937
1.00937
1.00937
1.00937
1.00937
1.00937
1.00937
1.00937
1.00937
1.00937
1.00937
1.00937
1.00937
1.00937
1.00937
1.00937
1.00937
1.00937
1.00937
1.00937
1.00937
1.00937
1.00937
1.00937
1.00937
1.00937
1.00937
1.00937
1.00937
1.00937
1.00937
1.00937
1.00937
1.00937
1.00937
1.00937
1.00937
1.00937
1.00937
1.00937
1.00937
1.00937
1.00937
1.00937
1.00937
1.00937
1.00937
1.00937
1.00937
1.00937
1.00937
1.00937
1.00937
1.00937
1.00937
1.00937
1.00937
1.00937
1.00937
1.00937
1.00937
1.00937
1.00937
1.00937
1.00937
1.00937
1.00937
1.00937
1.00937
1.00937
1.00937
1.00937
1.00937
1.00937
1.00937
1.00937
1.00937
1.00937
1.00937
1.00937
1.00937
1.00937
1.00937
1.00937
1.00937
1.00937
1.00937
1.00937
1.00937
1.00937
1.00937
1.00937
1.00937
1.00937
1.00937
1.00937
1.00937
1.00937
1.00937
1.00937
1.00937
1.00937
1.00937
1.00937
1.00937
1.00937
1.00937
1.00937
1.00937
1.00937
1.00937
1.00937
1.00937
1.00937
1.00937
1.00937
1.00937
1.00937
1.00937
1.00937
1.00937
1.00937
1.00937
1.00937
1.00937
1.00937
1.00937
1.00937
1.00937
1.00937
1.00937
1.00937
1.00937
1.00937
1.00937
1.00937
1.00937
1.00937
1.00937
1.00937
1.00937
1.00937
1.00937
1.00937
1.00937
1.00937
1.00937
1.00937
1.00937
1.00937
1.00937
1.00937
1.00937
1.00937
1.00937
1.00937
1.00937
1.00937
1.00937
1.00937
1.00937
1.00937
1.00937
1.00937
1.00937
1.00937
1.00937
1.00937
1.00937
1.00937
1.00937
1.00937
1.00937
1.00937
1.00937
1.00937
1.00937
1.00937
1.00937
1.00937
1.00937
1.00937
1.00937
1.00937
1.00937
1.00937
1.00937
1.00937
1.00937
1.00937
1.00937
1.00937
1.00937
1.00937
1.00937
1.00937
1.00937
1.00937
1.00937
1.00937
1.00937
1.00937
1.00937
1.00937
1.00937
1.00937
1.00937
1.00937
1.00937
1.00937
1.00937
1.00937
1.00937
1.00937
1.00937
1.00937
1.00937
1.00937
1.00937
1.00937
1.00937
1.00937
1.00937
1.00937
1.00937
1.00937
1.00937
1.00937
1.00937
1.00937
1.00937
1.00937
1.00937
1.00937
1.00937
1.00937
1.00937
1.00937
1.00937
1.00937
1.00937
1.00937
1.00937
1.00937
1.00937
1.00937
1.00937
1.00937
1.00937
1.00937
1.00937
1.00937
1.00937
1.00937
1.00937
1.00937
1.00937
1.00937
1.00937
1.00937
1.00937
1.00937
1.00937
1.00937
1.00937
1.00937
1.00937
1.00937
1.00937
1.00937
1.00937
1.00937
1.00937
1.00937
1.00937
1.00937
1.00937
1.00937
1.00937
1.00937
1.00937
1.00937
1.00937
1.00937
1.00937
1.00937
1.00937
1.00937
1.00937
1.00937
1.00937
1.00937
1.00937
1.00937
1.00937
1.00937
1.00937
1.00937
1.00937
1.00937
1.00937
1.00937
1.00937
1.00937
1.00937
1.00937
1.00937
1.00937
1.00937
1.00937
1.00937
1.00937
1.00937
1.00937
1.00937
1.00937
1.00937
1.00937
1.00937
1.00937
1.00937
1.00937
1.00937
1.00937
1.00937
1.00937
1.00937
1.00937
1.00937
1.00937
1.00937
1.00937
1.00937
1.00937
1.00937
1.00937
1.00937
1.00937
1.00937
1.00937
1.00937
1.00937
1.00937
1.00937
1.00937
1.00937
1.00937
1.00937
1.00937
1.00937
1.00937
1.00937
1.00937
1.00937
1.00937
1.00937
1.00937
1.00937
1.00937
1.00937
1.00937
1.00937
1.00937
1.00937
1.00937
1.00937
1.00937
1.00937
1.00937
1.00937
1.00937
1.00937
1.00937
1.00937
1.00937
1.00937
1.00937
1.00937
1.00937
1.00937
1.00937
1.00937
1.00937
1.00937
1.00937
1.00937
1.00937
1.00937
1.00937
1.00937
1.00937
1.00937
1.00937
1.00937
1.00937
1.00937
1.00937
1.00937
1.00937
1.00937
1.00937
1.00937
1.00937
1.00937
1.00937
1.00937
1.00937
1.00937
1.00937
1.00937
1.00937
1.00937
1.00937
1.00937
1.00937
1.00937
1.00937
1.00937
1.00937
1.00937
1.00937
1.00937
1.00937
1.00937
1.00937
1.00937
1.00937
1.00937
1.00937
1.00937
1.00937
1.00937
1.00937
1.00937
1.00937
1.00937
1.00937
1.00937
1.00937
1.00937
1.00937
1.00937
1.00937
1.00937
1.00937
1.00937
1.00937
1.00937
1.00937
1.00937
1.00937
1.00937
1.00937
1.00937
1.00937
1.00937
1.00937
1.00937
1.00937
1.00937
1.00937
1.00937
1.00937
1.00937
1.00937
1.00937
1.00937
1.00937
1.00937
1.00937
1.00937
1.00937
1.00937
1.00937
1.00937
1.00937
1.00937
1.00937
1.00937
1.00937
1.00937
1.00937
1.00937
1.00937
