0
0
0
0
3.43323e-05
0.000305176
0.00113678
0.00285339
0.00572968
0.0100288
0.0159874
0.023838
0.0337868
0.0460205
0.0606689
0.0871735
0.0972176
0.119125
0.156509
0.184448
0.214794
0.247547
0.282703
0.320259
0.360218
0.402561
0.447193
0.49387
0.542217
0.591827
0.642303
0.693264
0.769802
0.820374
0.870197
0.918991
0.966499
1.01261
1.05719
1.10001
1.14087
1.17963
1.21629
1.26736
1.2988
1.32816
1.35544
1.38065
1.40378
1.42485
1.45259
1.46081
1.48238
1.4942
1.49934
1.51168
1.51477
1.52097
1.52256
1.52209
1.5196
1.51506
1.50848
1.49987
1.48922
1.47654
1.46184
1.4451
1.42634
1.40559
1.38298
1.3587
1.33297
1.30601
1.27806
1.24936
1.22013
1.19062
1.16101
1.13152
1.10233
1.05948
1.03181
1.00502
0.979267
0.954685
0.931396
0.89922
0.879745
0.861938
0.84584
0.831451
0.818745
0.802887
0.794483
0.787815
0.782856
0.779591
0.777981
0.778584
0.780899
0.784653
0.789764
0.796154
0.807907
0.812363
0.827141
0.838043
0.849667
0.861893
0.874615
0.88773
0.907875
0.921478
0.928299
0.948677
0.955406
0.968685
0.987953
0.994179
1.01214
1.02345
1.02889
1.04423
1.0536
1.06222
1.07008
1.07716
1.08343
1.08889
1.09353
1.09736
1.10039
1.10263
1.10411
1.10488
1.10494
1.10434
1.1031
1.10126
1.09886
1.09593
1.09065
1.08867
1.08443
1.07743
1.07495
1.06981
1.06446
1.05615
1.05047
1.04761
1.04186
1.03609
1.03037
1.02195
1.01649
1.01117
1.00603
1.00353
0.996372
0.991936
0.987785
0.983932
0.980385
0.977161
0.974266
0.97171
0.969498
0.967628
0.966099
0.964909
0.964043
0.963505
0.963284
0.963364
0.96373
0.964375
0.965275
0.966419
0.967789
0.969364
0.971127
0.973057
0.976227
0.977348
0.97966
0.983295
0.985794
0.988327
0.990891
0.993454
0.996017
0.999817
1.0023
1.00351
1.0059
1.00932
1.01041
1.01352
1.01449
1.01723
1.01889
1.01966
1.02176
1.02297
1.02403
1.02493
1.02567
1.02626
1.0267
1.02707
1.02713
1.02706
1.02685
1.02652
1.02606
1.0255
1.02483
1.02407
1.02322
1.0223
1.02131
1.02025
1.01915
1.01801
1.01682
1.01561
1.01439
1.01317
1.01134
1.01073
1.00892
1.00774
1.00716
1.0055
1.00444
1.00344
1.00249
1.00161
1.00079
1.00003
0.999348
0.998737
0.998199
0.997532
0.997345
0.996902
0.996792
0.99662
0.996498
0.996498
0.996567
0.996696
0.99688
0.99712
0.99741
0.997746
0.998123
0.998539
0.998985
0.999462
0.999962
1.00048
1.00103
1.00158
1.00215
1.00273
1.00331
1.00389
1.00446
1.005
1.00555
1.00608
1.00659
1.00708
1.00754
1.00798
1.00839
1.00877
1.00912
1.00959
1.00986
1.01009
1.01029
1.01046
1.01059
1.01069
1.01076
1.01079
1.01078
1.01075
1.01069
1.0106
1.01048
1.01034
1.01018
1.01
1.0098
1.00958
1.00922
1.0091
1.00886
1.00859
1.00831
1.00804
1.00776
1.00749
1.00721
1.0068
1.00666
1.00629
1.00617
1.0058
1.00559
1.00537
1.00518
1.005
1.00483
1.00467
1.00453
1.00434
1.00429
1.0042
1.00409
1.00406
1.00399
1.00398
1.00396
1.00396
1.00397
1.00401
1.00403
1.00409
1.00418
1.00426
1.00435
1.00444
1.00453
1.00465
1.00477
1.00489
1.00501
1.00513
1.00526
1.00538
1.0055
1.00562
1.00574
1.00587
1.00599
1.00611
1.00623
1.00632
1.00642
1.00655
1.0066
1.00669
1.00678
1.00684
1.0069
1.00695
1.00698
1.00702
1.00705
1.00707
1.00707
1.00707
1.00707
1.00707
1.00706
1.00703
1.007
1.00697
1.00694
1.00691
1.00688
1.00682
1.00676
1.0067
1.00664
1.00658
1.00652
1.00645
1.00639
1.00633
1.00627
1.00621
1.00612
1.00609
1.00603
1.00597
1.00591
1.00587
1.00584
1.00579
1.00576
1.00573
1.0057
1.00567
1.00564
1.00562
1.00562
1.00562
1.00562
1.00562
1.00562
1.00562
1.00562
1.00562
1.00563
1.00566
1.00569
1.00572
1.00575
1.00578
1.00581
1.00584
1.00587
1.0059
1.00593
1.00596
1.00599
1.00602
1.00605
1.00608
1.00613
1.00616
1.00619
1.00622
1.00625
1.00628
1.00631
1.00633
1.00633
1.00633
1.00633
1.00633
1.00633
1.00633
1.00633
1.00633
1.00633
1.00633
1.00633
1.00633
1.00633
1.00633
1.00633
1.00633
1.00633
1.00633
1.00633
1.00633
1.00633
1.00632
1.00629
1.00625
1.00622
1.0062
1.00617
1.00613
1.0061
1.00607
1.00605
1.006
1.00599
1.00599
1.00599
1.00599
1.00599
1.00599
1.00599
1.00599
1.00599
1.00599
1.00599
1.00599
1.00599
1.00599
1.00599
1.00599
1.00599
1.00599
1.00599
1.00599
1.00599
1.00599
1.00599
1.00599
1.00599
1.00599
1.00599
1.00599
1.00599
1.00599
1.00599
1.00599
1.00599
1.00599
1.00599
1.00599
1.00599
1.00599
1.00599
1.00599
1.00599
1.00599
1.00599
1.00599
1.00599
1.00599
1.00599
1.00599
1.00599
1.00599
1.00599
1.00599
1.00599
1.00599
1.00599
1.00599
1.00599
1.00599
1.00599
1.00599
1.00599
1.00599
1.00599
1.00599
1.00599
1.00599
1.00599
1.00599
1.00599
1.00599
1.00599
1.00599
1.00599
1.00599
1.00599
1.00599
1.00599
1.00599
1.00599
1.00599
1.00599
1.00599
1.00599
1.00599
1.00599
1.00599
1.00599
1.00599
1.00599
1.00599
1.00599
1.00599
1.00599
1.00599
1.00599
1.00599
1.00599
1.00599
1.00599
1.00599
1.00599
1.00599
1.00599
1.00599
1.00599
1.00599
1.00599
1.00599
1.00599
1.00599
1.00599
1.00599
1.00599
1.00599
1.00599
1.00599
1.00599
1.00599
1.00599
1.00599
1.00599
1.00599
1.00599
1.00599
1.00599
1.00599
1.00599
1.00599
1.00599
1.00599
1.00599
1.00599
1.00599
1.00599
1.00599
1.00599
1.00599
1.00599
1.00599
1.00599
1.00599
1.00599
1.00599
1.00599
1.00599
1.00599
1.00599
1.00599
1.00599
1.00599
1.00599
1.00599
1.00599
1.00599
1.00599
1.00599
1.00599
1.00599
1.00599
1.00599
1.00599
1.00599
1.00599
1.00599
1.00599
1.00599
1.00599
1.00599
1.00599
1.00599
1.00599
1.00599
1.00599
1.00599
1.00599
1.00599
1.00599
1.00599
1.00599
1.00599
1.00599
1.00599
1.00599
1.00599
1.00599
1.00599
1.00599
1.00599
1.00599
1.00599
1.00599
1.00599
1.00599
1.00599
1.00599
1.00599
1.00599
1.00599
1.00599
1.00599
1.00599
1.00599
1.00599
1.00599
1.00599
1.00599
1.00599
1.00599
1.00599
1.00599
1.00599
1.00599
1.00599
1.00599
1.00599
1.00599
1.00599
1.00599
1.00599
1.00599
1.00599
1.00599
1.00599
1.00599
1.00599
1.00599
1.00599
1.00599
1.00599
1.00599
1.00599
1.00599
1.00599
1.00599
1.00599
1.00599
1.00599
1.00599
1.00599
1.00599
1.00599
1.00599
1.00599
1.00599
1.00599
1.00599
1.00599
1.00599
1.00599
1.00599
1.00599
1.00599
1.00599
1.00599
1.00599
1.00599
1.00599
1.00599
1.00599
1.00599
1.00599
1.00599
1.00599
1.00599
1.00599
1.00599
1.00599
1.00599
1.00599
1.00599
1.00599
1.00599
1.00599
1.00599
1.00599
1.00599
1.00599
1.00599
1.00599
1.00599
1.00599
1.00599
1.00599
1.00599
1.00599
1.00599
1.00599
1.00599
1.00599
1.00599
1.00599
1.00599
1.00599
1.00599
1.00599
1.00599
1.00599
1.00599
1.00599
1.00599
1.00599
1.00599
1.00599
1.00599
1.00599
1.00599
1.00599
1.00599
1.00599
1.00599
1.00599
1.00599
1.00599
1.00599
1.00599
1.00599
1.00599
1.00599
1.00599
1.00599
1.00599
1.00599
1.00599
1.00599
1.00599
1.00599
1.00599
1.00599
1.00599
1.00599
1.00599
1.00599
1.00599
1.00599
1.00599
1.00599
1.00599
1.00599
1.00599
1.00599
1.00599
1.00599
1.00599
1.00599
1.00599
1.00599
1.00599
1.00599
1.00599
1.00599
1.00599
1.00599
1.00599
1.00599
1.00599
1.00599
1.00599
1.00599
1.00599
1.00599
1.00599
1.00599
1.00599
1.00599
1.00599
1.00599
1.00599
1.00599
1.00599
1.00599
1.00599
1.00599
1.00599
1.00599
1.00599
1.00599
1.00599
1.00599
1.00599
1.00599
1.00599
1.00599
1.00599
1.00599
1.00599
1.00599
1.00599
1.00599
1.00599
1.00599
1.00599
1.00599
1.00599
1.00599
1.00599
1.00599
1.00599
1.00599
1.00599
1.00599
1.00599
1.00599
1.00599
1.00599
1.00599
1.00599
1.00599
1.00599
1.00599
1.00599
1.00599
1.00599
1.00599
1.00599
1.00599
1.00599
1.00599
1.00599
1.00599
1.00599
1.00599
1.00599
1.00599
1.00599
1.00599
1.00599
1.00599
1.00599
1.00599
1.00599
1.00599
1.00599
1.00599
1.00599
1.00599
1.00599
1.00599
1.00599
1.00599
1.00599
1.00599
1.00599
1.00599
1.00599
1.00599
1.00599
1.00599
1.00599
1.00599
1.00599
1.00599
1.00599
1.00599
1.00599
1.00599
1.00599
1.00599
1.00599
1.00599
1.00599
1.00599
1.00599
1.00599
1.00599
1.00599
1.00599
1.00599
1.00599
1.00599
1.00599
1.00599
1.00599
1.00599
1.00599
1.00599
1.00599
1.00599
1.00599
1.00599
1.00599
1.00599
1.00599
1.00599
1.00599
1.00599
1.00599
1.00599
1.00599
1.00599
1.00599
1.00599
1.00599
1.00599
1.00599
1.00599
1.00599
1.00599
1.00599
1.00599
1.00599
1.00599
1.00599
1.00599
1.00599
1.00599
1.00599
1.00599
1.00599
1.00599
1.00599
1.00599
1.00599
1.00599
1.00599
1.00599
1.00599
1.00599
1.00599
1.00599
1.00599
1.00599
1.00599
1.00599
1.00599
1.00599
1.00599
1.00599
1.00599
1.00599
1.00599
1.00599
1.00599
1.00599
1.00599
