0
0
0
0
2.02656e-05
0.000106096
0.000272274
0.000513792
0.000823975
0.00119781
0.00162959
0.00211596
0.0029397
0.003546
0.00419378
0.00488019
0.0056026
0.00635791
0.00714374
0.00795865
0.00879955
0.0101058
0.0110042
0.0119226
0.0128596
0.013814
0.0147839
0.0157683
0.0167658
0.0177755
0.0187964
0.0198276
0.0208685
0.0219178
0.0229754
0.0240402
0.0251117
0.0261891
0.0272722
0.0283604
0.029453
0.0305498
0.0316503
0.0327542
0.0338612
0.0349708
0.036083
0.0371974
0.0388725
0.0394313
0.0411108
0.0422323
0.0433538
0.0444772
0.0456007
0.0467246
0.0478499
0.0489752
0.0501006
0.0512259
0.0529139
0.0534766
0.0551646
0.0562899
0.0574152
0.0585396
0.0596631
0.0607865
0.0619099
0.0630324
0.0647147
0.0652745
0.0669537
0.0675125
0.0691886
0.0703044
0.0714195
0.0725334
0.0736461
0.0747581
0.0758686
0.0769787
0.0780871
0.079195
0.0803013
0.0814066
0.0825109
0.0836139
0.0852664
0.0863669
0.0874655
0.0885634
0.0896602
0.0907555
0.0918503
0.0929434
0.0940359
0.0951269
0.0962162
0.0973041
0.0983908
0.100018
0.101101
0.102182
0.103262
0.104341
0.105419
0.106495
0.10757
0.108644
0.109717
0.110789
0.111859
0.112928
0.113996
0.115062
0.116127
0.117192
0.118786
0.119846
0.120906
0.121965
0.123022
0.124079
0.125133
0.126188
0.12724
0.128292
0.129343
0.130392
0.131441
0.132488
0.133534
0.134578
0.135621
0.136662
0.137702
0.13874
0.139777
0.140813
0.141847
0.14288
0.143912
0.144942
0.14597
0.146998
0.148024
0.149049
0.150072
0.151094
0.152115
0.153135
0.154662
0.155679
0.156693
0.157707
0.15872
0.159731
0.160742
0.161751
0.162759
0.163766
0.164772
0.165777
0.166781
0.168284
0.169285
0.170285
0.171283
0.172281
0.173277
0.174271
0.175265
0.176257
0.177248
0.178238
0.179226
0.180706
0.181691
0.182675
0.183657
0.184639
0.185619
0.186599
0.187577
0.188554
0.190017
0.190992
0.191965
0.192938
0.193908
0.194878
0.195847
0.196814
0.19778
0.198745
0.199708
0.20067
0.201631
0.202591
0.204028
0.204985
0.205941
0.206895
0.207849
0.208801
0.209752
0.210702
0.211652
0.2126
0.213547
0.214493
0.215437
0.216382
0.217324
0.218266
0.219206
0.220615
0.221554
0.22249
0.223426
0.224361
0.225294
0.226226
0.227157
0.228087
0.229016
0.229943
0.230869
0.231794
0.232717
0.23364
0.234561
0.235481
0.236401
0.237318
0.238235
0.239151
0.240065
0.240979
0.241891
0.242802
0.243712
0.245075
0.245982
0.246888
0.247793
0.248698
0.2496
0.250502
0.251403
0.252753
0.253202
0.254549
0.254997
0.256341
0.257236
0.25813
0.259023
0.259915
0.260806
0.261696
0.262585
0.263474
0.26436
0.265246
0.266131
0.267014
0.267897
0.269218
0.270097
0.270975
0.271853
0.272728
0.273603
0.274477
0.27535
0.276222
0.277093
0.277963
0.278832
0.2797
0.280566
0.281432
0.282297
0.283161
0.284024
0.284886
0.285747
0.286607
0.287466
0.288324
0.28918
0.290036
0.291318
0.291745
0.292598
0.293449
0.2943
0.295574
0.295999
0.296847
0.298117
0.298539
0.299806
0.300649
0.301492
0.302333
0.303174
0.304013
0.304852
0.30569
0.306527
0.307362
0.308197
0.30903
0.309862
0.310693
0.311523
0.312352
0.313179
0.314006
0.314832
0.315656
0.316479
0.317301
0.318122
0.318943
0.319762
0.32058
0.321396
0.322213
0.323027
0.324248
0.324654
0.325466
0.326277
0.327086
0.3283
0.328703
0.329913
0.330719
0.331523
0.332326
0.333129
0.333931
0.334732
0.335531
0.336331
0.337129
0.337926
0.338723
0.339518
0.340313
0.341106
0.3419
0.342691
0.343483
0.344272
0.345062
0.34585
0.346638
0.347817
0.348602
0.349386
0.35017
0.350952
0.351343
0.352514
0.353294
0.354073
0.354851
0.355629
0.356405
0.357181
0.357956
0.35873
0.359502
0.360274
0.361044
0.361429
0.362582
0.363349
0.364116
0.364881
0.365645
0.366408
0.36717
0.367931
0.368691
0.369451
0.370209
0.371345
0.371722
0.372855
0.373232
0.373985
0.375114
0.375865
0.37699
0.377365
0.378113
0.379235
0.379608
0.380727
0.381472
0.382215
0.382959
0.383701
0.384443
0.385183
0.385923
0.386661
0.387399
0.388136
0.388872
0.389973
0.390707
0.391073
0.391805
0.392536
0.393632
0.393996
0.394725
0.395452
0.396543
0.397268
0.397993
0.398716
0.399439
0.400161
0.401243
0.401963
0.402682
0.403401
0.404118
0.404835
0.40555
0.406265
0.406979
0.408048
0.40876
0.409116
0.410181
0.41089
0.411598
0.412305
0.413012
0.413718
0.414423
0.415127
0.415831
0.416533
0.417235
0.417937
0.418637
0.419337
0.420035
0.420733
0.42143
0.422127
0.422822
0.423864
0.424211
0.424904
0.425596
0.426288
0.426978
0.428013
0.428358
0.42939
0.430077
0.43042
0.431107
0.432134
0.432818
0.433501
0.434184
0.434865
0.435546
0.436227
0.436906
0.437585
0.438262
0.438939
0.439615
0.44029
0.440963
0.441636
0.442308
0.442979
0.443649
0.444319
0.444987
0.445655
0.446322
0.44732
0.447653
0.448317
0.449311
0.449642
0.450304
0.450965
0.451625
0.452285
0.452943
0.453601
0.454586
0.454914
0.455897
0.456551
0.457204
0.457856
0.458509
0.459159
0.45981
0.460459
0.461108
0.461756
0.462404
0.46305
0.463697
0.464341
0.464986
0.46563
0.466273
0.466916
0.467557
0.468198
0.469157
0.469477
0.470116
0.470753
0.47139
0.472345
0.472663
0.473298
0.474249
0.474565
0.475515
0.476146
0.476777
0.477407
0.478037
0.478666
0.479294
0.479921
0.480547
0.481485
0.482109
0.482733
0.483355
0.483977
0.484598
0.485528
0.486147
0.486765
0.487383
0.488
0.488616
0.489232
0.489846
0.49046
0.491073
0.491686
0.492603
0.492908
0.493823
0.494127
0.494735
0.495647
0.496253
0.49686
0.497464
0.498069
0.498672
0.499275
0.500179
0.50078
0.50138
0.501981
0.502579
0.503178
0.503775
0.504372
0.504968
0.505563
0.506159
0.506752
0.507345
0.507937
0.508529
0.50912
0.50971
0.510299
0.511182
0.511475
0.512063
0.512649
0.513235
0.51382
0.514696
0.51528
0.515862
0.516444
0.517025
0.517605
0.518185
0.518765
0.519343
0.519921
0.520499
0.521075
0.521651
0.522515
0.522802
0.523376
0.52395
0.524522
0.525094
0.525952
0.526522
0.527092
0.527661
0.52823
0.528798
0.529366
0.529932
0.530499
0.531065
0.531629
0.532194
0.532758
0.53332
0.533883
0.534445
0.535005
0.535566
0.536404
0.536963
0.53752
0.538077
0.538632
0.539187
0.539742
0.540296
0.540849
0.541403
0.541954
0.542506
0.543057
0.543607
0.544156
0.544705
0.545253
0.5458
0.546348
0.546894
0.547439
0.547985
0.548528
0.549072
0.549616
0.550158
0.55097
0.551511
0.552051
0.55259
0.553129
0.553667
0.554205
0.554743
0.555279
0.555815
0.55635
0.556885
0.557419
0.557952
0.558484
0.559016
0.559546
0.560077
0.560607
0.561135
0.561663
0.562191
0.562717
0.563244
0.563769
0.564293
0.564818
0.565602
0.565863
0.566646
0.567167
0.567688
0.568208
0.568726
0.569245
0.569763
0.57028
0.570797
0.571314
0.572087
0.572602
0.573117
0.57363
0.573886
0.574656
0.575168
0.575679
0.57619
0.576701
0.57721
0.577719
0.578229
0.578737
0.579244
0.579751
0.580256
0.580762
0.581267
0.58177
0.582274
0.582777
0.583278
0.58378
0.58428
0.58478
0.58528
0.585779
0.586277
0.586774
0.587271
0.587767
0.588263
0.588758
0.589252
0.589746
0.590239
0.590977
0.59147
0.591715
0.592451
0.592941
0.59343
0.593919
0.594407
0.594895
0.595382
0.595868
0.596354
0.59684
0.597325
0.597809
0.598294
0.598776
0.599259
0.599741
0.600464
0.600704
0.601185
0.601665
0.602144
0.602623
0.603341
0.60358
0.604057
0.604772
0.605248
0.605723
0.606198
0.606673
0.607146
0.607619
0.608091
0.608562
0.609034
0.609739
0.609974
0.610443
0.611146
0.611613
0.61208
0.612547
0.613013
0.613478
0.613944
0.614408
0.614871
0.615335
0.615798
0.61626
0.616722
0.617183
0.617644
0.618104
0.618563
0.619252
0.619481
0.619939
0.620397
0.621082
0.621538
0.621994
0.622222
0.622904
0.623358
0.623812
0.624265
0.624717
0.62517
0.625622
0.626073
0.626523
0.626973
0.627422
0.62787
0.628319
0.628766
0.629212
0.629659
0.630105
0.630549
0.630994
0.631438
0.631881
0.632323
0.632766
0.633207
0.633648
0.634309
0.634748
0.635187
0.635626
0.636065
0.636501
0.636938
0.637375
0.637812
0.638464
0.638682
0.639117
0.639551
0.639984
0.640417
0.641067
0.641499
0.64193
0.642361
0.642792
0.643221
0.643651
0.64408
0.644508
0.644935
0.645362
0.64579
0.646215
0.64664
0.647066
0.64749
0.648125
0.648549
0.648971
0.649393
0.649814
0.650236
0.650866
0.651076
0.651705
0.651915
0.652543
0.65296
0.653169
0.653796
0.654212
0.654628
0.655044
0.65546
0.655875
0.656289
0.656703
0.657117
0.657531
0.657531
0.658355
0.658767
0.659179
0.659589
0.659999
0.660409
0.660818
0.661227
0.661635
0.662042
0.662652
0.662855
0.663464
0.663666
0.664273
0.664677
0.66508
0.665483
0.665885
0.666288
0.666689
0.66709
0.66749
0.667891
0.668291
0.668689
0.669088
0.669487
0.669885
0.670281
0.670678
0.671075
0.671471
0.671866
0.672261
0.672656
0.673051
0.673444
0.673836
0.674229
0.674818
0.675014
0.6756
0.675991
0.676187
0.676771
0.67716
0.677549
0.677938
0.678325
0.678713
0.6791
0.679486
0.679872
0.680449
0.680642
0.681026
0.68141
0.681793
0.682176
0.682558
0.683131
0.683512
0.683893
0.684273
0.684652
0.685032
0.685411
0.685789
0.686166
0.686544
0.686922
0.687298
0.687674
0.68805
0.688613
0.688801
0.689362
0.689548
0.690109
0.690483
0.690669
0.691227
0.691413
0.691971
0.692342
0.692712
0.693082
0.693452
0.693821
0.694189
0.694557
0.694926
0.695476
0.695659
0.696025
0.696391
0.696939
0.697121
0.697667
0.698031
0.698213
0.698756
0.699119
0.699481
0.699843
0.700203
0.700564
0.700924
0.701285
0.701643
0.702002
0.702361
0.702719
