0
0
0
0
3.8147e-06
0.00012207
0.00113678
0.0018692
0.00572968
0.0076828
0.0127831
0.0196648
0.0285378
0.0460205
0.0606689
0.0777283
0.0972176
0.119125
0.130981
0.170181
0.199322
0.230869
0.264824
0.301182
0.339939
0.381092
0.424637
0.470512
0.518456
0.568062
0.618923
0.670635
0.72279
0.774986
0.826946
0.878422
0.929123
0.978748
1.02702
1.07366
1.11846
1.16123
1.2019
1.24046
1.27692
1.3113
1.34359
1.3738
1.40194
1.428
1.45199
1.47392
1.49379
1.5116
1.52735
1.54105
1.5527
1.56231
1.56986
1.57737
1.57981
1.58027
1.57966
1.57701
1.56922
1.56147
1.5517
1.54605
1.53323
1.5102
1.49231
1.47239
1.45046
1.4265
1.40055
1.37274
1.34333
1.31263
1.28091
1.24846
1.199
1.1659
1.13296
1.10041
1.06848
1.0374
1.00742
0.97871
0.951431
0.925713
0.901657
0.879379
0.858971
0.840488
0.823994
0.809525
0.797096
0.786716
0.778366
0.77203
0.767666
0.765217
0.764626
0.765816
0.7687
0.77317
0.779148
0.786526
0.795204
0.805061
0.815979
0.827827
0.840519
0.853939
0.867966
0.882473
0.897346
0.912468
0.935368
0.950619
0.965733
0.980598
0.995121
1.00918
1.02267
1.0355
1.0476
1.05893
1.07435
1.08353
1.09178
1.09909
1.10545
1.11327
1.11732
1.12044
1.12263
1.12391
1.12431
1.12383
1.12253
1.12045
1.11595
1.11411
1.10996
1.10524
1.0972
1.09131
1.08823
1.0785
1.07171
1.06475
1.05769
1.05056
1.04343
1.03634
1.02935
1.02251
1.01585
1.00943
1.00325
0.997318
0.991669
0.986328
0.981319
0.976665
0.972397
0.968517
0.965046
0.961994
0.959362
0.957157
0.955379
0.953506
0.952778
0.952454
0.952522
0.952965
0.95377
0.954918
0.957237
0.95816
0.960209
0.962513
0.966362
0.969158
0.970619
0.97364
0.97678
0.980007
0.98494
0.986603
0.989929
0.993252
0.998158
1.00135
1.00445
1.00745
1.01033
1.01171
1.01563
1.01803
1.02024
1.02225
1.02407
1.02569
1.0271
1.0271
1.02969
1.03064
1.03104
1.03125
1.03129
1.03115
1.03083
1.03036
1.02973
1.02897
1.02807
1.02706
1.02594
1.02473
1.02343
1.02207
1.02064
1.01917
1.01765
1.01611
1.01455
1.01299
1.01144
1.00989
1.00837
1.00689
1.00545
1.00406
1.00274
1.00148
0.999737
0.999195
0.997696
0.997242
0.996403
0.995323
0.994724
0.994228
0.993832
0.993534
0.993332
0.993225
0.993237
0.993355
0.993553
0.993832
0.994186
0.99461
0.995098
0.99564
0.996235
0.996876
0.99791
0.998276
0.999401
1.00017
1.00057
1.00136
1.00255
1.00335
1.00412
1.00488
1.00562
1.00633
1.00702
1.00767
1.00828
1.00885
1.00938
1.00987
1.01031
1.0107
1.01105
1.01134
1.01169
1.01186
1.01198
1.01205
1.01208
1.01207
1.01201
1.01191
1.01177
1.0116
1.01139
1.01115
1.01088
1.01043
1.0101
1.00976
1.00939
1.00903
1.00863
1.00824
1.00784
1.00744
1.00705
1.00665
1.00629
1.00592
1.00557
1.00523
1.00491
1.0046
1.00432
1.00405
1.00381
1.00359
1.0034
1.00322
1.00307
1.00295
1.00285
1.00278
1.00272
1.00269
1.00269
1.0027
1.00274
1.0028
1.00287
1.00296
1.00307
1.00319
1.00333
1.00348
1.00363
1.0038
1.00398
1.00416
1.00434
1.00453
1.00471
1.00499
1.00508
1.00526
1.00544
1.00563
1.00589
1.00596
1.00619
1.00627
1.00641
1.0066
1.00672
1.00681
1.0069
1.00698
1.00705
1.00711
1.00714
1.00718
1.00721
1.00721
1.00721
1.0072
1.00717
1.00714
1.00711
1.00706
1.007
1.00694
1.00688
1.00682
1.00674
1.00665
1.00655
1.00646
1.00637
1.00628
1.00619
1.0061
1.006
1.00591
1.00582
1.00573
1.00564
1.00556
1.0055
1.00544
1.00537
1.00531
1.00525
1.00519
1.00516
1.00513
1.0051
1.00507
1.00504
1.00502
1.00502
1.00502
1.00502
1.00502
1.00502
1.00503
1.00506
1.0051
1.00512
1.00515
1.00518
1.00521
1.00526
1.00527
1.0053
1.00533
1.00538
1.00544
1.00547
1.00556
1.00562
1.00566
1.0057
1.00573
1.00576
1.00579
1.00582
1.00585
1.00588
1.00591
1.00594
1.00597
1.006
1.00603
1.00606
1.00608
1.00608
1.00608
1.00608
1.00608
1.00608
1.00608
1.00608
1.00608
1.00608
1.00608
1.00608
1.00608
1.00608
1.00606
1.00603
1.006
1.00595
1.00592
1.00589
1.00586
1.00583
1.0058
1.00577
1.00574
1.00571
1.00568
1.00565
1.00562
1.00558
1.00558
1.00558
1.00558
1.00558
1.00558
1.00558
1.00558
1.00558
1.00558
1.00558
1.00558
1.00558
1.00558
1.00558
1.00558
1.00558
1.00558
1.00558
1.00558
1.00558
1.00558
1.00558
1.00558
1.00558
1.00558
1.00558
1.00558
1.00558
1.00558
1.00558
1.00558
1.00558
1.00558
1.00558
1.00558
1.00559
1.00562
1.00565
1.0057
1.00573
1.00576
1.00579
1.00582
1.00582
1.00582
1.00582
1.00582
1.00582
1.00582
1.00582
1.00582
1.00582
1.00582
1.00582
1.00582
1.00582
1.00582
1.00582
1.00582
1.00582
1.00582
1.00582
1.00582
1.00582
1.00582
1.00582
1.00582
1.00582
1.00582
1.00582
1.00582
1.00582
1.00582
1.00582
1.00582
1.00582
1.00582
1.00582
1.00582
1.00582
1.00582
1.00582
1.00582
1.00582
1.00582
1.00582
1.00582
1.00582
1.00582
1.00582
1.00582
1.00582
1.00582
1.00582
1.00582
1.00582
1.00582
1.00582
1.00582
1.00582
1.00582
1.00582
1.00582
1.00582
1.00582
1.00582
1.00582
1.00582
1.00582
1.00582
1.00582
1.00582
1.00582
1.00582
1.00582
1.00582
1.00582
1.00582
1.00582
1.00582
1.00582
1.00582
1.00582
1.00582
1.00582
1.00582
1.00582
1.00582
1.00582
1.00582
1.00582
1.00582
1.00582
1.00582
1.00582
1.00582
1.00582
1.00582
1.00582
1.00582
1.00582
1.00582
1.00582
1.00582
1.00582
1.00582
1.00582
1.00582
1.00582
1.00582
1.00582
1.00582
1.00582
1.00582
1.00582
1.00582
1.00582
1.00582
1.00582
1.00582
1.00582
1.00582
1.00582
1.00582
1.00582
1.00582
1.00582
1.00582
1.00582
1.00582
1.00582
1.00582
1.00582
1.00582
1.00582
1.00582
1.00582
1.00582
1.00582
1.00582
1.00582
1.00582
1.00582
1.00582
1.00582
1.00582
1.00582
1.00582
1.00582
1.00582
1.00582
1.00582
1.00582
1.00582
1.00582
1.00582
1.00582
1.00582
1.00582
1.00582
1.00582
1.00582
1.00582
1.00582
1.00582
1.00582
1.00582
1.00582
1.00582
1.00582
1.00582
1.00582
1.00582
1.00582
1.00582
1.00582
1.00582
1.00582
1.00582
1.00582
1.00582
1.00582
1.00582
1.00582
1.00582
1.00582
1.00582
1.00582
1.00582
1.00582
1.00582
1.00582
1.00582
1.00582
1.00582
1.00582
1.00582
1.00582
1.00582
1.00582
1.00582
1.00582
1.00582
1.00582
1.00582
1.00582
1.00582
1.00582
1.00582
1.00582
1.00582
1.00582
1.00582
1.00582
1.00582
1.00582
1.00582
1.00582
1.00582
1.00582
1.00582
1.00582
1.00582
1.00582
1.00582
1.00582
1.00582
1.00582
1.00582
1.00582
1.00582
1.00582
1.00582
1.00582
1.00582
1.00582
1.00582
1.00582
1.00582
1.00582
1.00582
1.00582
1.00582
1.00582
1.00582
1.00582
1.00582
1.00582
1.00582
1.00582
1.00582
1.00582
1.00582
1.00582
1.00582
1.00582
1.00582
1.00582
1.00582
1.00582
1.00582
1.00582
1.00582
1.00582
1.00582
1.00582
1.00582
1.00582
1.00582
1.00582
1.00582
1.00582
1.00582
1.00582
1.00582
1.00582
1.00582
1.00582
1.00582
1.00582
1.00582
1.00582
1.00582
1.00582
1.00582
1.00582
1.00582
1.00582
1.00582
1.00582
1.00582
1.00582
1.00582
1.00582
1.00582
1.00582
1.00582
1.00582
1.00582
1.00582
1.00582
1.00582
1.00582
1.00582
1.00582
1.00582
1.00582
1.00582
1.00582
1.00582
1.00582
1.00582
1.00582
1.00582
1.00582
1.00582
1.00582
1.00582
1.00582
1.00582
1.00582
1.00582
1.00582
1.00582
1.00582
1.00582
1.00582
1.00582
1.00582
1.00582
1.00582
1.00582
1.00582
1.00582
1.00582
1.00582
1.00582
1.00582
1.00582
1.00582
1.00582
1.00582
1.00582
1.00582
1.00582
1.00582
1.00582
1.00582
1.00582
1.00582
1.00582
1.00582
1.00582
1.00582
1.00582
1.00582
1.00582
1.00582
1.00582
1.00582
1.00582
1.00582
1.00582
1.00582
1.00582
1.00582
1.00582
1.00582
1.00582
1.00582
1.00582
1.00582
1.00582
1.00582
1.00582
1.00582
1.00582
1.00582
1.00582
1.00582
1.00582
1.00582
1.00582
1.00582
1.00582
1.00582
1.00582
1.00582
1.00582
1.00582
1.00582
1.00582
1.00582
1.00582
1.00582
1.00582
1.00582
1.00582
1.00582
1.00582
1.00582
1.00582
1.00582
1.00582
1.00582
1.00582
1.00582
1.00582
1.00582
1.00582
1.00582
1.00582
1.00582
1.00582
1.00582
1.00582
1.00582
1.00582
1.00582
1.00582
1.00582
1.00582
1.00582
1.00582
1.00582
1.00582
1.00582
1.00582
1.00582
1.00582
1.00582
1.00582
1.00582
1.00582
1.00582
1.00582
1.00582
1.00582
1.00582
1.00582
1.00582
1.00582
1.00582
1.00582
1.00582
1.00582
1.00582
1.00582
1.00582
1.00582
1.00582
1.00582
1.00582
1.00582
1.00582
1.00582
1.00582
1.00582
1.00582
1.00582
1.00582
1.00582
1.00582
1.00582
1.00582
1.00582
1.00582
1.00582
1.00582
1.00582
1.00582
1.00582
1.00582
1.00582
1.00582
1.00582
1.00582
1.00582
1.00582
1.00582
1.00582
1.00582
1.00582
1.00582
1.00582
1.00582
1.00582
1.00582
1.00582
1.00582
1.00582
1.00582
1.00582
1.00582
1.00582
1.00582
1.00582
