0
0
0
0
5.72205e-06
0.000123024
0.00063324
0.00186825
0.00412941
0.00768757
0.0127897
0.0196676
0.0285416
0.0396156
0.0530481
0.068902
0.0871801
0.119076
0.143122
0.155898
0.196925
0.226267
0.256955
0.288788
0.32161
0.355303
0.389689
0.424584
0.459826
0.495265
0.548485
0.583807
0.618851
0.653494
0.687625
0.72112
0.753851
0.785731
0.816687
0.846655
0.875578
0.903406
0.930097
0.955611
0.979918
1.00299
1.02481
1.05516
1.0738
1.09116
1.10725
1.12207
1.13564
1.14801
1.1592
1.16924
1.17815
1.18596
1.1927
1.19839
1.20308
1.2068
1.20959
1.21148
1.21253
1.21276
1.21223
1.21098
1.20785
1.20499
1.20157
1.19763
1.19321
1.18837
1.18314
1.17757
1.1717
1.16558
1.15923
1.15271
1.14604
1.13583
1.12893
1.12198
1.11503
1.10808
1.10118
1.09435
1.08762
1.08098
1.07446
1.06806
1.0618
1.05569
1.04976
1.044
1.03844
1.03309
1.02794
1.02302
1.01832
1.01386
1.00963
1.00373
1.00189
0.996714
0.993567
0.992084
0.987996
0.985568
0.983375
0.981413
0.979675
0.978156
0.976851
0.975753
0.974854
0.974148
0.973625
0.973277
0.973066
0.973121
0.97332
0.973658
0.974123
0.974707
0.975401
0.976196
0.977085
0.978059
0.979111
0.980228
0.981407
0.982642
0.983923
0.985913
0.987277
0.988664
0.990065
0.991476
0.992887
0.994297
0.995697
0.997082
0.998448
0.999793
1.00111
1.0024
1.00365
1.00546
1.00605
1.00774
1.00881
1.00983
1.01081
1.01173
1.01261
1.01343
1.01383
1.01493
1.01559
1.01621
1.01677
1.01729
1.01776
1.01818
1.01855
1.01887
1.01916
1.0194
1.0196
1.01975
1.01987
1.01996
1.02
1.02002
1.02
1.01995
1.01987
1.0197
1.01963
1.01947
1.0192
1.019
1.01877
1.01853
1.01828
1.01801
1.01773
1.01744
1.01715
1.01685
1.01654
1.01624
1.01592
1.01561
1.0153
1.01499
1.01468
1.01438
1.01408
1.01379
1.0135
1.01322
1.01281
1.01268
1.01243
1.01218
1.01194
1.01172
1.0115
1.0113
1.01101
1.01083
1.01066
1.0105
1.01035
1.01022
1.01009
1.00998
1.00988
1.00979
1.00971
1.00963
1.00957
1.00952
1.00948
1.00944
1.00941
1.00939
1.00938
1.00938
1.00938
1.00939
1.0094
1.00943
1.00946
1.00949
1.00953
1.00955
1.00962
1.00966
1.00972
1.00977
1.00982
1.00988
1.00994
1.01
1.01007
1.01013
1.01019
1.01025
1.01031
1.01037
1.01043
1.01049
1.01055
1.01065
1.01068
1.01073
1.01078
1.01084
1.01092
1.01096
1.01099
1.01106
1.0111
1.01114
1.01118
1.01121
1.01125
1.01128
1.01131
1.01134
1.01136
1.01138
1.0114
1.01142
1.01144
1.01145
1.01147
1.01148
1.01148
1.01149
1.0115
1.0115
1.0115
1.0115
1.0115
1.0115
1.0115
1.01149
1.01148
1.01148
1.01147
1.01146
1.01145
1.01144
1.01144
1.01142
1.01141
1.01138
1.01137
1.01136
1.01135
1.01132
1.01131
1.01129
1.01128
1.01126
1.01125
1.01123
1.01122
1.0112
1.01119
1.01117
1.01116
1.01115
1.01114
1.01113
1.01112
1.01111
1.0111
1.0111
1.01109
1.01108
1.01107
1.01107
1.01105
1.01105
1.01104
1.01103
1.01103
1.01103
1.01103
1.01103
1.01103
1.01103
1.01103
1.01103
1.01103
1.01103
1.01103
1.01103
1.01103
1.01103
1.01103
1.01103
1.01103
1.01103
1.01103
1.01103
1.01103
1.01103
1.01103
1.01103
1.01103
1.01103
1.01103
1.01103
1.01103
1.01103
1.01103
1.01103
1.01103
1.01103
1.01103
1.01103
1.01103
1.01103
1.01104
1.01105
1.01106
1.01106
1.01107
1.01108
1.01109
1.01109
1.0111
1.0111
1.0111
1.0111
1.0111
1.0111
1.0111
1.0111
1.0111
1.0111
1.0111
1.0111
1.0111
1.0111
1.0111
1.0111
1.0111
1.0111
1.0111
1.0111
1.0111
1.0111
1.0111
1.0111
1.0111
1.0111
1.0111
1.0111
1.0111
1.0111
1.0111
1.0111
1.0111
1.0111
1.0111
1.0111
1.0111
1.0111
1.0111
1.0111
1.0111
1.0111
1.0111
1.0111
1.0111
1.0111
1.0111
1.0111
1.0111
1.0111
1.0111
1.0111
1.0111
1.0111
1.0111
1.0111
1.0111
1.0111
1.0111
1.0111
1.0111
1.0111
1.0111
1.0111
1.0111
1.0111
1.0111
1.0111
1.0111
1.0111
1.0111
1.0111
1.0111
1.0111
1.0111
1.0111
1.0111
1.0111
1.0111
1.0111
1.0111
1.0111
1.0111
1.0111
1.0111
1.0111
1.0111
1.0111
1.0111
1.0111
1.0111
1.0111
1.0111
1.0111
1.0111
1.0111
1.0111
1.0111
1.0111
1.0111
1.0111
1.0111
1.0111
1.0111
1.0111
1.0111
1.0111
1.0111
1.0111
1.0111
1.0111
1.0111
1.0111
1.0111
1.0111
1.0111
1.0111
1.0111
1.0111
1.0111
1.0111
1.0111
1.0111
1.0111
1.0111
1.0111
1.0111
1.0111
1.0111
1.0111
1.0111
1.0111
1.0111
1.0111
1.0111
1.0111
1.0111
1.0111
1.0111
1.0111
1.0111
1.0111
1.0111
1.0111
1.0111
1.0111
1.0111
1.0111
1.0111
1.0111
1.0111
1.0111
1.0111
1.0111
1.0111
1.0111
1.0111
1.0111
1.0111
1.0111
1.0111
1.0111
1.0111
1.0111
1.0111
1.0111
1.0111
1.0111
1.0111
1.0111
1.0111
1.0111
1.0111
1.0111
1.0111
1.0111
1.0111
1.0111
1.0111
1.0111
1.0111
1.0111
1.0111
1.0111
1.0111
1.0111
1.0111
1.0111
1.0111
1.0111
1.0111
1.0111
1.0111
1.0111
1.0111
1.0111
1.0111
1.0111
1.0111
1.0111
1.0111
1.0111
1.0111
1.0111
1.0111
1.0111
1.0111
1.0111
1.0111
1.0111
1.0111
1.0111
1.0111
1.0111
1.0111
1.0111
1.0111
1.0111
1.0111
1.0111
1.0111
1.0111
1.0111
1.0111
1.0111
1.0111
1.0111
1.0111
1.0111
1.0111
1.0111
1.0111
1.0111
1.0111
1.0111
1.0111
1.0111
1.0111
1.0111
1.0111
1.0111
1.0111
1.0111
1.0111
1.0111
1.0111
1.0111
1.0111
1.0111
1.0111
1.0111
1.0111
1.0111
1.0111
1.0111
1.0111
1.0111
1.0111
1.0111
1.0111
1.0111
1.0111
1.0111
1.0111
1.0111
1.0111
1.0111
1.0111
1.0111
1.0111
1.0111
1.0111
1.0111
1.0111
1.0111
1.0111
1.0111
1.0111
1.0111
1.0111
1.0111
1.0111
1.0111
1.0111
1.0111
1.0111
1.0111
1.0111
1.0111
1.0111
1.0111
1.0111
1.0111
1.0111
1.0111
1.0111
1.0111
1.0111
1.0111
1.0111
1.0111
1.0111
1.0111
1.0111
1.0111
1.0111
1.0111
1.0111
1.0111
1.0111
1.0111
1.0111
1.0111
1.0111
1.0111
1.0111
1.0111
1.0111
1.0111
1.0111
1.0111
1.0111
1.0111
1.0111
1.0111
1.0111
1.0111
1.0111
1.0111
1.0111
1.0111
1.0111
1.0111
1.0111
1.0111
1.0111
1.0111
1.0111
1.0111
1.0111
1.0111
1.0111
1.0111
1.0111
1.0111
1.0111
1.0111
1.0111
1.0111
1.0111
1.0111
1.0111
1.0111
1.0111
1.0111
1.0111
1.0111
1.0111
1.0111
1.0111
1.0111
1.0111
1.0111
1.0111
1.0111
1.0111
1.0111
1.0111
1.0111
1.0111
1.0111
1.0111
1.0111
1.0111
1.0111
1.0111
1.0111
1.0111
1.0111
1.0111
1.0111
1.0111
1.0111
1.0111
1.0111
1.0111
1.0111
1.0111
1.0111
1.0111
1.0111
1.0111
1.0111
1.0111
1.0111
1.0111
1.0111
1.0111
1.0111
1.0111
1.0111
1.0111
1.0111
1.0111
1.0111
1.0111
1.0111
1.0111
1.0111
1.0111
1.0111
1.0111
1.0111
1.0111
1.0111
1.0111
1.0111
1.0111
1.0111
1.0111
1.0111
1.0111
1.0111
1.0111
1.0111
1.0111
1.0111
1.0111
1.0111
1.0111
1.0111
1.0111
1.0111
1.0111
1.0111
1.0111
1.0111
1.0111
1.0111
1.0111
1.0111
1.0111
1.0111
1.0111
1.0111
1.0111
1.0111
1.0111
1.0111
1.0111
1.0111
1.0111
1.0111
1.0111
1.0111
1.0111
1.0111
1.0111
1.0111
1.0111
1.0111
1.0111
1.0111
1.0111
1.0111
1.0111
1.0111
1.0111
1.0111
1.0111
1.0111
1.0111
1.0111
1.0111
1.0111
1.0111
1.0111
1.0111
1.0111
1.0111
1.0111
1.0111
1.0111
1.0111
1.0111
1.0111
1.0111
1.0111
1.0111
1.0111
1.0111
1.0111
1.0111
1.0111
1.0111
1.0111
1.0111
1.0111
1.0111
1.0111
1.0111
1.0111
1.0111
1.0111
1.0111
1.0111
1.0111
1.0111
1.0111
1.0111
1.0111
1.0111
1.0111
1.0111
1.0111
1.0111
1.0111
1.0111
1.0111
1.0111
1.0111
1.0111
1.0111
1.0111
1.0111
1.0111
1.0111
1.0111
1.0111
1.0111
1.0111
1.0111
1.0111
1.0111
1.0111
1.0111
1.0111
1.0111
1.0111
1.0111
1.0111
1.0111
1.0111
1.0111
1.0111
1.0111
1.0111
1.0111
1.0111
1.0111
1.0111
1.0111
1.0111
1.0111
1.0111
1.0111
1.0111
1.0111
1.0111
1.0111
1.0111
1.0111
1.0111
1.0111
1.0111
1.0111
1.0111
1.0111
1.0111
1.0111
1.0111
1.0111
1.0111
1.0111
1.0111
1.0111
1.0111
1.0111
1.0111
1.0111
1.0111
1.0111
1.0111
1.0111
1.0111
1.0111
1.0111
1.0111
1.0111
1.0111
1.0111
1.0111
1.0111
1.0111
1.0111
1.0111
1.0111
1.0111
1.0111
1.0111
1.0111
1.0111
1.0111
1.0111
1.0111
1.0111
1.0111
1.0111
1.0111
1.0111
1.0111
1.0111
1.0111
1.0111
1.0111
1.0111
1.0111
1.0111
1.0111
1.0111
1.0111
1.0111
