0
0
0
0
5.72205e-06
0.000308037
0.00114059
0.0028553
0.00573254
0.0100336
0.015996
0.0238457
0.0337963
0.0460348
0.0606756
0.0871849
0.0972319
0.119139
0.156519
0.184387
0.214434
0.246415
0.280106
0.315269
0.351648
0.389008
0.427123
0.465783
0.504791
0.543962
0.583114
0.622073
0.660673
0.698761
0.736195
0.772845
0.808597
0.843341
0.893357
0.925176
0.955684
0.984809
1.01249
1.03864
1.06321
1.08616
1.1075
1.12723
1.14543
1.1699
1.1773
1.19728
1.20875
1.21878
1.22738
1.23459
1.24046
1.24502
1.24832
1.25042
1.25137
1.25123
1.25005
1.24646
1.24482
1.23864
1.23355
1.22778
1.22138
1.21441
1.20695
1.19906
1.19079
1.18222
1.17339
1.16436
1.15518
1.14591
1.13657
1.12722
1.11789
1.10862
1.09945
1.09037
1.08143
1.07264
1.06404
1.05155
1.04353
1.03962
1.02833
1.02119
1.01437
1.00791
1.0018
0.996057
0.990678
0.985681
0.981059
0.976815
0.972947
0.969451
0.966331
0.963561
0.96115
0.959086
0.957358
0.955956
0.954871
0.954087
0.953593
0.953374
0.953534
0.953946
0.95424
0.955443
0.956494
0.957728
0.95913
0.960685
0.962371
0.964179
0.9661
0.96811
0.970202
0.972365
0.974587
0.976855
0.979159
0.981486
0.983821
0.987323
0.989646
0.990798
0.993083
0.99644
0.998616
1.00074
1.00279
1.00478
1.0067
1.00853
1.01028
1.01195
1.01352
1.015
1.01638
1.01767
1.01886
1.01996
1.02096
1.02228
1.02304
1.02371
1.02429
1.02477
1.02517
1.02548
1.02571
1.02586
1.02594
1.02595
1.02589
1.02576
1.02558
1.02533
1.02504
1.02469
1.0243
1.02363
1.02315
1.02262
1.02207
1.0215
1.0209
1.02029
1.01935
1.01902
1.01806
1.01741
1.01677
1.01613
1.01549
1.01486
1.01424
1.01364
1.01305
1.01248
1.01192
1.01139
1.01088
1.01039
1.00992
1.00947
1.00904
1.00864
1.00826
1.00791
1.00758
1.00728
1.00687
1.00675
1.00652
1.00631
1.00605
1.00591
1.00584
1.00569
1.00561
1.00556
1.00552
1.0055
1.00551
1.00553
1.00557
1.00562
1.00569
1.00577
1.00592
1.00602
1.00615
1.00628
1.00641
1.00656
1.00671
1.00686
1.00702
1.00718
1.00735
1.00752
1.00769
1.00786
1.00802
1.00819
1.00836
1.00852
1.00868
1.00883
1.00906
1.00913
1.00927
1.00947
1.0096
1.00972
1.00984
1.00989
1.01005
1.01014
1.01023
1.01031
1.01039
1.01045
1.01051
1.01057
1.01059
1.01067
1.0107
1.01073
1.01075
1.01076
1.01077
1.01077
1.01077
1.01076
1.01075
1.01074
1.01071
1.01068
1.01065
1.01062
1.0106
1.01054
1.01049
1.01045
1.0104
1.01035
1.01031
1.01026
1.01022
1.01017
1.01013
1.01006
1.01003
1.00999
1.00992
1.00987
1.00985
1.00978
1.00974
1.00969
1.00966
1.00963
1.0096
1.00957
1.00954
1.00951
1.00948
1.00945
1.00943
1.00941
1.0094
1.00938
1.00937
1.00937
1.00934
1.00931
1.00931
1.00931
1.00931
1.00931
1.00931
1.00931
1.00931
1.00931
1.00931
1.00931
1.00931
1.00931
1.00933
1.00934
1.00936
1.00938
1.00939
1.0094
1.00942
1.00944
1.00946
1.00947
1.00949
1.0095
1.00952
1.00953
1.00955
1.00956
1.00958
1.00959
1.00961
1.00963
1.00964
1.00966
1.00967
1.00969
1.00969
1.00969
1.00969
1.00969
1.00969
1.00969
1.00969
1.00969
1.00969
1.00969
1.00969
1.00969
1.00969
1.00969
1.00969
1.00969
1.00969
1.00969
1.00969
1.00969
1.00969
1.00969
1.00969
1.00969
1.00969
1.00969
1.00969
1.00969
1.00969
1.00969
1.00969
1.00969
1.00969
1.00969
1.00969
1.00969
1.00969
1.00969
1.00969
1.00969
1.00969
1.00969
1.00969
1.00969
1.00969
1.00969
1.00969
1.00969
1.00969
1.00969
1.00969
1.00969
1.00969
1.00969
1.00969
1.00969
1.00969
1.00969
1.00969
1.00969
1.00969
1.00969
1.00969
1.00969
1.00969
1.00969
1.00969
1.00969
1.00969
1.00969
1.00969
1.00969
1.00969
1.00969
1.00969
1.00969
1.00969
1.00969
1.00969
1.00969
1.00969
1.00969
1.00969
1.00969
1.00969
1.00969
1.00969
1.00969
1.00969
1.00969
1.00969
1.00969
1.00969
1.00969
1.00969
1.00969
1.00969
1.00969
1.00969
1.00969
1.00969
1.00969
1.00969
1.00969
1.00969
1.00969
1.00969
1.00969
1.00969
1.00969
1.00969
1.00969
1.00969
1.00969
1.00969
1.00969
1.00969
1.00969
1.00969
1.00969
1.00969
1.00969
1.00969
1.00969
1.00969
1.00969
1.00969
1.00969
1.00969
1.00969
1.00969
1.00969
1.00969
1.00969
1.00969
1.00969
1.00969
1.00969
1.00969
1.00969
1.00969
1.00969
1.00969
1.00969
1.00969
1.00969
1.00969
1.00969
1.00969
1.00969
1.00969
1.00969
1.00969
1.00969
1.00969
1.00969
1.00969
1.00969
1.00969
1.00969
1.00969
1.00969
1.00969
1.00969
1.00969
1.00969
1.00969
1.00969
1.00969
1.00969
1.00969
1.00969
1.00969
1.00969
1.00969
1.00969
1.00969
1.00969
1.00969
1.00969
1.00969
1.00969
1.00969
1.00969
1.00969
1.00969
1.00969
1.00969
1.00969
1.00969
1.00969
1.00969
1.00969
1.00969
1.00969
1.00969
1.00969
1.00969
1.00969
1.00969
1.00969
1.00969
1.00969
1.00969
1.00969
1.00969
1.00969
1.00969
1.00969
1.00969
1.00969
1.00969
1.00969
1.00969
1.00969
1.00969
1.00969
1.00969
1.00969
1.00969
1.00969
1.00969
1.00969
1.00969
1.00969
1.00969
1.00969
1.00969
1.00969
1.00969
1.00969
1.00969
1.00969
1.00969
1.00969
1.00969
1.00969
1.00969
1.00969
1.00969
1.00969
1.00969
1.00969
1.00969
1.00969
1.00969
1.00969
1.00969
1.00969
1.00969
1.00969
1.00969
1.00969
1.00969
1.00969
1.00969
1.00969
1.00969
1.00969
1.00969
1.00969
1.00969
1.00969
1.00969
1.00969
1.00969
1.00969
1.00969
1.00969
1.00969
1.00969
1.00969
1.00969
1.00969
1.00969
1.00969
1.00969
1.00969
1.00969
1.00969
1.00969
1.00969
1.00969
1.00969
1.00969
1.00969
1.00969
1.00969
1.00969
1.00969
1.00969
1.00969
1.00969
1.00969
1.00969
1.00969
1.00969
1.00969
1.00969
1.00969
1.00969
1.00969
1.00969
1.00969
1.00969
1.00969
1.00969
1.00969
1.00969
1.00969
1.00969
1.00969
1.00969
1.00969
1.00969
1.00969
1.00969
1.00969
1.00969
1.00969
1.00969
1.00969
1.00969
1.00969
1.00969
1.00969
1.00969
1.00969
1.00969
1.00969
1.00969
1.00969
1.00969
1.00969
1.00969
1.00969
1.00969
1.00969
1.00969
1.00969
1.00969
1.00969
1.00969
1.00969
1.00969
1.00969
1.00969
1.00969
1.00969
1.00969
1.00969
1.00969
1.00969
1.00969
1.00969
1.00969
1.00969
1.00969
1.00969
1.00969
1.00969
1.00969
1.00969
1.00969
1.00969
1.00969
1.00969
1.00969
1.00969
1.00969
1.00969
1.00969
1.00969
1.00969
1.00969
1.00969
1.00969
1.00969
1.00969
1.00969
1.00969
1.00969
1.00969
1.00969
1.00969
1.00969
1.00969
1.00969
1.00969
1.00969
1.00969
1.00969
1.00969
1.00969
1.00969
1.00969
1.00969
1.00969
1.00969
1.00969
1.00969
1.00969
1.00969
1.00969
1.00969
1.00969
1.00969
1.00969
1.00969
1.00969
1.00969
1.00969
1.00969
1.00969
1.00969
1.00969
1.00969
1.00969
1.00969
1.00969
1.00969
1.00969
1.00969
1.00969
1.00969
1.00969
1.00969
1.00969
1.00969
1.00969
1.00969
1.00969
1.00969
1.00969
1.00969
1.00969
1.00969
1.00969
1.00969
1.00969
1.00969
1.00969
1.00969
1.00969
1.00969
1.00969
1.00969
1.00969
1.00969
1.00969
1.00969
1.00969
1.00969
1.00969
1.00969
1.00969
1.00969
1.00969
1.00969
1.00969
1.00969
1.00969
1.00969
1.00969
1.00969
1.00969
1.00969
1.00969
1.00969
1.00969
1.00969
1.00969
1.00969
1.00969
1.00969
1.00969
1.00969
1.00969
1.00969
1.00969
1.00969
1.00969
1.00969
1.00969
1.00969
1.00969
1.00969
1.00969
1.00969
1.00969
1.00969
1.00969
1.00969
1.00969
1.00969
1.00969
1.00969
1.00969
1.00969
1.00969
1.00969
1.00969
1.00969
1.00969
1.00969
1.00969
1.00969
1.00969
1.00969
1.00969
1.00969
1.00969
1.00969
1.00969
1.00969
1.00969
1.00969
1.00969
1.00969
1.00969
1.00969
1.00969
1.00969
1.00969
1.00969
1.00969
1.00969
1.00969
1.00969
1.00969
1.00969
1.00969
1.00969
1.00969
1.00969
1.00969
1.00969
1.00969
1.00969
1.00969
1.00969
1.00969
1.00969
1.00969
1.00969
1.00969
1.00969
1.00969
1.00969
1.00969
1.00969
1.00969
1.00969
1.00969
1.00969
1.00969
1.00969
1.00969
1.00969
1.00969
1.00969
1.00969
1.00969
1.00969
1.00969
1.00969
1.00969
1.00969
1.00969
1.00969
1.00969
1.00969
1.00969
1.00969
1.00969
1.00969
1.00969
1.00969
1.00969
1.00969
1.00969
1.00969
1.00969
1.00969
1.00969
1.00969
1.00969
1.00969
1.00969
1.00969
1.00969
1.00969
1.00969
1.00969
1.00969
1.00969
1.00969
1.00969
1.00969
1.00969
1.00969
1.00969
1.00969
1.00969
1.00969
1.00969
1.00969
1.00969
1.00969
1.00969
1.00969
1.00969
1.00969
1.00969
1.00969
1.00969
1.00969
1.00969
1.00969
1.00969
1.00969
1.00969
1.00969
1.00969
1.00969
1.00969
1.00969
1.00969
1.00969
1.00969
1.00969
1.00969
1.00969
1.00969
1.00969
1.00969
1.00969
1.00969
1.00969
1.00969
1.00969
1.00969
1.00969
1.00969
1.00969
1.00969
1.00969
1.00969
1.00969
1.00969
1.00969
1.00969
1.00969
1.00969
1.00969
1.00969
1.00969
1.00969
