0
0
0
0
3.62396e-05
0.000310421
0.0011425
0.0028553
0.00570726
0.00977755
0.0149999
0.0212779
0.0285239
0.0366631
0.0456228
0.0553355
0.0657349
0.0767608
0.088356
0.100467
0.113041
0.126033
0.146201
0.153085
0.167063
0.181291
0.195734
0.217724
0.232555
0.247493
0.262511
0.270041
0.292681
0.300232
0.322865
0.337912
0.352907
0.367835
0.382679
0.404758
0.41933
0.43377
0.448068
0.462209
0.476181
0.489975
0.503581
0.516995
0.530214
0.543238
0.55606
0.574916
0.5811
0.593312
0.605315
0.617104
0.634385
0.640035
0.656662
0.667475
0.672799
0.688444
0.698598
0.703594
0.713419
0.72775
0.737034
0.746103
0.754962
0.763616
0.772062
0.780303
0.78834
0.796175
0.803813
0.811256
0.818508
0.825571
0.832448
0.839143
0.84566
0.852
0.861187
0.864166
0.869998
0.875667
0.883871
0.889145
0.894267
0.89924
0.901673
0.906429
0.913297
0.917703
0.921974
0.926115
0.930129
0.934016
0.937781
0.941424
0.944952
0.948367
0.951674
0.954876
0.957974
0.960971
0.965282
0.966672
0.970701
0.971999
0.975759
0.978157
0.980471
0.982704
0.984858
0.986934
0.988935
0.990862
0.992718
0.994505
0.996226
0.997881
0.999473
1.001
1.00248
1.00389
1.00525
1.00655
1.00781
1.00901
1.01017
1.01127
1.01234
1.01335
1.01433
1.01526
1.01659
1.01701
1.01823
1.01862
1.01973
1.02043
1.0211
1.02174
1.02235
1.02293
1.02348
1.02401
1.02451
1.02499
1.02545
1.02589
1.0263
1.02669
1.02707
1.02742
1.02776
1.02808
1.02838
1.02867
1.02894
1.0292
1.02944
1.02967
1.02989
1.03009
1.03028
1.03047
1.03064
1.03087
1.03102
1.03115
1.03128
1.03134
1.03151
1.03161
1.03171
1.0318
1.03188
1.03195
1.03202
1.03209
1.03214
1.0322
1.03225
1.03231
1.03235
1.03238
1.03241
1.03243
1.03246
1.03248
1.0325
1.03251
1.03252
1.03253
1.03253
1.03253
1.03253
1.03253
1.03253
1.03253
1.03252
1.03251
1.0325
1.03249
1.03247
1.03246
1.03245
1.03243
1.03242
1.0324
1.03239
1.03237
1.03235
1.03234
1.03232
1.0323
1.03228
1.03225
1.03223
1.03222
1.03219
1.03217
1.03215
1.03214
1.03212
1.0321
1.03208
1.03206
1.03204
1.03202
1.032
1.03198
1.03196
1.03194
1.03193
1.03191
1.03189
1.03187
1.03185
1.03184
1.03182
1.03181
1.03179
1.03178
1.03176
1.03174
1.03172
1.03172
1.03169
1.03168
1.03166
1.03165
1.03164
1.03163
1.03162
1.03161
1.0316
1.03158
1.03157
1.03156
1.03155
1.03154
1.03153
1.03152
1.03151
1.0315
1.03149
1.03148
1.03148
1.03147
1.03146
1.03145
1.03145
1.03144
1.03143
1.03142
1.03141
1.03141
1.0314
1.03139
1.03138
1.03138
1.03137
1.03137
1.03137
1.03136
1.03136
1.03135
1.03135
1.03134
1.03134
1.03134
1.03133
1.03133
1.03133
1.03132
1.03132
1.03131
1.03131
1.03131
1.0313
1.0313
1.03129
1.03129
1.03129
1.03128
1.03128
1.03128
1.03127
1.03127
1.03127
1.03127
1.03127
1.03127
1.03127
1.03127
1.03127
1.03127
1.03127
1.03127
1.03127
1.03127
1.03127
1.03127
1.03127
1.03127
1.03127
1.03127
1.03127
1.03127
1.03127
1.03127
1.03127
1.03127
1.03127
1.03127
1.03127
1.03127
1.03127
1.03127
1.03127
1.03127
1.03127
1.03127
1.03127
1.03127
1.03127
1.03127
1.03127
1.03127
1.03127
1.03127
1.03127
1.03127
1.03127
1.03127
1.03127
1.03127
1.03127
1.03127
1.03127
1.03127
1.03127
1.03127
1.03127
1.03127
1.03127
1.03127
1.03127
1.03127
1.03127
1.03127
1.03127
1.03127
1.03127
1.03127
1.03127
1.03127
1.03127
1.03127
1.03127
1.03127
1.03127
1.03127
1.03127
1.03127
1.03127
1.03127
1.03127
1.03127
1.03127
1.03127
1.03127
1.03127
1.03127
1.03127
1.03127
1.03127
1.03127
1.03127
1.03127
1.03127
1.03127
1.03127
1.03127
1.03127
1.03127
1.03127
1.03127
1.03127
1.03127
1.03127
1.03127
1.03127
1.03127
1.03127
1.03127
1.03127
1.03127
1.03127
1.03127
1.03127
1.03127
1.03127
1.03127
1.03127
1.03127
1.03127
1.03127
1.03127
1.03127
1.03127
1.03127
1.03127
1.03127
1.03127
1.03127
1.03127
1.03127
1.03127
1.03127
1.03127
1.03127
1.03127
1.03127
1.03127
1.03127
1.03127
1.03127
1.03127
1.03127
1.03127
1.03127
1.03127
1.03127
1.03127
1.03127
1.03127
1.03127
1.03127
1.03127
1.03127
1.03127
1.03127
1.03127
1.03127
1.03127
1.03127
1.03127
1.03127
1.03127
1.03127
1.03127
1.03127
1.03127
1.03127
1.03127
1.03127
1.03127
1.03127
1.03127
1.03127
1.03127
1.03127
1.03127
1.03127
1.03127
1.03127
1.03127
1.03127
1.03127
1.03127
1.03127
1.03127
1.03127
1.03127
1.03127
1.03127
1.03127
1.03127
1.03127
1.03127
1.03127
1.03127
1.03127
1.03127
1.03127
1.03127
1.03127
1.03127
1.03127
1.03127
1.03127
1.03127
1.03127
1.03127
1.03127
1.03127
1.03127
1.03127
1.03127
1.03127
1.03127
1.03127
1.03127
1.03127
1.03127
1.03127
1.03127
1.03127
1.03127
1.03127
1.03127
1.03127
1.03127
1.03127
1.03127
1.03127
1.03127
1.03127
1.03127
1.03127
1.03127
1.03127
1.03127
1.03127
1.03127
1.03127
1.03127
1.03127
1.03127
1.03127
1.03127
1.03127
1.03127
1.03127
1.03127
1.03127
1.03127
1.03127
1.03127
1.03127
1.03127
1.03127
1.03127
1.03127
1.03127
1.03127
1.03127
1.03127
1.03127
1.03127
1.03127
1.03127
1.03127
1.03127
1.03127
1.03127
1.03127
1.03127
1.03127
1.03127
1.03127
1.03127
1.03127
1.03127
1.03127
1.03127
1.03127
1.03127
1.03127
1.03127
1.03127
1.03127
1.03127
1.03127
1.03127
1.03127
1.03127
1.03127
1.03127
1.03127
1.03127
1.03127
1.03127
1.03127
1.03127
1.03127
1.03127
1.03127
1.03127
1.03127
1.03127
1.03127
1.03127
1.03127
1.03127
1.03127
1.03127
1.03127
1.03127
1.03127
1.03127
1.03127
1.03127
1.03127
1.03127
1.03127
1.03127
1.03127
1.03127
1.03127
1.03127
1.03127
1.03127
1.03127
1.03127
1.03127
1.03127
1.03127
1.03127
1.03127
1.03127
1.03127
1.03127
1.03127
1.03127
1.03127
1.03127
1.03127
1.03127
1.03127
1.03127
1.03127
1.03127
1.03127
1.03127
1.03127
1.03127
1.03127
1.03127
1.03127
1.03127
1.03127
1.03127
1.03127
1.03127
1.03127
1.03127
1.03127
1.03127
1.03127
1.03127
1.03127
1.03127
1.03127
1.03127
1.03127
1.03127
1.03127
1.03127
1.03127
1.03127
1.03127
1.03127
1.03127
1.03127
1.03127
1.03127
1.03127
1.03127
1.03127
1.03127
1.03127
1.03127
1.03127
1.03127
1.03127
1.03127
1.03127
1.03127
1.03127
1.03127
1.03127
1.03127
1.03127
1.03127
1.03127
1.03127
1.03127
1.03127
1.03127
1.03127
1.03127
1.03127
1.03127
1.03127
1.03127
1.03127
1.03127
1.03127
1.03127
1.03127
1.03127
1.03127
1.03127
1.03127
1.03127
1.03127
1.03127
1.03127
1.03127
1.03127
1.03127
1.03127
1.03127
1.03127
1.03127
1.03127
1.03127
1.03127
1.03127
1.03127
1.03127
1.03127
1.03127
1.03127
1.03127
1.03127
1.03127
1.03127
1.03127
1.03127
1.03127
1.03127
1.03127
1.03127
1.03127
1.03127
1.03127
1.03127
1.03127
1.03127
1.03127
1.03127
1.03127
1.03127
1.03127
1.03127
1.03127
1.03127
1.03127
1.03127
1.03127
1.03127
1.03127
1.03127
1.03127
1.03127
1.03127
1.03127
1.03127
1.03127
1.03127
1.03127
1.03127
1.03127
1.03127
1.03127
1.03127
1.03127
1.03127
1.03127
1.03127
1.03127
1.03127
1.03127
1.03127
1.03127
1.03127
1.03127
1.03127
1.03127
1.03127
1.03127
1.03127
1.03127
1.03127
1.03127
1.03127
1.03127
1.03127
1.03127
1.03127
1.03127
1.03127
1.03127
1.03127
1.03127
1.03127
1.03127
1.03127
1.03127
1.03127
1.03127
1.03127
1.03127
1.03127
1.03127
1.03127
1.03127
1.03127
1.03127
1.03127
1.03127
1.03127
1.03127
1.03127
1.03127
1.03127
1.03127
1.03127
1.03127
1.03127
1.03127
1.03127
1.03127
1.03127
1.03127
1.03127
1.03127
1.03127
1.03127
1.03127
1.03127
1.03127
1.03127
1.03127
1.03127
1.03127
1.03127
1.03127
1.03127
1.03127
1.03127
1.03127
1.03127
1.03127
1.03127
1.03127
1.03127
1.03127
1.03127
1.03127
1.03127
1.03127
1.03127
1.03127
1.03127
1.03127
1.03127
1.03127
1.03127
1.03127
1.03127
1.03127
1.03127
1.03127
1.03127
1.03127
1.03127
1.03127
1.03127
1.03127
1.03127
1.03127
1.03127
1.03127
1.03127
1.03127
1.03127
1.03127
1.03127
1.03127
1.03127
1.03127
1.03127
1.03127
1.03127
1.03127
1.03127
1.03127
1.03127
1.03127
1.03127
1.03127
1.03127
1.03127
1.03127
1.03127
1.03127
1.03127
1.03127
1.03127
1.03127
1.03127
1.03127
1.03127
1.03127
1.03127
1.03127
1.03127
1.03127
1.03127
1.03127
1.03127
1.03127
1.03127
1.03127
1.03127
1.03127
1.03127
1.03127
1.03127
1.03127
1.03127
1.03127
1.03127
1.03127
1.03127
1.03127
1.03127
1.03127
1.03127
1.03127
1.03127
1.03127
1.03127
1.03127
1.03127
1.03127
1.03127
1.03127
1.03127
1.03127
1.03127
1.03127
1.03127
1.03127
1.03127
1.03127
1.03127
1.03127
1.03127
1.03127
1.03127
1.03127
1.03127
1.03127
1.03127
1.03127
1.03127
1.03127
1.03127
1.03127
1.03127
1.03127
1.03127
1.03127
1.03127
1.03127
1.03127
1.03127
1.03127
1.03127
1.03127
1.03127
1.03127
