0
0
0
0
0
3.43323e-05
0.000307083
0.0011425
0.0028553
0.00573158
0.0127888
0.0159912
0.0285473
0.0396233
0.0530491
0.0688324
0.0868378
0.106873
0.128744
0.16461
0.19031
0.203638
0.245283
0.259653
0.303915
0.33419
0.364937
0.380444
0.427324
0.458719
0.490088
0.521336
0.552382
0.583117
0.613436
0.643261
0.672518
0.701149
0.729095
0.756302
0.782743
0.80842
0.833261
0.857203
0.88022
0.902311
0.923496
0.943743
0.963064
0.981457
0.998915
1.01544
1.03102
1.04567
1.05938
1.07217
1.08405
1.09502
1.10512
1.11434
1.12271
1.13026
1.137
1.14297
1.14817
1.15264
1.15641
1.1595
1.16195
1.16447
1.16502
1.1657
1.16586
1.16552
1.16413
1.16346
1.16083
1.15977
1.15607
1.15322
1.15009
1.14671
1.1431
1.1393
1.13533
1.1312
1.12695
1.12259
1.1159
1.11363
1.10676
1.10215
1.09983
1.0929
1.0883
1.08374
1.07922
1.07476
1.07035
1.06601
1.06175
1.05758
1.0535
1.04953
1.04567
1.04192
1.0383
1.0348
1.0298
1.02821
1.02511
1.02216
1.01934
1.01539
1.01414
1.01176
1.00952
1.00742
1.00453
1.00278
1.00117
0.999685
0.998335
0.997107
0.996014
0.995045
0.994184
0.993444
0.992813
0.992289
0.991863
0.991409
0.991219
0.991116
0.991093
0.991146
0.991272
0.991463
0.991718
0.992031
0.992399
0.992815
0.993275
0.993776
0.994316
0.994888
0.995491
0.996122
0.996773
0.997442
0.998129
0.998831
0.999542
1.00062
1.00134
1.00205
1.00277
1.00349
1.00419
1.00524
1.00558
1.00659
1.00724
1.00788
1.0085
1.00909
1.00967
1.01023
1.01077
1.01129
1.01178
1.01226
1.01271
1.01314
1.01355
1.01393
1.01446
1.01479
1.01509
1.01537
1.01562
1.01586
1.01608
1.01627
1.01644
1.01659
1.01672
1.01683
1.01697
1.017
1.01706
1.01712
1.01713
1.01714
1.01713
1.01711
1.01708
1.01703
1.01698
1.01691
1.01684
1.01676
1.01666
1.01657
1.01646
1.01636
1.01625
1.01612
1.01606
1.01588
1.01576
1.01556
1.01542
1.01535
1.01515
1.01501
1.01487
1.0148
1.0146
1.01447
1.01435
1.01423
1.01417
1.01399
1.01386
1.01376
1.01365
1.01354
1.01344
1.01334
1.01325
1.01316
1.01307
1.01299
1.01291
1.01284
1.01277
1.01271
1.01262
1.01256
1.01251
1.01249
1.01242
1.01238
1.01235
1.01232
1.01229
1.01225
1.01224
1.01222
1.01221
1.01219
1.01218
1.01218
1.01218
1.01218
1.01218
1.01218
1.01218
1.01218
1.01219
1.01221
1.01222
1.01224
1.01225
1.01227
1.01229
1.0123
1.01232
1.01233
1.01235
1.01237
1.01238
1.01239
1.01241
1.01243
1.01245
1.01246
1.01248
1.01249
1.01251
1.01252
1.01254
1.01256
1.01257
1.01259
1.01261
1.01262
1.01264
1.01265
1.01267
1.01268
1.0127
1.01272
1.01274
1.01275
1.01277
1.01278
1.0128
1.01282
1.01283
1.01285
1.01287
1.01288
1.0129
1.01291
1.01292
1.01292
1.01292
1.01292
1.01292
1.01292
1.01292
1.01292
1.01292
1.01292
1.01292
1.01292
1.01292
1.01292
1.01292
1.01292
1.01292
1.01292
1.01292
1.01292
1.01292
1.01292
1.01292
1.01292
1.01292
1.01292
1.01292
1.01292
1.01292
1.01292
1.01292
1.01292
1.01292
1.01292
1.01292
1.01292
1.01292
1.01292
1.01292
1.01292
1.01292
1.01292
1.01292
1.01292
1.01292
1.01292
1.01292
1.01292
1.01292
1.01292
1.01292
1.01292
1.01292
1.01292
1.01292
1.01292
1.01292
1.01292
1.01292
1.01292
1.01292
1.01292
1.01292
1.01292
1.01292
1.01292
1.01292
1.01292
1.01292
1.01292
1.01292
1.01292
1.01292
1.01292
1.01292
1.01292
1.01292
1.01292
1.01292
1.01292
1.01292
1.01292
1.01292
1.01292
1.01292
1.01292
1.01292
1.01292
1.01292
1.01292
1.01292
1.01292
1.01292
1.01292
1.01292
1.01292
1.01292
1.01292
1.01292
1.01292
1.01292
1.01292
1.01292
1.01292
1.01292
1.01292
1.01292
1.01292
1.01292
1.01292
1.01292
1.01292
1.01292
1.01292
1.01292
1.01292
1.01292
1.01292
1.01292
1.01292
1.01292
1.01292
1.01292
1.01292
1.01292
1.01292
1.01292
1.01292
1.01292
1.01292
1.01292
1.01292
1.01292
1.01292
1.01292
1.01292
1.01292
1.01292
1.01292
1.01292
1.01292
1.01292
1.01292
1.01292
1.01292
1.01292
1.01292
1.01292
1.01292
1.01292
1.01292
1.01292
1.01292
1.01292
1.01292
1.01292
1.01292
1.01292
1.01292
1.01292
1.01292
1.01292
1.01292
1.01292
1.01292
1.01292
1.01292
1.01292
1.01292
1.01292
1.01292
1.01292
1.01292
1.01292
1.01292
1.01292
1.01292
1.01292
1.01292
1.01292
1.01292
1.01292
1.01292
1.01292
1.01292
1.01292
1.01292
1.01292
1.01292
1.01292
1.01292
1.01292
1.01292
1.01292
1.01292
1.01292
1.01292
1.01292
1.01292
1.01292
1.01292
1.01292
1.01292
1.01292
1.01292
1.01292
1.01292
1.01292
1.01292
1.01292
1.01292
1.01292
1.01292
1.01292
1.01292
1.01292
1.01292
1.01292
1.01292
1.01292
1.01292
1.01292
1.01292
1.01292
1.01292
1.01292
1.01292
1.01292
1.01292
1.01292
1.01292
1.01292
1.01292
1.01292
1.01292
1.01292
1.01292
1.01292
1.01292
1.01292
1.01292
1.01292
1.01292
1.01292
1.01292
1.01292
1.01292
1.01292
1.01292
1.01292
1.01292
1.01292
1.01292
1.01292
1.01292
1.01292
1.01292
1.01292
1.01292
1.01292
1.01292
1.01292
1.01292
1.01292
1.01292
1.01292
1.01292
1.01292
1.01292
1.01292
1.01292
1.01292
1.01292
1.01292
1.01292
1.01292
1.01292
1.01292
1.01292
1.01292
1.01292
1.01292
1.01292
1.01292
1.01292
1.01292
1.01292
1.01292
1.01292
1.01292
1.01292
1.01292
1.01292
1.01292
1.01292
1.01292
1.01292
1.01292
1.01292
1.01292
1.01292
1.01292
1.01292
1.01292
1.01292
1.01292
1.01292
1.01292
1.01292
1.01292
1.01292
1.01292
1.01292
1.01292
1.01292
1.01292
1.01292
1.01292
1.01292
1.01292
1.01292
1.01292
1.01292
1.01292
1.01292
1.01292
1.01292
1.01292
1.01292
1.01292
1.01292
1.01292
1.01292
1.01292
1.01292
1.01292
1.01292
1.01292
1.01292
1.01292
1.01292
1.01292
1.01292
1.01292
1.01292
1.01292
1.01292
1.01292
1.01292
1.01292
1.01292
1.01292
1.01292
1.01292
1.01292
1.01292
1.01292
1.01292
1.01292
1.01292
1.01292
1.01292
1.01292
1.01292
1.01292
1.01292
1.01292
1.01292
1.01292
1.01292
1.01292
1.01292
1.01292
1.01292
1.01292
1.01292
1.01292
1.01292
1.01292
1.01292
1.01292
1.01292
1.01292
1.01292
1.01292
1.01292
1.01292
1.01292
1.01292
1.01292
1.01292
1.01292
1.01292
1.01292
1.01292
1.01292
1.01292
1.01292
1.01292
1.01292
1.01292
1.01292
1.01292
1.01292
1.01292
1.01292
1.01292
1.01292
1.01292
1.01292
1.01292
1.01292
1.01292
1.01292
1.01292
1.01292
1.01292
1.01292
1.01292
1.01292
1.01292
1.01292
1.01292
1.01292
1.01292
1.01292
1.01292
1.01292
1.01292
1.01292
1.01292
1.01292
1.01292
1.01292
1.01292
1.01292
1.01292
1.01292
1.01292
1.01292
1.01292
1.01292
1.01292
1.01292
1.01292
1.01292
1.01292
1.01292
1.01292
1.01292
1.01292
1.01292
1.01292
1.01292
1.01292
1.01292
1.01292
1.01292
1.01292
1.01292
1.01292
1.01292
1.01292
1.01292
1.01292
1.01292
1.01292
1.01292
1.01292
1.01292
1.01292
1.01292
1.01292
1.01292
1.01292
1.01292
1.01292
1.01292
1.01292
1.01292
1.01292
1.01292
1.01292
1.01292
1.01292
1.01292
1.01292
1.01292
1.01292
1.01292
1.01292
1.01292
1.01292
1.01292
1.01292
1.01292
1.01292
1.01292
1.01292
1.01292
1.01292
1.01292
1.01292
1.01292
1.01292
1.01292
1.01292
1.01292
1.01292
1.01292
1.01292
1.01292
1.01292
1.01292
1.01292
1.01292
1.01292
1.01292
1.01292
1.01292
1.01292
1.01292
1.01292
1.01292
1.01292
1.01292
1.01292
1.01292
1.01292
1.01292
1.01292
1.01292
1.01292
1.01292
1.01292
1.01292
1.01292
1.01292
1.01292
1.01292
1.01292
1.01292
1.01292
1.01292
1.01292
1.01292
1.01292
1.01292
1.01292
1.01292
1.01292
1.01292
1.01292
1.01292
1.01292
1.01292
1.01292
1.01292
1.01292
1.01292
1.01292
1.01292
1.01292
1.01292
1.01292
1.01292
1.01292
1.01292
1.01292
1.01292
1.01292
1.01292
1.01292
1.01292
1.01292
1.01292
1.01292
1.01292
1.01292
1.01292
1.01292
1.01292
1.01292
1.01292
1.01292
1.01292
1.01292
1.01292
1.01292
1.01292
1.01292
1.01292
1.01292
1.01292
1.01292
1.01292
1.01292
1.01292
1.01292
1.01292
1.01292
1.01292
1.01292
1.01292
1.01292
1.01292
1.01292
1.01292
1.01292
1.01292
1.01292
1.01292
1.01292
1.01292
1.01292
1.01292
1.01292
1.01292
1.01292
1.01292
1.01292
1.01292
1.01292
1.01292
1.01292
1.01292
1.01292
1.01292
1.01292
1.01292
1.01292
1.01292
1.01292
1.01292
1.01292
1.01292
1.01292
1.01292
1.01292
1.01292
1.01292
1.01292
1.01292
1.01292
1.01292
1.01292
1.01292
1.01292
1.01292
1.01292
1.01292
1.01292
1.01292
1.01292
1.01292
1.01292
1.01292
1.01292
1.01292
1.01292
1.01292
1.01292
1.01292
1.01292
1.01292
1.01292
1.01292
1.01292
1.01292
1.01292
1.01292
1.01292
1.01292
1.01292
1.01292
1.01292
1.01292
1.01292
1.01292
1.01292
1.01292
1.01292
1.01292
1.01292
1.01292
1.01292
1.01292
1.01292
1.01292
1.01292
1.01292
1.01292
1.01292
1.01292
