0
0
0
0
0
3.43323e-05
0.000305176
0.00113297
0.00284958
0.00572586
0.0100212
0.0159798
0.0285301
0.0337791
0.0460129
0.0606613
0.0777206
0.107861
0.119118
0.156502
0.184441
0.199314
0.24754
0.264816
0.320251
0.36021
0.402557
0.447289
0.494255
0.543159
0.593613
0.645214
0.697552
0.750217
0.802803
0.854897
0.906113
0.956139
1.0047
1.05156
1.09649
1.13934
1.18009
1.21873
1.25528
1.28973
1.33751
1.36676
1.39393
1.41904
1.44209
1.46307
1.48199
1.49886
1.51367
1.52644
1.53715
1.54581
1.55243
1.557
1.55954
1.56003
1.55848
1.5549
1.54928
1.54162
1.52633
1.5136
1.49883
1.49069
1.46323
1.44239
1.41954
1.39474
1.36815
1.34
1.31059
1.28022
1.24914
1.21761
1.18589
1.1542
1.12276
1.09177
1.06143
1.03193
1.00345
0.976131
0.950119
0.913811
0.902489
0.871021
0.85223
0.843517
0.827499
0.807068
0.795891
0.786674
0.779381
0.773975
0.770439
0.768738
0.768803
0.77055
0.773899
0.778751
0.785019
0.792595
0.801388
0.811287
0.822193
0.833981
0.846535
0.859745
0.873493
0.887665
0.902145
0.916828
0.931602
0.946365
0.968273
0.97546
0.98959
1.00331
1.01656
1.03534
1.04702
1.05799
1.0682
1.073
1.08613
1.09376
1.10046
1.10622
1.11106
1.11498
1.11797
1.12006
1.12125
1.12159
1.12056
1.1189
1.11652
1.11346
1.10978
1.10552
1.10074
1.09551
1.08988
1.0839
1.07761
1.07108
1.06435
1.0575
1.05056
1.04357
1.0366
1.02969
1.02288
1.01295
1.00974
1.00042
0.994553
0.988983
0.983753
0.978886
0.9744
0.970318
0.966656
0.963421
0.960621
0.958256
0.956322
0.954819
0.953732
0.953064
0.952793
0.953106
0.95377
0.954777
0.955402
0.957729
0.958649
0.961784
0.964157
0.966728
0.969475
0.972366
0.975376
0.978474
0.981644
0.984867
0.988129
0.991394
0.994629
0.996239
1.001
1.00408
1.00707
1.00996
1.01272
1.01535
1.01783
1.02015
1.02229
1.02424
1.026
1.02756
1.02892
1.03007
1.03102
1.03177
1.03231
1.03276
1.03281
1.03278
1.03241
1.0322
1.03133
1.03057
1.03014
1.02865
1.02751
1.02627
1.02494
1.02353
1.02206
1.01976
1.01818
1.01739
1.01497
1.01336
1.01177
1.0102
1.00868
1.00793
1.00577
1.00441
1.00311
1.00189
1.00074
0.99968
0.998699
0.997799
0.99699
0.996269
0.99564
0.995102
0.994659
0.994308
0.994049
0.993881
0.993797
0.993835
0.993889
0.994053
0.994293
0.994602
0.995186
0.995411
0.996174
0.996452
0.997353
0.998001
0.998676
0.999378
1.0001
1.00084
1.0012
1.0023
1.00303
1.00377
1.00449
1.00519
1.00587
1.00684
1.00715
1.00803
1.00858
1.00908
1.00954
1.00996
1.01034
1.01068
1.01097
1.01122
1.01143
1.01159
1.0117
1.01178
1.01181
1.0118
1.01175
1.01167
1.01155
1.0113
1.01121
1.01099
1.01075
1.01035
1.01004
1.00989
1.0094
1.00906
1.00872
1.00835
1.00798
1.0078
1.00725
1.00689
1.00655
1.00621
1.00587
1.00556
1.00526
1.00497
1.0047
1.00446
1.00422
1.00401
1.00373
1.00358
1.00344
1.00338
1.00323
1.00316
1.00311
1.00308
1.00308
1.00309
1.00312
1.00317
1.00323
1.00332
1.00341
1.00353
1.00365
1.00377
1.00393
1.00408
1.00423
1.00438
1.00455
1.00473
1.00491
1.00519
1.00528
1.00546
1.00563
1.00579
1.00594
1.00617
1.00632
1.00645
1.00657
1.00669
1.0068
1.00689
1.00698
1.00706
1.00712
1.00718
1.00724
1.00727
1.00729
1.00729
1.00729
1.00728
1.00725
1.00722
1.00719
1.00714
1.00708
1.00702
1.00696
1.0069
1.00684
1.0067
1.00666
1.00652
1.00647
1.00638
1.00624
1.0062
1.00606
1.00597
1.00588
1.00579
1.00572
1.00566
1.0056
1.00554
1.00548
1.00542
1.00536
1.00533
1.0053
1.00527
1.00524
1.00521
1.00519
1.00519
1.00519
1.00519
1.00519
1.00519
1.00521
1.00524
1.00527
1.0053
1.00533
1.00535
1.00539
1.00542
1.00546
1.00547
1.00552
1.00555
1.00558
1.00561
1.00564
1.00567
1.0057
1.00573
1.00576
1.00579
1.00582
1.00585
1.00588
1.00591
1.00594
1.00597
1.006
1.00605
1.00608
1.00611
1.00614
1.00617
1.00619
1.00619
1.00619
1.00619
1.00619
1.00619
1.00619
1.00619
1.00619
1.00619
1.00619
1.00619
1.00619
1.00619
1.00619
1.00617
1.00615
1.00612
1.00609
1.00605
1.00602
1.006
1.00595
1.00592
1.00589
1.00586
1.00583
1.0058
1.00577
1.00574
1.00573
1.00573
1.00573
1.00573
1.00573
1.00573
1.00573
1.00573
1.00573
1.00573
1.00573
1.00573
1.00573
1.00573
1.00573
1.00573
1.00573
1.00573
1.00573
1.00573
1.00573
1.00573
1.00573
1.00573
1.00573
1.00573
1.00573
1.00573
1.00573
1.00573
1.00573
1.00573
1.00573
1.00573
1.00573
1.00573
1.00573
1.00573
1.00573
1.00573
1.00573
1.00573
1.00573
1.00573
1.00573
1.00573
1.00573
1.00573
1.00573
1.00573
1.00573
1.00573
1.00573
1.00573
1.00573
1.00573
1.00573
1.00573
1.00573
1.00573
1.00573
1.00576
1.00579
1.00582
1.00585
1.00587
1.00587
1.00587
1.00587
1.00587
1.00587
1.00587
1.00587
1.00587
1.00587
1.00587
1.00587
1.00587
1.00587
1.00587
1.00587
1.00587
1.00587
1.00587
1.00587
1.00587
1.00587
1.00587
1.00587
1.00587
1.00587
1.00587
1.00587
1.00587
1.00587
1.00587
1.00587
1.00587
1.00587
1.00587
1.00587
1.00587
1.00587
1.00587
1.00587
1.00587
1.00587
1.00587
1.00587
1.00587
1.00587
1.00587
1.00587
1.00587
1.00587
1.00587
1.00587
1.00587
1.00587
1.00587
1.00587
1.00587
1.00587
1.00587
1.00587
1.00587
1.00587
1.00587
1.00587
1.00587
1.00587
1.00587
1.00587
1.00587
1.00587
1.00587
1.00587
1.00587
1.00587
1.00587
1.00587
1.00587
1.00587
1.00587
1.00587
1.00587
1.00587
1.00587
1.00587
1.00587
1.00587
1.00587
1.00587
1.00587
1.00587
1.00587
1.00587
1.00587
1.00587
1.00587
1.00587
1.00587
1.00587
1.00587
1.00587
1.00587
1.00587
1.00587
1.00587
1.00587
1.00587
1.00587
1.00587
1.00587
1.00587
1.00587
1.00587
1.00587
1.00587
1.00587
1.00587
1.00587
1.00587
1.00587
1.00587
1.00587
1.00587
1.00587
1.00587
1.00587
1.00587
1.00587
1.00587
1.00587
1.00587
1.00587
1.00587
1.00587
1.00587
1.00587
1.00587
1.00587
1.00587
1.00587
1.00587
1.00587
1.00587
1.00587
1.00587
1.00587
1.00587
1.00587
1.00587
1.00587
1.00587
1.00587
1.00587
1.00587
1.00587
1.00587
1.00587
1.00587
1.00587
1.00587
1.00587
1.00587
1.00587
1.00587
1.00587
1.00587
1.00587
1.00587
1.00587
1.00587
1.00587
1.00587
1.00587
1.00587
1.00587
1.00587
1.00587
1.00587
1.00587
1.00587
1.00587
1.00587
1.00587
1.00587
1.00587
1.00587
1.00587
1.00587
1.00587
1.00587
1.00587
1.00587
1.00587
1.00587
1.00587
1.00587
1.00587
1.00587
1.00587
1.00587
1.00587
1.00587
1.00587
1.00587
1.00587
1.00587
1.00587
1.00587
1.00587
1.00587
1.00587
1.00587
1.00587
1.00587
1.00587
1.00587
1.00587
1.00587
1.00587
1.00587
1.00587
1.00587
1.00587
1.00587
1.00587
1.00587
1.00587
1.00587
1.00587
1.00587
1.00587
1.00587
1.00587
1.00587
1.00587
1.00587
1.00587
1.00587
1.00587
1.00587
1.00587
1.00587
1.00587
1.00587
1.00587
1.00587
1.00587
1.00587
1.00587
1.00587
1.00587
1.00587
1.00587
1.00587
1.00587
1.00587
1.00587
1.00587
1.00587
1.00587
1.00587
1.00587
1.00587
1.00587
1.00587
1.00587
1.00587
1.00587
1.00587
1.00587
1.00587
1.00587
1.00587
1.00587
1.00587
1.00587
1.00587
1.00587
1.00587
1.00587
1.00587
1.00587
1.00587
1.00587
1.00587
1.00587
1.00587
1.00587
1.00587
1.00587
1.00587
1.00587
1.00587
1.00587
1.00587
1.00587
1.00587
1.00587
1.00587
1.00587
1.00587
1.00587
1.00587
1.00587
1.00587
1.00587
1.00587
1.00587
1.00587
1.00587
1.00587
1.00587
1.00587
1.00587
1.00587
1.00587
1.00587
1.00587
1.00587
1.00587
1.00587
1.00587
1.00587
1.00587
1.00587
1.00587
1.00587
1.00587
1.00587
1.00587
1.00587
1.00587
1.00587
1.00587
1.00587
1.00587
1.00587
1.00587
1.00587
1.00587
1.00587
1.00587
1.00587
1.00587
1.00587
1.00587
1.00587
1.00587
1.00587
1.00587
1.00587
1.00587
1.00587
1.00587
1.00587
1.00587
1.00587
1.00587
1.00587
1.00587
1.00587
1.00587
1.00587
1.00587
1.00587
1.00587
1.00587
1.00587
1.00587
1.00587
1.00587
1.00587
1.00587
1.00587
1.00587
1.00587
1.00587
1.00587
1.00587
1.00587
1.00587
1.00587
1.00587
1.00587
1.00587
1.00587
1.00587
1.00587
1.00587
1.00587
1.00587
1.00587
1.00587
1.00587
1.00587
1.00587
1.00587
1.00587
1.00587
1.00587
1.00587
1.00587
1.00587
1.00587
1.00587
1.00587
1.00587
1.00587
1.00587
1.00587
1.00587
1.00587
1.00587
1.00587
1.00587
1.00587
1.00587
1.00587
1.00587
1.00587
1.00587
1.00587
1.00587
1.00587
1.00587
1.00587
1.00587
1.00587
1.00587
1.00587
1.00587
1.00587
1.00587
1.00587
1.00587
1.00587
1.00587
1.00587
1.00587
1.00587
1.00587
1.00587
1.00587
1.00587
1.00587
1.00587
1.00587
1.00587
1.00587
1.00587
1.00587
1.00587
1.00587
1.00587
1.00587
1.00587
1.00587
1.00587
1.00587
1.00587
1.00587
1.00587
1.00587
1.00587
1.00587
1.00587
1.00587
1.00587
