0
0
0
0
0
0.000123024
0.000308037
0.00113964
0.00412941
0.00572968
0.0127897
0.0159931
0.0238419
0.0396156
0.046031
0.068902
0.0871811
0.10788
0.130987
0.156407
0.183937
0.213335
0.244374
0.276844
0.310538
0.362924
0.398786
0.435178
0.471928
0.508888
0.545968
0.583013
0.619847
0.656323
0.692312
0.727693
0.762356
0.796199
0.829131
0.876642
0.906951
0.921673
0.950213
0.977506
1.01598
1.02811
1.06238
1.08349
1.10319
1.12147
1.13007
1.15375
1.16776
1.18036
1.19159
1.2015
1.21011
1.21746
1.22358
1.22851
1.23231
1.235
1.23665
1.23731
1.23702
1.23583
1.23381
1.23101
1.22748
1.22093
1.21845
1.21018
1.20718
1.20083
1.19409
1.18334
1.17962
1.17199
1.16415
1.1521
1.14803
1.13571
1.12745
1.11919
1.11097
1.10282
1.09476
1.08684
1.07907
1.07148
1.06408
1.05689
1.04994
1.04323
1.03677
1.03059
1.02468
1.01906
1.01374
1.0087
1.00395
0.999475
0.995286
0.991385
0.987771
0.984443
0.979984
0.978638
0.976154
0.973944
0.971999
0.970319
0.968895
0.96772
0.96678
0.965797
0.96558
0.965237
0.965254
0.965456
0.965624
0.966376
0.967073
0.967913
0.968882
0.969973
0.971173
0.972474
0.973863
0.975328
0.976864
0.978456
0.980095
0.981775
0.983486
0.986091
0.986964
0.988718
0.991343
0.992213
0.994794
0.995643
0.99732
0.999771
1.00057
1.00289
1.00439
1.00583
1.00721
1.00854
1.0098
1.011
1.01214
1.01322
1.01422
1.01516
1.01604
1.01723
1.0176
1.01828
1.0189
1.01946
1.01996
1.0204
1.02095
1.02124
1.02148
1.02166
1.02179
1.02187
1.0219
1.02189
1.02184
1.02174
1.0216
1.02143
1.02123
1.02099
1.02073
1.02044
1.02012
1.01962
1.01944
1.01907
1.01849
1.01829
1.01768
1.01726
1.01705
1.01642
1.016
1.01558
1.01517
1.01475
1.01434
1.01394
1.01355
1.01316
1.01279
1.01243
1.01208
1.01174
1.01141
1.0111
1.01081
1.01053
1.01026
1.01001
1.00977
1.00955
1.00934
1.00915
1.00897
1.00873
1.00866
1.00853
1.00841
1.0083
1.00821
1.00814
1.00807
1.008
1.00798
1.00796
1.00794
1.00794
1.00795
1.00797
1.00799
1.00803
1.00807
1.00812
1.00818
1.00825
1.00832
1.00839
1.00847
1.00855
1.00864
1.00873
1.00882
1.00895
1.009
1.00909
1.00918
1.00927
1.00941
1.0095
1.00959
1.00969
1.00978
1.00986
1.00995
1.01003
1.01011
1.01018
1.01026
1.01032
1.01039
1.01049
1.01055
1.0106
1.01065
1.0107
1.01075
1.01079
1.01083
1.01086
1.01089
1.01092
1.01094
1.01096
1.01098
1.01099
1.01101
1.01101
1.01102
1.01102
1.01102
1.01102
1.01102
1.01101
1.011
1.01099
1.01098
1.01096
1.01095
1.01093
1.01091
1.0109
1.01087
1.01085
1.01083
1.01081
1.01077
1.01075
1.01073
1.0107
1.01068
1.01066
1.01063
1.01061
1.01059
1.01057
1.01054
1.01052
1.01051
1.01047
1.01046
1.01044
1.01043
1.01041
1.0104
1.01038
1.01037
1.01035
1.01034
1.01034
1.01033
1.01032
1.01031
1.01031
1.01029
1.01029
1.01028
1.01028
1.01028
1.01028
1.01028
1.01028
1.01028
1.01028
1.01028
1.01028
1.01028
1.01028
1.01028
1.01028
1.01028
1.01028
1.01029
1.0103
1.01031
1.01031
1.01032
1.01033
1.01034
1.01034
1.01035
1.01036
1.01037
1.01037
1.01038
1.01039
1.0104
1.01041
1.01041
1.01042
1.01043
1.01044
1.01044
1.01044
1.01044
1.01044
1.01044
1.01044
1.01044
1.01044
1.01044
1.01044
1.01044
1.01044
1.01044
1.01044
1.01044
1.01044
1.01044
1.01044
1.01044
1.01044
1.01044
1.01044
1.01044
1.01044
1.01044
1.01044
1.01044
1.01044
1.01044
1.01044
1.01044
1.01044
1.01044
1.01044
1.01044
1.01044
1.01044
1.01044
1.01044
1.01044
1.01044
1.01044
1.01044
1.01044
1.01044
1.01044
1.01044
1.01044
1.01044
1.01044
1.01044
1.01044
1.01044
1.01044
1.01044
1.01044
1.01044
1.01044
1.01044
1.01044
1.01044
1.01044
1.01044
1.01044
1.01044
1.01044
1.01044
1.01044
1.01044
1.01044
1.01044
1.01044
1.01044
1.01044
1.01044
1.01044
1.01044
1.01044
1.01044
1.01044
1.01044
1.01044
1.01044
1.01044
1.01044
1.01044
1.01044
1.01044
1.01044
1.01044
1.01044
1.01044
1.01044
1.01044
1.01044
1.01044
1.01044
1.01044
1.01044
1.01044
1.01044
1.01044
1.01044
1.01044
1.01044
1.01044
1.01044
1.01044
1.01044
1.01044
1.01044
1.01044
1.01044
1.01044
1.01044
1.01044
1.01044
1.01044
1.01044
1.01044
1.01044
1.01044
1.01044
1.01044
1.01044
1.01044
1.01044
1.01044
1.01044
1.01044
1.01044
1.01044
1.01044
1.01044
1.01044
1.01044
1.01044
1.01044
1.01044
1.01044
1.01044
1.01044
1.01044
1.01044
1.01044
1.01044
1.01044
1.01044
1.01044
1.01044
1.01044
1.01044
1.01044
1.01044
1.01044
1.01044
1.01044
1.01044
1.01044
1.01044
1.01044
1.01044
1.01044
1.01044
1.01044
1.01044
1.01044
1.01044
1.01044
1.01044
1.01044
1.01044
1.01044
1.01044
1.01044
1.01044
1.01044
1.01044
1.01044
1.01044
1.01044
1.01044
1.01044
1.01044
1.01044
1.01044
1.01044
1.01044
1.01044
1.01044
1.01044
1.01044
1.01044
1.01044
1.01044
1.01044
1.01044
1.01044
1.01044
1.01044
1.01044
1.01044
1.01044
1.01044
1.01044
1.01044
1.01044
1.01044
1.01044
1.01044
1.01044
1.01044
1.01044
1.01044
1.01044
1.01044
1.01044
1.01044
1.01044
1.01044
1.01044
1.01044
1.01044
1.01044
1.01044
1.01044
1.01044
1.01044
1.01044
1.01044
1.01044
1.01044
1.01044
1.01044
1.01044
1.01044
1.01044
1.01044
1.01044
1.01044
1.01044
1.01044
1.01044
1.01044
1.01044
1.01044
1.01044
1.01044
1.01044
1.01044
1.01044
1.01044
1.01044
1.01044
1.01044
1.01044
1.01044
1.01044
1.01044
1.01044
1.01044
1.01044
1.01044
1.01044
1.01044
1.01044
1.01044
1.01044
1.01044
1.01044
1.01044
1.01044
1.01044
1.01044
1.01044
1.01044
1.01044
1.01044
1.01044
1.01044
1.01044
1.01044
1.01044
1.01044
1.01044
1.01044
1.01044
1.01044
1.01044
1.01044
1.01044
1.01044
1.01044
1.01044
1.01044
1.01044
1.01044
1.01044
1.01044
1.01044
1.01044
1.01044
1.01044
1.01044
1.01044
1.01044
1.01044
1.01044
1.01044
1.01044
1.01044
1.01044
1.01044
1.01044
1.01044
1.01044
1.01044
1.01044
1.01044
1.01044
1.01044
1.01044
1.01044
1.01044
1.01044
1.01044
1.01044
1.01044
1.01044
1.01044
1.01044
1.01044
1.01044
1.01044
1.01044
1.01044
1.01044
1.01044
1.01044
1.01044
1.01044
1.01044
1.01044
1.01044
1.01044
1.01044
1.01044
1.01044
1.01044
1.01044
1.01044
1.01044
1.01044
1.01044
1.01044
1.01044
1.01044
1.01044
1.01044
1.01044
1.01044
1.01044
1.01044
1.01044
1.01044
1.01044
1.01044
1.01044
1.01044
1.01044
1.01044
1.01044
1.01044
1.01044
1.01044
1.01044
1.01044
1.01044
1.01044
1.01044
1.01044
1.01044
1.01044
1.01044
1.01044
1.01044
1.01044
1.01044
1.01044
1.01044
1.01044
1.01044
1.01044
1.01044
1.01044
1.01044
1.01044
1.01044
1.01044
1.01044
1.01044
1.01044
1.01044
1.01044
1.01044
1.01044
1.01044
1.01044
1.01044
1.01044
1.01044
1.01044
1.01044
1.01044
1.01044
1.01044
1.01044
1.01044
1.01044
1.01044
1.01044
1.01044
1.01044
1.01044
1.01044
1.01044
1.01044
1.01044
1.01044
1.01044
1.01044
1.01044
1.01044
1.01044
1.01044
1.01044
1.01044
1.01044
1.01044
1.01044
1.01044
1.01044
1.01044
1.01044
1.01044
1.01044
1.01044
1.01044
1.01044
1.01044
1.01044
1.01044
1.01044
1.01044
1.01044
1.01044
1.01044
1.01044
1.01044
1.01044
1.01044
1.01044
1.01044
1.01044
1.01044
1.01044
1.01044
1.01044
1.01044
1.01044
1.01044
1.01044
1.01044
1.01044
1.01044
1.01044
1.01044
1.01044
1.01044
1.01044
1.01044
1.01044
1.01044
1.01044
1.01044
1.01044
1.01044
1.01044
1.01044
1.01044
1.01044
1.01044
1.01044
1.01044
1.01044
1.01044
1.01044
1.01044
1.01044
1.01044
1.01044
1.01044
1.01044
1.01044
1.01044
1.01044
1.01044
1.01044
1.01044
1.01044
1.01044
1.01044
1.01044
1.01044
1.01044
1.01044
1.01044
1.01044
1.01044
1.01044
1.01044
1.01044
1.01044
1.01044
1.01044
1.01044
1.01044
1.01044
1.01044
1.01044
1.01044
1.01044
1.01044
1.01044
1.01044
1.01044
1.01044
1.01044
1.01044
1.01044
1.01044
1.01044
1.01044
1.01044
1.01044
1.01044
1.01044
1.01044
1.01044
1.01044
1.01044
1.01044
1.01044
1.01044
1.01044
1.01044
1.01044
1.01044
1.01044
1.01044
1.01044
1.01044
1.01044
1.01044
1.01044
1.01044
1.01044
1.01044
1.01044
1.01044
1.01044
1.01044
1.01044
1.01044
1.01044
1.01044
1.01044
1.01044
1.01044
1.01044
1.01044
1.01044
1.01044
1.01044
1.01044
1.01044
1.01044
1.01044
1.01044
1.01044
1.01044
1.01044
1.01044
1.01044
1.01044
1.01044
1.01044
1.01044
1.01044
1.01044
1.01044
1.01044
1.01044
1.01044
1.01044
1.01044
1.01044
1.01044
1.01044
1.01044
1.01044
1.01044
1.01044
1.01044
1.01044
1.01044
1.01044
1.01044
1.01044
1.01044
1.01044
1.01044
1.01044
1.01044
1.01044
1.01044
1.01044
1.01044
1.01044
1.01044
1.01044
1.01044
1.01044
1.01044
1.01044
1.01044
1.01044
1.01044
1.01044
1.01044
