0
0
0
0
5.72205e-06
0.000123024
0.000617981
0.00165653
0.00324059
0.0053215
0.00785732
0.0108156
0.0159693
0.0198402
0.0240307
0.028513
0.0332651
0.0382652
0.0434904
0.0489244
0.0545502
0.0603476
0.0663023
0.072401
0.0786266
0.0849714
0.0914211
0.0979633
0.104589
0.111289
0.118052
0.124872
0.135187
0.142111
0.145584
0.152552
0.15954
0.170049
0.177065
0.184084
0.191102
0.198113
0.205114
0.212103
0.219075
0.226027
0.232957
0.239862
0.250168
0.257
0.2638
0.270566
0.277296
0.28399
0.290646
0.297262
0.303838
0.310371
0.316862
0.32331
0.329713
0.339231
0.34552
0.348647
0.357957
0.361037
0.370204
0.376255
0.382258
0.388212
0.394117
0.399972
0.405778
0.411534
0.417241
0.422898
0.428506
0.434065
0.439574
0.445034
0.450444
0.45847
0.461122
0.466387
0.471604
0.479341
0.484438
0.486969
0.494492
0.499448
0.504357
0.509219
0.514035
0.518806
0.52353
0.52821
0.532845
0.537436
0.541984
0.546488
0.550949
0.555368
0.559745
0.56408
0.568373
0.572625
0.576837
0.581007
0.585137
0.589229
0.59328
0.597292
0.601265
0.605199
0.611029
0.614868
0.61867
0.622435
0.626163
0.629855
0.633511
0.63713
0.640714
0.644262
0.647777
0.652982
0.656408
0.659802
0.663162
0.666489
0.669784
0.673045
0.676276
0.679474
0.684212
0.685776
0.688881
0.691956
0.695
0.699509
0.702479
0.70542
0.708331
0.711215
0.714069
0.716896
0.719695
0.722466
0.725209
0.729274
0.730615
0.733277
0.737222
0.73982
0.742392
0.744938
0.747458
0.749955
0.752427
0.754874
0.757298
0.759697
0.762073
0.764425
0.766755
0.769062
0.77248
0.774731
0.776959
0.779165
0.781349
0.783512
0.785653
0.787773
0.789872
0.791951
0.794009
0.796045
0.798061
0.800059
0.802036
0.803993
0.80593
0.808801
0.810691
0.812561
0.814414
0.816248
0.818064
0.819862
0.821643
0.823405
0.82515
0.827737
0.829439
0.831125
0.832794
0.834447
0.836083
0.837703
0.838507
0.841682
0.843246
0.844795
0.846329
0.847847
0.84935
0.85084
0.852314
0.853773
0.855219
0.856649
0.858067
0.859469
0.860858
0.862233
0.86427
0.864943
0.86694
0.868256
0.868908
0.870847
0.872124
0.873387
0.874639
0.875877
0.877103
0.878317
0.880115
0.8813
0.882472
0.883633
0.884782
0.885921
0.887047
0.888717
0.889816
0.890904
0.891983
0.892517
0.894106
0.895153
0.896189
0.897215
0.898232
0.899237
0.900232
0.901218
0.902194
0.90316
0.904117
0.905065
0.906002
0.906931
0.90785
0.908761
0.909663
0.910555
0.911438
0.912313
0.913609
0.914036
0.914886
0.915727
0.916559
0.917792
0.9182
0.919007
0.919807
0.920599
0.921772
0.922159
0.923309
0.924067
0.924816
0.925559
0.926294
0.927022
0.927384
0.928456
0.929163
0.929862
0.930554
0.93124
0.931919
0.93259
0.933255
0.933913
0.934566
0.935211
0.935851
0.936484
0.937111
0.937732
0.938652
0.939258
0.939857
0.940453
0.94104
0.941622
0.942199
0.94277
0.943615
0.944172
0.944722
0.945268
0.945809
0.946343
0.947136
0.947398
0.948175
0.948687
0.949193
0.949696
0.950191
0.950684
0.951172
0.951653
0.95213
0.952603
0.953071
0.953535
0.953993
0.954447
0.954897
0.955341
0.955784
0.956219
0.956865
0.957293
0.957712
0.957922
0.958543
0.958953
0.959357
0.959759
0.960155
0.960548
0.960938
0.961323
0.961704
0.962083
0.962644
0.963011
0.963194
0.963737
0.963917
0.964451
0.964802
0.96515
0.965493
0.965836
0.966171
0.966507
0.966836
0.967164
0.967488
0.967809
0.968128
0.968441
0.968754
0.969062
0.969367
0.969671
0.969969
0.970266
0.97056
0.97085
0.97114
0.971423
0.971705
0.971987
0.972399
0.972536
0.972808
0.973075
0.973342
0.973735
0.973994
0.974124
0.974505
0.974757
0.975009
0.975253
0.975497
0.975741
0.975979
0.976215
0.976569
0.976798
0.977027
0.977256
0.977479
0.9777
0.977921
0.978141
0.978354
0.978568
0.978888
0.978991
0.979197
0.979506
0.979609
0.979906
0.980104
0.980204
0.980496
0.980687
0.980878
0.981069
0.981255
0.981438
0.981621
0.981804
0.981984
0.98216
0.982335
0.982511
0.982686
0.982854
0.983022
0.98319
0.983357
0.983522
0.983683
0.983843
0.984003
0.984163
0.984319
0.984471
0.984624
0.984776
0.984929
0.985078
0.985223
0.985368
0.985513
0.985658
0.985802
0.986008
0.986145
0.986282
0.98642
0.986557
0.986687
0.986816
0.986946
0.987076
0.987206
0.987334
0.987517
0.987639
0.987761
0.987884
0.988006
0.988126
0.98824
0.988355
0.988469
0.988584
0.988698
0.98887
0.988923
0.989083
0.98919
0.989297
0.989404
0.989511
0.989617
0.989717
0.989817
0.989916
0.990015
0.990114
0.990213
0.990313
0.990411
0.990502
0.990594
0.990685
0.990777
0.990869
0.991006
0.991097
0.991187
0.991271
0.991355
0.991439
0.991523
0.991607
0.991691
0.991775
0.991858
0.991941
0.992018
0.992094
0.99217
0.992247
0.992323
0.992399
0.992476
0.992552
0.992628
0.992704
0.992773
0.992876
0.99291
0.992979
0.993048
0.993116
0.993219
0.993254
0.993357
0.993425
0.993492
0.993553
0.993614
0.993675
0.993736
0.993797
0.993858
0.993919
0.99398
0.994041
0.994102
0.994194
0.994225
0.994307
0.99436
0.994387
0.99444
0.994493
0.994547
0.9946
0.994654
0.994734
0.994787
0.994841
0.994894
0.994947
0.995001
0.995048
0.995093
0.995139
0.995185
0.995231
0.995276
0.995322
0.995368
0.995414
0.995437
0.995505
0.995551
0.995597
0.995643
0.995688
0.995734
0.99578
0.995818
0.995856
0.995894
0.995933
0.995971
0.996009
0.996047
0.996085
0.996123
0.996161
0.9962
0.996238
0.996276
0.996314
0.996352
0.99639
0.996428
0.996467
0.996505
0.996543
0.996575
0.996606
0.996636
0.996667
0.996713
0.996728
0.996758
0.996804
0.996819
0.996865
0.996881
0.996911
0.996942
0.996972
0.997018
0.997048
0.997079
0.997109
0.99714
0.99717
0.997201
0.997231
0.997262
0.997293
0.997323
0.997346
0.997369
0.997392
0.997415
0.997437
0.99746
0.997483
0.997506
0.997529
0.997552
0.997586
0.997598
0.997632
0.997655
0.997666
0.997701
0.997724
0.997735
0.997769
0.997792
0.997815
0.997838
0.997861
0.997884
0.997907
0.99793
0.997952
0.997975
0.997998
0.998021
0.998044
0.998067
0.99809
0.998106
0.998121
0.998137
0.998152
0.998167
0.998182
0.998198
0.998213
0.998228
0.998251
0.998266
0.998281
0.998297
0.998312
0.998327
0.998343
0.998358
0.998373
0.998388
0.998411
0.998426
0.998442
0.998449
0.998472
0.998487
0.998503
0.998518
0.998533
0.998549
0.998564
0.998579
0.998594
0.99861
0.998625
0.99864
0.998655
0.998671
0.998686
0.998701
0.998716
0.998732
0.998747
0.998762
0.998777
0.998793
0.998816
0.998823
0.998838
0.998861
0.998869
0.99888
0.998888
0.998896
0.998903
0.998911
0.998922
0.99893
0.998938
0.998945
0.998953
0.99896
0.998968
0.998976
0.998983
0.998991
0.998999
0.99901
0.999014
0.999022
0.999029
0.999041
0.999048
0.999052
0.999063
0.999071
0.999079
0.999086
0.999094
0.999105
0.999113
0.999121
0.999128
0.999136
0.999144
0.999151
0.999163
0.999166
0.999174
0.999182
0.999189
0.999197
0.999208
0.999216
0.999224
0.999231
0.999239
0.999247
0.999254
0.999262
0.999269
0.999277
0.999285
0.999292
0.9993
0.999308
0.999315
0.999323
0.999331
0.999342
0.999346
0.999357
0.999365
0.999372
0.99938
0.999388
0.999395
0.999403
0.999411
0.999418
0.999426
0.999434
0.999441
0.999449
0.999456
0.999464
0.999472
0.999479
0.999487
0.999495
0.999502
0.99951
0.999517
0.999525
0.999533
0.999544
0.999548
0.999559
0.999563
0.999575
0.999578
0.99959
0.999598
0.999605
0.999613
0.99962
0.999628
0.999636
0.999643
0.99965
0.99965
0.99965
0.99965
0.99965
0.99965
0.99965
0.99965
0.99965
0.99965
0.99965
0.99965
0.99965
0.99965
0.99965
0.99965
0.99965
0.99965
0.99965
0.99965
0.99965
0.99965
0.99965
0.99965
0.99965
0.99965
0.99965
0.99965
0.99965
0.99965
0.99965
0.99965
0.99965
0.99965
0.99965
0.99965
0.99965
0.99965
0.99965
0.99965
0.99965
0.99965
0.99965
0.99965
0.99965
0.99965
0.99965
0.99965
0.99965
0.99965
0.99965
0.99965
0.99965
0.99965
0.99965
0.99965
0.99965
0.99965
0.99965
0.99965
0.99965
0.99965
0.99965
0.99965
0.99965
0.99965
0.99965
0.99965
0.99965
0.99965
0.99965
0.99965
0.99965
0.99965
0.99965
0.99965
0.99965
0.99965
0.99965
0.99965
0.99965
0.99965
0.99965
0.99965
0.99965
0.99965
0.99965
0.99965
0.99965
0.99965
0.99965
0.99965
0.99965
0.99965
0.99965
0.99965
0.99965
0.99965
0.99965
0.99965
0.99965
0.99965
0.99965
0.99965
0.99965
0.99965
0.99965
0.99965
0.99965
0.99965
0.99965
0.99965
0.99965
0.99965
0.99965
0.99965
0.99965
0.99965
0.99965
0.99965
0.99965
0.99965
0.99965
0.99965
0.99965
0.99965
0.99965
0.99965
0.99965
0.99965
0.99965
0.99965
0.99965
0.99965
0.99965
0.99965
0.99965
0.99965
0.99965
0.99965
0.99965
0.99965
0.99965
0.99965
0.99965
0.99965
0.99965
0.99965
0.99965
0.99965
0.99965
0.99965
0.99965
0.99965
0.99965
0.99965
0.99965
0.99965
0.99965
0.99965
0.99965
0.99965
0.99965
0.99965
0.99965
0.99965
0.99965
0.99965
0.99965
0.99965
0.99965
0.99965
0.99965
0.99965
0.99965
0.99965
0.99965
0.99965
0.99965
0.99965
0.99965
0.99965
0.99965
0.99965
0.99965
0.99965
0.99965
0.99965
0.99965
0.99965
0.99965
0.99965
0.99965
0.99965
0.99965
0.99965
0.99965
0.99965
0.99965
0.99965
0.99965
0.99965
0.99965
0.99965
0.99965
0.99965
0.99965
0.99965
0.99965
0.99965
0.99965
0.99965
0.99965
0.99965
0.99965
0.99965
