0
0
0
0
0
3.43323e-05
0.00030899
0.00114441
0.00285721
0.00573349
0.0100307
0.0196648
0.0284367
0.0390396
0.0513287
0.0651646
0.0804234
0.0969753
0.114706
0.133495
0.153225
0.184347
0.195076
0.217001
0.23946
0.262371
0.297386
0.321058
0.332968
0.356892
0.392916
0.416918
0.428894
0.464663
0.488312
0.500053
0.534882
0.557726
0.580223
0.602341
0.624092
0.645454
0.666399
0.68689
0.706909
0.726437
0.745457
0.763952
0.781918
0.799335
0.816204
0.832518
0.848269
0.863457
0.87808
0.892139
0.905636
0.918571
0.930954
0.942787
0.959515
0.969995
0.97504
0.989393
0.993925
1.00676
1.0147
1.02216
1.02916
1.0357
1.04181
1.04748
1.05274
1.05759
1.06206
1.06616
1.06989
1.07328
1.07634
1.07907
1.08151
1.08366
1.08553
1.08713
1.08849
1.0896
1.0905
1.09118
1.09166
1.09195
1.09206
1.092
1.09179
1.09144
1.09094
1.09032
1.08958
1.08827
1.08778
1.08673
1.0856
1.08438
1.0831
1.08175
1.08034
1.07888
1.0766
1.07583
1.07425
1.07183
1.07101
1.06853
1.06686
1.06519
1.06351
1.06183
1.06016
1.0585
1.05685
1.05522
1.05361
1.05202
1.05045
1.0489
1.04738
1.04589
1.04442
1.04298
1.04158
1.0402
1.03886
1.03756
1.03629
1.03506
1.03386
1.0327
1.03158
1.03049
1.02945
1.02844
1.02747
1.02608
1.02521
1.02437
1.02357
1.0228
1.02207
1.02138
1.02073
1.0201
1.01952
1.01896
1.01845
1.01796
1.0175
1.01707
1.01668
1.01631
1.01596
1.01565
1.01536
1.0151
1.01486
1.01454
1.01436
1.0142
1.01406
1.01393
1.01382
1.01373
1.01366
1.01361
1.01356
1.01353
1.01351
1.01351
1.01353
1.01355
1.01358
1.01362
1.01367
1.01373
1.01382
1.0139
1.01398
1.01406
1.01415
1.01424
1.01434
1.01444
1.01454
1.01465
1.01476
1.01486
1.01497
1.01508
1.01518
1.01529
1.0154
1.0155
1.01561
1.01572
1.01583
1.01593
1.01604
1.0162
1.01631
1.01636
1.01649
1.01659
1.01668
1.01677
1.01686
1.01695
1.01702
1.0171
1.01722
1.01729
1.01737
1.01743
1.01749
1.01755
1.01761
1.01767
1.01772
1.01777
1.01782
1.01786
1.01793
1.01795
1.01801
1.01804
1.01807
1.0181
1.01813
1.01816
1.01819
1.0182
1.01822
1.01823
1.01825
1.01826
1.01828
1.01829
1.01831
1.01832
1.01832
1.01832
1.01832
1.01832
1.01832
1.01832
1.01832
1.01832
1.01832
1.01832
1.01832
1.01832
1.01832
1.01832
1.01832
1.0183
1.01828
1.01827
1.01825
1.01824
1.01822
1.01821
1.01819
1.01818
1.01816
1.01814
1.01813
1.01811
1.01809
1.01808
1.01807
1.01805
1.01804
1.01802
1.01801
1.01798
1.01797
1.01796
1.01794
1.01792
1.01791
1.01789
1.01789
1.01789
1.01789
1.01789
1.01789
1.01789
1.01789
1.01789
1.01789
1.01789
1.01789
1.01789
1.01789
1.01789
1.01789
1.01789
1.01789
1.01789
1.01789
1.01789
1.01789
1.01789
1.01789
1.01789
1.01789
1.01789
1.01789
1.01789
1.01789
1.01789
1.01789
1.01789
1.01789
1.01789
1.01789
1.01789
1.01789
1.01789
1.01789
1.01789
1.01789
1.01789
1.01789
1.01789
1.01789
1.01789
1.01789
1.01789
1.01789
1.01789
1.01789
1.01789
1.01789
1.01789
1.01789
1.01789
1.01789
1.01789
1.01789
1.01789
1.01789
1.01789
1.01789
1.01789
1.01789
1.01789
1.01789
1.01789
1.01789
1.01789
1.01789
1.01789
1.01789
1.01789
1.01789
1.01789
1.01789
1.01789
1.01789
1.01789
1.01789
1.01789
1.01789
1.01789
1.01789
1.01789
1.01789
1.01789
1.01789
1.01789
1.01789
1.01789
1.01789
1.01789
1.01789
1.01789
1.01789
1.01789
1.01789
1.01789
1.01789
1.01789
1.01789
1.01789
1.01789
1.01789
1.01789
1.01789
1.01789
1.01789
1.01789
1.01789
1.01789
1.01789
1.01789
1.01789
1.01789
1.01789
1.01789
1.01789
1.01789
1.01789
1.01789
1.01789
1.01789
1.01789
1.01789
1.01789
1.01789
1.01789
1.01789
1.01789
1.01789
1.01789
1.01789
1.01789
1.01789
1.01789
1.01789
1.01789
1.01789
1.01789
1.01789
1.01789
1.01789
1.01789
1.01789
1.01789
1.01789
1.01789
1.01789
1.01789
1.01789
1.01789
1.01789
1.01789
1.01789
1.01789
1.01789
1.01789
1.01789
1.01789
1.01789
1.01789
1.01789
1.01789
1.01789
1.01789
1.01789
1.01789
1.01789
1.01789
1.01789
1.01789
1.01789
1.01789
1.01789
1.01789
1.01789
1.01789
1.01789
1.01789
1.01789
1.01789
1.01789
1.01789
1.01789
1.01789
1.01789
1.01789
1.01789
1.01789
1.01789
1.01789
1.01789
1.01789
1.01789
1.01789
1.01789
1.01789
1.01789
1.01789
1.01789
1.01789
1.01789
1.01789
1.01789
1.01789
1.01789
1.01789
1.01789
1.01789
1.01789
1.01789
1.01789
1.01789
1.01789
1.01789
1.01789
1.01789
1.01789
1.01789
1.01789
1.01789
1.01789
1.01789
1.01789
1.01789
1.01789
1.01789
1.01789
1.01789
1.01789
1.01789
1.01789
1.01789
1.01789
1.01789
1.01789
1.01789
1.01789
1.01789
1.01789
1.01789
1.01789
1.01789
1.01789
1.01789
1.01789
1.01789
1.01789
1.01789
1.01789
1.01789
1.01789
1.01789
1.01789
1.01789
1.01789
1.01789
1.01789
1.01789
1.01789
1.01789
1.01789
1.01789
1.01789
1.01789
1.01789
1.01789
1.01789
1.01789
1.01789
1.01789
1.01789
1.01789
1.01789
1.01789
1.01789
1.01789
1.01789
1.01789
1.01789
1.01789
1.01789
1.01789
1.01789
1.01789
1.01789
1.01789
1.01789
1.01789
1.01789
1.01789
1.01789
1.01789
1.01789
1.01789
1.01789
1.01789
1.01789
1.01789
1.01789
1.01789
1.01789
1.01789
1.01789
1.01789
1.01789
1.01789
1.01789
1.01789
1.01789
1.01789
1.01789
1.01789
1.01789
1.01789
1.01789
1.01789
1.01789
1.01789
1.01789
1.01789
1.01789
1.01789
1.01789
1.01789
1.01789
1.01789
1.01789
1.01789
1.01789
1.01789
1.01789
1.01789
1.01789
1.01789
1.01789
1.01789
1.01789
1.01789
1.01789
1.01789
1.01789
1.01789
1.01789
1.01789
1.01789
1.01789
1.01789
1.01789
1.01789
1.01789
1.01789
1.01789
1.01789
1.01789
1.01789
1.01789
1.01789
1.01789
1.01789
1.01789
1.01789
1.01789
1.01789
1.01789
1.01789
1.01789
1.01789
1.01789
1.01789
1.01789
1.01789
1.01789
1.01789
1.01789
1.01789
1.01789
1.01789
1.01789
1.01789
1.01789
1.01789
1.01789
1.01789
1.01789
1.01789
1.01789
1.01789
1.01789
1.01789
1.01789
1.01789
1.01789
1.01789
1.01789
1.01789
1.01789
1.01789
1.01789
1.01789
1.01789
1.01789
1.01789
1.01789
1.01789
1.01789
1.01789
1.01789
1.01789
1.01789
1.01789
1.01789
1.01789
1.01789
1.01789
1.01789
1.01789
1.01789
1.01789
1.01789
1.01789
1.01789
1.01789
1.01789
1.01789
1.01789
1.01789
1.01789
1.01789
1.01789
1.01789
1.01789
1.01789
1.01789
1.01789
1.01789
1.01789
1.01789
1.01789
1.01789
1.01789
1.01789
1.01789
1.01789
1.01789
1.01789
1.01789
1.01789
1.01789
1.01789
1.01789
1.01789
1.01789
1.01789
1.01789
1.01789
1.01789
1.01789
1.01789
1.01789
1.01789
1.01789
1.01789
1.01789
1.01789
1.01789
1.01789
1.01789
1.01789
1.01789
1.01789
1.01789
1.01789
1.01789
1.01789
1.01789
1.01789
1.01789
1.01789
1.01789
1.01789
1.01789
1.01789
1.01789
1.01789
1.01789
1.01789
1.01789
1.01789
1.01789
1.01789
1.01789
1.01789
1.01789
1.01789
1.01789
1.01789
1.01789
1.01789
1.01789
1.01789
1.01789
1.01789
1.01789
1.01789
1.01789
1.01789
1.01789
1.01789
1.01789
1.01789
1.01789
1.01789
1.01789
1.01789
1.01789
1.01789
1.01789
1.01789
1.01789
1.01789
1.01789
1.01789
1.01789
1.01789
1.01789
1.01789
1.01789
1.01789
1.01789
1.01789
1.01789
1.01789
1.01789
1.01789
1.01789
1.01789
1.01789
1.01789
1.01789
1.01789
1.01789
1.01789
1.01789
1.01789
1.01789
1.01789
1.01789
1.01789
1.01789
1.01789
1.01789
1.01789
1.01789
1.01789
1.01789
1.01789
1.01789
1.01789
1.01789
1.01789
1.01789
1.01789
1.01789
1.01789
1.01789
1.01789
1.01789
1.01789
1.01789
1.01789
1.01789
1.01789
1.01789
1.01789
1.01789
1.01789
1.01789
1.01789
1.01789
1.01789
1.01789
1.01789
1.01789
1.01789
1.01789
1.01789
1.01789
1.01789
1.01789
1.01789
1.01789
1.01789
1.01789
1.01789
1.01789
1.01789
1.01789
1.01789
1.01789
1.01789
1.01789
1.01789
1.01789
1.01789
1.01789
1.01789
1.01789
1.01789
1.01789
1.01789
1.01789
1.01789
1.01789
1.01789
1.01789
1.01789
1.01789
1.01789
1.01789
1.01789
1.01789
1.01789
1.01789
1.01789
1.01789
1.01789
1.01789
1.01789
1.01789
1.01789
1.01789
1.01789
1.01789
1.01789
1.01789
1.01789
1.01789
1.01789
1.01789
1.01789
1.01789
1.01789
1.01789
1.01789
1.01789
1.01789
1.01789
1.01789
1.01789
1.01789
1.01789
1.01789
1.01789
1.01789
1.01789
1.01789
1.01789
1.01789
1.01789
1.01789
1.01789
1.01789
1.01789
1.01789
1.01789
1.01789
1.01789
1.01789
1.01789
1.01789
1.01789
1.01789
1.01789
1.01789
1.01789
1.01789
1.01789
1.01789
1.01789
1.01789
1.01789
1.01789
1.01789
1.01789
1.01789
1.01789
1.01789
1.01789
1.01789
1.01789
1.01789
1.01789
1.01789
1.01789
1.01789
1.01789
1.01789
1.01789
1.01789
1.01789
1.01789
1.01789
1.01789
1.01789
1.01789
1.01789
1.01789
1.01789
