0
0
0
0
5.72205e-06
0.000123024
0.00114059
0.0018692
0.00573254
0.0100336
0.0127888
0.0235748
0.0327568
0.0433817
0.0553341
0.0685081
0.0827951
0.098094
0.11431
0.131353
0.149127
0.167551
0.186555
0.206063
0.226002
0.246305
0.266909
0.287751
0.308779
0.329936
0.351172
0.372442
0.393701
0.414909
0.446538
0.457014
0.477839
0.508692
0.518858
0.548948
0.568634
0.587999
0.61639
0.634858
0.652934
0.670604
0.68785
0.704659
0.721022
0.736932
0.752389
0.767389
0.781935
0.796022
0.809663
0.822873
0.835656
0.848012
0.859948
0.871462
0.882558
0.893241
0.903515
0.913385
0.922857
0.936334
0.940634
0.948952
0.956902
0.964485
0.975193
0.981896
0.988265
0.994308
1.00003
1.00545
1.01055
1.01537
1.01989
1.02414
1.02812
1.03184
1.03532
1.03855
1.04155
1.04433
1.0469
1.04926
1.05143
1.05341
1.05521
1.05759
1.0583
1.0602
1.06129
1.06224
1.06305
1.06374
1.06431
1.06476
1.0651
1.06534
1.06549
1.06554
1.0655
1.06539
1.0652
1.06494
1.06461
1.06421
1.06377
1.06327
1.06272
1.06212
1.06148
1.06081
1.0601
1.05936
1.05859
1.05779
1.05656
1.05614
1.05529
1.05399
1.05355
1.05222
1.05178
1.05043
1.04953
1.04908
1.04774
1.04685
1.04596
1.04508
1.04421
1.04335
1.0425
1.04165
1.04083
1.04001
1.03921
1.03842
1.03804
1.0369
1.03616
1.03544
1.03473
1.03404
1.03304
1.0324
1.03177
1.03147
1.03058
1.03001
1.02945
1.02892
1.02841
1.02791
1.02743
1.02697
1.02653
1.0261
1.02569
1.0253
1.02474
1.02438
1.02421
1.02372
1.02341
1.02311
1.02283
1.02257
1.02232
1.02208
1.02185
1.02164
1.02144
1.02125
1.02107
1.02091
1.02075
1.02061
1.02047
1.02035
1.02023
1.02012
1.02002
1.01993
1.01985
1.01974
1.01971
1.01965
1.01957
1.01955
1.01949
1.01945
1.01942
1.0194
1.01938
1.01937
1.01936
1.01935
1.01935
1.01935
1.01935
1.01936
1.01937
1.01939
1.0194
1.01942
1.01944
1.01946
1.01948
1.0195
1.01953
1.01956
1.0196
1.01963
1.01966
1.01968
1.01972
1.01976
1.01979
1.01982
1.01985
1.01988
1.01991
1.01994
1.01997
1.02
1.02003
1.02006
1.02009
1.02012
1.02015
1.02018
1.02021
1.02024
1.02029
1.02032
1.02034
1.02038
1.02039
1.02043
1.02045
1.02047
1.02049
1.02052
1.02054
1.02056
1.02059
1.02061
1.02063
1.02064
1.02066
1.02067
1.02069
1.02071
1.02072
1.02074
1.02075
1.02077
1.02078
1.0208
1.02081
1.02081
1.02082
1.02083
1.02084
1.02084
1.02085
1.02086
1.02087
1.02087
1.02088
1.02089
1.0209
1.02091
1.02092
1.02092
1.02092
1.02092
1.02092
1.02092
1.02092
1.02092
1.02092
1.02092
1.02092
1.02092
1.02092
1.02092
1.02092
1.02092
1.02092
1.02092
1.02092
1.02092
1.02092
1.02092
1.02092
1.02092
1.02092
1.02092
1.02092
1.02092
1.02092
1.02092
1.02092
1.02092
1.02092
1.02092
1.02092
1.02092
1.02092
1.02092
1.02092
1.02092
1.02092
1.02092
1.02092
1.02092
1.02092
1.02092
1.02092
1.02092
1.02092
1.02092
1.02092
1.02092
1.02092
1.02092
1.02092
1.02092
1.02092
1.02092
1.02092
1.02092
1.02092
1.02092
1.02092
1.02092
1.02092
1.02092
1.02092
1.02092
1.02092
1.02092
1.02092
1.02092
1.02092
1.02092
1.02092
1.02092
1.02092
1.02092
1.02092
1.02092
1.02092
1.02092
1.02092
1.02092
1.02092
1.02092
1.02092
1.02092
1.02092
1.02092
1.02092
1.02092
1.02092
1.02092
1.02092
1.02092
1.02092
1.02092
1.02092
1.02092
1.02092
1.02092
1.02092
1.02092
1.02092
1.02092
1.02092
1.02092
1.02092
1.02092
1.02092
1.02092
1.02092
1.02092
1.02092
1.02092
1.02092
1.02092
1.02092
1.02092
1.02092
1.02092
1.02092
1.02092
1.02092
1.02092
1.02092
1.02092
1.02092
1.02092
1.02092
1.02092
1.02092
1.02092
1.02092
1.02092
1.02092
1.02092
1.02092
1.02092
1.02092
1.02092
1.02092
1.02092
1.02092
1.02092
1.02092
1.02092
1.02092
1.02092
1.02092
1.02092
1.02092
1.02092
1.02092
1.02092
1.02092
1.02092
1.02092
1.02092
1.02092
1.02092
1.02092
1.02092
1.02092
1.02092
1.02092
1.02092
1.02092
1.02092
1.02092
1.02092
1.02092
1.02092
1.02092
1.02092
1.02092
1.02092
1.02092
1.02092
1.02092
1.02092
1.02092
1.02092
1.02092
1.02092
1.02092
1.02092
1.02092
1.02092
1.02092
1.02092
1.02092
1.02092
1.02092
1.02092
1.02092
1.02092
1.02092
1.02092
1.02092
1.02092
1.02092
1.02092
1.02092
1.02092
1.02092
1.02092
1.02092
1.02092
1.02092
1.02092
1.02092
1.02092
1.02092
1.02092
1.02092
1.02092
1.02092
1.02092
1.02092
1.02092
1.02092
1.02092
1.02092
1.02092
1.02092
1.02092
1.02092
1.02092
1.02092
1.02092
1.02092
1.02092
1.02092
1.02092
1.02092
1.02092
1.02092
1.02092
1.02092
1.02092
1.02092
1.02092
1.02092
1.02092
1.02092
1.02092
1.02092
1.02092
1.02092
1.02092
1.02092
1.02092
1.02092
1.02092
1.02092
1.02092
1.02092
1.02092
1.02092
1.02092
1.02092
1.02092
1.02092
1.02092
1.02092
1.02092
1.02092
1.02092
1.02092
1.02092
1.02092
1.02092
1.02092
1.02092
1.02092
1.02092
1.02092
1.02092
1.02092
1.02092
1.02092
1.02092
1.02092
1.02092
1.02092
1.02092
1.02092
1.02092
1.02092
1.02092
1.02092
1.02092
1.02092
1.02092
1.02092
1.02092
1.02092
1.02092
1.02092
1.02092
1.02092
1.02092
1.02092
1.02092
1.02092
1.02092
1.02092
1.02092
1.02092
1.02092
1.02092
1.02092
1.02092
1.02092
1.02092
1.02092
1.02092
1.02092
1.02092
1.02092
1.02092
1.02092
1.02092
1.02092
1.02092
1.02092
1.02092
1.02092
1.02092
1.02092
1.02092
1.02092
1.02092
1.02092
1.02092
1.02092
1.02092
1.02092
1.02092
1.02092
1.02092
1.02092
1.02092
1.02092
1.02092
1.02092
1.02092
1.02092
1.02092
1.02092
1.02092
1.02092
1.02092
1.02092
1.02092
1.02092
1.02092
1.02092
1.02092
1.02092
1.02092
1.02092
1.02092
1.02092
1.02092
1.02092
1.02092
1.02092
1.02092
1.02092
1.02092
1.02092
1.02092
1.02092
1.02092
1.02092
1.02092
1.02092
1.02092
1.02092
1.02092
1.02092
1.02092
1.02092
1.02092
1.02092
1.02092
1.02092
1.02092
1.02092
1.02092
1.02092
1.02092
1.02092
1.02092
1.02092
1.02092
1.02092
1.02092
1.02092
1.02092
1.02092
1.02092
1.02092
1.02092
1.02092
1.02092
1.02092
1.02092
1.02092
1.02092
1.02092
1.02092
1.02092
1.02092
1.02092
1.02092
1.02092
1.02092
1.02092
1.02092
1.02092
1.02092
1.02092
1.02092
1.02092
1.02092
1.02092
1.02092
1.02092
1.02092
1.02092
1.02092
1.02092
1.02092
1.02092
1.02092
1.02092
1.02092
1.02092
1.02092
1.02092
1.02092
1.02092
1.02092
1.02092
1.02092
1.02092
1.02092
1.02092
1.02092
1.02092
1.02092
1.02092
1.02092
1.02092
1.02092
1.02092
1.02092
1.02092
1.02092
1.02092
1.02092
1.02092
1.02092
1.02092
1.02092
1.02092
1.02092
1.02092
1.02092
1.02092
1.02092
1.02092
1.02092
1.02092
1.02092
1.02092
1.02092
1.02092
1.02092
1.02092
1.02092
1.02092
1.02092
1.02092
1.02092
1.02092
1.02092
1.02092
1.02092
1.02092
1.02092
1.02092
1.02092
1.02092
1.02092
1.02092
1.02092
1.02092
1.02092
1.02092
1.02092
1.02092
1.02092
1.02092
1.02092
1.02092
1.02092
1.02092
1.02092
1.02092
1.02092
1.02092
1.02092
1.02092
1.02092
1.02092
1.02092
1.02092
1.02092
1.02092
1.02092
1.02092
1.02092
1.02092
1.02092
1.02092
1.02092
1.02092
1.02092
1.02092
1.02092
1.02092
1.02092
1.02092
1.02092
1.02092
1.02092
1.02092
1.02092
1.02092
1.02092
1.02092
1.02092
1.02092
1.02092
1.02092
1.02092
1.02092
1.02092
1.02092
1.02092
1.02092
1.02092
1.02092
1.02092
1.02092
1.02092
1.02092
1.02092
1.02092
1.02092
1.02092
1.02092
1.02092
1.02092
1.02092
1.02092
1.02092
1.02092
1.02092
1.02092
1.02092
1.02092
1.02092
1.02092
1.02092
1.02092
1.02092
1.02092
1.02092
1.02092
1.02092
1.02092
1.02092
1.02092
1.02092
1.02092
1.02092
1.02092
1.02092
1.02092
1.02092
1.02092
1.02092
1.02092
1.02092
1.02092
1.02092
1.02092
1.02092
1.02092
1.02092
1.02092
1.02092
1.02092
1.02092
1.02092
1.02092
1.02092
1.02092
1.02092
1.02092
1.02092
1.02092
1.02092
1.02092
1.02092
1.02092
1.02092
1.02092
1.02092
1.02092
1.02092
1.02092
1.02092
1.02092
1.02092
1.02092
1.02092
1.02092
1.02092
1.02092
1.02092
1.02092
1.02092
1.02092
1.02092
1.02092
1.02092
1.02092
1.02092
1.02092
1.02092
1.02092
1.02092
1.02092
1.02092
1.02092
1.02092
1.02092
1.02092
1.02092
1.02092
1.02092
1.02092
1.02092
1.02092
1.02092
1.02092
1.02092
1.02092
1.02092
1.02092
1.02092
1.02092
1.02092
1.02092
1.02092
1.02092
1.02092
1.02092
1.02092
1.02092
1.02092
1.02092
1.02092
1.02092
1.02092
1.02092
1.02092
1.02092
1.02092
1.02092
1.02092
1.02092
1.02092
1.02092
1.02092
1.02092
1.02092
1.02092
1.02092
1.02092
1.02092
1.02092
1.02092
1.02092
1.02092
1.02092
1.02092
1.02092
1.02092
1.02092
1.02092
1.02092
1.02092
1.02092
1.02092
1.02092
1.02092
1.02092
1.02092
1.02092
1.02092
1.02092
1.02092
1.02092
1.02092
