0
-1.90735e-06
-3.8147e-06
-5.72205e-06
-1.90735e-06
7.89165e-05
0.000309706
0.000699759
0.00123453
0.00190258
0.00269365
0.00359988
0.00461221
0.00631309
0.00755763
0.00888348
0.00957465
0.0117528
0.0132864
0.0148785
0.016525
0.0182216
0.0199649
0.0217512
0.0235765
0.0254383
0.0282917
0.0302308
0.0321963
0.0341866
0.0361991
0.0382321
0.0402839
0.0423524
0.0444362
0.0475891
0.0497062
0.0518341
0.0539718
0.056118
0.0582721
0.0604327
0.0625989
0.0647697
0.0669446
0.069123
0.0713043
0.0734878
0.0756731
0.0778592
0.0800469
0.0822346
0.0844223
0.0866096
0.0887954
0.0909805
0.0931642
0.0953462
0.0975261
0.100792
0.101879
0.105137
0.107306
0.109471
0.111634
0.113793
0.115948
0.118101
0.12025
0.122395
0.124537
0.126674
0.128808
0.130938
0.133064
0.135185
0.137302
0.139416
0.142577
0.144679
0.146777
0.14887
0.150958
0.153042
0.155121
0.157194
0.159264
0.161328
0.163387
0.165441
0.168514
0.169535
0.172593
0.174625
0.176653
0.178676
0.179685
0.182707
0.184716
0.18672
0.188719
0.191709
0.192703
0.194688
0.196669
0.198644
0.200616
0.203564
0.204544
0.207478
0.208454
0.211374
0.213315
0.214284
0.217184
0.219111
0.221034
0.222952
0.224866
0.226775
0.22868
0.230581
0.232476
0.234368
0.236255
0.238137
0.240014
0.241886
0.243753
0.245616
0.247473
0.250251
0.252097
0.253938
0.255774
0.257606
0.259433
0.261255
0.263073
0.264887
0.266697
0.269403
0.271201
0.272099
0.274785
0.27657
0.278351
0.280128
0.281901
0.283669
0.285434
0.287194
0.28895
0.290701
0.292448
0.294189
0.296794
0.29766
0.300251
0.301973
0.303691
0.305404
0.307114
0.308818
0.310519
0.313062
0.314753
0.316439
0.318121
0.319799
0.321473
0.323143
0.324808
0.326468
0.328125
0.329778
0.331427
0.333071
0.334711
0.336347
0.337979
0.339607
0.34123
0.34285
0.345273
0.346882
0.348487
0.350089
0.351686
0.35328
0.35487
0.356457
0.358039
0.359618
0.361193
0.362764
0.364332
0.365895
0.367455
0.369012
0.370564
0.372113
0.373658
0.375199
0.377504
0.379036
0.380564
0.382089
0.38361
0.385127
0.386641
0.388151
0.389657
0.39116
0.392658
0.394153
0.395644
0.397131
0.398615
0.400095
0.40157
0.403043
0.404511
0.405976
0.408166
0.408895
0.410348
0.411798
0.413967
0.415408
0.416846
0.41828
0.419711
0.421137
0.422561
0.423981
0.425397
0.426811
0.428222
0.430331
0.431733
0.433131
0.434526
0.435223
0.437307
0.438692
0.440074
0.441453
0.442829
0.444201
0.44557
0.446936
0.448298
0.449657
0.451014
0.452366
0.453715
0.45506
0.456402
0.457741
0.459076
0.460407
0.461735
0.46306
0.464381
0.465699
0.467014
0.468325
0.469633
0.470938
0.472239
0.474185
0.475478
0.476768
0.478054
0.479337
0.481256
0.481895
0.483805
0.485075
0.486341
0.487605
0.488865
0.490123
0.491378
0.49263
0.493879
0.495125
0.496369
0.496989
0.498228
0.500081
0.501313
0.501927
0.503767
0.504989
0.506209
0.507426
0.508639
0.50985
0.511057
0.512262
0.513464
0.514662
0.515858
0.517051
0.518241
0.519428
0.520611
0.521791
0.522969
0.524143
0.525314
0.526483
0.527648
0.528811
0.52997
0.531126
0.532279
0.53343
0.534578
0.535723
0.537435
0.538572
0.539141
0.540274
0.541969
0.543095
0.544219
0.545341
0.546458
0.547574
0.548687
0.549797
0.550904
0.552009
0.553112
0.554211
0.555308
0.556403
0.557494
0.559126
0.560211
0.561294
0.562374
0.56345
0.564526
0.565598
0.566667
0.567734
0.568799
0.56986
0.570918
0.571974
0.573027
0.574602
0.575126
0.576171
0.577213
0.578253
0.579291
0.580325
0.581872
0.582387
0.583414
0.584439
0.58597
0.58648
0.587497
0.589017
0.590028
0.591036
0.592041
0.593045
0.594045
0.595044
0.596537
0.597528
0.598518
0.599506
0.600491
0.601474
0.602455
0.603433
0.60441
0.605382
0.606353
0.607322
0.608288
0.609251
0.610693
0.611171
0.612128
0.613081
0.614508
0.615456
0.616402
0.617344
0.618286
0.619224
0.620161
0.621561
0.622026
0.62342
0.624347
0.625271
0.626194
0.627113
0.628031
0.628946
0.629859
0.63077
0.632132
0.633037
0.63394
0.63484
0.635738
0.636634
0.637527
0.63842
0.639309
0.640197
0.641524
0.642406
0.643286
0.644164
0.64504
0.645913
0.646784
0.647654
0.64852
0.649386
0.650248
0.651538
0.651967
0.65325
0.654103
0.654954
0.655803
0.65665
0.657494
0.658337
0.659177
0.660434
0.660852
0.661687
0.662519
0.66335
0.664592
0.665417
0.666241
0.667062
0.667882
0.668698
0.669514
0.670327
0.671138
0.671947
0.672754
0.673559
0.674762
0.675562
0.67636
0.677156
0.677949
0.678741
0.679531
0.68032
0.681106
0.68189
0.682673
0.683454
0.684232
0.685009
0.685783
0.686557
0.687328
0.688481
0.689248
0.690012
0.690775
0.691536
0.692296
0.693052
0.693808
0.694561
0.695312
0.696435
0.696809
0.697926
0.69867
0.69941
0.70015
0.700886
0.701622
0.702356
0.703088
0.703818
0.704547
0.705274
0.705998
0.706722
0.707443
0.708164
0.708881
0.709599
0.710669
0.711382
0.712091
0.712801
0.713507
0.714213
0.714915
0.715617
0.716665
0.717363
0.718058
0.718752
0.719443
0.720133
0.720821
0.721508
0.722194
0.722877
0.723559
0.724239
0.724918
0.725595
0.726607
0.72728
0.727951
0.728621
0.729289
0.729622
0.73062
0.731284
0.731946
0.732605
0.733265
0.733921
0.734577
0.73523
0.735883
0.736533
0.737182
0.737829
0.738474
0.739119
0.739759
0.7404
0.741039
0.741676
0.742312
0.742945
0.743578
0.744208
0.744838
0.745465
0.746404
0.747027
0.747649
0.74827
0.748888
0.749506
0.750122
0.750429
0.75135
0.75196
0.752571
0.75318
0.753786
0.754393
0.754996
0.755599
0.7562
0.756799
0.757398
0.757995
0.75859
0.759185
0.759777
0.760368
0.760958
0.761546
0.762426
0.76301
0.763594
0.764176
0.764756
0.765336
0.765913
0.766489
0.767065
0.767637
0.768209
0.768779
0.769348
0.769916
0.770763
0.771046
0.77189
0.772451
0.772731
0.773569
0.774126
0.774682
0.775235
0.775788
0.776615
0.777164
0.777714
0.77826
0.778805
0.77935
0.779892
0.780434
0.781243
0.781781
0.782319
0.782853
0.783387
0.78392
0.784451
0.784981
0.785511
0.786037
0.786564
0.78709
0.787613
0.788136
0.788658
0.789177
0.789696
0.790215
0.79073
0.791245
0.791759
0.792527
0.793038
0.793293
0.794055
0.794562
0.795069
0.795572
0.796076
0.796579
0.797079
0.797579
0.798079
0.798575
0.799071
0.799567
0.800059
0.800551
0.801044
0.801532
0.802021
0.802509
0.802994
0.803478
0.803963
0.804444
0.804925
0.805406
0.805884
0.806361
0.806838
0.807312
0.807786
0.808259
0.808965
0.809434
0.809669
0.810371
0.810836
0.811302
0.811767
0.812228
0.81269
0.813151
0.813611
0.814068
0.814526
0.814983
0.815437
0.815891
0.816572
0.816797
0.817472
0.817922
0.81837
0.818816
0.819263
0.819709
0.820151
0.820594
0.821036
0.821476
0.821915
0.822354
0.822792
0.823226
0.823661
0.824096
0.824528
0.824959
0.82539
0.82582
0.826248
0.826675
0.827102
0.827527
0.82795
0.828374
0.828797
0.829216
0.829636
0.830056
0.830474
0.83089
0.831513
0.831928
0.83234
0.832752
0.833164
0.833574
0.833982
0.834391
0.834799
0.835205
0.835609
0.836014
0.836418
0.836821
0.837421
0.837822
0.838222
0.838619
0.839015
0.839412
0.839808
0.840201
0.840594
0.840987
0.841379
0.841768
0.842157
0.842546
0.842933
0.843318
0.843704
0.844089
0.844472
0.844854
0.845426
0.845617
0.845996
0.846374
0.846752
0.847318
0.847692
0.848066
0.84844
0.848814
0.849184
0.849554
0.849924
0.850294
0.850662
0.851028
0.851578
0.851761
0.852127
0.852489
0.853033
0.853214
0.853756
0.853936
0.854474
0.854832
0.855191
0.855546
0.855901
0.856256
0.856611
0.856965
0.857316
0.857666
0.858017
0.858368
0.858716
0.859063
0.85941
0.859757
0.860101
0.860445
0.86096
0.861131
0.861474
0.861813
0.862153
0.862492
0.862832
0.863168
0.863672
0.864007
0.864343
0.864676
0.865008
0.86534
0.865672
0.866004
0.866332
0.86666
0.866988
0.867316
0.867643
0.867968
0.868292
0.868616
0.86894
0.869264
0.869744
0.870065
0.870225
0.870706
0.870864
0.871181
0.871656
0.871973
0.872289
0.872447
0.872916
0.873229
0.873541
0.873854
0.874164
0.874473
0.874782
0.875091
0.8754
0.875706
0.876011
0.876469
0.876622
0.877078
0.877379
0.87768
0.877982
0.878283
0.878582
0.87888
0.879326
0.879624
0.879921
0.880217
0.88051
0.880804
0.881098
0.881538
0.881683
0.881973
0.882263
0.882553
0.882843
0.883131
0.883417
0.883846
0.883989
0.884275
0.884562
0.884844
0.885126
0.88555
0.885691
0.885973
0.886253
0.886671
0.88695
0.887089
0.887506
0.887783
0.888058
0.888332
0.888607
0.888882
0.889156
0.889428
0.889699
0.88997
0.890241
0.890512
0.890782
0.89105
0.891317
0.891584
0.891851
0.892118
0.892385
0.892649
0.892912
0.893175
0.893438
0.893702
0.893965
0.894224
0.894613
0.894743
0.895132
0.895391
0.895649
0.895905
0.896161
0.896416
0.896672
0.896927
0.897182
0.897434
0.897686
0.897937
0.898189
0.898567
0.898815
0.899063
0.899311
0.899559
0.899807
0.900055
0.9003
0.900544
0.90091
0.901032
0.901277
0.901521
0.901884
0.902124
0.902365
0.902605
0.902845
0.903086
0.903326
0.903562
0.903799
0.904035
0.904272
0.904508
0.904745
0.904979
0.905212
0.905445
0.905677
0.90591
0.906143
0.906374
0.906603
0.906832
0.907061
0.90729
0.907519
0.907748
0.908087
0.908199
0.908537
0.908762
0.908987
0.909212
0.909436
0.909657
0.909878
0.9101
0.910321
0.910542
0.910763
0.910984
0.911201
0.911419
0.911636
0.911854
0.912071
0.912289
0.912613
0.91272
0.913041
0.913147
0.913361
0.913575
0.913788
0.914002
0.914214
0.914423
0.914633
0.914843
0.915053
0.915368
0.915577
0.915682
0.915888
0.916094
0.9163
0.916609
