0
0
0
0
3.8147e-06
0.00012207
0.00063324
0.0018692
0.00413132
0.00768661
0.0127888
0.0196686
0.0337982
0.0396233
0.0530548
0.0777435
0.0972347
0.119141
0.143461
0.170195
0.199339
0.23089
0.264845
0.301157
0.339619
0.379925
0.421768
0.464933
0.509146
0.554115
0.59955
0.645187
0.690767
0.736044
0.780811
0.82485
0.86796
0.909948
0.950624
0.989822
1.02739
1.06318
1.0971
1.12903
1.15891
1.1867
1.22448
1.24707
1.25759
1.28604
1.30242
1.31674
1.329
1.3392
1.34735
1.35344
1.35748
1.35947
1.35944
1.35746
1.35364
1.34808
1.34091
1.33226
1.32225
1.311
1.29207
1.27826
1.26364
1.24833
1.23245
1.21615
1.19957
1.1912
1.16594
1.1491
1.13236
1.11578
1.09939
1.08323
1.06739
1.05196
1.03701
1.02259
1.00875
0.995554
0.983036
0.971226
0.960169
0.949886
0.940397
0.931717
0.923859
0.916824
0.907818
0.902838
0.898664
0.895285
0.892681
0.890842
0.889744
0.889357
0.88965
0.890587
0.892132
0.894245
0.896893
0.90003
0.903616
0.907614
0.911978
0.916668
0.92164
0.926857
0.932281
0.940712
0.943584
0.952318
0.955256
0.964081
0.969925
0.975708
0.981398
0.986969
0.99239
0.997631
1.00267
1.00749
1.01209
1.01644
1.02054
1.0244
1.02801
1.03291
1.03583
1.03848
1.04084
1.04292
1.04471
1.04622
1.04744
1.0484
1.04909
1.04952
1.04971
1.04955
1.04939
1.04859
1.04782
1.04688
1.04577
1.04452
1.04313
1.04163
1.04002
1.03832
1.03654
1.03468
1.03277
1.03082
1.02883
1.02682
1.02479
1.02276
1.02074
1.01875
1.01678
1.01485
1.01297
1.01115
1.00939
1.00769
1.00607
1.00453
1.00308
1.00171
0.99984
0.998711
0.997679
0.996748
0.995916
0.995186
0.994282
0.993807
0.993427
0.993143
0.992952
0.992851
0.992836
0.992903
0.993044
0.993259
0.993542
0.993893
0.994299
0.995012
0.995275
0.995832
0.996429
0.997061
0.997725
0.998762
0.999477
1.00021
1.00095
1.00169
1.00244
1.00318
1.00391
1.00463
1.00533
1.00601
1.00667
1.00731
1.00792
1.0085
1.00906
1.00957
1.01006
1.01051
1.01112
1.01149
1.01181
1.01196
1.01223
1.01256
1.01274
1.01288
1.01299
1.01303
1.0131
1.01311
1.01309
1.01304
1.01297
1.01287
1.01274
1.0126
1.01243
1.01225
1.01204
1.01183
1.0116
1.01136
1.01111
1.01085
1.01059
1.01018
1.01004
1.00977
1.00935
1.00922
1.00882
1.00869
1.0083
1.00805
1.00781
1.00759
1.00737
1.00716
1.00696
1.00677
1.00661
1.00645
1.0063
1.00617
1.00605
1.00595
1.00586
1.00578
1.00572
1.00567
1.00563
1.0056
1.00559
1.00559
1.0056
1.00561
1.00564
1.0057
1.00573
1.00581
1.00587
1.00595
1.00603
1.0061
1.00624
1.00633
1.00642
1.00651
1.00661
1.0067
1.00679
1.00688
1.00697
1.00711
1.00715
1.00729
1.00738
1.00747
1.00755
1.00763
1.00771
1.00778
1.00785
1.00791
1.00797
1.00803
1.00807
1.00812
1.00816
1.00819
1.00822
1.00826
1.00827
1.0083
1.00831
1.00831
1.00831
1.00831
1.00831
1.0083
1.00828
1.00826
1.00825
1.00823
1.0082
1.00817
1.00814
1.00811
1.00808
1.00805
1.00802
1.00799
1.00794
1.00791
1.0079
1.00787
1.00782
1.00779
1.00777
1.00773
1.0077
1.00767
1.00764
1.00761
1.00758
1.00755
1.00751
1.00748
1.00747
1.00745
1.00743
1.00742
1.0074
1.00739
1.00737
1.00736
1.00734
1.00733
1.00733
1.00733
1.00733
1.00733
1.00733
1.00733
1.00733
1.00733
1.00733
1.00733
1.00733
1.00735
1.00736
1.00738
1.00739
1.00741
1.00742
1.00744
1.00746
1.00748
1.00748
1.00751
1.00751
1.00754
1.00755
1.00756
1.00758
1.0076
1.00761
1.00762
1.00764
1.00766
1.00766
1.00766
1.00766
1.00766
1.00766
1.00766
1.00766
1.00766
1.00766
1.00766
1.00766
1.00766
1.00766
1.00766
1.00766
1.00766
1.00766
1.00766
1.00766
1.00766
1.00766
1.00766
1.00766
1.00766
1.00766
1.00766
1.00766
1.00766
1.00766
1.00766
1.00766
1.00766
1.00766
1.00766
1.00766
1.00766
1.00766
1.00766
1.00766
1.00766
1.00766
1.00766
1.00766
1.00766
1.00766
1.00766
1.00766
1.00766
1.00766
1.00766
1.00766
1.00766
1.00766
1.00766
1.00766
1.00766
1.00766
1.00766
1.00766
1.00766
1.00766
1.00766
1.00766
1.00766
1.00766
1.00766
1.00766
1.00766
1.00766
1.00766
1.00766
1.00766
1.00766
1.00766
1.00766
1.00766
1.00766
1.00766
1.00766
1.00766
1.00766
1.00766
1.00766
1.00766
1.00766
1.00766
1.00766
1.00766
1.00766
1.00766
1.00766
1.00766
1.00766
1.00766
1.00766
1.00766
1.00766
1.00766
1.00766
1.00766
1.00766
1.00766
1.00766
1.00766
1.00766
1.00766
1.00766
1.00766
1.00766
1.00766
1.00766
1.00766
1.00766
1.00766
1.00766
1.00766
1.00766
1.00766
1.00766
1.00766
1.00766
1.00766
1.00766
1.00766
1.00766
1.00766
1.00766
1.00766
1.00766
1.00766
1.00766
1.00766
1.00766
1.00766
1.00766
1.00766
1.00766
1.00766
1.00766
1.00766
1.00766
1.00766
1.00766
1.00766
1.00766
1.00766
1.00766
1.00766
1.00766
1.00766
1.00766
1.00766
1.00766
1.00766
1.00766
1.00766
1.00766
1.00766
1.00766
1.00766
1.00766
1.00766
1.00766
1.00766
1.00766
1.00766
1.00766
1.00766
1.00766
1.00766
1.00766
1.00766
1.00766
1.00766
1.00766
1.00766
1.00766
1.00766
1.00766
1.00766
1.00766
1.00766
1.00766
1.00766
1.00766
1.00766
1.00766
1.00766
1.00766
1.00766
1.00766
1.00766
1.00766
1.00766
1.00766
1.00766
1.00766
1.00766
1.00766
1.00766
1.00766
1.00766
1.00766
1.00766
1.00766
1.00766
1.00766
1.00766
1.00766
1.00766
1.00766
1.00766
1.00766
1.00766
1.00766
1.00766
1.00766
1.00766
1.00766
1.00766
1.00766
1.00766
1.00766
1.00766
1.00766
1.00766
1.00766
1.00766
1.00766
1.00766
1.00766
1.00766
1.00766
1.00766
1.00766
1.00766
1.00766
1.00766
1.00766
1.00766
1.00766
1.00766
1.00766
1.00766
1.00766
1.00766
1.00766
1.00766
1.00766
1.00766
1.00766
1.00766
1.00766
1.00766
1.00766
1.00766
1.00766
1.00766
1.00766
1.00766
1.00766
1.00766
1.00766
1.00766
1.00766
1.00766
1.00766
1.00766
1.00766
1.00766
1.00766
1.00766
1.00766
1.00766
1.00766
1.00766
1.00766
1.00766
1.00766
1.00766
1.00766
1.00766
1.00766
1.00766
1.00766
1.00766
1.00766
1.00766
1.00766
1.00766
1.00766
1.00766
1.00766
1.00766
1.00766
1.00766
1.00766
1.00766
1.00766
1.00766
1.00766
1.00766
1.00766
1.00766
1.00766
1.00766
1.00766
1.00766
1.00766
1.00766
1.00766
1.00766
1.00766
1.00766
1.00766
1.00766
1.00766
1.00766
1.00766
1.00766
1.00766
1.00766
1.00766
1.00766
1.00766
1.00766
1.00766
1.00766
1.00766
1.00766
1.00766
1.00766
1.00766
1.00766
1.00766
1.00766
1.00766
1.00766
1.00766
1.00766
1.00766
1.00766
1.00766
1.00766
1.00766
1.00766
1.00766
1.00766
1.00766
1.00766
1.00766
1.00766
1.00766
1.00766
1.00766
1.00766
1.00766
1.00766
1.00766
1.00766
1.00766
1.00766
1.00766
1.00766
1.00766
1.00766
1.00766
1.00766
1.00766
1.00766
1.00766
1.00766
1.00766
1.00766
1.00766
1.00766
1.00766
1.00766
1.00766
1.00766
1.00766
1.00766
1.00766
1.00766
1.00766
1.00766
1.00766
1.00766
1.00766
1.00766
1.00766
1.00766
1.00766
1.00766
1.00766
1.00766
1.00766
1.00766
1.00766
1.00766
1.00766
1.00766
1.00766
1.00766
1.00766
1.00766
1.00766
1.00766
1.00766
1.00766
1.00766
1.00766
1.00766
1.00766
1.00766
1.00766
1.00766
1.00766
1.00766
1.00766
1.00766
1.00766
1.00766
1.00766
1.00766
1.00766
1.00766
1.00766
1.00766
1.00766
1.00766
1.00766
1.00766
1.00766
1.00766
1.00766
1.00766
1.00766
1.00766
1.00766
1.00766
1.00766
1.00766
1.00766
1.00766
1.00766
1.00766
1.00766
1.00766
1.00766
1.00766
1.00766
1.00766
1.00766
1.00766
1.00766
1.00766
1.00766
1.00766
1.00766
1.00766
1.00766
1.00766
1.00766
1.00766
1.00766
1.00766
1.00766
1.00766
1.00766
1.00766
1.00766
1.00766
1.00766
1.00766
1.00766
1.00766
1.00766
1.00766
1.00766
1.00766
1.00766
1.00766
1.00766
1.00766
1.00766
1.00766
1.00766
1.00766
1.00766
1.00766
1.00766
1.00766
1.00766
1.00766
1.00766
1.00766
1.00766
1.00766
1.00766
1.00766
1.00766
1.00766
1.00766
1.00766
1.00766
1.00766
1.00766
1.00766
1.00766
1.00766
1.00766
1.00766
1.00766
1.00766
1.00766
1.00766
1.00766
1.00766
1.00766
1.00766
1.00766
1.00766
1.00766
1.00766
1.00766
1.00766
1.00766
1.00766
1.00766
1.00766
1.00766
1.00766
1.00766
1.00766
1.00766
1.00766
1.00766
1.00766
1.00766
1.00766
1.00766
1.00766
1.00766
1.00766
1.00766
1.00766
1.00766
1.00766
1.00766
1.00766
1.00766
1.00766
1.00766
1.00766
1.00766
1.00766
1.00766
1.00766
1.00766
1.00766
1.00766
1.00766
1.00766
1.00766
1.00766
1.00766
1.00766
1.00766
1.00766
1.00766
1.00766
1.00766
1.00766
1.00766
1.00766
1.00766
1.00766
1.00766
1.00766
1.00766
1.00766
1.00766
1.00766
1.00766
1.00766
1.00766
1.00766
1.00766
1.00766
1.00766
1.00766
1.00766
1.00766
1.00766
1.00766
1.00766
1.00766
1.00766
1.00766
1.00766
1.00766
1.00766
1.00766
1.00766
1.00766
1.00766
1.00766
