0
0
0
0
0
3.52859e-05
0.000308037
0.00113964
0.00285339
0.00768757
0.0127344
0.0192776
0.027215
0.0364351
0.0468388
0.0583277
0.0708065
0.0841856
0.0983801
0.121026
0.136917
0.153361
0.170294
0.187655
0.205398
0.223464
0.241797
0.269695
0.288492
0.307396
0.326369
0.345372
0.364365
0.392756
0.411573
0.430271
0.448823
0.467202
0.48538
0.503352
0.529893
0.538618
0.564403
0.581246
0.597798
0.614042
0.629969
0.645567
0.660828
0.675744
0.690312
0.711506
0.72519
0.738521
0.751493
0.764108
0.776361
0.788247
0.79978
0.810967
0.821805
0.832297
0.842458
0.857093
0.861812
0.871012
0.884226
0.888477
0.900774
0.904722
0.916129
0.923374
0.930337
0.937024
0.943441
0.949595
0.95549
0.961131
0.966525
0.971681
0.976604
0.981299
0.985776
0.99004
0.994096
0.997952
1.00161
1.00509
1.00838
1.0115
1.01445
1.01856
1.02111
1.02351
1.02577
1.02788
1.02987
1.03172
1.03345
1.03506
1.03655
1.03793
1.03921
1.04038
1.04145
1.04243
1.04332
1.04413
1.04485
1.04549
1.04632
1.04679
1.04719
1.04753
1.04781
1.04803
1.04819
1.04831
1.04837
1.0484
1.04838
1.04832
1.04822
1.04809
1.04792
1.04762
1.04739
1.04713
1.04684
1.04654
1.04622
1.04587
1.04552
1.04515
1.04457
1.04437
1.04396
1.04355
1.04312
1.04248
1.04204
1.0416
1.04116
1.04072
1.04028
1.03983
1.03939
1.03895
1.03851
1.03807
1.03763
1.0372
1.03678
1.03636
1.03594
1.03553
1.03512
1.03473
1.03433
1.03395
1.03357
1.0332
1.03284
1.03231
1.03213
1.03179
1.0313
1.03114
1.03082
1.03036
1.03007
1.02978
1.0295
1.02923
1.02897
1.02871
1.02846
1.02822
1.02788
1.02765
1.02755
1.02723
1.02703
1.02684
1.02666
1.02648
1.02631
1.02614
1.02598
1.02583
1.02569
1.02555
1.02541
1.02529
1.02516
1.02505
1.02494
1.02483
1.02473
1.02464
1.02454
1.02442
1.02438
1.0243
1.02423
1.02416
1.02409
1.024
1.02395
1.02389
1.02384
1.0238
1.02376
1.02372
1.02368
1.02364
1.02361
1.02358
1.02356
1.02353
1.02351
1.02349
1.02347
1.02346
1.02344
1.02343
1.02341
1.02341
1.0234
1.02339
1.02338
1.02338
1.02337
1.02337
1.02337
1.02337
1.02337
1.02337
1.02337
1.02337
1.02338
1.02338
1.02339
1.0234
1.02341
1.02341
1.02342
1.02343
1.02344
1.02344
1.02345
1.02346
1.02347
1.02347
1.02348
1.02349
1.0235
1.02351
1.02351
1.02352
1.02353
1.02354
1.02354
1.02355
1.02356
1.02357
1.02357
1.02359
1.02359
1.0236
1.0236
1.02361
1.02362
1.02363
1.02363
1.02365
1.02365
1.02366
1.02367
1.02368
1.02368
1.02369
1.0237
1.02371
1.02372
1.02372
1.02373
1.02374
1.02375
1.02375
1.02376
1.02377
1.02378
1.02378
1.02379
1.02379
1.02379
1.02379
1.02379
1.02379
1.02379
1.02379
1.02379
1.02379
1.02379
1.02379
1.02379
1.02379
1.02379
1.02379
1.02379
1.02379
1.02379
1.02379
1.02379
1.02379
1.02379
1.02379
1.02379
1.02379
1.02379
1.02379
1.02379
1.02379
1.02379
1.02379
1.02379
1.02379
1.02379
1.02379
1.02379
1.02379
1.02379
1.02379
1.02379
1.02379
1.02379
1.02379
1.02379
1.02379
1.02379
1.02379
1.02379
1.02379
1.02379
1.02379
1.02379
1.02379
1.02379
1.02379
1.02379
1.02379
1.02379
1.02379
1.02379
1.02379
1.02379
1.02379
1.02379
1.02379
1.02379
1.02379
1.02379
1.02379
1.02379
1.02379
1.02379
1.02379
1.02379
1.02379
1.02379
1.02379
1.02379
1.02379
1.02379
1.02379
1.02379
1.02379
1.02379
1.02379
1.02379
1.02379
1.02379
1.02379
1.02379
1.02379
1.02379
1.02379
1.02379
1.02379
1.02379
1.02379
1.02379
1.02379
1.02379
1.02379
1.02379
1.02379
1.02379
1.02379
1.02379
1.02379
1.02379
1.02379
1.02379
1.02379
1.02379
1.02379
1.02379
1.02379
1.02379
1.02379
1.02379
1.02379
1.02379
1.02379
1.02379
1.02379
1.02379
1.02379
1.02379
1.02379
1.02379
1.02379
1.02379
1.02379
1.02379
1.02379
1.02379
1.02379
1.02379
1.02379
1.02379
1.02379
1.02379
1.02379
1.02379
1.02379
1.02379
1.02379
1.02379
1.02379
1.02379
1.02379
1.02379
1.02379
1.02379
1.02379
1.02379
1.02379
1.02379
1.02379
1.02379
1.02379
1.02379
1.02379
1.02379
1.02379
1.02379
1.02379
1.02379
1.02379
1.02379
1.02379
1.02379
1.02379
1.02379
1.02379
1.02379
1.02379
1.02379
1.02379
1.02379
1.02379
1.02379
1.02379
1.02379
1.02379
1.02379
1.02379
1.02379
1.02379
1.02379
1.02379
1.02379
1.02379
1.02379
1.02379
1.02379
1.02379
1.02379
1.02379
1.02379
1.02379
1.02379
1.02379
1.02379
1.02379
1.02379
1.02379
1.02379
1.02379
1.02379
1.02379
1.02379
1.02379
1.02379
1.02379
1.02379
1.02379
1.02379
1.02379
1.02379
1.02379
1.02379
1.02379
1.02379
1.02379
1.02379
1.02379
1.02379
1.02379
1.02379
1.02379
1.02379
1.02379
1.02379
1.02379
1.02379
1.02379
1.02379
1.02379
1.02379
1.02379
1.02379
1.02379
1.02379
1.02379
1.02379
1.02379
1.02379
1.02379
1.02379
1.02379
1.02379
1.02379
1.02379
1.02379
1.02379
1.02379
1.02379
1.02379
1.02379
1.02379
1.02379
1.02379
1.02379
1.02379
1.02379
1.02379
1.02379
1.02379
1.02379
1.02379
1.02379
1.02379
1.02379
1.02379
1.02379
1.02379
1.02379
1.02379
1.02379
1.02379
1.02379
1.02379
1.02379
1.02379
1.02379
1.02379
1.02379
1.02379
1.02379
1.02379
1.02379
1.02379
1.02379
1.02379
1.02379
1.02379
1.02379
1.02379
1.02379
1.02379
1.02379
1.02379
1.02379
1.02379
1.02379
1.02379
1.02379
1.02379
1.02379
1.02379
1.02379
1.02379
1.02379
1.02379
1.02379
1.02379
1.02379
1.02379
1.02379
1.02379
1.02379
1.02379
1.02379
1.02379
1.02379
1.02379
1.02379
1.02379
1.02379
1.02379
1.02379
1.02379
1.02379
1.02379
1.02379
1.02379
1.02379
1.02379
1.02379
1.02379
1.02379
1.02379
1.02379
1.02379
1.02379
1.02379
1.02379
1.02379
1.02379
1.02379
1.02379
1.02379
1.02379
1.02379
1.02379
1.02379
1.02379
1.02379
1.02379
1.02379
1.02379
1.02379
1.02379
1.02379
1.02379
1.02379
1.02379
1.02379
1.02379
1.02379
1.02379
1.02379
1.02379
1.02379
1.02379
1.02379
1.02379
1.02379
1.02379
1.02379
1.02379
1.02379
1.02379
1.02379
1.02379
1.02379
1.02379
1.02379
1.02379
1.02379
1.02379
1.02379
1.02379
1.02379
1.02379
1.02379
1.02379
1.02379
1.02379
1.02379
1.02379
1.02379
1.02379
1.02379
1.02379
1.02379
1.02379
1.02379
1.02379
1.02379
1.02379
1.02379
1.02379
1.02379
1.02379
1.02379
1.02379
1.02379
1.02379
1.02379
1.02379
1.02379
1.02379
1.02379
1.02379
1.02379
1.02379
1.02379
1.02379
1.02379
1.02379
1.02379
1.02379
1.02379
1.02379
1.02379
1.02379
1.02379
1.02379
1.02379
1.02379
1.02379
1.02379
1.02379
1.02379
1.02379
1.02379
1.02379
1.02379
1.02379
1.02379
1.02379
1.02379
1.02379
1.02379
1.02379
1.02379
1.02379
1.02379
1.02379
1.02379
1.02379
1.02379
1.02379
1.02379
1.02379
1.02379
1.02379
1.02379
1.02379
1.02379
1.02379
1.02379
1.02379
1.02379
1.02379
1.02379
1.02379
1.02379
1.02379
1.02379
1.02379
1.02379
1.02379
1.02379
1.02379
1.02379
1.02379
1.02379
1.02379
1.02379
1.02379
1.02379
1.02379
1.02379
1.02379
1.02379
1.02379
1.02379
1.02379
1.02379
1.02379
1.02379
1.02379
1.02379
1.02379
1.02379
1.02379
1.02379
1.02379
1.02379
1.02379
1.02379
1.02379
1.02379
1.02379
1.02379
1.02379
1.02379
1.02379
1.02379
1.02379
1.02379
1.02379
1.02379
1.02379
1.02379
1.02379
1.02379
1.02379
1.02379
1.02379
1.02379
1.02379
1.02379
1.02379
1.02379
1.02379
1.02379
1.02379
1.02379
1.02379
1.02379
1.02379
1.02379
1.02379
1.02379
1.02379
1.02379
1.02379
1.02379
1.02379
1.02379
1.02379
1.02379
1.02379
1.02379
1.02379
1.02379
1.02379
1.02379
1.02379
1.02379
1.02379
1.02379
1.02379
1.02379
1.02379
1.02379
1.02379
1.02379
1.02379
1.02379
1.02379
1.02379
1.02379
1.02379
1.02379
1.02379
1.02379
1.02379
1.02379
1.02379
1.02379
1.02379
1.02379
1.02379
1.02379
1.02379
1.02379
1.02379
1.02379
1.02379
1.02379
1.02379
1.02379
1.02379
1.02379
1.02379
1.02379
1.02379
1.02379
1.02379
1.02379
1.02379
1.02379
1.02379
1.02379
1.02379
1.02379
1.02379
1.02379
1.02379
1.02379
1.02379
1.02379
1.02379
1.02379
1.02379
1.02379
1.02379
1.02379
1.02379
1.02379
1.02379
1.02379
1.02379
1.02379
1.02379
1.02379
1.02379
1.02379
1.02379
1.02379
1.02379
1.02379
1.02379
1.02379
1.02379
1.02379
1.02379
1.02379
1.02379
1.02379
1.02379
1.02379
1.02379
1.02379
1.02379
1.02379
1.02379
1.02379
1.02379
1.02379
1.02379
1.02379
1.02379
1.02379
1.02379
1.02379
1.02379
1.02379
1.02379
1.02379
1.02379
1.02379
1.02379
1.02379
1.02379
1.02379
1.02379
1.02379
1.02379
1.02379
1.02379
1.02379
1.02379
1.02379
1.02379
1.02379
1.02379
1.02379
1.02379
1.02379
1.02379
1.02379
1.02379
1.02379
1.02379
1.02379
1.02379
1.02379
1.02379
1.02379
1.02379
1.02379
1.02379
1.02379
1.02379
1.02379
1.02379
1.02379
1.02379
1.02379
1.02379
1.02379
