0
0
0
0
3.8147e-06
0.00012207
0.000629425
0.00186539
0.00412369
0.00767899
0.0127754
0.0196571
0.0285301
0.0396004
0.0606613
0.0777206
0.0972099
0.119118
0.14344
0.170174
0.199314
0.230862
0.264816
0.320251
0.339931
0.381084
0.424629
0.470528
0.518574
0.568428
0.619694
0.671963
0.75135
0.777874
0.830711
0.88298
0.959641
1.00919
1.05717
1.10334
1.14753
1.16883
1.22958
1.26746
1.30324
1.33693
1.36855
1.39809
1.42555
1.45094
1.48516
1.50539
1.52357
1.53969
1.55376
1.56577
1.57574
1.58367
1.58955
1.59339
1.59519
1.59495
1.59267
1.58835
1.582
1.57361
1.56319
1.55074
1.53627
1.51976
1.50123
1.48068
1.45811
1.43352
1.40694
1.37849
1.33284
1.31697
1.28448
1.23436
1.20042
1.16639
1.14941
1.099
1.06607
1.03398
1.00297
0.973179
0.944714
0.917747
0.892452
0.868958
0.847351
0.827705
0.810085
0.79454
0.775177
0.769779
0.75676
0.750694
0.746681
0.744686
0.744637
0.74646
0.750069
0.755367
0.762245
0.770588
0.780277
0.791191
0.803196
0.816158
0.829937
0.84441
0.859489
0.875061
0.890999
0.907177
0.923481
0.939789
0.964008
0.979836
0.995274
1.01024
1.02463
1.04492
1.05745
1.06911
1.07986
1.08967
1.09857
1.1065
1.11346
1.1194
1.12642
1.12825
1.13118
1.13375
1.13425
1.13383
1.13253
1.13039
1.12746
1.12378
1.117
1.11443
1.10888
1.10284
1.09298
1.08599
1.07874
1.07128
1.06368
1.05601
1.04829
1.04057
1.03289
1.02533
1.0179
1.01068
1.0037
0.996986
0.990589
0.984539
0.978867
0.973591
0.968739
0.964329
0.960373
0.95689
0.953869
0.951336
0.949272
0.947067
0.946564
0.945904
0.945686
0.9459
0.946995
0.947556
0.948959
0.950706
0.95393
0.956444
0.959206
0.960678
0.965401
0.968765
0.97226
0.975864
0.979549
0.983288
0.988918
0.992653
0.996338
0.999954
1.00348
1.00688
1.01013
1.0117
1.01613
1.01885
1.02139
1.02371
1.02583
1.02775
1.02945
1.03158
1.03218
1.0332
1.03401
1.0348
1.03506
1.0351
1.03495
1.0346
1.03407
1.03337
1.03251
1.0315
1.03035
1.02909
1.02699
1.02625
1.02469
1.02308
1.0214
1.01883
1.01709
1.01533
1.01358
1.01184
1.01012
1.00843
1.00679
1.0052
1.00292
1.0022
1.00081
0.999512
0.998299
0.996662
0.995701
0.994843
0.994091
0.993446
0.992912
0.992489
0.992176
0.991974
0.991875
0.991875
0.991974
0.992168
0.992447
0.992809
0.9935
0.994049
0.994659
0.995319
0.996033
0.996784
0.99757
0.99839
0.999233
1.00009
1.00095
1.00184
1.00271
1.00357
1.00483
1.00525
1.00605
1.00721
1.00793
1.00862
1.00926
1.00986
1.01041
1.01091
1.01135
1.01174
1.01208
1.01236
1.01267
1.01275
1.01286
1.01293
1.01294
1.0129
1.01275
1.01268
1.01251
1.01218
1.01205
1.01162
1.01129
1.01112
1.01057
1.01018
1.00978
1.00936
1.00893
1.00851
1.00808
1.00765
1.00723
1.0068
1.0064
1.00601
1.00563
1.00526
1.00491
1.00457
1.00426
1.00397
1.0037
1.00346
1.00324
1.00296
1.00288
1.00274
1.00257
1.00249
1.00244
1.00241
1.00241
1.00243
1.00247
1.00253
1.00262
1.00272
1.00285
1.00298
1.00314
1.0033
1.00348
1.00366
1.00385
1.00405
1.00437
1.00448
1.00469
1.00501
1.00523
1.00533
1.00563
1.00581
1.006
1.00618
1.00634
1.00649
1.00665
1.00677
1.00689
1.007
1.00709
1.00718
1.00725
1.00731
1.00737
1.0074
1.00743
1.00743
1.00743
1.00742
1.00739
1.00736
1.00732
1.00726
1.00719
1.00713
1.00706
1.00697
1.00688
1.00679
1.00669
1.0066
1.00651
1.00642
1.00633
1.00624
1.00615
1.00601
1.00592
1.00583
1.00573
1.00564
1.00555
1.00549
1.00543
1.00537
1.00531
1.00525
1.0052
1.00517
1.00514
1.0051
1.00508
1.00506
1.00506
1.00506
1.00506
1.00506
1.00506
1.00508
1.00512
1.00515
1.00518
1.00521
1.00524
1.00527
1.0053
1.00533
1.00536
1.00541
1.00547
1.00554
1.0056
1.00566
1.00572
1.00577
1.0058
1.00583
1.00586
1.00589
1.00592
1.00595
1.00598
1.00601
1.00604
1.00607
1.0061
1.00613
1.00616
1.00617
1.00617
1.00617
1.00617
1.00617
1.00617
1.00617
1.00617
1.00617
1.00617
1.00617
1.00617
1.00616
1.00613
1.0061
1.00607
1.00603
1.006
1.00597
1.00594
1.00591
1.00588
1.00585
1.00581
1.00578
1.00574
1.00571
1.00568
1.00565
1.00562
1.00562
1.00562
1.00562
1.00562
1.00562
1.00562
1.00562
1.00562
1.00562
1.00562
1.00562
1.00562
1.00562
1.00562
1.00562
1.00562
1.00562
1.00562
1.00562
1.00562
1.00562
1.00562
1.00562
1.00562
1.00562
1.00562
1.00562
1.00565
1.00568
1.00572
1.00575
1.00578
1.0058
1.00584
1.00587
1.00589
1.00589
1.00589
1.00589
1.00589
1.00589
1.00589
1.00589
1.00589
1.00589
1.00589
1.00589
1.00589
1.00589
1.00589
1.00589
1.00589
1.00589
1.00589
1.00589
1.00589
1.00589
1.00589
1.00589
1.00589
1.00589
1.00589
1.00589
1.00589
1.00589
1.00589
1.00589
1.00589
1.00589
1.00589
1.00589
1.00589
1.00589
1.00589
1.00589
1.00589
1.00589
1.00589
1.00589
1.00589
1.00589
1.00589
1.00589
1.00589
1.00589
1.00589
1.00589
1.00589
1.00589
1.00589
1.00589
1.00589
1.00589
1.00589
1.00589
1.00589
1.00589
1.00589
1.00589
1.00589
1.00589
1.00589
1.00589
1.00589
1.00589
1.00589
1.00589
1.00589
1.00589
1.00589
1.00589
1.00589
1.00589
1.00589
1.00589
1.00589
1.00589
1.00589
1.00589
1.00589
1.00589
1.00589
1.00589
1.00589
1.00589
1.00589
1.00589
1.00589
1.00589
1.00589
1.00589
1.00589
1.00589
1.00589
1.00589
1.00589
1.00589
1.00589
1.00589
1.00589
1.00589
1.00589
1.00589
1.00589
1.00589
1.00589
1.00589
1.00589
1.00589
1.00589
1.00589
1.00589
1.00589
1.00589
1.00589
1.00589
1.00589
1.00589
1.00589
1.00589
1.00589
1.00589
1.00589
1.00589
1.00589
1.00589
1.00589
1.00589
1.00589
1.00589
1.00589
1.00589
1.00589
1.00589
1.00589
1.00589
1.00589
1.00589
1.00589
1.00589
1.00589
1.00589
1.00589
1.00589
1.00589
1.00589
1.00589
1.00589
1.00589
1.00589
1.00589
1.00589
1.00589
1.00589
1.00589
1.00589
1.00589
1.00589
1.00589
1.00589
1.00589
1.00589
1.00589
1.00589
1.00589
1.00589
1.00589
1.00589
1.00589
1.00589
1.00589
1.00589
1.00589
1.00589
1.00589
1.00589
1.00589
1.00589
1.00589
1.00589
1.00589
1.00589
1.00589
1.00589
1.00589
1.00589
1.00589
1.00589
1.00589
1.00589
1.00589
1.00589
1.00589
1.00589
1.00589
1.00589
1.00589
1.00589
1.00589
1.00589
1.00589
1.00589
1.00589
1.00589
1.00589
1.00589
1.00589
1.00589
1.00589
1.00589
1.00589
1.00589
1.00589
1.00589
1.00589
1.00589
1.00589
1.00589
1.00589
1.00589
1.00589
1.00589
1.00589
1.00589
1.00589
1.00589
1.00589
1.00589
1.00589
1.00589
1.00589
1.00589
1.00589
1.00589
1.00589
1.00589
1.00589
1.00589
1.00589
1.00589
1.00589
1.00589
1.00589
1.00589
1.00589
1.00589
1.00589
1.00589
1.00589
1.00589
1.00589
1.00589
1.00589
1.00589
1.00589
1.00589
1.00589
1.00589
1.00589
1.00589
1.00589
1.00589
1.00589
1.00589
1.00589
1.00589
1.00589
1.00589
1.00589
1.00589
1.00589
1.00589
1.00589
1.00589
1.00589
1.00589
1.00589
1.00589
1.00589
1.00589
1.00589
1.00589
1.00589
1.00589
1.00589
1.00589
1.00589
1.00589
1.00589
1.00589
1.00589
1.00589
1.00589
1.00589
1.00589
1.00589
1.00589
1.00589
1.00589
1.00589
1.00589
1.00589
1.00589
1.00589
1.00589
1.00589
1.00589
1.00589
1.00589
1.00589
1.00589
1.00589
1.00589
1.00589
1.00589
1.00589
1.00589
1.00589
1.00589
1.00589
1.00589
1.00589
1.00589
1.00589
1.00589
1.00589
1.00589
1.00589
1.00589
1.00589
1.00589
1.00589
1.00589
1.00589
1.00589
1.00589
1.00589
1.00589
1.00589
1.00589
1.00589
1.00589
1.00589
1.00589
1.00589
1.00589
1.00589
1.00589
1.00589
1.00589
1.00589
1.00589
1.00589
1.00589
1.00589
1.00589
1.00589
1.00589
1.00589
1.00589
1.00589
1.00589
1.00589
1.00589
1.00589
1.00589
1.00589
1.00589
1.00589
1.00589
1.00589
1.00589
1.00589
1.00589
1.00589
1.00589
1.00589
1.00589
1.00589
1.00589
1.00589
1.00589
1.00589
1.00589
1.00589
1.00589
1.00589
1.00589
1.00589
1.00589
1.00589
1.00589
1.00589
1.00589
1.00589
1.00589
1.00589
1.00589
1.00589
1.00589
1.00589
1.00589
1.00589
1.00589
1.00589
1.00589
1.00589
1.00589
1.00589
1.00589
1.00589
1.00589
1.00589
1.00589
1.00589
1.00589
1.00589
1.00589
1.00589
1.00589
1.00589
1.00589
1.00589
1.00589
1.00589
1.00589
1.00589
1.00589
1.00589
1.00589
1.00589
1.00589
1.00589
1.00589
1.00589
1.00589
1.00589
1.00589
1.00589
1.00589
1.00589
1.00589
1.00589
1.00589
1.00589
1.00589
1.00589
1.00589
1.00589
1.00589
1.00589
1.00589
1.00589
1.00589
1.00589
1.00589
1.00589
1.00589
1.00589
1.00589
1.00589
1.00589
1.00589
1.00589
1.00589
1.00589
1.00589
1.00589
1.00589
1.00589
1.00589
1.00589
1.00589
1.00589
1.00589
1.00589
1.00589
1.00589
1.00589
1.00589
1.00589
1.00589
1.00589
1.00589
1.00589
1.00589
1.00589
1.00589
1.00589
1.00589
1.00589
1.00589
1.00589
1.00589
1.00589
