0
0
0
0
0
3.8147e-06
0.000305176
0.00114059
0.00285149
0.00572777
0.010025
0.0159874
0.0238419
0.0337944
0.0460339
0.0606728
0.0777397
0.0972309
0.119137
0.143457
0.184462
0.199333
0.247507
0.2647
0.319254
0.338314
0.37752
0.438566
0.48037
0.522768
0.565517
0.58696
0.651249
0.693735
0.735659
0.776838
0.817148
0.85647
0.894619
0.931423
0.966763
1.00053
1.03265
1.06303
1.09161
1.13099
1.15487
1.17682
1.19682
1.21487
1.23095
1.24507
1.25724
1.26751
1.27594
1.28258
1.28749
1.29076
1.29248
1.29275
1.29163
1.28753
1.28328
1.27791
1.27149
1.26412
1.25588
1.24685
1.23711
1.22677
1.21589
1.20457
1.19289
1.18092
1.16875
1.15025
1.14404
1.13164
1.11314
1.10097
1.08899
1.07725
1.06579
1.05465
1.04385
1.0334
1.02335
1.01373
1.00455
0.995844
0.991678
0.979931
0.972748
0.966095
0.95998
0.954403
0.949356
0.944847
0.940876
0.937435
0.933249
0.932106
0.930199
0.928232
0.927498
0.927204
0.927332
0.927858
0.928766
0.930027
0.93162
0.933519
0.935703
0.938145
0.940819
0.943699
0.946764
0.949987
0.953352
0.956825
0.96039
0.964022
0.967701
0.973261
0.976969
0.980661
0.984316
0.987917
0.991442
0.994877
0.998211
1.00144
1.00454
1.00753
1.01037
1.01308
1.01565
1.01808
1.02143
1.02346
1.02534
1.02704
1.02859
1.02997
1.03118
1.03222
1.03311
1.03383
1.0344
1.03498
1.03519
1.03524
1.03525
1.03513
1.0349
1.03454
1.03409
1.03353
1.03288
1.03175
1.03091
1.03
1.02903
1.02801
1.02695
1.02586
1.02473
1.02358
1.02241
1.02123
1.02004
1.01885
1.01767
1.01592
1.01477
1.01365
1.01256
1.01149
1.01047
1.00948
1.00901
1.00764
1.0068
1.006
1.00525
1.00455
1.00391
1.00332
1.00278
1.0023
1.00168
1.0015
1.00104
1.00079
1.0006
1.00045
1.00035
1.00029
1.00028
1.00031
1.00037
1.00047
1.00069
1.00078
1.00098
1.00132
1.00158
1.00187
1.00217
1.00249
1.00282
1.00316
1.00352
1.00388
1.00425
1.00461
1.00498
1.00534
1.00571
1.00608
1.00661
1.00696
1.00729
1.00762
1.00794
1.00825
1.00854
1.00882
1.00908
1.00933
1.00956
1.00989
1.01008
1.01026
1.01042
1.01056
1.01069
1.01081
1.0109
1.01098
1.01105
1.01111
1.01114
1.01115
1.01115
1.01114
1.01111
1.01108
1.01103
1.01097
1.01087
1.01079
1.0107
1.01061
1.01051
1.0104
1.0103
1.01019
1.01007
1.00995
1.00983
1.00971
1.00958
1.00946
1.00934
1.00922
1.0091
1.00894
1.00883
1.00873
1.00863
1.00853
1.00844
1.00835
1.00827
1.00819
1.00812
1.00805
1.00799
1.00793
1.00788
1.00783
1.00777
1.00774
1.00771
1.00768
1.00766
1.00765
1.00764
1.00764
1.00764
1.00764
1.00764
1.00766
1.00767
1.00769
1.0077
1.00773
1.00776
1.00779
1.00782
1.00786
1.00788
1.00791
1.00796
1.00799
1.00802
1.00805
1.00808
1.00811
1.00814
1.00817
1.0082
1.00823
1.00826
1.00829
1.00832
1.00835
1.00838
1.00841
1.00846
1.00847
1.00852
1.00854
1.00858
1.00859
1.00862
1.00863
1.00865
1.00866
1.00868
1.00869
1.00871
1.00872
1.00873
1.00873
1.00873
1.00873
1.00873
1.00873
1.00873
1.00873
1.00873
1.00873
1.00873
1.00873
1.00873
1.00872
1.0087
1.00868
1.00867
1.00865
1.00863
1.00862
1.0086
1.00859
1.00857
1.00856
1.00854
1.00853
1.00851
1.0085
1.00848
1.00847
1.00845
1.00844
1.00842
1.00841
1.0084
1.0084
1.0084
1.0084
1.0084
1.0084
1.0084
1.0084
1.0084
1.0084
1.0084
1.0084
1.0084
1.0084
1.0084
1.0084
1.0084
1.0084
1.0084
1.0084
1.0084
1.0084
1.0084
1.0084
1.0084
1.0084
1.0084
1.0084
1.0084
1.0084
1.0084
1.0084
1.0084
1.0084
1.0084
1.0084
1.0084
1.0084
1.0084
1.0084
1.0084
1.0084
1.0084
1.0084
1.0084
1.0084
1.0084
1.0084
1.0084
1.0084
1.0084
1.0084
1.0084
1.0084
1.0084
1.0084
1.0084
1.0084
1.0084
1.0084
1.0084
1.0084
1.0084
1.0084
1.0084
1.0084
1.0084
1.0084
1.0084
1.0084
1.0084
1.0084
1.0084
1.0084
1.0084
1.0084
1.0084
1.0084
1.0084
1.0084
1.0084
1.0084
1.0084
1.0084
1.0084
1.0084
1.0084
1.0084
1.0084
1.0084
1.0084
1.0084
1.0084
1.0084
1.0084
1.0084
1.0084
1.0084
1.0084
1.0084
1.0084
1.0084
1.0084
1.0084
1.0084
1.0084
1.0084
1.0084
1.0084
1.0084
1.0084
1.0084
1.0084
1.0084
1.0084
1.0084
1.0084
1.0084
1.0084
1.0084
1.0084
1.0084
1.0084
1.0084
1.0084
1.0084
1.0084
1.0084
1.0084
1.0084
1.0084
1.0084
1.0084
1.0084
1.0084
1.0084
1.0084
1.0084
1.0084
1.0084
1.0084
1.0084
1.0084
1.0084
1.0084
1.0084
1.0084
1.0084
1.0084
1.0084
1.0084
1.0084
1.0084
1.0084
1.0084
1.0084
1.0084
1.0084
1.0084
1.0084
1.0084
1.0084
1.0084
1.0084
1.0084
1.0084
1.0084
1.0084
1.0084
1.0084
1.0084
1.0084
1.0084
1.0084
1.0084
1.0084
1.0084
1.0084
1.0084
1.0084
1.0084
1.0084
1.0084
1.0084
1.0084
1.0084
1.0084
1.0084
1.0084
1.0084
1.0084
1.0084
1.0084
1.0084
1.0084
1.0084
1.0084
1.0084
1.0084
1.0084
1.0084
1.0084
1.0084
1.0084
1.0084
1.0084
1.0084
1.0084
1.0084
1.0084
1.0084
1.0084
1.0084
1.0084
1.0084
1.0084
1.0084
1.0084
1.0084
1.0084
1.0084
1.0084
1.0084
1.0084
1.0084
1.0084
1.0084
1.0084
1.0084
1.0084
1.0084
1.0084
1.0084
1.0084
1.0084
1.0084
1.0084
1.0084
1.0084
1.0084
1.0084
1.0084
1.0084
1.0084
1.0084
1.0084
1.0084
1.0084
1.0084
1.0084
1.0084
1.0084
1.0084
1.0084
1.0084
1.0084
1.0084
1.0084
1.0084
1.0084
1.0084
1.0084
1.0084
1.0084
1.0084
1.0084
1.0084
1.0084
1.0084
1.0084
1.0084
1.0084
1.0084
1.0084
1.0084
1.0084
1.0084
1.0084
1.0084
1.0084
1.0084
1.0084
1.0084
1.0084
1.0084
1.0084
1.0084
1.0084
1.0084
1.0084
1.0084
1.0084
1.0084
1.0084
1.0084
1.0084
1.0084
1.0084
1.0084
1.0084
1.0084
1.0084
1.0084
1.0084
1.0084
1.0084
1.0084
1.0084
1.0084
1.0084
1.0084
1.0084
1.0084
1.0084
1.0084
1.0084
1.0084
1.0084
1.0084
1.0084
1.0084
1.0084
1.0084
1.0084
1.0084
1.0084
1.0084
1.0084
1.0084
1.0084
1.0084
1.0084
1.0084
1.0084
1.0084
1.0084
1.0084
1.0084
1.0084
1.0084
1.0084
1.0084
1.0084
1.0084
1.0084
1.0084
1.0084
1.0084
1.0084
1.0084
1.0084
1.0084
1.0084
1.0084
1.0084
1.0084
1.0084
1.0084
1.0084
1.0084
1.0084
1.0084
1.0084
1.0084
1.0084
1.0084
1.0084
1.0084
1.0084
1.0084
1.0084
1.0084
1.0084
1.0084
1.0084
1.0084
1.0084
1.0084
1.0084
1.0084
1.0084
1.0084
1.0084
1.0084
1.0084
1.0084
1.0084
1.0084
1.0084
1.0084
1.0084
1.0084
1.0084
1.0084
1.0084
1.0084
1.0084
1.0084
1.0084
1.0084
1.0084
1.0084
1.0084
1.0084
1.0084
1.0084
1.0084
1.0084
1.0084
1.0084
1.0084
1.0084
1.0084
1.0084
1.0084
1.0084
1.0084
1.0084
1.0084
1.0084
1.0084
1.0084
1.0084
1.0084
1.0084
1.0084
1.0084
1.0084
1.0084
1.0084
1.0084
1.0084
1.0084
1.0084
1.0084
1.0084
1.0084
1.0084
1.0084
1.0084
1.0084
1.0084
1.0084
1.0084
1.0084
1.0084
1.0084
1.0084
1.0084
1.0084
1.0084
1.0084
1.0084
1.0084
1.0084
1.0084
1.0084
1.0084
1.0084
1.0084
1.0084
1.0084
1.0084
1.0084
1.0084
1.0084
1.0084
1.0084
1.0084
1.0084
1.0084
1.0084
1.0084
1.0084
1.0084
1.0084
1.0084
1.0084
1.0084
1.0084
1.0084
1.0084
1.0084
1.0084
1.0084
1.0084
1.0084
1.0084
1.0084
1.0084
1.0084
1.0084
1.0084
1.0084
1.0084
1.0084
1.0084
1.0084
1.0084
1.0084
1.0084
1.0084
1.0084
1.0084
1.0084
1.0084
1.0084
1.0084
1.0084
1.0084
1.0084
1.0084
1.0084
1.0084
1.0084
1.0084
1.0084
1.0084
1.0084
1.0084
1.0084
1.0084
1.0084
1.0084
1.0084
1.0084
1.0084
1.0084
1.0084
1.0084
1.0084
1.0084
1.0084
1.0084
1.0084
1.0084
1.0084
1.0084
1.0084
1.0084
1.0084
1.0084
1.0084
1.0084
1.0084
1.0084
1.0084
1.0084
1.0084
1.0084
1.0084
1.0084
1.0084
1.0084
1.0084
1.0084
1.0084
1.0084
1.0084
1.0084
1.0084
1.0084
1.0084
1.0084
1.0084
1.0084
1.0084
1.0084
1.0084
1.0084
1.0084
1.0084
1.0084
1.0084
1.0084
1.0084
1.0084
1.0084
1.0084
1.0084
1.0084
1.0084
1.0084
1.0084
1.0084
1.0084
1.0084
1.0084
1.0084
1.0084
1.0084
1.0084
1.0084
1.0084
1.0084
1.0084
1.0084
1.0084
1.0084
1.0084
1.0084
1.0084
1.0084
1.0084
1.0084
1.0084
1.0084
1.0084
1.0084
1.0084
1.0084
1.0084
1.0084
1.0084
1.0084
1.0084
1.0084
1.0084
1.0084
1.0084
1.0084
1.0084
1.0084
1.0084
1.0084
1.0084
1.0084
1.0084
1.0084
1.0084
1.0084
1.0084
