0
0
0
0
5.72205e-06
0.000308037
0.00113964
0.00278473
0.00528622
0.00857544
0.0125837
0.0172539
0.0225353
0.0283813
0.0347433
0.0415821
0.0488586
0.0565319
0.0645676
0.0729313
0.08603
0.0950861
0.0997038
0.1091
0.118691
0.133391
0.14337
0.153469
0.163673
0.173966
0.184331
0.194753
0.205215
0.215709
0.226221
0.236742
0.252514
0.257764
0.268248
0.278702
0.294311
0.304657
0.31495
0.325185
0.335352
0.345447
0.355466
0.365409
0.375271
0.38505
0.394741
0.404343
0.413851
0.423264
0.432578
0.446362
0.455423
0.464379
0.473229
0.481973
0.490606
0.49913
0.507543
0.515843
0.524033
0.532109
0.544017
0.547931
0.555675
0.563308
0.574549
0.57824
0.585541
0.589149
0.596287
0.613659
0.620423
0.627086
0.633649
0.640114
0.646478
0.65274
0.658901
0.664963
0.670925
0.676789
0.682556
0.688229
0.693806
0.699291
0.704685
0.709988
0.715199
0.720324
0.72536
0.73031
0.735176
0.739959
0.744658
0.749277
0.753817
0.758277
0.76266
0.769092
0.771198
0.775355
0.781454
0.783451
0.789336
0.793173
0.796942
0.800644
0.804279
0.807852
0.811357
0.816502
0.81986
0.82316
0.826399
0.829583
0.832708
0.837294
0.838795
0.841755
0.846095
0.847516
0.851702
0.853071
0.857106
0.859735
0.861032
0.864849
0.867336
0.869778
0.872174
0.874527
0.876836
0.880223
0.882431
0.884598
0.886726
0.888816
0.890867
0.892881
0.894858
0.896799
0.898705
0.900575
0.903316
0.904212
0.906854
0.907718
0.910262
0.911918
0.912734
0.915137
0.915923
0.918241
0.919747
0.920491
0.921957
0.923395
0.925504
0.926193
0.927553
0.929546
0.930199
0.932119
0.93337
0.933986
0.935802
0.936983
0.938144
0.939281
0.940399
0.941497
0.942038
0.94363
0.944667
0.945683
0.946682
0.947662
0.948625
0.949569
0.950496
0.951406
0.952299
0.953176
0.954464
0.955303
0.955717
0.956936
0.957729
0.958508
0.959273
0.960025
0.960761
0.961484
0.962194
0.962892
0.963575
0.964246
0.964905
0.96555
0.966186
0.966808
0.96742
0.968019
0.968609
0.969472
0.969754
0.970586
0.970858
0.971395
0.972181
0.972694
0.973197
0.97369
0.974174
0.97465
0.975118
0.975576
0.976027
0.976687
0.976904
0.97733
0.977749
0.97816
0.978762
0.979155
0.97954
0.979918
0.98029
0.980656
0.981014
0.981365
0.981709
0.982047
0.982379
0.982705
0.983026
0.983338
0.983646
0.984097
0.984246
0.984681
0.984822
0.985241
0.985515
0.985648
0.986044
0.986302
0.986554
0.986802
0.987046
0.987284
0.987519
0.987748
0.987974
0.988195
0.988413
0.988626
0.988939
0.989042
0.989344
0.989443
0.989734
0.989924
0.990018
0.990293
0.990472
0.990647
0.990821
0.990989
0.991157
0.991319
0.991479
0.991637
0.99179
0.991942
0.99209
0.992235
0.99238
0.992519
0.992725
0.992794
0.992926
0.993055
0.993185
0.993371
0.993493
0.993615
0.993731
0.993845
0.993959
0.994072
0.994179
0.994339
0.994392
0.994497
0.994646
0.994745
0.994844
0.994939
0.99503
0.995122
0.995214
0.995304
0.995388
0.995472
0.995556
0.995682
0.995722
0.995836
0.995913
0.995989
0.996065
0.996172
0.996241
0.996309
0.996378
0.996447
0.996515
0.996577
0.996638
0.99673
0.996791
0.996852
0.996913
0.996969
0.997023
0.997076
0.997129
0.997183
0.997236
0.99729
0.997343
0.99739
0.997458
0.997481
0.997527
0.997573
0.997642
0.997664
0.99771
0.997775
0.997813
0.997851
0.99789
0.997928
0.997966
0.998004
0.998061
0.998099
0.998137
0.998174
0.998204
0.998235
0.998265
0.998296
0.998326
0.998357
0.998387
0.998418
0.998448
0.998479
0.998509
0.99854
0.99857
0.998595
0.998618
0.998641
0.998664
0.998687
0.99871
0.998733
0.998767
0.998778
0.998813
0.998824
0.998858
0.998881
0.998904
0.998927
0.99895
0.998973
0.998995
0.99901
0.999025
0.999041
0.999056
0.999071
0.999086
0.999102
0.999117
0.999132
0.999147
0.99917
0.999178
0.999193
0.999216
0.999224
0.999247
0.999262
0.999277
0.999292
0.999308
0.999323
0.999338
0.999353
0.999369
0.999384
0.999399
0.99941
0.999417
0.999425
0.999433
0.99944
0.999448
0.999455
0.999467
0.999475
0.999482
0.99949
0.999497
0.999505
0.999513
0.99952
0.999528
0.999536
0.999543
0.999551
0.999562
0.99957
0.999578
0.999585
0.999593
0.9996
0.999608
0.999619
0.999627
0.999635
0.999642
0.99965
0.999658
0.999665
0.999677
0.999681
0.999692
0.999696
0.999707
0.999715
0.999719
0.99973
0.999738
0.999745
0.999753
0.999761
0.999768
0.999776
0.999784
0.999791
0.999799
0.999806
0.999814
0.999822
0.999829
0.99983
0.99983
0.99983
0.99983
0.99983
0.99983
0.99983
0.99983
0.99983
0.99983
0.99983
0.99983
0.99983
0.99983
0.99983
0.99983
0.99983
0.99983
0.99983
0.99983
0.99983
0.99983
0.99983
0.99983
0.99983
0.99983
0.99983
0.99983
0.99983
0.99983
0.99983
0.99983
0.99983
0.99983
0.99983
0.99983
0.99983
0.99983
0.99983
0.99983
0.99983
0.99983
0.99983
0.99983
0.99983
0.99983
0.99983
0.99983
0.99983
0.99983
0.99983
0.99983
0.99983
0.99983
0.99983
0.99983
0.99983
0.99983
0.99983
0.99983
0.99983
0.99983
0.99983
0.99983
0.99983
0.99983
0.99983
0.99983
0.99983
0.99983
0.99983
0.99983
0.99983
0.99983
0.99983
0.99983
0.99983
0.99983
0.99983
0.99983
0.99983
0.99983
0.99983
0.99983
0.99983
0.99983
0.99983
0.99983
0.99983
0.99983
0.99983
0.99983
0.99983
0.99983
0.99983
0.99983
0.99983
0.99983
0.99983
0.99983
0.99983
0.99983
0.99983
0.99983
0.99983
0.99983
0.99983
0.99983
0.99983
0.99983
0.99983
0.99983
0.99983
0.99983
0.99983
0.99983
0.99983
0.99983
0.99983
0.99983
0.99983
0.99983
0.99983
0.99983
0.99983
0.99983
0.99983
0.99983
0.99983
0.99983
0.99983
0.99983
0.99983
0.99983
0.99983
0.99983
0.99983
0.99983
0.99983
0.99983
0.99983
0.99983
0.99983
0.99983
0.99983
0.99983
0.99983
0.99983
0.99983
0.99983
0.99983
0.99983
0.99983
0.99983
0.99983
0.99983
0.99983
0.99983
0.99983
0.99983
0.99983
0.99983
0.99983
0.99983
0.99983
0.99983
0.99983
0.99983
0.99983
0.99983
0.99983
0.99983
0.99983
0.99983
0.99983
0.99983
0.99983
0.99983
0.99983
0.99983
0.99983
0.99983
0.99983
0.99983
0.99983
0.99983
0.99983
0.99983
0.99983
0.99983
0.99983
0.99983
0.99983
0.99983
0.99983
0.99983
0.99983
0.99983
0.99983
0.99983
0.99983
0.99983
0.99983
0.99983
0.99983
0.99983
0.99983
0.99983
0.99983
0.99983
0.99983
0.99983
0.99983
0.99983
0.99983
0.99983
0.99983
0.99983
0.99983
0.99983
0.99983
0.99983
0.99983
0.99983
0.99983
0.99983
0.99983
0.99983
0.99983
0.99983
0.99983
0.99983
0.99983
0.99983
0.99983
0.99983
0.99983
0.99983
0.99983
0.99983
0.99983
0.99983
0.99983
0.99983
0.99983
0.99983
0.99983
0.99983
0.99983
0.99983
0.99983
0.99983
0.99983
0.99983
0.99983
0.99983
0.99983
0.99983
0.99983
0.99983
0.99983
0.99983
0.99983
0.99983
0.99983
0.99983
0.99983
0.99983
0.99983
0.99983
0.99983
0.99983
0.99983
0.99983
0.99983
0.99983
0.99983
0.99983
0.99983
0.99983
0.99983
0.99983
0.99983
0.99983
0.99983
0.99983
0.99983
0.99983
0.99983
0.99983
0.99983
0.99983
0.99983
0.99983
0.99983
0.99983
0.99983
0.99983
0.99983
0.99983
0.99983
0.99983
0.99983
0.99983
0.99983
0.99983
0.99983
0.99983
0.99983
0.99983
0.99983
0.99983
0.99983
0.99983
0.99983
0.99983
0.99983
0.99983
0.99983
0.99983
0.99983
0.99983
0.99983
0.99983
0.99983
0.99983
0.99983
0.99983
0.99983
0.99983
0.99983
0.99983
0.99983
0.99983
0.99983
0.99983
0.99983
0.99983
0.99983
0.99983
0.99983
0.99983
0.99983
0.99983
0.99983
0.99983
0.99983
0.99983
0.99983
0.99983
0.99983
0.99983
0.99983
0.99983
0.99983
0.99983
0.99983
0.99983
0.99983
0.99983
0.99983
0.99983
0.99983
0.99983
0.99983
0.99983
0.99983
0.99983
0.99983
0.99983
0.99983
0.99983
0.99983
0.99983
0.99983
0.99983
0.99983
0.99983
0.99983
0.99983
0.99983
0.99983
0.99983
0.99983
0.99983
0.99983
0.99983
0.99983
0.99983
0.99983
0.99983
0.99983
0.99983
0.99983
0.99983
0.99983
0.99983
0.99983
0.99983
0.99983
0.99983
0.99983
0.99983
0.99983
0.99983
0.99983
0.99983
0.99983
0.99983
0.99983
0.99983
0.99983
0.99983
0.99983
0.99983
0.99983
0.99983
0.99983
0.99983
0.99983
0.99983
0.99983
0.99983
0.99983
0.99983
0.99983
0.99983
0.99983
0.99983
0.99983
0.99983
0.99983
0.99983
0.99983
0.99983
0.99983
0.99983
0.99983
0.99983
0.99983
0.99983
0.99983
0.99983
0.99983
0.99983
0.99983
0.99983
0.99983
0.99983
0.99983
0.99983
0.99983
0.99983
0.99983
0.99983
0.99983
0.99983
0.99983
0.99983
0.99983
0.99983
0.99983
0.99983
0.99983
0.99983
0.99983
0.99983
0.99983
0.99983
0.99983
0.99983
0.99983
0.99983
0.99983
0.99983
0.99983
0.99983
0.99983
0.99983
0.99983
0.99983
0.99983
0.99983
0.99983
0.99983
0.99983
0.99983
0.99983
0.99983
0.99983
0.99983
0.99983
0.99983
0.99983
0.99983
0.99983
0.99983
0.99983
0.99983
0.99983
0.99983
0.99983
0.99983
0.99983
0.99983
0.99983
0.99983
0.99983
0.99983
0.99983
0.99983
0.99983
0.99983
0.99983
0.99983
0.99983
0.99983
0.99983
0.99983
0.99983
0.99983
0.99983
0.99983
0.99983
0.99983
0.99983
0.99983
0.99983
0.99983
0.99983
0.99983
0.99983
0.99983
