0
0
0
0
5.72205e-06
0.000123024
0.000634193
0.0018692
0.00413227
0.00769043
0.015996
0.0196705
0.0285444
0.0460339
0.053051
0.0777416
0.0972309
0.119138
0.143458
0.170149
0.199023
0.229826
0.262318
0.296265
0.331444
0.367643
0.404718
0.442491
0.500033
0.538713
0.577439
0.616046
0.654366
0.692226
0.729443
0.765875
0.81881
0.835949
0.8694
0.91735
0.9327
0.962379
1.00424
1.03032
1.05489
1.07794
1.09944
1.11939
1.13783
1.15478
1.17025
1.18424
1.19677
1.20786
1.21755
1.22587
1.23284
1.23853
1.24297
1.24621
1.24829
1.24926
1.24917
1.24718
1.24469
1.24134
1.23719
1.2323
1.22674
1.22055
1.21381
1.20657
1.19493
1.18672
1.17821
1.16948
1.16055
1.1515
1.14234
1.13312
1.12386
1.11462
1.10542
1.09631
1.08733
1.0785
1.06987
1.06143
1.05322
1.04525
1.03755
1.03014
1.02304
1.01625
1.00979
1.00367
0.997902
0.992485
0.987427
0.982728
0.978395
0.974422
0.97081
0.967555
0.964652
0.962096
0.95988
0.957173
0.956431
0.95467
0.954233
0.95335
0.953105
0.95312
0.953384
0.95388
0.954594
0.955512
0.956622
0.957905
0.959348
0.960937
0.962657
0.964494
0.966434
0.968464
0.97057
0.972738
0.974957
0.977214
0.979497
0.981797
0.985253
0.987547
0.988687
0.992068
0.994278
0.996441
0.99855
1.0006
1.00258
1.0045
1.00634
1.00811
1.0098
1.01141
1.01294
1.01439
1.01575
1.01702
1.01821
1.0193
1.0203
1.02122
1.02204
1.02311
1.02372
1.02424
1.02447
1.02503
1.02531
1.02551
1.02564
1.02569
1.02568
1.0256
1.02547
1.02527
1.02503
1.02473
1.02438
1.02379
1.02335
1.02287
1.02237
1.02184
1.02128
1.02071
1.02012
1.01951
1.0189
1.01828
1.01765
1.01703
1.0164
1.01578
1.01517
1.01456
1.01396
1.01338
1.01253
1.01226
1.01172
1.01121
1.01071
1.01
1.00956
1.00914
1.00875
1.00838
1.00803
1.00771
1.00742
1.00715
1.0069
1.00668
1.00649
1.00632
1.00617
1.00605
1.00595
1.00587
1.00581
1.00577
1.00575
1.00575
1.00578
1.00582
1.00587
1.00594
1.00603
1.00612
1.00622
1.00634
1.00646
1.0066
1.00681
1.00688
1.00703
1.00727
1.00735
1.00759
1.00775
1.00791
1.00807
1.00823
1.00839
1.00855
1.00871
1.00886
1.00901
1.00916
1.0093
1.00944
1.00963
1.00969
1.00987
1.00998
1.01008
1.01013
1.01027
1.01035
1.01043
1.0105
1.01057
1.01062
1.01068
1.01072
1.01076
1.0108
1.01082
1.01085
1.01086
1.01087
1.01088
1.01088
1.01088
1.01087
1.01086
1.01084
1.01082
1.0108
1.01077
1.01074
1.01071
1.01068
1.01064
1.01058
1.01057
1.01053
1.01049
1.01043
1.01039
1.01034
1.0103
1.01027
1.01021
1.01017
1.01013
1.01009
1.01006
1.01002
1.00998
1.00994
1.00991
1.00988
1.00985
1.00982
1.00978
1.00976
1.00973
1.00971
1.00969
1.00966
1.00964
1.00963
1.00961
1.0096
1.00958
1.00957
1.00957
1.00955
1.00955
1.00954
1.00954
1.00954
1.00954
1.00954
1.00954
1.00954
1.00954
1.00955
1.00955
1.00956
1.00957
1.00958
1.00958
1.00959
1.0096
1.00961
1.00962
1.00963
1.00963
1.00964
1.00965
1.00966
1.00966
1.00967
1.00968
1.00969
1.00969
1.0097
1.00971
1.00972
1.00973
1.00973
1.00974
1.00975
1.00976
1.00977
1.00977
1.00978
1.00979
1.0098
1.0098
1.00981
1.00982
1.00983
1.00984
1.00984
1.00985
1.00986
1.00986
1.00986
1.00986
1.00986
1.00986
1.00986
1.00986
1.00986
1.00986
1.00986
1.00986
1.00986
1.00986
1.00986
1.00986
1.00986
1.00986
1.00986
1.00986
1.00986
1.00986
1.00986
1.00986
1.00986
1.00986
1.00986
1.00986
1.00986
1.00986
1.00986
1.00986
1.00986
1.00986
1.00986
1.00986
1.00986
1.00986
1.00986
1.00986
1.00986
1.00986
1.00986
1.00986
1.00986
1.00986
1.00986
1.00986
1.00986
1.00986
1.00986
1.00986
1.00986
1.00986
1.00986
1.00986
1.00986
1.00986
1.00986
1.00986
1.00986
1.00986
1.00986
1.00986
1.00986
1.00986
1.00986
1.00986
1.00986
1.00986
1.00986
1.00986
1.00986
1.00986
1.00986
1.00986
1.00986
1.00986
1.00986
1.00986
1.00986
1.00986
1.00986
1.00986
1.00986
1.00986
1.00985
1.00985
1.00985
1.00985
1.00985
1.00985
1.00985
1.00985
1.00985
1.00985
1.00985
1.00985
1.00985
1.00985
1.00985
1.00985
1.00985
1.00985
1.00985
1.00985
1.00985
1.00985
1.00985
1.00985
1.00985
1.00985
1.00985
1.00985
1.00985
1.00985
1.00985
1.00985
1.00985
1.00985
1.00985
1.00985
1.00985
1.00985
1.00985
1.00985
1.00985
1.00985
1.00985
1.00985
1.00985
1.00985
1.00985
1.00985
1.00985
1.00985
1.00985
1.00985
1.00985
1.00985
1.00985
1.00985
1.00985
1.00985
1.00985
1.00985
1.00985
1.00985
1.00985
1.00985
1.00985
1.00985
1.00985
1.00985
1.00985
1.00985
1.00985
1.00985
1.00985
1.00985
1.00985
1.00985
1.00985
1.00985
1.00985
1.00985
1.00985
1.00985
1.00985
1.00985
1.00985
1.00985
1.00985
1.00985
1.00985
1.00985
1.00985
1.00985
1.00985
1.00985
1.00985
1.00985
1.00985
1.00985
1.00985
1.00985
1.00985
1.00985
1.00985
1.00985
1.00985
1.00985
1.00985
1.00985
1.00985
1.00985
1.00985
1.00985
1.00985
1.00985
1.00985
1.00985
1.00985
1.00985
1.00985
1.00985
1.00985
1.00985
1.00985
1.00985
1.00985
1.00985
1.00985
1.00985
1.00985
1.00985
1.00985
1.00985
1.00985
1.00985
1.00985
1.00985
1.00985
1.00985
1.00985
1.00985
1.00985
1.00985
1.00985
1.00985
1.00985
1.00985
1.00985
1.00985
1.00985
1.00985
1.00985
1.00985
1.00985
1.00985
1.00985
1.00985
1.00985
1.00985
1.00985
1.00985
1.00985
1.00985
1.00985
1.00985
1.00985
1.00985
1.00985
1.00985
1.00985
1.00985
1.00985
1.00985
1.00985
1.00985
1.00985
1.00985
1.00985
1.00985
1.00985
1.00985
1.00985
1.00985
1.00985
1.00985
1.00985
1.00985
1.00985
1.00985
1.00985
1.00985
1.00985
1.00985
1.00985
1.00985
1.00985
1.00985
1.00985
1.00985
1.00985
1.00985
1.00985
1.00985
1.00985
1.00985
1.00985
1.00985
1.00985
1.00985
1.00985
1.00985
1.00985
1.00985
1.00985
1.00985
1.00985
1.00985
1.00985
1.00985
1.00985
1.00985
1.00985
1.00985
1.00985
1.00985
1.00985
1.00985
1.00985
1.00985
1.00985
1.00985
1.00985
1.00985
1.00985
1.00985
1.00985
1.00985
1.00985
1.00985
1.00985
1.00985
1.00985
1.00985
1.00985
1.00985
1.00985
1.00985
1.00985
1.00985
1.00985
1.00985
1.00985
1.00985
1.00985
1.00985
1.00985
1.00985
1.00985
1.00985
1.00985
1.00985
1.00985
1.00985
1.00985
1.00985
1.00985
1.00985
1.00985
1.00985
1.00985
1.00985
1.00985
1.00985
1.00985
1.00985
1.00985
1.00985
1.00985
1.00985
1.00985
1.00985
1.00985
1.00985
1.00985
1.00985
1.00985
1.00985
1.00985
1.00985
1.00985
1.00985
1.00985
1.00985
1.00985
1.00985
1.00985
1.00985
1.00985
1.00985
1.00985
1.00985
1.00985
1.00985
1.00985
1.00985
1.00985
1.00985
1.00985
1.00985
1.00985
1.00985
1.00985
1.00985
1.00985
1.00985
1.00985
1.00985
1.00985
1.00985
1.00985
1.00985
1.00985
1.00985
1.00985
1.00985
1.00985
1.00985
1.00985
1.00985
1.00985
1.00985
1.00985
1.00985
1.00985
1.00985
1.00985
1.00985
1.00985
1.00985
1.00985
1.00985
1.00985
1.00985
1.00985
1.00985
1.00985
1.00985
1.00985
1.00985
1.00985
1.00985
1.00985
1.00985
1.00985
1.00985
1.00985
1.00985
1.00985
1.00985
1.00985
1.00985
1.00985
1.00985
1.00985
1.00985
1.00985
1.00985
1.00985
1.00985
1.00985
1.00985
1.00985
1.00985
1.00985
1.00985
1.00985
1.00985
1.00985
1.00985
1.00985
1.00985
1.00985
1.00985
1.00985
1.00985
1.00985
1.00985
1.00985
1.00985
1.00985
1.00985
1.00985
1.00985
1.00985
1.00985
1.00985
1.00985
1.00985
1.00985
1.00985
1.00985
1.00985
1.00985
1.00985
1.00985
1.00985
1.00985
1.00985
1.00985
1.00985
1.00985
1.00985
1.00985
1.00985
1.00985
1.00985
1.00985
1.00985
1.00985
1.00985
1.00985
1.00985
1.00985
1.00985
1.00985
1.00985
1.00985
1.00985
1.00985
1.00985
1.00985
1.00985
1.00985
1.00985
1.00985
1.00985
1.00985
1.00985
1.00985
1.00985
1.00985
1.00985
1.00985
1.00985
1.00985
1.00985
1.00985
1.00985
1.00985
1.00985
1.00985
1.00985
1.00985
1.00985
1.00985
1.00985
1.00985
1.00985
1.00985
1.00985
1.00985
1.00985
1.00985
1.00985
1.00985
1.00985
1.00985
1.00985
1.00985
1.00985
1.00985
1.00985
1.00985
1.00985
1.00985
1.00985
1.00985
1.00985
1.00985
1.00985
1.00985
1.00985
1.00985
1.00985
1.00985
1.00985
1.00985
1.00985
1.00985
1.00985
1.00985
1.00985
1.00985
1.00985
1.00985
1.00985
1.00985
1.00985
1.00985
1.00985
1.00985
1.00985
1.00985
1.00985
1.00985
1.00985
1.00985
1.00985
1.00985
1.00985
1.00985
1.00985
1.00985
1.00985
1.00985
1.00985
1.00985
1.00985
1.00985
1.00985
1.00985
1.00985
1.00985
1.00985
1.00985
1.00985
1.00985
1.00985
1.00985
1.00985
1.00985
1.00985
1.00985
1.00985
1.00985
1.00985
1.00985
1.00985
1.00985
1.00985
1.00985
1.00985
1.00985
1.00985
1.00985
1.00985
1.00985
1.00985
1.00985
1.00985
1.00985
1.00985
1.00985
1.00985
