0
0
0
0
3.43323e-05
0.000307083
0.0011425
0.0028553
0.00573158
0.0100288
0.0159912
0.0285473
0.0337982
0.0530548
0.0689087
0.0871868
0.107885
0.130999
0.156523
0.184418
0.214546
0.24667
0.29804
0.334066
0.371241
0.409336
0.428656
0.487343
0.526777
0.566231
0.605534
0.644562
0.68313
0.721046
0.758177
0.794399
0.829605
0.863722
0.896742
0.928539
0.958956
0.987913
1.01537
1.04128
1.06561
1.08837
1.10961
1.13864
1.1561
1.17202
1.18643
1.19932
1.21071
1.22061
1.22903
1.23605
1.24169
1.24769
1.24907
1.2514
1.25153
1.25058
1.24863
1.24572
1.24193
1.23731
1.23194
1.22587
1.21917
1.2119
1.20412
1.19591
1.1873
1.17382
1.16452
1.15979
1.14541
1.13571
1.12598
1.11626
1.10659
1.09702
1.08758
1.0783
1.06922
1.06037
1.05178
1.04346
1.03545
1.02775
1.02039
1.01338
1.00355
0.997463
0.99176
0.986448
0.981527
0.977011
0.972897
0.969175
0.965826
0.962843
0.960226
0.957964
0.956051
0.954475
0.953228
0.952297
0.951469
0.951338
0.951359
0.951694
0.952274
0.953089
0.954115
0.955341
0.956749
0.958326
0.960052
0.961918
0.963903
0.965994
0.969294
0.97043
0.97275
0.976316
0.977522
0.981167
0.983608
0.98604
0.988457
0.990843
0.992023
0.995495
0.997744
0.999928
1.00204
1.00409
1.00606
1.00795
1.00975
1.01146
1.01307
1.0146
1.01604
1.01801
1.01863
1.02031
1.02132
1.02223
1.02304
1.02376
1.02438
1.02491
1.02534
1.02569
1.02596
1.02613
1.02623
1.02625
1.02621
1.02609
1.02591
1.02566
1.02536
1.02501
1.02439
1.02393
1.02368
1.02316
1.02232
1.02172
1.02111
1.02047
1.01982
1.01917
1.0185
1.01782
1.01715
1.01648
1.01581
1.01515
1.01449
1.01385
1.01321
1.01259
1.01199
1.01141
1.01085
1.01031
1.00979
1.00906
1.00883
1.00838
1.00797
1.00758
1.00704
1.00688
1.00657
1.00629
1.00604
1.00571
1.00553
1.00537
1.00524
1.00518
1.00504
1.00499
1.00495
1.00493
1.00494
1.00496
1.005
1.00506
1.00514
1.00523
1.00534
1.00546
1.00559
1.00573
1.00588
1.00604
1.0062
1.00637
1.00655
1.00673
1.00692
1.0071
1.00728
1.00747
1.00765
1.00783
1.00801
1.0082
1.00838
1.00854
1.00871
1.00888
1.00903
1.00918
1.00933
1.00946
1.00959
1.00972
1.00983
1.00999
1.01009
1.01014
1.01026
1.01034
1.0104
1.01046
1.01051
1.01056
1.0106
1.01063
1.01065
1.01067
1.01068
1.01068
1.01068
1.01068
1.01066
1.01065
1.01063
1.0106
1.01057
1.01054
1.01051
1.01048
1.01043
1.01038
1.01034
1.01029
1.01025
1.01018
1.01015
1.01009
1.01004
1.00999
1.00995
1.0099
1.00986
1.00981
1.00977
1.00972
1.00967
1.00963
1.00958
1.00951
1.00949
1.00945
1.00941
1.00937
1.00934
1.00931
1.00928
1.00925
1.00923
1.00921
1.0092
1.00918
1.00917
1.00915
1.00914
1.00912
1.00912
1.00912
1.00912
1.00912
1.00912
1.00912
1.00912
1.00912
1.00912
1.00912
1.00912
1.00912
1.00914
1.00916
1.00917
1.00919
1.0092
1.00922
1.00924
1.00925
1.00927
1.00928
1.0093
1.00932
1.00933
1.00935
1.00936
1.00938
1.00939
1.00941
1.00942
1.00944
1.00945
1.00947
1.00948
1.0095
1.00951
1.00952
1.00952
1.00952
1.00952
1.00952
1.00952
1.00952
1.00952
1.00952
1.00952
1.00952
1.00952
1.00952
1.00952
1.00952
1.00952
1.00952
1.00952
1.00952
1.00952
1.00952
1.00952
1.00952
1.00952
1.00952
1.00952
1.00952
1.00952
1.00952
1.00952
1.00952
1.00952
1.00952
1.00952
1.00952
1.00952
1.00952
1.00952
1.00952
1.00952
1.00952
1.00952
1.00952
1.00952
1.00952
1.00952
1.00952
1.00952
1.00952
1.00952
1.00952
1.00952
1.00952
1.00952
1.00952
1.00952
1.00952
1.00952
1.00952
1.00952
1.00952
1.00952
1.00952
1.00952
1.00952
1.00952
1.00952
1.00952
1.00952
1.00952
1.00952
1.00952
1.00952
1.00952
1.00952
1.00952
1.00952
1.00952
1.00952
1.00952
1.00952
1.00952
1.00952
1.00952
1.00952
1.00952
1.00952
1.00952
1.00952
1.00952
1.00952
1.00952
1.00952
1.00952
1.00952
1.00952
1.00952
1.00952
1.00952
1.00952
1.00952
1.00952
1.00952
1.00952
1.00952
1.00952
1.00952
1.00952
1.00952
1.00952
1.00952
1.00952
1.00952
1.00952
1.00952
1.00952
1.00952
1.00952
1.00952
1.00952
1.00952
1.00952
1.00952
1.00952
1.00952
1.00952
1.00952
1.00952
1.00952
1.00952
1.00952
1.00952
1.00952
1.00952
1.00952
1.00952
1.00952
1.00952
1.00952
1.00952
1.00952
1.00952
1.00952
1.00952
1.00952
1.00952
1.00952
1.00952
1.00952
1.00952
1.00952
1.00952
1.00952
1.00952
1.00952
1.00952
1.00952
1.00952
1.00952
1.00952
1.00952
1.00952
1.00952
1.00952
1.00952
1.00952
1.00952
1.00952
1.00952
1.00952
1.00952
1.00952
1.00952
1.00952
1.00952
1.00952
1.00952
1.00952
1.00952
1.00952
1.00952
1.00952
1.00952
1.00952
1.00952
1.00952
1.00952
1.00952
1.00952
1.00952
1.00952
1.00952
1.00952
1.00952
1.00952
1.00952
1.00952
1.00952
1.00952
1.00952
1.00952
1.00952
1.00952
1.00952
1.00952
1.00952
1.00952
1.00952
1.00952
1.00952
1.00952
1.00952
1.00952
1.00952
1.00952
1.00952
1.00952
1.00952
1.00952
1.00952
1.00952
1.00952
1.00952
1.00952
1.00952
1.00952
1.00952
1.00952
1.00952
1.00952
1.00952
1.00952
1.00952
1.00952
1.00952
1.00952
1.00952
1.00952
1.00952
1.00952
1.00952
1.00952
1.00952
1.00952
1.00952
1.00952
1.00952
1.00952
1.00952
1.00952
1.00952
1.00952
1.00952
1.00952
1.00952
1.00952
1.00952
1.00952
1.00952
1.00952
1.00952
1.00952
1.00952
1.00952
1.00952
1.00952
1.00952
1.00952
1.00952
1.00952
1.00952
1.00952
1.00952
1.00952
1.00952
1.00952
1.00952
1.00952
1.00952
1.00952
1.00952
1.00952
1.00952
1.00952
1.00952
1.00952
1.00952
1.00952
1.00952
1.00952
1.00952
1.00952
1.00952
1.00952
1.00952
1.00952
1.00952
1.00952
1.00952
1.00952
1.00952
1.00952
1.00952
1.00952
1.00952
1.00952
1.00952
1.00952
1.00952
1.00952
1.00952
1.00952
1.00952
1.00952
1.00952
1.00952
1.00952
1.00952
1.00952
1.00952
1.00952
1.00952
1.00952
1.00952
1.00952
1.00952
1.00952
1.00952
1.00952
1.00952
1.00952
1.00952
1.00952
1.00952
1.00952
1.00952
1.00952
1.00952
1.00952
1.00952
1.00952
1.00952
1.00952
1.00952
1.00952
1.00952
1.00952
1.00952
1.00952
1.00952
1.00952
1.00952
1.00952
1.00952
1.00952
1.00952
1.00952
1.00952
1.00952
1.00952
1.00952
1.00952
1.00952
1.00952
1.00952
1.00952
1.00952
1.00952
1.00952
1.00952
1.00952
1.00952
1.00952
1.00952
1.00952
1.00952
1.00952
1.00952
1.00952
1.00952
1.00952
1.00952
1.00952
1.00952
1.00952
1.00952
1.00952
1.00952
1.00952
1.00952
1.00952
1.00952
1.00952
1.00952
1.00952
1.00952
1.00952
1.00952
1.00952
1.00952
1.00952
1.00952
1.00952
1.00952
1.00952
1.00952
1.00952
1.00952
1.00952
1.00952
1.00952
1.00952
1.00952
1.00952
1.00952
1.00952
1.00952
1.00952
1.00952
1.00952
1.00952
1.00952
1.00952
1.00952
1.00952
1.00952
1.00952
1.00952
1.00952
1.00952
1.00952
1.00952
1.00952
1.00952
1.00952
1.00952
1.00952
1.00952
1.00952
1.00952
1.00952
1.00952
1.00952
1.00952
1.00952
1.00952
1.00952
1.00952
1.00952
1.00952
1.00952
1.00952
1.00952
1.00952
1.00952
1.00952
1.00952
1.00952
1.00952
1.00952
1.00952
1.00952
1.00952
1.00952
1.00952
1.00952
1.00952
1.00952
1.00952
1.00952
1.00952
1.00952
1.00952
1.00952
1.00952
1.00952
1.00952
1.00952
1.00952
1.00952
1.00952
1.00952
1.00952
1.00952
1.00952
1.00952
1.00952
1.00952
1.00952
1.00952
1.00952
1.00952
1.00952
1.00952
1.00952
1.00952
1.00952
1.00952
1.00952
1.00952
1.00952
1.00952
1.00952
1.00952
1.00952
1.00952
1.00952
1.00952
1.00952
1.00952
1.00952
1.00952
1.00952
1.00952
1.00952
1.00952
1.00952
1.00952
1.00952
1.00952
1.00952
1.00952
1.00952
1.00952
1.00952
1.00952
1.00952
1.00952
1.00952
1.00952
1.00952
1.00952
1.00952
1.00952
1.00952
1.00952
1.00952
1.00952
1.00952
1.00952
1.00952
1.00952
1.00952
1.00952
1.00952
1.00952
1.00952
1.00952
1.00952
1.00952
1.00952
1.00952
1.00952
1.00952
1.00952
1.00952
1.00952
1.00952
1.00952
1.00952
1.00952
1.00952
1.00952
1.00952
1.00952
1.00952
1.00952
1.00952
1.00952
1.00952
1.00952
1.00952
1.00952
1.00952
1.00952
1.00952
1.00952
1.00952
1.00952
1.00952
1.00952
1.00952
1.00952
1.00952
1.00952
1.00952
1.00952
1.00952
1.00952
1.00952
1.00952
1.00952
1.00952
1.00952
1.00952
1.00952
1.00952
1.00952
1.00952
1.00952
1.00952
1.00952
1.00952
1.00952
1.00952
1.00952
1.00952
1.00952
1.00952
1.00952
1.00952
1.00952
1.00952
1.00952
1.00952
1.00952
1.00952
1.00952
1.00952
1.00952
1.00952
1.00952
1.00952
1.00952
1.00952
1.00952
1.00952
1.00952
1.00952
1.00952
1.00952
1.00952
1.00952
1.00952
1.00952
1.00952
1.00952
1.00952
1.00952
1.00952
1.00952
1.00952
1.00952
1.00952
1.00952
1.00952
1.00952
1.00952
1.00952
1.00952
1.00952
1.00952
1.00952
1.00952
1.00952
1.00952
1.00952
