0
0
0
0
3.8147e-06
0.00012207
0.000629425
0.00285339
0.0041275
0.0076828
0.0127831
0.0196648
0.0337868
0.039608
0.0606689
0.0777283
0.0972176
0.119125
0.143448
0.170181
0.199322
0.230869
0.264824
0.301182
0.339939
0.381092
0.424603
0.470272
0.517792
0.566776
0.616837
0.667603
0.744274
0.769794
0.845661
0.87059
0.919682
0.990906
1.01386
1.08
1.12157
1.14157
1.19841
1.23367
1.26685
1.29795
1.32696
1.35389
1.37876
1.40155
1.42229
1.44096
1.45757
1.47864
1.49012
1.49955
1.50693
1.51227
1.51556
1.51681
1.51602
1.51318
1.50832
1.50141
1.49246
1.48149
1.46122
1.44516
1.42709
1.40701
1.38507
1.36147
1.33648
1.31036
1.28332
1.2556
1.21323
1.18476
1.15634
1.12815
1.10036
1.07318
1.04683
1.02139
0.996883
0.973385
0.951019
0.929897
0.910099
0.891701
0.874763
0.852211
0.845474
0.833195
0.822521
0.809544
0.80603
0.797901
0.794449
0.792519
0.792088
0.793083
0.795452
0.799133
0.80405
0.810116
0.817245
0.825333
0.834293
0.844013
0.859833
0.865387
0.88271
0.888664
0.906914
0.91927
0.931686
0.944069
0.956345
0.968414
0.980194
0.991611
1.00262
1.01321
1.02332
1.03291
1.04193
1.05035
1.05814
1.06528
1.07175
1.07755
1.08265
1.08704
1.09074
1.09374
1.09695
1.09825
1.09889
1.09891
1.09832
1.09715
1.09543
1.09191
1.08898
1.08563
1.08191
1.07786
1.07351
1.06651
1.0616
1.05653
1.05135
1.04609
1.04081
1.03553
1.03029
1.02512
1.02005
1.01511
1.00801
1.00351
0.999218
0.995174
0.991348
0.987766
0.984455
0.981411
0.978657
0.976189
0.974018
0.971313
0.969883
0.96875
0.967903
0.967346
0.967068
0.967064
0.967323
0.967827
0.968575
0.969536
0.971355
0.972801
0.974407
0.976162
0.978043
0.980034
0.982113
0.984268
0.986485
0.988754
0.991055
0.993374
0.995693
0.997997
1.00139
1.0025
1.00468
1.00679
1.0098
1.0117
1.01348
1.01517
1.01674
1.01818
1.01949
1.02067
1.02171
1.02261
1.0237
1.02399
1.02467
1.02496
1.02512
1.02515
1.02505
1.02485
1.02452
1.02411
1.02359
1.02298
1.02229
1.02153
1.0207
1.01982
1.01888
1.0179
1.01688
1.01583
1.01476
1.01368
1.01258
1.01148
1.0104
1.00933
1.00828
1.00726
1.00626
1.00485
1.00396
1.00312
1.00233
1.00159
1.00092
1.0003
0.999752
0.999264
0.998844
0.998486
0.998074
0.997879
0.997749
0.997677
0.997662
0.997707
0.997803
0.997952
0.998146
0.99852
0.998817
0.999157
0.999527
0.999924
1.00035
1.0008
1.00126
1.00174
1.00223
1.00272
1.00321
1.0037
1.00418
1.00492
1.00539
1.00585
1.00629
1.00672
1.00712
1.0075
1.00786
1.00819
1.0085
1.00877
1.00902
1.00925
1.00954
1.00969
1.00982
1.00992
1.00999
1.01004
1.01006
1.01006
1.01003
1.00998
1.00991
1.00982
1.00964
1.00949
1.00934
1.00917
1.00899
1.00881
1.00861
1.0084
1.00818
1.00786
1.00765
1.00743
1.00722
1.00701
1.00679
1.00658
1.00637
1.00618
1.006
1.00581
1.00565
1.00549
1.00534
1.00521
1.00509
1.00497
1.00488
1.00479
1.00473
1.00463
1.0046
1.00459
1.00455
1.00455
1.00455
1.00458
1.00461
1.00464
1.00468
1.00475
1.00481
1.00487
1.00494
1.00503
1.00512
1.00521
1.0053
1.00539
1.00549
1.00558
1.00567
1.00576
1.00585
1.00599
1.00603
1.00617
1.00622
1.00636
1.00645
1.00653
1.00659
1.00665
1.00671
1.00677
1.00684
1.00688
1.00691
1.00694
1.00697
1.00698
1.00702
1.00702
1.00702
1.00702
1.00702
1.00702
1.00702
1.00698
1.00695
1.00692
1.00689
1.00686
1.00683
1.0068
1.00677
1.00674
1.00671
1.00668
1.00663
1.00662
1.00659
1.00654
1.00651
1.00648
1.00645
1.00642
1.00639
1.00636
1.00633
1.0063
1.00627
1.00622
1.00619
1.00616
1.00613
1.0061
1.00607
1.00604
1.00601
1.00598
1.00595
1.00595
1.00595
1.00595
1.00595
1.00595
1.00595
1.00595
1.00595
1.00595
1.00595
1.00595
1.00595
1.00595
1.00595
1.00595
1.00595
1.00598
1.00601
1.00604
1.00607
1.00611
1.00613
1.00616
1.00619
1.00622
1.00627
1.0063
1.00633
1.00636
1.00639
1.00641
1.00641
1.00641
1.00641
1.00641
1.00641
1.00641
1.00641
1.00641
1.00641
1.00641
1.00641
1.00641
1.00641
1.00641
1.00641
1.00641
1.00641
1.00641
1.00641
1.00641
1.00641
1.00641
1.00641
1.00641
1.00641
1.00641
1.00641
1.00641
1.00641
1.00641
1.00641
1.00641
1.00641
1.00641
1.00641
1.00641
1.00641
1.00641
1.00641
1.00641
1.00641
1.00641
1.00641
1.00641
1.00641
1.00641
1.00641
1.00641
1.00641
1.00641
1.00641
1.00641
1.00641
1.00641
1.00641
1.00641
1.00641
1.00641
1.00641
1.00641
1.00641
1.00641
1.00641
1.00641
1.00641
1.00641
1.00641
1.00641
1.00641
1.00641
1.00641
1.00641
1.00641
1.00641
1.00641
1.00641
1.00641
1.00641
1.00639
1.00636
1.00633
1.00631
1.00631
1.00631
1.00631
1.00631
1.00631
1.00631
1.00631
1.00631
1.00631
1.00631
1.00631
1.00631
1.00631
1.00631
1.00631
1.00631
1.00631
1.00631
1.00631
1.00631
1.00631
1.00631
1.00631
1.00631
1.00631
1.00631
1.00631
1.00631
1.00631
1.00631
1.00631
1.00631
1.00631
1.00631
1.00631
1.00631
1.00631
1.00631
1.00631
1.00631
1.00631
1.00631
1.00631
1.00631
1.00631
1.00631
1.00631
1.00631
1.00631
1.00631
1.00631
1.00631
1.00631
1.00631
1.00631
1.00631
1.00631
1.00631
1.00631
1.00631
1.00631
1.00631
1.00631
1.00631
1.00631
1.00631
1.00631
1.00631
1.00631
1.00631
1.00631
1.00631
1.00631
1.00631
1.00631
1.00631
1.00631
1.00631
1.00631
1.00631
1.00631
1.00631
1.00631
1.00631
1.00631
1.00631
1.00631
1.00631
1.00631
1.00631
1.00631
1.00631
1.00631
1.00631
1.00631
1.00631
1.00631
1.00631
1.00631
1.00631
1.00631
1.00631
1.00631
1.00631
1.00631
1.00631
1.00631
1.00631
1.00631
1.00631
1.00631
1.00631
1.00631
1.00631
1.00631
1.00631
1.00631
1.00631
1.00631
1.00631
1.00631
1.00631
1.00631
1.00631
1.00631
1.00631
1.00631
1.00631
1.00631
1.00631
1.00631
1.00631
1.00631
1.00631
1.00631
1.00631
1.00631
1.00631
1.00631
1.00631
1.00631
1.00631
1.00631
1.00631
1.00631
1.00631
1.00631
1.00631
1.00631
1.00631
1.00631
1.00631
1.00631
1.00631
1.00631
1.00631
1.00631
1.00631
1.00631
1.00631
1.00631
1.00631
1.00631
1.00631
1.00631
1.00631
1.00631
1.00631
1.00631
1.00631
1.00631
1.00631
1.00631
1.00631
1.00631
1.00631
1.00631
1.00631
1.00631
1.00631
1.00631
1.00631
1.00631
1.00631
1.00631
1.00631
1.00631
1.00631
1.00631
1.00631
1.00631
1.00631
1.00631
1.00631
1.00631
1.00631
1.00631
1.00631
1.00631
1.00631
1.00631
1.00631
1.00631
1.00631
1.00631
1.00631
1.00631
1.00631
1.00631
1.00631
1.00631
1.00631
1.00631
1.00631
1.00631
1.00631
1.00631
1.00631
1.00631
1.00631
1.00631
1.00631
1.00631
1.00631
1.00631
1.00631
1.00631
1.00631
1.00631
1.00631
1.00631
1.00631
1.00631
1.00631
1.00631
1.00631
1.00631
1.00631
1.00631
1.00631
1.00631
1.00631
1.00631
1.00631
1.00631
1.00631
1.00631
1.00631
1.00631
1.00631
1.00631
1.00631
1.00631
1.00631
1.00631
1.00631
1.00631
1.00631
1.00631
1.00631
1.00631
1.00631
1.00631
1.00631
1.00631
1.00631
1.00631
1.00631
1.00631
1.00631
1.00631
1.00631
1.00631
1.00631
1.00631
1.00631
1.00631
1.00631
1.00631
1.00631
1.00631
1.00631
1.00631
1.00631
1.00631
1.00631
1.00631
1.00631
1.00631
1.00631
1.00631
1.00631
1.00631
1.00631
1.00631
1.00631
1.00631
1.00631
1.00631
1.00631
1.00631
1.00631
1.00631
1.00631
1.00631
1.00631
1.00631
1.00631
1.00631
1.00631
1.00631
1.00631
1.00631
1.00631
1.00631
1.00631
1.00631
1.00631
1.00631
1.00631
1.00631
1.00631
1.00631
1.00631
1.00631
1.00631
1.00631
1.00631
1.00631
1.00631
1.00631
1.00631
1.00631
1.00631
1.00631
1.00631
1.00631
1.00631
1.00631
1.00631
1.00631
1.00631
1.00631
1.00631
1.00631
1.00631
1.00631
1.00631
1.00631
1.00631
1.00631
1.00631
1.00631
1.00631
1.00631
1.00631
1.00631
1.00631
1.00631
1.00631
1.00631
1.00631
1.00631
1.00631
1.00631
1.00631
1.00631
1.00631
1.00631
1.00631
1.00631
1.00631
1.00631
1.00631
1.00631
1.00631
1.00631
1.00631
1.00631
1.00631
1.00631
1.00631
1.00631
1.00631
1.00631
1.00631
1.00631
1.00631
1.00631
1.00631
1.00631
1.00631
1.00631
1.00631
1.00631
1.00631
1.00631
1.00631
1.00631
1.00631
1.00631
1.00631
1.00631
1.00631
1.00631
1.00631
1.00631
1.00631
1.00631
1.00631
1.00631
1.00631
1.00631
1.00631
1.00631
1.00631
1.00631
1.00631
1.00631
1.00631
1.00631
1.00631
1.00631
1.00631
1.00631
1.00631
1.00631
1.00631
1.00631
1.00631
1.00631
1.00631
1.00631
1.00631
1.00631
1.00631
1.00631
1.00631
1.00631
1.00631
1.00631
1.00631
1.00631
1.00631
1.00631
1.00631
1.00631
1.00631
1.00631
1.00631
1.00631
1.00631
1.00631
1.00631
1.00631
1.00631
1.00631
1.00631
1.00631
1.00631
1.00631
1.00631
1.00631
1.00631
1.00631
1.00631
1.00631
1.00631
1.00631
1.00631
1.00631
1.00631
1.00631
1.00631
1.00631
1.00631
1.00631
1.00631
