0
0
0
0
0
3.52859e-05
0.000308037
0.00113964
0.00285339
0.00572968
0.0100307
0.0159931
0.0285416
0.0396156
0.046031
0.0689011
0.0871801
0.107875
0.130941
0.15625
0.183592
0.197951
0.243457
0.275558
0.308834
0.343084
0.378137
0.413815
0.449921
0.486277
0.522728
0.559128
0.59533
0.631194
0.666595
0.701416
0.735547
0.768893
0.801366
0.848265
0.878223
0.892788
0.934738
0.948122
0.973933
1.01017
1.03266
1.0434
1.0736
1.09205
1.10914
1.12486
1.13925
1.15234
1.16418
1.17479
1.18421
1.19242
1.19949
1.20545
1.21033
1.21418
1.2181
1.21894
1.22009
1.21979
1.21869
1.21685
1.2143
1.21109
1.20728
1.20292
1.19804
1.19271
1.18698
1.18088
1.17447
1.16779
1.16088
1.15378
1.14653
1.13918
1.13174
1.12425
1.113
1.10925
1.0981
1.09075
1.08351
1.0764
1.06944
1.06265
1.05606
1.04967
1.04349
1.03753
1.0318
1.02631
1.02105
1.01603
1.01127
1.00676
1.00251
0.998523
0.994801
0.991343
0.986653
0.985221
0.982551
0.980137
0.976988
0.976061
0.973647
0.97233
0.971238
0.970365
0.969702
0.969241
0.968975
0.968894
0.968987
0.969243
0.969914
0.970539
0.971294
0.972168
0.973151
0.97368
0.975404
0.976653
0.977973
0.979354
0.980788
0.982265
0.983776
0.985315
0.986093
0.988443
0.990015
0.991587
0.993934
0.994712
0.996258
0.997785
0.999288
1.00076
1.0029
1.00428
1.00562
1.00692
1.00816
1.00935
1.01049
1.01157
1.0126
1.01356
1.01447
1.01571
1.01646
1.01716
1.01779
1.01837
1.01889
1.01934
1.01975
1.0201
1.02039
1.02064
1.02084
1.02104
1.02109
1.02116
1.02116
1.02112
1.02104
1.02092
1.02078
1.0206
1.0204
1.02004
1.01977
1.01949
1.01918
1.01886
1.01853
1.01818
1.01782
1.01746
1.01708
1.0167
1.01632
1.01594
1.01556
1.01498
1.0146
1.01423
1.01386
1.01332
1.01314
1.0128
1.01247
1.01214
1.01168
1.01139
1.01111
1.01084
1.01059
1.01035
1.01013
1.00992
1.00972
1.00954
1.00929
1.00922
1.00902
1.00895
1.00879
1.00874
1.00865
1.00858
1.00849
1.00844
1.00841
1.00838
1.00837
1.00836
1.00837
1.00838
1.0084
1.00845
1.00849
1.00854
1.00859
1.00865
1.00871
1.00878
1.00885
1.00892
1.009
1.00908
1.00916
1.00924
1.00933
1.00941
1.0095
1.00958
1.00971
1.00979
1.00987
1.00996
1.01004
1.01012
1.01019
1.01027
1.01034
1.01041
1.01048
1.01054
1.01061
1.01067
1.01072
1.01077
1.01082
1.01089
1.01093
1.01097
1.011
1.01103
1.01106
1.01108
1.01111
1.01113
1.01114
1.01116
1.01117
1.01118
1.01118
1.01119
1.01119
1.01119
1.01119
1.01118
1.01117
1.01116
1.01115
1.01114
1.01113
1.01111
1.0111
1.01108
1.01106
1.01105
1.01103
1.01102
1.01098
1.01096
1.01094
1.01091
1.01089
1.01087
1.01084
1.01082
1.0108
1.01078
1.01076
1.01074
1.01072
1.01071
1.01069
1.01068
1.01066
1.01065
1.01063
1.01062
1.0106
1.01059
1.01058
1.01058
1.01056
1.01056
1.01055
1.01054
1.01053
1.01053
1.01052
1.01052
1.01052
1.01052
1.01052
1.01052
1.01052
1.01052
1.01052
1.01052
1.01052
1.01052
1.01052
1.01052
1.01052
1.01052
1.01052
1.01052
1.01052
1.01053
1.01054
1.01055
1.01056
1.01056
1.01057
1.01058
1.01059
1.01059
1.0106
1.01061
1.01062
1.01062
1.01063
1.01064
1.01065
1.01065
1.01065
1.01065
1.01065
1.01065
1.01065
1.01065
1.01065
1.01065
1.01065
1.01065
1.01065
1.01065
1.01065
1.01065
1.01065
1.01065
1.01065
1.01065
1.01065
1.01065
1.01065
1.01065
1.01065
1.01065
1.01065
1.01065
1.01065
1.01065
1.01065
1.01065
1.01065
1.01065
1.01065
1.01065
1.01065
1.01065
1.01065
1.01065
1.01065
1.01065
1.01065
1.01065
1.01065
1.01065
1.01065
1.01065
1.01065
1.01065
1.01065
1.01065
1.01065
1.01065
1.01065
1.01065
1.01065
1.01065
1.01065
1.01065
1.01065
1.01065
1.01065
1.01065
1.01065
1.01065
1.01065
1.01065
1.01065
1.01065
1.01065
1.01065
1.01065
1.01065
1.01065
1.01065
1.01065
1.01065
1.01065
1.01065
1.01065
1.01065
1.01065
1.01065
1.01065
1.01065
1.01065
1.01065
1.01065
1.01065
1.01065
1.01065
1.01065
1.01065
1.01065
1.01065
1.01065
1.01065
1.01065
1.01065
1.01065
1.01065
1.01065
1.01065
1.01065
1.01065
1.01065
1.01065
1.01065
1.01065
1.01065
1.01065
1.01065
1.01065
1.01065
1.01065
1.01065
1.01065
1.01065
1.01065
1.01065
1.01065
1.01065
1.01065
1.01065
1.01065
1.01065
1.01065
1.01065
1.01065
1.01065
1.01065
1.01065
1.01065
1.01065
1.01065
1.01065
1.01065
1.01065
1.01065
1.01065
1.01065
1.01065
1.01065
1.01065
1.01065
1.01065
1.01065
1.01065
1.01065
1.01065
1.01065
1.01065
1.01065
1.01065
1.01065
1.01065
1.01065
1.01065
1.01065
1.01065
1.01065
1.01065
1.01065
1.01065
1.01065
1.01065
1.01065
1.01065
1.01065
1.01065
1.01065
1.01065
1.01065
1.01065
1.01065
1.01065
1.01065
1.01065
1.01065
1.01065
1.01065
1.01065
1.01065
1.01065
1.01065
1.01065
1.01065
1.01065
1.01065
1.01065
1.01065
1.01065
1.01065
1.01065
1.01065
1.01065
1.01065
1.01065
1.01065
1.01065
1.01065
1.01065
1.01065
1.01065
1.01065
1.01065
1.01065
1.01065
1.01065
1.01065
1.01065
1.01065
1.01065
1.01065
1.01065
1.01065
1.01065
1.01065
1.01065
1.01065
1.01065
1.01065
1.01065
1.01065
1.01065
1.01065
1.01065
1.01065
1.01065
1.01065
1.01065
1.01065
1.01065
1.01065
1.01065
1.01065
1.01065
1.01065
1.01065
1.01065
1.01065
1.01065
1.01065
1.01065
1.01065
1.01065
1.01065
1.01065
1.01065
1.01065
1.01065
1.01065
1.01065
1.01065
1.01065
1.01065
1.01065
1.01065
1.01065
1.01065
1.01065
1.01065
1.01065
1.01065
1.01065
1.01065
1.01065
1.01065
1.01065
1.01065
1.01065
1.01065
1.01065
1.01065
1.01065
1.01065
1.01065
1.01065
1.01065
1.01065
1.01065
1.01065
1.01065
1.01065
1.01065
1.01065
1.01065
1.01065
1.01065
1.01065
1.01065
1.01065
1.01065
1.01065
1.01065
1.01065
1.01065
1.01065
1.01065
1.01065
1.01065
1.01065
1.01065
1.01065
1.01065
1.01065
1.01065
1.01065
1.01065
1.01065
1.01065
1.01065
1.01065
1.01065
1.01065
1.01065
1.01065
1.01065
1.01065
1.01065
1.01065
1.01065
1.01065
1.01065
1.01065
1.01065
1.01065
1.01065
1.01065
1.01065
1.01065
1.01065
1.01065
1.01065
1.01065
1.01065
1.01065
1.01065
1.01065
1.01065
1.01065
1.01065
1.01065
1.01065
1.01065
1.01065
1.01065
1.01065
1.01065
1.01065
1.01065
1.01065
1.01065
1.01065
1.01065
1.01065
1.01065
1.01065
1.01065
1.01065
1.01065
1.01065
1.01065
1.01065
1.01065
1.01065
1.01065
1.01065
1.01065
1.01065
1.01065
1.01065
1.01065
1.01065
1.01065
1.01065
1.01065
1.01065
1.01065
1.01065
1.01065
1.01065
1.01065
1.01065
1.01065
1.01065
1.01065
1.01065
1.01065
1.01065
1.01065
1.01065
1.01065
1.01065
1.01065
1.01065
1.01065
1.01065
1.01065
1.01065
1.01065
1.01065
1.01065
1.01065
1.01065
1.01065
1.01065
1.01065
1.01065
1.01065
1.01065
1.01065
1.01065
1.01065
1.01065
1.01065
1.01065
1.01065
1.01065
1.01065
1.01065
1.01065
1.01065
1.01065
1.01065
1.01065
1.01065
1.01065
1.01065
1.01065
1.01065
1.01065
1.01065
1.01065
1.01065
1.01065
1.01065
1.01065
1.01065
1.01065
1.01065
1.01065
1.01065
1.01065
1.01065
1.01065
1.01065
1.01065
1.01065
1.01065
1.01065
1.01065
1.01065
1.01065
1.01065
1.01065
1.01065
1.01065
1.01065
1.01065
1.01065
1.01065
1.01065
1.01065
1.01065
1.01065
1.01065
1.01065
1.01065
1.01065
1.01065
1.01065
1.01065
1.01065
1.01065
1.01065
1.01065
1.01065
1.01065
1.01065
1.01065
1.01065
1.01065
1.01065
1.01065
1.01065
1.01065
1.01065
1.01065
1.01065
1.01065
1.01065
1.01065
1.01065
1.01065
1.01065
1.01065
1.01065
1.01065
1.01065
1.01065
1.01065
1.01065
1.01065
1.01065
1.01065
1.01065
1.01065
1.01065
1.01065
1.01065
1.01065
1.01065
1.01065
1.01065
1.01065
1.01065
1.01065
1.01065
1.01065
1.01065
1.01065
1.01065
1.01065
1.01065
1.01065
1.01065
1.01065
1.01065
1.01065
1.01065
1.01065
1.01065
1.01065
1.01065
1.01065
1.01065
1.01065
1.01065
1.01065
1.01065
1.01065
1.01065
1.01065
1.01065
1.01065
1.01065
1.01065
1.01065
1.01065
1.01065
1.01065
1.01065
1.01065
1.01065
1.01065
1.01065
1.01065
1.01065
1.01065
1.01065
1.01065
1.01065
1.01065
1.01065
1.01065
1.01065
1.01065
1.01065
1.01065
1.01065
1.01065
1.01065
1.01065
1.01065
1.01065
1.01065
1.01065
1.01065
1.01065
1.01065
1.01065
1.01065
1.01065
1.01065
1.01065
1.01065
1.01065
1.01065
1.01065
1.01065
1.01065
1.01065
1.01065
1.01065
1.01065
1.01065
1.01065
1.01065
1.01065
1.01065
1.01065
1.01065
1.01065
1.01065
1.01065
1.01065
1.01065
1.01065
1.01065
1.01065
1.01065
1.01065
1.01065
1.01065
1.01065
1.01065
1.01065
1.01065
1.01065
1.01065
1.01065
1.01065
1.01065
1.01065
1.01065
1.01065
1.01065
1.01065
1.01065
1.01065
1.01065
1.01065
1.01065
1.01065
1.01065
1.01065
1.01065
1.01065
1.01065
1.01065
