0
0
0
0
5.72205e-06
0.000124931
0.000636101
0.00114298
0.00413227
0.00768995
0.0127921
0.0196714
0.0238461
0.0396199
0.0530519
0.0689054
0.0871801
0.107822
0.130686
0.15556
0.196178
0.210502
0.24018
0.286935
0.319322
0.352451
0.386166
0.420314
0.454718
0.489218
0.52368
0.557975
0.59198
0.62558
0.658696
0.691297
0.72332
0.754673
0.785274
0.81505
0.843936
0.858027
0.898814
0.924711
0.949528
0.97323
1.00667
1.02753
1.04721
1.0657
1.08299
1.09906
1.11392
1.12756
1.1458
1.1513
1.1565
1.17043
1.17835
1.18822
1.19354
1.19789
1.20131
1.20384
1.2055
1.20636
1.20643
1.20578
1.20445
1.20249
1.19993
1.19683
1.19509
1.18918
1.1847
1.17985
1.17466
1.16917
1.16342
1.15744
1.15127
1.14495
1.13851
1.13196
1.12535
1.1187
1.11203
1.10537
1.09874
1.09215
1.08565
1.07923
1.07292
1.06674
1.0607
1.05481
1.0463
1.04086
1.03561
1.03056
1.02572
1.0211
1.01671
1.01256
1.00676
1.00495
1.0015
0.996767
0.993904
0.991275
0.988874
0.986692
0.984723
0.98296
0.981403
0.980044
0.978878
0.977477
0.976766
0.976225
0.975847
0.975624
0.97555
0.975617
0.975818
0.976142
0.976584
0.977135
0.977787
0.978532
0.979361
0.980267
0.981242
0.982279
0.983371
0.984511
0.985691
0.986904
0.988774
0.990046
0.991331
0.992622
0.993918
0.995207
0.996486
0.997753
0.999002
1.00023
1.00143
1.00261
1.00376
1.00487
1.00596
1.00701
1.00803
1.00948
1.0104
1.01128
1.01211
1.01328
1.01364
1.01434
1.01499
1.01588
1.01615
1.01667
1.01735
1.01756
1.01811
1.01827
1.01869
1.01892
1.01903
1.01927
1.01939
1.01948
1.01953
1.01955
1.01954
1.0195
1.01943
1.01934
1.01923
1.0191
1.01895
1.01868
1.01848
1.01827
1.01804
1.0178
1.01756
1.0173
1.01704
1.01663
1.01649
1.01622
1.01594
1.01566
1.01537
1.01509
1.01468
1.0144
1.01414
1.014
1.01362
1.01336
1.01312
1.01288
1.01265
1.01243
1.01222
1.01201
1.01182
1.01163
1.01145
1.01128
1.01113
1.01098
1.01084
1.01064
1.01058
1.01047
1.01037
1.01023
1.01015
1.01008
1.01002
1.00996
1.00992
1.00988
1.00985
1.00982
1.00981
1.0098
1.0098
1.0098
1.00981
1.00982
1.00984
1.00986
1.00991
1.00992
1.00998
1.01
1.01006
1.01009
1.01013
1.01018
1.01026
1.01031
1.01034
1.01039
1.01047
1.01053
1.01058
1.01063
1.01069
1.01074
1.01079
1.01085
1.0109
1.01095
1.011
1.01105
1.0111
1.01114
1.01119
1.01123
1.01127
1.01131
1.01135
1.01139
1.01142
1.01145
1.01148
1.01152
1.01154
1.01156
1.01159
1.01161
1.01163
1.01164
1.01166
1.01167
1.01168
1.01169
1.0117
1.0117
1.01171
1.01171
1.01171
1.01171
1.01171
1.01171
1.01171
1.0117
1.01169
1.01168
1.01167
1.01167
1.01166
1.01165
1.01165
1.01164
1.01163
1.01162
1.01161
1.0116
1.01158
1.01156
1.01155
1.01153
1.01152
1.0115
1.01149
1.01147
1.01146
1.01145
1.01144
1.01143
1.01143
1.01142
1.01141
1.0114
1.0114
1.01139
1.01138
1.01137
1.01137
1.01136
1.01135
1.01134
1.01133
1.01132
1.01132
1.01131
1.0113
1.0113
1.0113
1.0113
1.0113
1.0113
1.0113
1.0113
1.0113
1.0113
1.0113
1.0113
1.0113
1.0113
1.0113
1.0113
1.0113
1.0113
1.0113
1.0113
1.0113
1.0113
1.0113
1.0113
1.0113
1.0113
1.0113
1.0113
1.0113
1.0113
1.0113
1.0113
1.0113
1.0113
1.0113
1.0113
1.0113
1.0113
1.0113
1.0113
1.0113
1.0113
1.0113
1.0113
1.0113
1.0113
1.0113
1.0113
1.0113
1.0113
1.0113
1.0113
1.0113
1.0113
1.0113
1.0113
1.0113
1.0113
1.0113
1.0113
1.0113
1.0113
1.0113
1.0113
1.0113
1.0113
1.0113
1.0113
1.0113
1.0113
1.0113
1.0113
1.0113
1.0113
1.0113
1.0113
1.0113
1.0113
1.0113
1.0113
1.0113
1.0113
1.0113
1.0113
1.0113
1.0113
1.0113
1.0113
1.0113
1.0113
1.0113
1.0113
1.0113
1.0113
1.0113
1.0113
1.0113
1.0113
1.0113
1.0113
1.0113
1.0113
1.0113
1.0113
1.0113
1.0113
1.0113
1.0113
1.0113
1.0113
1.0113
1.0113
1.0113
1.0113
1.0113
1.0113
1.0113
1.0113
1.0113
1.0113
1.0113
1.0113
1.0113
1.0113
1.0113
1.0113
1.0113
1.0113
1.0113
1.0113
1.0113
1.0113
1.0113
1.0113
1.0113
1.0113
1.0113
1.0113
1.0113
1.0113
1.0113
1.0113
1.0113
1.0113
1.0113
1.0113
1.0113
1.0113
1.0113
1.0113
1.0113
1.0113
1.0113
1.0113
1.0113
1.0113
1.0113
1.0113
1.0113
1.0113
1.0113
1.0113
1.0113
1.0113
1.0113
1.0113
1.0113
1.0113
1.0113
1.0113
1.0113
1.0113
1.0113
1.0113
1.0113
1.0113
1.0113
1.0113
1.0113
1.0113
1.0113
1.0113
1.0113
1.0113
1.0113
1.0113
1.0113
1.0113
1.0113
1.0113
1.0113
1.0113
1.0113
1.0113
1.0113
1.0113
1.0113
1.0113
1.0113
1.0113
1.0113
1.0113
1.0113
1.0113
1.0113
1.0113
1.0113
1.0113
1.0113
1.0113
1.0113
1.0113
1.0113
1.0113
1.0113
1.0113
1.0113
1.0113
1.0113
1.0113
1.0113
1.0113
1.0113
1.0113
1.0113
1.0113
1.0113
1.0113
1.0113
1.0113
1.0113
1.0113
1.0113
1.0113
1.0113
1.0113
1.0113
1.0113
1.0113
1.0113
1.0113
1.0113
1.0113
1.0113
1.0113
1.0113
1.0113
1.0113
1.0113
1.0113
1.0113
1.0113
1.0113
1.0113
1.0113
1.0113
1.0113
1.0113
1.0113
1.0113
1.0113
1.0113
1.0113
1.0113
1.0113
1.0113
1.0113
1.0113
1.0113
1.0113
1.0113
1.0113
1.0113
1.0113
1.0113
1.0113
1.0113
1.0113
1.0113
1.0113
1.0113
1.0113
1.0113
1.0113
1.0113
1.0113
1.0113
1.0113
1.0113
1.0113
1.0113
1.0113
1.0113
1.0113
1.0113
1.0113
1.0113
1.0113
1.0113
1.0113
1.0113
1.0113
1.0113
1.0113
1.0113
1.0113
1.0113
1.0113
1.0113
1.0113
1.0113
1.0113
1.0113
1.0113
1.0113
1.0113
1.0113
1.0113
1.0113
1.0113
1.0113
1.0113
1.0113
1.0113
1.0113
1.0113
1.0113
1.0113
1.0113
1.0113
1.0113
1.0113
1.0113
1.0113
1.0113
1.0113
1.0113
1.0113
1.0113
1.0113
1.0113
1.0113
1.0113
1.0113
1.0113
1.0113
1.0113
1.0113
1.0113
1.0113
1.0113
1.0113
1.0113
1.0113
1.0113
1.0113
1.0113
1.0113
1.0113
1.0113
1.0113
1.0113
1.0113
1.0113
1.0113
1.0113
1.0113
1.0113
1.0113
1.0113
1.0113
1.0113
1.0113
1.0113
1.0113
1.0113
1.0113
1.0113
1.0113
1.0113
1.0113
1.0113
1.0113
1.0113
1.0113
1.0113
1.0113
1.0113
1.0113
1.0113
1.0113
1.0113
1.0113
1.0113
1.0113
1.0113
1.0113
1.0113
1.0113
1.0113
1.0113
1.0113
1.0113
1.0113
1.0113
1.0113
1.0113
1.0113
1.0113
1.0113
1.0113
1.0113
1.0113
1.0113
1.0113
1.0113
1.0113
1.0113
1.0113
1.0113
1.0113
1.0113
1.0113
1.0113
1.0113
1.0113
1.0113
1.0113
1.0113
1.0113
1.0113
1.0113
1.0113
1.0113
1.0113
1.0113
1.0113
1.0113
1.0113
1.0113
1.0113
1.0113
1.0113
1.0113
1.0113
1.0113
1.0113
1.0113
1.0113
1.0113
1.0113
1.0113
1.0113
1.0113
1.0113
1.0113
1.0113
1.0113
1.0113
1.0113
1.0113
1.0113
1.0113
1.0113
1.0113
1.0113
1.0113
1.0113
1.0113
1.0113
1.0113
1.0113
1.0113
1.0113
1.0113
1.0113
1.0113
1.0113
1.0113
1.0113
1.0113
1.0113
1.0113
1.0113
1.0113
1.0113
1.0113
1.0113
1.0113
1.0113
1.0113
1.0113
1.0113
1.0113
1.0113
1.0113
1.0113
1.0113
1.0113
1.0113
1.0113
1.0113
1.0113
1.0113
1.0113
1.0113
1.0113
1.0113
1.0113
1.0113
1.0113
1.0113
1.0113
1.0113
1.0113
1.0113
1.0113
1.0113
1.0113
1.0113
1.0113
1.0113
1.0113
1.0113
1.0113
1.0113
1.0113
1.0113
1.0113
1.0113
1.0113
1.0113
1.0113
1.0113
1.0113
1.0113
1.0113
1.0113
1.0113
1.0113
1.0113
1.0113
1.0113
1.0113
1.0113
1.0113
1.0113
1.0113
1.0113
1.0113
1.0113
1.0113
1.0113
1.0113
1.0113
1.0113
1.0113
1.0113
1.0113
1.0113
1.0113
1.0113
1.0113
1.0113
1.0113
1.0113
1.0113
1.0113
1.0113
1.0113
1.0113
1.0113
1.0113
1.0113
1.0113
1.0113
1.0113
1.0113
1.0113
1.0113
1.0113
1.0113
1.0113
1.0113
1.0113
1.0113
1.0113
1.0113
1.0113
1.0113
1.0113
1.0113
1.0113
1.0113
1.0113
1.0113
1.0113
1.0113
1.0113
1.0113
1.0113
1.0113
1.0113
1.0113
1.0113
1.0113
1.0113
1.0113
1.0113
1.0113
1.0113
1.0113
1.0113
1.0113
1.0113
1.0113
1.0113
1.0113
1.0113
1.0113
1.0113
1.0113
1.0113
1.0113
1.0113
1.0113
1.0113
1.0113
1.0113
1.0113
1.0113
1.0113
1.0113
1.0113
1.0113
1.0113
1.0113
1.0113
1.0113
1.0113
1.0113
1.0113
1.0113
1.0113
1.0113
1.0113
1.0113
1.0113
1.0113
1.0113
1.0113
1.0113
1.0113
1.0113
1.0113
1.0113
1.0113
1.0113
1.0113
1.0113
1.0113
1.0113
1.0113
1.0113
