0
0
0
0
3.8147e-06
0.00012207
0.000629425
0.00186539
0.00412369
0.00767899
0.0127754
0.0196571
0.0285301
0.0396004
0.0530319
0.0688858
0.0871658
0.107861
0.130974
0.156502
0.184441
0.230862
0.24754
0.282696
0.320251
0.360138
0.423843
0.468407
0.514263
0.561073
0.608505
0.656208
0.703819
0.751053
0.797783
0.843842
0.889
0.933018
0.975674
1.01676
1.05607
1.09345
1.1288
1.16205
1.20802
1.22229
1.24928
1.2742
1.29704
1.32743
1.3451
1.36071
1.37426
1.38576
1.3952
1.40259
1.40793
1.41122
1.41247
1.41167
1.40882
1.40394
1.39701
1.38809
1.37727
1.36469
1.35054
1.33498
1.31817
1.30027
1.27173
1.26184
1.24163
1.22095
1.19998
1.16828
1.15772
1.12624
1.10555
1.08524
1.06544
1.04623
1.02773
1.01002
0.993176
0.977261
0.962326
0.94838
0.93541
0.923431
0.912476
0.902561
0.889687
0.882439
0.876259
0.871132
0.867043
0.863983
0.861938
0.860687
0.861008
0.861496
0.864208
0.865509
0.870502
0.874668
0.87944
0.884766
0.890579
0.89682
0.903431
0.910362
0.917576
0.924988
0.932541
0.940201
0.947926
0.955677
0.963394
0.971058
0.978626
0.986061
0.99332
1.00035
1.00714
1.01365
1.01984
1.0257
1.0312
1.03632
1.04105
1.04539
1.04932
1.05283
1.05591
1.05976
1.0618
1.06343
1.06466
1.0655
1.06596
1.06604
1.06577
1.06516
1.06423
1.06301
1.06153
1.05978
1.05675
1.05449
1.05205
1.04947
1.04676
1.04395
1.04104
1.03807
1.03505
1.032
1.02892
1.02586
1.02281
1.01981
1.01685
1.01256
1.01117
1.00846
1.0046
1.00217
0.999889
0.997746
0.995747
0.993904
0.992226
0.990711
0.989357
0.988171
0.987152
0.985931
0.985321
0.984863
0.984562
0.984406
0.984386
0.984505
0.984749
0.985115
0.985596
0.986515
0.987247
0.988068
0.988968
0.989937
0.990967
0.99205
0.993172
0.994331
0.995518
0.996716
0.997936
0.999157
1.00097
1.00216
1.00333
1.00447
1.00558
1.00666
1.00769
1.00869
1.00963
1.01052
1.01136
1.01214
1.01286
1.01352
1.01411
1.01465
1.01532
1.0157
1.016
1.01625
1.01643
1.01655
1.01661
1.01661
1.01656
1.01645
1.0163
1.01609
1.01584
1.01555
1.01523
1.01487
1.01448
1.01406
1.01363
1.01294
1.01245
1.0122
1.01171
1.01122
1.01044
1.00996
1.00947
1.00898
1.00849
1.00803
1.00758
1.00714
1.00672
1.00632
1.00594
1.00558
1.00524
1.00493
1.00465
1.00438
1.00414
1.00393
1.00375
1.00352
1.0034
1.0033
1.00323
1.00319
1.00317
1.00317
1.00319
1.00324
1.00334
1.00343
1.00348
1.00367
1.00373
1.00396
1.00411
1.00429
1.00447
1.00465
1.00484
1.00502
1.0052
1.00539
1.00557
1.00576
1.00594
1.00612
1.00631
1.00658
1.00667
1.00695
1.00711
1.00726
1.00741
1.00756
1.00769
1.00781
1.00793
1.00802
1.00811
1.0082
1.00829
1.00835
1.00839
1.00842
1.00845
1.00846
1.00846
1.00846
1.00844
1.00843
1.00838
1.00835
1.0083
1.00824
1.00818
1.00812
1.00806
1.008
1.00794
1.00788
1.00779
1.00769
1.0076
1.00751
1.00742
1.00733
1.00724
1.00711
1.00705
1.00699
1.00693
1.00687
1.00681
1.00674
1.00668
1.00662
1.00657
1.00654
1.00651
1.00648
1.00645
1.00642
1.00637
1.00636
1.00635
1.00635
1.00635
1.00635
1.00635
1.00635
1.00635
1.00635
1.00636
1.00639
1.00642
1.00645
1.00648
1.00652
1.00656
1.00658
1.00662
1.00665
1.00668
1.00671
1.00674
1.00677
1.00681
1.00684
1.00687
1.0069
1.00693
1.00696
1.00699
1.00702
1.00705
1.00708
1.00711
1.00714
1.00717
1.00719
1.00719
1.00719
1.00719
1.00719
1.00719
1.00719
1.00719
1.00719
1.00719
1.00719
1.00719
1.00719
1.00719
1.00719
1.00719
1.00719
1.00719
1.00719
1.00719
1.00719
1.00719
1.00719
1.00719
1.00719
1.00718
1.00715
1.00712
1.00709
1.00706
1.00703
1.007
1.00697
1.00694
1.0069
1.00687
1.00687
1.00687
1.00687
1.00687
1.00687
1.00687
1.00687
1.00687
1.00687
1.00687
1.00687
1.00687
1.00687
1.00687
1.00687
1.00687
1.00687
1.00687
1.00687
1.00687
1.00687
1.00687
1.00687
1.00687
1.00687
1.00687
1.00687
1.00687
1.00687
1.00687
1.00687
1.00687
1.00687
1.00687
1.00687
1.00687
1.00687
1.00687
1.00687
1.00687
1.00687
1.00687
1.00687
1.00687
1.00687
1.00687
1.00687
1.00687
1.00687
1.00687
1.00687
1.00687
1.00687
1.00687
1.00687
1.00687
1.00687
1.00687
1.00687
1.00687
1.00687
1.00687
1.00687
1.00687
1.00687
1.00687
1.00687
1.00687
1.00687
1.00687
1.00687
1.00687
1.00687
1.00687
1.00687
1.00687
1.00687
1.00687
1.00687
1.00687
1.00687
1.00687
1.00687
1.00687
1.00687
1.00687
1.00687
1.00687
1.00687
1.00687
1.00687
1.00687
1.00687
1.00687
1.00687
1.00687
1.00687
1.00687
1.00687
1.00687
1.00687
1.00687
1.00687
1.00687
1.00687
1.00687
1.00687
1.00687
1.00687
1.00687
1.00687
1.00687
1.00687
1.00687
1.00687
1.00687
1.00687
1.00687
1.00687
1.00687
1.00687
1.00687
1.00687
1.00687
1.00687
1.00687
1.00687
1.00687
1.00687
1.00687
1.00687
1.00687
1.00687
1.00687
1.00687
1.00687
1.00687
1.00687
1.00687
1.00687
1.00687
1.00687
1.00687
1.00687
1.00687
1.00687
1.00687
1.00687
1.00687
1.00687
1.00687
1.00687
1.00687
1.00687
1.00687
1.00687
1.00687
1.00687
1.00687
1.00687
1.00687
1.00687
1.00687
1.00687
1.00687
1.00687
1.00687
1.00687
1.00687
1.00687
1.00687
1.00687
1.00687
1.00687
1.00687
1.00687
1.00687
1.00687
1.00687
1.00687
1.00687
1.00687
1.00687
1.00687
1.00687
1.00687
1.00687
1.00687
1.00687
1.00687
1.00687
1.00687
1.00687
1.00687
1.00687
1.00687
1.00687
1.00687
1.00687
1.00687
1.00687
1.00687
1.00687
1.00687
1.00687
1.00687
1.00687
1.00687
1.00687
1.00687
1.00687
1.00687
1.00687
1.00687
1.00687
1.00687
1.00687
1.00687
1.00687
1.00687
1.00687
1.00687
1.00687
1.00687
1.00687
1.00687
1.00687
1.00687
1.00687
1.00687
1.00687
1.00687
1.00687
1.00687
1.00687
1.00687
1.00687
1.00687
1.00687
1.00687
1.00687
1.00687
1.00687
1.00687
1.00687
1.00687
1.00687
1.00687
1.00687
1.00687
1.00687
1.00687
1.00687
1.00687
1.00687
1.00687
1.00687
1.00687
1.00687
1.00687
1.00687
1.00687
1.00687
1.00687
1.00687
1.00687
1.00687
1.00687
1.00687
1.00687
1.00687
1.00687
1.00687
1.00687
1.00687
1.00687
1.00687
1.00687
1.00687
1.00687
1.00687
1.00687
1.00687
1.00687
1.00687
1.00687
1.00687
1.00687
1.00687
1.00687
1.00687
1.00687
1.00687
1.00687
1.00687
1.00687
1.00687
1.00687
1.00687
1.00687
1.00687
1.00687
1.00687
1.00687
1.00687
1.00687
1.00687
1.00687
1.00687
1.00687
1.00687
1.00687
1.00687
1.00687
1.00687
1.00687
1.00687
1.00687
1.00687
1.00687
1.00687
1.00687
1.00687
1.00687
1.00687
1.00687
1.00687
1.00687
1.00687
1.00687
1.00687
1.00687
1.00687
1.00687
1.00687
1.00687
1.00687
1.00687
1.00687
1.00687
1.00687
1.00687
1.00687
1.00687
1.00687
1.00687
1.00687
1.00687
1.00687
1.00687
1.00687
1.00687
1.00687
1.00687
1.00687
1.00687
1.00687
1.00687
1.00687
1.00687
1.00687
1.00687
1.00687
1.00687
1.00687
1.00687
1.00687
1.00687
1.00687
1.00687
1.00687
1.00687
1.00687
1.00687
1.00687
1.00687
1.00687
1.00687
1.00687
1.00687
1.00687
1.00687
1.00687
1.00687
1.00687
1.00687
1.00687
1.00687
1.00687
1.00687
1.00687
1.00687
1.00687
1.00687
1.00687
1.00687
1.00687
1.00687
1.00687
1.00687
1.00687
1.00687
1.00687
1.00687
1.00687
1.00687
1.00687
1.00687
1.00687
1.00687
1.00687
1.00687
1.00687
1.00687
1.00687
1.00687
1.00687
1.00687
1.00687
1.00687
1.00687
1.00687
1.00687
1.00687
1.00687
1.00687
1.00687
1.00687
1.00687
1.00687
1.00687
1.00687
1.00687
1.00687
1.00687
1.00687
1.00687
1.00687
1.00687
1.00687
1.00687
1.00687
1.00687
1.00687
1.00687
1.00687
1.00687
1.00687
1.00687
1.00687
1.00687
1.00687
1.00687
1.00687
1.00687
1.00687
1.00687
1.00687
1.00687
1.00687
1.00687
1.00687
1.00687
1.00687
1.00687
1.00687
1.00687
1.00687
1.00687
1.00687
1.00687
1.00687
1.00687
1.00687
1.00687
1.00687
1.00687
1.00687
1.00687
1.00687
1.00687
1.00687
1.00687
1.00687
1.00687
1.00687
1.00687
1.00687
1.00687
1.00687
1.00687
1.00687
1.00687
1.00687
1.00687
1.00687
1.00687
1.00687
1.00687
1.00687
1.00687
1.00687
1.00687
1.00687
1.00687
1.00687
1.00687
1.00687
1.00687
1.00687
1.00687
1.00687
1.00687
1.00687
1.00687
1.00687
1.00687
1.00687
1.00687
1.00687
1.00687
1.00687
1.00687
1.00687
1.00687
1.00687
1.00687
1.00687
1.00687
1.00687
1.00687
1.00687
1.00687
1.00687
1.00687
1.00687
1.00687
1.00687
1.00687
1.00687
1.00687
1.00687
1.00687
1.00687
1.00687
1.00687
1.00687
1.00687
1.00687
1.00687
1.00687
1.00687
1.00687
1.00687
1.00687
1.00687
1.00687
1.00687
1.00687
1.00687
1.00687
1.00687
1.00687
1.00687
1.00687
1.00687
1.00687
1.00687
1.00687
1.00687
1.00687
1.00687
1.00687
1.00687
1.00687
1.00687
1.00687
1.00687
1.00687
1.00687
1.00687
1.00687
1.00687
1.00687
1.00687
