0
0
0
0
3.43323e-05
0.00012207
0.000629425
0.00285339
0.00572968
0.0100288
0.0159874
0.023838
0.0285378
0.039608
0.0606689
0.0688934
0.0972176
0.119125
0.143448
0.170181
0.199322
0.230869
0.264824
0.301182
0.33989
0.380718
0.423416
0.467678
0.513134
0.55949
0.60648
0.65382
0.701225
0.748405
0.795097
0.841053
0.88604
0.951244
0.992893
1.03287
1.07101
1.10717
1.14127
1.17328
1.2032
1.24417
1.25679
1.28047
1.30207
1.32161
1.33908
1.35449
1.37374
1.384
1.39221
1.39837
1.40248
1.40454
1.40481
1.40253
1.39846
1.39236
1.38428
1.37436
1.36275
1.3496
1.3351
1.31939
1.30264
1.28498
1.26657
1.24756
1.2281
1.20834
1.18842
1.16843
1.14852
1.12879
1.10934
1.09028
1.07169
1.05366
1.03626
1.01958
1.00367
0.98859
0.974384
0.954746
0.942753
0.937096
0.926468
0.916794
0.908073
0.896873
0.893639
0.887878
0.883072
0.8792
0.875122
0.874214
0.872768
0.872704
0.873165
0.875282
0.877575
0.880524
0.884083
0.888199
0.892838
0.897923
0.903423
0.909279
0.915443
0.921867
0.928497
0.935284
0.942192
0.949169
0.956184
0.963181
0.970119
0.976974
0.9837
0.990269
0.996647
1.0028
1.01154
1.01432
1.02219
1.02705
1.03156
1.03571
1.03949
1.0429
1.04594
1.0486
1.05089
1.05281
1.05439
1.05561
1.0565
1.05706
1.05732
1.05729
1.05697
1.05638
1.05554
1.05447
1.05319
1.0517
1.05003
1.0482
1.04622
1.04412
1.0419
1.03958
1.03597
1.03473
1.03223
1.02969
1.02713
1.02457
1.02204
1.01953
1.01706
1.01464
1.01229
1.00889
1.0078
1.00468
1.00272
1.00087
0.999149
0.997547
0.996067
0.994724
0.993511
0.992435
0.991493
0.990685
0.990013
0.989464
0.989052
0.988762
0.988594
0.988541
0.988598
0.988762
0.989025
0.989384
0.989826
0.990349
0.990952
0.991623
0.992355
0.993137
0.993973
0.994843
0.996208
0.997154
0.998116
0.998604
1.00056
1.00153
1.00249
1.00343
1.00436
1.00527
1.00615
1.007
1.00781
1.00859
1.00933
1.01002
1.01067
1.01126
1.01182
1.01232
1.01277
1.01317
1.01352
1.01382
1.01406
1.01426
1.01441
1.01452
1.01458
1.01459
1.01457
1.0145
1.01439
1.01425
1.01398
1.01387
1.01363
1.01323
1.01309
1.01278
1.01229
1.01212
1.01159
1.01122
1.01086
1.01049
1.01012
1.00976
1.00957
1.00903
1.00884
1.0083
1.00813
1.0078
1.00731
1.00716
1.00671
1.00644
1.00618
1.00593
1.00571
1.0055
1.00532
1.00515
1.005
1.00488
1.00476
1.00467
1.0046
1.00454
1.00451
1.00448
1.00448
1.0045
1.00451
1.00457
1.00463
1.00469
1.00478
1.00487
1.00501
1.00513
1.00526
1.00538
1.0055
1.00562
1.00574
1.00587
1.00601
1.00616
1.00629
1.00641
1.00653
1.00666
1.00678
1.0069
1.00702
1.00714
1.00727
1.00737
1.00746
1.00755
1.00764
1.00774
1.00781
1.00787
1.00793
1.00799
1.00805
1.00808
1.00811
1.00814
1.00817
1.00818
1.00818
1.00818
1.00818
1.00818
1.00817
1.00812
1.00809
1.00806
1.00803
1.008
1.00797
1.00794
1.00788
1.00782
1.00776
1.00766
1.00763
1.00757
1.00751
1.00745
1.00736
1.00733
1.00727
1.00718
1.00714
1.00707
1.00706
1.00701
1.00698
1.00695
1.00692
1.0069
1.00686
1.00684
1.00681
1.00677
1.00675
1.00675
1.00675
1.00675
1.00675
1.00675
1.00675
1.00675
1.00675
1.00675
1.00675
1.00675
1.00675
1.00675
1.00676
1.00679
1.00682
1.00686
1.00689
1.00692
1.00695
1.00698
1.00701
1.00704
1.00707
1.0071
1.00713
1.00716
1.00719
1.00724
1.00725
1.0073
1.00732
1.00732
1.00732
1.00732
1.00732
1.00732
1.00732
1.00732
1.00732
1.00732
1.00732
1.00732
1.00732
1.00732
1.00732
1.00732
1.00732
1.00732
1.00732
1.00732
1.00732
1.00732
1.00732
1.00732
1.00732
1.00732
1.00732
1.00732
1.00732
1.00732
1.00732
1.00732
1.00732
1.00732
1.00732
1.00732
1.00732
1.00732
1.00732
1.00732
1.00732
1.00732
1.00732
1.00732
1.00732
1.00732
1.00732
1.00732
1.00732
1.00732
1.00732
1.00732
1.00732
1.00732
1.00732
1.00732
1.00732
1.00732
1.00732
1.00732
1.00732
1.00732
1.00732
1.00732
1.00732
1.00732
1.00732
1.00732
1.00732
1.00732
1.00732
1.00732
1.00732
1.00732
1.00732
1.00732
1.00732
1.00732
1.00732
1.00732
1.00732
1.00732
1.00732
1.00732
1.00732
1.00732
1.00732
1.00732
1.00732
1.00732
1.00732
1.00732
1.00732
1.00732
1.00732
1.00732
1.00732
1.00732
1.00732
1.00732
1.00732
1.00732
1.00732
1.00732
1.00732
1.00732
1.00732
1.00732
1.00732
1.00732
1.00732
1.00732
1.00732
1.00732
1.00732
1.00732
1.00732
1.00732
1.00732
1.00732
1.00732
1.00732
1.00732
1.00732
1.00732
1.00732
1.00732
1.00732
1.00732
1.00732
1.00732
1.00732
1.00732
1.00732
1.00732
1.00732
1.00732
1.00732
1.00732
1.00732
1.00732
1.00732
1.00732
1.00732
1.00732
1.00732
1.00732
1.00732
1.00732
1.00732
1.00732
1.00732
1.00732
1.00732
1.00732
1.00732
1.00732
1.00732
1.00732
1.00732
1.00732
1.00732
1.00732
1.00732
1.00732
1.00732
1.00732
1.00732
1.00732
1.00732
1.00732
1.00732
1.00732
1.00732
1.00732
1.00732
1.00732
1.00732
1.00732
1.00732
1.00732
1.00732
1.00732
1.00732
1.00732
1.00732
1.00732
1.00732
1.00732
1.00732
1.00732
1.00732
1.00732
1.00732
1.00732
1.00732
1.00732
1.00732
1.00732
1.00732
1.00732
1.00732
1.00732
1.00732
1.00732
1.00732
1.00732
1.00732
1.00732
1.00732
1.00732
1.00732
1.00732
1.00732
1.00732
1.00732
1.00732
1.00732
1.00732
1.00732
1.00732
1.00732
1.00732
1.00732
1.00732
1.00732
1.00732
1.00732
1.00732
1.00732
1.00732
1.00732
1.00732
1.00732
1.00732
1.00732
1.00732
1.00732
1.00732
1.00732
1.00732
1.00732
1.00732
1.00732
1.00732
1.00732
1.00732
1.00732
1.00732
1.00732
1.00732
1.00732
1.00732
1.00732
1.00732
1.00732
1.00732
1.00732
1.00732
1.00732
1.00732
1.00732
1.00732
1.00732
1.00732
1.00732
1.00732
1.00732
1.00732
1.00732
1.00732
1.00732
1.00732
1.00732
1.00732
1.00732
1.00732
1.00732
1.00732
1.00732
1.00732
1.00732
1.00732
1.00732
1.00732
1.00732
1.00732
1.00732
1.00732
1.00732
1.00732
1.00732
1.00732
1.00732
1.00732
1.00732
1.00732
1.00732
1.00732
1.00732
1.00732
1.00732
1.00732
1.00732
1.00732
1.00732
1.00732
1.00732
1.00732
1.00732
1.00732
1.00732
1.00732
1.00732
1.00732
1.00732
1.00732
1.00732
1.00732
1.00732
1.00732
1.00732
1.00732
1.00732
1.00732
1.00732
1.00732
1.00732
1.00732
1.00732
1.00732
1.00732
1.00732
1.00732
1.00732
1.00732
1.00732
1.00732
1.00732
1.00732
1.00732
1.00732
1.00732
1.00732
1.00732
1.00732
1.00732
1.00732
1.00732
1.00732
1.00732
1.00732
1.00732
1.00732
1.00732
1.00732
1.00732
1.00732
1.00732
1.00732
1.00732
1.00732
1.00732
1.00732
1.00732
1.00732
1.00732
1.00732
1.00732
1.00732
1.00732
1.00732
1.00732
1.00732
1.00732
1.00732
1.00732
1.00732
1.00732
1.00732
1.00732
1.00732
1.00732
1.00732
1.00732
1.00732
1.00732
1.00732
1.00732
1.00732
1.00732
1.00732
1.00732
1.00732
1.00732
1.00732
1.00732
1.00732
1.00732
1.00732
1.00732
1.00732
1.00732
1.00732
1.00732
1.00732
1.00732
1.00732
1.00732
1.00732
1.00732
1.00732
1.00732
1.00732
1.00732
1.00732
1.00732
1.00732
1.00732
1.00732
1.00732
1.00732
1.00732
1.00732
1.00732
1.00732
1.00732
1.00732
1.00732
1.00732
1.00732
1.00732
1.00732
1.00732
1.00732
1.00732
1.00732
1.00732
1.00732
1.00732
1.00732
1.00732
1.00732
1.00732
1.00732
1.00732
1.00732
1.00732
1.00732
1.00732
1.00732
1.00732
1.00732
1.00732
1.00732
1.00732
1.00732
1.00732
1.00732
1.00732
1.00732
1.00732
1.00732
1.00732
1.00732
1.00732
1.00732
1.00732
1.00732
1.00732
1.00732
1.00732
1.00732
1.00732
1.00732
1.00732
1.00732
1.00732
1.00732
1.00732
1.00732
1.00732
1.00732
1.00732
1.00732
1.00732
1.00732
1.00732
1.00732
1.00732
1.00732
1.00732
1.00732
1.00732
1.00732
1.00732
1.00732
1.00732
1.00732
1.00732
1.00732
1.00732
1.00732
1.00732
1.00732
1.00732
1.00732
1.00732
1.00732
1.00732
1.00732
1.00732
1.00732
1.00732
1.00732
1.00732
1.00732
1.00732
1.00732
1.00732
1.00732
1.00732
1.00732
1.00732
1.00732
1.00732
1.00732
1.00732
1.00732
1.00732
1.00732
1.00732
1.00732
1.00732
1.00732
1.00732
1.00732
1.00732
1.00732
1.00732
1.00732
1.00732
1.00732
1.00732
1.00732
1.00732
1.00732
1.00732
1.00732
1.00732
1.00732
1.00732
1.00732
1.00732
1.00732
1.00732
1.00732
1.00732
1.00732
1.00732
1.00732
1.00732
1.00732
1.00732
1.00732
1.00732
1.00732
1.00732
1.00732
1.00732
1.00732
1.00732
1.00732
1.00732
1.00732
1.00732
1.00732
1.00732
1.00732
1.00732
1.00732
1.00732
1.00732
1.00732
1.00732
1.00732
1.00732
1.00732
1.00732
1.00732
1.00732
1.00732
1.00732
1.00732
1.00732
1.00732
1.00732
1.00732
1.00732
1.00732
1.00732
1.00732
1.00732
1.00732
1.00732
1.00732
1.00732
1.00732
1.00732
1.00732
1.00732
1.00732
1.00732
1.00732
1.00732
1.00732
1.00732
1.00732
1.00732
1.00732
