0
0
0
0
3.8147e-06
0.000123978
0.000635147
0.00187111
0.00413322
0.00768852
0.0127907
0.0196419
0.0282726
0.0385742
0.0504055
0.0636406
0.0781708
0.0938816
0.110659
0.137596
0.146994
0.166346
0.186361
0.206955
0.228035
0.260405
0.271362
0.293472
0.327021
0.338272
0.36083
0.383413
0.417248
0.428488
0.462021
0.484175
0.506115
0.527792
0.549179
0.570238
0.590948
0.611311
0.631308
0.650919
0.670126
0.698132
0.716246
0.725132
0.751089
0.767797
0.78401
0.799717
0.814922
0.829624
0.843817
0.857498
0.870672
0.883343
0.889492
0.907188
0.918373
0.934254
0.939312
0.949083
0.958403
0.971537
0.97974
0.983681
0.991247
0.998404
1.00516
1.01455
1.01749
1.0231
1.02836
1.03561
1.04003
1.04414
1.04608
1.05145
1.05309
1.05762
1.06031
1.06275
1.06495
1.06692
1.06868
1.07023
1.07158
1.07273
1.07372
1.07453
1.07518
1.07569
1.07605
1.07628
1.07638
1.07636
1.07613
1.076
1.07547
1.07524
1.07473
1.07414
1.07311
1.07234
1.07193
1.07062
1.07016
1.0692
1.06767
1.06661
1.06552
1.0644
1.06325
1.06208
1.0609
1.0597
1.05849
1.05667
1.05545
1.05423
1.05301
1.0518
1.05059
1.0494
1.04822
1.04706
1.04591
1.04477
1.04366
1.04256
1.04149
1.04043
1.0394
1.03839
1.0374
1.03643
1.03503
1.03412
1.03367
1.03238
1.03196
1.03074
1.02996
1.02958
1.02848
1.02813
1.0271
1.02645
1.02583
1.02553
1.02466
1.02411
1.02358
1.02308
1.02261
1.02215
1.02172
1.02131
1.02093
1.02056
1.02021
1.01989
1.01944
1.01916
1.0189
1.01866
1.01844
1.01823
1.01804
1.01786
1.0177
1.01755
1.01742
1.0173
1.01719
1.01709
1.01697
1.01693
1.01683
1.01681
1.01676
1.01671
1.01668
1.01668
1.01665
1.01665
1.01665
1.01667
1.01668
1.0167
1.01673
1.01676
1.01679
1.01682
1.01686
1.01691
1.01696
1.017
1.01707
1.0171
1.01716
1.01722
1.01731
1.01734
1.0174
1.01747
1.01756
1.01762
1.01768
1.01774
1.0178
1.01786
1.01792
1.01798
1.01805
1.01814
1.0182
1.01826
1.01832
1.01838
1.01842
1.01847
1.01852
1.01856
1.01861
1.01865
1.0187
1.01875
1.01879
1.01884
1.01888
1.01891
1.01894
1.01897
1.019
1.01904
1.01908
1.0191
1.01913
1.01916
1.0192
1.01923
1.01923
1.01925
1.01926
1.01929
1.01929
1.01931
1.01933
1.01935
1.01936
1.01938
1.01939
1.0194
1.01942
1.01944
1.01944
1.01944
1.01944
1.01944
1.01944
1.01944
1.01944
1.01944
1.01944
1.01944
1.01944
1.01944
1.01944
1.01944
1.01944
1.01944
1.01944
1.01944
1.01944
1.01944
1.01944
1.01944
1.01944
1.01944
1.01944
1.01944
1.01944
1.01944
1.01944
1.01944
1.01944
1.01944
1.01944
1.01944
1.01944
1.01944
1.01944
1.01944
1.01944
1.01944
1.01944
1.01944
1.01944
1.01944
1.01944
1.01944
1.01944
1.01944
1.01944
1.01944
1.01944
1.01944
1.01944
1.01944
1.01944
1.01944
1.01944
1.01944
1.01944
1.01944
1.01944
1.01944
1.01944
1.01944
1.01944
1.01944
1.01944
1.01944
1.01944
1.01944
1.01944
1.01944
1.01944
1.01944
1.01944
1.01944
1.01944
1.01944
1.01944
1.01944
1.01944
1.01944
1.01944
1.01944
1.01944
1.01944
1.01944
1.01944
1.01944
1.01944
1.01944
1.01944
1.01944
1.01944
1.01944
1.01944
1.01944
1.01944
1.01944
1.01944
1.01944
1.01944
1.01944
1.01944
1.01944
1.01944
1.01944
1.01944
1.01944
1.01944
1.01944
1.01944
1.01944
1.01944
1.01944
1.01944
1.01944
1.01944
1.01944
1.01944
1.01944
1.01944
1.01944
1.01944
1.01944
1.01944
1.01944
1.01944
1.01944
1.01944
1.01944
1.01944
1.01944
1.01944
1.01944
1.01944
1.01944
1.01944
1.01944
1.01944
1.01944
1.01944
1.01944
1.01944
1.01944
1.01944
1.01944
1.01944
1.01944
1.01944
1.01944
1.01944
1.01944
1.01944
1.01944
1.01944
1.01944
1.01944
1.01944
1.01944
1.01944
1.01944
1.01944
1.01944
1.01944
1.01944
1.01944
1.01944
1.01944
1.01944
1.01944
1.01944
1.01944
1.01944
1.01944
1.01944
1.01944
1.01944
1.01944
1.01944
1.01944
1.01944
1.01944
1.01944
1.01944
1.01944
1.01944
1.01944
1.01944
1.01944
1.01944
1.01944
1.01944
1.01944
1.01944
1.01944
1.01944
1.01944
1.01944
1.01944
1.01944
1.01944
1.01944
1.01944
1.01944
1.01944
1.01944
1.01944
1.01944
1.01944
1.01944
1.01944
1.01944
1.01944
1.01944
1.01944
1.01944
1.01944
1.01944
1.01944
1.01944
1.01944
1.01944
1.01944
1.01944
1.01944
1.01944
1.01944
1.01944
1.01944
1.01944
1.01944
1.01944
1.01944
1.01944
1.01944
1.01944
1.01944
1.01944
1.01944
1.01944
1.01944
1.01944
1.01944
1.01944
1.01944
1.01944
1.01944
1.01944
1.01944
1.01944
1.01944
1.01944
1.01944
1.01944
1.01944
1.01944
1.01944
1.01944
1.01944
1.01944
1.01944
1.01944
1.01944
1.01944
1.01944
1.01944
1.01944
1.01944
1.01944
1.01944
1.01944
1.01944
1.01944
1.01944
1.01944
1.01944
1.01944
1.01944
1.01944
1.01944
1.01944
1.01944
1.01944
1.01944
1.01944
1.01944
1.01944
1.01944
1.01944
1.01944
1.01944
1.01944
1.01944
1.01944
1.01944
1.01944
1.01944
1.01944
1.01944
1.01944
1.01944
1.01944
1.01944
1.01944
1.01944
1.01944
1.01944
1.01944
1.01944
1.01944
1.01944
1.01944
1.01944
1.01944
1.01944
1.01944
1.01944
1.01944
1.01944
1.01944
1.01944
1.01944
1.01944
1.01944
1.01944
1.01944
1.01944
1.01944
1.01944
1.01944
1.01944
1.01944
1.01944
1.01944
1.01944
1.01944
1.01944
1.01944
1.01944
1.01944
1.01944
1.01944
1.01944
1.01944
1.01944
1.01944
1.01944
1.01944
1.01944
1.01944
1.01944
1.01944
1.01944
1.01944
1.01944
1.01944
1.01944
1.01944
1.01944
1.01944
1.01944
1.01944
1.01944
1.01944
1.01944
1.01944
1.01944
1.01944
1.01944
1.01944
1.01944
1.01944
1.01944
1.01944
1.01944
1.01944
1.01944
1.01944
1.01944
1.01944
1.01944
1.01944
1.01944
1.01944
1.01944
1.01944
1.01944
1.01944
1.01944
1.01944
1.01944
1.01944
1.01944
1.01944
1.01944
1.01944
1.01944
1.01944
1.01944
1.01944
1.01944
1.01944
1.01944
1.01944
1.01944
1.01944
1.01944
1.01944
1.01944
1.01944
1.01944
1.01944
1.01944
1.01944
1.01944
1.01944
1.01944
1.01944
1.01944
1.01944
1.01944
1.01944
1.01944
1.01944
1.01944
1.01944
1.01944
1.01944
1.01944
1.01944
1.01944
1.01944
1.01944
1.01944
1.01944
1.01944
1.01944
1.01944
1.01944
1.01944
1.01944
1.01944
1.01944
1.01944
1.01944
1.01944
1.01944
1.01944
1.01944
1.01944
1.01944
1.01944
1.01944
1.01944
1.01944
1.01944
1.01944
1.01944
1.01944
1.01944
1.01944
1.01944
1.01944
1.01944
1.01944
1.01944
1.01944
1.01944
1.01944
1.01944
1.01944
1.01944
1.01944
1.01944
1.01944
1.01944
1.01944
1.01944
1.01944
1.01944
1.01944
1.01944
1.01944
1.01944
1.01944
1.01944
1.01944
1.01944
1.01944
1.01944
1.01944
1.01944
1.01944
1.01944
1.01944
1.01944
1.01944
1.01944
1.01944
1.01944
1.01944
1.01944
1.01944
1.01944
1.01944
1.01944
1.01944
1.01944
1.01944
1.01944
1.01944
1.01944
1.01944
1.01944
1.01944
1.01944
1.01944
1.01944
1.01944
1.01944
1.01944
1.01944
1.01944
1.01944
1.01944
1.01944
1.01944
1.01944
1.01944
1.01944
1.01944
1.01944
1.01944
1.01944
1.01944
1.01944
1.01944
1.01944
1.01944
1.01944
1.01944
1.01944
1.01944
1.01944
1.01944
1.01944
1.01944
1.01944
1.01944
1.01944
1.01944
1.01944
1.01944
1.01944
1.01944
1.01944
1.01944
1.01944
1.01944
1.01944
1.01944
1.01944
1.01944
1.01944
1.01944
1.01944
1.01944
1.01944
1.01944
1.01944
1.01944
1.01944
1.01944
1.01944
1.01944
1.01944
1.01944
1.01944
1.01944
1.01944
1.01944
1.01944
1.01944
1.01944
1.01944
1.01944
1.01944
1.01944
1.01944
1.01944
1.01944
1.01944
1.01944
1.01944
1.01944
1.01944
1.01944
1.01944
1.01944
1.01944
1.01944
1.01944
1.01944
1.01944
1.01944
1.01944
1.01944
1.01944
1.01944
1.01944
1.01944
1.01944
1.01944
1.01944
1.01944
1.01944
1.01944
1.01944
1.01944
1.01944
1.01944
1.01944
1.01944
1.01944
1.01944
1.01944
1.01944
1.01944
1.01944
1.01944
1.01944
1.01944
1.01944
1.01944
1.01944
1.01944
1.01944
1.01944
1.01944
1.01944
1.01944
1.01944
1.01944
1.01944
1.01944
1.01944
1.01944
1.01944
1.01944
1.01944
1.01944
1.01944
1.01944
1.01944
1.01944
1.01944
1.01944
1.01944
1.01944
1.01944
1.01944
1.01944
1.01944
1.01944
1.01944
1.01944
1.01944
1.01944
1.01944
1.01944
1.01944
1.01944
1.01944
1.01944
1.01944
1.01944
1.01944
1.01944
1.01944
1.01944
1.01944
1.01944
1.01944
1.01944
1.01944
1.01944
1.01944
1.01944
1.01944
1.01944
1.01944
1.01944
1.01944
1.01944
1.01944
1.01944
1.01944
1.01944
1.01944
1.01944
1.01944
1.01944
1.01944
1.01944
1.01944
1.01944
1.01944
1.01944
1.01944
1.01944
1.01944
1.01944
1.01944
1.01944
1.01944
1.01944
1.01944
1.01944
1.01944
1.01944
1.01944
1.01944
1.01944
1.01944
1.01944
1.01944
1.01944
1.01944
1.01944
1.01944
1.01944
1.01944
1.01944
1.01944
1.01944
1.01944
1.01944
1.01944
1.01944
1.01944
1.01944
