0
0
0
0
0
3.43323e-05
0.000305176
0.0018692
0.0041275
0.00572968
0.0100288
0.0196648
0.0285378
0.039608
0.0530396
0.0688934
0.0871735
0.107868
0.130981
0.156509
0.184448
0.214794
0.247547
0.282703
0.320259
0.360214
0.424438
0.469753
0.51664
0.56472
0.613651
0.663208
0.713135
0.763058
0.812607
0.861458
0.93285
0.956013
1.00119
1.04466
1.10622
1.12571
1.181
1.21524
1.24739
1.27746
1.30544
1.33135
1.35519
1.37696
1.39667
1.42237
1.43693
1.44943
1.45988
1.46829
1.47464
1.47895
1.48121
1.48143
1.47961
1.47575
1.46984
1.46191
1.45193
1.43316
1.42588
1.40984
1.39188
1.36174
1.33983
1.31673
1.2926
1.26766
1.2421
1.21617
1.19006
1.16395
1.138
1.11235
1.08716
1.06258
1.03872
1.01572
0.993694
0.972717
0.952885
0.934269
0.916935
0.893448
0.879524
0.873096
0.861317
0.846348
0.838223
0.831566
0.826332
0.822491
0.820023
0.81889
0.819038
0.820408
0.822937
0.82655
0.831158
0.836704
0.843102
0.850258
0.858101
0.86655
0.875546
0.88501
0.894844
0.904984
0.915367
0.925922
0.941914
0.952583
0.963184
0.97364
0.983906
0.993881
1.00351
1.01274
1.02153
1.02983
1.03763
1.04489
1.05159
1.0577
1.06322
1.06814
1.07436
1.07613
1.07922
1.08171
1.08434
1.08537
1.08585
1.0858
1.08525
1.08424
1.08278
1.08091
1.07865
1.07604
1.0731
1.06987
1.06638
1.06268
1.05878
1.05265
1.05055
1.04628
1.03975
1.03536
1.03316
1.02663
1.02235
1.01815
1.01609
1.01009
1.00628
1.00263
0.999172
0.995907
0.992847
0.990009
0.9874
0.985035
0.982914
0.981037
0.979404
0.978016
0.976871
0.975971
0.975296
0.974854
0.974632
0.974628
0.974827
0.975224
0.975803
0.976994
0.97747
0.978535
0.979729
0.981049
0.983227
0.983997
0.986427
0.988125
0.989872
0.99165
0.99345
0.995251
0.997051
0.998833
1.0006
1.00232
1.00401
1.00566
1.00725
1.00877
1.01023
1.01228
1.01292
1.01413
1.01579
1.01629
1.01765
1.01843
1.01912
1.01969
1.02017
1.02054
1.02082
1.02099
1.02107
1.02106
1.02096
1.02065
1.02051
1.02017
1.01976
1.01929
1.01875
1.01786
1.01754
1.01651
1.01579
1.01503
1.01426
1.01347
1.01268
1.01188
1.01109
1.0103
1.00952
1.00875
1.00801
1.0073
1.00661
1.00595
1.00532
1.00472
1.00415
1.00362
1.00313
1.00268
1.00227
1.0019
1.00158
1.00129
1.00106
1.00086
1.00071
1.0006
1.0005
1.00049
1.0005
1.00055
1.00063
1.00074
1.00088
1.00105
1.00136
1.0016
1.00186
1.00213
1.00243
1.00274
1.00305
1.00338
1.00372
1.00406
1.00439
1.00473
1.00506
1.00557
1.00588
1.00619
1.00649
1.00677
1.00705
1.00731
1.00755
1.00777
1.00799
1.00817
1.00834
1.0085
1.00863
1.00874
1.00883
1.00891
1.009
1.00903
1.00905
1.00905
1.00904
1.009
1.00894
1.00888
1.0088
1.00871
1.00862
1.00851
1.00839
1.00827
1.00815
1.00803
1.00789
1.00774
1.00751
1.00735
1.0072
1.00705
1.0069
1.00675
1.00657
1.00644
1.00632
1.0062
1.00608
1.00599
1.0059
1.00581
1.00572
1.00563
1.0056
1.00554
1.00549
1.00546
1.00541
1.00538
1.00537
1.00537
1.00537
1.00537
1.00539
1.00542
1.00545
1.0055
1.00551
1.00557
1.00563
1.00566
1.00575
1.00581
1.00587
1.00593
1.00599
1.00605
1.00611
1.00618
1.00624
1.0063
1.00636
1.00642
1.00648
1.00654
1.0066
1.00666
1.00672
1.00675
1.00678
1.00681
1.00684
1.00687
1.0069
1.00693
1.00696
1.00698
1.00698
1.00698
1.00698
1.00698
1.00698
1.00698
1.00698
1.00698
1.00698
1.00697
1.00694
1.0069
1.00687
1.00684
1.00681
1.00678
1.00675
1.00672
1.00669
1.00666
1.00663
1.00658
1.00657
1.00654
1.00651
1.00648
1.00645
1.0064
1.00639
1.00634
1.00631
1.00629
1.00628
1.00628
1.00628
1.00628
1.00628
1.00628
1.00628
1.00628
1.00628
1.00628
1.00628
1.00628
1.00628
1.00628
1.00628
1.00628
1.00628
1.00628
1.00628
1.00628
1.00628
1.00628
1.00628
1.00628
1.00628
1.00628
1.00628
1.00629
1.00632
1.00635
1.00638
1.00642
1.00645
1.00647
1.00652
1.00655
1.00658
1.00658
1.00658
1.00658
1.00658
1.00658
1.00658
1.00658
1.00658
1.00658
1.00658
1.00658
1.00658
1.00658
1.00658
1.00658
1.00658
1.00658
1.00658
1.00658
1.00658
1.00658
1.00658
1.00658
1.00658
1.00658
1.00658
1.00658
1.00658
1.00658
1.00658
1.00658
1.00658
1.00658
1.00658
1.00658
1.00658
1.00658
1.00658
1.00658
1.00658
1.00658
1.00658
1.00658
1.00658
1.00658
1.00658
1.00658
1.00658
1.00658
1.00658
1.00658
1.00658
1.00658
1.00658
1.00658
1.00658
1.00658
1.00658
1.00658
1.00658
1.00658
1.00658
1.00658
1.00658
1.00658
1.00658
1.00658
1.00658
1.00658
1.00658
1.00658
1.00658
1.00658
1.00658
1.00658
1.00658
1.00658
1.00658
1.00658
1.00658
1.00658
1.00658
1.00658
1.00658
1.00658
1.00658
1.00658
1.00658
1.00658
1.00658
1.00658
1.00658
1.00658
1.00658
1.00658
1.00658
1.00658
1.00658
1.00658
1.00658
1.00658
1.00658
1.00658
1.00658
1.00658
1.00658
1.00658
1.00658
1.00658
1.00658
1.00658
1.00658
1.00658
1.00658
1.00658
1.00658
1.00658
1.00658
1.00658
1.00658
1.00658
1.00658
1.00658
1.00658
1.00658
1.00658
1.00658
1.00658
1.00658
1.00658
1.00658
1.00658
1.00658
1.00658
1.00658
1.00658
1.00658
1.00658
1.00658
1.00658
1.00658
1.00658
1.00658
1.00658
1.00658
1.00658
1.00658
1.00658
1.00658
1.00658
1.00658
1.00658
1.00658
1.00658
1.00658
1.00658
1.00658
1.00658
1.00658
1.00658
1.00658
1.00658
1.00658
1.00658
1.00658
1.00658
1.00658
1.00658
1.00658
1.00658
1.00658
1.00658
1.00658
1.00658
1.00658
1.00658
1.00658
1.00658
1.00658
1.00658
1.00658
1.00658
1.00658
1.00658
1.00658
1.00658
1.00658
1.00658
1.00658
1.00658
1.00658
1.00658
1.00658
1.00658
1.00658
1.00658
1.00658
1.00658
1.00658
1.00658
1.00658
1.00658
1.00658
1.00658
1.00658
1.00658
1.00658
1.00658
1.00658
1.00658
1.00658
1.00658
1.00658
1.00658
1.00658
1.00658
1.00658
1.00658
1.00658
1.00658
1.00658
1.00658
1.00658
1.00658
1.00658
1.00658
1.00658
1.00658
1.00658
1.00658
1.00658
1.00658
1.00658
1.00658
1.00658
1.00658
1.00658
1.00658
1.00658
1.00658
1.00658
1.00658
1.00658
1.00658
1.00658
1.00658
1.00658
1.00658
1.00658
1.00658
1.00658
1.00658
1.00658
1.00658
1.00658
1.00658
1.00658
1.00658
1.00658
1.00658
1.00658
1.00658
1.00658
1.00658
1.00658
1.00658
1.00658
1.00658
1.00658
1.00658
1.00658
1.00658
1.00658
1.00658
1.00658
1.00658
1.00658
1.00658
1.00658
1.00658
1.00658
1.00658
1.00658
1.00658
1.00658
1.00658
1.00658
1.00658
1.00658
1.00658
1.00658
1.00658
1.00658
1.00658
1.00658
1.00658
1.00658
1.00658
1.00658
1.00658
1.00658
1.00658
1.00658
1.00658
1.00658
1.00658
1.00658
1.00658
1.00658
1.00658
1.00658
1.00658
1.00658
1.00658
1.00658
1.00658
1.00658
1.00658
1.00658
1.00658
1.00658
1.00658
1.00658
1.00658
1.00658
1.00658
1.00658
1.00658
1.00658
1.00658
1.00658
1.00658
1.00658
1.00658
1.00658
1.00658
1.00658
1.00658
1.00658
1.00658
1.00658
1.00658
1.00658
1.00658
1.00658
1.00658
1.00658
1.00658
1.00658
1.00658
1.00658
1.00658
1.00658
1.00658
1.00658
1.00658
1.00658
1.00658
1.00658
1.00658
1.00658
1.00658
1.00658
1.00658
1.00658
1.00658
1.00658
1.00658
1.00658
1.00658
1.00658
1.00658
1.00658
1.00658
1.00658
1.00658
1.00658
1.00658
1.00658
1.00658
1.00658
1.00658
1.00658
1.00658
1.00658
1.00658
1.00658
1.00658
1.00658
1.00658
1.00658
1.00658
1.00658
1.00658
1.00658
1.00658
1.00658
1.00658
1.00658
1.00658
1.00658
1.00658
1.00658
1.00658
1.00658
1.00658
1.00658
1.00658
1.00658
1.00658
1.00658
1.00658
1.00658
1.00658
1.00658
1.00658
1.00658
1.00658
1.00658
1.00658
1.00658
1.00658
1.00658
1.00658
1.00658
1.00658
1.00658
1.00658
1.00658
1.00658
1.00658
1.00658
1.00658
1.00658
1.00658
1.00658
1.00658
1.00658
1.00658
1.00658
1.00658
1.00658
1.00658
1.00658
1.00658
1.00658
1.00658
1.00658
1.00658
1.00658
1.00658
1.00658
1.00658
1.00658
1.00658
1.00658
1.00658
1.00658
1.00658
1.00658
1.00658
1.00658
1.00658
1.00658
1.00658
1.00658
1.00658
1.00658
1.00658
1.00658
1.00658
1.00658
1.00658
1.00658
1.00658
1.00658
1.00658
1.00658
1.00658
1.00658
1.00658
1.00658
1.00658
1.00658
1.00658
1.00658
1.00658
1.00658
1.00658
1.00658
1.00658
1.00658
1.00658
1.00658
1.00658
1.00658
1.00658
1.00658
1.00658
1.00658
1.00658
1.00658
1.00658
1.00658
1.00658
1.00658
1.00658
1.00658
1.00658
1.00658
1.00658
1.00658
1.00658
1.00658
1.00658
1.00658
1.00658
1.00658
1.00658
1.00658
1.00658
1.00658
1.00658
1.00658
1.00658
1.00658
1.00658
1.00658
1.00658
1.00658
1.00658
1.00658
1.00658
1.00658
1.00658
1.00658
1.00658
1.00658
1.00658
1.00658
1.00658
1.00658
1.00658
1.00658
1.00658
1.00658
1.00658
1.00658
1.00658
1.00658
1.00658
1.00658
1.00658
1.00658
1.00658
1.00658
1.00658
