0
0
0
0
0
0.000119686
0.000557423
0.00139523
0.00261307
0.00417709
0.00605917
0.00823402
0.0106788
0.0133729
0.0162983
0.0194364
0.0227723
0.0262904
0.0299754
0.0357885
0.037796
0.0419073
0.0461369
0.0504751
0.0549126
0.0594406
0.0663834
0.0711012
0.0758843
0.0807238
0.0856137
0.0905495
0.0955257
0.100536
0.105577
0.110646
0.115737
0.120846
0.125971
0.131107
0.136252
0.141404
0.146558
0.151716
0.156869
0.162021
0.167166
0.172305
0.177435
0.182555
0.187663
0.192758
0.200371
0.202901
0.210467
0.215488
0.22049
0.225472
0.230433
0.235374
0.240293
0.245189
0.250062
0.254913
0.259739
0.264541
0.269319
0.274072
0.278799
0.283502
0.290507
0.292829
0.297454
0.302053
0.306626
0.313436
0.317942
0.320186
0.324653
0.329093
0.335703
0.340076
0.344424
0.348744
0.353038
0.357306
0.361547
0.365761
0.369949
0.374111
0.378246
0.382356
0.386439
0.390497
0.394528
0.398534
0.402514
0.406469
0.410398
0.414301
0.41818
0.422034
0.425863
0.429667
0.433445
0.4372
0.44093
0.444635
0.448317
0.451974
0.455607
0.459217
0.464588
0.468139
0.471667
0.475172
0.478654
0.482113
0.485549
0.490661
0.49404
0.495722
0.500734
0.504047
0.507339
0.510609
0.513857
0.515473
0.52029
0.523474
0.526638
0.52978
0.532902
0.536004
0.539084
0.542145
0.545186
0.548205
0.552697
0.555667
0.557145
0.561549
0.563007
0.565908
0.570225
0.571654
0.574499
0.577324
0.580131
0.584305
0.587065
0.589807
0.59253
0.595235
0.597922
0.600591
0.604562
0.607187
0.609795
0.612385
0.614957
0.617513
0.621315
0.622573
0.626325
0.627567
0.630039
0.632494
0.636147
0.637356
0.640961
0.642154
0.644529
0.648062
0.650399
0.65156
0.655022
0.657311
0.659585
0.660716
0.664089
0.666319
0.668533
0.670732
0.672918
0.675088
0.677245
0.679387
0.681514
0.683628
0.685727
0.687812
0.689884
0.692966
0.693986
0.697027
0.699038
0.701035
0.703019
0.704989
0.706947
0.708892
0.710824
0.713697
0.714648
0.716542
0.719358
0.721221
0.723071
0.724909
0.726735
0.728548
0.73035
0.73214
0.733917
0.735683
0.73831
0.739181
0.741773
0.743487
0.74519
0.746881
0.748562
0.750231
0.751889
0.753536
0.755172
0.756798
0.758412
0.760016
0.761609
0.763979
0.764764
0.766326
0.767877
0.770184
0.771709
0.773224
0.77473
0.776226
0.777711
0.779187
0.780653
0.782109
0.783556
0.784992
0.786419
0.787837
0.789245
0.790644
0.792725
0.7941
0.795466
0.796824
0.798172
0.799511
0.800842
0.802163
0.803476
0.80478
0.80672
0.807362
0.80864
0.80991
0.8118
0.8118
0.814289
0.815521
0.816745
0.818566
0.819169
0.820966
0.821561
0.822744
0.82392
0.825089
0.826249
0.827402
0.828547
0.830251
0.830815
0.832496
0.833607
0.834712
0.835808
0.836897
0.837979
0.839054
0.840122
0.841183
0.842237
0.843283
0.84484
0.845356
0.846892
0.847908
0.848917
0.849919
0.85141
0.851904
0.852887
0.854348
0.855315
0.856275
0.857228
0.858175
0.859116
0.860051
0.86098
0.861903
0.863276
0.86373
0.864635
0.86598
0.866869
0.867753
0.86863
0.869067
0.870368
0.871229
0.872084
0.872932
0.873776
0.874614
0.875446
0.876273
0.877094
0.87791
0.87872
0.879525
0.880324
0.881119
0.881907
0.882691
0.883471
0.884628
0.885394
0.886154
0.886909
0.88766
0.888034
0.889147
0.889882
0.890248
0.891339
0.89206
0.892776
0.893487
0.894194
0.894896
0.895593
0.896286
0.896974
0.897658
0.898337
0.899011
0.899681
0.900347
0.901008
0.901665
0.902318
0.902966
0.90361
0.904249
0.904884
0.905515
0.906142
0.906765
0.907383
0.907998
0.908608
0.909214
0.909817
0.910415
0.911009
0.911599
0.912186
0.913058
0.913347
0.913921
0.914492
0.915341
0.915903
0.916461
0.917015
0.917565
0.918112
0.918655
0.919195
0.919731
0.920264
0.920793
0.921318
0.92184
0.922359
0.922874
0.923385
0.923893
0.924397
0.924899
0.925397
0.925892
0.926628
0.927115
0.927598
0.928079
0.928556
0.92903
0.929501
0.929968
0.930433
0.930895
0.931581
0.932035
0.932486
0.932934
0.933379
0.933822
0.93426
0.934697
0.93513
0.935561
0.935988
0.936413
0.936835
0.937255
0.937671
0.938084
0.9387
0.938904
0.939511
0.939912
0.940113
0.94051
0.941101
0.941298
0.941881
0.942266
0.942459
0.94303
0.943408
0.943784
0.944158
0.944528
0.944896
0.945262
0.945625
0.945986
0.946344
0.9467
0.947054
0.947405
0.947754
0.948102
0.948445
0.948788
0.949127
0.949465
0.9498
0.950133
0.950464
0.950792
0.951281
0.951443
0.951765
0.952085
0.952403
0.952719
0.953032
0.953498
0.953807
0.95396
0.954418
0.954569
0.955021
0.955318
0.955616
0.955909
0.956203
0.956492
0.956781
0.957067
0.957353
0.957635
0.957917
0.958195
0.958473
0.958748
0.959023
0.959293
0.959698
0.959832
0.960231
0.960495
0.960757
0.961017
0.961276
0.961532
0.961788
0.962041
0.962293
0.962543
0.962791
0.963039
0.963283
0.963527
0.963768
0.964009
0.964248
0.964485
0.964721
0.964954
0.965187
0.965418
0.965647
0.965876
0.966102
0.966327
0.966551
0.966772
0.966993
0.967212
0.967538
0.967646
0.967967
0.968073
0.968286
0.968495
0.96881
0.969016
0.969119
0.969426
0.969527
0.969831
0.970031
0.97013
0.970428
0.970623
0.970818
0.971013
0.971204
0.971395
0.971586
0.971774
0.971961
0.972147
0.972332
0.972515
0.972698
0.972969
0.973059
0.973238
0.973416
0.973679
0.973855
0.974028
0.974199
0.974371
0.974542
0.97471
0.974877
0.975045
0.97521
0.975374
0.975538
0.9757
0.975861
0.976021
0.97626
0.976417
0.976573
0.976729
0.976883
0.977036
0.977189
0.977341
0.97749
0.977639
0.977788
0.977937
0.978082
0.978227
0.978372
0.978517
0.978658
0.978869
0.97894
0.97915
0.979218
0.979424
0.979562
0.979698
0.979832
0.979965
0.980099
0.980232
0.980362
0.980492
0.980621
0.980751
0.980879
0.981005
0.981131
0.981256
0.981382
0.981504
0.981627
0.981749
0.981871
0.981992
0.98211
0.982228
0.982347
0.982465
0.982581
0.982753
0.982867
0.982982
0.983096
0.983207
0.983318
0.983428
0.983539
0.98365
0.983757
0.983864
0.984025
0.984131
0.984238
0.984342
0.984445
0.984548
0.984651
0.984754
0.984855
0.984954
0.985054
0.985153
0.985252
0.985351
0.985448
0.985543
0.985639
0.985782
0.985829
0.985925
0.986063
0.986109
0.986247
0.986338
0.98643
0.986521
0.986609
0.986741
0.986785
0.986917
0.987004
0.987092
0.987176
0.98726
0.987344
0.987428
0.987512
0.987596
0.98768
0.98776
0.98784
0.98792
0.988
0.988081
0.988161
0.988241
0.988317
0.988394
0.98847
0.988546
0.988623
0.988699
0.988775
0.988851
0.988959
0.988996
0.989104
0.989141
0.989249
0.989322
0.989394
0.989463
0.989532
0.989601
0.989669
0.989738
0.989807
0.989875
0.989978
0.990043
0.990108
0.99014
0.990238
0.99027
0.990367
0.9904
0.990497
0.990561
0.990623
0.990684
0.990745
0.990806
0.990867
0.990928
0.990989
0.99105
0.991111
0.991169
0.991226
0.991283
0.991341
0.991398
0.991455
0.991512
0.991598
0.991627
0.991684
0.991738
0.991818
0.991845
0.991899
0.991952
0.992032
0.992085
0.992139
0.992192
0.992246
0.992297
0.992347
0.992396
0.992446
0.992496
0.992545
0.992595
0.992644
0.992694
0.992743
0.992793
0.992866
0.992888
0.992934
0.993003
0.993026
0.993094
0.993117
0.993163
0.993232
0.993255
0.993323
0.993369
0.993414
0.993456
0.993498
0.99354
0.993582
0.993624
0.993666
0.993708
0.99375
0.993792
0.993834
0.993876
0.993918
0.99396
0.994
0.994038
0.994076
0.994114
0.994153
0.994191
0.994229
0.994267
0.994324
0.994362
0.994401
0.99442
0.994477
0.994515
0.994553
0.994587
0.994622
0.994656
0.99469
0.994725
0.994776
0.994811
0.994845
0.994879
0.994914
0.994948
0.994982
0.995017
0.995051
0.995102
0.99512
0.995166
0.995196
0.995227
0.995257
0.995288
0.995318
0.995349
0.995379
0.99541
0.99544
0.995471
0.995517
0.995532
0.995578
0.995593
0.995639
0.995669
0.995699
0.995726
0.995753
0.99578
0.995806
0.995833
0.99586
0.995886
0.995913
0.99594
0.995966
0.995993
0.99602
0.996047
0.996073
0.9961
0.996127
0.996167
0.996193
0.996207
0.996233
0.99626
0.996295
0.996318
0.996341
0.996364
0.996387
0.99641
0.996433
0.996456
0.996479
0.996501
0.996524
0.996559
0.99657
0.996593
0.996627
0.996639
0.996673
0.996696
0.996719
0.996742
0.996765
0.996788
0.99681
0.996833
0.996853
0.996872
0.996891
0.996911
0.996939
0.996958
0.996977
0.996996
0.997015
0.997035
0.997054
0.997073
0.997092
0.997111
0.99713
0.997149
0.997168
0.997187
0.997206
0.997225
0.997244
0.997273
0.997292
0.997302
0.99733
0.997349
0.997368
0.997387
0.997406
0.997423
0.997438
0.997453
0.997468
0.997484
0.997499
0.997514
0.99753
0.997545
0.99756
0.997575
0.997591
0.997606
0.997621
0.997636
0.997652
0.997667
0.997682
0.997697
0.997713
0.997736
0.997751
0.997766
0.997781
0.997789
0.997812
0.997827
0.997842
0.997858
0.997873
0.997888
0.997903
0.997919
0.997934
0.997949
0.997964
0.99798
0.997992
0.998003
0.998015
0.998026
0.998038
0.998049
0.998061
0.998072
0.998078
0.998101
0.998112
0.998124
0.998135
0.998147
0.998158
0.998169
0.998181
0.998192
0.998204
0.998215
0.998227
0.998238
0.99825
0.998261
0.998272
0.998284
0.998295
0.998307
0.998318
0.99833
0.998341
0.998353
0.998364
0.998375
0.998387
0.998404
0.99841
0.998421
0.998433
0.998444
0.998461
0.998467
0.998478
0.99849
0.998507
0.998518
0.998524
0.998541
0.998553
0.998561
0.998569
0.998577
0.998584
0.998592
0.9986
0.998607
0.998615
0.998622
0.99863
0.998638
0.998645
0.998653
0.998661
0.998668
0.99868
0.998683
0.998691
0.998699
0.998706
0.998718
