0
0
0
0
0
3.52859e-05
0.00063324
0.00112534
0.00366688
0.00485134
0.00768089
0.01299
0.0171709
0.0218201
0.0269003
0.0323753
0.0382166
0.0443954
0.0542307
0.0611258
0.068265
0.0756273
0.0831909
0.0909376
0.0988493
0.106909
0.115095
0.123399
0.131803
0.140294
0.148862
0.157494
0.166177
0.174902
0.18366
0.19244
0.201236
0.21004
0.218844
0.227643
0.236428
0.245195
0.258298
0.26265
0.275657
0.284278
0.292855
0.301385
0.309863
0.318288
0.326653
0.339087
0.347301
0.355448
0.363528
0.371541
0.379485
0.38736
0.395164
0.402894
0.410552
0.418136
0.425645
0.433078
0.444084
0.451326
0.458492
0.465582
0.472593
0.479527
0.486382
0.493158
0.499858
0.506478
0.513021
0.519487
0.525877
0.53219
0.538427
0.544588
0.550674
0.559665
0.565566
0.571395
0.57715
0.582834
0.588447
0.593987
0.599456
0.604856
0.610186
0.615448
0.620646
0.625776
0.630843
0.635844
0.640783
0.645655
0.652847
0.657566
0.662224
0.666821
0.671356
0.675831
0.680244
0.684604
0.688903
0.693145
0.69733
0.703502
0.705532
0.709551
0.713516
0.717428
0.721287
0.726977
0.728848
0.732553
0.738016
0.739813
0.745128
0.748611
0.752047
0.755435
0.758777
0.762073
0.765324
0.76853
0.771692
0.774811
0.777888
0.780925
0.78392
0.786876
0.78979
0.792665
0.795502
0.7983
0.801061
0.805131
0.807799
0.810431
0.813027
0.815589
0.818115
0.820607
0.823064
0.825487
0.827877
0.830235
0.832559
0.834851
0.837113
0.839345
0.841546
0.843717
0.845857
0.847966
0.850047
0.853115
0.854124
0.857108
0.858089
0.860992
0.862894
0.86477
0.866621
0.868446
0.870247
0.872023
0.873775
0.875504
0.87721
0.878892
0.880551
0.882998
0.883802
0.885395
0.887743
0.888515
0.890043
0.89155
0.893037
0.895228
0.896664
0.898082
0.899479
0.900858
0.902217
0.903559
0.904881
0.906186
0.908109
0.909369
0.910611
0.911837
0.913045
0.914237
0.915414
0.916574
0.917718
0.918847
0.919961
0.92106
0.922143
0.923211
0.924265
0.925818
0.92633
0.927341
0.928338
0.929809
0.930773
0.931723
0.93266
0.933584
0.934496
0.935395
0.936281
0.937155
0.938016
0.938867
0.94012
0.940532
0.94175
0.942548
0.943336
0.944111
0.944877
0.945632
0.946377
0.947112
0.947837
0.948551
0.949605
0.949952
0.950638
0.951314
0.951982
0.95264
0.953289
0.954246
0.95456
0.955183
0.955797
0.956403
0.957296
0.95759
0.958459
0.959028
0.95959
0.960144
0.96069
0.961229
0.961761
0.962284
0.963057
0.96331
0.963813
0.964553
0.965038
0.965517
0.965989
0.966455
0.966913
0.967365
0.967812
0.968252
0.968687
0.969114
0.969536
0.969953
0.970365
0.970769
0.971169
0.971563
0.971952
0.972336
0.972714
0.973088
0.973455
0.97382
0.974178
0.974531
0.975053
0.975396
0.975732
0.976065
0.976393
0.976716
0.977036
0.977349
0.97766
0.977965
0.978268
0.978565
0.978859
0.979149
0.979434
0.979716
0.979994
0.980268
0.980538
0.980805
0.981068
0.981457
0.981583
0.981834
0.982206
0.98245
0.982691
0.982927
0.983162
0.983391
0.98362
0.983843
0.984064
0.984283
0.984497
0.984711
0.98492
0.985126
0.985332
0.98553
0.985728
0.985926
0.986116
0.986307
0.986496
0.986679
0.986862
0.987043
0.987219
0.987394
0.987569
0.987737
0.987905
0.988072
0.988235
0.988475
0.988635
0.98879
0.988942
0.989095
0.989245
0.98939
0.989535
0.98968
0.989822
0.98996
0.990097
0.990234
0.990369
0.990499
0.990628
0.990758
0.990887
0.991009
0.991131
0.991314
0.991375
0.991549
0.991607
0.991721
0.991893
0.992004
0.992111
0.992218
0.992325
0.992432
0.992537
0.992636
0.992735
0.992834
0.992933
0.993032
0.993127
0.993218
0.99331
0.993402
0.993493
0.993585
0.993672
0.993756
0.993882
0.993924
0.99405
0.994134
0.994216
0.994292
0.994369
0.994445
0.994521
0.994597
0.994674
0.99475
0.994819
0.994887
0.99499
0.995025
0.995093
0.995196
0.995265
0.99533
0.995391
0.995452
0.995513
0.995574
0.995635
0.995696
0.995757
0.995818
0.995875
0.995929
0.995982
0.996036
0.996089
0.996142
0.996196
0.996249
0.996303
0.996356
0.996409
0.996455
0.996501
0.99657
0.996615
0.996661
0.996707
0.996753
0.996799
0.996844
0.996913
0.996936
0.996979
0.997017
0.997055
0.997112
0.997131
0.997169
0.997227
0.997265
0.997303
0.997341
0.997379
0.997417
0.997456
0.997494
0.997529
0.99756
0.99759
0.997621
0.997651
0.997682
0.997712
0.997758
0.997788
0.997819
0.997849
0.99788
0.99791
0.997956
0.997987
0.998017
0.998048
0.998077
0.9981
0.998123
0.998146
0.998169
0.998192
0.998215
0.998238
0.99826
0.998283
0.998306
0.998341
0.998363
0.998386
0.998409
0.998432
0.998455
0.998478
0.998501
0.998524
0.998558
0.998569
0.998592
0.998615
0.998636
0.998659
0.998674
0.99869
0.998705
0.99872
0.998735
0.998751
0.998766
0.998781
0.998796
0.998812
0.998827
0.998842
0.998857
0.998873
0.998888
0.998903
0.998919
0.998934
0.998949
0.998964
0.99898
0.998995
0.99901
0.999025
0.999048
0.999063
0.999079
0.999094
0.999109
0.999125
0.99914
0.999155
0.99917
0.999186
0.999197
0.999205
0.999212
0.99922
0.999228
0.999235
0.999243
0.99925
0.999262
0.999269
0.999277
0.999285
0.999289
0.9993
0.999308
0.999311
0.999323
0.999331
0.999338
0.999346
0.999353
0.999361
0.999369
0.999376
0.999384
0.999392
0.999399
0.999407
0.999414
0.999422
0.99943
0.999437
0.999445
0.999453
0.99946
0.999468
0.999475
0.999483
0.999491
0.999498
0.999506
0.999514
0.999521
0.999529
0.999537
0.999544
0.999552
0.999559
0.999567
0.999578
0.999582
0.999594
0.999598
0.999605
0.999617
0.999624
0.999632
0.999636
0.999647
0.999655
0.999662
0.99967
0.999678
0.999685
0.999693
0.999701
0.999708
0.999716
0.999727
0.999735
0.999743
0.99975
0.999758
0.999761
0.999761
0.999761
0.999761
0.999761
0.999761
0.999761
0.999761
0.999761
0.999761
0.999761
0.999761
0.999761
0.999761
0.999761
0.999761
0.999761
0.999761
0.999761
0.999761
0.999761
0.999761
0.999761
0.999761
0.999761
0.999761
0.999761
0.999761
0.999761
0.999761
0.999761
0.999761
0.999761
0.999761
0.999761
0.999761
0.999761
0.999761
0.999761
0.999761
0.999761
0.999761
0.999761
0.999761
0.999761
0.999761
0.999761
0.999761
0.999761
0.999761
0.999761
0.999761
0.999761
0.999761
0.999761
0.999761
0.999761
0.999761
0.999761
0.999761
0.999761
0.999761
0.999761
0.999761
0.999761
0.999761
0.999761
0.999761
0.999761
0.999761
0.999761
0.999761
0.999761
0.999761
0.999761
0.999761
0.999761
0.999761
0.999761
0.999761
0.999761
0.999761
0.999761
0.999761
0.999761
0.999761
0.999761
0.999761
0.999761
0.999761
0.999761
0.999761
0.999761
0.999761
0.999761
0.999761
0.999761
0.999761
0.999761
0.999761
0.999761
0.999761
0.999761
0.999761
0.999761
0.999761
0.999761
0.999761
0.999761
0.999761
0.999761
0.999761
0.999761
0.999761
0.999761
0.999761
0.999761
0.999761
0.999761
0.999761
0.999761
0.999761
0.999761
0.999761
0.999761
0.999761
0.999761
0.999761
0.999761
0.999761
0.999761
0.999761
0.999761
0.999761
0.999761
0.999761
0.999761
0.999761
0.999761
0.999761
0.999761
0.999761
0.999761
0.999761
0.999761
0.999761
0.999761
0.999761
0.999761
0.999761
0.999761
0.999761
0.999761
0.999761
0.999761
0.999761
0.999761
0.999761
0.999761
0.999761
0.999761
0.999761
0.999761
0.999761
0.999761
0.999761
0.999761
0.999761
0.999761
0.999761
0.999761
0.999761
0.999761
0.999761
0.999761
0.999761
0.999761
0.999761
0.999761
0.999761
0.999761
0.999761
0.999761
0.999761
0.999761
0.999761
0.999761
0.999761
0.999761
0.999761
0.999761
0.999761
0.999761
0.999761
0.999761
0.999761
0.999761
0.999761
0.999761
0.999761
0.999761
0.999761
0.999761
0.999761
0.999761
0.999761
0.999761
0.999761
0.999761
0.999761
0.999761
0.999761
0.999761
0.999761
0.999761
0.999761
0.999761
0.999761
0.999761
0.999761
0.999761
0.999761
0.999761
0.999761
0.999761
0.999761
0.999761
0.999761
0.999761
0.999761
0.999761
0.999761
0.999761
0.999761
0.999761
0.999761
0.999761
0.999761
0.999761
0.999761
0.999761
0.999761
0.999761
0.999761
0.999761
0.999761
0.999761
0.999761
0.999761
0.999761
0.999761
0.999761
0.999761
0.999761
0.999761
0.999761
0.999761
0.999761
0.999761
0.999761
0.999761
0.999761
0.999761
0.999761
0.999761
0.999761
0.999761
0.999761
0.999761
0.999761
0.999761
0.999761
0.999761
0.999761
0.999761
0.999761
0.999761
0.999761
0.999761
0.999761
0.999761
0.999761
0.999761
0.999761
0.999761
0.999761
0.999761
0.999761
0.999761
0.999761
0.999761
0.999761
0.999761
0.999761
0.999761
0.999761
0.999761
0.999761
0.999761
0.999761
0.999761
0.999761
0.999761
0.999761
0.999761
0.999761
0.999761
0.999761
0.999761
0.999761
0.999761
0.999761
0.999761
0.999761
0.999761
0.999761
0.999761
0.999761
0.999761
0.999761
0.999761
0.999761
0.999761
0.999761
0.999761
0.999761
0.999761
0.999761
0.999761
0.999761
0.999761
0.999761
0.999761
0.999761
0.999761
0.999761
0.999761
0.999761
0.999761
0.999761
0.999761
0.999761
0.999761
0.999761
0.999761
0.999761
0.999761
0.999761
0.999761
0.999761
0.999761
0.999761
0.999761
0.999761
0.999761
0.999761
0.999761
0.999761
0.999761
0.999761
0.999761
0.999761
0.999761
0.999761
0.999761
0.999761
0.999761
0.999761
0.999761
0.999761
0.999761
0.999761
0.999761
0.999761
0.999761
0.999761
0.999761
0.999761
0.999761
0.999761
0.999761
0.999761
0.999761
0.999761
0.999761
0.999761
0.999761
0.999761
0.999761
0.999761
0.999761
0.999761
0.999761
0.999761
0.999761
0.999761
0.999761
0.999761
0.999761
0.999761
0.999761
0.999761
