0
0
0
0
3.43323e-05
0.000307083
0.0011425
0.0028553
0.00573158
0.0100288
0.0159912
0.0238457
0.0337982
0.0460377
0.0606346
0.0774746
0.0963669
0.117126
0.151386
0.163559
0.188913
0.229179
0.257282
0.286207
0.315802
0.345945
0.376503
0.40733
0.453819
0.484827
0.500296
0.546431
0.576834
0.59189
0.636337
0.650896
0.679575
0.707605
0.748356
0.774591
0.800043
0.824686
0.84848
0.871399
0.893452
0.914631
0.944727
0.954306
0.981668
0.998756
1.01492
1.02265
1.04444
1.05781
1.07025
1.08179
1.09244
1.10222
1.11116
1.11925
1.12654
1.13304
1.13877
1.14378
1.14808
1.1517
1.15467
1.15701
1.15877
1.15997
1.16078
1.1608
1.1605
1.15975
1.15859
1.15615
1.15515
1.15293
1.14904
1.14612
1.14457
1.1396
1.13605
1.13234
1.12849
1.12452
1.12045
1.11629
1.11207
1.10781
1.1035
1.09919
1.09487
1.09056
1.08626
1.082
1.07779
1.07362
1.0695
1.06544
1.0595
1.05564
1.05187
1.0482
1.04463
1.04118
1.03784
1.03463
1.03154
1.02857
1.02574
1.02303
1.02046
1.01802
1.01571
1.01353
1.01147
1.00864
1.00776
1.00609
1.00454
1.00245
1.00121
1.00063
0.999556
0.998156
0.997353
0.996653
0.99605
0.995785
0.995125
0.994795
0.994545
0.994375
0.99428
0.994253
0.994291
0.99439
0.994549
0.994759
0.995169
0.995497
0.995865
0.996273
0.996716
0.997189
0.997686
0.998211
0.998755
0.999315
0.999891
1.00078
1.00138
1.00168
1.0026
1.00321
1.00382
1.00443
1.00503
1.00533
1.00622
1.00679
1.00736
1.00791
1.00845
1.00898
1.00949
1.00998
1.01046
1.01092
1.01137
1.012
1.0124
1.01278
1.01315
1.01349
1.01382
1.01413
1.01441
1.01468
1.01493
1.01516
1.01538
1.01557
1.01575
1.01591
1.01605
1.01618
1.01629
1.01638
1.01646
1.01653
1.01658
1.01662
1.01666
1.01667
1.01667
1.01666
1.01664
1.01661
1.01657
1.01652
1.01646
1.0164
1.01633
1.01626
1.01618
1.0161
1.016
1.01591
1.01582
1.01573
1.01557
1.01546
1.01535
1.01525
1.01514
1.01503
1.01493
1.01482
1.01471
1.01455
1.0145
1.01439
1.01426
1.01421
1.01407
1.01398
1.01394
1.01381
1.01373
1.01365
1.01358
1.0135
1.01343
1.01337
1.01331
1.01325
1.01319
1.01313
1.01309
1.01304
1.01299
1.01295
1.01291
1.01288
1.01283
1.0128
1.01277
1.01275
1.01274
1.01272
1.01271
1.01269
1.01268
1.01266
1.01266
1.01266
1.01266
1.01266
1.01266
1.01266
1.01266
1.01266
1.01267
1.01269
1.0127
1.01272
1.01273
1.01275
1.01276
1.01278
1.01279
1.01281
1.01282
1.01284
1.01285
1.01288
1.01289
1.0129
1.01292
1.01294
1.01295
1.01297
1.01298
1.01299
1.01301
1.01302
1.01304
1.01306
1.01307
1.01309
1.01311
1.01312
1.01314
1.01315
1.01317
1.01318
1.0132
1.01321
1.01323
1.01323
1.01323
1.01323
1.01323
1.01323
1.01323
1.01323
1.01323
1.01323
1.01323
1.01323
1.01323
1.01323
1.01323
1.01323
1.01323
1.01323
1.01323
1.01323
1.01323
1.01323
1.01323
1.01323
1.01323
1.01323
1.01323
1.01323
1.01323
1.01323
1.01323
1.01323
1.01323
1.01323
1.01323
1.01323
1.01323
1.01323
1.01323
1.01323
1.01323
1.01323
1.01323
1.01323
1.01323
1.01323
1.01323
1.01323
1.01323
1.01323
1.01323
1.01323
1.01323
1.01323
1.01323
1.01323
1.01323
1.01323
1.01323
1.01323
1.01323
1.01323
1.01323
1.01323
1.01323
1.01323
1.01323
1.01323
1.01323
1.01323
1.01323
1.01323
1.01323
1.01323
1.01323
1.01323
1.01323
1.01323
1.01323
1.01323
1.01323
1.01323
1.01323
1.01323
1.01323
1.01323
1.01323
1.01323
1.01323
1.01323
1.01323
1.01323
1.01323
1.01323
1.01323
1.01323
1.01323
1.01323
1.01323
1.01323
1.01323
1.01323
1.01323
1.01323
1.01323
1.01323
1.01323
1.01323
1.01323
1.01323
1.01323
1.01323
1.01323
1.01323
1.01323
1.01323
1.01323
1.01323
1.01323
1.01323
1.01323
1.01323
1.01323
1.01323
1.01323
1.01323
1.01323
1.01323
1.01323
1.01323
1.01323
1.01323
1.01323
1.01323
1.01323
1.01323
1.01323
1.01323
1.01323
1.01323
1.01323
1.01323
1.01323
1.01323
1.01323
1.01323
1.01323
1.01323
1.01323
1.01323
1.01323
1.01323
1.01323
1.01323
1.01323
1.01323
1.01323
1.01323
1.01323
1.01323
1.01323
1.01323
1.01323
1.01323
1.01323
1.01323
1.01323
1.01323
1.01323
1.01323
1.01323
1.01323
1.01323
1.01323
1.01323
1.01323
1.01323
1.01323
1.01323
1.01323
1.01323
1.01323
1.01323
1.01323
1.01323
1.01323
1.01323
1.01323
1.01323
1.01323
1.01323
1.01323
1.01323
1.01323
1.01323
1.01323
1.01323
1.01323
1.01323
1.01323
1.01323
1.01323
1.01323
1.01323
1.01323
1.01323
1.01323
1.01323
1.01323
1.01323
1.01323
1.01323
1.01323
1.01323
1.01323
1.01323
1.01323
1.01323
1.01323
1.01323
1.01323
1.01323
1.01323
1.01323
1.01323
1.01323
1.01323
1.01323
1.01323
1.01323
1.01323
1.01323
1.01323
1.01323
1.01323
1.01323
1.01323
1.01323
1.01323
1.01323
1.01323
1.01323
1.01323
1.01323
1.01323
1.01323
1.01323
1.01323
1.01323
1.01323
1.01323
1.01323
1.01323
1.01323
1.01323
1.01323
1.01323
1.01323
1.01323
1.01323
1.01323
1.01323
1.01323
1.01323
1.01323
1.01323
1.01323
1.01323
1.01323
1.01323
1.01323
1.01323
1.01323
1.01323
1.01323
1.01323
1.01323
1.01323
1.01323
1.01323
1.01323
1.01323
1.01323
1.01323
1.01323
1.01323
1.01323
1.01323
1.01323
1.01323
1.01323
1.01323
1.01323
1.01323
1.01323
1.01323
1.01323
1.01323
1.01323
1.01323
1.01323
1.01323
1.01323
1.01323
1.01323
1.01323
1.01323
1.01323
1.01323
1.01323
1.01323
1.01323
1.01323
1.01323
1.01323
1.01323
1.01323
1.01323
1.01323
1.01323
1.01323
1.01323
1.01323
1.01323
1.01323
1.01323
1.01323
1.01323
1.01323
1.01323
1.01323
1.01323
1.01323
1.01323
1.01323
1.01323
1.01323
1.01323
1.01323
1.01323
1.01323
1.01323
1.01323
1.01323
1.01323
1.01323
1.01323
1.01323
1.01323
1.01323
1.01323
1.01323
1.01323
1.01323
1.01323
1.01323
1.01323
1.01323
1.01323
1.01323
1.01323
1.01323
1.01323
1.01323
1.01323
1.01323
1.01323
1.01323
1.01323
1.01323
1.01323
1.01323
1.01323
1.01323
1.01323
1.01323
1.01323
1.01323
1.01323
1.01323
1.01323
1.01323
1.01323
1.01323
1.01323
1.01323
1.01323
1.01323
1.01323
1.01323
1.01323
1.01323
1.01323
1.01323
1.01323
1.01323
1.01323
1.01323
1.01323
1.01323
1.01323
1.01323
1.01323
1.01323
1.01323
1.01323
1.01323
1.01323
1.01323
1.01323
1.01323
1.01323
1.01323
1.01323
1.01323
1.01323
1.01323
1.01323
1.01323
1.01323
1.01323
1.01323
1.01323
1.01323
1.01323
1.01323
1.01323
1.01323
1.01323
1.01323
1.01323
1.01323
1.01323
1.01323
1.01323
1.01323
1.01323
1.01323
1.01323
1.01323
1.01323
1.01323
1.01323
1.01323
1.01323
1.01323
1.01323
1.01323
1.01323
1.01323
1.01323
1.01323
1.01323
1.01323
1.01323
1.01323
1.01323
1.01323
1.01323
1.01323
1.01323
1.01323
1.01323
1.01323
1.01323
1.01323
1.01323
1.01323
1.01323
1.01323
1.01323
1.01323
1.01323
1.01323
1.01323
1.01323
1.01323
1.01323
1.01323
1.01323
1.01323
1.01323
1.01323
1.01323
1.01323
1.01323
1.01323
1.01323
1.01323
1.01323
1.01323
1.01323
1.01323
1.01323
1.01323
1.01323
1.01323
1.01323
1.01323
1.01323
1.01323
1.01323
1.01323
1.01323
1.01323
1.01323
1.01323
1.01323
1.01323
1.01323
1.01323
1.01323
1.01323
1.01323
1.01323
1.01323
1.01323
1.01323
1.01323
1.01323
1.01323
1.01323
1.01323
1.01323
1.01323
1.01323
1.01323
1.01323
1.01323
1.01323
1.01323
1.01323
1.01323
1.01323
1.01323
1.01323
1.01323
1.01323
1.01323
1.01323
1.01323
1.01323
1.01323
1.01323
1.01323
1.01323
1.01323
1.01323
1.01323
1.01323
1.01323
1.01323
1.01323
1.01323
1.01323
1.01323
1.01323
1.01323
1.01323
1.01323
1.01323
1.01323
1.01323
1.01323
1.01323
1.01323
1.01323
1.01323
1.01323
1.01323
1.01323
1.01323
1.01323
1.01323
1.01323
1.01323
1.01323
1.01323
1.01323
1.01323
1.01323
1.01323
1.01323
1.01323
1.01323
1.01323
1.01323
1.01323
1.01323
1.01323
1.01323
1.01323
1.01323
1.01323
1.01323
1.01323
1.01323
1.01323
1.01323
1.01323
1.01323
1.01323
1.01323
1.01323
1.01323
1.01323
1.01323
1.01323
1.01323
1.01323
1.01323
1.01323
1.01323
1.01323
1.01323
1.01323
1.01323
1.01323
1.01323
1.01323
1.01323
1.01323
1.01323
1.01323
1.01323
1.01323
1.01323
1.01323
1.01323
1.01323
1.01323
1.01323
1.01323
1.01323
1.01323
1.01323
1.01323
1.01323
1.01323
1.01323
1.01323
1.01323
1.01323
1.01323
1.01323
1.01323
1.01323
1.01323
1.01323
1.01323
1.01323
1.01323
1.01323
1.01323
1.01323
1.01323
1.01323
1.01323
1.01323
1.01323
1.01323
1.01323
1.01323
1.01323
1.01323
1.01323
1.01323
1.01323
1.01323
1.01323
1.01323
1.01323
1.01323
1.01323
1.01323
1.01323
1.01323
1.01323
1.01323
1.01323
1.01323
1.01323
1.01323
1.01323
1.01323
1.01323
1.01323
1.01323
1.01323
1.01323
1.01323
1.01323
1.01323
1.01323
1.01323
1.01323
1.01323
1.01323
1.01323
1.01323
