0
0
0
0
3.52859e-05
0.000308037
0.00113964
0.00285339
0.00572968
0.0100307
0.0159931
0.0238419
0.0337925
0.046031
0.0606709
0.0777378
0.107872
0.119102
0.143248
0.169469
0.212222
0.242696
0.274511
0.307486
0.341433
0.376149
0.411427
0.447087
0.482973
0.518938
0.554838
0.590531
0.625887
0.660784
0.695106
0.728754
0.761634
0.793659
0.824755
0.854855
0.883896
0.911826
0.951543
0.964181
0.988529
1.02268
1.04384
1.06367
1.08219
1.0994
1.11529
1.12986
1.14312
1.15511
1.16586
1.17539
1.18374
1.19094
1.19704
1.20209
1.20615
1.20925
1.21143
1.21272
1.21318
1.21284
1.21175
1.20995
1.2075
1.20443
1.20079
1.19663
1.19199
1.18692
1.17861
1.17265
1.16642
1.15994
1.15326
1.14642
1.13947
1.13242
1.12532
1.11818
1.11104
1.10393
1.09687
1.08988
1.08299
1.07621
1.06957
1.06308
1.05675
1.05061
1.04466
1.03614
1.03341
1.02811
1.02061
1.01592
1.01147
1.00728
1.00335
0.999671
0.996255
0.993098
0.990197
0.987548
0.985135
0.982955
0.981003
0.979274
0.977763
0.976465
0.975373
0.974481
0.973781
0.973266
0.972926
0.972755
0.972745
0.972886
0.97317
0.973589
0.974131
0.974792
0.975563
0.976902
0.977394
0.97899
0.980143
0.981359
0.982626
0.98394
0.985291
0.986672
0.988077
0.989498
0.990929
0.992363
0.993796
0.995221
0.996634
0.99803
0.999403
1.00075
1.00207
1.00335
1.0046
1.00581
1.00697
1.0081
1.00917
1.0102
1.01118
1.01211
1.01298
1.01381
1.01458
1.0153
1.01597
1.01687
1.01714
1.01765
1.01832
1.01871
1.01904
1.01933
1.01957
1.01977
1.01992
1.02003
1.0201
1.02014
1.02014
1.0201
1.02003
1.01993
1.01981
1.01966
1.01948
1.01928
1.01906
1.01882
1.01857
1.0183
1.01801
1.01772
1.01741
1.01694
1.01678
1.01628
1.01596
1.01562
1.01528
1.01495
1.01463
1.0143
1.01398
1.01366
1.01336
1.01305
1.01276
1.01248
1.0122
1.01194
1.01168
1.01144
1.01121
1.01099
1.01078
1.01058
1.01039
1.01022
1.01006
1.00991
1.00977
1.00964
1.00953
1.00943
1.00933
1.00925
1.00918
1.00912
1.00907
1.00903
1.009
1.00898
1.00896
1.00896
1.00896
1.00898
1.009
1.00903
1.00906
1.0091
1.00914
1.00918
1.00924
1.00929
1.00935
1.00941
1.00947
1.00953
1.0096
1.00967
1.00974
1.00981
1.00988
1.00995
1.01005
1.01008
1.01015
1.01026
1.01032
1.01039
1.01046
1.01052
1.01058
1.01064
1.0107
1.01075
1.0108
1.01085
1.0109
1.01095
1.01099
1.01103
1.01107
1.0111
1.01113
1.01116
1.01119
1.01121
1.01123
1.01125
1.01127
1.01129
1.0113
1.01131
1.01131
1.01132
1.01132
1.01132
1.01132
1.01132
1.01132
1.01131
1.0113
1.01129
1.01129
1.01128
1.01127
1.01125
1.01124
1.01122
1.01121
1.01118
1.01118
1.01116
1.01115
1.01113
1.01111
1.01109
1.01108
1.01106
1.01105
1.01103
1.01102
1.011
1.01099
1.01097
1.01095
1.01094
1.01092
1.01091
1.01089
1.01088
1.01087
1.01086
1.01085
1.01084
1.01084
1.01083
1.01082
1.01082
1.01081
1.0108
1.01079
1.01078
1.01078
1.01078
1.01078
1.01078
1.01078
1.01078
1.01078
1.01078
1.01078
1.01078
1.01078
1.01078
1.01078
1.01078
1.01078
1.01078
1.01078
1.01078
1.01078
1.01078
1.01078
1.01078
1.01078
1.01078
1.01078
1.01078
1.01078
1.01079
1.01079
1.0108
1.01081
1.01082
1.01082
1.01084
1.01084
1.01085
1.01086
1.01087
1.01087
1.01087
1.01087
1.01087
1.01087
1.01087
1.01087
1.01087
1.01087
1.01087
1.01087
1.01087
1.01087
1.01087
1.01087
1.01087
1.01087
1.01087
1.01087
1.01087
1.01087
1.01087
1.01087
1.01087
1.01087
1.01087
1.01087
1.01087
1.01087
1.01087
1.01087
1.01087
1.01087
1.01087
1.01087
1.01087
1.01087
1.01087
1.01087
1.01087
1.01087
1.01087
1.01087
1.01087
1.01087
1.01087
1.01087
1.01087
1.01087
1.01087
1.01087
1.01087
1.01087
1.01087
1.01087
1.01087
1.01087
1.01087
1.01087
1.01087
1.01087
1.01087
1.01087
1.01087
1.01087
1.01087
1.01087
1.01087
1.01087
1.01087
1.01087
1.01087
1.01087
1.01087
1.01087
1.01087
1.01087
1.01087
1.01087
1.01087
1.01087
1.01087
1.01087
1.01087
1.01087
1.01087
1.01087
1.01087
1.01087
1.01087
1.01087
1.01087
1.01087
1.01087
1.01087
1.01087
1.01087
1.01087
1.01087
1.01087
1.01087
1.01087
1.01087
1.01087
1.01087
1.01087
1.01087
1.01087
1.01087
1.01087
1.01087
1.01087
1.01087
1.01087
1.01087
1.01087
1.01087
1.01087
1.01087
1.01087
1.01087
1.01087
1.01087
1.01087
1.01087
1.01087
1.01087
1.01087
1.01087
1.01087
1.01087
1.01087
1.01087
1.01087
1.01087
1.01087
1.01087
1.01087
1.01087
1.01087
1.01087
1.01087
1.01087
1.01087
1.01087
1.01087
1.01087
1.01087
1.01087
1.01087
1.01087
1.01087
1.01087
1.01087
1.01087
1.01087
1.01087
1.01087
1.01087
1.01087
1.01087
1.01087
1.01087
1.01087
1.01087
1.01087
1.01087
1.01087
1.01087
1.01087
1.01087
1.01087
1.01087
1.01087
1.01087
1.01087
1.01087
1.01087
1.01087
1.01087
1.01087
1.01087
1.01087
1.01087
1.01087
1.01087
1.01087
1.01087
1.01087
1.01087
1.01087
1.01087
1.01087
1.01087
1.01087
1.01087
1.01087
1.01087
1.01087
1.01087
1.01087
1.01087
1.01087
1.01087
1.01087
1.01087
1.01087
1.01087
1.01087
1.01087
1.01087
1.01087
1.01087
1.01087
1.01087
1.01087
1.01087
1.01087
1.01087
1.01087
1.01087
1.01087
1.01087
1.01087
1.01087
1.01087
1.01087
1.01087
1.01087
1.01087
1.01087
1.01087
1.01087
1.01087
1.01087
1.01087
1.01087
1.01087
1.01087
1.01087
1.01087
1.01087
1.01087
1.01087
1.01087
1.01087
1.01087
1.01087
1.01087
1.01087
1.01087
1.01087
1.01087
1.01087
1.01087
1.01087
1.01087
1.01087
1.01087
1.01087
1.01087
1.01087
1.01087
1.01087
1.01087
1.01087
1.01087
1.01087
1.01087
1.01087
1.01087
1.01087
1.01087
1.01087
1.01087
1.01087
1.01087
1.01087
1.01087
1.01087
1.01087
1.01087
1.01087
1.01087
1.01087
1.01087
1.01087
1.01087
1.01087
1.01087
1.01087
1.01087
1.01087
1.01087
1.01087
1.01087
1.01087
1.01087
1.01087
1.01087
1.01087
1.01087
1.01087
1.01087
1.01087
1.01087
1.01087
1.01087
1.01087
1.01087
1.01087
1.01087
1.01087
1.01087
1.01087
1.01087
1.01087
1.01087
1.01087
1.01087
1.01087
1.01087
1.01087
1.01087
1.01087
1.01087
1.01087
1.01087
1.01087
1.01087
1.01087
1.01087
1.01087
1.01087
1.01087
1.01087
1.01087
1.01087
1.01087
1.01087
1.01087
1.01087
1.01087
1.01087
1.01087
1.01087
1.01087
1.01087
1.01087
1.01087
1.01087
1.01087
1.01087
1.01087
1.01087
1.01087
1.01087
1.01087
1.01087
1.01087
1.01087
1.01087
1.01087
1.01087
1.01087
1.01087
1.01087
1.01087
1.01087
1.01087
1.01087
1.01087
1.01087
1.01087
1.01087
1.01087
1.01087
1.01087
1.01087
1.01087
1.01087
1.01087
1.01087
1.01087
1.01087
1.01087
1.01087
1.01087
1.01087
1.01087
1.01087
1.01087
1.01087
1.01087
1.01087
1.01087
1.01087
1.01087
1.01087
1.01087
1.01087
1.01087
1.01087
1.01087
1.01087
1.01087
1.01087
1.01087
1.01087
1.01087
1.01087
1.01087
1.01087
1.01087
1.01087
1.01087
1.01087
1.01087
1.01087
1.01087
1.01087
1.01087
1.01087
1.01087
1.01087
1.01087
1.01087
1.01087
1.01087
1.01087
1.01087
1.01087
1.01087
1.01087
1.01087
1.01087
1.01087
1.01087
1.01087
1.01087
1.01087
1.01087
1.01087
1.01087
1.01087
1.01087
1.01087
1.01087
1.01087
1.01087
1.01087
1.01087
1.01087
1.01087
1.01087
1.01087
1.01087
1.01087
1.01087
1.01087
1.01087
1.01087
1.01087
1.01087
1.01087
1.01087
1.01087
1.01087
1.01087
1.01087
1.01087
1.01087
1.01087
1.01087
1.01087
1.01087
1.01087
1.01087
1.01087
1.01087
1.01087
1.01087
1.01087
1.01087
1.01087
1.01087
1.01087
1.01087
1.01087
1.01087
1.01087
1.01087
1.01087
1.01087
1.01087
1.01087
1.01087
1.01087
1.01087
1.01087
1.01087
1.01087
1.01087
1.01087
1.01087
1.01087
1.01087
1.01087
1.01087
1.01087
1.01087
1.01087
1.01087
1.01087
1.01087
1.01087
1.01087
1.01087
1.01087
1.01087
1.01087
1.01087
1.01087
1.01087
1.01087
1.01087
1.01087
1.01087
1.01087
1.01087
1.01087
1.01087
1.01087
1.01087
1.01087
1.01087
1.01087
1.01087
1.01087
1.01087
1.01087
1.01087
1.01087
1.01087
1.01087
1.01087
1.01087
1.01087
1.01087
1.01087
1.01087
1.01087
1.01087
1.01087
1.01087
1.01087
1.01087
1.01087
1.01087
1.01087
1.01087
1.01087
1.01087
1.01087
1.01087
1.01087
1.01087
1.01087
1.01087
1.01087
1.01087
1.01087
1.01087
1.01087
1.01087
1.01087
1.01087
1.01087
1.01087
1.01087
1.01087
1.01087
1.01087
1.01087
1.01087
1.01087
1.01087
1.01087
1.01087
1.01087
1.01087
1.01087
1.01087
1.01087
1.01087
1.01087
1.01087
1.01087
1.01087
1.01087
1.01087
1.01087
1.01087
1.01087
1.01087
1.01087
1.01087
1.01087
1.01087
1.01087
1.01087
1.01087
1.01087
1.01087
1.01087
1.01087
1.01087
1.01087
1.01087
1.01087
1.01087
1.01087
1.01087
1.01087
1.01087
1.01087
1.01087
1.01087
1.01087
1.01087
1.01087
1.01087
