0
0
0
0
3.8147e-06
0.000305176
0.000631332
0.00285149
0.0041275
0.010025
0.0159874
0.0238419
0.0337944
0.0459785
0.0603275
0.0766716
0.0948257
0.114645
0.135975
0.158674
0.182592
0.207567
0.233463
0.260134
0.287472
0.315372
0.343714
0.386822
0.401297
0.430334
0.473948
0.488455
0.531736
0.56028
0.588499
0.616322
0.643681
0.670519
0.696772
0.722391
0.747339
0.771582
0.79509
0.817839
0.839804
0.860971
0.881325
0.900854
0.919548
0.937405
0.95442
0.970596
0.985933
1.00044
1.02065
1.02698
1.04478
1.05566
1.06576
1.0751
1.08371
1.09158
1.09875
1.10523
1.11107
1.1163
1.12302
1.1268
1.13003
1.13275
1.13497
1.13671
1.13848
1.13913
1.13939
1.13927
1.13881
1.13803
1.13694
1.13557
1.13394
1.13207
1.12998
1.1277
1.12394
1.12124
1.11841
1.11545
1.11238
1.10922
1.10599
1.10269
1.09935
1.09426
1.09255
1.0874
1.08397
1.08054
1.07714
1.07376
1.07042
1.06713
1.06388
1.06067
1.05753
1.05445
1.05143
1.04849
1.04562
1.04284
1.04013
1.03623
1.03498
1.03254
1.03019
1.02793
1.02473
1.02371
1.02174
1.01897
1.01725
1.01562
1.01408
1.01264
1.01129
1.01003
1.00886
1.00778
1.00679
1.00588
1.00505
1.0043
1.00363
1.00303
1.00251
1.00205
1.00149
1.00133
1.00106
1.00077
1.0007
1.0006
1.00054
1.00054
1.00061
1.00071
1.00085
1.00101
1.00122
1.00145
1.0017
1.00199
1.00229
1.00261
1.00295
1.00331
1.00368
1.00406
1.00446
1.00485
1.00547
1.00588
1.00609
1.00671
1.00713
1.00755
1.00796
1.00837
1.00878
1.00918
1.00957
1.00996
1.01034
1.01071
1.01107
1.01142
1.01175
1.01224
1.0124
1.01285
1.013
1.01328
1.01355
1.01381
1.01405
1.01428
1.0145
1.0147
1.01499
1.01508
1.01525
1.01548
1.01562
1.01575
1.01587
1.01597
1.01607
1.01616
1.01623
1.0163
1.01636
1.0164
1.01645
1.01648
1.0165
1.01652
1.01653
1.01653
1.01653
1.01652
1.0165
1.01649
1.01646
1.01643
1.0164
1.01636
1.01631
1.01624
1.0162
1.01615
1.0161
1.01604
1.01598
1.01591
1.01585
1.01579
1.01573
1.01567
1.01561
1.01555
1.01546
1.01543
1.01537
1.01527
1.01524
1.01518
1.01512
1.01503
1.01497
1.01494
1.01488
1.01481
1.01477
1.01472
1.01468
1.01463
1.01459
1.01454
1.01449
1.01446
1.01443
1.0144
1.01437
1.01434
1.01431
1.01427
1.01424
1.01421
1.01419
1.01418
1.01416
1.01415
1.01413
1.01412
1.0141
1.01409
1.01407
1.01406
1.01404
1.01404
1.01404
1.01404
1.01404
1.01404
1.01404
1.01404
1.01404
1.01404
1.01404
1.01404
1.01404
1.01404
1.01404
1.01404
1.01404
1.01404
1.01404
1.01404
1.01404
1.01404
1.01404
1.01404
1.01405
1.01406
1.01408
1.0141
1.01411
1.01413
1.01414
1.01416
1.01417
1.01419
1.0142
1.01422
1.01423
1.01426
1.01427
1.01427
1.01427
1.01427
1.01427
1.01427
1.01427
1.01427
1.01427
1.01427
1.01427
1.01427
1.01427
1.01427
1.01427
1.01427
1.01427
1.01427
1.01427
1.01427
1.01427
1.01427
1.01427
1.01427
1.01427
1.01427
1.01427
1.01427
1.01427
1.01427
1.01427
1.01427
1.01427
1.01427
1.01427
1.01427
1.01427
1.01427
1.01427
1.01427
1.01427
1.01427
1.01427
1.01427
1.01427
1.01427
1.01427
1.01427
1.01427
1.01427
1.01427
1.01427
1.01427
1.01427
1.01427
1.01427
1.01427
1.01427
1.01427
1.01427
1.01427
1.01427
1.01427
1.01427
1.01427
1.01427
1.01427
1.01427
1.01427
1.01427
1.01427
1.01427
1.01427
1.01427
1.01427
1.01427
1.01427
1.01427
1.01427
1.01427
1.01427
1.01427
1.01427
1.01427
1.01427
1.01427
1.01427
1.01427
1.01427
1.01427
1.01427
1.01427
1.01427
1.01427
1.01427
1.01427
1.01427
1.01427
1.01427
1.01427
1.01427
1.01427
1.01427
1.01427
1.01427
1.01427
1.01427
1.01427
1.01427
1.01427
1.01427
1.01427
1.01427
1.01427
1.01427
1.01427
1.01427
1.01427
1.01427
1.01427
1.01427
1.01427
1.01427
1.01427
1.01427
1.01427
1.01427
1.01427
1.01427
1.01427
1.01427
1.01427
1.01427
1.01427
1.01427
1.01427
1.01427
1.01427
1.01427
1.01427
1.01427
1.01427
1.01427
1.01427
1.01427
1.01427
1.01427
1.01427
1.01427
1.01427
1.01427
1.01427
1.01427
1.01427
1.01427
1.01427
1.01427
1.01427
1.01427
1.01427
1.01427
1.01427
1.01427
1.01427
1.01427
1.01427
1.01427
1.01427
1.01427
1.01427
1.01427
1.01427
1.01427
1.01427
1.01427
1.01427
1.01427
1.01427
1.01427
1.01427
1.01427
1.01427
1.01427
1.01427
1.01427
1.01427
1.01427
1.01427
1.01427
1.01427
1.01427
1.01427
1.01427
1.01427
1.01427
1.01427
1.01427
1.01427
1.01427
1.01427
1.01427
1.01427
1.01427
1.01427
1.01427
1.01427
1.01427
1.01427
1.01427
1.01427
1.01427
1.01427
1.01427
1.01427
1.01427
1.01427
1.01427
1.01427
1.01427
1.01427
1.01427
1.01427
1.01427
1.01427
1.01427
1.01427
1.01427
1.01427
1.01427
1.01427
1.01427
1.01427
1.01427
1.01427
1.01427
1.01427
1.01427
1.01427
1.01427
1.01427
1.01427
1.01427
1.01427
1.01427
1.01427
1.01427
1.01427
1.01427
1.01427
1.01427
1.01427
1.01427
1.01427
1.01427
1.01427
1.01427
1.01427
1.01427
1.01427
1.01427
1.01427
1.01427
1.01427
1.01427
1.01427
1.01427
1.01427
1.01427
1.01427
1.01427
1.01427
1.01427
1.01427
1.01427
1.01427
1.01427
1.01427
1.01427
1.01427
1.01427
1.01427
1.01427
1.01427
1.01427
1.01427
1.01427
1.01427
1.01427
1.01427
1.01427
1.01427
1.01427
1.01427
1.01427
1.01427
1.01427
1.01427
1.01427
1.01427
1.01427
1.01427
1.01427
1.01427
1.01427
1.01427
1.01427
1.01427
1.01427
1.01427
1.01427
1.01427
1.01427
1.01427
1.01427
1.01427
1.01427
1.01427
1.01427
1.01427
1.01427
1.01427
1.01427
1.01427
1.01427
1.01427
1.01427
1.01427
1.01427
1.01427
1.01427
1.01427
1.01427
1.01427
1.01427
1.01427
1.01427
1.01427
1.01427
1.01427
1.01427
1.01427
1.01427
1.01427
1.01427
1.01427
1.01427
1.01427
1.01427
1.01427
1.01427
1.01427
1.01427
1.01427
1.01427
1.01427
1.01427
1.01427
1.01427
1.01427
1.01427
1.01427
1.01427
1.01427
1.01427
1.01427
1.01427
1.01427
1.01427
1.01427
1.01427
1.01427
1.01427
1.01427
1.01427
1.01427
1.01427
1.01427
1.01427
1.01427
1.01427
1.01427
1.01427
1.01427
1.01427
1.01427
1.01427
1.01427
1.01427
1.01427
1.01427
1.01427
1.01427
1.01427
1.01427
1.01427
1.01427
1.01427
1.01427
1.01427
1.01427
1.01427
1.01427
1.01427
1.01427
1.01427
1.01427
1.01427
1.01427
1.01427
1.01427
1.01427
1.01427
1.01427
1.01427
1.01427
1.01427
1.01427
1.01427
1.01427
1.01427
1.01427
1.01427
1.01427
1.01427
1.01427
1.01427
1.01427
1.01427
1.01427
1.01427
1.01427
1.01427
1.01427
1.01427
1.01427
1.01427
1.01427
1.01427
1.01427
1.01427
1.01427
1.01427
1.01427
1.01427
1.01427
1.01427
1.01427
1.01427
1.01427
1.01427
1.01427
1.01427
1.01427
1.01427
1.01427
1.01427
1.01427
1.01427
1.01427
1.01427
1.01427
1.01427
1.01427
1.01427
1.01427
1.01427
1.01427
1.01427
1.01427
1.01427
1.01427
1.01427
1.01427
1.01427
1.01427
1.01427
1.01427
1.01427
1.01427
1.01427
1.01427
1.01427
1.01427
1.01427
1.01427
1.01427
1.01427
1.01427
1.01427
1.01427
1.01427
1.01427
1.01427
1.01427
1.01427
1.01427
1.01427
1.01427
1.01427
1.01427
1.01427
1.01427
1.01427
1.01427
1.01427
1.01427
1.01427
1.01427
1.01427
1.01427
1.01427
1.01427
1.01427
1.01427
1.01427
1.01427
1.01427
1.01427
1.01427
1.01427
1.01427
1.01427
1.01427
1.01427
1.01427
1.01427
1.01427
1.01427
1.01427
1.01427
1.01427
1.01427
1.01427
1.01427
1.01427
1.01427
1.01427
1.01427
1.01427
1.01427
1.01427
1.01427
1.01427
1.01427
1.01427
1.01427
1.01427
1.01427
1.01427
1.01427
1.01427
1.01427
1.01427
1.01427
1.01427
1.01427
1.01427
1.01427
1.01427
1.01427
1.01427
1.01427
1.01427
1.01427
1.01427
1.01427
1.01427
1.01427
1.01427
1.01427
1.01427
1.01427
1.01427
1.01427
1.01427
1.01427
1.01427
1.01427
1.01427
1.01427
1.01427
1.01427
1.01427
1.01427
1.01427
1.01427
1.01427
1.01427
1.01427
1.01427
1.01427
1.01427
1.01427
1.01427
1.01427
1.01427
1.01427
1.01427
1.01427
1.01427
1.01427
1.01427
1.01427
1.01427
1.01427
1.01427
1.01427
1.01427
1.01427
1.01427
1.01427
1.01427
1.01427
1.01427
1.01427
1.01427
1.01427
1.01427
1.01427
1.01427
1.01427
1.01427
1.01427
1.01427
1.01427
1.01427
1.01427
1.01427
1.01427
1.01427
1.01427
1.01427
1.01427
1.01427
1.01427
1.01427
1.01427
1.01427
1.01427
1.01427
1.01427
1.01427
1.01427
1.01427
1.01427
1.01427
1.01427
1.01427
1.01427
1.01427
1.01427
1.01427
1.01427
1.01427
1.01427
1.01427
1.01427
1.01427
1.01427
1.01427
1.01427
1.01427
1.01427
1.01427
1.01427
1.01427
1.01427
1.01427
1.01427
1.01427
1.01427
1.01427
1.01427
1.01427
1.01427
1.01427
1.01427
1.01427
1.01427
1.01427
1.01427
1.01427
1.01427
1.01427
1.01427
1.01427
1.01427
1.01427
1.01427
1.01427
1.01427
1.01427
1.01427
1.01427
