0
0
0
0
3.8147e-06
0.00012207
0.000629425
0.00284958
0.00572586
0.0100212
0.0159798
0.0238304
0.0337791
0.0460129
0.0606613
0.0777206
0.107861
0.119118
0.14344
0.170174
0.199314
0.230862
0.264816
0.320251
0.360203
0.402409
0.446568
0.492336
0.563221
0.611393
0.659874
0.708355
0.756531
0.8041
0.850769
0.896286
0.962162
0.983414
1.04469
1.08325
1.11979
1.15425
1.18661
1.21688
1.24507
1.27118
1.29521
1.31717
1.33707
1.3549
1.37777
1.38437
1.39602
1.40562
1.41317
1.42065
1.42308
1.42346
1.4218
1.41809
1.41235
1.39991
1.39477
1.38304
1.36952
1.34626
1.3378
1.31061
1.29116
1.27083
1.24981
1.22827
1.20635
1.18424
1.16209
1.14003
1.11818
1.09666
1.07559
1.05508
1.03521
1.01609
0.997803
0.980415
0.963997
0.948605
0.93428
0.921062
0.908985
0.893044
0.888317
0.875904
0.869099
0.863457
0.858974
0.855606
0.853291
0.852028
0.851753
0.852444
0.854042
0.856499
0.859764
0.863777
0.868492
0.873848
0.879776
0.889618
0.896732
0.900433
0.912006
0.920044
0.928265
0.936607
0.945019
0.953442
0.961834
0.970135
0.978302
0.986286
0.994053
1.00154
1.00874
1.0156
1.0221
1.02822
1.03393
1.03922
1.04634
1.04849
1.05245
1.05754
1.06036
1.06271
1.06462
1.06609
1.06713
1.06776
1.06798
1.06781
1.06729
1.06643
1.06524
1.06377
1.06202
1.06002
1.0578
1.05539
1.0528
1.05005
1.04716
1.04418
1.0411
1.03796
1.03476
1.03154
1.02831
1.02509
1.02191
1.01877
1.01569
1.0127
1.00838
1.00563
1.00301
1.00053
0.998184
0.995998
0.993973
0.992123
0.99044
0.988934
0.987606
0.986454
0.985474
0.984669
0.984039
0.983398
0.983265
0.983105
0.983181
0.983398
0.983559
0.984222
0.984818
0.985523
0.986328
0.987217
0.98819
0.989231
0.990334
0.991486
0.992683
0.993912
0.995167
0.996449
0.99773
0.999012
1.00029
1.00158
1.00283
1.00406
1.00526
1.00643
1.00755
1.00863
1.00965
1.01062
1.01153
1.01238
1.01316
1.01389
1.01453
1.01511
1.01562
1.01606
1.01643
1.01674
1.01697
1.01714
1.01724
1.01727
1.01722
1.01711
1.01694
1.01672
1.01646
1.01615
1.0158
1.01541
1.01499
1.01454
1.01406
1.01357
1.01305
1.01252
1.01197
1.01143
1.01088
1.01033
1.00978
1.00896
1.0087
1.00818
1.00768
1.00719
1.00649
1.00628
1.00585
1.00526
1.00508
1.00457
1.00442
1.00399
1.00375
1.00353
1.00335
1.00319
1.00306
1.00296
1.0029
1.00285
1.00283
1.00284
1.00287
1.00292
1.00299
1.00309
1.0032
1.00332
1.00348
1.00371
1.0038
1.00408
1.00427
1.00448
1.0047
1.00491
1.00512
1.00534
1.00555
1.00576
1.00598
1.00619
1.0064
1.0066
1.00679
1.00697
1.00715
1.00732
1.00747
1.00762
1.00776
1.00788
1.008
1.00814
1.00819
1.00827
1.00833
1.00842
1.00845
1.00848
1.0085
1.0085
1.0085
1.00849
1.00846
1.00843
1.0084
1.00835
1.00829
1.00822
1.00816
1.0081
1.00804
1.00795
1.00786
1.00777
1.00768
1.00759
1.0075
1.0074
1.00731
1.00722
1.00713
1.00704
1.00695
1.00686
1.00677
1.00671
1.00665
1.00659
1.00653
1.00647
1.00641
1.00633
1.0063
1.00627
1.00624
1.00621
1.00618
1.00616
1.00616
1.00616
1.00616
1.00616
1.00616
1.00616
1.00616
1.0062
1.00621
1.00626
1.00628
1.00631
1.00635
1.00638
1.00641
1.00644
1.00647
1.0065
1.00653
1.00657
1.0066
1.00663
1.00667
1.0067
1.00673
1.00676
1.00679
1.00682
1.00686
1.00689
1.00692
1.00695
1.00698
1.00701
1.00705
1.00707
1.00711
1.00712
1.00712
1.00712
1.00712
1.00712
1.00712
1.00712
1.00712
1.00712
1.00712
1.00712
1.00712
1.00712
1.00712
1.00712
1.00712
1.00712
1.00712
1.00712
1.00712
1.00712
1.00711
1.00708
1.00703
1.007
1.00699
1.00694
1.00691
1.00688
1.00685
1.00682
1.00679
1.00676
1.00675
1.00675
1.00675
1.00675
1.00675
1.00675
1.00675
1.00675
1.00675
1.00675
1.00675
1.00675
1.00675
1.00675
1.00675
1.00675
1.00675
1.00675
1.00675
1.00675
1.00675
1.00675
1.00675
1.00675
1.00675
1.00675
1.00675
1.00675
1.00675
1.00675
1.00675
1.00675
1.00675
1.00675
1.00675
1.00675
1.00675
1.00675
1.00675
1.00675
1.00675
1.00675
1.00675
1.00675
1.00675
1.00675
1.00675
1.00675
1.00675
1.00675
1.00675
1.00675
1.00675
1.00675
1.00675
1.00675
1.00675
1.00675
1.00675
1.00675
1.00675
1.00675
1.00675
1.00675
1.00675
1.00675
1.00675
1.00675
1.00675
1.00675
1.00675
1.00675
1.00675
1.00675
1.00675
1.00675
1.00675
1.00675
1.00675
1.00675
1.00675
1.00675
1.00675
1.00675
1.00675
1.00675
1.00675
1.00675
1.00675
1.00675
1.00675
1.00675
1.00675
1.00675
1.00675
1.00675
1.00675
1.00675
1.00675
1.00675
1.00675
1.00675
1.00675
1.00675
1.00675
1.00675
1.00675
1.00675
1.00675
1.00675
1.00675
1.00675
1.00675
1.00675
1.00675
1.00675
1.00675
1.00675
1.00675
1.00675
1.00675
1.00675
1.00675
1.00675
1.00675
1.00675
1.00675
1.00675
1.00675
1.00675
1.00675
1.00675
1.00675
1.00675
1.00675
1.00675
1.00675
1.00675
1.00675
1.00675
1.00675
1.00675
1.00675
1.00675
1.00675
1.00675
1.00675
1.00675
1.00675
1.00675
1.00675
1.00675
1.00675
1.00675
1.00675
1.00675
1.00675
1.00675
1.00675
1.00675
1.00675
1.00675
1.00675
1.00675
1.00675
1.00675
1.00675
1.00675
1.00675
1.00675
1.00675
1.00675
1.00675
1.00675
1.00675
1.00675
1.00675
1.00675
1.00675
1.00675
1.00675
1.00675
1.00675
1.00675
1.00675
1.00675
1.00675
1.00675
1.00675
1.00675
1.00675
1.00675
1.00675
1.00675
1.00675
1.00675
1.00675
1.00675
1.00675
1.00675
1.00675
1.00675
1.00675
1.00675
1.00675
1.00675
1.00675
1.00675
1.00675
1.00675
1.00675
1.00675
1.00675
1.00675
1.00675
1.00675
1.00675
1.00675
1.00675
1.00675
1.00675
1.00675
1.00675
1.00675
1.00675
1.00675
1.00675
1.00675
1.00675
1.00675
1.00675
1.00675
1.00675
1.00675
1.00675
1.00675
1.00675
1.00675
1.00675
1.00675
1.00675
1.00675
1.00675
1.00675
1.00675
1.00675
1.00675
1.00675
1.00675
1.00675
1.00675
1.00675
1.00675
1.00675
1.00675
1.00675
1.00675
1.00675
1.00675
1.00675
1.00675
1.00675
1.00675
1.00675
1.00675
1.00675
1.00675
1.00675
1.00675
1.00675
1.00675
1.00675
1.00675
1.00675
1.00675
1.00675
1.00675
1.00675
1.00675
1.00675
1.00675
1.00675
1.00675
1.00675
1.00675
1.00675
1.00675
1.00675
1.00675
1.00675
1.00675
1.00675
1.00675
1.00675
1.00675
1.00675
1.00675
1.00675
1.00675
1.00675
1.00675
1.00675
1.00675
1.00675
1.00675
1.00675
1.00675
1.00675
1.00675
1.00675
1.00675
1.00675
1.00675
1.00675
1.00675
1.00675
1.00675
1.00675
1.00675
1.00675
1.00675
1.00675
1.00675
1.00675
1.00675
1.00675
1.00675
1.00675
1.00675
1.00675
1.00675
1.00675
1.00675
1.00675
1.00675
1.00675
1.00675
1.00675
1.00675
1.00675
1.00675
1.00675
1.00675
1.00675
1.00675
1.00675
1.00675
1.00675
1.00675
1.00675
1.00675
1.00675
1.00675
1.00675
1.00675
1.00675
1.00675
1.00675
1.00675
1.00675
1.00675
1.00675
1.00675
1.00675
1.00675
1.00675
1.00675
1.00675
1.00675
1.00675
1.00675
1.00675
1.00675
1.00675
1.00675
1.00675
1.00675
1.00675
1.00675
1.00675
1.00675
1.00675
1.00675
1.00675
1.00675
1.00675
1.00675
1.00675
1.00675
1.00675
1.00675
1.00675
1.00675
1.00675
1.00675
1.00675
1.00675
1.00675
1.00675
1.00675
1.00675
1.00675
1.00675
1.00675
1.00675
1.00675
1.00675
1.00675
1.00675
1.00675
1.00675
1.00675
1.00675
1.00675
1.00675
1.00675
1.00675
1.00675
1.00675
1.00675
1.00675
1.00675
1.00675
1.00675
1.00675
1.00675
1.00675
1.00675
1.00675
1.00675
1.00675
1.00675
1.00675
1.00675
1.00675
1.00675
1.00675
1.00675
1.00675
1.00675
1.00675
1.00675
1.00675
1.00675
1.00675
1.00675
1.00675
1.00675
1.00675
1.00675
1.00675
1.00675
1.00675
1.00675
1.00675
1.00675
1.00675
1.00675
1.00675
1.00675
1.00675
1.00675
1.00675
1.00675
1.00675
1.00675
1.00675
1.00675
1.00675
1.00675
1.00675
1.00675
1.00675
1.00675
1.00675
1.00675
1.00675
1.00675
1.00675
1.00675
1.00675
1.00675
1.00675
1.00675
1.00675
1.00675
1.00675
1.00675
1.00675
1.00675
1.00675
1.00675
1.00675
1.00675
1.00675
1.00675
1.00675
1.00675
1.00675
1.00675
1.00675
1.00675
1.00675
1.00675
1.00675
1.00675
1.00675
1.00675
1.00675
1.00675
1.00675
1.00675
1.00675
1.00675
1.00675
1.00675
1.00675
1.00675
1.00675
1.00675
1.00675
1.00675
1.00675
1.00675
1.00675
1.00675
1.00675
1.00675
1.00675
1.00675
1.00675
1.00675
1.00675
1.00675
1.00675
1.00675
1.00675
1.00675
1.00675
1.00675
1.00675
1.00675
1.00675
1.00675
1.00675
1.00675
1.00675
1.00675
1.00675
1.00675
1.00675
1.00675
1.00675
1.00675
1.00675
1.00675
1.00675
1.00675
1.00675
1.00675
1.00675
1.00675
1.00675
1.00675
1.00675
1.00675
1.00675
1.00675
1.00675
1.00675
1.00675
1.00675
1.00675
1.00675
1.00675
1.00675
1.00675
1.00675
1.00675
1.00675
1.00675
1.00675
1.00675
1.00675
1.00675
1.00675
1.00675
1.00675
