0
0
0
0
3.8147e-06
0.00012207
0.000629425
0.0018692
0.0041275
0.0076828
0.0127831
0.0196648
0.0285378
0.039608
0.0530396
0.0777283
0.0972176
0.119125
0.143448
0.170181
0.199322
0.230869
0.264824
0.301182
0.360218
0.381092
0.424599
0.47023
0.541908
0.566475
0.641495
0.692158
0.742962
0.793556
0.843605
0.892822
0.940926
0.987633
1.0327
1.0759
1.11705
1.15609
1.19304
1.22788
1.26064
1.29131
1.33342
1.34642
1.37087
1.39325
1.41356
1.44016
1.45533
1.46214
1.47422
1.48426
1.49547
1.50039
1.50208
1.50409
1.50287
1.49962
1.49433
1.487
1.47763
1.46624
1.45281
1.44534
1.41987
1.4004
1.37911
1.35622
1.33198
1.30656
1.28019
1.25309
1.22549
1.19759
1.16957
1.14164
1.11395
1.08666
1.05995
1.03396
1.00883
0.996624
0.961647
0.939816
0.919277
0.900108
0.882374
0.866081
0.851307
0.838108
0.826515
0.81216
0.808182
0.801434
0.794285
0.792683
0.790161
0.790325
0.790932
0.794792
0.798958
0.804325
0.810806
0.818314
0.826744
0.835999
0.845982
0.856594
0.867733
0.879322
0.891258
0.909603
0.922005
0.934456
0.946854
0.959122
0.971184
0.982994
0.994499
1.00563
1.02151
1.03147
1.04087
1.04968
1.05786
1.06536
1.07215
1.07821
1.08354
1.08813
1.09199
1.09512
1.09754
1.09925
1.10028
1.10065
1.10039
1.09953
1.09809
1.09612
1.09365
1.09072
1.08737
1.08365
1.07959
1.07298
1.07065
1.06585
1.06087
1.05578
1.04799
1.04537
1.04012
1.03489
1.0297
1.02209
1.01716
1.01238
1.01006
1.00336
0.999165
0.995213
0.991531
0.988106
0.984959
0.982101
0.979538
0.977272
0.975288
0.973598
0.972191
0.971062
0.970203
0.969612
0.969292
0.969215
0.969383
0.969795
0.970421
0.97126
0.972298
0.973515
0.974899
0.976433
0.978107
0.9799
0.9818
0.983788
0.985847
0.987965
0.99012
0.992302
0.994499
0.996696
0.999943
1.00101
1.00311
1.00516
1.00714
1.00996
1.01086
1.0134
1.01421
1.01572
1.01778
1.019
1.0201
1.02108
1.02192
1.02263
1.02322
1.02367
1.02413
1.02428
1.02431
1.02423
1.02404
1.02374
1.02334
1.02286
1.02229
1.02164
1.02093
1.02015
1.01931
1.01842
1.01749
1.01604
1.01503
1.01402
1.0135
1.01194
1.01091
1.0099
1.0089
1.00793
1.00699
1.00608
1.00521
1.00438
1.0036
1.00288
1.00188
1.00157
1.00101
1.0005
1.00005
0.999485
0.999325
0.99905
0.998837
0.998619
0.998573
0.998524
0.998531
0.998581
0.998753
0.99892
0.999126
0.999374
0.999657
0.999969
1.00031
1.00068
1.00106
1.00146
1.00189
1.00253
1.00298
1.00344
1.0039
1.00436
1.00481
1.00524
1.00566
1.00608
1.00668
1.00704
1.0074
1.00773
1.00804
1.00833
1.00859
1.00883
1.00904
1.00922
1.00937
1.0095
1.00961
1.00969
1.00974
1.00977
1.00978
1.00976
1.00973
1.00967
1.0096
1.00951
1.0094
1.00927
1.00914
1.00898
1.00883
1.00865
1.00847
1.00829
1.00801
1.00783
1.00762
1.00741
1.0072
1.00702
1.00684
1.00665
1.00647
1.00629
1.00604
1.00596
1.00573
1.00566
1.00547
1.00535
1.00525
1.0052
1.00507
1.005
1.00494
1.00489
1.00486
1.00483
1.00482
1.00482
1.00482
1.00484
1.00487
1.0049
1.00493
1.00498
1.00507
1.0051
1.0052
1.00526
1.00534
1.00543
1.00552
1.00561
1.0057
1.00579
1.00589
1.00598
1.00607
1.00616
1.00625
1.00634
1.00642
1.00648
1.00654
1.0066
1.00666
1.00672
1.00678
1.00683
1.00686
1.00689
1.00694
1.00695
1.00698
1.007
1.007
1.007
1.007
1.007
1.007
1.007
1.00699
1.00694
1.00691
1.00688
1.00685
1.00684
1.00679
1.00676
1.00673
1.0067
1.00667
1.00664
1.00661
1.00656
1.00655
1.00652
1.00648
1.00645
1.00642
1.00639
1.00636
1.00633
1.0063
1.00627
1.00624
1.0062
1.00616
1.00613
1.0061
1.00609
1.00604
1.00604
1.00604
1.00604
1.00604
1.00604
1.00604
1.00604
1.00604
1.00604
1.00604
1.00604
1.00604
1.00604
1.00604
1.00604
1.00604
1.00604
1.00604
1.00607
1.00612
1.00615
1.00618
1.00621
1.00624
1.00627
1.0063
1.00633
1.00636
1.00641
1.00644
1.00647
1.00647
1.00647
1.00647
1.00647
1.00647
1.00647
1.00647
1.00647
1.00647
1.00647
1.00647
1.00647
1.00647
1.00647
1.00647
1.00647
1.00647
1.00647
1.00647
1.00647
1.00647
1.00647
1.00647
1.00647
1.00647
1.00647
1.00647
1.00647
1.00647
1.00647
1.00647
1.00647
1.00647
1.00647
1.00647
1.00647
1.00647
1.00647
1.00647
1.00647
1.00647
1.00647
1.00647
1.00647
1.00647
1.00647
1.00647
1.00647
1.00647
1.00647
1.00647
1.00647
1.00647
1.00647
1.00647
1.00647
1.00647
1.00647
1.00647
1.00647
1.00647
1.00647
1.00647
1.00647
1.00647
1.00647
1.00647
1.00647
1.00647
1.00647
1.00647
1.00647
1.00647
1.00647
1.00647
1.00647
1.00647
1.00647
1.00647
1.00647
1.00647
1.00647
1.00647
1.00647
1.00647
1.00647
1.00647
1.00647
1.00647
1.00647
1.00647
1.00647
1.00647
1.00647
1.00647
1.00647
1.00647
1.00647
1.00647
1.00647
1.00647
1.00647
1.00647
1.00647
1.00647
1.00647
1.00647
1.00647
1.00647
1.00647
1.00647
1.00647
1.00647
1.00647
1.00647
1.00647
1.00647
1.00647
1.00647
1.00647
1.00647
1.00647
1.00647
1.00647
1.00647
1.00647
1.00647
1.00647
1.00647
1.00647
1.00647
1.00647
1.00647
1.00647
1.00647
1.00647
1.00647
1.00647
1.00647
1.00647
1.00647
1.00647
1.00647
1.00647
1.00647
1.00647
1.00647
1.00647
1.00647
1.00647
1.00647
1.00647
1.00647
1.00647
1.00647
1.00647
1.00647
1.00647
1.00647
1.00647
1.00647
1.00647
1.00647
1.00647
1.00647
1.00647
1.00647
1.00647
1.00647
1.00647
1.00647
1.00647
1.00647
1.00647
1.00647
1.00647
1.00647
1.00647
1.00647
1.00647
1.00647
1.00647
1.00647
1.00647
1.00647
1.00647
1.00647
1.00647
1.00647
1.00647
1.00647
1.00647
1.00647
1.00647
1.00647
1.00647
1.00647
1.00647
1.00647
1.00647
1.00647
1.00647
1.00647
1.00647
1.00647
1.00647
1.00647
1.00647
1.00647
1.00647
1.00647
1.00647
1.00647
1.00647
1.00647
1.00647
1.00647
1.00647
1.00647
1.00647
1.00647
1.00647
1.00647
1.00647
1.00647
1.00647
1.00647
1.00647
1.00647
1.00647
1.00647
1.00647
1.00647
1.00647
1.00647
1.00647
1.00647
1.00647
1.00647
1.00647
1.00647
1.00647
1.00647
1.00647
1.00647
1.00647
1.00647
1.00647
1.00647
1.00647
1.00647
1.00647
1.00647
1.00647
1.00647
1.00647
1.00647
1.00647
1.00647
1.00647
1.00647
1.00647
1.00647
1.00647
1.00647
1.00647
1.00647
1.00647
1.00647
1.00647
1.00647
1.00647
1.00647
1.00647
1.00647
1.00647
1.00647
1.00647
1.00647
1.00647
1.00647
1.00647
1.00647
1.00647
1.00647
1.00647
1.00647
1.00647
1.00647
1.00647
1.00647
1.00647
1.00647
1.00647
1.00647
1.00647
1.00647
1.00647
1.00647
1.00647
1.00647
1.00647
1.00647
1.00647
1.00647
1.00647
1.00647
1.00647
1.00647
1.00647
1.00647
1.00647
1.00647
1.00647
1.00647
1.00647
1.00647
1.00647
1.00647
1.00647
1.00647
1.00647
1.00647
1.00647
1.00647
1.00647
1.00647
1.00647
1.00647
1.00647
1.00647
1.00647
1.00647
1.00647
1.00647
1.00647
1.00647
1.00647
1.00647
1.00647
1.00647
1.00647
1.00647
1.00647
1.00647
1.00647
1.00647
1.00647
1.00647
1.00647
1.00647
1.00647
1.00647
1.00647
1.00647
1.00647
1.00647
1.00647
1.00647
1.00647
1.00647
1.00647
1.00647
1.00647
1.00647
1.00647
1.00647
1.00647
1.00647
1.00647
1.00647
1.00647
1.00647
1.00647
1.00647
1.00647
1.00647
1.00647
1.00647
1.00647
1.00647
1.00647
1.00647
1.00647
1.00647
1.00647
1.00647
1.00647
1.00647
1.00647
1.00647
1.00647
1.00647
1.00647
1.00647
1.00647
1.00647
1.00647
1.00647
1.00647
1.00647
1.00647
1.00647
1.00647
1.00647
1.00647
1.00647
1.00647
1.00647
1.00647
1.00647
1.00647
1.00647
1.00647
1.00647
1.00647
1.00647
1.00647
1.00647
1.00647
1.00647
1.00647
1.00647
1.00647
1.00647
1.00647
1.00647
1.00647
1.00647
1.00647
1.00647
1.00647
1.00647
1.00647
1.00647
1.00647
1.00647
1.00647
1.00647
1.00647
1.00647
1.00647
1.00647
1.00647
1.00647
1.00647
1.00647
1.00647
1.00647
1.00647
1.00647
1.00647
1.00647
1.00647
1.00647
1.00647
1.00647
1.00647
1.00647
1.00647
1.00647
1.00647
1.00647
1.00647
1.00647
1.00647
1.00647
1.00647
1.00647
1.00647
1.00647
1.00647
1.00647
1.00647
1.00647
1.00647
1.00647
1.00647
1.00647
1.00647
1.00647
1.00647
1.00647
1.00647
1.00647
1.00647
1.00647
1.00647
1.00647
1.00647
1.00647
1.00647
1.00647
1.00647
1.00647
1.00647
1.00647
1.00647
1.00647
1.00647
1.00647
1.00647
1.00647
1.00647
1.00647
1.00647
1.00647
1.00647
1.00647
1.00647
1.00647
1.00647
1.00647
1.00647
1.00647
1.00647
1.00647
1.00647
1.00647
1.00647
1.00647
1.00647
1.00647
1.00647
1.00647
1.00647
1.00647
1.00647
1.00647
1.00647
1.00647
1.00647
1.00647
1.00647
1.00647
1.00647
1.00647
1.00647
1.00647
1.00647
1.00647
1.00647
1.00647
1.00647
1.00647
1.00647
1.00647
1.00647
1.00647
1.00647
1.00647
1.00647
1.00647
1.00647
1.00647
1.00647
1.00647
1.00647
1.00647
1.00647
