0
0
0
0
3.8147e-06
0.00030899
0.00114441
0.00285721
0.00573349
0.0100307
0.0159931
0.0238419
0.0336895
0.0454578
0.0663872
0.0741615
0.0996532
0.118294
0.138103
0.158957
0.180729
0.203304
0.238417
0.250402
0.287043
0.31192
0.324463
0.349697
0.375069
0.413218
0.425924
0.463921
0.48909
0.514053
0.538748
0.563126
0.587133
0.610723
0.633865
0.656525
0.678684
0.700344
0.721458
0.742006
0.761997
0.781427
0.800282
0.818542
0.844807
0.853256
0.877674
0.893175
0.908054
0.9223
0.935917
0.948906
0.961269
0.973011
0.984142
0.994671
1.00461
1.01397
1.02276
1.031
1.03871
1.04588
1.05255
1.05872
1.06708
1.06964
1.07442
1.07877
1.08451
1.08785
1.0908
1.0934
1.09565
1.09758
1.09919
1.1005
1.10154
1.10231
1.10285
1.10314
1.10322
1.10308
1.10276
1.10194
1.10158
1.10075
1.09978
1.09867
1.09678
1.09538
1.09388
1.09228
1.09061
1.08886
1.08704
1.08517
1.08325
1.08029
1.07828
1.07625
1.07419
1.07213
1.07005
1.06798
1.0659
1.06384
1.06178
1.05975
1.05772
1.05573
1.05375
1.05181
1.0499
1.04803
1.04619
1.04439
1.04263
1.04008
1.03843
1.03683
1.03605
1.03452
1.03232
1.03092
1.02957
1.02827
1.02703
1.02583
1.02469
1.0236
1.02255
1.02157
1.02063
1.01974
1.0189
1.0181
1.01736
1.01632
1.016
1.01539
1.01482
1.01404
1.01357
1.01314
1.01274
1.01238
1.01206
1.01177
1.01151
1.01128
1.01108
1.01083
1.01076
1.01064
1.01054
1.01047
1.01039
1.01038
1.01036
1.01038
1.01039
1.01045
1.01051
1.01058
1.01066
1.01076
1.01086
1.01098
1.0111
1.0113
1.01144
1.01159
1.01175
1.0119
1.01206
1.01222
1.01239
1.01256
1.01273
1.0129
1.01315
1.01332
1.0134
1.01357
1.01382
1.01399
1.01415
1.01431
1.01446
1.01461
1.01476
1.01491
1.01505
1.01519
1.01533
1.01552
1.01564
1.01576
1.01582
1.01599
1.01609
1.0162
1.01629
1.01638
1.01647
1.01656
1.01663
1.01671
1.01678
1.01684
1.0169
1.01696
1.01702
1.01707
1.01711
1.01716
1.0172
1.01723
1.01726
1.01729
1.01732
1.01735
1.01736
1.01738
1.0174
1.01742
1.01743
1.01743
1.01743
1.01743
1.01743
1.01743
1.01743
1.01743
1.01743
1.01743
1.0174
1.0174
1.01737
1.01736
1.01734
1.01733
1.01731
1.0173
1.01728
1.01727
1.01725
1.01724
1.01722
1.01721
1.01719
1.01718
1.01716
1.01715
1.01713
1.01711
1.0171
1.01708
1.01707
1.01705
1.01704
1.01702
1.01701
1.01699
1.01698
1.01696
1.01695
1.01693
1.01691
1.0169
1.01688
1.01686
1.01686
1.01683
1.01682
1.0168
1.01679
1.01677
1.01676
1.01674
1.01673
1.01671
1.0167
1.01667
1.01666
1.01665
1.01664
1.01664
1.01664
1.01664
1.01664
1.01664
1.01664
1.01664
1.01664
1.01664
1.01664
1.01664
1.01664
1.01664
1.01664
1.01664
1.01664
1.01664
1.01664
1.01664
1.01664
1.01664
1.01664
1.01664
1.01664
1.01664
1.01664
1.01664
1.01664
1.01664
1.01664
1.01664
1.01664
1.01664
1.01664
1.01664
1.01664
1.01664
1.01664
1.01664
1.01664
1.01664
1.01664
1.01664
1.01664
1.01664
1.01664
1.01664
1.01664
1.01664
1.01664
1.01664
1.01664
1.01664
1.01664
1.01664
1.01664
1.01664
1.01664
1.01664
1.01664
1.01664
1.01664
1.01664
1.01664
1.01664
1.01664
1.01664
1.01664
1.01664
1.01664
1.01664
1.01664
1.01664
1.01664
1.01664
1.01664
1.01664
1.01664
1.01664
1.01664
1.01664
1.01664
1.01664
1.01664
1.01664
1.01664
1.01664
1.01664
1.01664
1.01664
1.01664
1.01664
1.01664
1.01664
1.01664
1.01664
1.01664
1.01664
1.01664
1.01664
1.01664
1.01664
1.01664
1.01664
1.01664
1.01664
1.01664
1.01664
1.01664
1.01664
1.01664
1.01664
1.01664
1.01664
1.01664
1.01664
1.01664
1.01664
1.01664
1.01664
1.01664
1.01664
1.01664
1.01664
1.01664
1.01664
1.01664
1.01664
1.01664
1.01664
1.01664
1.01664
1.01664
1.01664
1.01664
1.01664
1.01664
1.01664
1.01664
1.01664
1.01664
1.01664
1.01664
1.01664
1.01664
1.01664
1.01664
1.01664
1.01664
1.01664
1.01664
1.01664
1.01664
1.01664
1.01664
1.01664
1.01664
1.01664
1.01664
1.01664
1.01664
1.01664
1.01664
1.01664
1.01664
1.01664
1.01664
1.01664
1.01664
1.01664
1.01664
1.01664
1.01664
1.01664
1.01664
1.01664
1.01664
1.01664
1.01664
1.01664
1.01664
1.01664
1.01664
1.01664
1.01664
1.01664
1.01664
1.01664
1.01664
1.01664
1.01664
1.01664
1.01664
1.01664
1.01664
1.01664
1.01664
1.01664
1.01664
1.01664
1.01664
1.01664
1.01664
1.01664
1.01664
1.01664
1.01664
1.01664
1.01664
1.01664
1.01664
1.01664
1.01664
1.01664
1.01664
1.01664
1.01664
1.01664
1.01664
1.01664
1.01664
1.01664
1.01664
1.01664
1.01664
1.01664
1.01664
1.01664
1.01664
1.01664
1.01664
1.01664
1.01664
1.01664
1.01664
1.01664
1.01664
1.01664
1.01664
1.01664
1.01664
1.01664
1.01664
1.01664
1.01664
1.01664
1.01664
1.01664
1.01664
1.01664
1.01664
1.01664
1.01664
1.01664
1.01664
1.01664
1.01664
1.01664
1.01664
1.01664
1.01664
1.01664
1.01664
1.01664
1.01664
1.01664
1.01664
1.01664
1.01664
1.01664
1.01664
1.01664
1.01664
1.01664
1.01664
1.01664
1.01664
1.01664
1.01664
1.01664
1.01664
1.01664
1.01664
1.01664
1.01664
1.01664
1.01664
1.01664
1.01664
1.01664
1.01664
1.01664
1.01664
1.01664
1.01664
1.01664
1.01664
1.01664
1.01664
1.01664
1.01664
1.01664
1.01664
1.01664
1.01664
1.01664
1.01664
1.01664
1.01664
1.01664
1.01664
1.01664
1.01664
1.01664
1.01664
1.01664
1.01664
1.01664
1.01664
1.01664
1.01664
1.01664
1.01664
1.01664
1.01664
1.01664
1.01664
1.01664
1.01664
1.01664
1.01664
1.01664
1.01664
1.01664
1.01664
1.01664
1.01664
1.01664
1.01664
1.01664
1.01664
1.01664
1.01664
1.01664
1.01664
1.01664
1.01664
1.01664
1.01664
1.01664
1.01664
1.01664
1.01664
1.01664
1.01664
1.01664
1.01664
1.01664
1.01664
1.01664
1.01664
1.01664
1.01664
1.01664
1.01664
1.01664
1.01664
1.01664
1.01664
1.01664
1.01664
1.01664
1.01664
1.01664
1.01664
1.01664
1.01664
1.01664
1.01664
1.01664
1.01664
1.01664
1.01664
1.01664
1.01664
1.01664
1.01664
1.01664
1.01664
1.01664
1.01664
1.01664
1.01664
1.01664
1.01664
1.01664
1.01664
1.01664
1.01664
1.01664
1.01664
1.01664
1.01664
1.01664
1.01664
1.01664
1.01664
1.01664
1.01664
1.01664
1.01664
1.01664
1.01664
1.01664
1.01664
1.01664
1.01664
1.01664
1.01664
1.01664
1.01664
1.01664
1.01664
1.01664
1.01664
1.01664
1.01664
1.01664
1.01664
1.01664
1.01664
1.01664
1.01664
1.01664
1.01664
1.01664
1.01664
1.01664
1.01664
1.01664
1.01664
1.01664
1.01664
1.01664
1.01664
1.01664
1.01664
1.01664
1.01664
1.01664
1.01664
1.01664
1.01664
1.01664
1.01664
1.01664
1.01664
1.01664
1.01664
1.01664
1.01664
1.01664
1.01664
1.01664
1.01664
1.01664
1.01664
1.01664
1.01664
1.01664
1.01664
1.01664
1.01664
1.01664
1.01664
1.01664
1.01664
1.01664
1.01664
1.01664
1.01664
1.01664
1.01664
1.01664
1.01664
1.01664
1.01664
1.01664
1.01664
1.01664
1.01664
1.01664
1.01664
1.01664
1.01664
1.01664
1.01664
1.01664
1.01664
1.01664
1.01664
1.01664
1.01664
1.01664
1.01664
1.01664
1.01664
1.01664
1.01664
1.01664
1.01664
1.01664
1.01664
1.01664
1.01664
1.01664
1.01664
1.01664
1.01664
1.01664
1.01664
1.01664
1.01664
1.01664
1.01664
1.01664
1.01664
1.01664
1.01664
1.01664
1.01664
1.01664
1.01664
1.01664
1.01664
1.01664
1.01664
1.01664
1.01664
1.01664
1.01664
1.01664
1.01664
1.01664
1.01664
1.01664
1.01664
1.01664
1.01664
1.01664
1.01664
1.01664
1.01664
1.01664
1.01664
1.01664
1.01664
1.01664
1.01664
1.01664
1.01664
1.01664
1.01664
1.01664
1.01664
1.01664
1.01664
1.01664
1.01664
1.01664
1.01664
1.01664
1.01664
1.01664
1.01664
1.01664
1.01664
1.01664
1.01664
1.01664
1.01664
1.01664
1.01664
1.01664
1.01664
1.01664
1.01664
1.01664
1.01664
1.01664
1.01664
1.01664
1.01664
1.01664
1.01664
1.01664
1.01664
1.01664
1.01664
1.01664
1.01664
1.01664
1.01664
1.01664
1.01664
1.01664
1.01664
1.01664
1.01664
1.01664
1.01664
1.01664
1.01664
1.01664
1.01664
1.01664
1.01664
1.01664
1.01664
1.01664
1.01664
1.01664
1.01664
1.01664
1.01664
1.01664
1.01664
1.01664
1.01664
1.01664
1.01664
1.01664
1.01664
1.01664
1.01664
1.01664
1.01664
1.01664
1.01664
1.01664
1.01664
1.01664
1.01664
1.01664
1.01664
1.01664
1.01664
1.01664
1.01664
1.01664
1.01664
1.01664
1.01664
1.01664
1.01664
1.01664
1.01664
1.01664
1.01664
1.01664
1.01664
1.01664
1.01664
1.01664
1.01664
1.01664
1.01664
1.01664
1.01664
1.01664
1.01664
1.01664
1.01664
1.01664
1.01664
1.01664
1.01664
1.01664
1.01664
1.01664
1.01664
1.01664
1.01664
1.01664
1.01664
1.01664
1.01664
1.01664
1.01664
1.01664
1.01664
1.01664
1.01664
1.01664
1.01664
1.01664
1.01664
1.01664
1.01664
1.01664
1.01664
1.01664
1.01664
1.01664
1.01664
1.01664
1.01664
1.01664
1.01664
