0
0
0
0
3.8147e-06
0.000305176
0.00113678
0.00285339
0.00572968
0.0100288
0.0159874
0.023838
0.0337868
0.0460205
0.0606689
0.0777283
0.0972176
0.119125
0.156509
0.170181
0.214794
0.247547
0.282703
0.301182
0.360085
0.40192
0.4454
0.49017
0.535923
0.582401
0.629253
0.699547
0.746017
0.791878
0.836887
0.88084
0.923527
0.964813
1.00455
1.04253
1.07853
1.11245
1.14427
1.17401
1.20166
1.22723
1.25073
1.27216
1.29152
1.3088
1.33088
1.34301
1.34831
1.35737
1.36437
1.37103
1.37291
1.37308
1.37053
1.36635
1.36028
1.35246
1.34301
1.33207
1.31979
1.30631
1.29176
1.27626
1.25994
1.24297
1.22546
1.19846
1.18018
1.16179
1.14341
1.12514
1.10711
1.08942
1.07215
1.05537
1.03909
1.02343
1.00847
0.994282
0.980896
0.968334
0.95657
0.945621
0.935528
0.926338
0.918041
0.910633
0.904114
0.898479
0.893726
0.889835
0.886799
0.88459
0.883186
0.882561
0.882683
0.884186
0.885025
0.887173
0.889915
0.893215
0.899109
0.903599
0.908493
0.913738
0.916481
0.92511
0.931137
0.937328
0.943645
0.950058
0.95652
0.96299
0.969421
0.975784
0.982056
0.988194
0.994167
1.00276
1.00821
1.01341
1.01833
1.02296
1.02729
1.03131
1.03502
1.03843
1.04151
1.04427
1.04779
1.04973
1.05135
1.05265
1.05364
1.05456
1.0548
1.05476
1.05446
1.0539
1.05311
1.0521
1.0509
1.0495
1.04795
1.04623
1.04439
1.04242
1.03927
1.03818
1.03594
1.03364
1.03011
1.02773
1.02535
1.02297
1.0206
1.01827
1.01598
1.01376
1.01159
1.00951
1.00751
1.0056
1.00378
1.00208
1.00048
0.998993
0.99762
0.996368
0.99472
0.994232
0.993347
0.992584
0.991936
0.99118
0.99099
0.990582
0.990444
0.990406
0.990471
0.990631
0.990879
0.991211
0.991852
0.992367
0.992947
0.99358
0.994267
0.994999
0.99577
0.996571
0.997395
0.998245
0.9991
0.999977
1.00086
1.00175
1.00261
1.00346
1.00389
1.00513
1.00592
1.00669
1.00744
1.00815
1.00883
1.00977
1.01035
1.01089
1.01138
1.01183
1.01224
1.01261
1.01293
1.01321
1.01344
1.01363
1.01378
1.01389
1.01395
1.01398
1.01395
1.01392
1.01379
1.01366
1.0135
1.01331
1.0131
1.01286
1.01261
1.01233
1.01204
1.01159
1.01143
1.0111
1.01059
1.01026
1.01009
1.00959
1.00942
1.00891
1.00875
1.00842
1.00812
1.00781
1.00738
1.0071
1.00697
1.0066
1.00636
1.00615
1.00594
1.00576
1.0056
1.00544
1.00532
1.0052
1.0051
1.00502
1.00496
1.0049
1.00487
1.00485
1.00485
1.00485
1.00488
1.00491
1.00496
1.00502
1.00508
1.00515
1.00529
1.00538
1.00547
1.00559
1.00571
1.00583
1.00595
1.00614
1.00626
1.00632
1.0065
1.00663
1.00675
1.00687
1.00699
1.00711
1.00722
1.00726
1.0074
1.00749
1.00758
1.00768
1.00774
1.0078
1.00786
1.00792
1.00798
1.00801
1.00804
1.00807
1.0081
1.00813
1.00814
1.00814
1.00814
1.00814
1.00814
1.00814
1.0081
1.00808
1.00804
1.00801
1.00798
1.00795
1.00792
1.00788
1.00785
1.00781
1.00778
1.00775
1.00772
1.00767
1.00761
1.00756
1.00753
1.0075
1.00747
1.00744
1.00741
1.00738
1.00735
1.0073
1.00727
1.00724
1.00721
1.00718
1.00715
1.00712
1.00709
1.00706
1.00703
1.007
1.00697
1.00695
1.00695
1.00695
1.00695
1.00695
1.00695
1.00695
1.00695
1.00695
1.00695
1.00695
1.00695
1.00695
1.00695
1.00695
1.00695
1.00695
1.00695
1.00695
1.00695
1.00697
1.007
1.00703
1.00706
1.0071
1.00713
1.00717
1.00719
1.00722
1.00726
1.00729
1.00732
1.00735
1.00736
1.00736
1.00736
1.00736
1.00736
1.00736
1.00736
1.00736
1.00736
1.00736
1.00736
1.00736
1.00736
1.00736
1.00736
1.00736
1.00736
1.00736
1.00736
1.00736
1.00736
1.00736
1.00736
1.00736
1.00736
1.00736
1.00736
1.00736
1.00736
1.00736
1.00736
1.00736
1.00736
1.00736
1.00736
1.00736
1.00736
1.00736
1.00736
1.00736
1.00736
1.00736
1.00736
1.00736
1.00736
1.00736
1.00736
1.00736
1.00736
1.00736
1.00736
1.00736
1.00736
1.00736
1.00736
1.00736
1.00736
1.00736
1.00736
1.00736
1.00736
1.00736
1.00736
1.00736
1.00736
1.00736
1.00736
1.00736
1.00736
1.00736
1.00736
1.00736
1.00736
1.00736
1.00736
1.00736
1.00736
1.00736
1.00736
1.00736
1.00736
1.00736
1.00736
1.00736
1.00736
1.00736
1.00736
1.00736
1.00736
1.00736
1.00736
1.00736
1.00736
1.00736
1.00736
1.00736
1.00736
1.00736
1.00736
1.00736
1.00736
1.00736
1.00736
1.00736
1.00736
1.00736
1.00736
1.00736
1.00736
1.00736
1.00736
1.00736
1.00736
1.00736
1.00736
1.00736
1.00736
1.00736
1.00736
1.00736
1.00736
1.00736
1.00736
1.00736
1.00736
1.00736
1.00736
1.00736
1.00736
1.00736
1.00736
1.00736
1.00736
1.00736
1.00736
1.00736
1.00736
1.00736
1.00736
1.00736
1.00736
1.00736
1.00736
1.00736
1.00736
1.00736
1.00736
1.00736
1.00736
1.00736
1.00736
1.00736
1.00736
1.00736
1.00736
1.00736
1.00736
1.00736
1.00736
1.00736
1.00736
1.00736
1.00736
1.00736
1.00736
1.00736
1.00736
1.00736
1.00736
1.00736
1.00736
1.00736
1.00736
1.00736
1.00736
1.00736
1.00736
1.00736
1.00736
1.00736
1.00736
1.00736
1.00736
1.00736
1.00736
1.00736
1.00736
1.00736
1.00736
1.00736
1.00736
1.00736
1.00736
1.00736
1.00736
1.00736
1.00736
1.00736
1.00736
1.00736
1.00736
1.00736
1.00736
1.00736
1.00736
1.00736
1.00736
1.00736
1.00736
1.00736
1.00736
1.00736
1.00736
1.00736
1.00736
1.00736
1.00736
1.00736
1.00736
1.00736
1.00736
1.00736
1.00736
1.00736
1.00736
1.00736
1.00736
1.00736
1.00736
1.00736
1.00736
1.00736
1.00736
1.00736
1.00736
1.00736
1.00736
1.00736
1.00736
1.00736
1.00736
1.00736
1.00736
1.00736
1.00736
1.00736
1.00736
1.00736
1.00736
1.00736
1.00736
1.00736
1.00736
1.00736
1.00736
1.00736
1.00736
1.00736
1.00736
1.00736
1.00736
1.00736
1.00736
1.00736
1.00736
1.00736
1.00736
1.00736
1.00736
1.00736
1.00736
1.00736
1.00736
1.00736
1.00736
1.00736
1.00736
1.00736
1.00736
1.00736
1.00736
1.00736
1.00736
1.00736
1.00736
1.00736
1.00736
1.00736
1.00736
1.00736
1.00736
1.00736
1.00736
1.00736
1.00736
1.00736
1.00736
1.00736
1.00736
1.00736
1.00736
1.00736
1.00736
1.00736
1.00736
1.00736
1.00736
1.00736
1.00736
1.00736
1.00736
1.00736
1.00736
1.00736
1.00736
1.00736
1.00736
1.00736
1.00736
1.00736
1.00736
1.00736
1.00736
1.00736
1.00736
1.00736
1.00736
1.00736
1.00736
1.00736
1.00736
1.00736
1.00736
1.00736
1.00736
1.00736
1.00736
1.00736
1.00736
1.00736
1.00736
1.00736
1.00736
1.00736
1.00736
1.00736
1.00736
1.00736
1.00736
1.00736
1.00736
1.00736
1.00736
1.00736
1.00736
1.00736
1.00736
1.00736
1.00736
1.00736
1.00736
1.00736
1.00736
1.00736
1.00736
1.00736
1.00736
1.00736
1.00736
1.00736
1.00736
1.00736
1.00736
1.00736
1.00736
1.00736
1.00736
1.00736
1.00736
1.00736
1.00736
1.00736
1.00736
1.00736
1.00736
1.00736
1.00736
1.00736
1.00736
1.00736
1.00736
1.00736
1.00736
1.00736
1.00736
1.00736
1.00736
1.00736
1.00736
1.00736
1.00736
1.00736
1.00736
1.00736
1.00736
1.00736
1.00736
1.00736
1.00736
1.00736
1.00736
1.00736
1.00736
1.00736
1.00736
1.00736
1.00736
1.00736
1.00736
1.00736
1.00736
1.00736
1.00736
1.00736
1.00736
1.00736
1.00736
1.00736
1.00736
1.00736
1.00736
1.00736
1.00736
1.00736
1.00736
1.00736
1.00736
1.00736
1.00736
1.00736
1.00736
1.00736
1.00736
1.00736
1.00736
1.00736
1.00736
1.00736
1.00736
1.00736
1.00736
1.00736
1.00736
1.00736
1.00736
1.00736
1.00736
1.00736
1.00736
1.00736
1.00736
1.00736
1.00736
1.00736
1.00736
1.00736
1.00736
1.00736
1.00736
1.00736
1.00736
1.00736
1.00736
1.00736
1.00736
1.00736
1.00736
1.00736
1.00736
1.00736
1.00736
1.00736
1.00736
1.00736
1.00736
1.00736
1.00736
1.00736
1.00736
1.00736
1.00736
1.00736
1.00736
1.00736
1.00736
1.00736
1.00736
1.00736
1.00736
1.00736
1.00736
1.00736
1.00736
1.00736
1.00736
1.00736
1.00736
1.00736
1.00736
1.00736
1.00736
1.00736
1.00736
1.00736
1.00736
1.00736
1.00736
1.00736
1.00736
1.00736
1.00736
1.00736
1.00736
1.00736
1.00736
1.00736
1.00736
1.00736
1.00736
1.00736
1.00736
1.00736
1.00736
1.00736
1.00736
1.00736
1.00736
1.00736
1.00736
1.00736
1.00736
1.00736
1.00736
1.00736
1.00736
1.00736
1.00736
1.00736
1.00736
1.00736
1.00736
1.00736
1.00736
1.00736
1.00736
1.00736
1.00736
1.00736
1.00736
1.00736
1.00736
1.00736
1.00736
1.00736
1.00736
1.00736
1.00736
1.00736
1.00736
1.00736
1.00736
1.00736
1.00736
1.00736
1.00736
1.00736
1.00736
1.00736
1.00736
1.00736
1.00736
1.00736
1.00736
1.00736
1.00736
1.00736
1.00736
1.00736
1.00736
1.00736
1.00736
1.00736
1.00736
1.00736
1.00736
1.00736
1.00736
1.00736
1.00736
1.00736
1.00736
1.00736
1.00736
1.00736
1.00736
1.00736
1.00736
1.00736
1.00736
1.00736
1.00736
1.00736
1.00736
1.00736
1.00736
1.00736
1.00736
1.00736
