0
0
0
0
3.52859e-05
0.000308037
0.00113964
0.00285339
0.00573063
0.0100279
0.015893
0.0232859
0.032093
0.0477133
0.0535126
0.0659256
0.0793447
0.101157
0.116693
0.132928
0.14979
0.167207
0.185105
0.203414
0.222075
0.24103
0.260224
0.279609
0.299133
0.318756
0.338433
0.358125
0.377795
0.397411
0.416939
0.436347
0.455608
0.48416
0.502933
0.52147
0.539748
0.557758
0.575496
0.59294
0.610078
0.626893
0.643375
0.667453
0.675303
0.690732
0.7058
0.720495
0.741832
0.755579
0.768949
0.78194
0.794554
0.806785
0.81863
0.830092
0.846577
0.857099
0.867253
0.877047
0.886488
0.89559
0.904356
0.91279
0.920897
0.928684
0.939776
0.946791
0.953505
0.959929
0.966069
0.971928
0.980202
0.982826
0.987881
0.992682
0.997239
1.00363
1.00761
1.00951
1.01491
1.01825
1.02139
1.02434
1.02711
1.0297
1.03212
1.03439
1.0365
1.03846
1.04029
1.04197
1.04352
1.04495
1.04625
1.04799
1.04901
1.04992
1.05073
1.05145
1.05208
1.05261
1.05307
1.05344
1.05373
1.05396
1.05412
1.05421
1.05425
1.05422
1.05409
1.05394
1.05385
1.05351
1.05324
1.05293
1.05258
1.05221
1.05181
1.05138
1.05092
1.05045
1.04996
1.04945
1.04892
1.04838
1.04783
1.04727
1.04669
1.04612
1.04524
1.04495
1.04436
1.04376
1.04317
1.04228
1.04199
1.04111
1.04053
1.03995
1.03937
1.03881
1.03825
1.0377
1.03716
1.03662
1.03609
1.03558
1.03507
1.03457
1.03409
1.03361
1.03315
1.03269
1.03225
1.03182
1.03139
1.03098
1.03078
1.0302
1.02982
1.02928
1.0291
1.02876
1.02843
1.02795
1.02779
1.02749
1.02721
1.02679
1.02653
1.02628
1.02615
1.02592
1.02558
1.02536
1.02516
1.02496
1.02486
1.02459
1.02442
1.02426
1.0241
1.02396
1.02382
1.02368
1.02356
1.02344
1.02333
1.02322
1.02312
1.02302
1.02293
1.02285
1.02277
1.0227
1.02263
1.02257
1.02251
1.02245
1.0224
1.02236
1.02231
1.02227
1.02224
1.02221
1.02217
1.02215
1.02211
1.02209
1.02208
1.02206
1.02205
1.02204
1.02203
1.02203
1.02202
1.02202
1.02202
1.02202
1.02202
1.02202
1.02203
1.02204
1.02204
1.02205
1.02206
1.02207
1.02208
1.02209
1.02209
1.02211
1.02212
1.02214
1.02216
1.02217
1.02219
1.02221
1.02222
1.02224
1.02225
1.02227
1.02228
1.0223
1.02231
1.02233
1.02234
1.02236
1.02237
1.02239
1.0224
1.02242
1.02243
1.02245
1.02246
1.02248
1.0225
1.02251
1.02253
1.02254
1.02255
1.02256
1.02256
1.02257
1.02258
1.02259
1.02259
1.0226
1.02261
1.02262
1.02262
1.02263
1.02264
1.02265
1.02266
1.02266
1.02267
1.02268
1.02269
1.02269
1.0227
1.02271
1.02272
1.02272
1.02273
1.02274
1.02274
1.02274
1.02274
1.02274
1.02274
1.02274
1.02274
1.02274
1.02274
1.02274
1.02274
1.02274
1.02274
1.02274
1.02274
1.02274
1.02274
1.02274
1.02274
1.02274
1.02274
1.02274
1.02274
1.02274
1.02274
1.02274
1.02274
1.02274
1.02274
1.02274
1.02274
1.02274
1.02274
1.02274
1.02274
1.02274
1.02274
1.02274
1.02274
1.02274
1.02274
1.02274
1.02274
1.02274
1.02274
1.02274
1.02274
1.02274
1.02274
1.02274
1.02274
1.02274
1.02274
1.02274
1.02274
1.02274
1.02274
1.02274
1.02274
1.02274
1.02274
1.02274
1.02274
1.02274
1.02274
1.02274
1.02274
1.02274
1.02274
1.02274
1.02274
1.02274
1.02274
1.02274
1.02274
1.02274
1.02274
1.02274
1.02274
1.02274
1.02274
1.02274
1.02274
1.02274
1.02274
1.02274
1.02274
1.02274
1.02274
1.02274
1.02274
1.02274
1.02274
1.02274
1.02274
1.02274
1.02274
1.02274
1.02274
1.02274
1.02274
1.02274
1.02274
1.02274
1.02274
1.02274
1.02274
1.02274
1.02274
1.02274
1.02274
1.02274
1.02274
1.02274
1.02274
1.02274
1.02274
1.02274
1.02274
1.02274
1.02274
1.02274
1.02274
1.02274
1.02274
1.02274
1.02274
1.02274
1.02274
1.02274
1.02274
1.02274
1.02274
1.02274
1.02274
1.02274
1.02274
1.02274
1.02274
1.02274
1.02274
1.02274
1.02274
1.02274
1.02274
1.02274
1.02274
1.02274
1.02274
1.02274
1.02274
1.02274
1.02274
1.02274
1.02274
1.02274
1.02274
1.02274
1.02274
1.02274
1.02274
1.02274
1.02274
1.02274
1.02274
1.02274
1.02274
1.02274
1.02274
1.02274
1.02274
1.02274
1.02274
1.02274
1.02274
1.02274
1.02274
1.02274
1.02274
1.02274
1.02274
1.02274
1.02274
1.02274
1.02274
1.02274
1.02274
1.02274
1.02274
1.02274
1.02274
1.02274
1.02274
1.02274
1.02274
1.02274
1.02274
1.02274
1.02274
1.02274
1.02274
1.02274
1.02274
1.02274
1.02274
1.02274
1.02274
1.02274
1.02274
1.02274
1.02274
1.02274
1.02274
1.02274
1.02274
1.02274
1.02274
1.02274
1.02274
1.02274
1.02274
1.02274
1.02274
1.02274
1.02274
1.02274
1.02274
1.02274
1.02274
1.02274
1.02274
1.02274
1.02274
1.02274
1.02274
1.02274
1.02274
1.02274
1.02274
1.02274
1.02274
1.02274
1.02274
1.02274
1.02274
1.02274
1.02274
1.02274
1.02274
1.02274
1.02274
1.02274
1.02274
1.02274
1.02274
1.02274
1.02274
1.02274
1.02274
1.02274
1.02274
1.02274
1.02274
1.02274
1.02274
1.02274
1.02274
1.02274
1.02274
1.02274
1.02274
1.02274
1.02274
1.02274
1.02274
1.02274
1.02274
1.02274
1.02274
1.02274
1.02274
1.02274
1.02274
1.02274
1.02274
1.02274
1.02274
1.02274
1.02274
1.02274
1.02274
1.02274
1.02274
1.02274
1.02274
1.02274
1.02274
1.02274
1.02274
1.02274
1.02274
1.02274
1.02274
1.02274
1.02274
1.02274
1.02274
1.02274
1.02274
1.02274
1.02274
1.02274
1.02274
1.02274
1.02274
1.02274
1.02274
1.02274
1.02274
1.02274
1.02274
1.02274
1.02274
1.02274
1.02274
1.02274
1.02274
1.02274
1.02274
1.02274
1.02274
1.02274
1.02274
1.02274
1.02274
1.02274
1.02274
1.02274
1.02274
1.02274
1.02274
1.02274
1.02274
1.02274
1.02274
1.02274
1.02274
1.02274
1.02274
1.02274
1.02274
1.02274
1.02274
1.02274
1.02274
1.02274
1.02274
1.02274
1.02274
1.02274
1.02274
1.02274
1.02274
1.02274
1.02274
1.02274
1.02274
1.02274
1.02274
1.02274
1.02274
1.02274
1.02274
1.02274
1.02274
1.02274
1.02274
1.02274
1.02274
1.02274
1.02274
1.02274
1.02274
1.02274
1.02274
1.02274
1.02274
1.02274
1.02274
1.02274
1.02274
1.02274
1.02274
1.02274
1.02274
1.02274
1.02274
1.02274
1.02274
1.02274
1.02274
1.02274
1.02274
1.02274
1.02274
1.02274
1.02274
1.02274
1.02274
1.02274
1.02274
1.02274
1.02274
1.02274
1.02274
1.02274
1.02274
1.02274
1.02274
1.02274
1.02274
1.02274
1.02274
1.02274
1.02274
1.02274
1.02274
1.02274
1.02274
1.02274
1.02274
1.02274
1.02274
1.02274
1.02274
1.02274
1.02274
1.02274
1.02274
1.02274
1.02274
1.02274
1.02274
1.02274
1.02274
1.02274
1.02274
1.02274
1.02274
1.02274
1.02274
1.02274
1.02274
1.02274
1.02274
1.02274
1.02274
1.02274
1.02274
1.02274
1.02274
1.02274
1.02274
1.02274
1.02274
1.02274
1.02274
1.02274
1.02274
1.02274
1.02274
1.02274
1.02274
1.02274
1.02274
1.02274
1.02274
1.02274
1.02274
1.02274
1.02274
1.02274
1.02274
1.02274
1.02274
1.02274
1.02274
1.02274
1.02274
1.02274
1.02274
1.02274
1.02274
1.02274
1.02274
1.02274
1.02274
1.02274
1.02274
1.02274
1.02274
1.02274
1.02274
1.02274
1.02274
1.02274
1.02274
1.02274
1.02274
1.02274
1.02274
1.02274
1.02274
1.02274
1.02274
1.02274
1.02274
1.02274
1.02274
1.02274
1.02274
1.02274
1.02274
1.02274
1.02274
1.02274
1.02274
1.02274
1.02274
1.02274
1.02274
1.02274
1.02274
1.02274
1.02274
1.02274
1.02274
1.02274
1.02274
1.02274
1.02274
1.02274
1.02274
1.02274
1.02274
1.02274
1.02274
1.02274
1.02274
1.02274
1.02274
1.02274
1.02274
1.02274
1.02274
1.02274
1.02274
1.02274
1.02274
1.02274
1.02274
1.02274
1.02274
1.02274
1.02274
1.02274
1.02274
1.02274
1.02274
1.02274
1.02274
1.02274
1.02274
1.02274
1.02274
1.02274
1.02274
1.02274
1.02274
1.02274
1.02274
1.02274
1.02274
1.02274
1.02274
1.02274
1.02274
1.02274
1.02274
1.02274
1.02274
1.02274
1.02274
1.02274
1.02274
1.02274
1.02274
1.02274
1.02274
1.02274
1.02274
1.02274
1.02274
1.02274
1.02274
1.02274
1.02274
1.02274
1.02274
1.02274
1.02274
1.02274
1.02274
1.02274
1.02274
1.02274
1.02274
1.02274
1.02274
1.02274
1.02274
1.02274
1.02274
1.02274
1.02274
1.02274
1.02274
1.02274
1.02274
1.02274
1.02274
1.02274
1.02274
1.02274
1.02274
1.02274
1.02274
1.02274
1.02274
1.02274
1.02274
1.02274
1.02274
1.02274
1.02274
1.02274
1.02274
1.02274
1.02274
1.02274
1.02274
1.02274
1.02274
1.02274
1.02274
1.02274
1.02274
1.02274
1.02274
1.02274
1.02274
1.02274
1.02274
1.02274
1.02274
1.02274
1.02274
1.02274
1.02274
1.02274
1.02274
1.02274
1.02274
1.02274
1.02274
1.02274
1.02274
1.02274
1.02274
1.02274
1.02274
1.02274
1.02274
1.02274
1.02274
1.02274
1.02274
1.02274
1.02274
1.02274
1.02274
1.02274
1.02274
1.02274
1.02274
1.02274
1.02274
1.02274
1.02274
1.02274
1.02274
1.02274
1.02274
1.02274
1.02274
1.02274
1.02274
1.02274
1.02274
1.02274
