0
0
0
0
0
3.43323e-05
0.000305176
0.00113678
0.00285339
0.00572968
0.0100288
0.0159874
0.023838
0.0337868
0.0460205
0.0606689
0.0777283
0.0972176
0.119125
0.143448
0.184448
0.199322
0.230869
0.264824
0.301182
0.360218
0.402561
0.424595
0.4702
0.517532
0.590939
0.615856
0.666058
0.741688
0.791893
0.841553
0.866081
0.938068
0.984386
1.02907
1.0719
1.11269
1.1323
1.18796
1.22245
1.25484
1.28515
1.31338
1.33953
1.36362
1.38564
1.40559
1.42348
1.43931
1.45309
1.46481
1.47449
1.48211
1.48769
1.49122
1.49268
1.49215
1.48956
1.48492
1.47416
1.46442
1.4588
1.44603
1.43122
1.41439
1.38562
1.37518
1.3417
1.32991
1.30553
1.26742
1.24129
1.22808
1.18821
1.1616
1.1352
1.10921
1.08371
1.05888
1.03487
1.01182
0.989803
0.968815
0.948917
0.930256
0.912933
0.896935
0.882275
0.868988
0.857105
0.846657
0.83765
0.830082
0.823948
0.819233
0.81591
0.813942
0.81329
0.813911
0.817116
0.820675
0.825298
0.830906
0.837421
0.848698
0.852821
0.861549
0.870846
0.880623
0.895988
0.90126
0.911972
0.92284
0.933788
0.950191
0.961025
0.966385
0.982151
0.992302
1.00208
1.01145
1.02036
1.02878
1.03672
1.04416
1.05106
1.06036
1.06583
1.07069
1.07495
1.0786
1.08163
1.08405
1.08585
1.08745
1.0877
1.08763
1.08734
1.08574
1.0841
1.08203
1.07957
1.07521
1.07191
1.06834
1.06452
1.06051
1.05633
1.05203
1.04763
1.04316
1.03867
1.03416
1.02968
1.02525
1.02089
1.01663
1.0125
1.00851
1.00469
1.00104
0.997589
0.994343
0.991318
0.988525
0.985977
0.982613
0.980675
0.979797
0.977535
0.97636
0.975864
0.974743
0.9743
0.974079
0.974083
0.9743
0.974716
0.975319
0.976101
0.977047
0.978149
0.979385
0.980743
0.982224
0.983799
0.98632
0.988083
0.989899
0.991753
0.993633
0.995525
0.997417
0.999279
1.00112
1.00292
1.00467
1.00637
1.008
1.00955
1.01102
1.01241
1.01371
1.01491
1.01601
1.01701
1.01791
1.01869
1.01937
1.01995
1.02042
1.02077
1.02103
1.02119
1.02126
1.02122
1.0211
1.02089
1.02042
1.02023
1.01979
1.01929
1.01873
1.01811
1.01745
1.01675
1.01601
1.01524
1.01405
1.01323
1.01241
1.01158
1.01076
1.00993
1.00914
1.00835
1.00759
1.00686
1.00615
1.00547
1.00484
1.00423
1.00367
1.00314
1.00266
1.00222
1.00182
1.00146
1.00115
1.00089
1.00057
1.00048
1.0003
1.00023
1.00021
1.00022
1.00027
1.00036
1.00048
1.00064
1.00083
1.00104
1.00141
1.00168
1.00198
1.00228
1.00261
1.00294
1.00328
1.00361
1.00398
1.00434
1.00471
1.00524
1.00557
1.00591
1.00624
1.00655
1.00686
1.00728
1.00742
1.00767
1.00802
1.00813
1.00842
1.00851
1.00866
1.00886
1.00896
1.00905
1.00911
1.00916
1.00919
1.00919
1.00918
1.00915
1.00911
1.00905
1.00898
1.00889
1.0088
1.00868
1.00862
1.00844
1.00831
1.00816
1.008
1.00785
1.0077
1.00755
1.00739
1.00724
1.00709
1.00694
1.00678
1.00655
1.00648
1.00632
1.00614
1.00608
1.00596
1.00584
1.00569
1.0056
1.0055
1.00543
1.0054
1.00531
1.00526
1.00523
1.0052
1.00517
1.00516
1.00516
1.00516
1.00516
1.00519
1.00522
1.00525
1.00528
1.00532
1.00535
1.00544
1.0055
1.00556
1.00562
1.00568
1.00574
1.00581
1.00587
1.00593
1.00599
1.00605
1.00608
1.00617
1.00623
1.00629
1.00636
1.00642
1.00648
1.00654
1.0066
1.00669
1.00671
1.00675
1.00678
1.00681
1.00684
1.00687
1.0069
1.00693
1.00693
1.00693
1.00693
1.00693
1.00693
1.00693
1.00693
1.00693
1.00691
1.00688
1.00685
1.00682
1.00679
1.00676
1.00673
1.00669
1.00666
1.00663
1.0066
1.00657
1.00654
1.00651
1.00648
1.00645
1.00642
1.00639
1.00636
1.00633
1.0063
1.00627
1.00624
1.00621
1.00616
1.00616
1.00616
1.00616
1.00616
1.00616
1.00616
1.00616
1.00616
1.00616
1.00616
1.00616
1.00616
1.00616
1.00616
1.00616
1.00616
1.00616
1.00616
1.00616
1.00616
1.00616
1.00617
1.00622
1.00625
1.00628
1.00631
1.00634
1.00637
1.0064
1.00643
1.00646
1.00649
1.00651
1.00651
1.00651
1.00651
1.00651
1.00651
1.00651
1.00651
1.00651
1.00651
1.00651
1.00651
1.00651
1.00651
1.00651
1.00651
1.00651
1.00651
1.00651
1.00651
1.00651
1.00651
1.00651
1.00651
1.00651
1.00651
1.00651
1.00651
1.00651
1.00651
1.00651
1.00651
1.00651
1.00651
1.00651
1.00651
1.00651
1.00651
1.00651
1.00651
1.00651
1.00651
1.00651
1.00651
1.00651
1.00651
1.00651
1.00651
1.00651
1.00651
1.00651
1.00651
1.00651
1.00651
1.00651
1.00651
1.00651
1.00651
1.00651
1.00651
1.00651
1.00651
1.00651
1.00651
1.00651
1.00651
1.00651
1.00651
1.00651
1.00651
1.00651
1.00651
1.00651
1.00651
1.00651
1.00651
1.00651
1.00651
1.00651
1.00651
1.00651
1.00651
1.00651
1.00651
1.00651
1.00651
1.00651
1.00651
1.00651
1.00651
1.00651
1.00651
1.00651
1.00651
1.00651
1.00651
1.00651
1.00651
1.00651
1.00651
1.00651
1.00651
1.00651
1.00651
1.00651
1.00651
1.00651
1.00651
1.00651
1.00651
1.00651
1.00651
1.00651
1.00651
1.00651
1.00651
1.00651
1.00651
1.00651
1.00651
1.00651
1.00651
1.00651
1.00651
1.00651
1.00651
1.00651
1.00651
1.00651
1.00651
1.00651
1.00651
1.00651
1.00651
1.00651
1.00651
1.00651
1.00651
1.00651
1.00651
1.00651
1.00651
1.00651
1.00651
1.00651
1.00651
1.00651
1.00651
1.00651
1.00651
1.00651
1.00651
1.00651
1.00651
1.00651
1.00651
1.00651
1.00651
1.00651
1.00651
1.00651
1.00651
1.00651
1.00651
1.00651
1.00651
1.00651
1.00651
1.00651
1.00651
1.00651
1.00651
1.00651
1.00651
1.00651
1.00651
1.00651
1.00651
1.00651
1.00651
1.00651
1.00651
1.00651
1.00651
1.00651
1.00651
1.00651
1.00651
1.00651
1.00651
1.00651
1.00651
1.00651
1.00651
1.00651
1.00651
1.00651
1.00651
1.00651
1.00651
1.00651
1.00651
1.00651
1.00651
1.00651
1.00651
1.00651
1.00651
1.00651
1.00651
1.00651
1.00651
1.00651
1.00651
1.00651
1.00651
1.00651
1.00651
1.00651
1.00651
1.00651
1.00651
1.00651
1.00651
1.00651
1.00651
1.00651
1.00651
1.00651
1.00651
1.00651
1.00651
1.00651
1.00651
1.00651
1.00651
1.00651
1.00651
1.00651
1.00651
1.00651
1.00651
1.00651
1.00651
1.00651
1.00651
1.00651
1.00651
1.00651
1.00651
1.00651
1.00651
1.00651
1.00651
1.00651
1.00651
1.00651
1.00651
1.00651
1.00651
1.00651
1.00651
1.00651
1.00651
1.00651
1.00651
1.00651
1.00651
1.00651
1.00651
1.00651
1.00651
1.00651
1.00651
1.00651
1.00651
1.00651
1.00651
1.00651
1.00651
1.00651
1.00651
1.00651
1.00651
1.00651
1.00651
1.00651
1.00651
1.00651
1.00651
1.00651
1.00651
1.00651
1.00651
1.00651
1.00651
1.00651
1.00651
1.00651
1.00651
1.00651
1.00651
1.00651
1.00651
1.00651
1.00651
1.00651
1.00651
1.00651
1.00651
1.00651
1.00651
1.00651
1.00651
1.00651
1.00651
1.00651
1.00651
1.00651
1.00651
1.00651
1.00651
1.00651
1.00651
1.00651
1.00651
1.00651
1.00651
1.00651
1.00651
1.00651
1.00651
1.00651
1.00651
1.00651
1.00651
1.00651
1.00651
1.00651
1.00651
1.00651
1.00651
1.00651
1.00651
1.00651
1.00651
1.00651
1.00651
1.00651
1.00651
1.00651
1.00651
1.00651
1.00651
1.00651
1.00651
1.00651
1.00651
1.00651
1.00651
1.00651
1.00651
1.00651
1.00651
1.00651
1.00651
1.00651
1.00651
1.00651
1.00651
1.00651
1.00651
1.00651
1.00651
1.00651
1.00651
1.00651
1.00651
1.00651
1.00651
1.00651
1.00651
1.00651
1.00651
1.00651
1.00651
1.00651
1.00651
1.00651
1.00651
1.00651
1.00651
1.00651
1.00651
1.00651
1.00651
1.00651
1.00651
1.00651
1.00651
1.00651
1.00651
1.00651
1.00651
1.00651
1.00651
1.00651
1.00651
1.00651
1.00651
1.00651
1.00651
1.00651
1.00651
1.00651
1.00651
1.00651
1.00651
1.00651
1.00651
1.00651
1.00651
1.00651
1.00651
1.00651
1.00651
1.00651
1.00651
1.00651
1.00651
1.00651
1.00651
1.00651
1.00651
1.00651
1.00651
1.00651
1.00651
1.00651
1.00651
1.00651
1.00651
1.00651
1.00651
1.00651
1.00651
1.00651
1.00651
1.00651
1.00651
1.00651
1.00651
1.00651
1.00651
1.00651
1.00651
1.00651
1.00651
1.00651
1.00651
1.00651
1.00651
1.00651
1.00651
1.00651
1.00651
1.00651
1.00651
1.00651
1.00651
1.00651
1.00651
1.00651
1.00651
1.00651
1.00651
1.00651
1.00651
1.00651
1.00651
1.00651
1.00651
1.00651
1.00651
1.00651
1.00651
1.00651
1.00651
1.00651
1.00651
1.00651
1.00651
1.00651
1.00651
1.00651
1.00651
1.00651
1.00651
1.00651
1.00651
1.00651
1.00651
1.00651
1.00651
1.00651
1.00651
1.00651
1.00651
1.00651
1.00651
1.00651
1.00651
1.00651
1.00651
1.00651
1.00651
1.00651
1.00651
1.00651
1.00651
1.00651
1.00651
1.00651
1.00651
1.00651
1.00651
1.00651
1.00651
1.00651
1.00651
1.00651
1.00651
1.00651
1.00651
1.00651
1.00651
1.00651
1.00651
1.00651
1.00651
1.00651
1.00651
1.00651
1.00651
1.00651
1.00651
1.00651
1.00651
1.00651
1.00651
1.00651
1.00651
1.00651
1.00651
1.00651
1.00651
1.00651
1.00651
1.00651
