0
0
0
0
3.8147e-06
3.24249e-05
0.000631332
0.00186729
0.00412941
0.00768471
0.0100269
0.0196667
0.0285435
0.039587
0.0527897
0.067997
0.0850334
0.103741
0.123964
0.145555
0.168377
0.192289
0.217148
0.242825
0.26919
0.296125
0.323515
0.351254
0.379242
0.407385
0.435595
0.477856
0.49189
0.519821
0.561232
0.588411
0.615166
0.641457
0.667233
0.692446
0.717089
0.741125
0.76449
0.787134
0.809048
0.83025
0.850739
0.870497
0.889505
0.907755
0.925241
0.941957
0.957901
0.973072
0.987474
1.00111
1.01399
1.02612
1.0375
1.04815
1.05809
1.06732
1.07587
1.08375
1.09434
1.09755
1.10353
1.1089
1.11588
1.11793
1.12162
1.12621
1.12866
1.13065
1.13221
1.13334
1.13409
1.13446
1.13448
1.13416
1.13354
1.13263
1.13145
1.13004
1.12838
1.12653
1.12448
1.12225
1.11988
1.11736
1.11472
1.11197
1.10912
1.10619
1.10318
1.09856
1.09543
1.09226
1.08908
1.08588
1.08268
1.07949
1.07632
1.07318
1.07006
1.06699
1.06396
1.06099
1.05806
1.0552
1.0524
1.04967
1.047
1.04441
1.04189
1.03944
1.03707
1.03477
1.03256
1.03043
1.02838
1.02642
1.02363
1.02275
1.02104
1.01941
1.01714
1.01572
1.01505
1.01315
1.01198
1.01089
1.00988
1.00895
1.00809
1.00731
1.00659
1.00595
1.00537
1.00485
1.00439
1.00399
1.00365
1.00337
1.00314
1.00295
1.00282
1.00273
1.00268
1.00267
1.0027
1.00276
1.00292
1.00306
1.00314
1.00332
1.00353
1.00375
1.00413
1.00426
1.00455
1.00484
1.00515
1.00547
1.0058
1.00614
1.00665
1.00701
1.00718
1.00771
1.00788
1.00823
1.00876
1.00894
1.00929
1.00964
1.01014
1.01048
1.0108
1.01112
1.01143
1.01174
1.01204
1.01233
1.0126
1.01287
1.01313
1.01337
1.01361
1.01384
1.01406
1.01427
1.01447
1.01465
1.01483
1.015
1.01516
1.01531
1.01545
1.01558
1.0157
1.01581
1.01591
1.016
1.01609
1.01616
1.01623
1.01629
1.01635
1.01639
1.01644
1.01648
1.0165
1.01652
1.01654
1.01654
1.01654
1.01654
1.01653
1.01651
1.0165
1.01648
1.01645
1.01642
1.01639
1.01636
1.01631
1.01627
1.01624
1.0162
1.01615
1.01608
1.01606
1.01599
1.01597
1.0159
1.01586
1.01581
1.01576
1.01572
1.01567
1.01563
1.01558
1.01554
1.01549
1.01544
1.0154
1.01535
1.01531
1.01526
1.01521
1.01517
1.01512
1.01508
1.01504
1.01501
1.01498
1.01495
1.01492
1.01489
1.01486
1.01483
1.0148
1.01475
1.01474
1.0147
1.01469
1.01468
1.01466
1.01464
1.01463
1.01461
1.0146
1.01458
1.01456
1.01455
1.01453
1.01452
1.01452
1.01452
1.01452
1.01452
1.01452
1.01452
1.01452
1.01452
1.01452
1.01452
1.01452
1.01452
1.01452
1.01452
1.01452
1.01452
1.01452
1.01452
1.01452
1.01452
1.01452
1.01452
1.01452
1.01452
1.01452
1.01452
1.01452
1.01452
1.01452
1.01452
1.01452
1.01452
1.01452
1.01452
1.01452
1.01452
1.01452
1.01452
1.01452
1.01452
1.01452
1.01452
1.01452
1.01452
1.01452
1.01452
1.01452
1.01452
1.01452
1.01452
1.01452
1.01452
1.01452
1.01452
1.01453
1.01454
1.01457
1.01457
1.0146
1.01461
1.01461
1.01461
1.01461
1.01461
1.01461
1.01461
1.01461
1.01461
1.01461
1.01461
1.01461
1.01461
1.01461
1.01461
1.01461
1.01461
1.01461
1.01461
1.01461
1.01461
1.01461
1.01461
1.01461
1.01461
1.01461
1.01461
1.01461
1.01461
1.01461
1.01461
1.01461
1.01461
1.01461
1.01461
1.01461
1.01461
1.01461
1.01461
1.01461
1.01461
1.01461
1.01461
1.01461
1.01461
1.01461
1.01461
1.01461
1.01461
1.01461
1.01461
1.01461
1.01461
1.01461
1.01461
1.01461
1.01461
1.01461
1.01461
1.01461
1.01461
1.01461
1.01461
1.01461
1.01461
1.01461
1.01461
1.01461
1.01461
1.01461
1.01461
1.01461
1.01461
1.01461
1.01461
1.01461
1.01461
1.01461
1.01461
1.01461
1.01461
1.01461
1.01461
1.01461
1.01461
1.01461
1.01461
1.01461
1.01461
1.01461
1.01461
1.01461
1.01461
1.01461
1.01461
1.01461
1.01461
1.01461
1.01461
1.01461
1.01461
1.01461
1.01461
1.01461
1.01461
1.01461
1.01461
1.01461
1.01461
1.01461
1.01461
1.01461
1.01461
1.01461
1.01461
1.01461
1.01461
1.01461
1.01461
1.01461
1.01461
1.01461
1.01461
1.01461
1.01461
1.01461
1.01461
1.01461
1.01461
1.01461
1.01461
1.01461
1.01461
1.01461
1.01461
1.01461
1.01461
1.01461
1.01461
1.01461
1.01461
1.01461
1.01461
1.01461
1.01461
1.01461
1.01461
1.01461
1.01461
1.01461
1.01461
1.01461
1.01461
1.01461
1.01461
1.01461
1.01461
1.01461
1.01461
1.01461
1.01461
1.01461
1.01461
1.01461
1.01461
1.01461
1.01461
1.01461
1.01461
1.01461
1.01461
1.01461
1.01461
1.01461
1.01461
1.01461
1.01461
1.01461
1.01461
1.01461
1.01461
1.01461
1.01461
1.01461
1.01461
1.01461
1.01461
1.01461
1.01461
1.01461
1.01461
1.01461
1.01461
1.01461
1.01461
1.01461
1.01461
1.01461
1.01461
1.01461
1.01461
1.01461
1.01461
1.01461
1.01461
1.01461
1.01461
1.01461
1.01461
1.01461
1.01461
1.01461
1.01461
1.01461
1.01461
1.01461
1.01461
1.01461
1.01461
1.01461
1.01461
1.01461
1.01461
1.01461
1.01461
1.01461
1.01461
1.01461
1.01461
1.01461
1.01461
1.01461
1.01461
1.01461
1.01461
1.01461
1.01461
1.01461
1.01461
1.01461
1.01461
1.01461
1.01461
1.01461
1.01461
1.01461
1.01461
1.01461
1.01461
1.01461
1.01461
1.01461
1.01461
1.01461
1.01461
1.01461
1.01461
1.01461
1.01461
1.01461
1.01461
1.01461
1.01461
1.01461
1.01461
1.01461
1.01461
1.01461
1.01461
1.01461
1.01461
1.01461
1.01461
1.01461
1.01461
1.01461
1.01461
1.01461
1.01461
1.01461
1.01461
1.01461
1.01461
1.01461
1.01461
1.01461
1.01461
1.01461
1.01461
1.01461
1.01461
1.01461
1.01461
1.01461
1.01461
1.01461
1.01461
1.01461
1.01461
1.01461
1.01461
1.01461
1.01461
1.01461
1.01461
1.01461
1.01461
1.01461
1.01461
1.01461
1.01461
1.01461
1.01461
1.01461
1.01461
1.01461
1.01461
1.01461
1.01461
1.01461
1.01461
1.01461
1.01461
1.01461
1.01461
1.01461
1.01461
1.01461
1.01461
1.01461
1.01461
1.01461
1.01461
1.01461
1.01461
1.01461
1.01461
1.01461
1.01461
1.01461
1.01461
1.01461
1.01461
1.01461
1.01461
1.01461
1.01461
1.01461
1.01461
1.01461
1.01461
1.01461
1.01461
1.01461
1.01461
1.01461
1.01461
1.01461
1.01461
1.01461
1.01461
1.01461
1.01461
1.01461
1.01461
1.01461
1.01461
1.01461
1.01461
1.01461
1.01461
1.01461
1.01461
1.01461
1.01461
1.01461
1.01461
1.01461
1.01461
1.01461
1.01461
1.01461
1.01461
1.01461
1.01461
1.01461
1.01461
1.01461
1.01461
1.01461
1.01461
1.01461
1.01461
1.01461
1.01461
1.01461
1.01461
1.01461
1.01461
1.01461
1.01461
1.01461
1.01461
1.01461
1.01461
1.01461
1.01461
1.01461
1.01461
1.01461
1.01461
1.01461
1.01461
1.01461
1.01461
1.01461
1.01461
1.01461
1.01461
1.01461
1.01461
1.01461
1.01461
1.01461
1.01461
1.01461
1.01461
1.01461
1.01461
1.01461
1.01461
1.01461
1.01461
1.01461
1.01461
1.01461
1.01461
1.01461
1.01461
1.01461
1.01461
1.01461
1.01461
1.01461
1.01461
1.01461
1.01461
1.01461
1.01461
1.01461
1.01461
1.01461
1.01461
1.01461
1.01461
1.01461
1.01461
1.01461
1.01461
1.01461
1.01461
1.01461
1.01461
1.01461
1.01461
1.01461
1.01461
1.01461
1.01461
1.01461
1.01461
1.01461
1.01461
1.01461
1.01461
1.01461
1.01461
1.01461
1.01461
1.01461
1.01461
1.01461
1.01461
1.01461
1.01461
1.01461
1.01461
1.01461
1.01461
1.01461
1.01461
1.01461
1.01461
1.01461
1.01461
1.01461
1.01461
1.01461
1.01461
1.01461
1.01461
1.01461
1.01461
1.01461
1.01461
1.01461
1.01461
1.01461
1.01461
1.01461
1.01461
1.01461
1.01461
1.01461
1.01461
1.01461
1.01461
1.01461
1.01461
1.01461
1.01461
1.01461
1.01461
1.01461
1.01461
1.01461
1.01461
1.01461
1.01461
1.01461
1.01461
1.01461
1.01461
1.01461
1.01461
1.01461
1.01461
1.01461
1.01461
1.01461
1.01461
1.01461
1.01461
1.01461
1.01461
1.01461
1.01461
1.01461
1.01461
1.01461
1.01461
1.01461
1.01461
1.01461
1.01461
1.01461
1.01461
1.01461
1.01461
1.01461
1.01461
1.01461
1.01461
1.01461
1.01461
1.01461
1.01461
1.01461
1.01461
1.01461
1.01461
1.01461
1.01461
1.01461
1.01461
1.01461
1.01461
1.01461
1.01461
1.01461
1.01461
1.01461
1.01461
1.01461
1.01461
1.01461
1.01461
1.01461
1.01461
1.01461
1.01461
1.01461
1.01461
1.01461
1.01461
1.01461
1.01461
1.01461
1.01461
1.01461
1.01461
1.01461
1.01461
1.01461
1.01461
1.01461
1.01461
1.01461
1.01461
1.01461
1.01461
1.01461
1.01461
1.01461
1.01461
1.01461
1.01461
1.01461
1.01461
1.01461
1.01461
1.01461
1.01461
1.01461
1.01461
1.01461
1.01461
1.01461
1.01461
1.01461
1.01461
1.01461
1.01461
1.01461
1.01461
1.01461
1.01461
1.01461
1.01461
1.01461
1.01461
1.01461
1.01461
1.01461
1.01461
1.01461
1.01461
1.01461
1.01461
1.01461
1.01461
1.01461
1.01461
1.01461
1.01461
1.01461
1.01461
1.01461
1.01461
1.01461
1.01461
1.01461
1.01461
