0
0
0
0
0
3.43323e-05
0.000307083
0.0011425
0.0028553
0.00573158
0.0100288
0.0159912
0.0238457
0.033783
0.0458565
0.0599422
0.0758724
0.0934849
0.112635
0.133183
0.166334
0.189785
0.201866
0.22666
0.25219
0.291603
0.318447
0.345636
0.373083
0.386879
0.428406
0.456083
0.483662
0.51107
0.53826
0.565157
0.59169
0.6178
0.643435
0.668556
0.693121
0.7171
0.740454
0.774258
0.785187
0.806522
0.837187
0.847044
0.875477
0.89349
0.902212
0.927231
0.942953
0.957909
0.972103
0.985548
0.998247
1.01021
1.02144
1.03197
1.0418
1.05098
1.05952
1.06745
1.07476
1.08149
1.08764
1.09323
1.09828
1.10282
1.10685
1.1104
1.11348
1.11612
1.11834
1.12091
1.12158
1.12264
1.12335
1.12374
1.12374
1.1236
1.12277
1.12237
1.12139
1.11952
1.1188
1.11636
1.11452
1.11254
1.11043
1.10819
1.10585
1.10341
1.10089
1.09829
1.09563
1.09292
1.09017
1.08738
1.08458
1.08175
1.07893
1.07611
1.07329
1.07049
1.06633
1.06359
1.0609
1.05824
1.05563
1.05307
1.05057
1.04813
1.04575
1.04344
1.0412
1.03902
1.03692
1.03489
1.03292
1.03103
1.02921
1.02746
1.02579
1.0242
1.02269
1.02124
1.01987
1.01857
1.01734
1.01618
1.01509
1.01406
1.0131
1.0122
1.01137
1.01024
1.00989
1.00924
1.00836
1.00785
1.00761
1.00698
1.00662
1.00631
1.00604
1.00582
1.00563
1.00549
1.00539
1.00532
1.00528
1.00528
1.0053
1.00535
1.00543
1.00554
1.00566
1.00581
1.00597
1.00616
1.00636
1.00657
1.0068
1.00703
1.00728
1.00754
1.0078
1.00821
1.00835
1.00863
1.00891
1.0092
1.00964
1.00993
1.01022
1.0105
1.01077
1.01105
1.01132
1.01159
1.01185
1.01211
1.01236
1.01261
1.01285
1.01307
1.0133
1.01352
1.01373
1.01393
1.01412
1.0143
1.01448
1.01465
1.01481
1.01497
1.01511
1.01525
1.01538
1.0155
1.01562
1.01573
1.01583
1.01592
1.01601
1.01609
1.0162
1.01623
1.01629
1.01634
1.01639
1.01645
1.01648
1.0165
1.01653
1.01655
1.01657
1.01658
1.01658
1.01658
1.01658
1.01658
1.01657
1.01655
1.01654
1.01652
1.01651
1.01649
1.01645
1.01642
1.01639
1.01636
1.01633
1.0163
1.01627
1.01624
1.01621
1.01618
1.01615
1.01612
1.01609
1.01604
1.01601
1.016
1.01595
1.01592
1.01589
1.01586
1.01583
1.0158
1.01577
1.01574
1.01571
1.01568
1.01565
1.01562
1.01558
1.01555
1.01552
1.01549
1.01546
1.01543
1.0154
1.01537
1.01534
1.01531
1.01528
1.01527
1.01525
1.01524
1.01522
1.01521
1.01519
1.01518
1.01516
1.01515
1.01513
1.01512
1.01509
1.01509
1.01507
1.01505
1.01504
1.01503
1.01503
1.01503
1.01503
1.01503
1.01503
1.01503
1.01503
1.01503
1.01503
1.01503
1.01503
1.01503
1.01503
1.01503
1.01503
1.01503
1.01503
1.01503
1.01503
1.01503
1.01503
1.01503
1.01503
1.01503
1.01503
1.01503
1.01503
1.01503
1.01503
1.01503
1.01503
1.01503
1.01503
1.01503
1.01503
1.01503
1.01503
1.01503
1.01503
1.01503
1.01503
1.01503
1.01503
1.01503
1.01503
1.01503
1.01503
1.01503
1.01503
1.01503
1.01503
1.01503
1.01503
1.01503
1.01503
1.01503
1.01503
1.01503
1.01503
1.01503
1.01503
1.01503
1.01503
1.01503
1.01503
1.01503
1.01503
1.01503
1.01503
1.01503
1.01503
1.01503
1.01503
1.01503
1.01503
1.01503
1.01503
1.01503
1.01503
1.01503
1.01503
1.01503
1.01503
1.01503
1.01503
1.01503
1.01503
1.01503
1.01503
1.01503
1.01503
1.01503
1.01503
1.01503
1.01503
1.01503
1.01503
1.01503
1.01503
1.01503
1.01503
1.01503
1.01503
1.01503
1.01503
1.01503
1.01503
1.01503
1.01503
1.01503
1.01503
1.01503
1.01503
1.01503
1.01503
1.01503
1.01503
1.01503
1.01503
1.01503
1.01503
1.01503
1.01503
1.01503
1.01503
1.01503
1.01503
1.01503
1.01503
1.01503
1.01503
1.01503
1.01503
1.01503
1.01503
1.01503
1.01503
1.01503
1.01503
1.01503
1.01503
1.01503
1.01503
1.01503
1.01503
1.01503
1.01503
1.01503
1.01503
1.01503
1.01503
1.01503
1.01503
1.01503
1.01503
1.01503
1.01503
1.01503
1.01503
1.01503
1.01503
1.01503
1.01503
1.01503
1.01503
1.01503
1.01503
1.01503
1.01503
1.01503
1.01503
1.01503
1.01503
1.01503
1.01503
1.01503
1.01503
1.01503
1.01503
1.01503
1.01503
1.01503
1.01503
1.01503
1.01503
1.01503
1.01503
1.01503
1.01503
1.01503
1.01503
1.01503
1.01503
1.01503
1.01503
1.01503
1.01503
1.01503
1.01503
1.01503
1.01503
1.01503
1.01503
1.01503
1.01503
1.01503
1.01503
1.01503
1.01503
1.01503
1.01503
1.01503
1.01503
1.01503
1.01503
1.01503
1.01503
1.01503
1.01503
1.01503
1.01503
1.01503
1.01503
1.01503
1.01503
1.01503
1.01503
1.01503
1.01503
1.01503
1.01503
1.01503
1.01503
1.01503
1.01503
1.01503
1.01503
1.01503
1.01503
1.01503
1.01503
1.01503
1.01503
1.01503
1.01503
1.01503
1.01503
1.01503
1.01503
1.01503
1.01503
1.01503
1.01503
1.01503
1.01503
1.01503
1.01503
1.01503
1.01503
1.01503
1.01503
1.01503
1.01503
1.01503
1.01503
1.01503
1.01503
1.01503
1.01503
1.01503
1.01503
1.01503
1.01503
1.01503
1.01503
1.01503
1.01503
1.01503
1.01503
1.01503
1.01503
1.01503
1.01503
1.01503
1.01503
1.01503
1.01503
1.01503
1.01503
1.01503
1.01503
1.01503
1.01503
1.01503
1.01503
1.01503
1.01503
1.01503
1.01503
1.01503
1.01503
1.01503
1.01503
1.01503
1.01503
1.01503
1.01503
1.01503
1.01503
1.01503
1.01503
1.01503
1.01503
1.01503
1.01503
1.01503
1.01503
1.01503
1.01503
1.01503
1.01503
1.01503
1.01503
1.01503
1.01503
1.01503
1.01503
1.01503
1.01503
1.01503
1.01503
1.01503
1.01503
1.01503
1.01503
1.01503
1.01503
1.01503
1.01503
1.01503
1.01503
1.01503
1.01503
1.01503
1.01503
1.01503
1.01503
1.01503
1.01503
1.01503
1.01503
1.01503
1.01503
1.01503
1.01503
1.01503
1.01503
1.01503
1.01503
1.01503
1.01503
1.01503
1.01503
1.01503
1.01503
1.01503
1.01503
1.01503
1.01503
1.01503
1.01503
1.01503
1.01503
1.01503
1.01503
1.01503
1.01503
1.01503
1.01503
1.01503
1.01503
1.01503
1.01503
1.01503
1.01503
1.01503
1.01503
1.01503
1.01503
1.01503
1.01503
1.01503
1.01503
1.01503
1.01503
1.01503
1.01503
1.01503
1.01503
1.01503
1.01503
1.01503
1.01503
1.01503
1.01503
1.01503
1.01503
1.01503
1.01503
1.01503
1.01503
1.01503
1.01503
1.01503
1.01503
1.01503
1.01503
1.01503
1.01503
1.01503
1.01503
1.01503
1.01503
1.01503
1.01503
1.01503
1.01503
1.01503
1.01503
1.01503
1.01503
1.01503
1.01503
1.01503
1.01503
1.01503
1.01503
1.01503
1.01503
1.01503
1.01503
1.01503
1.01503
1.01503
1.01503
1.01503
1.01503
1.01503
1.01503
1.01503
1.01503
1.01503
1.01503
1.01503
1.01503
1.01503
1.01503
1.01503
1.01503
1.01503
1.01503
1.01503
1.01503
1.01503
1.01503
1.01503
1.01503
1.01503
1.01503
1.01503
1.01503
1.01503
1.01503
1.01503
1.01503
1.01503
1.01503
1.01503
1.01503
1.01503
1.01503
1.01503
1.01503
1.01503
1.01503
1.01503
1.01503
1.01503
1.01503
1.01503
1.01503
1.01503
1.01503
1.01503
1.01503
1.01503
1.01503
1.01503
1.01503
1.01503
1.01503
1.01503
1.01503
1.01503
1.01503
1.01503
1.01503
1.01503
1.01503
1.01503
1.01503
1.01503
1.01503
1.01503
1.01503
1.01503
1.01503
1.01503
1.01503
1.01503
1.01503
1.01503
1.01503
1.01503
1.01503
1.01503
1.01503
1.01503
1.01503
1.01503
1.01503
1.01503
1.01503
1.01503
1.01503
1.01503
1.01503
1.01503
1.01503
1.01503
1.01503
1.01503
1.01503
1.01503
1.01503
1.01503
1.01503
1.01503
1.01503
1.01503
1.01503
1.01503
1.01503
1.01503
1.01503
1.01503
1.01503
1.01503
1.01503
1.01503
1.01503
1.01503
1.01503
1.01503
1.01503
1.01503
1.01503
1.01503
1.01503
1.01503
1.01503
1.01503
1.01503
1.01503
1.01503
1.01503
1.01503
1.01503
1.01503
1.01503
1.01503
1.01503
1.01503
1.01503
1.01503
1.01503
1.01503
1.01503
1.01503
1.01503
1.01503
1.01503
1.01503
1.01503
1.01503
1.01503
1.01503
1.01503
1.01503
1.01503
1.01503
1.01503
1.01503
1.01503
1.01503
1.01503
1.01503
1.01503
1.01503
1.01503
1.01503
1.01503
1.01503
1.01503
1.01503
1.01503
1.01503
1.01503
1.01503
1.01503
1.01503
1.01503
1.01503
1.01503
1.01503
1.01503
1.01503
1.01503
1.01503
1.01503
1.01503
1.01503
1.01503
1.01503
1.01503
1.01503
1.01503
1.01503
1.01503
1.01503
1.01503
1.01503
1.01503
1.01503
1.01503
1.01503
1.01503
1.01503
1.01503
1.01503
1.01503
1.01503
1.01503
1.01503
1.01503
1.01503
1.01503
1.01503
1.01503
1.01503
1.01503
1.01503
1.01503
1.01503
1.01503
1.01503
1.01503
1.01503
1.01503
1.01503
1.01503
1.01503
1.01503
1.01503
1.01503
1.01503
1.01503
1.01503
1.01503
1.01503
1.01503
1.01503
1.01503
1.01503
1.01503
1.01503
1.01503
1.01503
1.01503
1.01503
1.01503
1.01503
1.01503
1.01503
1.01503
1.01503
1.01503
1.01503
1.01503
1.01503
1.01503
1.01503
1.01503
1.01503
1.01503
1.01503
1.01503
1.01503
1.01503
1.01503
1.01503
1.01503
1.01503
1.01503
