0
0
0
0
3.8147e-06
0.00012207
0.00063324
0.0018692
0.00413132
0.0100288
0.0159912
0.0238457
0.0285473
0.0460377
0.0530548
0.0777435
0.0972347
0.119141
0.143461
0.170195
0.199339
0.23089
0.264845
0.320156
0.359648
0.400904
0.443619
0.48749
0.532213
0.577446
0.622894
0.668295
0.713396
0.757969
0.801794
0.844673
0.886417
0.926849
0.965805
1.02116
1.03872
1.07245
1.11935
1.14806
1.17469
1.19923
1.2217
1.24209
1.26041
1.27667
1.29087
1.303
1.31307
1.32434
1.32931
1.33232
1.33344
1.33276
1.33035
1.32631
1.32074
1.31376
1.30547
1.29599
1.28542
1.27387
1.26145
1.24828
1.22734
1.2201
1.20533
1.19023
1.1672
1.15174
1.13629
1.12092
1.10571
1.09076
1.07613
1.06191
1.04815
1.03488
1.02217
1.01004
0.998529
0.987629
0.977375
0.967775
0.958841
0.950588
0.943031
0.936178
0.930035
0.924601
0.91987
0.91584
0.912497
0.909826
0.907045
0.906437
0.905523
0.90551
0.906309
0.907503
0.909193
0.911341
0.913916
0.916883
0.920212
0.923864
0.927805
0.931999
0.936411
0.941008
0.945757
0.950624
0.955578
0.960587
0.965622
0.970657
0.975666
0.983076
0.985506
0.990288
0.994949
0.99947
1.00593
1.01001
1.01198
1.01756
1.021
1.02421
1.02717
1.02988
1.03234
1.03455
1.03652
1.03825
1.03973
1.04098
1.04199
1.04278
1.04335
1.04371
1.04387
1.04384
1.04344
1.04297
1.04233
1.04155
1.04063
1.03959
1.03842
1.03716
1.0358
1.03435
1.03206
1.03127
1.02965
1.02715
1.02546
1.02375
1.02204
1.02033
1.01864
1.01696
1.01531
1.01369
1.01212
1.01059
1.00839
1.007
1.00634
1.00505
1.00384
1.00216
1.00114
1.0002
0.99935
0.998953
0.99789
0.99729
0.996773
0.99634
0.995987
0.995712
0.995516
0.995363
0.995348
0.995401
0.995516
0.995691
0.995926
0.996212
0.996548
0.996927
0.997351
0.99781
0.998302
0.998825
0.999653
1.00023
1.00082
1.00143
1.00204
1.00265
1.00326
1.00387
1.00447
1.00507
1.00565
1.00621
1.00676
1.00729
1.00804
1.00851
1.00896
1.00938
1.00978
1.01014
1.01048
1.01079
1.01108
1.01133
1.01155
1.01175
1.01191
1.01205
1.0122
1.01227
1.01231
1.01232
1.01231
1.01228
1.01222
1.01214
1.01205
1.01193
1.0118
1.01165
1.01149
1.01132
1.01114
1.01094
1.01074
1.01053
1.01031
1.0101
1.00988
1.00965
1.00942
1.0092
1.00899
1.00878
1.00856
1.00836
1.00806
1.00796
1.00778
1.0076
1.00743
1.00727
1.00705
1.00692
1.00679
1.00668
1.00658
1.00648
1.0064
1.00633
1.00627
1.00623
1.00619
1.00616
1.00614
1.00613
1.00613
1.00614
1.00615
1.00617
1.0062
1.00624
1.00628
1.00633
1.00638
1.00644
1.00651
1.00657
1.00667
1.00675
1.00683
1.0069
1.00698
1.00706
1.00713
1.00721
1.00728
1.0074
1.00747
1.00755
1.00761
1.00767
1.00773
1.0078
1.00786
1.00791
1.00796
1.00802
1.00805
1.00809
1.00812
1.00817
1.0082
1.00821
1.00822
1.00824
1.00826
1.00827
1.00827
1.00827
1.00827
1.00827
1.00826
1.00825
1.00823
1.00822
1.0082
1.00818
1.00817
1.00814
1.00811
1.00808
1.00805
1.00802
1.00799
1.00796
1.00793
1.0079
1.00787
1.00782
1.0078
1.00776
1.00773
1.0077
1.00767
1.00764
1.00763
1.00761
1.0076
1.00758
1.00757
1.00755
1.00754
1.00752
1.00751
1.00749
1.00748
1.00748
1.00748
1.00748
1.00748
1.00748
1.00748
1.00748
1.00748
1.00748
1.00748
1.00748
1.00748
1.00748
1.00749
1.00751
1.00752
1.00754
1.00756
1.00758
1.00759
1.00761
1.00762
1.00764
1.00765
1.00767
1.00768
1.0077
1.00772
1.00773
1.00775
1.00776
1.00777
1.00777
1.00777
1.00777
1.00777
1.00777
1.00777
1.00777
1.00777
1.00777
1.00777
1.00777
1.00777
1.00777
1.00777
1.00777
1.00777
1.00777
1.00777
1.00777
1.00777
1.00777
1.00777
1.00777
1.00777
1.00777
1.00777
1.00777
1.00777
1.00777
1.00777
1.00777
1.00777
1.00777
1.00777
1.00777
1.00777
1.00777
1.00777
1.00777
1.00777
1.00777
1.00777
1.00777
1.00777
1.00777
1.00777
1.00777
1.00777
1.00777
1.00777
1.00777
1.00777
1.00777
1.00777
1.00777
1.00777
1.00777
1.00777
1.00777
1.00777
1.00777
1.00777
1.00777
1.00777
1.00777
1.00777
1.00777
1.00777
1.00777
1.00777
1.00777
1.00777
1.00777
1.00777
1.00777
1.00777
1.00777
1.00777
1.00777
1.00777
1.00777
1.00777
1.00777
1.00777
1.00777
1.00777
1.00777
1.00777
1.00777
1.00777
1.00777
1.00777
1.00777
1.00777
1.00777
1.00777
1.00777
1.00777
1.00777
1.00777
1.00777
1.00777
1.00777
1.00777
1.00777
1.00777
1.00777
1.00777
1.00777
1.00777
1.00777
1.00777
1.00777
1.00777
1.00777
1.00777
1.00777
1.00777
1.00777
1.00777
1.00777
1.00777
1.00777
1.00777
1.00777
1.00777
1.00777
1.00777
1.00777
1.00777
1.00777
1.00777
1.00777
1.00777
1.00777
1.00777
1.00777
1.00777
1.00777
1.00777
1.00777
1.00777
1.00777
1.00777
1.00777
1.00777
1.00777
1.00777
1.00777
1.00777
1.00777
1.00777
1.00777
1.00777
1.00777
1.00777
1.00777
1.00777
1.00777
1.00777
1.00777
1.00777
1.00777
1.00777
1.00777
1.00777
1.00777
1.00777
1.00777
1.00777
1.00777
1.00777
1.00777
1.00777
1.00777
1.00777
1.00777
1.00777
1.00777
1.00777
1.00777
1.00777
1.00777
1.00777
1.00777
1.00777
1.00777
1.00777
1.00777
1.00777
1.00777
1.00777
1.00777
1.00777
1.00777
1.00777
1.00777
1.00777
1.00777
1.00777
1.00777
1.00777
1.00777
1.00777
1.00777
1.00777
1.00777
1.00777
1.00777
1.00777
1.00777
1.00777
1.00777
1.00777
1.00777
1.00777
1.00777
1.00777
1.00777
1.00777
1.00777
1.00777
1.00777
1.00777
1.00777
1.00777
1.00777
1.00777
1.00777
1.00777
1.00777
1.00777
1.00777
1.00777
1.00777
1.00777
1.00777
1.00777
1.00777
1.00777
1.00777
1.00777
1.00777
1.00777
1.00777
1.00777
1.00777
1.00777
1.00777
1.00777
1.00777
1.00777
1.00777
1.00777
1.00777
1.00777
1.00777
1.00777
1.00777
1.00777
1.00777
1.00777
1.00777
1.00777
1.00777
1.00777
1.00777
1.00777
1.00777
1.00777
1.00777
1.00777
1.00777
1.00777
1.00777
1.00777
1.00777
1.00777
1.00777
1.00777
1.00777
1.00777
1.00777
1.00777
1.00777
1.00777
1.00777
1.00777
1.00777
1.00777
1.00777
1.00777
1.00777
1.00777
1.00777
1.00777
1.00777
1.00777
1.00777
1.00777
1.00777
1.00777
1.00777
1.00777
1.00777
1.00777
1.00777
1.00777
1.00777
1.00777
1.00777
1.00777
1.00777
1.00777
1.00777
1.00777
1.00777
1.00777
1.00777
1.00777
1.00777
1.00777
1.00777
1.00777
1.00777
1.00777
1.00777
1.00777
1.00777
1.00777
1.00777
1.00777
1.00777
1.00777
1.00777
1.00777
1.00777
1.00777
1.00777
1.00777
1.00777
1.00777
1.00777
1.00777
1.00777
1.00777
1.00777
1.00777
1.00777
1.00777
1.00777
1.00777
1.00777
1.00777
1.00777
1.00777
1.00777
1.00777
1.00777
1.00777
1.00777
1.00777
1.00777
1.00777
1.00777
1.00777
1.00777
1.00777
1.00777
1.00777
1.00777
1.00777
1.00777
1.00777
1.00777
1.00777
1.00777
1.00777
1.00777
1.00777
1.00777
1.00777
1.00777
1.00777
1.00777
1.00777
1.00777
1.00777
1.00777
1.00777
1.00777
1.00777
1.00777
1.00777
1.00777
1.00777
1.00777
1.00777
1.00777
1.00777
1.00777
1.00777
1.00777
1.00777
1.00777
1.00777
1.00777
1.00777
1.00777
1.00777
1.00777
1.00777
1.00777
1.00777
1.00777
1.00777
1.00777
1.00777
1.00777
1.00777
1.00777
1.00777
1.00777
1.00777
1.00777
1.00777
1.00777
1.00777
1.00777
1.00777
1.00777
1.00777
1.00777
1.00777
1.00777
1.00777
1.00777
1.00777
1.00777
1.00777
1.00777
1.00777
1.00777
1.00777
1.00777
1.00777
1.00777
1.00777
1.00777
1.00777
1.00777
1.00777
1.00777
1.00777
1.00777
1.00777
1.00777
1.00777
1.00777
1.00777
1.00777
1.00777
1.00777
1.00777
1.00777
1.00777
1.00777
1.00777
1.00777
1.00777
1.00777
1.00777
1.00777
1.00777
1.00777
1.00777
1.00777
1.00777
1.00777
1.00777
1.00777
1.00777
1.00777
1.00777
1.00777
1.00777
1.00777
1.00777
1.00777
1.00777
1.00777
1.00777
1.00777
1.00777
1.00777
1.00777
1.00777
1.00777
1.00777
1.00777
1.00777
1.00777
1.00777
1.00777
1.00777
1.00777
1.00777
1.00777
1.00777
1.00777
1.00777
1.00777
1.00777
1.00777
1.00777
1.00777
1.00777
1.00777
1.00777
1.00777
1.00777
1.00777
1.00777
1.00777
1.00777
1.00777
1.00777
1.00777
1.00777
1.00777
1.00777
1.00777
1.00777
1.00777
1.00777
1.00777
1.00777
1.00777
1.00777
1.00777
1.00777
1.00777
1.00777
1.00777
1.00777
1.00777
1.00777
1.00777
1.00777
1.00777
1.00777
1.00777
1.00777
1.00777
1.00777
1.00777
1.00777
1.00777
1.00777
1.00777
1.00777
1.00777
1.00777
1.00777
1.00777
1.00777
1.00777
1.00777
1.00777
1.00777
1.00777
1.00777
1.00777
1.00777
1.00777
1.00777
1.00777
1.00777
1.00777
1.00777
1.00777
1.00777
1.00777
1.00777
1.00777
1.00777
1.00777
1.00777
1.00777
1.00777
1.00777
1.00777
1.00777
1.00777
1.00777
1.00777
1.00777
1.00777
1.00777
1.00777
1.00777
1.00777
1.00777
1.00777
1.00777
1.00777
1.00777
1.00777
1.00777
1.00777
1.00777
