0
0
0
0
3.8147e-06
0.000123978
0.00114441
0.00187111
0.00573349
0.00768852
0.0127907
0.0238476
0.0338001
0.0460396
0.0606785
0.0777454
0.0972366
0.119143
0.143463
0.170197
0.199331
0.230797
0.264387
0.299841
0.336897
0.375309
0.414829
0.455212
0.496222
0.537638
0.579248
0.62085
0.662241
0.703238
0.743668
0.783365
0.822187
0.859997
0.896669
0.932085
0.966131
0.998713
1.02974
1.05915
1.08688
1.11289
1.14858
1.17013
1.18986
1.20778
1.22388
1.23817
1.25064
1.26132
1.27024
1.27748
1.28307
1.28709
1.2896
1.29067
1.29038
1.2888
1.28601
1.28208
1.27421
1.2711
1.26046
1.25651
1.24806
1.23416
1.22421
1.2138
1.20299
1.19187
1.18052
1.16901
1.1574
1.14574
1.13409
1.12246
1.1109
1.09946
1.08817
1.07165
1.06096
1.05056
1.0405
1.03081
1.01702
1.00839
1.00021
0.992514
0.985306
0.978601
0.972383
0.966646
0.961397
0.956636
0.952364
0.948574
0.945259
0.941158
0.938993
0.937267
0.935966
0.935076
0.934584
0.934469
0.934721
0.935314
0.93623
0.937447
0.938946
0.940701
0.942696
0.944906
0.947309
0.949888
0.954037
0.955482
0.959984
0.961529
0.964672
0.967869
0.971098
0.974348
0.977598
0.982452
0.985653
0.987236
0.990364
0.993429
0.996414
1.00073
1.00212
1.00612
1.00866
1.00989
1.01337
1.01553
1.01755
1.01943
1.02117
1.02278
1.02424
1.02555
1.02673
1.02777
1.02867
1.02943
1.03007
1.03058
1.03097
1.03123
1.03139
1.03144
1.03138
1.03123
1.03083
1.03066
1.03001
1.02976
1.0292
1.02825
1.02755
1.02679
1.02599
1.02557
1.02428
1.02338
1.02246
1.02152
1.02058
1.01963
1.01867
1.01772
1.01677
1.01584
1.01493
1.01403
1.01315
1.01272
1.01107
1.01029
1.00954
1.00883
1.00815
1.00751
1.0069
1.00634
1.00581
1.00532
1.00487
1.00446
1.0041
1.00362
1.00348
1.00323
1.00302
1.00284
1.00265
1.00256
1.00251
1.00249
1.0025
1.00254
1.00261
1.0027
1.00282
1.00296
1.00312
1.0033
1.00349
1.00371
1.00393
1.00417
1.00442
1.00468
1.00494
1.00522
1.00549
1.0059
1.00618
1.00645
1.00673
1.007
1.00727
1.00753
1.00779
1.00805
1.00829
1.00852
1.00875
1.00897
1.00918
1.00937
1.00956
1.00973
1.00989
1.01011
1.01018
1.01031
1.01042
1.01053
1.01062
1.01069
1.01079
1.01082
1.01086
1.01091
1.01092
1.01094
1.01094
1.01093
1.01091
1.01088
1.01085
1.0108
1.01076
1.0107
1.01064
1.01058
1.01051
1.01044
1.01036
1.01028
1.01021
1.01009
1.01004
1.00995
1.00986
1.00972
1.00968
1.00955
1.00951
1.00943
1.00936
1.00924
1.00917
1.00913
1.00902
1.00896
1.0089
1.00884
1.00878
1.00873
1.00868
1.00863
1.00859
1.00855
1.00852
1.00849
1.00846
1.00843
1.00842
1.0084
1.00839
1.00837
1.00836
1.00836
1.00836
1.00836
1.00836
1.00836
1.00838
1.0084
1.00841
1.00842
1.00844
1.00846
1.00847
1.00848
1.0085
1.00852
1.00854
1.00858
1.00861
1.00864
1.00867
1.0087
1.00873
1.00876
1.00879
1.00882
1.00885
1.00887
1.00888
1.00891
1.00891
1.00893
1.00894
1.00896
1.00898
1.009
1.009
1.00902
1.00904
1.00906
1.00907
1.00909
1.00909
1.00909
1.00909
1.00909
1.00909
1.00909
1.00909
1.00909
1.00909
1.00909
1.00909
1.00909
1.00909
1.00909
1.00909
1.00909
1.00909
1.00909
1.00909
1.00909
1.00909
1.00909
1.00909
1.00909
1.00908
1.00907
1.00905
1.00903
1.00902
1.009
1.00899
1.00897
1.00896
1.00894
1.00892
1.00891
1.0089
1.0089
1.0089
1.0089
1.0089
1.0089
1.0089
1.0089
1.0089
1.0089
1.0089
1.0089
1.0089
1.0089
1.0089
1.0089
1.0089
1.0089
1.0089
1.0089
1.0089
1.0089
1.0089
1.0089
1.0089
1.0089
1.0089
1.0089
1.0089
1.0089
1.0089
1.0089
1.0089
1.0089
1.0089
1.0089
1.0089
1.0089
1.0089
1.0089
1.0089
1.0089
1.0089
1.0089
1.0089
1.0089
1.0089
1.0089
1.0089
1.0089
1.0089
1.0089
1.0089
1.0089
1.0089
1.0089
1.0089
1.0089
1.0089
1.0089
1.0089
1.0089
1.0089
1.0089
1.0089
1.0089
1.0089
1.0089
1.0089
1.0089
1.0089
1.0089
1.0089
1.0089
1.0089
1.0089
1.0089
1.0089
1.0089
1.0089
1.0089
1.0089
1.0089
1.0089
1.0089
1.0089
1.0089
1.0089
1.0089
1.0089
1.0089
1.0089
1.0089
1.0089
1.0089
1.0089
1.0089
1.0089
1.0089
1.0089
1.0089
1.0089
1.0089
1.0089
1.0089
1.0089
1.0089
1.0089
1.0089
1.0089
1.0089
1.0089
1.0089
1.0089
1.0089
1.0089
1.0089
1.0089
1.0089
1.0089
1.0089
1.0089
1.0089
1.0089
1.0089
1.0089
1.0089
1.0089
1.0089
1.0089
1.0089
1.0089
1.0089
1.0089
1.0089
1.0089
1.0089
1.0089
1.0089
1.0089
1.0089
1.0089
1.0089
1.0089
1.0089
1.0089
1.0089
1.0089
1.0089
1.0089
1.0089
1.0089
1.0089
1.0089
1.0089
1.0089
1.0089
1.0089
1.0089
1.0089
1.0089
1.0089
1.0089
1.0089
1.0089
1.0089
1.0089
1.0089
1.0089
1.0089
1.0089
1.0089
1.0089
1.0089
1.0089
1.0089
1.0089
1.0089
1.0089
1.0089
1.0089
1.0089
1.0089
1.0089
1.0089
1.0089
1.0089
1.0089
1.0089
1.0089
1.0089
1.0089
1.0089
1.0089
1.0089
1.0089
1.0089
1.0089
1.0089
1.0089
1.0089
1.0089
1.0089
1.0089
1.0089
1.0089
1.0089
1.0089
1.0089
1.0089
1.0089
1.0089
1.0089
1.0089
1.0089
1.0089
1.0089
1.0089
1.0089
1.0089
1.0089
1.0089
1.0089
1.0089
1.0089
1.0089
1.0089
1.0089
1.0089
1.0089
1.0089
1.0089
1.0089
1.0089
1.0089
1.0089
1.0089
1.0089
1.0089
1.0089
1.0089
1.0089
1.0089
1.0089
1.0089
1.0089
1.0089
1.0089
1.0089
1.0089
1.0089
1.0089
1.0089
1.0089
1.0089
1.0089
1.0089
1.0089
1.0089
1.0089
1.0089
1.0089
1.0089
1.0089
1.0089
1.0089
1.0089
1.0089
1.0089
1.0089
1.0089
1.0089
1.0089
1.0089
1.0089
1.0089
1.0089
1.0089
1.0089
1.0089
1.0089
1.0089
1.0089
1.0089
1.0089
1.0089
1.0089
1.0089
1.0089
1.0089
1.0089
1.0089
1.0089
1.0089
1.0089
1.0089
1.0089
1.0089
1.0089
1.0089
1.0089
1.0089
1.0089
1.0089
1.0089
1.0089
1.0089
1.0089
1.0089
1.0089
1.0089
1.0089
1.0089
1.0089
1.0089
1.0089
1.0089
1.0089
1.0089
1.0089
1.0089
1.0089
1.0089
1.0089
1.0089
1.0089
1.0089
1.0089
1.0089
1.0089
1.0089
1.0089
1.0089
1.0089
1.0089
1.0089
1.0089
1.0089
1.0089
1.0089
1.0089
1.0089
1.0089
1.0089
1.0089
1.0089
1.0089
1.0089
1.0089
1.0089
1.0089
1.0089
1.0089
1.0089
1.0089
1.0089
1.0089
1.0089
1.0089
1.0089
1.0089
1.0089
1.0089
1.0089
1.0089
1.0089
1.0089
1.0089
1.0089
1.0089
1.0089
1.0089
1.0089
1.0089
1.0089
1.0089
1.0089
1.0089
1.0089
1.0089
1.0089
1.0089
1.0089
1.0089
1.0089
1.0089
1.0089
1.0089
1.0089
1.0089
1.0089
1.0089
1.0089
1.0089
1.0089
1.0089
1.0089
1.0089
1.0089
1.0089
1.0089
1.0089
1.0089
1.0089
1.0089
1.0089
1.0089
1.0089
1.0089
1.0089
1.0089
1.0089
1.0089
1.0089
1.0089
1.0089
1.0089
1.0089
1.0089
1.0089
1.0089
1.0089
1.0089
1.0089
1.0089
1.0089
1.0089
1.0089
1.0089
1.0089
1.0089
1.0089
1.0089
1.0089
1.0089
1.0089
1.0089
1.0089
1.0089
1.0089
1.0089
1.0089
1.0089
1.0089
1.0089
1.0089
1.0089
1.0089
1.0089
1.0089
1.0089
1.0089
1.0089
1.0089
1.0089
1.0089
1.0089
1.0089
1.0089
1.0089
1.0089
1.0089
1.0089
1.0089
1.0089
1.0089
1.0089
1.0089
1.0089
1.0089
1.0089
1.0089
1.0089
1.0089
1.0089
1.0089
1.0089
1.0089
1.0089
1.0089
1.0089
1.0089
1.0089
1.0089
1.0089
1.0089
1.0089
1.0089
1.0089
1.0089
1.0089
1.0089
1.0089
1.0089
1.0089
1.0089
1.0089
1.0089
1.0089
1.0089
1.0089
1.0089
1.0089
1.0089
1.0089
1.0089
1.0089
1.0089
1.0089
1.0089
1.0089
1.0089
1.0089
1.0089
1.0089
1.0089
1.0089
1.0089
1.0089
1.0089
1.0089
1.0089
1.0089
1.0089
1.0089
1.0089
1.0089
1.0089
1.0089
1.0089
1.0089
1.0089
1.0089
1.0089
1.0089
1.0089
1.0089
1.0089
1.0089
1.0089
1.0089
1.0089
1.0089
1.0089
1.0089
1.0089
1.0089
1.0089
1.0089
1.0089
1.0089
1.0089
1.0089
1.0089
1.0089
1.0089
1.0089
1.0089
1.0089
1.0089
1.0089
1.0089
1.0089
1.0089
1.0089
1.0089
1.0089
1.0089
1.0089
1.0089
1.0089
1.0089
1.0089
1.0089
1.0089
1.0089
1.0089
1.0089
1.0089
1.0089
1.0089
1.0089
1.0089
1.0089
1.0089
1.0089
1.0089
1.0089
1.0089
1.0089
1.0089
1.0089
1.0089
1.0089
1.0089
1.0089
1.0089
1.0089
1.0089
1.0089
1.0089
1.0089
1.0089
1.0089
1.0089
1.0089
1.0089
1.0089
1.0089
1.0089
1.0089
1.0089
1.0089
1.0089
1.0089
1.0089
1.0089
1.0089
1.0089
1.0089
1.0089
1.0089
1.0089
1.0089
