0
0
0
0
0
3.24249e-05
0.000305176
0.00186729
0.00285149
0.0076828
0.010025
0.0196648
0.0285435
0.0396194
0.053051
0.0689049
0.087183
0.107882
0.130995
0.156523
0.184462
0.214806
0.247524
0.282471
0.319372
0.357943
0.397907
0.438995
0.48094
0.523476
0.566362
0.609369
0.652269
0.694845
0.736895
0.778233
0.838537
0.87738
0.914967
0.951159
0.985842
1.01886
1.05013
1.07966
1.10737
1.13314
1.15694
1.17883
1.19883
1.21695
1.23317
1.2475
1.25996
1.27057
1.27937
1.2864
1.29171
1.29535
1.2974
1.29793
1.29469
1.29109
1.28628
1.28034
1.27334
1.26538
1.25654
1.2469
1.23656
1.22559
1.21409
1.20215
1.18984
1.17725
1.16446
1.15154
1.13855
1.12556
1.11264
1.09983
1.0872
1.0748
1.05674
1.05088
1.03945
1.02843
1.01784
1.00773
0.998138
0.984739
0.980543
0.968796
0.961679
0.955147
0.949209
0.943869
0.939123
0.934975
0.931412
0.928425
0.925999
0.924116
0.922758
0.921904
0.92153
0.921635
0.922594
0.92374
0.925259
0.927128
0.929317
0.931803
0.934549
0.937536
0.940739
0.944132
0.947691
0.951391
0.955212
0.959127
0.96311
0.96714
0.971195
0.975254
0.98131
0.985296
0.98922
0.993065
0.996819
1.00046
1.00397
1.00734
1.01056
1.01362
1.01651
1.01922
1.02175
1.0252
1.02727
1.02914
1.03082
1.03231
1.03361
1.03472
1.03564
1.03639
1.03697
1.03739
1.03765
1.03777
1.03767
1.03757
1.03708
1.03659
1.036
1.03531
1.03452
1.03364
1.03268
1.03165
1.03056
1.02941
1.02822
1.02698
1.02572
1.02444
1.02314
1.02183
1.02051
1.01856
1.01727
1.016
1.01476
1.01354
1.01179
1.01123
1.01013
1.00907
1.00757
1.00664
1.00575
1.00492
1.00415
1.00343
1.00277
1.00218
1.00164
1.00116
1.00055
1.00022
0.999941
0.99972
0.999554
0.999439
0.999374
0.999357
0.999386
0.999456
0.999567
0.999718
0.999903
1.00012
1.00037
1.00065
1.00095
1.00145
1.00162
1.00217
1.00256
1.00295
1.00336
1.00377
1.00418
1.00459
1.00501
1.00542
1.00583
1.00623
1.00662
1.007
1.00737
1.00773
1.00824
1.0084
1.00871
1.00901
1.00929
1.00968
1.0098
1.01002
1.01033
1.01042
1.01066
1.0108
1.01092
1.01103
1.01111
1.01118
1.01123
1.01126
1.01128
1.01128
1.01127
1.01124
1.0112
1.01115
1.01109
1.01102
1.01094
1.01085
1.01075
1.01064
1.01053
1.01041
1.01029
1.01016
1.01004
1.0099
1.00976
1.00962
1.00949
1.00928
1.00914
1.00908
1.00889
1.00877
1.00865
1.00852
1.00842
1.00831
1.0082
1.00807
1.00797
1.0079
1.00782
1.00775
1.00769
1.00763
1.00758
1.00753
1.00749
1.00746
1.00743
1.00741
1.0074
1.00738
1.00738
1.00738
1.00738
1.00739
1.0074
1.00743
1.00743
1.00746
1.00751
1.00752
1.00757
1.0076
1.00763
1.00768
1.00772
1.00777
1.00782
1.00786
1.00791
1.00798
1.008
1.00807
1.00809
1.00816
1.00821
1.00825
1.00828
1.00831
1.00834
1.00838
1.00841
1.00844
1.00847
1.0085
1.00852
1.00854
1.00855
1.00857
1.00858
1.0086
1.00861
1.00863
1.00863
1.00863
1.00863
1.00863
1.00863
1.00863
1.00863
1.00863
1.00863
1.00863
1.00863
1.00861
1.0086
1.00858
1.00857
1.00855
1.00854
1.00852
1.0085
1.00849
1.00847
1.00845
1.00844
1.00842
1.00841
1.00839
1.00838
1.00836
1.00834
1.00833
1.00831
1.0083
1.00828
1.00827
1.00825
1.00824
1.00824
1.00824
1.00824
1.00824
1.00824
1.00824
1.00824
1.00824
1.00824
1.00824
1.00824
1.00824
1.00824
1.00824
1.00824
1.00824
1.00824
1.00824
1.00824
1.00824
1.00824
1.00824
1.00824
1.00824
1.00824
1.00824
1.00824
1.00824
1.00824
1.00824
1.00824
1.00824
1.00824
1.00824
1.00824
1.00824
1.00824
1.00824
1.00824
1.00824
1.00824
1.00824
1.00824
1.00824
1.00824
1.00824
1.00824
1.00824
1.00824
1.00824
1.00824
1.00824
1.00824
1.00824
1.00824
1.00824
1.00824
1.00824
1.00824
1.00824
1.00824
1.00824
1.00824
1.00824
1.00824
1.00824
1.00824
1.00824
1.00824
1.00824
1.00824
1.00824
1.00824
1.00824
1.00824
1.00824
1.00824
1.00824
1.00824
1.00824
1.00824
1.00824
1.00824
1.00824
1.00824
1.00824
1.00824
1.00824
1.00824
1.00824
1.00824
1.00824
1.00824
1.00824
1.00824
1.00824
1.00824
1.00824
1.00824
1.00824
1.00824
1.00824
1.00824
1.00824
1.00824
1.00824
1.00824
1.00824
1.00824
1.00824
1.00824
1.00824
1.00824
1.00824
1.00824
1.00824
1.00824
1.00824
1.00824
1.00824
1.00824
1.00824
1.00824
1.00824
1.00824
1.00824
1.00824
1.00824
1.00824
1.00824
1.00824
1.00824
1.00824
1.00824
1.00824
1.00824
1.00824
1.00824
1.00824
1.00824
1.00824
1.00824
1.00824
1.00824
1.00824
1.00824
1.00824
1.00824
1.00824
1.00824
1.00824
1.00824
1.00824
1.00824
1.00824
1.00824
1.00824
1.00824
1.00824
1.00824
1.00824
1.00824
1.00824
1.00824
1.00824
1.00824
1.00824
1.00824
1.00824
1.00824
1.00824
1.00824
1.00824
1.00824
1.00824
1.00824
1.00824
1.00824
1.00824
1.00824
1.00824
1.00824
1.00824
1.00824
1.00824
1.00824
1.00824
1.00824
1.00824
1.00824
1.00824
1.00824
1.00824
1.00824
1.00824
1.00824
1.00824
1.00824
1.00824
1.00824
1.00824
1.00824
1.00824
1.00824
1.00824
1.00824
1.00824
1.00824
1.00824
1.00824
1.00824
1.00824
1.00824
1.00824
1.00824
1.00824
1.00824
1.00824
1.00824
1.00824
1.00824
1.00824
1.00824
1.00824
1.00824
1.00824
1.00824
1.00824
1.00824
1.00824
1.00824
1.00824
1.00824
1.00824
1.00824
1.00824
1.00824
1.00824
1.00824
1.00824
1.00824
1.00824
1.00824
1.00824
1.00824
1.00824
1.00824
1.00824
1.00824
1.00824
1.00824
1.00824
1.00824
1.00824
1.00824
1.00824
1.00824
1.00824
1.00824
1.00824
1.00824
1.00824
1.00824
1.00824
1.00824
1.00824
1.00824
1.00824
1.00824
1.00824
1.00824
1.00824
1.00824
1.00824
1.00824
1.00824
1.00824
1.00824
1.00824
1.00824
1.00824
1.00824
1.00824
1.00824
1.00824
1.00824
1.00824
1.00824
1.00824
1.00824
1.00824
1.00824
1.00824
1.00824
1.00824
1.00824
1.00824
1.00824
1.00824
1.00824
1.00824
1.00824
1.00824
1.00824
1.00824
1.00824
1.00824
1.00824
1.00824
1.00824
1.00824
1.00824
1.00824
1.00824
1.00824
1.00824
1.00824
1.00824
1.00824
1.00824
1.00824
1.00824
1.00824
1.00824
1.00824
1.00824
1.00824
1.00824
1.00824
1.00824
1.00824
1.00824
1.00824
1.00824
1.00824
1.00824
1.00824
1.00824
1.00824
1.00824
1.00824
1.00824
1.00824
1.00824
1.00824
1.00824
1.00824
1.00824
1.00824
1.00824
1.00824
1.00824
1.00824
1.00824
1.00824
1.00824
1.00824
1.00824
1.00824
1.00824
1.00824
1.00824
1.00824
1.00824
1.00824
1.00824
1.00824
1.00824
1.00824
1.00824
1.00824
1.00824
1.00824
1.00824
1.00824
1.00824
1.00824
1.00824
1.00824
1.00824
1.00824
1.00824
1.00824
1.00824
1.00824
1.00824
1.00824
1.00824
1.00824
1.00824
1.00824
1.00824
1.00824
1.00824
1.00824
1.00824
1.00824
1.00824
1.00824
1.00824
1.00824
1.00824
1.00824
1.00824
1.00824
1.00824
1.00824
1.00824
1.00824
1.00824
1.00824
1.00824
1.00824
1.00824
1.00824
1.00824
1.00824
1.00824
1.00824
1.00824
1.00824
1.00824
1.00824
1.00824
1.00824
1.00824
1.00824
1.00824
1.00824
1.00824
1.00824
1.00824
1.00824
1.00824
1.00824
1.00824
1.00824
1.00824
1.00824
1.00824
1.00824
1.00824
1.00824
1.00824
1.00824
1.00824
1.00824
1.00824
1.00824
1.00824
1.00824
1.00824
1.00824
1.00824
1.00824
1.00824
1.00824
1.00824
1.00824
1.00824
1.00824
1.00824
1.00824
1.00824
1.00824
1.00824
1.00824
1.00824
1.00824
1.00824
1.00824
1.00824
1.00824
1.00824
1.00824
1.00824
1.00824
1.00824
1.00824
1.00824
1.00824
1.00824
1.00824
1.00824
1.00824
1.00824
1.00824
1.00824
1.00824
1.00824
1.00824
1.00824
1.00824
1.00824
1.00824
1.00824
1.00824
1.00824
1.00824
1.00824
1.00824
1.00824
1.00824
1.00824
1.00824
1.00824
1.00824
1.00824
1.00824
1.00824
1.00824
1.00824
1.00824
1.00824
1.00824
1.00824
1.00824
1.00824
1.00824
1.00824
1.00824
1.00824
1.00824
1.00824
1.00824
1.00824
1.00824
1.00824
1.00824
1.00824
1.00824
1.00824
1.00824
1.00824
1.00824
1.00824
1.00824
1.00824
1.00824
1.00824
1.00824
1.00824
1.00824
1.00824
1.00824
1.00824
1.00824
1.00824
1.00824
1.00824
1.00824
1.00824
1.00824
1.00824
1.00824
1.00824
1.00824
1.00824
1.00824
1.00824
1.00824
1.00824
1.00824
1.00824
1.00824
1.00824
1.00824
1.00824
1.00824
1.00824
1.00824
1.00824
1.00824
1.00824
1.00824
1.00824
1.00824
1.00824
1.00824
1.00824
1.00824
1.00824
1.00824
1.00824
1.00824
1.00824
1.00824
1.00824
1.00824
1.00824
1.00824
1.00824
1.00824
1.00824
1.00824
1.00824
1.00824
1.00824
1.00824
1.00824
1.00824
1.00824
1.00824
1.00824
1.00824
1.00824
1.00824
1.00824
1.00824
1.00824
1.00824
1.00824
1.00824
1.00824
1.00824
1.00824
1.00824
1.00824
1.00824
1.00824
1.00824
1.00824
1.00824
1.00824
1.00824
1.00824
1.00824
1.00824
1.00824
1.00824
1.00824
1.00824
1.00824
1.00824
1.00824
1.00824
