0
0
0
0
3.43323e-05
0.000307083
0.0011425
0.0028553
0.00573158
0.0100288
0.0159912
0.0238457
0.0337982
0.0460377
0.0606766
0.0777435
0.0972347
0.119141
0.156527
0.184465
0.214804
0.247435
0.282127
0.318607
0.356581
0.395777
0.43594
0.497465
0.538994
0.580683
0.622316
0.663692
0.704575
0.744749
0.784086
0.82255
0.860058
0.896475
0.948788
0.981956
1.01365
1.04377
1.07227
1.09906
1.12405
1.1472
1.1685
1.18793
1.20551
1.22124
1.23513
1.24723
1.25756
1.26616
1.27309
1.27839
1.28345
1.2844
1.28514
1.28398
1.28294
1.27803
1.27338
1.26772
1.26114
1.2537
1.24551
1.23663
1.22715
1.21714
1.20667
1.19582
1.17894
1.16741
1.15572
1.14394
1.13213
1.12035
1.10287
1.09713
1.08578
1.07466
1.05852
1.04818
1.0382
1.02861
1.01943
1.01071
1.00245
0.994654
0.987339
0.980499
0.974136
0.965508
0.962875
0.957977
0.953568
0.947859
0.946196
0.943232
0.940733
0.937828
0.936438
0.935469
0.9349
0.934719
0.934769
0.935444
0.936312
0.937487
0.938951
0.940683
0.942661
0.94486
0.947262
0.949841
0.952578
0.955454
0.958447
0.963108
0.964699
0.967924
0.97283
0.976126
0.97941
0.981047
0.985912
0.989094
0.992212
0.995258
0.998226
1.00111
1.00389
1.00658
1.00915
1.01161
1.01395
1.01615
1.01823
1.02017
1.02283
1.02442
1.02587
1.02718
1.02834
1.02936
1.03024
1.03099
1.03184
1.03206
1.03253
1.03269
1.03272
1.03266
1.03249
1.03221
1.03184
1.03138
1.03085
1.03023
1.02955
1.02881
1.02802
1.02717
1.02628
1.02535
1.02439
1.0234
1.0224
1.02138
1.02036
1.01932
1.01828
1.01725
1.01623
1.01523
1.01424
1.01328
1.01234
1.01143
1.01055
1.0097
1.00889
1.00812
1.00739
1.00636
1.00605
1.00515
1.00461
1.00436
1.00389
1.00346
1.0029
1.00274
1.00232
1.0021
1.00191
1.00177
1.00166
1.0016
1.00157
1.00158
1.00162
1.00169
1.00179
1.00192
1.00208
1.00226
1.00246
1.00269
1.00293
1.00318
1.00359
1.00373
1.00402
1.00448
1.00479
1.0051
1.00542
1.00558
1.0059
1.00621
1.00666
1.00697
1.00726
1.00755
1.00783
1.0081
1.00836
1.00861
1.00885
1.00908
1.00929
1.00949
1.00968
1.00986
1.01003
1.01018
1.01032
1.01044
1.01061
1.01065
1.01078
1.01084
1.01089
1.01094
1.01097
1.01098
1.01099
1.01099
1.01097
1.01095
1.01092
1.01087
1.01083
1.01074
1.01068
1.0106
1.01052
1.01045
1.01036
1.01027
1.01018
1.01004
1.01
1.0099
1.00977
1.00968
1.00958
1.00949
1.0094
1.00931
1.00922
1.00913
1.009
1.00892
1.00884
1.00877
1.00869
1.00863
1.00857
1.00851
1.00845
1.0084
1.00836
1.00831
1.00827
1.00824
1.00821
1.00818
1.00816
1.00814
1.00813
1.00811
1.00811
1.00811
1.00811
1.00811
1.00811
1.00813
1.00813
1.00816
1.00817
1.00819
1.0082
1.00822
1.00825
1.00828
1.00831
1.00834
1.00837
1.0084
1.00845
1.00846
1.00851
1.00854
1.00857
1.0086
1.00863
1.00866
1.00869
1.00872
1.00875
1.00878
1.0088
1.00881
1.00883
1.00884
1.00886
1.00887
1.00889
1.0089
1.00892
1.00893
1.00895
1.00896
1.00897
1.00897
1.00897
1.00897
1.00897
1.00897
1.00897
1.00897
1.00897
1.00897
1.00897
1.00897
1.00897
1.00897
1.00897
1.00897
1.00897
1.00897
1.00895
1.00894
1.00892
1.00891
1.00888
1.00888
1.00885
1.00884
1.00882
1.00881
1.00879
1.00878
1.00876
1.00875
1.00873
1.00873
1.00873
1.00873
1.00873
1.00873
1.00873
1.00873
1.00873
1.00873
1.00873
1.00873
1.00873
1.00873
1.00873
1.00873
1.00873
1.00873
1.00873
1.00873
1.00873
1.00873
1.00873
1.00873
1.00873
1.00873
1.00873
1.00873
1.00873
1.00873
1.00873
1.00873
1.00873
1.00873
1.00873
1.00873
1.00873
1.00873
1.00873
1.00873
1.00873
1.00873
1.00873
1.00873
1.00873
1.00873
1.00873
1.00873
1.00873
1.00873
1.00873
1.00873
1.00873
1.00873
1.00873
1.00873
1.00873
1.00873
1.00873
1.00873
1.00873
1.00873
1.00873
1.00873
1.00873
1.00873
1.00873
1.00873
1.00873
1.00873
1.00873
1.00873
1.00873
1.00873
1.00873
1.00873
1.00873
1.00873
1.00873
1.00873
1.00873
1.00873
1.00873
1.00873
1.00873
1.00873
1.00873
1.00873
1.00873
1.00873
1.00873
1.00873
1.00873
1.00873
1.00873
1.00873
1.00873
1.00873
1.00873
1.00873
1.00873
1.00873
1.00873
1.00873
1.00873
1.00873
1.00873
1.00873
1.00873
1.00873
1.00873
1.00873
1.00873
1.00873
1.00873
1.00873
1.00873
1.00873
1.00873
1.00873
1.00873
1.00873
1.00873
1.00873
1.00873
1.00873
1.00873
1.00873
1.00873
1.00873
1.00873
1.00873
1.00873
1.00873
1.00873
1.00873
1.00873
1.00873
1.00873
1.00873
1.00873
1.00873
1.00873
1.00873
1.00873
1.00873
1.00873
1.00873
1.00873
1.00873
1.00873
1.00873
1.00873
1.00873
1.00873
1.00873
1.00873
1.00873
1.00873
1.00873
1.00873
1.00873
1.00873
1.00873
1.00873
1.00873
1.00873
1.00873
1.00873
1.00873
1.00873
1.00873
1.00873
1.00873
1.00873
1.00873
1.00873
1.00873
1.00873
1.00873
1.00873
1.00873
1.00873
1.00873
1.00873
1.00873
1.00873
1.00873
1.00873
1.00873
1.00873
1.00873
1.00873
1.00873
1.00873
1.00873
1.00873
1.00873
1.00873
1.00873
1.00873
1.00873
1.00873
1.00873
1.00873
1.00873
1.00873
1.00873
1.00873
1.00873
1.00873
1.00873
1.00873
1.00873
1.00873
1.00873
1.00873
1.00873
1.00873
1.00873
1.00873
1.00873
1.00873
1.00873
1.00873
1.00873
1.00873
1.00873
1.00873
1.00873
1.00873
1.00873
1.00873
1.00873
1.00873
1.00873
1.00873
1.00873
1.00873
1.00873
1.00873
1.00873
1.00873
1.00873
1.00873
1.00873
1.00873
1.00873
1.00873
1.00873
1.00873
1.00873
1.00873
1.00873
1.00873
1.00873
1.00873
1.00873
1.00873
1.00873
1.00873
1.00873
1.00873
1.00873
1.00873
1.00873
1.00873
1.00873
1.00873
1.00873
1.00873
1.00873
1.00873
1.00873
1.00873
1.00873
1.00873
1.00873
1.00873
1.00873
1.00873
1.00873
1.00873
1.00873
1.00873
1.00873
1.00873
1.00873
1.00873
1.00873
1.00873
1.00873
1.00873
1.00873
1.00873
1.00873
1.00873
1.00873
1.00873
1.00873
1.00873
1.00873
1.00873
1.00873
1.00873
1.00873
1.00873
1.00873
1.00873
1.00873
1.00873
1.00873
1.00873
1.00873
1.00873
1.00873
1.00873
1.00873
1.00873
1.00873
1.00873
1.00873
1.00873
1.00873
1.00873
1.00873
1.00873
1.00873
1.00873
1.00873
1.00873
1.00873
1.00873
1.00873
1.00873
1.00873
1.00873
1.00873
1.00873
1.00873
1.00873
1.00873
1.00873
1.00873
1.00873
1.00873
1.00873
1.00873
1.00873
1.00873
1.00873
1.00873
1.00873
1.00873
1.00873
1.00873
1.00873
1.00873
1.00873
1.00873
1.00873
1.00873
1.00873
1.00873
1.00873
1.00873
1.00873
1.00873
1.00873
1.00873
1.00873
1.00873
1.00873
1.00873
1.00873
1.00873
1.00873
1.00873
1.00873
1.00873
1.00873
1.00873
1.00873
1.00873
1.00873
1.00873
1.00873
1.00873
1.00873
1.00873
1.00873
1.00873
1.00873
1.00873
1.00873
1.00873
1.00873
1.00873
1.00873
1.00873
1.00873
1.00873
1.00873
1.00873
1.00873
1.00873
1.00873
1.00873
1.00873
1.00873
1.00873
1.00873
1.00873
1.00873
1.00873
1.00873
1.00873
1.00873
1.00873
1.00873
1.00873
1.00873
1.00873
1.00873
1.00873
1.00873
1.00873
1.00873
1.00873
1.00873
1.00873
1.00873
1.00873
1.00873
1.00873
1.00873
1.00873
1.00873
1.00873
1.00873
1.00873
1.00873
1.00873
1.00873
1.00873
1.00873
1.00873
1.00873
1.00873
1.00873
1.00873
1.00873
1.00873
1.00873
1.00873
1.00873
1.00873
1.00873
1.00873
1.00873
1.00873
1.00873
1.00873
1.00873
1.00873
1.00873
1.00873
1.00873
1.00873
1.00873
1.00873
1.00873
1.00873
1.00873
1.00873
1.00873
1.00873
1.00873
1.00873
1.00873
1.00873
1.00873
1.00873
1.00873
1.00873
1.00873
1.00873
1.00873
1.00873
1.00873
1.00873
1.00873
1.00873
1.00873
1.00873
1.00873
1.00873
1.00873
1.00873
1.00873
1.00873
1.00873
1.00873
1.00873
1.00873
1.00873
1.00873
1.00873
1.00873
1.00873
1.00873
1.00873
1.00873
1.00873
1.00873
1.00873
1.00873
1.00873
1.00873
1.00873
1.00873
1.00873
1.00873
1.00873
1.00873
1.00873
1.00873
1.00873
1.00873
1.00873
1.00873
1.00873
1.00873
1.00873
1.00873
1.00873
1.00873
1.00873
1.00873
1.00873
1.00873
1.00873
1.00873
1.00873
1.00873
1.00873
1.00873
1.00873
1.00873
1.00873
1.00873
1.00873
1.00873
1.00873
1.00873
1.00873
1.00873
1.00873
1.00873
1.00873
1.00873
1.00873
1.00873
1.00873
1.00873
1.00873
1.00873
1.00873
1.00873
1.00873
1.00873
1.00873
1.00873
1.00873
1.00873
1.00873
1.00873
1.00873
1.00873
1.00873
1.00873
1.00873
1.00873
1.00873
1.00873
1.00873
1.00873
1.00873
1.00873
1.00873
1.00873
1.00873
1.00873
1.00873
1.00873
1.00873
1.00873
1.00873
1.00873
1.00873
1.00873
1.00873
1.00873
1.00873
1.00873
1.00873
1.00873
1.00873
1.00873
1.00873
1.00873
1.00873
1.00873
1.00873
1.00873
1.00873
1.00873
1.00873
1.00873
1.00873
1.00873
1.00873
1.00873
1.00873
1.00873
1.00873
1.00873
1.00873
1.00873
1.00873
1.00873
1.00873
