0
0
0
0
0
3.43323e-05
0.00030899
0.00114441
0.00285721
0.00573349
0.0100307
0.0159931
0.0238342
0.0392132
0.045248
0.058569
0.0734425
0.098381
0.10733
0.126101
0.145927
0.177397
0.188292
0.210604
0.233536
0.256998
0.29298
0.30514
0.329653
0.366776
0.37921
0.416559
0.441422
0.466194
0.49081
0.515219
0.539362
0.563185
0.586645
0.609713
0.632349
0.654528
0.676222
0.697403
0.718054
0.738155
0.757696
0.776659
0.803995
0.821474
0.838343
0.854601
0.870249
0.885273
0.89967
0.913441
0.926607
0.93919
0.951204
0.962652
0.973543
0.983881
0.993679
1.00738
1.01586
1.02384
1.03132
1.03832
1.04485
1.05091
1.05652
1.06169
1.06644
1.07079
1.07474
1.07832
1.08154
1.08441
1.08811
1.09018
1.09196
1.09346
1.09469
1.09521
1.09641
1.09692
1.09722
1.09731
1.09723
1.09697
1.09655
1.09597
1.09525
1.0944
1.09344
1.09235
1.09116
1.08988
1.08851
1.08707
1.08555
1.08396
1.08232
1.08063
1.07889
1.07712
1.07531
1.07348
1.07163
1.06977
1.0679
1.06602
1.06414
1.06227
1.0604
1.05855
1.05672
1.0549
1.0531
1.05133
1.04959
1.04703
1.04619
1.04374
1.04215
1.04059
1.03908
1.03761
1.03618
1.03479
1.03345
1.03216
1.03091
1.02971
1.02855
1.02744
1.02637
1.02535
1.02437
1.02344
1.02212
1.02171
1.02091
1.02015
1.01908
1.01875
1.01781
1.01751
1.01695
1.01618
1.01571
1.01527
1.01487
1.0145
1.01416
1.01385
1.01357
1.01332
1.01309
1.01289
1.01272
1.01256
1.01243
1.01232
1.01223
1.01213
1.01211
1.01207
1.01205
1.01204
1.01206
1.01207
1.01213
1.01218
1.01224
1.01231
1.01239
1.01248
1.01257
1.01268
1.01278
1.01289
1.01301
1.01314
1.01326
1.01338
1.01351
1.01365
1.01379
1.01392
1.01406
1.0142
1.01434
1.01447
1.01461
1.01475
1.01488
1.01508
1.01514
1.01526
1.01538
1.01551
1.01569
1.0158
1.01586
1.01596
1.01607
1.01618
1.01633
1.01637
1.01647
1.0166
1.01669
1.01677
1.01685
1.01692
1.017
1.01706
1.01712
1.01719
1.01725
1.0173
1.01735
1.0174
1.01744
1.01749
1.01753
1.01758
1.01759
1.01762
1.01767
1.0177
1.01772
1.01773
1.01775
1.01776
1.01778
1.01779
1.01781
1.01782
1.01782
1.01782
1.01782
1.01782
1.01782
1.01782
1.01782
1.01782
1.01782
1.01782
1.01782
1.01781
1.01779
1.01777
1.01776
1.01774
1.01773
1.01771
1.0177
1.01768
1.01767
1.01765
1.01764
1.01762
1.01761
1.01759
1.01758
1.01756
1.01755
1.01753
1.01752
1.0175
1.01748
1.01747
1.01745
1.01744
1.01742
1.0174
1.01739
1.01737
1.01735
1.01734
1.01732
1.0173
1.01729
1.01727
1.01726
1.01724
1.01724
1.01724
1.01724
1.01724
1.01724
1.01724
1.01724
1.01724
1.01724
1.01724
1.01724
1.01724
1.01724
1.01724
1.01724
1.01724
1.01724
1.01724
1.01724
1.01724
1.01724
1.01724
1.01724
1.01724
1.01724
1.01724
1.01724
1.01724
1.01724
1.01724
1.01724
1.01724
1.01724
1.01724
1.01724
1.01724
1.01724
1.01724
1.01724
1.01724
1.01724
1.01724
1.01724
1.01724
1.01724
1.01724
1.01724
1.01724
1.01724
1.01724
1.01724
1.01724
1.01724
1.01724
1.01724
1.01724
1.01724
1.01724
1.01724
1.01724
1.01724
1.01724
1.01724
1.01724
1.01724
1.01724
1.01724
1.01724
1.01724
1.01724
1.01724
1.01724
1.01724
1.01724
1.01724
1.01724
1.01724
1.01724
1.01724
1.01724
1.01724
1.01724
1.01724
1.01724
1.01724
1.01724
1.01724
1.01724
1.01724
1.01724
1.01724
1.01724
1.01724
1.01724
1.01724
1.01724
1.01724
1.01724
1.01724
1.01724
1.01724
1.01724
1.01724
1.01724
1.01724
1.01724
1.01724
1.01724
1.01724
1.01724
1.01724
1.01724
1.01724
1.01724
1.01724
1.01724
1.01724
1.01724
1.01724
1.01724
1.01724
1.01724
1.01724
1.01724
1.01724
1.01724
1.01724
1.01724
1.01724
1.01724
1.01724
1.01724
1.01724
1.01724
1.01724
1.01724
1.01724
1.01724
1.01724
1.01724
1.01724
1.01724
1.01724
1.01724
1.01724
1.01724
1.01724
1.01724
1.01724
1.01724
1.01724
1.01724
1.01724
1.01724
1.01724
1.01724
1.01724
1.01724
1.01724
1.01724
1.01724
1.01724
1.01724
1.01724
1.01724
1.01724
1.01724
1.01724
1.01724
1.01724
1.01724
1.01724
1.01724
1.01724
1.01724
1.01724
1.01724
1.01724
1.01724
1.01724
1.01724
1.01724
1.01724
1.01724
1.01724
1.01724
1.01724
1.01724
1.01724
1.01724
1.01724
1.01724
1.01724
1.01724
1.01724
1.01724
1.01724
1.01724
1.01724
1.01724
1.01724
1.01724
1.01724
1.01724
1.01724
1.01724
1.01724
1.01724
1.01724
1.01724
1.01724
1.01724
1.01724
1.01724
1.01724
1.01724
1.01724
1.01724
1.01724
1.01724
1.01724
1.01724
1.01724
1.01724
1.01724
1.01724
1.01724
1.01724
1.01724
1.01724
1.01724
1.01724
1.01724
1.01724
1.01724
1.01724
1.01724
1.01724
1.01724
1.01724
1.01724
1.01724
1.01724
1.01724
1.01724
1.01724
1.01724
1.01724
1.01724
1.01724
1.01724
1.01724
1.01724
1.01724
1.01724
1.01724
1.01724
1.01724
1.01724
1.01724
1.01724
1.01724
1.01724
1.01724
1.01724
1.01724
1.01724
1.01724
1.01724
1.01724
1.01724
1.01724
1.01724
1.01724
1.01724
1.01724
1.01724
1.01724
1.01724
1.01724
1.01724
1.01724
1.01724
1.01724
1.01724
1.01724
1.01724
1.01724
1.01724
1.01724
1.01724
1.01724
1.01724
1.01724
1.01724
1.01724
1.01724
1.01724
1.01724
1.01724
1.01724
1.01724
1.01724
1.01724
1.01724
1.01724
1.01724
1.01724
1.01724
1.01724
1.01724
1.01724
1.01724
1.01724
1.01724
1.01724
1.01724
1.01724
1.01724
1.01724
1.01724
1.01724
1.01724
1.01724
1.01724
1.01724
1.01724
1.01724
1.01724
1.01724
1.01724
1.01724
1.01724
1.01724
1.01724
1.01724
1.01724
1.01724
1.01724
1.01724
1.01724
1.01724
1.01724
1.01724
1.01724
1.01724
1.01724
1.01724
1.01724
1.01724
1.01724
1.01724
1.01724
1.01724
1.01724
1.01724
1.01724
1.01724
1.01724
1.01724
1.01724
1.01724
1.01724
1.01724
1.01724
1.01724
1.01724
1.01724
1.01724
1.01724
1.01724
1.01724
1.01724
1.01724
1.01724
1.01724
1.01724
1.01724
1.01724
1.01724
1.01724
1.01724
1.01724
1.01724
1.01724
1.01724
1.01724
1.01724
1.01724
1.01724
1.01724
1.01724
1.01724
1.01724
1.01724
1.01724
1.01724
1.01724
1.01724
1.01724
1.01724
1.01724
1.01724
1.01724
1.01724
1.01724
1.01724
1.01724
1.01724
1.01724
1.01724
1.01724
1.01724
1.01724
1.01724
1.01724
1.01724
1.01724
1.01724
1.01724
1.01724
1.01724
1.01724
1.01724
1.01724
1.01724
1.01724
1.01724
1.01724
1.01724
1.01724
1.01724
1.01724
1.01724
1.01724
1.01724
1.01724
1.01724
1.01724
1.01724
1.01724
1.01724
1.01724
1.01724
1.01724
1.01724
1.01724
1.01724
1.01724
1.01724
1.01724
1.01724
1.01724
1.01724
1.01724
1.01724
1.01724
1.01724
1.01724
1.01724
1.01724
1.01724
1.01724
1.01724
1.01724
1.01724
1.01724
1.01724
1.01724
1.01724
1.01724
1.01724
1.01724
1.01724
1.01724
1.01724
1.01724
1.01724
1.01724
1.01724
1.01724
1.01724
1.01724
1.01724
1.01724
1.01724
1.01724
1.01724
1.01724
1.01724
1.01724
1.01724
1.01724
1.01724
1.01724
1.01724
1.01724
1.01724
1.01724
1.01724
1.01724
1.01724
1.01724
1.01724
1.01724
1.01724
1.01724
1.01724
1.01724
1.01724
1.01724
1.01724
1.01724
1.01724
1.01724
1.01724
1.01724
1.01724
1.01724
1.01724
1.01724
1.01724
1.01724
1.01724
1.01724
1.01724
1.01724
1.01724
1.01724
1.01724
1.01724
1.01724
1.01724
1.01724
1.01724
1.01724
1.01724
1.01724
1.01724
1.01724
1.01724
1.01724
1.01724
1.01724
1.01724
1.01724
1.01724
1.01724
1.01724
1.01724
1.01724
1.01724
1.01724
1.01724
1.01724
1.01724
1.01724
1.01724
1.01724
1.01724
1.01724
1.01724
1.01724
1.01724
1.01724
1.01724
1.01724
1.01724
1.01724
1.01724
1.01724
1.01724
1.01724
1.01724
1.01724
1.01724
1.01724
1.01724
1.01724
1.01724
1.01724
1.01724
1.01724
1.01724
1.01724
1.01724
1.01724
1.01724
1.01724
1.01724
1.01724
1.01724
1.01724
1.01724
1.01724
1.01724
1.01724
1.01724
1.01724
1.01724
1.01724
1.01724
1.01724
1.01724
1.01724
1.01724
1.01724
1.01724
1.01724
1.01724
1.01724
1.01724
1.01724
1.01724
1.01724
1.01724
1.01724
1.01724
1.01724
1.01724
1.01724
1.01724
1.01724
1.01724
1.01724
1.01724
1.01724
1.01724
1.01724
1.01724
1.01724
1.01724
1.01724
1.01724
1.01724
1.01724
1.01724
1.01724
1.01724
1.01724
1.01724
1.01724
1.01724
1.01724
1.01724
1.01724
1.01724
1.01724
1.01724
1.01724
1.01724
1.01724
1.01724
1.01724
1.01724
1.01724
1.01724
1.01724
1.01724
1.01724
1.01724
1.01724
1.01724
1.01724
1.01724
1.01724
1.01724
1.01724
1.01724
1.01724
1.01724
1.01724
1.01724
1.01724
1.01724
1.01724
1.01724
1.01724
1.01724
1.01724
1.01724
1.01724
1.01724
1.01724
1.01724
1.01724
1.01724
1.01724
1.01724
1.01724
1.01724
1.01724
1.01724
1.01724
1.01724
1.01724
1.01724
1.01724
1.01724
1.01724
1.01724
1.01724
1.01724
1.01724
1.01724
1.01724
1.01724
1.01724
1.01724
1.01724
1.01724
1.01724
