0
0
0
0
5.72205e-06
0.000123024
0.000634193
0.0018692
0.00413227
0.00769043
0.0127821
0.0234528
0.0324535
0.0428305
0.0544701
0.0672703
0.0811253
0.095932
0.111595
0.128034
0.145172
0.162939
0.181258
0.200057
0.219268
0.23883
0.25868
0.278765
0.299029
0.319426
0.350162
0.360423
0.391184
0.411624
0.421811
0.45218
0.462223
0.492063
0.51167
0.531026
0.550106
0.568893
0.587366
0.6055
0.623282
0.6407
0.657742
0.682579
0.698645
0.714308
0.729564
0.744407
0.758833
0.772854
0.786474
0.799692
0.812508
0.830978
0.836935
0.85421
0.865232
0.875866
0.886109
0.895967
0.905446
0.914547
0.923275
0.931641
0.939651
0.947312
0.954633
0.961622
0.968287
0.974634
0.980673
0.986414
0.994482
0.99703
1.00192
1.00655
1.01092
1.01504
1.01892
1.02256
1.0276
1.02918
1.03217
1.03496
1.03756
1.04112
1.04326
1.04524
1.04706
1.04873
1.05025
1.05162
1.05286
1.05397
1.05495
1.05582
1.05658
1.05723
1.05802
1.05843
1.05874
1.05898
1.05913
1.05921
1.05921
1.05915
1.05902
1.05884
1.0586
1.0583
1.05797
1.05758
1.05715
1.05669
1.05593
1.05538
1.05481
1.05421
1.05359
1.05295
1.0523
1.05128
1.05059
1.04988
1.04917
1.04846
1.04773
1.04701
1.04628
1.04556
1.04483
1.04411
1.04339
1.04268
1.04197
1.04127
1.04058
1.03989
1.03889
1.03855
1.0379
1.03726
1.03631
1.0357
1.0351
1.0348
1.03394
1.03338
1.03283
1.0323
1.03178
1.03128
1.03079
1.03032
1.02985
1.02941
1.02876
1.02835
1.02795
1.02757
1.02719
1.02683
1.02649
1.02615
1.02583
1.02553
1.02523
1.02495
1.02481
1.02442
1.02417
1.02394
1.02371
1.0235
1.0233
1.0231
1.02292
1.02266
1.0225
1.02235
1.02221
1.02208
1.02195
1.02184
1.02173
1.02162
1.02153
1.02144
1.02136
1.02128
1.02121
1.02115
1.02109
1.02104
1.02099
1.02094
1.02091
1.02087
1.02084
1.02081
1.02079
1.02076
1.02075
1.02074
1.02073
1.02072
1.02071
1.02071
1.02071
1.02071
1.02072
1.02073
1.02074
1.02075
1.02076
1.02077
1.02079
1.0208
1.02082
1.02083
1.02085
1.02086
1.02089
1.02091
1.02093
1.02097
1.02099
1.02101
1.02104
1.02106
1.02108
1.0211
1.02113
1.02115
1.02117
1.0212
1.02122
1.02124
1.02127
1.02129
1.02131
1.02133
1.02136
1.02138
1.02139
1.02142
1.02143
1.02144
1.02146
1.02148
1.02149
1.02151
1.02152
1.02154
1.02155
1.02158
1.02159
1.0216
1.02162
1.02164
1.02164
1.02165
1.02166
1.02167
1.02167
1.02168
1.02169
1.0217
1.0217
1.02171
1.02172
1.02173
1.02174
1.02174
1.02175
1.02176
1.02176
1.02178
1.02178
1.02179
1.02179
1.02179
1.02179
1.02179
1.02179
1.02179
1.02179
1.02179
1.02179
1.02179
1.02179
1.02179
1.02179
1.02179
1.02179
1.02179
1.02179
1.02179
1.02179
1.02179
1.02179
1.02179
1.02179
1.02179
1.02179
1.02179
1.02179
1.02179
1.02179
1.02179
1.02179
1.02179
1.02179
1.02179
1.02179
1.02179
1.02179
1.02179
1.02179
1.02179
1.02179
1.02179
1.02179
1.02179
1.02179
1.02179
1.02179
1.02179
1.02179
1.02179
1.02179
1.02179
1.02179
1.02179
1.02179
1.02179
1.02179
1.02179
1.02179
1.02179
1.02179
1.02179
1.02179
1.02179
1.02179
1.02179
1.02179
1.02179
1.02179
1.02179
1.02179
1.02179
1.02179
1.02179
1.02179
1.02179
1.02179
1.02179
1.02179
1.02179
1.02179
1.02179
1.02179
1.02179
1.02179
1.02179
1.02179
1.02179
1.02179
1.02179
1.02179
1.02179
1.02179
1.02179
1.02179
1.02179
1.02179
1.02179
1.02179
1.02179
1.02179
1.02179
1.02179
1.02179
1.02179
1.02179
1.02179
1.02179
1.02179
1.02179
1.02179
1.02179
1.02179
1.02179
1.02179
1.02179
1.02179
1.02179
1.02179
1.02179
1.02179
1.02179
1.02179
1.02179
1.02179
1.02179
1.02179
1.02179
1.02179
1.02179
1.02179
1.02179
1.02179
1.02179
1.02179
1.02179
1.02179
1.02179
1.02179
1.02179
1.02179
1.02179
1.02179
1.02179
1.02179
1.02179
1.02179
1.02179
1.02179
1.02179
1.02179
1.02179
1.02179
1.02179
1.02179
1.02179
1.02179
1.02179
1.02179
1.02179
1.02179
1.02179
1.02179
1.02179
1.02179
1.02179
1.02179
1.02179
1.02179
1.02179
1.02179
1.02179
1.02179
1.02179
1.02179
1.02179
1.02179
1.02179
1.02179
1.02179
1.02179
1.02179
1.02179
1.02179
1.02179
1.02179
1.02179
1.02179
1.02179
1.02179
1.02179
1.02179
1.02179
1.02179
1.02179
1.02179
1.02179
1.02179
1.02179
1.02179
1.02179
1.02179
1.02179
1.02179
1.02179
1.02179
1.02179
1.02179
1.02179
1.02179
1.02179
1.02179
1.02179
1.02179
1.02179
1.02179
1.02179
1.02179
1.02179
1.02179
1.02179
1.02179
1.02179
1.02179
1.02179
1.02179
1.02179
1.02179
1.02179
1.02179
1.02179
1.02179
1.02179
1.02179
1.02179
1.02179
1.02179
1.02179
1.02179
1.02179
1.02179
1.02179
1.02179
1.02179
1.02179
1.02179
1.02179
1.02179
1.02179
1.02179
1.02179
1.02179
1.02179
1.02179
1.02179
1.02179
1.02179
1.02179
1.02179
1.02179
1.02179
1.02179
1.02179
1.02179
1.02179
1.02179
1.02179
1.02179
1.02179
1.02179
1.02179
1.02179
1.02179
1.02179
1.02179
1.02179
1.02179
1.02179
1.02179
1.02179
1.02179
1.02179
1.02179
1.02179
1.02179
1.02179
1.02179
1.02179
1.02179
1.02179
1.02179
1.02179
1.02179
1.02179
1.02179
1.02179
1.02179
1.02179
1.02179
1.02179
1.02179
1.02179
1.02179
1.02179
1.02179
1.02179
1.02179
1.02179
1.02179
1.02179
1.02179
1.02179
1.02179
1.02179
1.02179
1.02179
1.02179
1.02179
1.02179
1.02179
1.02179
1.02179
1.02179
1.02179
1.02179
1.02179
1.02179
1.02179
1.02179
1.02179
1.02179
1.02179
1.02179
1.02179
1.02179
1.02179
1.02179
1.02179
1.02179
1.02179
1.02179
1.02179
1.02179
1.02179
1.02179
1.02179
1.02179
1.02179
1.02179
1.02179
1.02179
1.02179
1.02179
1.02179
1.02179
1.02179
1.02179
1.02179
1.02179
1.02179
1.02179
1.02179
1.02179
1.02179
1.02179
1.02179
1.02179
1.02179
1.02179
1.02179
1.02179
1.02179
1.02179
1.02179
1.02179
1.02179
1.02179
1.02179
1.02179
1.02179
1.02179
1.02179
1.02179
1.02179
1.02179
1.02179
1.02179
1.02179
1.02179
1.02179
1.02179
1.02179
1.02179
1.02179
1.02179
1.02179
1.02179
1.02179
1.02179
1.02179
1.02179
1.02179
1.02179
1.02179
1.02179
1.02179
1.02179
1.02179
1.02179
1.02179
1.02179
1.02179
1.02179
1.02179
1.02179
1.02179
1.02179
1.02179
1.02179
1.02179
1.02179
1.02179
1.02179
1.02179
1.02179
1.02179
1.02179
1.02179
1.02179
1.02179
1.02179
1.02179
1.02179
1.02179
1.02179
1.02179
1.02179
1.02179
1.02179
1.02179
1.02179
1.02179
1.02179
1.02179
1.02179
1.02179
1.02179
1.02179
1.02179
1.02179
1.02179
1.02179
1.02179
1.02179
1.02179
1.02179
1.02179
1.02179
1.02179
1.02179
1.02179
1.02179
1.02179
1.02179
1.02179
1.02179
1.02179
1.02179
1.02179
1.02179
1.02179
1.02179
1.02179
1.02179
1.02179
1.02179
1.02179
1.02179
1.02179
1.02179
1.02179
1.02179
1.02179
1.02179
1.02179
1.02179
1.02179
1.02179
1.02179
1.02179
1.02179
1.02179
1.02179
1.02179
1.02179
1.02179
1.02179
1.02179
1.02179
1.02179
1.02179
1.02179
1.02179
1.02179
1.02179
1.02179
1.02179
1.02179
1.02179
1.02179
1.02179
1.02179
1.02179
1.02179
1.02179
1.02179
1.02179
1.02179
1.02179
1.02179
1.02179
1.02179
1.02179
1.02179
1.02179
1.02179
1.02179
1.02179
1.02179
1.02179
1.02179
1.02179
1.02179
1.02179
1.02179
1.02179
1.02179
1.02179
1.02179
1.02179
1.02179
1.02179
1.02179
1.02179
1.02179
1.02179
1.02179
1.02179
1.02179
1.02179
1.02179
1.02179
1.02179
1.02179
1.02179
1.02179
1.02179
1.02179
1.02179
1.02179
1.02179
1.02179
1.02179
1.02179
1.02179
1.02179
1.02179
1.02179
1.02179
1.02179
1.02179
1.02179
1.02179
1.02179
1.02179
1.02179
1.02179
1.02179
1.02179
1.02179
1.02179
1.02179
1.02179
1.02179
1.02179
1.02179
1.02179
1.02179
1.02179
1.02179
1.02179
1.02179
1.02179
1.02179
1.02179
1.02179
1.02179
1.02179
1.02179
1.02179
1.02179
1.02179
1.02179
1.02179
1.02179
1.02179
1.02179
1.02179
1.02179
1.02179
1.02179
1.02179
1.02179
1.02179
1.02179
1.02179
1.02179
1.02179
1.02179
1.02179
1.02179
1.02179
1.02179
1.02179
1.02179
1.02179
1.02179
1.02179
1.02179
1.02179
1.02179
1.02179
1.02179
1.02179
1.02179
1.02179
1.02179
1.02179
1.02179
1.02179
1.02179
1.02179
1.02179
1.02179
1.02179
1.02179
1.02179
1.02179
1.02179
1.02179
1.02179
1.02179
1.02179
1.02179
1.02179
1.02179
1.02179
1.02179
1.02179
1.02179
1.02179
1.02179
1.02179
1.02179
1.02179
1.02179
1.02179
1.02179
1.02179
1.02179
1.02179
1.02179
1.02179
1.02179
1.02179
1.02179
1.02179
1.02179
1.02179
1.02179
1.02179
1.02179
1.02179
1.02179
1.02179
1.02179
1.02179
1.02179
1.02179
1.02179
1.02179
1.02179
1.02179
1.02179
1.02179
1.02179
1.02179
1.02179
1.02179
1.02179
1.02179
1.02179
1.02179
1.02179
1.02179
1.02179
1.02179
1.02179
1.02179
1.02179
1.02179
1.02179
1.02179
1.02179
1.02179
1.02179
