0
0
0
0
3.52859e-05
0.000308037
0.0011034
0.00253201
0.00456619
0.00715065
0.0119619
0.0137959
0.0199289
0.0244989
0.0294189
0.0346632
0.0402002
0.0460091
0.0520649
0.0583458
0.0648317
0.0715036
0.0783482
0.0853453
0.0924816
0.103413
0.10711
0.118341
0.125933
0.133592
0.141309
0.149077
0.156886
0.164727
0.172593
0.180476
0.188371
0.196274
0.204178
0.212077
0.219967
0.227842
0.2357
0.243535
0.255239
0.263002
0.270732
0.278424
0.286077
0.297475
0.305016
0.312509
0.319951
0.327343
0.334682
0.341969
0.349198
0.359939
0.367028
0.374059
0.381028
0.387937
0.394784
0.40157
0.408296
0.41496
0.421563
0.431344
0.437787
0.444169
0.450488
0.45674
0.462932
0.469062
0.475131
0.481139
0.487086
0.492972
0.498797
0.504561
0.510264
0.515906
0.524255
0.527007
0.535179
0.540554
0.545868
0.551128
0.556328
0.561471
0.566556
0.571585
0.576556
0.581473
0.586335
0.591142
0.595894
0.602921
0.605237
0.609829
0.614368
0.618856
0.625492
0.629853
0.632014
0.638426
0.642638
0.646803
0.650919
0.654987
0.65901
0.662987
0.66692
0.670807
0.67465
0.678451
0.684069
0.68592
0.69141
0.693219
0.698585
0.702109
0.705593
0.709037
0.712442
0.715807
0.720781
0.72405
0.72728
0.730472
0.733626
0.736745
0.739826
0.742872
0.745883
0.748858
0.7518
0.754706
0.75758
0.760419
0.763227
0.766
0.768743
0.771452
0.77413
0.776777
0.779394
0.781981
0.784536
0.787062
0.790793
0.793246
0.795669
0.798064
0.800431
0.80277
0.805081
0.808496
0.809622
0.811852
0.814055
0.816233
0.818385
0.820511
0.822612
0.825718
0.826741
0.829774
0.831765
0.834709
0.835679
0.837602
0.840444
0.842311
0.844156
0.845981
0.847782
0.849564
0.851325
0.853065
0.854782
0.856481
0.85816
0.859819
0.861459
0.863079
0.865474
0.867046
0.868602
0.870138
0.871656
0.873158
0.87464
0.876104
0.877552
0.878983
0.880398
0.881796
0.883862
0.884543
0.885894
0.887229
0.8892
0.890495
0.891137
0.893042
0.894293
0.895529
0.896751
0.89796
0.899154
0.900333
0.901499
0.902651
0.90379
0.904916
0.906028
0.907127
0.908752
0.909287
0.910349
0.911398
0.912435
0.913967
0.914472
0.915472
0.91695
0.917922
0.918881
0.91983
0.920768
0.921695
0.92261
0.923514
0.924409
0.925292
0.926166
0.92703
0.927882
0.928725
0.929559
0.930383
0.931196
0.932001
0.932796
0.933583
0.93436
0.935127
0.935886
0.936637
0.937379
0.938112
0.938836
0.939551
0.940259
0.940958
0.941649
0.942332
0.943007
0.943675
0.944334
0.944985
0.945629
0.946265
0.946895
0.947516
0.948131
0.948738
0.949338
0.949931
0.950518
0.951097
0.951953
0.952235
0.952794
0.953346
0.954164
0.9547
0.95523
0.955754
0.956273
0.956784
0.957541
0.958037
0.958528
0.959013
0.959494
0.959967
0.960435
0.960898
0.961356
0.961807
0.962255
0.962697
0.963133
0.963565
0.963992
0.964413
0.964829
0.965241
0.965648
0.966249
0.966646
0.967035
0.967422
0.967803
0.96818
0.968554
0.968921
0.969286
0.969645
0.970176
0.970351
0.97087
0.971212
0.971548
0.971882
0.97221
0.972536
0.972857
0.973175
0.973488
0.9738
0.974105
0.974559
0.974856
0.975151
0.975441
0.97573
0.976012
0.976295
0.976571
0.976846
0.97725
0.977517
0.97778
0.97804
0.978299
0.978551
0.978929
0.979174
0.979418
0.97966
0.979897
0.980133
0.980366
0.980595
0.980824
0.981047
0.981379
0.981597
0.981811
0.982024
0.982235
0.982441
0.982647
0.982852
0.98305
0.983249
0.983447
0.983639
0.983829
0.98402
0.984299
0.984482
0.984665
0.984844
0.98502
0.985195
0.985371
0.98554
0.985708
0.985876
0.986044
0.986205
0.986365
0.986526
0.986686
0.986916
0.987068
0.987221
0.987372
0.987517
0.987662
0.987807
0.987952
0.988092
0.98823
0.988367
0.988504
0.988642
0.988772
0.988967
0.989032
0.989161
0.989353
0.989475
0.989597
0.989719
0.989841
0.989963
0.990077
0.990191
0.990306
0.99042
0.990535
0.990646
0.990753
0.99086
0.990967
0.991074
0.99118
0.991334
0.991384
0.991532
0.991582
0.991731
0.99183
0.991926
0.992018
0.992109
0.992201
0.992292
0.992384
0.992476
0.992565
0.992649
0.992733
0.992817
0.992901
0.992985
0.993069
0.993153
0.993233
0.993309
0.993385
0.993462
0.993538
0.993614
0.99369
0.993767
0.993843
0.993913
0.993981
0.99405
0.994153
0.994222
0.99429
0.994359
0.994428
0.994496
0.994557
0.994618
0.994679
0.99474
0.994802
0.994863
0.994924
0.994985
0.995046
0.995107
0.995164
0.995217
0.995271
0.995324
0.995378
0.995458
0.995484
0.995538
0.995591
0.995645
0.995725
0.995751
0.995802
0.995871
0.995916
0.995962
0.996008
0.996054
0.996099
0.996145
0.996191
0.996237
0.996283
0.996328
0.996374
0.99642
0.996461
0.996499
0.996537
0.996575
0.996614
0.996652
0.996709
0.996747
0.996785
0.996823
0.996861
0.9969
0.996938
0.996976
0.997014
0.997052
0.99709
0.997121
0.997151
0.997182
0.997212
0.997243
0.997273
0.997319
0.99735
0.99738
0.997411
0.997441
0.997472
0.997502
0.997533
0.997563
0.997594
0.99764
0.99767
0.997701
0.997731
0.997758
0.997781
0.997804
0.997827
0.997849
0.997872
0.997895
0.997918
0.997941
0.997964
0.997998
0.99801
0.998033
0.998067
0.998078
0.998113
0.998136
0.998147
0.998181
0.998204
0.998227
0.99825
0.998273
0.998296
0.998319
0.998342
0.998364
0.998387
0.998405
0.99842
0.998435
0.99845
0.998466
0.998481
0.998496
0.998511
0.998527
0.998542
0.998557
0.998572
0.998588
0.998603
0.998618
0.998633
0.998649
0.998672
0.998687
0.998702
0.998717
0.998733
0.998748
0.998763
0.998778
0.998794
0.998809
0.998824
0.998839
0.998855
0.99887
0.998885
0.9989
0.998916
0.998931
0.998946
0.998961
0.998977
0.998992
0.999007
0.999022
0.999038
0.999051
0.999059
0.999066
0.999074
0.999085
0.999093
0.999101
0.999108
0.999116
0.999124
0.999131
0.999139
0.999146
0.999154
0.999162
0.999169
0.999177
0.999185
0.999192
0.999204
0.999207
0.999219
0.999227
0.999234
0.999242
0.999249
0.999257
0.999265
0.999272
0.99928
0.999288
0.999295
0.999303
0.99931
0.999318
0.999326
0.999333
0.999341
0.999352
0.999356
0.999368
0.999375
0.999383
0.999391
0.999398
0.999406
0.999413
0.999421
0.999429
0.999436
0.999444
0.999452
0.999459
0.999467
0.999475
0.999482
0.99949
0.999497
0.999505
0.999513
0.99952
0.999532
0.999539
0.999547
0.999555
0.999562
0.99957
0.999578
0.999585
0.999593
0.9996
0.999608
0.999619
0.999623
0.999631
0.999639
0.999646
0.999658
0.999661
0.999673
0.999681
0.999688
0.999696
0.999703
0.999707
0.999711
0.999711
0.999711
0.999711
0.999711
0.999711
0.999711
0.999711
0.999711
0.999711
0.999711
0.999711
0.999711
0.999711
0.999711
0.999711
0.999711
0.999711
0.999711
0.999711
0.999711
0.999711
0.999711
0.999711
0.999711
0.999711
0.999711
0.999711
0.999711
0.999711
0.999711
0.999711
0.999711
0.999711
0.999711
0.999711
0.999711
0.999711
0.999711
0.999711
0.999711
0.999711
0.999711
0.999711
0.999711
0.999711
0.999711
0.999711
0.999711
0.999711
0.999711
0.999711
0.999711
0.999711
0.999711
0.999711
0.999711
0.999711
0.999711
0.999711
0.999711
0.999711
0.999711
0.999711
0.999711
0.999711
0.999711
0.999711
0.999711
0.999711
0.999711
0.999711
0.999711
0.999711
0.999711
0.999711
0.999711
0.999711
0.999711
0.999711
0.999711
0.999711
0.999711
0.999711
0.999711
0.999711
0.999711
0.999711
0.999711
0.999711
0.999711
0.999711
0.999711
0.999711
0.999711
0.999711
0.999711
0.999711
0.999711
0.999711
0.999711
0.999711
0.999711
0.999711
0.999711
0.999711
0.999711
0.999711
0.999711
0.999711
0.999711
0.999711
0.999711
0.999711
0.999711
0.999711
0.999711
0.999711
0.999711
0.999711
0.999711
0.999711
0.999711
0.999711
0.999711
0.999711
0.999711
0.999711
0.999711
0.999711
0.999711
0.999711
0.999711
0.999711
0.999711
0.999711
0.999711
0.999711
0.999711
0.999711
0.999711
0.999711
0.999711
0.999711
0.999711
0.999711
0.999711
0.999711
0.999711
0.999711
0.999711
0.999711
0.999711
0.999711
0.999711
0.999711
0.999711
0.999711
0.999711
0.999711
0.999711
0.999711
0.999711
0.999711
0.999711
0.999711
0.999711
0.999711
0.999711
0.999711
0.999711
0.999711
0.999711
0.999711
0.999711
0.999711
0.999711
0.999711
0.999711
0.999711
0.999711
0.999711
0.999711
0.999711
0.999711
0.999711
0.999711
0.999711
0.999711
0.999711
0.999711
0.999711
0.999711
0.999711
0.999711
0.999711
0.999711
0.999711
0.999711
0.999711
0.999711
0.999711
0.999711
0.999711
0.999711
0.999711
0.999711
0.999711
0.999711
0.999711
0.999711
0.999711
0.999711
0.999711
0.999711
0.999711
0.999711
0.999711
0.999711
0.999711
0.999711
0.999711
0.999711
0.999711
0.999711
0.999711
0.999711
0.999711
0.999711
0.999711
0.999711
0.999711
0.999711
0.999711
0.999711
0.999711
0.999711
0.999711
0.999711
0.999711
0.999711
0.999711
0.999711
0.999711
0.999711
0.999711
0.999711
0.999711
0.999711
0.999711
0.999711
0.999711
0.999711
0.999711
0.999711
0.999711
0.999711
0.999711
0.999711
0.999711
0.999711
0.999711
0.999711
0.999711
0.999711
0.999711
0.999711
0.999711
0.999711
0.999711
0.999711
0.999711
0.999711
0.999711
0.999711
0.999711
0.999711
0.999711
0.999711
0.999711
0.999711
0.999711
0.999711
0.999711
0.999711
0.999711
0.999711
0.999711
0.999711
0.999711
0.999711
0.999711
0.999711
0.999711
0.999711
0.999711
0.999711
0.999711
0.999711
0.999711
0.999711
0.999711
0.999711
0.999711
0.999711
0.999711
0.999711
0.999711
0.999711
0.999711
0.999711
0.999711
0.999711
0.999711
0.999711
0.999711
0.999711
0.999711
0.999711
0.999711
0.999711
