0
0
0
0
3.43323e-05
0.000307083
0.0011425
0.0028553
0.00573158
0.0100288
0.0159912
0.0238457
0.0337982
0.04603
0.0686646
0.0863762
0.10597
0.127281
0.150143
0.174393
0.199869
0.226416
0.267912
0.29648
0.325621
0.355209
0.385138
0.415321
0.460804
0.491125
0.506258
0.536402
0.581152
0.610537
0.639452
0.66785
0.695694
0.72291
0.74943
0.775204
0.800198
0.824381
0.847719
0.870201
0.891802
0.912506
0.932304
0.951187
0.977787
0.994368
1.01003
1.02478
1.03864
1.05781
1.06377
1.0804
1.09045
1.09968
1.10811
1.11576
1.12265
1.1288
1.13423
1.13897
1.14304
1.14647
1.1493
1.15154
1.15323
1.15439
1.15521
1.15518
1.15472
1.15387
1.15264
1.15106
1.14917
1.14698
1.14453
1.14182
1.1389
1.13577
1.13247
1.129
1.1254
1.11977
1.11785
1.11195
1.10995
1.10388
1.10183
1.09567
1.09155
1.08744
1.08336
1.0793
1.07528
1.07131
1.06741
1.06358
1.05797
1.05434
1.05081
1.04737
1.04404
1.04081
1.0377
1.0347
1.03181
1.02904
1.02509
1.02261
1.02023
1.01798
1.01585
1.01385
1.01196
1.00935
1.00776
1.00628
1.00492
1.00367
1.00252
1.00148
1.00055
0.999708
0.99896
0.998009
0.997484
0.997042
0.996679
0.996393
0.99618
0.995991
0.995945
0.99596
0.995991
0.996159
0.996336
0.996557
0.996824
0.997129
0.997471
0.997845
0.998249
0.998682
0.999138
0.999617
1.00011
1.00063
1.00115
1.00169
1.00224
1.00279
1.00335
1.00419
1.00448
1.00532
1.00587
1.00642
1.00697
1.0075
1.00802
1.00854
1.00904
1.00953
1.01
1.01046
1.0109
1.01133
1.01174
1.01214
1.01252
1.01288
1.01322
1.01355
1.01385
1.01415
1.01442
1.01468
1.01492
1.01514
1.01534
1.01554
1.01571
1.01594
1.01601
1.01614
1.0163
1.0164
1.01647
1.01654
1.01659
1.01663
1.01666
1.01668
1.01669
1.01669
1.01668
1.01666
1.01663
1.0166
1.01656
1.01651
1.01645
1.01639
1.01633
1.01626
1.01618
1.01611
1.01603
1.01595
1.01585
1.01572
1.01562
1.01558
1.01549
1.0154
1.01526
1.01521
1.01512
1.01498
1.01489
1.0148
1.01471
1.01462
1.01453
1.01444
1.01436
1.01429
1.01421
1.01414
1.01406
1.01398
1.01392
1.01386
1.0138
1.01374
1.01368
1.01362
1.01356
1.01353
1.01346
1.01342
1.01338
1.01335
1.01332
1.01329
1.01326
1.01323
1.0132
1.01319
1.01317
1.01316
1.01314
1.01313
1.01311
1.0131
1.0131
1.0131
1.0131
1.0131
1.0131
1.0131
1.0131
1.0131
1.0131
1.0131
1.0131
1.01311
1.01313
1.01314
1.01315
1.01317
1.01319
1.0132
1.01322
1.01323
1.01325
1.01326
1.01328
1.01329
1.01331
1.01332
1.01334
1.01336
1.01337
1.01339
1.0134
1.01342
1.01343
1.01345
1.01347
1.01348
1.0135
1.01352
1.01353
1.01355
1.01356
1.01356
1.01356
1.01356
1.01356
1.01356
1.01356
1.01356
1.01356
1.01356
1.01356
1.01356
1.01356
1.01356
1.01356
1.01356
1.01356
1.01356
1.01356
1.01356
1.01356
1.01356
1.01356
1.01356
1.01356
1.01356
1.01356
1.01356
1.01356
1.01356
1.01356
1.01356
1.01356
1.01356
1.01356
1.01356
1.01356
1.01356
1.01356
1.01356
1.01356
1.01356
1.01356
1.01356
1.01356
1.01356
1.01356
1.01356
1.01356
1.01356
1.01356
1.01356
1.01356
1.01356
1.01356
1.01356
1.01356
1.01356
1.01356
1.01356
1.01356
1.01356
1.01356
1.01356
1.01356
1.01356
1.01356
1.01356
1.01356
1.01356
1.01356
1.01356
1.01356
1.01356
1.01356
1.01356
1.01356
1.01356
1.01356
1.01356
1.01356
1.01356
1.01356
1.01356
1.01356
1.01356
1.01356
1.01356
1.01356
1.01356
1.01356
1.01356
1.01356
1.01356
1.01356
1.01356
1.01356
1.01356
1.01356
1.01356
1.01356
1.01356
1.01356
1.01356
1.01356
1.01356
1.01356
1.01356
1.01356
1.01356
1.01356
1.01356
1.01356
1.01356
1.01356
1.01356
1.01356
1.01356
1.01356
1.01356
1.01356
1.01356
1.01356
1.01356
1.01356
1.01356
1.01356
1.01356
1.01356
1.01356
1.01356
1.01356
1.01356
1.01356
1.01356
1.01356
1.01356
1.01356
1.01356
1.01356
1.01356
1.01356
1.01356
1.01356
1.01356
1.01356
1.01356
1.01356
1.01356
1.01356
1.01356
1.01356
1.01356
1.01356
1.01356
1.01356
1.01356
1.01356
1.01356
1.01356
1.01356
1.01356
1.01356
1.01356
1.01356
1.01356
1.01356
1.01356
1.01356
1.01356
1.01356
1.01356
1.01356
1.01356
1.01356
1.01356
1.01356
1.01356
1.01356
1.01356
1.01356
1.01356
1.01356
1.01356
1.01356
1.01356
1.01356
1.01356
1.01356
1.01356
1.01356
1.01356
1.01356
1.01356
1.01356
1.01356
1.01356
1.01356
1.01356
1.01356
1.01356
1.01356
1.01356
1.01356
1.01356
1.01356
1.01356
1.01356
1.01356
1.01356
1.01356
1.01356
1.01356
1.01356
1.01356
1.01356
1.01356
1.01356
1.01356
1.01356
1.01356
1.01356
1.01356
1.01356
1.01356
1.01356
1.01356
1.01356
1.01356
1.01356
1.01356
1.01356
1.01356
1.01356
1.01356
1.01356
1.01356
1.01356
1.01356
1.01356
1.01356
1.01356
1.01356
1.01356
1.01356
1.01356
1.01356
1.01356
1.01356
1.01356
1.01356
1.01356
1.01356
1.01356
1.01356
1.01356
1.01356
1.01356
1.01356
1.01356
1.01356
1.01356
1.01356
1.01356
1.01356
1.01356
1.01356
1.01356
1.01356
1.01356
1.01356
1.01356
1.01356
1.01356
1.01356
1.01356
1.01356
1.01356
1.01356
1.01356
1.01356
1.01356
1.01356
1.01356
1.01356
1.01356
1.01356
1.01356
1.01356
1.01356
1.01356
1.01356
1.01356
1.01356
1.01356
1.01356
1.01356
1.01356
1.01356
1.01356
1.01356
1.01356
1.01356
1.01356
1.01356
1.01356
1.01356
1.01356
1.01356
1.01356
1.01356
1.01356
1.01356
1.01356
1.01356
1.01356
1.01356
1.01356
1.01356
1.01356
1.01356
1.01356
1.01356
1.01356
1.01356
1.01356
1.01356
1.01356
1.01356
1.01356
1.01356
1.01356
1.01356
1.01356
1.01356
1.01356
1.01356
1.01356
1.01356
1.01356
1.01356
1.01356
1.01356
1.01356
1.01356
1.01356
1.01356
1.01356
1.01356
1.01356
1.01356
1.01356
1.01356
1.01356
1.01356
1.01356
1.01356
1.01356
1.01356
1.01356
1.01356
1.01356
1.01356
1.01356
1.01356
1.01356
1.01356
1.01356
1.01356
1.01356
1.01356
1.01356
1.01356
1.01356
1.01356
1.01356
1.01356
1.01356
1.01356
1.01356
1.01356
1.01356
1.01356
1.01356
1.01356
1.01356
1.01356
1.01356
1.01356
1.01356
1.01356
1.01356
1.01356
1.01356
1.01356
1.01356
1.01356
1.01356
1.01356
1.01356
1.01356
1.01356
1.01356
1.01356
1.01356
1.01356
1.01356
1.01356
1.01356
1.01356
1.01356
1.01356
1.01356
1.01356
1.01356
1.01356
1.01356
1.01356
1.01356
1.01356
1.01356
1.01356
1.01356
1.01356
1.01356
1.01356
1.01356
1.01356
1.01356
1.01356
1.01356
1.01356
1.01356
1.01356
1.01356
1.01356
1.01356
1.01356
1.01356
1.01356
1.01356
1.01356
1.01356
1.01356
1.01356
1.01356
1.01356
1.01356
1.01356
1.01356
1.01356
1.01356
1.01356
1.01356
1.01356
1.01356
1.01356
1.01356
1.01356
1.01356
1.01356
1.01356
1.01356
1.01356
1.01356
1.01356
1.01356
1.01356
1.01356
1.01356
1.01356
1.01356
1.01356
1.01356
1.01356
1.01356
1.01356
1.01356
1.01356
1.01356
1.01356
1.01356
1.01356
1.01356
1.01356
1.01356
1.01356
1.01356
1.01356
1.01356
1.01356
1.01356
1.01356
1.01356
1.01356
1.01356
1.01356
1.01356
1.01356
1.01356
1.01356
1.01356
1.01356
1.01356
1.01356
1.01356
1.01356
1.01356
1.01356
1.01356
1.01356
1.01356
1.01356
1.01356
1.01356
1.01356
1.01356
1.01356
1.01356
1.01356
1.01356
1.01356
1.01356
1.01356
1.01356
1.01356
1.01356
1.01356
1.01356
1.01356
1.01356
1.01356
1.01356
1.01356
1.01356
1.01356
1.01356
1.01356
1.01356
1.01356
1.01356
1.01356
1.01356
1.01356
1.01356
1.01356
1.01356
1.01356
1.01356
1.01356
1.01356
1.01356
1.01356
1.01356
1.01356
1.01356
1.01356
1.01356
1.01356
1.01356
1.01356
1.01356
1.01356
1.01356
1.01356
1.01356
1.01356
1.01356
1.01356
1.01356
1.01356
1.01356
1.01356
1.01356
1.01356
1.01356
1.01356
1.01356
1.01356
1.01356
1.01356
1.01356
1.01356
1.01356
1.01356
1.01356
1.01356
1.01356
1.01356
1.01356
1.01356
1.01356
1.01356
1.01356
1.01356
1.01356
1.01356
1.01356
1.01356
1.01356
1.01356
1.01356
1.01356
1.01356
1.01356
1.01356
1.01356
1.01356
1.01356
1.01356
1.01356
1.01356
1.01356
1.01356
1.01356
1.01356
1.01356
1.01356
1.01356
1.01356
1.01356
1.01356
1.01356
1.01356
1.01356
1.01356
1.01356
1.01356
1.01356
1.01356
1.01356
1.01356
1.01356
1.01356
1.01356
1.01356
1.01356
1.01356
1.01356
1.01356
1.01356
1.01356
1.01356
1.01356
1.01356
1.01356
1.01356
1.01356
1.01356
1.01356
1.01356
1.01356
1.01356
1.01356
1.01356
1.01356
1.01356
1.01356
1.01356
1.01356
1.01356
1.01356
1.01356
1.01356
1.01356
1.01356
1.01356
1.01356
1.01356
1.01356
1.01356
1.01356
1.01356
1.01356
1.01356
1.01356
1.01356
1.01356
1.01356
1.01356
1.01356
1.01356
1.01356
1.01356
1.01356
1.01356
1.01356
1.01356
1.01356
1.01356
1.01356
1.01356
1.01356
1.01356
1.01356
1.01356
1.01356
1.01356
1.01356
1.01356
1.01356
1.01356
