0
0
0
0
0
3.24249e-05
0.000305176
0.00114059
0.00285149
0.00572777
0.010025
0.0196648
0.0285435
0.0396194
0.053051
0.0689049
0.087183
0.107882
0.130995
0.156523
0.184462
0.214808
0.247557
0.282604
0.319735
0.378716
0.419807
0.461985
0.504969
0.548491
0.592279
0.636162
0.679958
0.723446
0.766409
0.808645
0.870251
0.890236
0.948265
0.985163
1.02048
1.0375
1.08586
1.11574
1.14362
1.16943
1.19318
1.21487
1.2345
1.25205
1.26754
1.28096
1.29232
1.30165
1.31192
1.31438
1.31791
1.31989
1.31911
1.31675
1.31501
1.30771
1.30123
1.29357
1.28483
1.27511
1.26452
1.25316
1.24114
1.22855
1.21549
1.20207
1.18837
1.17448
1.16047
1.14638
1.13227
1.11821
1.10426
1.09049
1.07697
1.06374
1.05087
1.03839
1.02053
1.01482
0.998482
0.988297
0.983425
0.969738
0.961412
0.953745
0.946749
0.940418
0.934757
0.929766
0.925436
0.921762
0.918728
0.916309
0.914499
0.913273
0.912479
0.912479
0.912861
0.91433
0.915863
0.916786
0.918926
0.92281
0.925798
0.929073
0.930805
0.936354
0.940296
0.944401
0.948635
0.952978
0.957396
0.961863
0.966349
0.970833
0.975296
0.979729
0.984116
0.988436
0.992668
0.996796
1.0008
1.00467
1.0084
1.01196
1.01534
1.02007
1.02298
1.02568
1.02817
1.03045
1.03251
1.03435
1.03597
1.03737
1.03856
1.03994
1.04062
1.04109
1.04138
1.04149
1.04143
1.0412
1.04082
1.04
1.03966
1.03845
1.03751
1.03646
1.03532
1.0341
1.0328
1.03145
1.03004
1.02786
1.02637
1.02485
1.02333
1.0218
1.02028
1.01878
1.0173
1.01584
1.01442
1.01304
1.01171
1.01043
1.0092
1.00802
1.00691
1.00585
1.00486
1.00393
1.00307
1.00228
1.00154
1.00088
1.00028
0.99975
0.999079
0.998888
0.998411
0.998175
0.998079
0.997885
0.997824
0.99782
0.997869
0.997911
0.998114
0.998304
0.998535
0.998806
0.998955
0.999447
0.999813
1.0002
1.00062
1.00105
1.0015
1.00196
1.00244
1.00291
1.0034
1.00389
1.00462
1.00486
1.00557
1.00603
1.00648
1.00692
1.00735
1.00775
1.00814
1.00851
1.00903
1.00935
1.00965
1.00993
1.01031
1.01043
1.01074
1.01092
1.01108
1.01121
1.01132
1.01141
1.01148
1.01155
1.01158
1.01158
1.01158
1.01154
1.0115
1.01143
1.01136
1.01127
1.01117
1.01106
1.011
1.01074
1.01068
1.01046
1.01038
1.01015
1.01
1.00992
1.00975
1.0095
1.00941
1.00917
1.0091
1.00894
1.00871
1.00864
1.00842
1.00829
1.00815
1.00809
1.0079
1.00779
1.00768
1.00759
1.00749
1.00741
1.00733
1.00726
1.0072
1.00715
1.0071
1.00706
1.00703
1.007
1.00698
1.00697
1.00696
1.00696
1.00696
1.00698
1.00699
1.00701
1.00703
1.00706
1.00709
1.00712
1.00717
1.00721
1.00728
1.0073
1.00735
1.00739
1.00744
1.00751
1.00753
1.00758
1.00762
1.00767
1.00772
1.00776
1.00781
1.00785
1.0079
1.00797
1.00801
1.00804
1.0081
1.00815
1.00818
1.00821
1.00824
1.00827
1.0083
1.00833
1.00835
1.00837
1.00838
1.0084
1.00841
1.00843
1.00844
1.00844
1.00844
1.00844
1.00844
1.00844
1.00844
1.00844
1.00844
1.00842
1.0084
1.00839
1.00838
1.00835
1.00834
1.00832
1.00831
1.00829
1.00828
1.00826
1.00825
1.00823
1.00821
1.0082
1.00818
1.00817
1.00815
1.00813
1.00812
1.0081
1.00809
1.00806
1.00805
1.00803
1.00802
1.008
1.00799
1.00797
1.00796
1.00794
1.00794
1.00794
1.00794
1.00794
1.00794
1.00794
1.00794
1.00794
1.00794
1.00794
1.00794
1.00794
1.00794
1.00794
1.00794
1.00794
1.00794
1.00794
1.00794
1.00794
1.00794
1.00794
1.00794
1.00794
1.00794
1.00794
1.00794
1.00794
1.00794
1.00794
1.00794
1.00794
1.00796
1.00797
1.00799
1.008
1.00802
1.00803
1.00805
1.00806
1.00807
1.00807
1.00807
1.00807
1.00807
1.00807
1.00807
1.00807
1.00807
1.00807
1.00807
1.00807
1.00807
1.00807
1.00807
1.00807
1.00807
1.00807
1.00807
1.00807
1.00807
1.00807
1.00807
1.00807
1.00807
1.00807
1.00807
1.00807
1.00807
1.00807
1.00807
1.00807
1.00807
1.00807
1.00807
1.00807
1.00807
1.00807
1.00807
1.00807
1.00807
1.00807
1.00807
1.00807
1.00807
1.00807
1.00807
1.00807
1.00807
1.00807
1.00807
1.00807
1.00807
1.00807
1.00807
1.00807
1.00807
1.00807
1.00807
1.00807
1.00807
1.00807
1.00807
1.00807
1.00807
1.00807
1.00807
1.00807
1.00807
1.00807
1.00807
1.00807
1.00807
1.00807
1.00807
1.00807
1.00807
1.00807
1.00807
1.00807
1.00807
1.00807
1.00807
1.00807
1.00807
1.00807
1.00807
1.00807
1.00807
1.00807
1.00807
1.00807
1.00807
1.00807
1.00807
1.00807
1.00807
1.00807
1.00807
1.00807
1.00807
1.00807
1.00807
1.00807
1.00807
1.00807
1.00807
1.00807
1.00807
1.00807
1.00807
1.00807
1.00807
1.00807
1.00807
1.00807
1.00807
1.00807
1.00807
1.00807
1.00807
1.00807
1.00807
1.00807
1.00807
1.00807
1.00807
1.00807
1.00807
1.00807
1.00807
1.00807
1.00807
1.00807
1.00807
1.00807
1.00807
1.00807
1.00807
1.00807
1.00807
1.00807
1.00807
1.00807
1.00807
1.00807
1.00807
1.00807
1.00807
1.00807
1.00807
1.00807
1.00807
1.00807
1.00807
1.00807
1.00807
1.00807
1.00807
1.00807
1.00807
1.00807
1.00807
1.00807
1.00807
1.00807
1.00807
1.00807
1.00807
1.00807
1.00807
1.00807
1.00807
1.00807
1.00807
1.00807
1.00807
1.00807
1.00807
1.00807
1.00807
1.00807
1.00807
1.00807
1.00807
1.00807
1.00807
1.00807
1.00807
1.00807
1.00807
1.00807
1.00807
1.00807
1.00807
1.00807
1.00807
1.00807
1.00807
1.00807
1.00807
1.00807
1.00807
1.00807
1.00807
1.00807
1.00807
1.00807
1.00807
1.00807
1.00807
1.00807
1.00807
1.00807
1.00807
1.00807
1.00807
1.00807
1.00807
1.00807
1.00807
1.00807
1.00807
1.00807
1.00807
1.00807
1.00807
1.00807
1.00807
1.00807
1.00807
1.00807
1.00807
1.00807
1.00807
1.00807
1.00807
1.00807
1.00807
1.00807
1.00807
1.00807
1.00807
1.00807
1.00807
1.00807
1.00807
1.00807
1.00807
1.00807
1.00807
1.00807
1.00807
1.00807
1.00807
1.00807
1.00807
1.00807
1.00807
1.00807
1.00807
1.00807
1.00807
1.00807
1.00807
1.00807
1.00807
1.00807
1.00807
1.00807
1.00807
1.00807
1.00807
1.00807
1.00807
1.00807
1.00807
1.00807
1.00807
1.00807
1.00807
1.00807
1.00807
1.00807
1.00807
1.00807
1.00807
1.00807
1.00807
1.00807
1.00807
1.00807
1.00807
1.00807
1.00807
1.00807
1.00807
1.00807
1.00807
1.00807
1.00807
1.00807
1.00807
1.00807
1.00807
1.00807
1.00807
1.00807
1.00807
1.00807
1.00807
1.00807
1.00807
1.00807
1.00807
1.00807
1.00807
1.00807
1.00807
1.00807
1.00807
1.00807
1.00807
1.00807
1.00807
1.00807
1.00807
1.00807
1.00807
1.00807
1.00807
1.00807
1.00807
1.00807
1.00807
1.00807
1.00807
1.00807
1.00807
1.00807
1.00807
1.00807
1.00807
1.00807
1.00807
1.00807
1.00807
1.00807
1.00807
1.00807
1.00807
1.00807
1.00807
1.00807
1.00807
1.00807
1.00807
1.00807
1.00807
1.00807
1.00807
1.00807
1.00807
1.00807
1.00807
1.00807
1.00807
1.00807
1.00807
1.00807
1.00807
1.00807
1.00807
1.00807
1.00807
1.00807
1.00807
1.00807
1.00807
1.00807
1.00807
1.00807
1.00807
1.00807
1.00807
1.00807
1.00807
1.00807
1.00807
1.00807
1.00807
1.00807
1.00807
1.00807
1.00807
1.00807
1.00807
1.00807
1.00807
1.00807
1.00807
1.00807
1.00807
1.00807
1.00807
1.00807
1.00807
1.00807
1.00807
1.00807
1.00807
1.00807
1.00807
1.00807
1.00807
1.00807
1.00807
1.00807
1.00807
1.00807
1.00807
1.00807
1.00807
1.00807
1.00807
1.00807
1.00807
1.00807
1.00807
1.00807
1.00807
1.00807
1.00807
1.00807
1.00807
1.00807
1.00807
1.00807
1.00807
1.00807
1.00807
1.00807
1.00807
1.00807
1.00807
1.00807
1.00807
1.00807
1.00807
1.00807
1.00807
1.00807
1.00807
1.00807
1.00807
1.00807
1.00807
1.00807
1.00807
1.00807
1.00807
1.00807
1.00807
1.00807
1.00807
1.00807
1.00807
1.00807
1.00807
1.00807
1.00807
1.00807
1.00807
1.00807
1.00807
1.00807
1.00807
1.00807
1.00807
1.00807
1.00807
1.00807
1.00807
1.00807
1.00807
1.00807
1.00807
1.00807
1.00807
1.00807
1.00807
1.00807
1.00807
1.00807
1.00807
1.00807
1.00807
1.00807
1.00807
1.00807
1.00807
1.00807
1.00807
1.00807
1.00807
1.00807
1.00807
1.00807
1.00807
1.00807
1.00807
1.00807
1.00807
1.00807
1.00807
1.00807
1.00807
1.00807
1.00807
1.00807
1.00807
1.00807
1.00807
1.00807
1.00807
1.00807
1.00807
1.00807
1.00807
1.00807
1.00807
1.00807
1.00807
1.00807
1.00807
1.00807
1.00807
1.00807
1.00807
1.00807
1.00807
1.00807
1.00807
1.00807
1.00807
1.00807
1.00807
1.00807
1.00807
1.00807
1.00807
1.00807
1.00807
1.00807
1.00807
1.00807
1.00807
1.00807
1.00807
1.00807
1.00807
1.00807
1.00807
1.00807
1.00807
1.00807
1.00807
1.00807
1.00807
1.00807
1.00807
1.00807
1.00807
1.00807
1.00807
1.00807
1.00807
1.00807
1.00807
1.00807
1.00807
1.00807
1.00807
1.00807
1.00807
1.00807
1.00807
1.00807
1.00807
1.00807
1.00807
1.00807
1.00807
1.00807
