0
0
0
0
0
3.43323e-05
0.00030899
0.00114441
0.00285721
0.00573349
0.0100307
0.0196705
0.028532
0.0394421
0.0522785
0.0668869
0.0831127
0.100815
0.119858
0.140112
0.161449
0.183743
0.206867
0.230711
0.255165
0.292759
0.305489
0.331177
0.370117
0.383165
0.409298
0.448471
0.461491
0.487413
0.525908
0.551229
0.576214
0.600813
0.624989
0.648705
0.671944
0.694693
0.716921
0.738598
0.759699
0.780199
0.800089
0.819347
0.837967
0.864668
0.881641
0.897949
0.913589
0.928558
0.942846
0.956451
0.969379
0.98752
0.993237
1.00942
1.01942
1.02419
1.03326
1.04573
1.05332
1.06034
1.06682
1.07278
1.07822
1.08316
1.08763
1.09163
1.0952
1.09834
1.10109
1.10345
1.10544
1.10708
1.1084
1.10941
1.11013
1.11057
1.11076
1.1107
1.11041
1.10992
1.10922
1.10835
1.1073
1.10609
1.10474
1.10326
1.10165
1.09994
1.09718
1.09523
1.09423
1.09111
1.08895
1.08675
1.08451
1.08223
1.07993
1.07761
1.07527
1.07294
1.0706
1.06827
1.06596
1.06366
1.06138
1.05913
1.0569
1.05471
1.05256
1.05046
1.04839
1.04637
1.04439
1.04152
1.03968
1.03789
1.03616
1.03448
1.03286
1.03129
1.02979
1.02835
1.02696
1.02562
1.02435
1.02313
1.02197
1.02086
1.01982
1.01882
1.01788
1.01699
1.01616
1.01538
1.01465
1.01396
1.01333
1.01274
1.01195
1.0117
1.01104
1.01083
1.01029
1.00997
1.0097
1.00957
1.00924
1.00906
1.00892
1.0088
1.00871
1.00865
1.00861
1.0086
1.00861
1.00863
1.00868
1.00879
1.00883
1.00893
1.00904
1.00917
1.00931
1.00946
1.00962
1.00978
1.00996
1.01023
1.01043
1.01052
1.01082
1.01102
1.01122
1.01142
1.01163
1.01184
1.01205
1.01225
1.01245
1.01265
1.01285
1.01304
1.01324
1.01343
1.01361
1.0138
1.01398
1.01415
1.01432
1.01449
1.01465
1.0148
1.01496
1.0151
1.01524
1.01538
1.01557
1.01569
1.01581
1.01592
1.01602
1.01617
1.01626
1.01635
1.01643
1.0165
1.01658
1.01664
1.0167
1.01676
1.01681
1.01686
1.0169
1.01694
1.01697
1.017
1.01703
1.01706
1.01707
1.01709
1.0171
1.01712
1.01712
1.01712
1.01712
1.01712
1.01712
1.01712
1.01711
1.0171
1.01708
1.01707
1.01704
1.01703
1.01701
1.017
1.01698
1.01697
1.01695
1.01693
1.0169
1.01687
1.01684
1.01681
1.01678
1.01675
1.01672
1.01669
1.01666
1.01661
1.0166
1.01655
1.01652
1.01649
1.01646
1.01644
1.01642
1.01641
1.01638
1.01637
1.01635
1.01634
1.01632
1.01631
1.01629
1.01628
1.01626
1.01625
1.01623
1.01622
1.0162
1.01619
1.01616
1.01616
1.01613
1.01612
1.01611
1.01609
1.01608
1.01607
1.01607
1.01607
1.01607
1.01607
1.01607
1.01607
1.01607
1.01607
1.01607
1.01607
1.01607
1.01607
1.01607
1.01607
1.01607
1.01607
1.01607
1.01607
1.01607
1.01607
1.01607
1.01607
1.01607
1.01607
1.01607
1.01607
1.01607
1.01607
1.01607
1.01607
1.01607
1.01607
1.01607
1.01607
1.01607
1.01607
1.01607
1.01607
1.01607
1.01607
1.01607
1.01607
1.01607
1.01607
1.01607
1.01607
1.01607
1.01607
1.01607
1.01607
1.01607
1.01607
1.01607
1.01607
1.01607
1.01607
1.01607
1.01607
1.01607
1.01607
1.01607
1.01607
1.01607
1.01607
1.01607
1.01607
1.01607
1.01607
1.01607
1.01607
1.01607
1.01607
1.01607
1.01607
1.01607
1.01607
1.01607
1.01607
1.01607
1.01607
1.01607
1.01607
1.01607
1.01607
1.01607
1.01607
1.01607
1.01607
1.01607
1.01607
1.01607
1.01607
1.01607
1.01607
1.01607
1.01607
1.01607
1.01607
1.01607
1.01607
1.01607
1.01607
1.01607
1.01607
1.01607
1.01607
1.01607
1.01607
1.01607
1.01607
1.01607
1.01607
1.01607
1.01607
1.01607
1.01607
1.01607
1.01607
1.01607
1.01607
1.01607
1.01607
1.01607
1.01607
1.01607
1.01607
1.01607
1.01607
1.01607
1.01607
1.01607
1.01607
1.01607
1.01607
1.01607
1.01607
1.01607
1.01607
1.01607
1.01607
1.01607
1.01607
1.01607
1.01607
1.01607
1.01607
1.01607
1.01607
1.01607
1.01607
1.01607
1.01607
1.01607
1.01607
1.01607
1.01607
1.01607
1.01607
1.01607
1.01607
1.01607
1.01607
1.01607
1.01607
1.01607
1.01607
1.01607
1.01607
1.01607
1.01607
1.01607
1.01607
1.01607
1.01607
1.01607
1.01607
1.01607
1.01607
1.01607
1.01607
1.01607
1.01607
1.01607
1.01607
1.01607
1.01607
1.01607
1.01607
1.01607
1.01607
1.01607
1.01607
1.01607
1.01607
1.01607
1.01607
1.01607
1.01607
1.01607
1.01607
1.01607
1.01607
1.01607
1.01607
1.01607
1.01607
1.01607
1.01607
1.01607
1.01607
1.01607
1.01607
1.01607
1.01607
1.01607
1.01607
1.01607
1.01607
1.01607
1.01607
1.01607
1.01607
1.01607
1.01607
1.01607
1.01607
1.01607
1.01607
1.01607
1.01607
1.01607
1.01607
1.01607
1.01607
1.01607
1.01607
1.01607
1.01607
1.01607
1.01607
1.01607
1.01607
1.01607
1.01607
1.01607
1.01607
1.01607
1.01607
1.01607
1.01607
1.01607
1.01607
1.01607
1.01607
1.01607
1.01607
1.01607
1.01607
1.01607
1.01607
1.01607
1.01607
1.01607
1.01607
1.01607
1.01607
1.01607
1.01607
1.01607
1.01607
1.01607
1.01607
1.01607
1.01607
1.01607
1.01607
1.01607
1.01607
1.01607
1.01607
1.01607
1.01607
1.01607
1.01607
1.01607
1.01607
1.01607
1.01607
1.01607
1.01607
1.01607
1.01607
1.01607
1.01607
1.01607
1.01607
1.01607
1.01607
1.01607
1.01607
1.01607
1.01607
1.01607
1.01607
1.01607
1.01607
1.01607
1.01607
1.01607
1.01607
1.01607
1.01607
1.01607
1.01607
1.01607
1.01607
1.01607
1.01607
1.01607
1.01607
1.01607
1.01607
1.01607
1.01607
1.01607
1.01607
1.01607
1.01607
1.01607
1.01607
1.01607
1.01607
1.01607
1.01607
1.01607
1.01607
1.01607
1.01607
1.01607
1.01607
1.01607
1.01607
1.01607
1.01607
1.01607
1.01607
1.01607
1.01607
1.01607
1.01607
1.01607
1.01607
1.01607
1.01607
1.01607
1.01607
1.01607
1.01607
1.01607
1.01607
1.01607
1.01607
1.01607
1.01607
1.01607
1.01607
1.01607
1.01607
1.01607
1.01607
1.01607
1.01607
1.01607
1.01607
1.01607
1.01607
1.01607
1.01607
1.01607
1.01607
1.01607
1.01607
1.01607
1.01607
1.01607
1.01607
1.01607
1.01607
1.01607
1.01607
1.01607
1.01607
1.01607
1.01607
1.01607
1.01607
1.01607
1.01607
1.01607
1.01607
1.01607
1.01607
1.01607
1.01607
1.01607
1.01607
1.01607
1.01607
1.01607
1.01607
1.01607
1.01607
1.01607
1.01607
1.01607
1.01607
1.01607
1.01607
1.01607
1.01607
1.01607
1.01607
1.01607
1.01607
1.01607
1.01607
1.01607
1.01607
1.01607
1.01607
1.01607
1.01607
1.01607
1.01607
1.01607
1.01607
1.01607
1.01607
1.01607
1.01607
1.01607
1.01607
1.01607
1.01607
1.01607
1.01607
1.01607
1.01607
1.01607
1.01607
1.01607
1.01607
1.01607
1.01607
1.01607
1.01607
1.01607
1.01607
1.01607
1.01607
1.01607
1.01607
1.01607
1.01607
1.01607
1.01607
1.01607
1.01607
1.01607
1.01607
1.01607
1.01607
1.01607
1.01607
1.01607
1.01607
1.01607
1.01607
1.01607
1.01607
1.01607
1.01607
1.01607
1.01607
1.01607
1.01607
1.01607
1.01607
1.01607
1.01607
1.01607
1.01607
1.01607
1.01607
1.01607
1.01607
1.01607
1.01607
1.01607
1.01607
1.01607
1.01607
1.01607
1.01607
1.01607
1.01607
1.01607
1.01607
1.01607
1.01607
1.01607
1.01607
1.01607
1.01607
1.01607
1.01607
1.01607
1.01607
1.01607
1.01607
1.01607
1.01607
1.01607
1.01607
1.01607
1.01607
1.01607
1.01607
1.01607
1.01607
1.01607
1.01607
1.01607
1.01607
1.01607
1.01607
1.01607
1.01607
1.01607
1.01607
1.01607
1.01607
1.01607
1.01607
1.01607
1.01607
1.01607
1.01607
1.01607
1.01607
1.01607
1.01607
1.01607
1.01607
1.01607
1.01607
1.01607
1.01607
1.01607
1.01607
1.01607
1.01607
1.01607
1.01607
1.01607
1.01607
1.01607
1.01607
1.01607
1.01607
1.01607
1.01607
1.01607
1.01607
1.01607
1.01607
1.01607
1.01607
1.01607
1.01607
1.01607
1.01607
1.01607
1.01607
1.01607
1.01607
1.01607
1.01607
1.01607
1.01607
1.01607
1.01607
1.01607
1.01607
1.01607
1.01607
1.01607
1.01607
1.01607
1.01607
1.01607
1.01607
1.01607
1.01607
1.01607
1.01607
1.01607
1.01607
1.01607
1.01607
1.01607
1.01607
1.01607
1.01607
1.01607
1.01607
1.01607
1.01607
1.01607
1.01607
1.01607
1.01607
1.01607
1.01607
1.01607
1.01607
1.01607
1.01607
1.01607
1.01607
1.01607
1.01607
1.01607
1.01607
1.01607
1.01607
1.01607
1.01607
1.01607
1.01607
1.01607
1.01607
1.01607
1.01607
1.01607
1.01607
1.01607
1.01607
1.01607
1.01607
1.01607
1.01607
1.01607
1.01607
1.01607
1.01607
1.01607
1.01607
1.01607
1.01607
1.01607
1.01607
1.01607
1.01607
1.01607
1.01607
1.01607
1.01607
1.01607
1.01607
1.01607
1.01607
1.01607
1.01607
1.01607
1.01607
1.01607
1.01607
1.01607
1.01607
1.01607
1.01607
1.01607
1.01607
1.01607
1.01607
1.01607
1.01607
1.01607
1.01607
1.01607
1.01607
1.01607
1.01607
1.01607
1.01607
1.01607
1.01607
1.01607
1.01607
1.01607
1.01607
1.01607
1.01607
1.01607
1.01607
1.01607
1.01607
1.01607
1.01607
1.01607
1.01607
1.01607
1.01607
