0
0
0
0
3.8147e-06
0.00012207
0.000629425
0.00186539
0.00412369
0.00767899
0.0127754
0.0196571
0.0285301
0.0396004
0.0606613
0.0688858
0.0871658
0.119118
0.14344
0.170174
0.199314
0.230862
0.264816
0.301174
0.339931
0.381084
0.424629
0.494213
0.518391
0.593193
0.618706
0.670303
0.748402
0.774437
0.851902
0.902634
0.927612
1.00059
1.04728
1.09214
1.13496
1.17568
1.21429
1.26827
1.30165
1.33294
1.36216
1.38931
1.41438
1.43739
1.45833
1.47721
1.49403
1.5088
1.52152
1.53219
1.54081
1.54739
1.55192
1.55441
1.55485
1.55326
1.54963
1.54036
1.53625
1.52652
1.51475
1.50095
1.47645
1.45759
1.4474
1.4138
1.40161
1.36245
1.33453
1.30547
1.27549
1.24485
1.21379
1.18258
1.15145
1.12063
1.07538
1.04613
1.01782
0.990597
0.964573
0.939754
0.916256
0.894222
0.873768
0.854965
0.837879
0.822571
0.809067
0.797394
0.78756
0.779564
0.770996
0.769039
0.766449
0.765579
0.767368
0.768761
0.772686
0.781246
0.784767
0.797176
0.806854
0.817528
0.829086
0.8414
0.854366
0.867851
0.881748
0.895935
0.910309
0.924767
0.939205
0.953526
0.967636
0.981438
0.994846
1.00779
1.02615
1.03197
1.04309
1.05351
1.06769
1.07612
1.08371
1.09045
1.09633
1.10132
1.10543
1.10865
1.11102
1.11255
1.11327
1.11323
1.11246
1.111
1.10888
1.10616
1.10286
1.09904
1.09475
1.09003
1.08493
1.07951
1.07381
1.06789
1.06179
1.05557
1.04927
1.04292
1.03658
1.02716
1.02406
1.01498
1.01203
1.00629
1.00078
0.992992
0.988171
0.983665
0.979485
0.975643
0.972164
0.969067
0.966354
0.964027
0.962086
0.960529
0.959354
0.958546
0.958103
0.958008
0.958252
0.958813
0.96022
0.960831
0.96225
0.964832
0.965801
0.968998
0.970154
0.972572
0.975121
0.977787
0.980537
0.984779
0.986214
0.989105
0.993446
0.996307
0.999123
1.00188
1.00455
1.00713
1.0096
1.01194
1.01415
1.01621
1.01812
1.01987
1.02144
1.0235
1.02411
1.0252
1.02652
1.02721
1.02773
1.02808
1.02828
1.02832
1.02822
1.02798
1.0276
1.0271
1.02647
1.02575
1.02491
1.02399
1.02299
1.02192
1.02077
1.01897
1.01834
1.01708
1.01514
1.01448
1.01317
1.01122
1.01058
1.00932
1.00809
1.00631
1.00574
1.0041
1.00308
1.00259
1.00122
1.0008
1.00002
0.998974
0.998665
0.997852
0.997406
0.997036
0.996742
0.996525
0.99638
0.996307
0.996304
0.996365
0.996487
0.99667
0.996906
0.997196
0.997536
0.997917
0.998337
0.999043
0.99929
0.999809
1.00063
1.00091
1.00178
1.00207
1.00265
1.00323
1.00381
1.00468
1.00524
1.00579
1.00606
1.00683
1.00707
1.00777
1.00799
1.0086
1.00897
1.0093
1.00961
1.00987
1.0101
1.0103
1.01046
1.01058
1.01067
1.01072
1.01074
1.01073
1.01069
1.01062
1.01052
1.0104
1.01024
1.01007
1.00988
1.00967
1.00933
1.0092
1.00883
1.00869
1.00828
1.00814
1.00773
1.00746
1.00732
1.00691
1.00663
1.00637
1.00613
1.00588
1.00565
1.00543
1.00522
1.00504
1.00485
1.0047
1.00454
1.00442
1.0043
1.0042
1.00411
1.00404
1.00398
1.00395
1.00392
1.00392
1.00392
1.00396
1.00397
1.00402
1.00411
1.00414
1.00426
1.00431
1.00445
1.00455
1.00467
1.00479
1.00491
1.00504
1.00516
1.00534
1.00546
1.00558
1.00571
1.00583
1.00595
1.00607
1.00618
1.00628
1.00637
1.00646
1.00655
1.00663
1.00669
1.00676
1.00682
1.00688
1.00691
1.00694
1.00697
1.007
1.00701
1.00701
1.00701
1.00701
1.00699
1.00698
1.00693
1.00692
1.00687
1.00684
1.0068
1.00674
1.00668
1.00662
1.00653
1.00647
1.0064
1.00634
1.00628
1.00622
1.00616
1.0061
1.00607
1.00598
1.00592
1.00586
1.00581
1.00578
1.00575
1.00572
1.00567
1.00564
1.00561
1.00558
1.00555
1.00555
1.00555
1.00555
1.00555
1.00555
1.00555
1.00555
1.00555
1.00555
1.00556
1.00561
1.00562
1.00567
1.0057
1.00573
1.00576
1.00579
1.00582
1.00585
1.00588
1.00591
1.00594
1.00597
1.006
1.00603
1.00607
1.0061
1.00613
1.00616
1.00619
1.00622
1.00625
1.00625
1.00625
1.00625
1.00625
1.00625
1.00625
1.00625
1.00625
1.00625
1.00625
1.00625
1.00625
1.00625
1.00625
1.00625
1.00625
1.00625
1.00625
1.00625
1.00625
1.00625
1.00625
1.00623
1.00619
1.00617
1.00614
1.00611
1.00608
1.00605
1.006
1.00599
1.00594
1.00591
1.00591
1.00591
1.00591
1.00591
1.00591
1.00591
1.00591
1.00591
1.00591
1.00591
1.00591
1.00591
1.00591
1.00591
1.00591
1.00591
1.00591
1.00591
1.00591
1.00591
1.00591
1.00591
1.00591
1.00591
1.00591
1.00591
1.00591
1.00591
1.00591
1.00591
1.00591
1.00591
1.00591
1.00591
1.00591
1.00591
1.00591
1.00591
1.00591
1.00591
1.00591
1.00591
1.00591
1.00591
1.00591
1.00591
1.00591
1.00591
1.00591
1.00591
1.00591
1.00591
1.00591
1.00591
1.00591
1.00591
1.00591
1.00591
1.00591
1.00591
1.00591
1.00591
1.00591
1.00591
1.00591
1.00591
1.00591
1.00591
1.00591
1.00591
1.00591
1.00591
1.00591
1.00591
1.00591
1.00591
1.00591
1.00591
1.00591
1.00591
1.00591
1.00591
1.00591
1.00591
1.00591
1.00591
1.00591
1.00591
1.00591
1.00591
1.00591
1.00591
1.00591
1.00591
1.00591
1.00591
1.00591
1.00591
1.00591
1.00591
1.00591
1.00591
1.00591
1.00591
1.00591
1.00591
1.00591
1.00591
1.00591
1.00591
1.00591
1.00591
1.00591
1.00591
1.00591
1.00591
1.00591
1.00591
1.00591
1.00591
1.00591
1.00591
1.00591
1.00591
1.00591
1.00591
1.00591
1.00591
1.00591
1.00591
1.00591
1.00591
1.00591
1.00591
1.00591
1.00591
1.00591
1.00591
1.00591
1.00591
1.00591
1.00591
1.00591
1.00591
1.00591
1.00591
1.00591
1.00591
1.00591
1.00591
1.00591
1.00591
1.00591
1.00591
1.00591
1.00591
1.00591
1.00591
1.00591
1.00591
1.00591
1.00591
1.00591
1.00591
1.00591
1.00591
1.00591
1.00591
1.00591
1.00591
1.00591
1.00591
1.00591
1.00591
1.00591
1.00591
1.00591
1.00591
1.00591
1.00591
1.00591
1.00591
1.00591
1.00591
1.00591
1.00591
1.00591
1.00591
1.00591
1.00591
1.00591
1.00591
1.00591
1.00591
1.00591
1.00591
1.00591
1.00591
1.00591
1.00591
1.00591
1.00591
1.00591
1.00591
1.00591
1.00591
1.00591
1.00591
1.00591
1.00591
1.00591
1.00591
1.00591
1.00591
1.00591
1.00591
1.00591
1.00591
1.00591
1.00591
1.00591
1.00591
1.00591
1.00591
1.00591
1.00591
1.00591
1.00591
1.00591
1.00591
1.00591
1.00591
1.00591
1.00591
1.00591
1.00591
1.00591
1.00591
1.00591
1.00591
1.00591
1.00591
1.00591
1.00591
1.00591
1.00591
1.00591
1.00591
1.00591
1.00591
1.00591
1.00591
1.00591
1.00591
1.00591
1.00591
1.00591
1.00591
1.00591
1.00591
1.00591
1.00591
1.00591
1.00591
1.00591
1.00591
1.00591
1.00591
1.00591
1.00591
1.00591
1.00591
1.00591
1.00591
1.00591
1.00591
1.00591
1.00591
1.00591
1.00591
1.00591
1.00591
1.00591
1.00591
1.00591
1.00591
1.00591
1.00591
1.00591
1.00591
1.00591
1.00591
1.00591
1.00591
1.00591
1.00591
1.00591
1.00591
1.00591
1.00591
1.00591
1.00591
1.00591
1.00591
1.00591
1.00591
1.00591
1.00591
1.00591
1.00591
1.00591
1.00591
1.00591
1.00591
1.00591
1.00591
1.00591
1.00591
1.00591
1.00591
1.00591
1.00591
1.00591
1.00591
1.00591
1.00591
1.00591
1.00591
1.00591
1.00591
1.00591
1.00591
1.00591
1.00591
1.00591
1.00591
1.00591
1.00591
1.00591
1.00591
1.00591
1.00591
1.00591
1.00591
1.00591
1.00591
1.00591
1.00591
1.00591
1.00591
1.00591
1.00591
1.00591
1.00591
1.00591
1.00591
1.00591
1.00591
1.00591
1.00591
1.00591
1.00591
1.00591
1.00591
1.00591
1.00591
1.00591
1.00591
1.00591
1.00591
1.00591
1.00591
1.00591
1.00591
1.00591
1.00591
1.00591
1.00591
1.00591
1.00591
1.00591
1.00591
1.00591
1.00591
1.00591
1.00591
1.00591
1.00591
1.00591
1.00591
1.00591
1.00591
1.00591
1.00591
1.00591
1.00591
1.00591
1.00591
1.00591
1.00591
1.00591
1.00591
1.00591
1.00591
1.00591
1.00591
1.00591
1.00591
1.00591
1.00591
1.00591
1.00591
1.00591
1.00591
1.00591
1.00591
1.00591
1.00591
1.00591
1.00591
1.00591
1.00591
1.00591
1.00591
1.00591
1.00591
1.00591
1.00591
1.00591
1.00591
1.00591
1.00591
1.00591
1.00591
1.00591
1.00591
1.00591
1.00591
1.00591
1.00591
1.00591
1.00591
1.00591
1.00591
1.00591
1.00591
1.00591
1.00591
1.00591
1.00591
1.00591
1.00591
1.00591
1.00591
1.00591
1.00591
1.00591
1.00591
1.00591
1.00591
1.00591
1.00591
1.00591
1.00591
1.00591
1.00591
1.00591
1.00591
1.00591
1.00591
1.00591
1.00591
1.00591
1.00591
1.00591
1.00591
1.00591
1.00591
1.00591
1.00591
1.00591
1.00591
1.00591
1.00591
1.00591
1.00591
1.00591
1.00591
1.00591
1.00591
1.00591
1.00591
1.00591
1.00591
1.00591
1.00591
1.00591
1.00591
1.00591
1.00591
1.00591
1.00591
1.00591
1.00591
1.00591
1.00591
1.00591
1.00591
1.00591
1.00591
1.00591
1.00591
1.00591
1.00591
1.00591
1.00591
1.00591
1.00591
1.00591
1.00591
1.00591
1.00591
1.00591
1.00591
1.00591
1.00591
1.00591
1.00591
1.00591
1.00591
1.00591
1.00591
