0
0
0
0
3.8147e-06
0.000305176
0.00114059
0.00186729
0.00572968
0.0100269
0.0159893
0.0238438
0.0337963
0.0460358
0.0606747
0.0777416
0.0972328
0.119139
0.143459
0.170193
0.199335
0.230886
0.264841
0.320131
0.359549
0.40066
0.443169
0.486784
0.5312
0.576088
0.621162
0.666164
0.710854
0.776808
0.819756
0.861673
0.90238
0.941746
0.97975
1.0339
1.05111
1.08414
1.11528
1.14444
1.18434
1.20835
1.21958
1.24048
1.26794
1.28366
1.29733
1.30893
1.31847
1.32595
1.33139
1.33483
1.33633
1.336
1.33393
1.33021
1.32495
1.31827
1.31027
1.30107
1.28523
1.27946
1.26728
1.25433
1.24071
1.22655
1.21194
1.18943
1.18182
1.15878
1.15108
1.13569
1.12042
1.10532
1.08318
1.06884
1.05488
1.04138
1.02838
1.01595
1.00414
0.992973
0.982479
0.972681
0.963594
0.955233
0.947603
0.940706
0.934542
0.9291
0.924377
0.920361
0.917034
0.914381
0.91238
0.911011
0.91024
0.910042
0.910383
0.911238
0.912579
0.914375
0.916594
0.919195
0.922155
0.925436
0.929007
0.932837
0.936899
0.941162
0.945591
0.950161
0.954834
0.959587
0.966801
0.969212
0.976433
0.981205
0.983568
0.990528
0.995037
0.999414
1.00364
1.00769
1.01157
1.01525
1.01872
1.02197
1.025
1.02779
1.03036
1.03268
1.03476
1.0366
1.03821
1.03958
1.04072
1.04164
1.04234
1.04282
1.04311
1.04319
1.0431
1.04282
1.04239
1.0418
1.04106
1.04019
1.03919
1.03809
1.03688
1.03559
1.03421
1.03276
1.03125
1.0297
1.0281
1.02648
1.02483
1.02319
1.02154
1.01989
1.01826
1.01587
1.01508
1.01354
1.01132
1.01061
1.00855
1.00725
1.00602
1.00486
1.00431
1.00276
1.00183
1.00098
1.00021
0.99951
0.998894
0.998356
0.997896
0.997511
0.997198
0.996958
0.99679
0.996687
0.996649
0.996672
0.99675
0.996883
0.99707
0.997438
0.99774
0.998081
0.998459
0.998871
0.99931
0.999775
1.00026
1.00076
1.00128
1.00181
1.00261
1.00289
1.00344
1.00425
1.00451
1.00531
1.00582
1.00632
1.00681
1.00728
1.00773
1.00816
1.00857
1.00896
1.00933
1.00984
1.01015
1.0103
1.01057
1.01081
1.01114
1.01132
1.01147
1.0116
1.01171
1.01179
1.01184
1.01188
1.01188
1.01186
1.01182
1.01176
1.01169
1.01159
1.01148
1.01136
1.01122
1.011
1.01092
1.01067
1.01049
1.01031
1.01012
1.00993
1.00973
1.00953
1.00933
1.00913
1.00894
1.00876
1.00857
1.0083
1.00822
1.00805
1.00788
1.00773
1.00751
1.00745
1.00732
1.00714
1.00708
1.00698
1.00684
1.0068
1.00673
1.00666
1.0066
1.00653
1.0065
1.00647
1.00646
1.00644
1.00644
1.00645
1.00646
1.00648
1.00651
1.00654
1.00657
1.00661
1.00666
1.00671
1.00676
1.00682
1.00688
1.00694
1.007
1.00706
1.00715
1.00718
1.00728
1.00731
1.00737
1.00743
1.00749
1.00755
1.00761
1.00767
1.00776
1.00783
1.00785
1.00792
1.00797
1.00801
1.00806
1.0081
1.00813
1.00816
1.00821
1.00823
1.00825
1.00826
1.00828
1.00829
1.0083
1.0083
1.0083
1.0083
1.0083
1.0083
1.0083
1.00829
1.00827
1.00826
1.00824
1.00822
1.0082
1.00819
1.00817
1.00816
1.00814
1.00812
1.00807
1.00804
1.00801
1.00798
1.00795
1.00792
1.00789
1.00786
1.00785
1.00783
1.00782
1.0078
1.00779
1.00777
1.00776
1.00774
1.00772
1.0077
1.00769
1.00767
1.00766
1.00765
1.00764
1.00764
1.00764
1.00764
1.00764
1.00764
1.00764
1.00764
1.00764
1.00764
1.00764
1.00764
1.00764
1.00764
1.00764
1.00764
1.00764
1.00764
1.00765
1.00767
1.00768
1.0077
1.00772
1.00773
1.00775
1.00776
1.00778
1.00779
1.00781
1.00782
1.00784
1.00785
1.00787
1.00787
1.00787
1.00787
1.00787
1.00787
1.00787
1.00787
1.00787
1.00787
1.00787
1.00787
1.00787
1.00787
1.00787
1.00787
1.00787
1.00787
1.00787
1.00787
1.00787
1.00787
1.00787
1.00787
1.00787
1.00787
1.00787
1.00787
1.00787
1.00787
1.00787
1.00787
1.00787
1.00787
1.00787
1.00787
1.00787
1.00787
1.00787
1.00787
1.00787
1.00787
1.00787
1.00787
1.00787
1.00787
1.00787
1.00787
1.00787
1.00787
1.00787
1.00787
1.00787
1.00787
1.00787
1.00787
1.00787
1.00787
1.00787
1.00787
1.00787
1.00787
1.00787
1.00787
1.00787
1.00787
1.00787
1.00787
1.00787
1.00787
1.00787
1.00787
1.00787
1.00787
1.00787
1.00787
1.00787
1.00787
1.00787
1.00787
1.00787
1.00787
1.00787
1.00787
1.00787
1.00787
1.00787
1.00787
1.00787
1.00787
1.00787
1.00787
1.00787
1.00787
1.00787
1.00787
1.00787
1.00787
1.00787
1.00787
1.00787
1.00787
1.00787
1.00787
1.00787
1.00787
1.00787
1.00787
1.00787
1.00787
1.00787
1.00787
1.00787
1.00787
1.00787
1.00787
1.00787
1.00787
1.00787
1.00787
1.00787
1.00787
1.00787
1.00787
1.00787
1.00787
1.00787
1.00787
1.00787
1.00787
1.00787
1.00787
1.00787
1.00787
1.00787
1.00787
1.00787
1.00787
1.00787
1.00787
1.00787
1.00787
1.00787
1.00787
1.00787
1.00787
1.00787
1.00787
1.00787
1.00787
1.00787
1.00787
1.00787
1.00787
1.00787
1.00787
1.00787
1.00787
1.00787
1.00787
1.00787
1.00787
1.00787
1.00787
1.00787
1.00787
1.00787
1.00787
1.00787
1.00787
1.00787
1.00787
1.00787
1.00787
1.00787
1.00787
1.00787
1.00787
1.00787
1.00787
1.00787
1.00787
1.00787
1.00787
1.00787
1.00787
1.00787
1.00787
1.00787
1.00787
1.00787
1.00787
1.00787
1.00787
1.00787
1.00787
1.00787
1.00787
1.00787
1.00787
1.00787
1.00787
1.00787
1.00787
1.00787
1.00787
1.00787
1.00787
1.00787
1.00787
1.00787
1.00787
1.00787
1.00787
1.00787
1.00787
1.00787
1.00787
1.00787
1.00787
1.00787
1.00787
1.00787
1.00787
1.00787
1.00787
1.00787
1.00787
1.00787
1.00787
1.00787
1.00787
1.00787
1.00787
1.00787
1.00787
1.00787
1.00787
1.00787
1.00787
1.00787
1.00787
1.00787
1.00787
1.00787
1.00787
1.00787
1.00787
1.00787
1.00787
1.00787
1.00787
1.00787
1.00787
1.00787
1.00787
1.00787
1.00787
1.00787
1.00787
1.00787
1.00787
1.00787
1.00787
1.00787
1.00787
1.00787
1.00787
1.00787
1.00787
1.00787
1.00787
1.00787
1.00787
1.00787
1.00787
1.00787
1.00787
1.00787
1.00787
1.00787
1.00787
1.00787
1.00787
1.00787
1.00787
1.00787
1.00787
1.00787
1.00787
1.00787
1.00787
1.00787
1.00787
1.00787
1.00787
1.00787
1.00787
1.00787
1.00787
1.00787
1.00787
1.00787
1.00787
1.00787
1.00787
1.00787
1.00787
1.00787
1.00787
1.00787
1.00787
1.00787
1.00787
1.00787
1.00787
1.00787
1.00787
1.00787
1.00787
1.00787
1.00787
1.00787
1.00787
1.00787
1.00787
1.00787
1.00787
1.00787
1.00787
1.00787
1.00787
1.00787
1.00787
1.00787
1.00787
1.00787
1.00787
1.00787
1.00787
1.00787
1.00787
1.00787
1.00787
1.00787
1.00787
1.00787
1.00787
1.00787
1.00787
1.00787
1.00787
1.00787
1.00787
1.00787
1.00787
1.00787
1.00787
1.00787
1.00787
1.00787
1.00787
1.00787
1.00787
1.00787
1.00787
1.00787
1.00787
1.00787
1.00787
1.00787
1.00787
1.00787
1.00787
1.00787
1.00787
1.00787
1.00787
1.00787
1.00787
1.00787
1.00787
1.00787
1.00787
1.00787
1.00787
1.00787
1.00787
1.00787
1.00787
1.00787
1.00787
1.00787
1.00787
1.00787
1.00787
1.00787
1.00787
1.00787
1.00787
1.00787
1.00787
1.00787
1.00787
1.00787
1.00787
1.00787
1.00787
1.00787
1.00787
1.00787
1.00787
1.00787
1.00787
1.00787
1.00787
1.00787
1.00787
1.00787
1.00787
1.00787
1.00787
1.00787
1.00787
1.00787
1.00787
1.00787
1.00787
1.00787
1.00787
1.00787
1.00787
1.00787
1.00787
1.00787
1.00787
1.00787
1.00787
1.00787
1.00787
1.00787
1.00787
1.00787
1.00787
1.00787
1.00787
1.00787
1.00787
1.00787
1.00787
1.00787
1.00787
1.00787
1.00787
1.00787
1.00787
1.00787
1.00787
1.00787
1.00787
1.00787
1.00787
1.00787
1.00787
1.00787
1.00787
1.00787
1.00787
1.00787
1.00787
1.00787
1.00787
1.00787
1.00787
1.00787
1.00787
1.00787
1.00787
1.00787
1.00787
1.00787
1.00787
1.00787
1.00787
1.00787
1.00787
1.00787
1.00787
1.00787
1.00787
1.00787
1.00787
1.00787
1.00787
1.00787
1.00787
1.00787
1.00787
1.00787
1.00787
1.00787
1.00787
1.00787
1.00787
1.00787
1.00787
1.00787
1.00787
1.00787
1.00787
1.00787
1.00787
1.00787
1.00787
1.00787
1.00787
1.00787
1.00787
1.00787
1.00787
1.00787
1.00787
1.00787
1.00787
1.00787
1.00787
1.00787
1.00787
1.00787
1.00787
1.00787
1.00787
1.00787
1.00787
1.00787
1.00787
1.00787
1.00787
1.00787
1.00787
1.00787
1.00787
1.00787
1.00787
1.00787
1.00787
1.00787
1.00787
1.00787
1.00787
1.00787
1.00787
1.00787
1.00787
1.00787
1.00787
1.00787
1.00787
1.00787
1.00787
1.00787
1.00787
1.00787
1.00787
1.00787
1.00787
1.00787
1.00787
1.00787
1.00787
1.00787
1.00787
1.00787
1.00787
1.00787
1.00787
1.00787
1.00787
1.00787
1.00787
1.00787
1.00787
1.00787
1.00787
1.00787
1.00787
1.00787
1.00787
1.00787
1.00787
1.00787
1.00787
1.00787
1.00787
1.00787
1.00787
1.00787
1.00787
1.00787
1.00787
1.00787
1.00787
1.00787
1.00787
1.00787
1.00787
1.00787
1.00787
