0
0
0
0
0
0.000123978
0.000635147
0.00187111
0.00413322
0.00768852
0.0127907
0.0196571
0.0283718
0.0388317
0.0508976
0.0717278
0.0872574
0.103968
0.121742
0.140465
0.160032
0.180353
0.201338
0.222881
0.244909
0.267347
0.290125
0.313164
0.336401
0.359768
0.383209
0.406666
0.441769
0.453423
0.476622
0.499638
0.533724
0.544945
0.567144
0.599794
0.621094
0.631588
0.652252
0.682411
0.701927
0.720942
0.73945
0.75745
0.774927
0.791862
0.80825
0.824089
0.839378
0.861282
0.875198
0.888567
0.901394
0.913683
0.925436
0.936674
0.947412
0.957651
0.967402
0.976677
0.985479
0.993822
1.00171
1.00916
1.01953
1.02278
1.02897
1.03477
1.04274
1.04758
1.04987
1.05622
1.05817
1.06183
1.06673
1.06962
1.07222
1.07456
1.07663
1.07846
1.08005
1.08142
1.08256
1.08351
1.08426
1.08483
1.08522
1.08546
1.08554
1.08548
1.08529
1.08496
1.08426
1.08366
1.08296
1.08216
1.08128
1.08032
1.07929
1.07819
1.07704
1.0752
1.07392
1.0726
1.07124
1.06985
1.06844
1.06701
1.06556
1.06409
1.06263
1.06115
1.05893
1.05746
1.056
1.05454
1.0531
1.05167
1.05025
1.04885
1.04748
1.04612
1.04478
1.04347
1.04219
1.04093
1.0397
1.0385
1.03733
1.03619
1.03508
1.034
1.03296
1.03195
1.03097
1.03002
1.02911
1.02823
1.02738
1.02618
1.02579
1.02468
1.02433
1.02364
1.02268
1.02237
1.02149
1.02095
1.02069
1.01994
1.01948
1.01926
1.01864
1.01845
1.01791
1.01758
1.01742
1.01698
1.01672
1.01648
1.01626
1.01605
1.01587
1.01571
1.01556
1.01537
1.01532
1.01522
1.01513
1.01506
1.015
1.01496
1.01493
1.0149
1.01489
1.01489
1.01489
1.01492
1.01493
1.01496
1.015
1.01504
1.01512
1.01518
1.01521
1.0153
1.01538
1.01545
1.01553
1.01561
1.01568
1.01576
1.01585
1.01595
1.01604
1.01613
1.01622
1.01631
1.0164
1.01649
1.01659
1.01668
1.01677
1.01686
1.01695
1.01702
1.0171
1.01718
1.01725
1.01733
1.01741
1.01748
1.01756
1.01764
1.0177
1.01776
1.01782
1.01788
1.01794
1.018
1.01806
1.01812
1.01817
1.01821
1.01826
1.0183
1.01835
1.01839
1.01844
1.01847
1.01852
1.01855
1.01858
1.01859
1.01864
1.01867
1.0187
1.01871
1.01873
1.01874
1.01876
1.01877
1.0188
1.0188
1.01882
1.01883
1.01885
1.01886
1.01886
1.01886
1.01886
1.01886
1.01886
1.01886
1.01886
1.01886
1.01886
1.01886
1.01886
1.01886
1.01886
1.01886
1.01886
1.01886
1.01886
1.01886
1.01886
1.01886
1.01886
1.01886
1.01886
1.01886
1.01885
1.01884
1.01881
1.0188
1.01878
1.01877
1.01875
1.01874
1.01872
1.01871
1.01869
1.01867
1.01866
1.01864
1.01863
1.01861
1.01861
1.01861
1.01861
1.01861
1.01861
1.01861
1.01861
1.01861
1.01861
1.01861
1.01861
1.01861
1.01861
1.01861
1.01861
1.01861
1.01861
1.01861
1.01861
1.01861
1.01861
1.01861
1.01861
1.01861
1.01861
1.01861
1.01861
1.01861
1.01861
1.01861
1.01861
1.01861
1.01861
1.01861
1.01861
1.01861
1.01861
1.01861
1.01861
1.01861
1.01861
1.01861
1.01861
1.01861
1.01861
1.01861
1.01861
1.01861
1.01861
1.01861
1.01861
1.01861
1.01861
1.01861
1.01861
1.01861
1.01861
1.01861
1.01861
1.01861
1.01861
1.01861
1.01861
1.01861
1.01861
1.01861
1.01861
1.01861
1.01861
1.01861
1.01861
1.01861
1.01861
1.01861
1.01861
1.01861
1.01861
1.01861
1.01861
1.01861
1.01861
1.01861
1.01861
1.01861
1.01861
1.01861
1.01861
1.01861
1.01861
1.01861
1.01861
1.01861
1.01861
1.01861
1.01861
1.01861
1.01861
1.01861
1.01861
1.01861
1.01861
1.01861
1.01861
1.01861
1.01861
1.01861
1.01861
1.01861
1.01861
1.01861
1.01861
1.01861
1.01861
1.01861
1.01861
1.01861
1.01861
1.01861
1.01861
1.01861
1.01861
1.01861
1.01861
1.01861
1.01861
1.01861
1.01861
1.01861
1.01861
1.01861
1.01861
1.01861
1.01861
1.01861
1.01861
1.01861
1.01861
1.01861
1.01861
1.01861
1.01861
1.01861
1.01861
1.01861
1.01861
1.01861
1.01861
1.01861
1.01861
1.01861
1.01861
1.01861
1.01861
1.01861
1.01861
1.01861
1.01861
1.01861
1.01861
1.01861
1.01861
1.01861
1.01861
1.01861
1.01861
1.01861
1.01861
1.01861
1.01861
1.01861
1.01861
1.01861
1.01861
1.01861
1.01861
1.01861
1.01861
1.01861
1.01861
1.01861
1.01861
1.01861
1.01861
1.01861
1.01861
1.01861
1.01861
1.01861
1.01861
1.01861
1.01861
1.01861
1.01861
1.01861
1.01861
1.01861
1.01861
1.01861
1.01861
1.01861
1.01861
1.01861
1.01861
1.01861
1.01861
1.01861
1.01861
1.01861
1.01861
1.01861
1.01861
1.01861
1.01861
1.01861
1.01861
1.01861
1.01861
1.01861
1.01861
1.01861
1.01861
1.01861
1.01861
1.01861
1.01861
1.01861
1.01861
1.01861
1.01861
1.01861
1.01861
1.01861
1.01861
1.01861
1.01861
1.01861
1.01861
1.01861
1.01861
1.01861
1.01861
1.01861
1.01861
1.01861
1.01861
1.01861
1.01861
1.01861
1.01861
1.01861
1.01861
1.01861
1.01861
1.01861
1.01861
1.01861
1.01861
1.01861
1.01861
1.01861
1.01861
1.01861
1.01861
1.01861
1.01861
1.01861
1.01861
1.01861
1.01861
1.01861
1.01861
1.01861
1.01861
1.01861
1.01861
1.01861
1.01861
1.01861
1.01861
1.01861
1.01861
1.01861
1.01861
1.01861
1.01861
1.01861
1.01861
1.01861
1.01861
1.01861
1.01861
1.01861
1.01861
1.01861
1.01861
1.01861
1.01861
1.01861
1.01861
1.01861
1.01861
1.01861
1.01861
1.01861
1.01861
1.01861
1.01861
1.01861
1.01861
1.01861
1.01861
1.01861
1.01861
1.01861
1.01861
1.01861
1.01861
1.01861
1.01861
1.01861
1.01861
1.01861
1.01861
1.01861
1.01861
1.01861
1.01861
1.01861
1.01861
1.01861
1.01861
1.01861
1.01861
1.01861
1.01861
1.01861
1.01861
1.01861
1.01861
1.01861
1.01861
1.01861
1.01861
1.01861
1.01861
1.01861
1.01861
1.01861
1.01861
1.01861
1.01861
1.01861
1.01861
1.01861
1.01861
1.01861
1.01861
1.01861
1.01861
1.01861
1.01861
1.01861
1.01861
1.01861
1.01861
1.01861
1.01861
1.01861
1.01861
1.01861
1.01861
1.01861
1.01861
1.01861
1.01861
1.01861
1.01861
1.01861
1.01861
1.01861
1.01861
1.01861
1.01861
1.01861
1.01861
1.01861
1.01861
1.01861
1.01861
1.01861
1.01861
1.01861
1.01861
1.01861
1.01861
1.01861
1.01861
1.01861
1.01861
1.01861
1.01861
1.01861
1.01861
1.01861
1.01861
1.01861
1.01861
1.01861
1.01861
1.01861
1.01861
1.01861
1.01861
1.01861
1.01861
1.01861
1.01861
1.01861
1.01861
1.01861
1.01861
1.01861
1.01861
1.01861
1.01861
1.01861
1.01861
1.01861
1.01861
1.01861
1.01861
1.01861
1.01861
1.01861
1.01861
1.01861
1.01861
1.01861
1.01861
1.01861
1.01861
1.01861
1.01861
1.01861
1.01861
1.01861
1.01861
1.01861
1.01861
1.01861
1.01861
1.01861
1.01861
1.01861
1.01861
1.01861
1.01861
1.01861
1.01861
1.01861
1.01861
1.01861
1.01861
1.01861
1.01861
1.01861
1.01861
1.01861
1.01861
1.01861
1.01861
1.01861
1.01861
1.01861
1.01861
1.01861
1.01861
1.01861
1.01861
1.01861
1.01861
1.01861
1.01861
1.01861
1.01861
1.01861
1.01861
1.01861
1.01861
1.01861
1.01861
1.01861
1.01861
1.01861
1.01861
1.01861
1.01861
1.01861
1.01861
1.01861
1.01861
1.01861
1.01861
1.01861
1.01861
1.01861
1.01861
1.01861
1.01861
1.01861
1.01861
1.01861
1.01861
1.01861
1.01861
1.01861
1.01861
1.01861
1.01861
1.01861
1.01861
1.01861
1.01861
1.01861
1.01861
1.01861
1.01861
1.01861
1.01861
1.01861
1.01861
1.01861
1.01861
1.01861
1.01861
1.01861
1.01861
1.01861
1.01861
1.01861
1.01861
1.01861
1.01861
1.01861
1.01861
1.01861
1.01861
1.01861
1.01861
1.01861
1.01861
1.01861
1.01861
1.01861
1.01861
1.01861
1.01861
1.01861
1.01861
1.01861
1.01861
1.01861
1.01861
1.01861
1.01861
1.01861
1.01861
1.01861
1.01861
1.01861
1.01861
1.01861
1.01861
1.01861
1.01861
1.01861
1.01861
1.01861
1.01861
1.01861
1.01861
1.01861
1.01861
1.01861
1.01861
1.01861
1.01861
1.01861
1.01861
1.01861
1.01861
1.01861
1.01861
1.01861
1.01861
1.01861
1.01861
1.01861
1.01861
1.01861
1.01861
1.01861
1.01861
1.01861
1.01861
1.01861
1.01861
1.01861
1.01861
1.01861
1.01861
1.01861
1.01861
1.01861
1.01861
1.01861
1.01861
1.01861
1.01861
1.01861
1.01861
1.01861
1.01861
1.01861
1.01861
1.01861
1.01861
1.01861
1.01861
1.01861
1.01861
1.01861
1.01861
1.01861
1.01861
1.01861
1.01861
1.01861
1.01861
1.01861
1.01861
1.01861
1.01861
1.01861
1.01861
1.01861
1.01861
1.01861
1.01861
1.01861
1.01861
1.01861
1.01861
1.01861
1.01861
1.01861
1.01861
1.01861
1.01861
1.01861
1.01861
1.01861
1.01861
1.01861
1.01861
1.01861
1.01861
1.01861
1.01861
1.01861
1.01861
1.01861
1.01861
1.01861
1.01861
1.01861
1.01861
1.01861
1.01861
1.01861
1.01861
1.01861
1.01861
1.01861
1.01861
1.01861
1.01861
1.01861
1.01861
1.01861
1.01861
1.01861
1.01861
1.01861
1.01861
1.01861
1.01861
1.01861
1.01861
1.01861
1.01861
1.01861
1.01861
1.01861
1.01861
1.01861
1.01861
1.01861
