0
0
0
0
5.72205e-06
0.000124454
0.000309944
0.00186968
0.00412083
0.00752687
0.0120487
0.0175939
0.0240765
0.0314212
0.0395603
0.0484271
0.05796
0.0681014
0.0843353
0.0957651
0.107625
0.119873
0.132464
0.145356
0.151904
0.171898
0.185481
0.199231
0.213121
0.22713
0.241226
0.255388
0.269596
0.283825
0.298058
0.312283
0.326483
0.340645
0.354752
0.375781
0.38275
0.396614
0.410374
0.430795
0.444246
0.457558
0.470724
0.483736
0.496585
0.509262
0.521761
0.534079
0.546211
0.558156
0.569909
0.581468
0.592833
0.604
0.614969
0.62574
0.636312
0.646686
0.65686
0.666835
0.676614
0.686196
0.700202
0.709296
0.718199
0.726911
0.735433
0.743764
0.751907
0.759865
0.76764
0.778977
0.78267
0.793499
0.80051
0.807357
0.814041
0.820563
0.826927
0.833134
0.839186
0.84798
0.850838
0.856442
0.861904
0.869832
0.872405
0.877449
0.884764
0.889478
0.894064
0.898525
0.902862
0.907079
0.911178
0.915159
0.919027
0.922784
0.926433
0.929976
0.933415
0.936755
0.939997
0.943143
0.946197
0.949159
0.952035
0.954825
0.957533
0.96016
0.962708
0.965178
0.967574
0.969896
0.972147
0.975392
0.977472
0.979486
0.981437
0.982388
0.985152
0.986921
0.988631
0.990285
0.991886
0.993433
0.994929
0.996374
0.997771
0.99912
1.00042
1.00168
1.0029
1.00407
1.00521
1.0063
1.00736
1.00838
1.00936
1.01031
1.01167
1.01254
1.01337
1.01417
1.01495
1.0157
1.01642
1.01711
1.01778
1.01842
1.01904
1.01964
1.02021
1.02076
1.02129
1.0218
1.0223
1.02277
1.02323
1.02366
1.02409
1.02449
1.02488
1.02526
1.02562
1.02596
1.02613
1.02662
1.02692
1.02722
1.0275
1.02777
1.02803
1.02828
1.02864
1.02875
1.02908
1.02929
1.02949
1.02968
1.02986
1.03003
1.0302
1.03036
1.03051
1.03066
1.03086
1.03093
1.03112
1.03124
1.0313
1.03146
1.03156
1.03166
1.03176
1.03185
1.03193
1.03201
1.03209
1.03216
1.03223
1.0323
1.03237
1.03243
1.03248
1.03254
1.03259
1.03264
1.03269
1.03273
1.03277
1.03281
1.03285
1.03289
1.03292
1.03296
1.03299
1.03302
1.03304
1.03307
1.0331
1.03312
1.03314
1.03316
1.03319
1.03321
1.03321
1.03323
1.03325
1.03326
1.03328
1.03329
1.0333
1.03331
1.03332
1.03333
1.03334
1.03335
1.03335
1.03336
1.03337
1.03337
1.03338
1.03338
1.03339
1.03339
1.03339
1.0334
1.0334
1.0334
1.03341
1.03341
1.03341
1.03341
1.03341
1.03341
1.03341
1.03341
1.03341
1.03341
1.03341
1.03341
1.03341
1.03341
1.03341
1.03341
1.03341
1.03341
1.03341
1.03341
1.03341
1.03341
1.03341
1.03341
1.03341
1.03341
1.03341
1.03341
1.03341
1.03341
1.03341
1.03341
1.03341
1.03341
1.03341
1.03341
1.03341
1.03341
1.03341
1.03341
1.03341
1.03341
1.03341
1.03341
1.03341
1.03341
1.03341
1.03341
1.03341
1.03341
1.03341
1.03341
1.03341
1.03341
1.03341
1.03341
1.03341
1.03341
1.03341
1.03341
1.03341
1.03341
1.03341
1.03341
1.03341
1.03341
1.03341
1.03341
1.03341
1.03341
1.03341
1.03341
1.03341
1.03341
1.03341
1.03341
1.03341
1.03341
1.03341
1.03341
1.03341
1.03341
1.03341
1.03341
1.03341
1.03341
1.03341
1.03341
1.03341
1.03341
1.03341
1.03341
1.03341
1.03341
1.03341
1.03341
1.03341
1.03341
1.03341
1.03341
1.03341
1.03341
1.03341
1.03341
1.03341
1.03341
1.03341
1.03341
1.03341
1.03341
1.03341
1.03341
1.03341
1.03341
1.03341
1.03341
1.03341
1.03341
1.03341
1.03341
1.03341
1.03341
1.03341
1.03341
1.03341
1.03341
1.03341
1.03341
1.03341
1.03341
1.03341
1.03341
1.03341
1.03341
1.03341
1.03341
1.03341
1.03341
1.03341
1.03341
1.03341
1.03341
1.03341
1.03341
1.03341
1.03341
1.03341
1.03341
1.03341
1.03341
1.03341
1.03341
1.03341
1.03341
1.03341
1.03341
1.03341
1.03341
1.03341
1.03341
1.03341
1.03341
1.03341
1.03341
1.03341
1.03341
1.03341
1.03341
1.03341
1.03341
1.03341
1.03341
1.03341
1.03341
1.03341
1.03341
1.03341
1.03341
1.03341
1.03341
1.03341
1.03341
1.03341
1.03341
1.03341
1.03341
1.03341
1.03341
1.03341
1.03341
1.03341
1.03341
1.03341
1.03341
1.03341
1.03341
1.03341
1.03341
1.03341
1.03341
1.03341
1.03341
1.03341
1.03341
1.03341
1.03341
1.03341
1.03341
1.03341
1.03341
1.03341
1.03341
1.03341
1.03341
1.03341
1.03341
1.03341
1.03341
1.03341
1.03341
1.03341
1.03341
1.03341
1.03341
1.03341
1.03341
1.03341
1.03341
1.03341
1.03341
1.03341
1.03341
1.03341
1.03341
1.03341
1.03341
1.03341
1.03341
1.03341
1.03341
1.03341
1.03341
1.03341
1.03341
1.03341
1.03341
1.03341
1.03341
1.03341
1.03341
1.03341
1.03341
1.03341
1.03341
1.03341
1.03341
1.03341
1.03341
1.03341
1.03341
1.03341
1.03341
1.03341
1.03341
1.03341
1.03341
1.03341
1.03341
1.03341
1.03341
1.03341
1.03341
1.03341
1.03341
1.03341
1.03341
1.03341
1.03341
1.03341
1.03341
1.03341
1.03341
1.03341
1.03341
1.03341
1.03341
1.03341
1.03341
1.03341
1.03341
1.03341
1.03341
1.03341
1.03341
1.03341
1.03341
1.03341
1.03341
1.03341
1.03341
1.03341
1.03341
1.03341
1.03341
1.03341
1.03341
1.03341
1.03341
1.03341
1.03341
1.03341
1.03341
1.03341
1.03341
1.03341
1.03341
1.03341
1.03341
1.03341
1.03341
1.03341
1.03341
1.03341
1.03341
1.03341
1.03341
1.03341
1.03341
1.03341
1.03341
1.03341
1.03341
1.03341
1.03341
1.03341
1.03341
1.03341
1.03341
1.03341
1.03341
1.03341
1.03341
1.03341
1.03341
1.03341
1.03341
1.03341
1.03341
1.03341
1.03341
1.03341
1.03341
1.03341
1.03341
1.03341
1.03341
1.03341
1.03341
1.03341
1.03341
1.03341
1.03341
1.03341
1.03341
1.03341
1.03341
1.03341
1.03341
1.03341
1.03341
1.03341
1.03341
1.03341
1.03341
1.03341
1.03341
1.03341
1.03341
1.03341
1.03341
1.03341
1.03341
1.03341
1.03341
1.03341
1.03341
1.03341
1.03341
1.03341
1.03341
1.03341
1.03341
1.03341
1.03341
1.03341
1.03341
1.03341
1.03341
1.03341
1.03341
1.03341
1.03341
1.03341
1.03341
1.03341
1.03341
1.03341
1.03341
1.03341
1.03341
1.03341
1.03341
1.03341
1.03341
1.03341
1.03341
1.03341
1.03341
1.03341
1.03341
1.03341
1.03341
1.03341
1.03341
1.03341
1.03341
1.03341
1.03341
1.03341
1.03341
1.03341
1.03341
1.03341
1.03341
1.03341
1.03341
1.03341
1.03341
1.03341
1.03341
1.03341
1.03341
1.03341
1.03341
1.03341
1.03341
1.03341
1.03341
1.03341
1.03341
1.03341
1.03341
1.03341
1.03341
1.03341
1.03341
1.03341
1.03341
1.03341
1.03341
1.03341
1.03341
1.03341
1.03341
1.03341
1.03341
1.03341
1.03341
1.03341
1.03341
1.03341
1.03341
1.03341
1.03341
1.03341
1.03341
1.03341
1.03341
1.03341
1.03341
1.03341
1.03341
1.03341
1.03341
1.03341
1.03341
1.03341
1.03341
1.03341
1.03341
1.03341
1.03341
1.03341
1.03341
1.03341
1.03341
1.03341
1.03341
1.03341
1.03341
1.03341
1.03341
1.03341
1.03341
1.03341
1.03341
1.03341
1.03341
1.03341
1.03341
1.03341
1.03341
1.03341
1.03341
1.03341
1.03341
1.03341
1.03341
1.03341
1.03341
1.03341
1.03341
1.03341
1.03341
1.03341
1.03341
1.03341
1.03341
1.03341
1.03341
1.03341
1.03341
1.03341
1.03341
1.03341
1.03341
1.03341
1.03341
1.03341
1.03341
1.03341
1.03341
1.03341
1.03341
1.03341
1.03341
1.03341
1.03341
1.03341
1.03341
1.03341
1.03341
1.03341
1.03341
1.03341
1.03341
1.03341
1.03341
1.03341
1.03341
1.03341
1.03341
1.03341
1.03341
1.03341
1.03341
1.03341
1.03341
1.03341
1.03341
1.03341
1.03341
1.03341
1.03341
1.03341
1.03341
1.03341
1.03341
1.03341
1.03341
1.03341
1.03341
1.03341
1.03341
1.03341
1.03341
1.03341
1.03341
1.03341
1.03341
1.03341
1.03341
1.03341
1.03341
1.03341
1.03341
1.03341
1.03341
1.03341
1.03341
1.03341
1.03341
1.03341
1.03341
1.03341
1.03341
1.03341
1.03341
1.03341
1.03341
1.03341
1.03341
1.03341
1.03341
1.03341
1.03341
1.03341
1.03341
1.03341
1.03341
1.03341
1.03341
1.03341
1.03341
1.03341
1.03341
1.03341
1.03341
1.03341
1.03341
1.03341
1.03341
1.03341
1.03341
1.03341
1.03341
1.03341
1.03341
1.03341
1.03341
1.03341
1.03341
1.03341
1.03341
1.03341
1.03341
1.03341
1.03341
1.03341
1.03341
1.03341
1.03341
1.03341
1.03341
1.03341
1.03341
1.03341
1.03341
1.03341
1.03341
1.03341
1.03341
1.03341
1.03341
1.03341
1.03341
1.03341
1.03341
1.03341
1.03341
1.03341
1.03341
1.03341
1.03341
1.03341
1.03341
1.03341
1.03341
1.03341
1.03341
1.03341
1.03341
1.03341
1.03341
1.03341
1.03341
1.03341
1.03341
1.03341
1.03341
1.03341
1.03341
1.03341
1.03341
1.03341
1.03341
1.03341
1.03341
1.03341
1.03341
1.03341
1.03341
1.03341
1.03341
1.03341
1.03341
1.03341
1.03341
1.03341
1.03341
1.03341
1.03341
1.03341
1.03341
1.03341
1.03341
1.03341
1.03341
1.03341
1.03341
1.03341
1.03341
1.03341
1.03341
1.03341
1.03341
1.03341
1.03341
1.03341
1.03341
1.03341
1.03341
1.03341
1.03341
1.03341
1.03341
1.03341
1.03341
1.03341
1.03341
1.03341
1.03341
1.03341
1.03341
1.03341
1.03341
