0
0
0
0
5.24521e-06
0.000123501
0.000596046
0.00154448
0.00295305
0.00477791
0.00698757
0.009552
0.0124445
0.0156417
0.0209556
0.0228548
0.0268292
0.0331974
0.0354204
0.0423608
0.0471954
0.0496697
0.0573006
0.0625453
0.067903
0.0733624
0.0789137
0.0845475
0.0902548
0.0960264
0.101858
0.104793
0.113666
0.11963
0.125627
0.131651
0.137697
0.143762
0.14984
0.155927
0.162021
0.168117
0.174212
0.180302
0.186386
0.192459
0.198522
0.20457
0.210601
0.216615
0.222608
0.228579
0.234527
0.240451
0.246348
0.252219
0.258061
0.263873
0.269654
0.275404
0.281125
0.286811
0.292466
0.298086
0.303672
0.309224
0.31474
0.32022
0.325665
0.331074
0.336446
0.341783
0.349717
0.354961
0.360168
0.365337
0.370469
0.375564
0.380622
0.385642
0.390625
0.395571
0.40048
0.405354
0.410189
0.414987
0.419748
0.426822
0.429161
0.433814
0.438431
0.443011
0.447556
0.454307
0.458763
0.463183
0.467569
0.471921
0.476238
0.480521
0.484771
0.488987
0.493169
0.497318
0.501434
0.505517
0.509568
0.513585
0.517571
0.521523
0.525445
0.529336
0.533195
0.538922
0.542703
0.546453
0.550172
0.553861
0.557519
0.559337
0.56475
0.56832
0.57186
0.575374
0.578856
0.582312
0.585737
0.590824
0.592505
0.595848
0.599163
0.60245
0.607331
0.608945
0.613746
0.616914
0.618487
0.623171
0.626262
0.629327
0.632366
0.635382
0.638371
0.641335
0.644276
0.647193
0.650086
0.652955
0.655801
0.658624
0.661424
0.664201
0.666955
0.669686
0.672396
0.675082
0.677747
0.68039
0.683011
0.685612
0.68819
0.690747
0.694545
0.697051
0.699537
0.702003
0.704448
0.706873
0.709277
0.712846
0.715202
0.717538
0.719855
0.722153
0.724432
0.726691
0.728933
0.731156
0.733361
0.735549
0.737718
0.739869
0.742003
0.74412
0.746219
0.749335
0.751392
0.753431
0.754445
0.757462
0.759452
0.761426
0.763384
0.765326
0.767251
0.76916
0.771054
0.773867
0.774796
0.777563
0.779388
0.781199
0.782993
0.784775
0.786541
0.788292
0.79003
0.791752
0.793461
0.795156
0.797673
0.799334
0.800159
0.801799
0.803426
0.80584
0.806639
0.808226
0.810582
0.81136
0.813678
0.815207
0.816722
0.818226
0.819717
0.821197
0.822664
0.824119
0.825562
0.827703
0.829116
0.830517
0.831907
0.832598
0.834653
0.836008
0.837354
0.838687
0.84001
0.841974
0.843269
0.844555
0.845831
0.847095
0.848349
0.849592
0.850825
0.852049
0.853865
0.855062
0.856251
0.85743
0.858599
0.859758
0.860908
0.862048
0.863179
0.864302
0.865967
0.866517
0.868156
0.869237
0.870309
0.871372
0.872427
0.872951
0.87451
0.875539
0.876559
0.878075
0.878574
0.87957
0.880557
0.881536
0.88299
0.883471
0.884901
0.885845
0.886314
0.887709
0.88817
0.889542
0.890448
0.891346
0.892237
0.893121
0.893997
0.894867
0.895729
0.896584
0.897431
0.898273
0.899107
0.900347
0.900756
0.90157
0.902378
0.903576
0.903973
0.90476
0.905541
0.906317
0.907467
0.908226
0.908979
0.909727
0.910467
0.911201
0.91193
0.912653
0.91337
0.91408
0.914784
0.915483
0.916178
0.916864
0.917546
0.918222
0.918894
0.919558
0.920217
0.920872
0.92152
0.922163
0.922483
0.923435
0.924375
0.924994
0.925303
0.925914
0.926521
0.927124
0.928018
0.928313
0.928901
0.929482
0.930347
0.930634
0.931202
0.931767
0.932324
0.933154
0.933703
0.933974
0.934516
0.935319
0.935848
0.936375
0.936895
0.937414
0.937925
0.938435
0.938938
0.939439
0.939439
0.940427
0.940915
0.941399
0.941879
0.942354
0.942827
0.943295
0.94376
0.94422
0.944677
0.94513
0.94558
0.946026
0.946468
0.946907
0.947342
0.947774
0.948201
0.948627
0.949047
0.949467
0.949879
0.950291
0.950698
0.951102
0.951504
0.952099
0.952492
0.952686
0.953075
0.95365
0.954032
0.954408
0.954782
0.955153
0.95552
0.955886
0.956246
0.956605
0.956963
0.957314
0.957664
0.958012
0.958355
0.958698
0.959036
0.959372
0.959707
0.960199
0.960527
0.96085
0.96117
0.961491
0.961805
0.962118
0.962431
0.962737
0.963042
0.963347
0.963647
0.964093
0.964242
0.964534
0.964824
0.965114
0.965541
0.965682
0.965964
0.966382
0.966657
0.966931
0.967203
0.96747
0.967737
0.968004
0.968265
0.968524
0.968783
0.96904
0.969292
0.969543
0.969795
0.970164
0.970286
0.970653
0.970775
0.97113
0.971249
0.971603
0.971836
0.972065
0.972294
0.972523
0.972748
0.972969
0.97319
0.973412
0.973631
0.973845
0.974058
0.974379
0.974589
0.974795
0.975001
0.975207
0.975513
0.975712
0.97591
0.976109
0.976307
0.9765
0.97669
0.976881
0.977072
0.977262
0.977447
0.97763
0.977904
0.978087
0.978269
0.978444
0.97862
0.978795
0.978971
0.979146
0.979314
0.979482
0.97965
0.979817
0.979985
0.98015
0.98031
0.980471
0.980631
0.980791
0.980951
0.981107
0.981336
0.981412
0.981565
0.981717
0.98187
0.98209
0.982235
0.98238
0.982525
0.98267
0.982815
0.982954
0.983091
0.983229
0.983366
0.983503
0.983641
0.983778
0.983908
0.984037
0.984167
0.984297
0.984426
0.984556
0.984686
0.98481
0.984993
0.985115
0.985237
0.985359
0.985481
0.985603
0.98572
0.985891
0.985949
0.98612
0.986235
0.986349
0.986464
0.986577
0.986684
0.986791
0.986897
0.987004
0.987111
0.987218
0.987325
0.987432
0.987535
0.987634
0.987782
0.987832
0.987981
0.98803
0.98813
0.988229
0.988378
0.988472
0.988564
0.988655
0.988747
0.988838
0.98893
0.989021
0.989113
0.98925
0.989342
0.989426
0.98951
0.989594
0.989677
0.989761
0.989845
0.989971
0.990055
0.990139
0.990223
0.990304
0.99038
0.990457
0.990533
0.990647
0.990685
0.990762
0.990838
0.990952
0.991029
0.991105
0.991181
0.991218
0.991321
0.991389
0.991458
0.991527
0.991595
0.991664
0.991733
0.991801
0.99187
0.991939
0.992007
0.992076
0.992143
0.992204
0.992265
0.992326
0.992387
0.992448
0.992509
0.99257
0.992631
0.992692
0.992753
0.992814
0.992875
0.992936
0.993028
0.993058
0.993112
0.993165
0.993218
0.993272
0.993325
0.993379
0.993432
0.993512
0.993566
0.993619
0.993672
0.993726
0.993779
0.993833
0.993913
0.993966
0.994015
0.994061
0.994106
0.994152
0.994198
0.994244
0.994312
0.994335
0.994381
0.99445
0.994495
0.994541
0.994587
0.994633
0.994678
0.994724
0.99477
0.994816
0.994862
0.994907
0.994966
0.994985
0.995042
0.995061
0.995099
0.995156
0.995194
0.995233
0.995271
0.995309
0.995347
0.995385
0.995423
0.995461
0.9955
0.995538
0.995576
0.995633
0.995671
0.995709
0.995748
0.995786
0.995824
0.995858
0.995889
0.995934
0.99595
0.99598
0.996026
0.996057
0.996087
0.996118
0.996148
0.996179
0.996209
0.99624
0.99627
0.996301
0.996331
0.996362
0.996392
0.996438
0.996453
0.996484
0.996514
0.99656
0.996591
0.996621
0.996652
0.996667
0.996713
0.996743
0.996774
0.996797
0.996819
0.996842
0.996877
0.9969
0.996922
0.996945
0.996968
0.996991
0.997014
0.997048
0.997071
0.997094
0.997117
0.99714
0.997174
0.997197
0.99722
0.997243
0.997266
0.997277
0.997323
0.997334
0.997357
0.997392
0.997415
0.997437
0.99746
0.997483
0.997506
0.99754
0.997563
0.997586
0.997609
0.997632
0.997655
0.997689
0.9977
0.997715
0.99773
0.997753
0.997761
0.997776
0.997791
0.997807
0.997822
0.997837
0.997852
0.997875
0.99789
0.997906
0.997921
0.997936
0.997952
0.997974
0.997982
0.997997
0.99802
0.998028
0.998051
0.998066
0.998081
0.998096
0.998112
0.998127
0.998142
0.998158
0.998173
0.998188
0.998203
0.998219
0.998234
0.998249
0.998264
0.99828
0.998295
0.99831
0.998333
0.998341
0.998356
0.998379
0.998394
0.998409
0.998425
0.99844
0.998455
0.99847
0.998486
0.998501
0.998516
0.998531
0.998547
0.998562
0.998577
0.998592
0.998615
0.998623
0.998639
0.998647
0.998651
0.998658
0.99867
0.998673
0.998685
0.998693
0.9987
0.998708
0.998715
0.998723
0.998731
0.998738
0.998746
0.998754
0.998761
0.998769
0.998776
0.998784
0.998792
0.998799
0.998807
0.998815
0.998826
0.99883
0.998841
0.998845
0.998853
0.99886
0.998872
0.998879
0.998887
0.998895
0.998902
0.99891
0.998918
0.998925
0.998933
0.998944
0.998952
0.998956
0.998963
0.998975
0.998982
0.99899
0.998998
0.999005
0.999013
0.999021
0.999028
0.999036
0.999043
0.999051
0.999059
0.999066
0.999074
0.999082
0.999089
0.999101
0.999108
0.999116
0.999124
0.999131
0.999139
0.999146
0.999154
0.999166
0.999169
0.999181
0.999188
0.999192
0.999204
0.999207
0.999219
0.999227
0.99923
0.999242
0.999249
0.999257
0.999261
0.999272
0.99928
0.999288
0.999295
0.999303
0.99931
0.999318
0.999326
0.999333
0.999341
0.999349
0.999356
0.999364
0.999372
0.999379
0.999387
0.999398
0.999406
0.999413
0.999421
0.999429
0.999436
0.999444
0.999452
0.999459
0.999467
0.999475
0.999482
0.99949
0.999497
0.999505
0.999513
0.99952
0.999528
0.999536
0.999543
0.999555
0.999562
0.999566
0.999568
0.999568
0.999568
0.999568
0.999568
0.999568
0.999568
0.999568
0.999568
0.999568
0.999568
0.999568
0.999568
0.999568
0.999568
0.999568
0.999568
0.999568
0.999568
0.999568
0.999568
0.999568
0.999568
0.999568
0.999568
0.999568
0.999568
0.999568
0.999568
0.999568
0.999568
0.999568
0.999568
0.999568
0.999568
0.999568
0.999568
0.999568
0.999568
0.999568
0.999568
0.999568
0.999568
0.999568
0.999568
0.999568
0.999568
0.999568
0.999568
0.999568
0.999568
0.999568
0.999568
0.999568
0.999568
0.999568
0.999568
0.999568
0.999568
0.999568
0.999568
0.999568
0.999568
0.999568
0.999568
0.999568
0.999568
0.999568
0.999568
0.999568
0.999568
0.999568
0.999568
0.999568
0.999568
0.999568
0.999568
0.999568
0.999568
0.999568
0.999568
0.999568
0.999568
0.999568
