0
0
0
0
3.52859e-05
0.000123024
0.00114059
0.00285435
0.00573158
0.0100327
0.015995
0.0238438
0.0337944
0.0460329
0.0606737
0.0777407
0.09723
0.119137
0.143451
0.170115
0.198941
0.229695
0.262144
0.296068
0.331252
0.367484
0.40455
0.442248
0.480389
0.51879
0.576512
0.614832
0.652836
0.690377
0.727324
0.763529
0.798838
0.833139
0.866347
0.898381
0.929168
0.95864
0.986742
1.01343
1.05072
1.07371
1.09519
1.11514
1.1336
1.15061
1.16617
1.18028
1.19295
1.2042
1.21406
1.22257
1.22976
1.23568
1.24037
1.24387
1.24622
1.24771
1.24769
1.24691
1.24519
1.24098
1.23716
1.23261
1.22737
1.22152
1.2151
1.20819
1.20084
1.1931
1.18504
1.17671
1.16815
1.15942
1.15057
1.14162
1.13263
1.11914
1.11466
1.10133
1.09258
1.08398
1.07555
1.06732
1.05931
1.05157
1.04408
1.03686
1.02991
1.02324
1.01686
1.0108
1.00506
0.999642
0.994555
0.989801
0.985384
0.981306
0.975819
0.974156
0.971081
0.967078
0.964809
0.962855
0.961207
0.959853
0.958785
0.957995
0.957472
0.957205
0.957179
0.957383
0.957803
0.958808
0.959237
0.960224
0.961372
0.96267
0.964103
0.965657
0.967321
0.96908
0.971873
0.97284
0.975824
0.977869
0.979946
0.982042
0.984148
0.986254
0.988351
0.99043
0.992482
0.994502
0.996483
0.998418
1.0003
1.00213
1.00389
1.00559
1.00722
1.00878
1.01027
1.01168
1.01301
1.01426
1.01544
1.01653
1.01754
1.01848
1.01933
1.0201
1.0208
1.02142
1.02197
1.02244
1.02284
1.02317
1.02343
1.02363
1.02376
1.02383
1.02385
1.02381
1.02371
1.02357
1.02338
1.02314
1.02287
1.02256
1.02202
1.02183
1.02142
1.02099
1.0203
1.01981
1.01957
1.01881
1.01828
1.01776
1.01723
1.01669
1.01616
1.01563
1.0151
1.01458
1.01407
1.01357
1.01308
1.01261
1.01214
1.0117
1.01127
1.01086
1.01027
1.00991
1.00973
1.0094
1.00908
1.00865
1.00838
1.00814
1.00792
1.00772
1.00753
1.00737
1.00723
1.00711
1.00701
1.00692
1.00686
1.0068
1.00677
1.00675
1.00675
1.00676
1.00678
1.00681
1.00686
1.00692
1.00698
1.00706
1.00714
1.00729
1.00739
1.00744
1.00761
1.00773
1.00779
1.00797
1.0081
1.00823
1.00836
1.00849
1.00862
1.00875
1.00888
1.009
1.00912
1.00924
1.00936
1.00947
1.00958
1.00969
1.00979
1.00989
1.00998
1.01007
1.0102
1.01028
1.01035
1.01042
1.01048
1.01053
1.01058
1.01063
1.01067
1.01071
1.01074
1.01077
1.01079
1.01081
1.01082
1.01083
1.01084
1.01084
1.01084
1.01084
1.01083
1.01082
1.01081
1.01079
1.01078
1.01075
1.01073
1.0107
1.01068
1.01064
1.01061
1.01059
1.01056
1.01052
1.0105
1.01046
1.01043
1.0104
1.01036
1.01033
1.0103
1.01027
1.01024
1.01021
1.01018
1.01015
1.01012
1.01009
1.01007
1.01005
1.01002
1.01
1.00998
1.00995
1.00993
1.00992
1.0099
1.00989
1.00987
1.00985
1.00984
1.00984
1.00983
1.00982
1.00981
1.0098
1.0098
1.0098
1.0098
1.0098
1.0098
1.0098
1.0098
1.0098
1.0098
1.0098
1.00981
1.00981
1.00982
1.00983
1.00984
1.00985
1.00986
1.00986
1.00987
1.00988
1.00989
1.00989
1.0099
1.00991
1.00992
1.00992
1.00993
1.00994
1.00995
1.00995
1.00996
1.00997
1.00998
1.00999
1.01
1.01
1.01001
1.01002
1.01003
1.01003
1.01004
1.01005
1.01005
1.01005
1.01005
1.01005
1.01005
1.01005
1.01005
1.01005
1.01005
1.01005
1.01005
1.01005
1.01005
1.01005
1.01005
1.01005
1.01005
1.01005
1.01005
1.01005
1.01005
1.01005
1.01005
1.01005
1.01005
1.01005
1.01005
1.01005
1.01005
1.01005
1.01005
1.01005
1.01005
1.01005
1.01005
1.01005
1.01005
1.01005
1.01005
1.01005
1.01005
1.01005
1.01005
1.01005
1.01005
1.01005
1.01005
1.01005
1.01005
1.01005
1.01005
1.01005
1.01005
1.01005
1.01005
1.01005
1.01005
1.01005
1.01005
1.01005
1.01005
1.01005
1.01005
1.01005
1.01005
1.01005
1.01005
1.01005
1.01005
1.01005
1.01005
1.01005
1.01005
1.01005
1.01005
1.01005
1.01005
1.01005
1.01005
1.01005
1.01005
1.01005
1.01005
1.01005
1.01005
1.01005
1.01005
1.01005
1.01005
1.01005
1.01005
1.01005
1.01005
1.01005
1.01005
1.01005
1.01005
1.01005
1.01005
1.01005
1.01005
1.01005
1.01005
1.01005
1.01005
1.01005
1.01005
1.01005
1.01005
1.01005
1.01005
1.01005
1.01005
1.01005
1.01005
1.01005
1.01005
1.01005
1.01005
1.01005
1.01005
1.01005
1.01005
1.01005
1.01005
1.01005
1.01005
1.01005
1.01005
1.01005
1.01005
1.01005
1.01005
1.01005
1.01005
1.01005
1.01005
1.01005
1.01005
1.01005
1.01005
1.01005
1.01005
1.01005
1.01005
1.01005
1.01005
1.01005
1.01005
1.01005
1.01005
1.01005
1.01005
1.01005
1.01005
1.01005
1.01005
1.01005
1.01005
1.01005
1.01005
1.01005
1.01005
1.01005
1.01005
1.01005
1.01005
1.01005
1.01005
1.01005
1.01005
1.01005
1.01005
1.01005
1.01005
1.01005
1.01005
1.01005
1.01005
1.01005
1.01005
1.01005
1.01005
1.01005
1.01005
1.01005
1.01005
1.01005
1.01005
1.01005
1.01005
1.01005
1.01005
1.01005
1.01005
1.01005
1.01005
1.01005
1.01005
1.01005
1.01005
1.01005
1.01005
1.01005
1.01005
1.01005
1.01005
1.01005
1.01005
1.01005
1.01005
1.01005
1.01005
1.01005
1.01005
1.01005
1.01005
1.01005
1.01005
1.01005
1.01005
1.01005
1.01005
1.01005
1.01005
1.01005
1.01005
1.01005
1.01005
1.01005
1.01005
1.01005
1.01005
1.01005
1.01005
1.01005
1.01005
1.01005
1.01005
1.01005
1.01005
1.01005
1.01005
1.01005
1.01005
1.01005
1.01005
1.01005
1.01005
1.01005
1.01005
1.01005
1.01005
1.01005
1.01005
1.01005
1.01005
1.01005
1.01005
1.01005
1.01005
1.01005
1.01005
1.01005
1.01005
1.01005
1.01005
1.01005
1.01005
1.01005
1.01005
1.01005
1.01005
1.01005
1.01005
1.01005
1.01005
1.01005
1.01005
1.01005
1.01005
1.01005
1.01005
1.01005
1.01005
1.01005
1.01005
1.01005
1.01005
1.01005
1.01005
1.01005
1.01005
1.01005
1.01005
1.01005
1.01005
1.01005
1.01005
1.01005
1.01005
1.01005
1.01005
1.01005
1.01005
1.01005
1.01005
1.01005
1.01005
1.01005
1.01005
1.01005
1.01005
1.01005
1.01005
1.01005
1.01005
1.01005
1.01005
1.01005
1.01005
1.01005
1.01005
1.01005
1.01005
1.01005
1.01005
1.01005
1.01005
1.01005
1.01005
1.01005
1.01005
1.01005
1.01005
1.01005
1.01005
1.01005
1.01005
1.01005
1.01005
1.01005
1.01005
1.01005
1.01005
1.01005
1.01005
1.01005
1.01005
1.01005
1.01005
1.01005
1.01005
1.01005
1.01005
1.01005
1.01005
1.01005
1.01005
1.01005
1.01005
1.01005
1.01005
1.01005
1.01005
1.01005
1.01005
1.01005
1.01005
1.01005
1.01005
1.01005
1.01005
1.01005
1.01005
1.01005
1.01005
1.01005
1.01005
1.01005
1.01005
1.01005
1.01005
1.01005
1.01005
1.01005
1.01005
1.01005
1.01005
1.01005
1.01005
1.01005
1.01005
1.01005
1.01005
1.01005
1.01005
1.01005
1.01005
1.01005
1.01005
1.01005
1.01005
1.01005
1.01005
1.01005
1.01005
1.01005
1.01005
1.01005
1.01005
1.01005
1.01005
1.01005
1.01005
1.01005
1.01005
1.01005
1.01005
1.01005
1.01005
1.01005
1.01005
1.01005
1.01005
1.01005
1.01005
1.01005
1.01005
1.01005
1.01005
1.01005
1.01005
1.01005
1.01005
1.01005
1.01005
1.01005
1.01005
1.01005
1.01005
1.01005
1.01005
1.01005
1.01005
1.01005
1.01005
1.01005
1.01005
1.01005
1.01005
1.01005
1.01005
1.01005
1.01005
1.01005
1.01005
1.01005
1.01005
1.01005
1.01005
1.01005
1.01005
1.01005
1.01005
1.01005
1.01005
1.01005
1.01005
1.01005
1.01005
1.01005
1.01005
1.01005
1.01005
1.01005
1.01005
1.01005
1.01005
1.01005
1.01005
1.01005
1.01005
1.01005
1.01005
1.01005
1.01005
1.01005
1.01005
1.01005
1.01005
1.01005
1.01005
1.01005
1.01005
1.01005
1.01005
1.01005
1.01005
1.01005
1.01005
1.01005
1.01005
1.01005
1.01005
1.01005
1.01005
1.01005
1.01005
1.01005
1.01005
1.01005
1.01005
1.01005
1.01005
1.01005
1.01005
1.01005
1.01005
1.01005
1.01005
1.01005
1.01005
1.01005
1.01005
1.01005
1.01005
1.01005
1.01005
1.01005
1.01005
1.01005
1.01005
1.01005
1.01005
1.01005
1.01005
1.01005
1.01005
1.01005
1.01005
1.01005
1.01005
1.01005
1.01005
1.01005
1.01005
1.01005
1.01005
1.01005
1.01005
1.01005
1.01005
1.01005
1.01005
1.01005
1.01005
1.01005
1.01005
1.01005
1.01005
1.01005
1.01005
1.01005
1.01005
1.01005
1.01005
1.01005
1.01005
1.01005
1.01005
1.01005
1.01005
1.01005
1.01005
1.01005
1.01005
1.01005
1.01005
1.01005
1.01005
1.01005
1.01005
1.01005
1.01005
1.01005
1.01005
1.01005
1.01005
1.01005
1.01005
1.01005
1.01005
1.01005
1.01005
1.01005
1.01005
1.01005
1.01005
1.01005
1.01005
1.01005
1.01005
1.01005
1.01005
1.01005
1.01005
1.01005
1.01005
1.01005
1.01005
1.01005
1.01005
1.01005
1.01005
1.01005
1.01005
1.01005
1.01005
1.01005
1.01005
1.01005
1.01005
1.01005
1.01005
1.01005
1.01005
1.01005
1.01005
1.01005
1.01005
1.01005
1.01005
1.01005
1.01005
1.01005
1.01005
1.01005
1.01005
1.01005
