0
0
0
0
3.8147e-06
0.00012207
0.000629425
0.0018692
0.0041275
0.0076828
0.0127831
0.0196648
0.0285378
0.039608
0.0530396
0.0688934
0.0871735
0.107868
0.130981
0.170181
0.184448
0.214794
0.247547
0.301182
0.339901
0.360096
0.402008
0.468048
0.513664
0.560112
0.583549
0.654354
0.701569
0.748398
0.794544
0.839867
0.884338
0.927814
0.970036
1.01072
1.04968
1.08677
1.12186
1.15487
1.18578
1.21461
1.24136
1.26603
1.29915
1.30915
1.33606
1.35142
1.35833
1.37597
1.38516
1.3923
1.39739
1.40043
1.40143
1.40038
1.39497
1.38882
1.3807
1.37072
1.35902
1.34576
1.3311
1.30681
1.2893
1.2709
1.25177
1.23206
1.21192
1.19153
1.17103
1.15054
1.13016
1.11002
1.09021
1.07085
1.05202
1.03381
1.01631
0.999565
0.983658
0.968643
0.954575
0.941483
0.929401
0.913231
0.908371
0.899448
0.888065
0.884804
0.879082
0.874413
0.870762
0.867146
0.866421
0.865654
0.865772
0.866726
0.86964
0.870979
0.876026
0.880173
0.884888
0.890106
0.895782
0.901855
0.90826
0.914955
0.921879
0.928978
0.936207
0.943527
0.950909
0.958324
0.965721
0.973053
0.980286
0.987385
0.994305
1.00426
1.00746
1.01664
1.02238
1.02778
1.03283
1.0375
1.04178
1.04566
1.04914
1.0522
1.05486
1.05712
1.05898
1.06046
1.06195
1.06248
1.06268
1.06253
1.06208
1.06132
1.0603
1.059
1.05747
1.05572
1.05273
1.05165
1.04937
1.04695
1.0431
1.04042
1.03767
1.03486
1.03202
1.02916
1.02631
1.02348
1.02068
1.01793
1.01525
1.01264
1.01012
1.0077
1.00539
1.00319
1.00112
0.999172
0.997364
0.995693
0.994171
0.99279
0.991562
0.98999
0.989128
0.988411
0.987835
0.9874
0.987103
0.986938
0.986908
0.987
0.987198
0.987507
0.987915
0.988422
0.989017
0.989693
0.990444
0.991261
0.992134
0.993061
0.99403
0.995037
0.996075
0.997139
0.998207
0.999294
1.00039
1.00201
1.00307
1.00412
1.00514
1.00613
1.00709
1.00801
1.0093
1.00971
1.01086
1.01155
1.0122
1.01278
1.01305
1.01377
1.01418
1.01453
1.01482
1.01506
1.01524
1.01537
1.01545
1.01548
1.01546
1.01539
1.01528
1.01513
1.01493
1.0147
1.01444
1.01414
1.01382
1.01348
1.01311
1.01272
1.01233
1.0119
1.01147
1.01105
1.01062
1.00998
1.00977
1.00934
1.00891
1.00827
1.00786
1.00747
1.00708
1.00671
1.00636
1.00603
1.00572
1.00529
1.00516
1.00481
1.00459
1.00441
1.00425
1.00411
1.00399
1.0039
1.00383
1.00378
1.00375
1.00374
1.00377
1.00378
1.00386
1.00392
1.00401
1.0041
1.00423
1.00435
1.00447
1.00463
1.00478
1.00493
1.00508
1.00525
1.00543
1.00562
1.0058
1.00598
1.00616
1.00635
1.00651
1.00666
1.00681
1.00704
1.00712
1.00727
1.00739
1.00751
1.00769
1.00774
1.00784
1.00793
1.00802
1.00811
1.00817
1.00824
1.00827
1.0083
1.00833
1.00834
1.00834
1.00834
1.00834
1.00832
1.00829
1.00826
1.00823
1.0082
1.00816
1.0081
1.00804
1.00798
1.00792
1.00786
1.00777
1.00774
1.00768
1.00761
1.00752
1.00746
1.0074
1.00734
1.00728
1.00722
1.00716
1.0071
1.00703
1.00694
1.00691
1.00682
1.00679
1.00676
1.00673
1.00669
1.00665
1.00663
1.0066
1.00656
1.00655
1.00655
1.00655
1.00655
1.00655
1.00655
1.00655
1.00655
1.00655
1.00655
1.00655
1.00657
1.0066
1.00663
1.00668
1.00671
1.00674
1.00677
1.0068
1.00683
1.00686
1.00689
1.00692
1.00695
1.00698
1.00702
1.00705
1.00708
1.00711
1.00714
1.00717
1.0072
1.00724
1.00726
1.00726
1.00726
1.00726
1.00726
1.00726
1.00726
1.00726
1.00726
1.00726
1.00726
1.00726
1.00726
1.00726
1.00726
1.00726
1.00726
1.00726
1.00726
1.00726
1.00726
1.00726
1.00726
1.00726
1.00726
1.00726
1.00726
1.00726
1.00726
1.00726
1.00726
1.00726
1.00724
1.00721
1.00718
1.00715
1.00712
1.00709
1.00704
1.00703
1.007
1.007
1.007
1.007
1.007
1.007
1.007
1.007
1.007
1.007
1.007
1.007
1.007
1.007
1.007
1.007
1.007
1.007
1.007
1.007
1.007
1.007
1.007
1.007
1.007
1.007
1.007
1.007
1.007
1.007
1.007
1.007
1.007
1.007
1.007
1.007
1.007
1.007
1.007
1.007
1.007
1.007
1.007
1.007
1.007
1.007
1.007
1.007
1.007
1.007
1.007
1.007
1.007
1.007
1.007
1.007
1.007
1.007
1.007
1.007
1.007
1.007
1.007
1.007
1.007
1.007
1.007
1.007
1.007
1.007
1.007
1.007
1.007
1.007
1.007
1.007
1.007
1.007
1.007
1.007
1.007
1.007
1.007
1.007
1.007
1.007
1.007
1.007
1.007
1.007
1.007
1.007
1.007
1.007
1.007
1.007
1.007
1.007
1.007
1.007
1.007
1.007
1.007
1.007
1.007
1.007
1.007
1.007
1.007
1.007
1.007
1.007
1.007
1.007
1.007
1.007
1.007
1.007
1.007
1.007
1.007
1.007
1.007
1.007
1.007
1.007
1.007
1.007
1.007
1.007
1.007
1.007
1.007
1.007
1.007
1.007
1.007
1.007
1.007
1.007
1.007
1.007
1.007
1.007
1.007
1.007
1.007
1.007
1.007
1.007
1.007
1.007
1.007
1.007
1.007
1.007
1.007
1.007
1.007
1.007
1.007
1.007
1.007
1.007
1.007
1.007
1.007
1.007
1.007
1.007
1.007
1.007
1.007
1.007
1.007
1.007
1.007
1.007
1.007
1.007
1.007
1.007
1.007
1.007
1.007
1.007
1.007
1.007
1.007
1.007
1.007
1.007
1.007
1.007
1.007
1.007
1.007
1.007
1.007
1.007
1.007
1.007
1.007
1.007
1.007
1.007
1.007
1.007
1.007
1.007
1.007
1.007
1.007
1.007
1.007
1.007
1.007
1.007
1.007
1.007
1.007
1.007
1.007
1.007
1.007
1.007
1.007
1.007
1.007
1.007
1.007
1.007
1.007
1.007
1.007
1.007
1.007
1.007
1.007
1.007
1.007
1.007
1.007
1.007
1.007
1.007
1.007
1.007
1.007
1.007
1.007
1.007
1.007
1.007
1.007
1.007
1.007
1.007
1.007
1.007
1.007
1.007
1.007
1.007
1.007
1.007
1.007
1.007
1.007
1.007
1.007
1.007
1.007
1.007
1.007
1.007
1.007
1.007
1.007
1.007
1.007
1.007
1.007
1.007
1.007
1.007
1.007
1.007
1.007
1.007
1.007
1.007
1.007
1.007
1.007
1.007
1.007
1.007
1.007
1.007
1.007
1.007
1.007
1.007
1.007
1.007
1.007
1.007
1.007
1.007
1.007
1.007
1.007
1.007
1.007
1.007
1.007
1.007
1.007
1.007
1.007
1.007
1.007
1.007
1.007
1.007
1.007
1.007
1.007
1.007
1.007
1.007
1.007
1.007
1.007
1.007
1.007
1.007
1.007
1.007
1.007
1.007
1.007
1.007
1.007
1.007
1.007
1.007
1.007
1.007
1.007
1.007
1.007
1.007
1.007
1.007
1.007
1.007
1.007
1.007
1.007
1.007
1.007
1.007
1.007
1.007
1.007
1.007
1.007
1.007
1.007
1.007
1.007
1.007
1.007
1.007
1.007
1.007
1.007
1.007
1.007
1.007
1.007
1.007
1.007
1.007
1.007
1.007
1.007
1.007
1.007
1.007
1.007
1.007
1.007
1.007
1.007
1.007
1.007
1.007
1.007
1.007
1.007
1.007
1.007
1.007
1.007
1.007
1.007
1.007
1.007
1.007
1.007
1.007
1.007
1.007
1.007
1.007
1.007
1.007
1.007
1.007
1.007
1.007
1.007
1.007
1.007
1.007
1.007
1.007
1.007
1.007
1.007
1.007
1.007
1.007
1.007
1.007
1.007
1.007
1.007
1.007
1.007
1.007
1.007
1.007
1.007
1.007
1.007
1.007
1.007
1.007
1.007
1.007
1.007
1.007
1.007
1.007
1.007
1.007
1.007
1.007
1.007
1.007
1.007
1.007
1.007
1.007
1.007
1.007
1.007
1.007
1.007
1.007
1.007
1.007
1.007
1.007
1.007
1.007
1.007
1.007
1.007
1.007
1.007
1.007
1.007
1.007
1.007
1.007
1.007
1.007
1.007
1.007
1.007
1.007
1.007
1.007
1.007
1.007
1.007
1.007
1.007
1.007
1.007
1.007
1.007
1.007
1.007
1.007
1.007
1.007
1.007
1.007
1.007
1.007
1.007
1.007
1.007
1.007
1.007
1.007
1.007
1.007
1.007
1.007
1.007
1.007
1.007
1.007
1.007
1.007
1.007
1.007
1.007
1.007
1.007
1.007
1.007
1.007
1.007
1.007
1.007
1.007
1.007
1.007
1.007
1.007
1.007
1.007
1.007
1.007
1.007
1.007
1.007
1.007
1.007
1.007
1.007
1.007
1.007
1.007
1.007
1.007
1.007
1.007
1.007
1.007
1.007
1.007
1.007
1.007
1.007
1.007
1.007
1.007
1.007
1.007
1.007
1.007
1.007
1.007
1.007
