0
0
0
0
5.72205e-06
0.000124931
0.000636101
0.00187063
0.00413227
0.00768995
0.0127921
0.0196714
0.0285463
0.0396199
0.0606751
0.0777421
0.0971956
0.118885
0.142606
0.168141
0.195283
0.223844
0.253651
0.284569
0.31644
0.349086
0.382308
0.415972
0.449945
0.484057
0.518192
0.552209
0.586016
0.619519
0.652613
0.685195
0.732908
0.763825
0.778989
0.823204
0.837491
0.878886
0.905174
0.930383
0.95449
0.977471
0.999304
1.01995
1.04868
1.06634
1.0828
1.09059
1.10527
1.12509
1.13684
1.14745
1.15697
1.16542
1.17282
1.1792
1.1846
1.18906
1.19262
1.19533
1.19723
1.19837
1.19879
1.19851
1.19759
1.19605
1.19394
1.18981
1.18819
1.18267
1.17849
1.17396
1.16912
1.16399
1.15863
1.15306
1.14732
1.14144
1.13544
1.12936
1.12012
1.11702
1.11082
1.10154
1.0954
1.08932
1.08331
1.07741
1.07161
1.06594
1.05768
1.055
1.04717
1.04215
1.0373
1.03264
1.02817
1.02389
1.01982
1.01595
1.01054
1.00884
1.00407
1.00114
0.998427
0.995921
0.993621
0.991525
0.989627
0.987918
0.986392
0.985043
0.983868
0.982861
0.981652
0.981327
0.980576
0.980397
0.980064
0.980005
0.980067
0.980243
0.980528
0.981142
0.981392
0.982273
0.982956
0.98371
0.984526
0.985399
0.986321
0.987286
0.988289
0.989325
0.99039
0.991478
0.992584
0.993702
0.995394
0.996523
0.997651
0.998773
0.999884
1.00098
1.00206
1.00311
1.00414
1.00515
1.00612
1.00707
1.00798
1.00928
1.01011
1.01051
1.01128
1.01236
1.01303
1.01366
1.01425
1.0148
1.01531
1.01577
1.0162
1.0166
1.01695
1.01727
1.01755
1.0178
1.01802
1.0182
1.01835
1.01852
1.0186
1.01865
1.01867
1.01867
1.01865
1.0186
1.01853
1.01844
1.01833
1.0182
1.01806
1.01791
1.01774
1.01756
1.01737
1.01717
1.01696
1.01674
1.01641
1.01629
1.01606
1.01583
1.01559
1.01536
1.01512
1.01488
1.01465
1.01431
1.01419
1.01397
1.01364
1.01343
1.01322
1.01302
1.01282
1.01264
1.01255
1.01228
1.01212
1.01196
1.01181
1.01167
1.01154
1.01141
1.01129
1.01118
1.01108
1.01098
1.0109
1.01082
1.01075
1.01068
1.01062
1.01057
1.01053
1.01049
1.01046
1.01043
1.01041
1.01039
1.01038
1.01038
1.01038
1.01039
1.0104
1.01041
1.01043
1.01045
1.01048
1.01051
1.01054
1.01057
1.0106
1.01064
1.01068
1.01072
1.01076
1.01082
1.01087
1.01091
1.01095
1.01099
1.01103
1.01108
1.01112
1.01116
1.0112
1.01126
1.01131
1.01134
1.01138
1.01142
1.01147
1.01151
1.01153
1.01156
1.01159
1.01163
1.01166
1.01168
1.01171
1.01173
1.01175
1.01177
1.01179
1.0118
1.01182
1.01183
1.01184
1.01185
1.01186
1.01187
1.01188
1.01189
1.01189
1.01189
1.01189
1.01189
1.01189
1.01189
1.01189
1.01189
1.01188
1.01188
1.01187
1.01187
1.01186
1.01185
1.01185
1.01184
1.01183
1.01182
1.01181
1.01181
1.0118
1.01179
1.01178
1.01178
1.01177
1.01176
1.01175
1.01174
1.01174
1.01173
1.01172
1.01171
1.0117
1.0117
1.01169
1.01168
1.01167
1.01166
1.01166
1.01165
1.01164
1.01163
1.01163
1.01162
1.01162
1.01162
1.01161
1.01161
1.0116
1.0116
1.0116
1.01159
1.01159
1.01159
1.01158
1.01158
1.01158
1.01158
1.01158
1.01158
1.01158
1.01158
1.01158
1.01158
1.01158
1.01158
1.01158
1.01158
1.01158
1.01158
1.01158
1.01158
1.01158
1.01158
1.01158
1.01158
1.01158
1.01158
1.01158
1.01158
1.01158
1.01158
1.01158
1.01159
1.01159
1.0116
1.0116
1.0116
1.01161
1.01161
1.01162
1.01162
1.01162
1.01163
1.01163
1.01163
1.01163
1.01163
1.01163
1.01163
1.01163
1.01163
1.01163
1.01163
1.01163
1.01163
1.01163
1.01163
1.01163
1.01163
1.01163
1.01163
1.01163
1.01163
1.01163
1.01163
1.01163
1.01163
1.01163
1.01163
1.01163
1.01163
1.01163
1.01163
1.01163
1.01163
1.01163
1.01163
1.01163
1.01163
1.01163
1.01163
1.01163
1.01163
1.01163
1.01163
1.01163
1.01163
1.01163
1.01163
1.01163
1.01163
1.01163
1.01163
1.01163
1.01163
1.01163
1.01163
1.01163
1.01163
1.01163
1.01163
1.01163
1.01163
1.01163
1.01163
1.01163
1.01163
1.01163
1.01163
1.01163
1.01163
1.01163
1.01163
1.01163
1.01163
1.01163
1.01163
1.01163
1.01163
1.01163
1.01163
1.01163
1.01163
1.01163
1.01163
1.01163
1.01163
1.01163
1.01163
1.01163
1.01163
1.01163
1.01163
1.01163
1.01163
1.01163
1.01163
1.01163
1.01163
1.01163
1.01163
1.01163
1.01163
1.01163
1.01163
1.01163
1.01163
1.01163
1.01163
1.01163
1.01163
1.01163
1.01163
1.01163
1.01163
1.01163
1.01163
1.01163
1.01163
1.01163
1.01163
1.01163
1.01163
1.01163
1.01163
1.01163
1.01163
1.01163
1.01163
1.01163
1.01163
1.01163
1.01163
1.01163
1.01163
1.01163
1.01163
1.01163
1.01163
1.01163
1.01163
1.01163
1.01163
1.01163
1.01163
1.01163
1.01163
1.01163
1.01163
1.01163
1.01163
1.01163
1.01163
1.01163
1.01163
1.01163
1.01163
1.01163
1.01163
1.01163
1.01163
1.01163
1.01163
1.01163
1.01163
1.01163
1.01163
1.01163
1.01163
1.01163
1.01163
1.01163
1.01163
1.01163
1.01163
1.01163
1.01163
1.01163
1.01163
1.01163
1.01163
1.01163
1.01163
1.01163
1.01163
1.01163
1.01163
1.01163
1.01163
1.01163
1.01163
1.01163
1.01163
1.01163
1.01163
1.01163
1.01163
1.01163
1.01163
1.01163
1.01163
1.01163
1.01163
1.01163
1.01163
1.01163
1.01163
1.01163
1.01163
1.01163
1.01163
1.01163
1.01163
1.01163
1.01163
1.01163
1.01163
1.01163
1.01163
1.01163
1.01163
1.01163
1.01163
1.01163
1.01163
1.01163
1.01163
1.01163
1.01163
1.01163
1.01163
1.01163
1.01163
1.01163
1.01163
1.01163
1.01163
1.01163
1.01163
1.01163
1.01163
1.01163
1.01163
1.01163
1.01163
1.01163
1.01163
1.01163
1.01163
1.01163
1.01163
1.01163
1.01163
1.01163
1.01163
1.01163
1.01163
1.01163
1.01163
1.01163
1.01163
1.01163
1.01163
1.01163
1.01163
1.01163
1.01163
1.01163
1.01163
1.01163
1.01163
1.01163
1.01163
1.01163
1.01163
1.01163
1.01163
1.01163
1.01163
1.01163
1.01163
1.01163
1.01163
1.01163
1.01163
1.01163
1.01163
1.01163
1.01163
1.01163
1.01163
1.01163
1.01163
1.01163
1.01163
1.01163
1.01163
1.01163
1.01163
1.01163
1.01163
1.01163
1.01163
1.01163
1.01163
1.01163
1.01163
1.01163
1.01163
1.01163
1.01163
1.01163
1.01163
1.01163
1.01163
1.01163
1.01163
1.01163
1.01163
1.01163
1.01163
1.01163
1.01163
1.01163
1.01163
1.01163
1.01163
1.01163
1.01163
1.01163
1.01163
1.01163
1.01163
1.01163
1.01163
1.01163
1.01163
1.01163
1.01163
1.01163
1.01163
1.01163
1.01163
1.01163
1.01163
1.01163
1.01163
1.01163
1.01163
1.01163
1.01163
1.01163
1.01163
1.01163
1.01163
1.01163
1.01163
1.01163
1.01163
1.01163
1.01163
1.01163
1.01163
1.01163
1.01163
1.01163
1.01163
1.01163
1.01163
1.01163
1.01163
1.01163
1.01163
1.01163
1.01163
1.01163
1.01163
1.01163
1.01163
1.01163
1.01163
1.01163
1.01163
1.01163
1.01163
1.01163
1.01163
1.01163
1.01163
1.01163
1.01163
1.01163
1.01163
1.01163
1.01163
1.01163
1.01163
1.01163
1.01163
1.01163
1.01163
1.01163
1.01163
1.01163
1.01163
1.01163
1.01163
1.01163
1.01163
1.01163
1.01163
1.01163
1.01163
1.01163
1.01163
1.01163
1.01163
1.01163
1.01163
1.01163
1.01163
1.01163
1.01163
1.01163
1.01163
1.01163
1.01163
1.01163
1.01163
1.01163
1.01163
1.01163
1.01163
1.01163
1.01163
1.01163
1.01163
1.01163
1.01163
1.01163
1.01163
1.01163
1.01163
1.01163
1.01163
1.01163
1.01163
1.01163
1.01163
1.01163
1.01163
1.01163
1.01163
1.01163
1.01163
1.01163
1.01163
1.01163
1.01163
1.01163
1.01163
1.01163
1.01163
1.01163
1.01163
1.01163
1.01163
1.01163
1.01163
1.01163
1.01163
1.01163
1.01163
1.01163
1.01163
1.01163
1.01163
1.01163
1.01163
1.01163
1.01163
1.01163
1.01163
1.01163
1.01163
1.01163
1.01163
1.01163
1.01163
1.01163
1.01163
1.01163
1.01163
1.01163
1.01163
1.01163
1.01163
1.01163
1.01163
1.01163
1.01163
1.01163
1.01163
1.01163
1.01163
1.01163
1.01163
1.01163
1.01163
1.01163
1.01163
1.01163
1.01163
1.01163
1.01163
1.01163
1.01163
1.01163
1.01163
1.01163
1.01163
1.01163
1.01163
1.01163
1.01163
1.01163
1.01163
1.01163
1.01163
1.01163
1.01163
1.01163
1.01163
1.01163
1.01163
1.01163
1.01163
1.01163
1.01163
1.01163
1.01163
1.01163
1.01163
1.01163
1.01163
1.01163
1.01163
1.01163
1.01163
1.01163
1.01163
1.01163
1.01163
1.01163
1.01163
1.01163
1.01163
1.01163
1.01163
1.01163
1.01163
1.01163
1.01163
1.01163
1.01163
1.01163
1.01163
1.01163
1.01163
1.01163
1.01163
1.01163
1.01163
1.01163
1.01163
1.01163
1.01163
1.01163
1.01163
1.01163
1.01163
1.01163
1.01163
1.01163
1.01163
1.01163
1.01163
1.01163
1.01163
1.01163
1.01163
1.01163
1.01163
1.01163
1.01163
1.01163
1.01163
1.01163
1.01163
1.01163
1.01163
1.01163
1.01163
1.01163
1.01163
1.01163
1.01163
1.01163
1.01163
1.01163
1.01163
1.01163
1.01163
1.01163
1.01163
1.01163
1.01163
1.01163
1.01163
