0
0
0
0
3.8147e-06
0.000305176
0.00114059
0.00285149
0.00572777
0.010025
0.0159874
0.0238419
0.0337944
0.0460339
0.0606728
0.0777397
0.0972309
0.119137
0.143457
0.184462
0.214808
0.230885
0.282597
0.31971
0.358603
0.398956
0.440496
0.482979
0.526102
0.56959
0.56959
0.65671
0.721281
0.763575
0.805084
0.845749
0.865723
0.904789
0.960688
0.978502
1.02931
1.06094
1.09074
1.11862
1.14455
1.16862
1.19078
1.22037
1.22924
1.24551
1.25981
1.27216
1.28259
1.29469
1.2978
1.3027
1.30685
1.30741
1.30735
1.30579
1.30082
1.2985
1.28974
1.28249
1.27847
1.26501
1.25497
1.24966
1.23275
1.22076
1.2083
1.19547
1.18235
1.16902
1.15557
1.14207
1.1286
1.11521
1.10196
1.08892
1.07614
1.06367
1.05156
1.03985
1.02858
1.01778
1.00749
0.997736
0.988531
0.975803
0.971855
0.960926
0.957588
0.94849
0.943203
0.938526
0.93446
0.930988
0.928104
0.925795
0.92404
0.922821
0.922115
0.921888
0.922123
0.922796
0.923883
0.925356
0.927187
0.929348
0.93181
0.934551
0.939125
0.940762
0.945955
0.947769
0.951506
0.957325
0.961311
0.965353
0.969431
0.97352
0.977604
0.981653
0.985651
0.989578
0.99342
0.99716
1.00078
1.00428
1.00764
1.01084
1.01388
1.01676
1.01945
1.02197
1.0243
1.02644
1.02929
1.03014
1.03171
1.03308
1.03427
1.0357
1.03609
1.03699
1.03738
1.03761
1.03768
1.03761
1.0374
1.03706
1.03659
1.03601
1.03532
1.03454
1.03366
1.0327
1.03167
1.03057
1.02941
1.02821
1.02696
1.02568
1.02437
1.02304
1.02103
1.01969
1.01835
1.01702
1.01571
1.01379
1.01256
1.01195
1.01021
1.00965
1.00856
1.00704
1.00609
1.00521
1.00438
1.0036
1.0029
1.00225
1.00166
1.00113
1.00067
1.00026
0.99992
0.999638
0.999411
0.999237
0.999119
0.99905
0.999031
0.999058
0.99913
0.999245
0.999399
0.99959
0.999815
1.00007
1.00036
1.00067
1.00101
1.00137
1.00175
1.00234
1.00254
1.00295
1.00338
1.00381
1.00445
1.00488
1.00509
1.00552
1.00615
1.00656
1.00696
1.00715
1.00772
1.00808
1.00842
1.00875
1.00905
1.00935
1.00962
1.00987
1.0101
1.01031
1.01051
1.01068
1.01083
1.01096
1.01108
1.01117
1.01124
1.0113
1.01134
1.01136
1.01136
1.01134
1.0113
1.01126
1.01119
1.01112
1.01104
1.01094
1.01084
1.01067
1.01055
1.01042
1.01029
1.01015
1.01001
1.00987
1.00974
1.00959
1.00944
1.0093
1.0091
1.00896
1.00882
1.00868
1.00856
1.00843
1.00831
1.0082
1.00809
1.00798
1.00784
1.00775
1.00767
1.00759
1.00752
1.00746
1.00737
1.00733
1.00728
1.00725
1.00722
1.0072
1.00719
1.00717
1.00717
1.00717
1.00718
1.00719
1.00722
1.00723
1.00726
1.00729
1.00732
1.00737
1.00741
1.00746
1.0075
1.00755
1.0076
1.00764
1.00771
1.00776
1.0078
1.00785
1.00789
1.00794
1.00798
1.00803
1.00808
1.00812
1.00817
1.00821
1.00824
1.00827
1.0083
1.00833
1.00836
1.00839
1.00842
1.00844
1.00846
1.00847
1.00849
1.0085
1.00852
1.00853
1.00853
1.00853
1.00853
1.00853
1.00853
1.00853
1.00853
1.00853
1.00853
1.00851
1.0085
1.00848
1.00848
1.00846
1.00845
1.00843
1.00841
1.0084
1.00838
1.00837
1.00835
1.00833
1.00832
1.0083
1.00829
1.00827
1.00826
1.00824
1.00822
1.00821
1.0082
1.00818
1.00816
1.00815
1.00813
1.00812
1.0081
1.00809
1.00809
1.00809
1.00809
1.00809
1.00809
1.00809
1.00809
1.00809
1.00809
1.00809
1.00809
1.00809
1.00809
1.00809
1.00809
1.00809
1.00809
1.00809
1.00809
1.00809
1.00809
1.00809
1.00809
1.00809
1.00809
1.00809
1.00809
1.00809
1.00809
1.00809
1.00809
1.00809
1.00809
1.00809
1.00809
1.00809
1.00809
1.00809
1.00809
1.00809
1.00809
1.00809
1.00809
1.00809
1.00809
1.00809
1.00809
1.00809
1.00809
1.00809
1.00809
1.00809
1.00809
1.00809
1.00809
1.00809
1.00809
1.00809
1.00809
1.00809
1.00809
1.00809
1.00809
1.00809
1.00809
1.00809
1.00809
1.00809
1.00809
1.00809
1.00809
1.0081
1.00812
1.00813
1.00815
1.00815
1.00815
1.00815
1.00815
1.00815
1.00815
1.00815
1.00815
1.00815
1.00815
1.00815
1.00815
1.00815
1.00815
1.00815
1.00815
1.00815
1.00815
1.00815
1.00815
1.00815
1.00815
1.00815
1.00815
1.00815
1.00815
1.00815
1.00815
1.00815
1.00815
1.00815
1.00815
1.00815
1.00815
1.00815
1.00815
1.00815
1.00815
1.00815
1.00815
1.00815
1.00815
1.00815
1.00815
1.00815
1.00815
1.00815
1.00815
1.00815
1.00815
1.00815
1.00815
1.00815
1.00815
1.00815
1.00815
1.00815
1.00815
1.00815
1.00815
1.00815
1.00815
1.00815
1.00815
1.00815
1.00815
1.00815
1.00815
1.00815
1.00815
1.00815
1.00815
1.00815
1.00815
1.00815
1.00815
1.00815
1.00815
1.00815
1.00815
1.00815
1.00815
1.00815
1.00815
1.00815
1.00815
1.00815
1.00815
1.00815
1.00815
1.00815
1.00815
1.00815
1.00815
1.00815
1.00815
1.00815
1.00815
1.00815
1.00815
1.00815
1.00815
1.00815
1.00815
1.00815
1.00815
1.00815
1.00815
1.00815
1.00815
1.00815
1.00815
1.00815
1.00815
1.00815
1.00815
1.00815
1.00815
1.00815
1.00815
1.00815
1.00815
1.00815
1.00815
1.00815
1.00815
1.00815
1.00815
1.00815
1.00815
1.00815
1.00815
1.00815
1.00815
1.00815
1.00815
1.00815
1.00815
1.00815
1.00815
1.00815
1.00815
1.00815
1.00815
1.00815
1.00815
1.00815
1.00815
1.00815
1.00815
1.00815
1.00815
1.00815
1.00815
1.00815
1.00815
1.00815
1.00815
1.00815
1.00815
1.00815
1.00815
1.00815
1.00815
1.00815
1.00815
1.00815
1.00815
1.00815
1.00815
1.00815
1.00815
1.00815
1.00815
1.00815
1.00815
1.00815
1.00815
1.00815
1.00815
1.00815
1.00815
1.00815
1.00815
1.00815
1.00815
1.00815
1.00815
1.00815
1.00815
1.00815
1.00815
1.00815
1.00815
1.00815
1.00815
1.00815
1.00815
1.00815
1.00815
1.00815
1.00815
1.00815
1.00815
1.00815
1.00815
1.00815
1.00815
1.00815
1.00815
1.00815
1.00815
1.00815
1.00815
1.00815
1.00815
1.00815
1.00815
1.00815
1.00815
1.00815
1.00815
1.00815
1.00815
1.00815
1.00815
1.00815
1.00815
1.00815
1.00815
1.00815
1.00815
1.00815
1.00815
1.00815
1.00815
1.00815
1.00815
1.00815
1.00815
1.00815
1.00815
1.00815
1.00815
1.00815
1.00815
1.00815
1.00815
1.00815
1.00815
1.00815
1.00815
1.00815
1.00815
1.00815
1.00815
1.00815
1.00815
1.00815
1.00815
1.00815
1.00815
1.00815
1.00815
1.00815
1.00815
1.00815
1.00815
1.00815
1.00815
1.00815
1.00815
1.00815
1.00815
1.00815
1.00815
1.00815
1.00815
1.00815
1.00815
1.00815
1.00815
1.00815
1.00815
1.00815
1.00815
1.00815
1.00815
1.00815
1.00815
1.00815
1.00815
1.00815
1.00815
1.00815
1.00815
1.00815
1.00815
1.00815
1.00815
1.00815
1.00815
1.00815
1.00815
1.00815
1.00815
1.00815
1.00815
1.00815
1.00815
1.00815
1.00815
1.00815
1.00815
1.00815
1.00815
1.00815
1.00815
1.00815
1.00815
1.00815
1.00815
1.00815
1.00815
1.00815
1.00815
1.00815
1.00815
1.00815
1.00815
1.00815
1.00815
1.00815
1.00815
1.00815
1.00815
1.00815
1.00815
1.00815
1.00815
1.00815
1.00815
1.00815
1.00815
1.00815
1.00815
1.00815
1.00815
1.00815
1.00815
1.00815
1.00815
1.00815
1.00815
1.00815
1.00815
1.00815
1.00815
1.00815
1.00815
1.00815
1.00815
1.00815
1.00815
1.00815
1.00815
1.00815
1.00815
1.00815
1.00815
1.00815
1.00815
1.00815
1.00815
1.00815
1.00815
1.00815
1.00815
1.00815
1.00815
1.00815
1.00815
1.00815
1.00815
1.00815
1.00815
1.00815
1.00815
1.00815
1.00815
1.00815
1.00815
1.00815
1.00815
1.00815
1.00815
1.00815
1.00815
1.00815
1.00815
1.00815
1.00815
1.00815
1.00815
1.00815
1.00815
1.00815
1.00815
1.00815
1.00815
1.00815
1.00815
1.00815
1.00815
1.00815
1.00815
1.00815
1.00815
1.00815
1.00815
1.00815
1.00815
1.00815
1.00815
1.00815
1.00815
1.00815
1.00815
1.00815
1.00815
1.00815
1.00815
1.00815
1.00815
1.00815
1.00815
1.00815
1.00815
1.00815
1.00815
1.00815
1.00815
1.00815
1.00815
1.00815
1.00815
1.00815
1.00815
1.00815
1.00815
1.00815
1.00815
1.00815
1.00815
1.00815
1.00815
1.00815
1.00815
1.00815
1.00815
1.00815
1.00815
1.00815
1.00815
1.00815
1.00815
1.00815
1.00815
1.00815
1.00815
1.00815
1.00815
1.00815
1.00815
1.00815
1.00815
1.00815
1.00815
1.00815
1.00815
1.00815
1.00815
1.00815
1.00815
1.00815
1.00815
1.00815
1.00815
1.00815
1.00815
1.00815
1.00815
1.00815
1.00815
1.00815
1.00815
1.00815
1.00815
1.00815
1.00815
1.00815
1.00815
1.00815
1.00815
1.00815
1.00815
1.00815
1.00815
1.00815
1.00815
1.00815
1.00815
1.00815
1.00815
1.00815
1.00815
1.00815
1.00815
1.00815
1.00815
1.00815
1.00815
1.00815
1.00815
1.00815
1.00815
1.00815
1.00815
1.00815
1.00815
1.00815
1.00815
1.00815
1.00815
1.00815
1.00815
1.00815
1.00815
1.00815
1.00815
1.00815
1.00815
1.00815
1.00815
1.00815
1.00815
1.00815
1.00815
1.00815
1.00815
1.00815
1.00815
1.00815
1.00815
1.00815
1.00815
1.00815
1.00815
1.00815
1.00815
1.00815
