0
0
0
0
3.8147e-06
3.43323e-05
0.00063324
0.0011425
0.00413132
0.00768661
0.0127888
0.0159912
0.0285473
0.0396233
0.0530548
0.0689087
0.0871868
0.107885
0.130999
0.156527
0.184458
0.21471
0.247093
0.281353
0.31724
0.354502
0.392895
0.432177
0.472115
0.512489
0.57341
0.593716
0.654284
0.694153
0.713871
0.752762
0.809456
0.845963
0.86377
0.915323
0.948048
0.979315
1.00903
1.03717
1.06367
1.08847
1.10022
1.13287
1.15245
1.17029
1.18641
1.20087
1.21376
1.22506
1.2348
1.24302
1.24978
1.2551
1.25905
1.26168
1.26304
1.26319
1.2622
1.26011
1.25698
1.2529
1.24792
1.2421
1.23553
1.22826
1.22037
1.21193
1.203
1.19365
1.18396
1.17397
1.16376
1.15338
1.14289
1.12705
1.12177
1.11124
1.10078
1.09045
1.08027
1.07031
1.06058
1.04649
1.04194
1.02878
1.02044
1.01248
1.00492
0.997774
0.991055
0.984776
0.978947
0.973572
0.968647
0.964174
0.958303
0.954941
0.952011
0.949505
0.947412
0.945728
0.944435
0.943527
0.942976
0.942768
0.942883
0.943304
0.944012
0.944988
0.946222
0.947683
0.949362
0.951237
0.953291
0.956671
0.959089
0.96163
0.96427
0.966991
0.969776
0.972609
0.97691
0.979794
0.982672
0.985533
0.988361
0.991146
0.993881
0.996552
1.00043
1.00169
1.00533
1.0065
1.00877
1.01198
1.01398
1.01494
1.01763
1.01929
1.02082
1.02223
1.02352
1.02468
1.02571
1.02662
1.0274
1.02808
1.02864
1.02908
1.02942
1.02965
1.02977
1.0298
1.02968
1.02949
1.02921
1.02887
1.02845
1.02797
1.02743
1.02683
1.02618
1.02549
1.02477
1.024
1.02321
1.02239
1.02156
1.02071
1.01985
1.01898
1.01811
1.01724
1.01637
1.01552
1.01468
1.01385
1.01264
1.01225
1.01112
1.01075
1.0097
1.00904
1.00841
1.00781
1.00725
1.00673
1.00648
1.00579
1.00538
1.005
1.00467
1.00437
1.0041
1.00387
1.00368
1.00352
1.0034
1.00331
1.00324
1.00321
1.00321
1.00323
1.00328
1.00336
1.00345
1.00357
1.00364
1.00386
1.00412
1.00431
1.00452
1.00473
1.00496
1.00519
1.00543
1.00567
1.00592
1.00616
1.00642
1.00668
1.00693
1.00718
1.00742
1.00766
1.0079
1.00813
1.00836
1.00858
1.00879
1.00899
1.00928
1.00946
1.00962
1.00971
1.00993
1.01007
1.0102
1.01031
1.01042
1.01051
1.01059
1.01067
1.01073
1.01078
1.01082
1.01083
1.01087
1.01089
1.01089
1.01089
1.01087
1.01086
1.01083
1.0108
1.01073
1.01069
1.01064
1.01058
1.01052
1.01046
1.0104
1.01032
1.01025
1.01017
1.0101
1.01002
1.00994
1.00987
1.00975
1.00971
1.00964
1.00956
1.00949
1.00941
1.00931
1.00925
1.00919
1.00913
1.00907
1.00901
1.00896
1.00892
1.00887
1.00883
1.00879
1.00875
1.00872
1.00869
1.00866
1.00864
1.00863
1.00861
1.0086
1.00858
1.00857
1.00857
1.00857
1.00857
1.00857
1.00857
1.00858
1.0086
1.00861
1.00863
1.00864
1.00866
1.00867
1.00869
1.00871
1.00872
1.00874
1.00875
1.00877
1.00878
1.0088
1.00881
1.00883
1.00885
1.00887
1.00888
1.0089
1.00891
1.00893
1.00894
1.00896
1.00897
1.00899
1.009
1.00903
1.00903
1.00906
1.00906
1.00908
1.0091
1.00912
1.00913
1.00915
1.00916
1.00918
1.00919
1.00921
1.00922
1.00922
1.00922
1.00922
1.00922
1.00922
1.00922
1.00922
1.00922
1.00922
1.00922
1.00922
1.00922
1.00922
1.00922
1.00922
1.00922
1.00922
1.00922
1.00922
1.00922
1.00922
1.00922
1.00922
1.00922
1.00922
1.00922
1.00922
1.00922
1.00922
1.00922
1.00922
1.00922
1.00922
1.00922
1.00922
1.00922
1.00922
1.00922
1.00922
1.00922
1.00922
1.00922
1.0092
1.00919
1.00917
1.00916
1.00914
1.00913
1.00911
1.00911
1.00911
1.00911
1.00911
1.00911
1.00911
1.00911
1.00911
1.00911
1.00911
1.00911
1.00911
1.00911
1.00911
1.00911
1.00911
1.00911
1.00911
1.00911
1.00911
1.00911
1.00911
1.00911
1.00911
1.00911
1.00911
1.00911
1.00911
1.00911
1.00911
1.00911
1.00911
1.00911
1.00911
1.00911
1.00911
1.00911
1.00911
1.00911
1.00911
1.00911
1.00911
1.00911
1.00911
1.00911
1.00911
1.00911
1.00911
1.00911
1.00911
1.00911
1.00911
1.00911
1.00911
1.00911
1.00911
1.00911
1.00911
1.00911
1.00911
1.00911
1.00911
1.00911
1.00911
1.00911
1.00911
1.00911
1.00911
1.00911
1.00911
1.00911
1.00911
1.00911
1.00911
1.00911
1.00911
1.00911
1.00911
1.00911
1.00911
1.00911
1.00911
1.00911
1.00911
1.00911
1.00911
1.00911
1.00911
1.00911
1.00911
1.00911
1.00911
1.00911
1.00911
1.00911
1.00911
1.00911
1.00911
1.00911
1.00911
1.00911
1.00911
1.00911
1.00911
1.00911
1.00911
1.00911
1.00911
1.00911
1.00911
1.00911
1.00911
1.00911
1.00911
1.00911
1.00911
1.00911
1.00911
1.00911
1.00911
1.00911
1.00911
1.00911
1.00911
1.00911
1.00911
1.00911
1.00911
1.00911
1.00911
1.00911
1.00911
1.00911
1.00911
1.00911
1.00911
1.00911
1.00911
1.00911
1.00911
1.00911
1.00911
1.00911
1.00911
1.00911
1.00911
1.00911
1.00911
1.00911
1.00911
1.00911
1.00911
1.00911
1.00911
1.00911
1.00911
1.00911
1.00911
1.00911
1.00911
1.00911
1.00911
1.00911
1.00911
1.00911
1.00911
1.00911
1.00911
1.00911
1.00911
1.00911
1.00911
1.00911
1.00911
1.00911
1.00911
1.00911
1.00911
1.00911
1.00911
1.00911
1.00911
1.00911
1.00911
1.00911
1.00911
1.00911
1.00911
1.00911
1.00911
1.00911
1.00911
1.00911
1.00911
1.00911
1.00911
1.00911
1.00911
1.00911
1.00911
1.00911
1.00911
1.00911
1.00911
1.00911
1.00911
1.00911
1.00911
1.00911
1.00911
1.00911
1.00911
1.00911
1.00911
1.00911
1.00911
1.00911
1.00911
1.00911
1.00911
1.00911
1.00911
1.00911
1.00911
1.00911
1.00911
1.00911
1.00911
1.00911
1.00911
1.00911
1.00911
1.00911
1.00911
1.00911
1.00911
1.00911
1.00911
1.00911
1.00911
1.00911
1.00911
1.00911
1.00911
1.00911
1.00911
1.00911
1.00911
1.00911
1.00911
1.00911
1.00911
1.00911
1.00911
1.00911
1.00911
1.00911
1.00911
1.00911
1.00911
1.00911
1.00911
1.00911
1.00911
1.00911
1.00911
1.00911
1.00911
1.00911
1.00911
1.00911
1.00911
1.00911
1.00911
1.00911
1.00911
1.00911
1.00911
1.00911
1.00911
1.00911
1.00911
1.00911
1.00911
1.00911
1.00911
1.00911
1.00911
1.00911
1.00911
1.00911
1.00911
1.00911
1.00911
1.00911
1.00911
1.00911
1.00911
1.00911
1.00911
1.00911
1.00911
1.00911
1.00911
1.00911
1.00911
1.00911
1.00911
1.00911
1.00911
1.00911
1.00911
1.00911
1.00911
1.00911
1.00911
1.00911
1.00911
1.00911
1.00911
1.00911
1.00911
1.00911
1.00911
1.00911
1.00911
1.00911
1.00911
1.00911
1.00911
1.00911
1.00911
1.00911
1.00911
1.00911
1.00911
1.00911
1.00911
1.00911
1.00911
1.00911
1.00911
1.00911
1.00911
1.00911
1.00911
1.00911
1.00911
1.00911
1.00911
1.00911
1.00911
1.00911
1.00911
1.00911
1.00911
1.00911
1.00911
1.00911
1.00911
1.00911
1.00911
1.00911
1.00911
1.00911
1.00911
1.00911
1.00911
1.00911
1.00911
1.00911
1.00911
1.00911
1.00911
1.00911
1.00911
1.00911
1.00911
1.00911
1.00911
1.00911
1.00911
1.00911
1.00911
1.00911
1.00911
1.00911
1.00911
1.00911
1.00911
1.00911
1.00911
1.00911
1.00911
1.00911
1.00911
1.00911
1.00911
1.00911
1.00911
1.00911
1.00911
1.00911
1.00911
1.00911
1.00911
1.00911
1.00911
1.00911
1.00911
1.00911
1.00911
1.00911
1.00911
1.00911
1.00911
1.00911
1.00911
1.00911
1.00911
1.00911
1.00911
1.00911
1.00911
1.00911
1.00911
1.00911
1.00911
1.00911
1.00911
1.00911
1.00911
1.00911
1.00911
1.00911
1.00911
1.00911
1.00911
1.00911
1.00911
1.00911
1.00911
1.00911
1.00911
1.00911
1.00911
1.00911
1.00911
1.00911
1.00911
1.00911
1.00911
1.00911
1.00911
1.00911
1.00911
1.00911
1.00911
1.00911
1.00911
1.00911
1.00911
1.00911
1.00911
1.00911
1.00911
1.00911
1.00911
1.00911
1.00911
1.00911
1.00911
1.00911
1.00911
1.00911
1.00911
1.00911
1.00911
1.00911
1.00911
1.00911
1.00911
1.00911
1.00911
1.00911
1.00911
1.00911
1.00911
1.00911
1.00911
1.00911
1.00911
1.00911
1.00911
1.00911
1.00911
1.00911
1.00911
1.00911
1.00911
1.00911
1.00911
1.00911
1.00911
1.00911
1.00911
1.00911
1.00911
1.00911
1.00911
1.00911
1.00911
1.00911
1.00911
1.00911
1.00911
1.00911
1.00911
1.00911
1.00911
1.00911
1.00911
1.00911
1.00911
1.00911
1.00911
1.00911
1.00911
1.00911
1.00911
1.00911
1.00911
1.00911
1.00911
1.00911
1.00911
1.00911
1.00911
1.00911
1.00911
1.00911
1.00911
1.00911
1.00911
1.00911
1.00911
1.00911
1.00911
1.00911
1.00911
1.00911
1.00911
1.00911
1.00911
1.00911
1.00911
1.00911
1.00911
1.00911
1.00911
1.00911
1.00911
1.00911
1.00911
1.00911
1.00911
1.00911
1.00911
1.00911
1.00911
1.00911
1.00911
1.00911
1.00911
1.00911
1.00911
1.00911
1.00911
1.00911
1.00911
1.00911
1.00911
1.00911
1.00911
1.00911
1.00911
1.00911
1.00911
1.00911
1.00911
1.00911
1.00911
1.00911
1.00911
1.00911
1.00911
1.00911
1.00911
1.00911
1.00911
1.00911
1.00911
1.00911
