0
0
0
0
3.8147e-06
0.000307083
0.0011425
0.0028553
0.00573158
0.0100288
0.0159912
0.0238457
0.0337982
0.0460377
0.0606766
0.0777435
0.0972347
0.119141
0.143461
0.170195
0.199339
0.23089
0.264845
0.320236
0.339832
0.380529
0.422958
0.466808
0.53455
0.580545
0.603691
0.673349
0.719645
0.765507
0.810654
0.854855
0.876554
0.919031
0.979973
1.01847
1.05511
1.08981
1.10642
1.15321
1.16777
1.20832
1.23276
1.25512
1.27541
1.29363
1.30978
1.32388
1.33591
1.34116
1.35381
1.35968
1.3635
1.36528
1.36502
1.36277
1.35863
1.35271
1.34513
1.33096
1.32555
1.3138
1.30091
1.28702
1.26456
1.25672
1.24057
1.21543
1.19825
1.18088
1.16341
1.14594
1.12859
1.11144
1.09452
1.0779
1.06164
1.04583
1.0231
1.00869
0.994934
0.981876
0.969566
0.95805
0.947376
0.937567
0.9245
0.920586
0.910172
0.904329
0.899363
0.895266
0.892012
0.88958
0.887953
0.887093
0.886967
0.887531
0.888742
0.890564
0.89296
0.895887
0.899311
0.903185
0.909758
0.914581
0.919712
0.925114
0.930733
0.936531
0.942459
0.948484
0.954567
0.96067
0.969788
0.975796
0.981714
0.987513
0.993156
0.998619
1.00389
1.00897
1.01382
1.01843
1.02485
1.02879
1.03243
1.03579
1.03884
1.04025
1.044
1.04611
1.0479
1.04939
1.05058
1.05148
1.0521
1.05244
1.05252
1.05235
1.05195
1.05132
1.05049
1.04947
1.04827
1.04691
1.0454
1.04376
1.04201
1.04015
1.0382
1.03515
1.03411
1.03198
1.02983
1.02656
1.02438
1.02221
1.02007
1.01901
1.01693
1.01389
1.01195
1.01008
1.00829
1.00657
1.00495
1.00342
1.00199
1.00065
0.999416
0.998274
0.997234
0.996296
0.995459
0.994726
0.994097
0.993567
0.993137
0.992805
0.992485
0.992424
0.992376
0.992401
0.992514
0.99283
0.993132
0.993498
0.993704
0.99441
0.994947
0.995529
0.995836
0.996477
0.997152
0.998213
0.998947
0.999695
1.00046
1.00122
1.00198
1.00275
1.00351
1.00425
1.00498
1.0057
1.00639
1.00706
1.0077
1.00831
1.00889
1.0097
1.01019
1.01043
1.01087
1.01127
1.01163
1.01211
1.01225
1.01249
1.01279
1.01288
1.01307
1.01315
1.01318
1.01321
1.0132
1.01315
1.01308
1.01298
1.01285
1.0127
1.01253
1.01234
1.01213
1.0119
1.01167
1.01142
1.01116
1.01089
1.01061
1.01033
1.01004
1.00975
1.00946
1.00917
1.00889
1.00862
1.00834
1.00808
1.00782
1.00745
1.00734
1.00711
1.00689
1.00669
1.00641
1.00632
1.00616
1.00601
1.00588
1.0057
1.00561
1.00552
1.00545
1.0054
1.00535
1.00533
1.00531
1.00531
1.00532
1.00534
1.00537
1.00541
1.00546
1.00552
1.00563
1.00566
1.00574
1.00588
1.00593
1.00607
1.00617
1.00628
1.00639
1.00649
1.0066
1.00671
1.00681
1.00692
1.00703
1.00714
1.00724
1.00733
1.00751
1.0076
1.00772
1.00776
1.00783
1.00793
1.00796
1.00802
1.00807
1.00812
1.00818
1.00819
1.00822
1.00826
1.00828
1.00829
1.0083
1.0083
1.0083
1.00829
1.00827
1.00826
1.00824
1.00821
1.00818
1.00815
1.00812
1.00809
1.00806
1.00803
1.00798
1.00794
1.00789
1.00782
1.00778
1.00775
1.00768
1.00764
1.00759
1.00755
1.00751
1.00747
1.00743
1.0074
1.00737
1.00734
1.00731
1.00728
1.00725
1.00724
1.00722
1.00721
1.00719
1.00718
1.00716
1.00715
1.00715
1.00715
1.00715
1.00715
1.00715
1.00715
1.00715
1.00715
1.00715
1.00717
1.00718
1.0072
1.00722
1.00723
1.00724
1.00726
1.00727
1.0073
1.0073
1.00732
1.00733
1.00736
1.00737
1.00738
1.0074
1.00742
1.00743
1.00745
1.00746
1.00748
1.00749
1.00751
1.00752
1.00754
1.00756
1.00757
1.00758
1.00758
1.00758
1.00758
1.00758
1.00758
1.00758
1.00758
1.00758
1.00758
1.00758
1.00758
1.00758
1.00758
1.00758
1.00758
1.00758
1.00758
1.00758
1.00758
1.00758
1.00758
1.00758
1.00758
1.00758
1.00758
1.00758
1.00758
1.00758
1.00758
1.00758
1.00756
1.00755
1.00753
1.00752
1.0075
1.00749
1.00747
1.00746
1.00745
1.00745
1.00745
1.00745
1.00745
1.00745
1.00745
1.00745
1.00745
1.00745
1.00745
1.00745
1.00745
1.00745
1.00745
1.00745
1.00745
1.00745
1.00745
1.00745
1.00745
1.00745
1.00745
1.00745
1.00745
1.00745
1.00745
1.00745
1.00745
1.00745
1.00745
1.00745
1.00745
1.00745
1.00745
1.00745
1.00745
1.00745
1.00745
1.00745
1.00745
1.00745
1.00745
1.00745
1.00745
1.00745
1.00745
1.00745
1.00745
1.00745
1.00745
1.00745
1.00745
1.00745
1.00745
1.00745
1.00745
1.00745
1.00745
1.00745
1.00745
1.00745
1.00745
1.00745
1.00745
1.00745
1.00745
1.00745
1.00745
1.00745
1.00745
1.00745
1.00745
1.00745
1.00745
1.00745
1.00745
1.00745
1.00745
1.00745
1.00745
1.00745
1.00745
1.00745
1.00745
1.00745
1.00745
1.00745
1.00745
1.00745
1.00745
1.00745
1.00745
1.00745
1.00745
1.00745
1.00745
1.00745
1.00745
1.00745
1.00745
1.00745
1.00745
1.00745
1.00745
1.00745
1.00745
1.00745
1.00745
1.00745
1.00745
1.00745
1.00745
1.00745
1.00745
1.00745
1.00745
1.00745
1.00745
1.00745
1.00745
1.00745
1.00745
1.00745
1.00745
1.00745
1.00745
1.00745
1.00745
1.00745
1.00745
1.00745
1.00745
1.00745
1.00745
1.00745
1.00745
1.00745
1.00745
1.00745
1.00745
1.00745
1.00745
1.00745
1.00745
1.00745
1.00745
1.00745
1.00745
1.00745
1.00745
1.00745
1.00745
1.00745
1.00745
1.00745
1.00745
1.00745
1.00745
1.00745
1.00745
1.00745
1.00745
1.00745
1.00745
1.00745
1.00745
1.00745
1.00745
1.00745
1.00745
1.00745
1.00745
1.00745
1.00745
1.00745
1.00745
1.00745
1.00745
1.00745
1.00745
1.00745
1.00745
1.00745
1.00745
1.00745
1.00745
1.00745
1.00745
1.00745
1.00745
1.00745
1.00745
1.00745
1.00745
1.00745
1.00745
1.00745
1.00745
1.00745
1.00745
1.00745
1.00745
1.00745
1.00745
1.00745
1.00745
1.00745
1.00745
1.00745
1.00745
1.00745
1.00745
1.00745
1.00745
1.00745
1.00745
1.00745
1.00745
1.00745
1.00745
1.00745
1.00745
1.00745
1.00745
1.00745
1.00745
1.00745
1.00745
1.00745
1.00745
1.00745
1.00745
1.00745
1.00745
1.00745
1.00745
1.00745
1.00745
1.00745
1.00745
1.00745
1.00745
1.00745
1.00745
1.00745
1.00745
1.00745
1.00745
1.00745
1.00745
1.00745
1.00745
1.00745
1.00745
1.00745
1.00745
1.00745
1.00745
1.00745
1.00745
1.00745
1.00745
1.00745
1.00745
1.00745
1.00745
1.00745
1.00745
1.00745
1.00745
1.00745
1.00745
1.00745
1.00745
1.00745
1.00745
1.00745
1.00745
1.00745
1.00745
1.00745
1.00745
1.00745
1.00745
1.00745
1.00745
1.00745
1.00745
1.00745
1.00745
1.00745
1.00745
1.00745
1.00745
1.00745
1.00745
1.00745
1.00745
1.00745
1.00745
1.00745
1.00745
1.00745
1.00745
1.00745
1.00745
1.00745
1.00745
1.00745
1.00745
1.00745
1.00745
1.00745
1.00745
1.00745
1.00745
1.00745
1.00745
1.00745
1.00745
1.00745
1.00745
1.00745
1.00745
1.00745
1.00745
1.00745
1.00745
1.00745
1.00745
1.00745
1.00745
1.00745
1.00745
1.00745
1.00745
1.00745
1.00745
1.00745
1.00745
1.00745
1.00745
1.00745
1.00745
1.00745
1.00745
1.00745
1.00745
1.00745
1.00745
1.00745
1.00745
1.00745
1.00745
1.00745
1.00745
1.00745
1.00745
1.00745
1.00745
1.00745
1.00745
1.00745
1.00745
1.00745
1.00745
1.00745
1.00745
1.00745
1.00745
1.00745
1.00745
1.00745
1.00745
1.00745
1.00745
1.00745
1.00745
1.00745
1.00745
1.00745
1.00745
1.00745
1.00745
1.00745
1.00745
1.00745
1.00745
1.00745
1.00745
1.00745
1.00745
1.00745
1.00745
1.00745
1.00745
1.00745
1.00745
1.00745
1.00745
1.00745
1.00745
1.00745
1.00745
1.00745
1.00745
1.00745
1.00745
1.00745
1.00745
1.00745
1.00745
1.00745
1.00745
1.00745
1.00745
1.00745
1.00745
1.00745
1.00745
1.00745
1.00745
1.00745
1.00745
1.00745
1.00745
1.00745
1.00745
1.00745
1.00745
1.00745
1.00745
1.00745
1.00745
1.00745
1.00745
1.00745
1.00745
1.00745
1.00745
1.00745
1.00745
1.00745
1.00745
1.00745
1.00745
1.00745
1.00745
1.00745
1.00745
1.00745
1.00745
1.00745
1.00745
1.00745
1.00745
1.00745
1.00745
1.00745
1.00745
1.00745
1.00745
1.00745
1.00745
1.00745
1.00745
1.00745
1.00745
1.00745
1.00745
1.00745
1.00745
1.00745
1.00745
1.00745
1.00745
1.00745
1.00745
1.00745
1.00745
1.00745
1.00745
1.00745
1.00745
1.00745
1.00745
1.00745
1.00745
1.00745
1.00745
1.00745
1.00745
1.00745
1.00745
1.00745
1.00745
1.00745
1.00745
1.00745
1.00745
1.00745
1.00745
1.00745
1.00745
1.00745
1.00745
1.00745
1.00745
1.00745
1.00745
1.00745
1.00745
1.00745
1.00745
1.00745
1.00745
1.00745
1.00745
1.00745
1.00745
1.00745
1.00745
1.00745
1.00745
1.00745
1.00745
1.00745
1.00745
1.00745
1.00745
1.00745
1.00745
1.00745
1.00745
1.00745
1.00745
1.00745
1.00745
1.00745
1.00745
1.00745
1.00745
1.00745
1.00745
1.00745
1.00745
1.00745
1.00745
1.00745
1.00745
1.00745
1.00745
1.00745
1.00745
1.00745
1.00745
1.00745
1.00745
1.00745
1.00745
1.00745
1.00745
1.00745
1.00745
1.00745
1.00745
1.00745
1.00745
1.00745
1.00745
