0
0
0
0
0
3.24249e-05
0.000631332
0.00186729
0.00412941
0.00768471
0.0127869
0.0238438
0.0285454
0.0396214
0.0530529
0.0689068
0.0871849
0.107883
0.130997
0.156525
0.199335
0.230846
0.264563
0.300234
0.337582
0.376314
0.416151
0.456917
0.498409
0.5404
0.603819
0.624964
0.667114
0.7089
0.750139
0.810579
0.830254
0.887651
0.906195
0.942303
0.993773
1.02612
1.05678
1.08571
1.11286
1.13818
1.16159
1.18306
1.20259
1.22017
1.23583
1.24958
1.26144
1.27147
1.2797
1.28618
1.29098
1.29417
1.2958
1.29597
1.29475
1.29222
1.28846
1.28356
1.27758
1.27062
1.26276
1.24947
1.24468
1.23462
1.21852
1.21292
1.20144
1.18965
1.17155
1.15931
1.147
1.13467
1.12238
1.11014
1.09803
1.08609
1.07438
1.06293
1.0518
1.04101
1.03061
1.02061
1.00645
0.997604
0.993362
0.9814
0.977671
0.970615
0.961069
0.955393
0.950266
0.945684
0.941639
0.938128
0.935144
0.932682
0.930723
0.929251
0.928247
0.927692
0.927568
0.927851
0.928514
0.929544
0.930914
0.9326
0.934574
0.936817
0.940632
0.942011
0.94491
0.949575
0.951204
0.956255
0.95974
0.96151
0.966892
0.97052
0.974152
0.977774
0.981371
0.984922
0.988413
0.991833
0.995173
0.998421
1.00157
1.00461
1.00754
1.01034
1.01301
1.01555
1.01794
1.02018
1.02226
1.02419
1.02596
1.02757
1.02902
1.03031
1.03144
1.03242
1.03324
1.03391
1.03444
1.03482
1.03514
1.03519
1.03517
1.03504
1.03479
1.03422
1.03371
1.03311
1.03242
1.03165
1.03082
1.02992
1.02896
1.02796
1.02692
1.02584
1.02473
1.02361
1.02246
1.02131
1.02015
1.01899
1.01785
1.01671
1.0156
1.01451
1.01291
1.0124
1.0109
1.00996
1.00905
1.00818
1.00737
1.0066
1.00588
1.00521
1.00458
1.00401
1.00349
1.00303
1.00261
1.00224
1.00191
1.00164
1.00141
1.00122
1.00108
1.00098
1.00092
1.00091
1.00095
1.00098
1.00107
1.00119
1.00143
1.00162
1.00183
1.00207
1.00233
1.00261
1.00305
1.0032
1.00352
1.00385
1.00418
1.00468
1.00502
1.00536
1.00569
1.00603
1.00636
1.0067
1.00702
1.00734
1.00765
1.00796
1.00825
1.00852
1.00879
1.00905
1.00929
1.00952
1.00973
1.00993
1.01019
1.01035
1.0105
1.01063
1.01074
1.01084
1.01093
1.011
1.01105
1.01109
1.01112
1.01113
1.01113
1.01112
1.0111
1.01105
1.01103
1.01098
1.01089
1.01081
1.01073
1.01065
1.01056
1.01047
1.01037
1.01026
1.01015
1.01005
1.00994
1.00983
1.00973
1.00962
1.00951
1.00941
1.0093
1.00919
1.00908
1.00898
1.00888
1.00875
1.00866
1.00857
1.00849
1.00841
1.00834
1.00827
1.00821
1.00815
1.0081
1.00805
1.00801
1.00797
1.00794
1.00791
1.00788
1.00787
1.00785
1.00784
1.00784
1.00784
1.00784
1.00785
1.00787
1.00788
1.0079
1.00791
1.00793
1.00796
1.00801
1.00802
1.00807
1.0081
1.00811
1.00816
1.00819
1.00822
1.00825
1.0083
1.00833
1.00836
1.00839
1.00842
1.00845
1.00848
1.00851
1.00854
1.00857
1.0086
1.00863
1.00866
1.00869
1.00871
1.00872
1.00874
1.00875
1.00877
1.00878
1.0088
1.00881
1.00883
1.00884
1.00885
1.00885
1.00885
1.00885
1.00885
1.00885
1.00885
1.00885
1.00885
1.00885
1.00885
1.00885
1.00885
1.00885
1.00885
1.00883
1.00882
1.00879
1.00879
1.00877
1.00876
1.00874
1.00873
1.00871
1.0087
1.00868
1.00866
1.00865
1.00863
1.00861
1.0086
1.00858
1.00857
1.00856
1.00856
1.00856
1.00856
1.00856
1.00856
1.00856
1.00856
1.00856
1.00856
1.00856
1.00856
1.00856
1.00856
1.00856
1.00856
1.00856
1.00856
1.00856
1.00856
1.00856
1.00856
1.00856
1.00856
1.00856
1.00856
1.00856
1.00856
1.00856
1.00856
1.00856
1.00856
1.00856
1.00856
1.00856
1.00856
1.00856
1.00856
1.00856
1.00856
1.00856
1.00856
1.00856
1.00856
1.00856
1.00856
1.00856
1.00856
1.00856
1.00856
1.00856
1.00856
1.00856
1.00856
1.00856
1.00856
1.00856
1.00856
1.00856
1.00856
1.00856
1.00856
1.00856
1.00856
1.00856
1.00856
1.00856
1.00856
1.00856
1.00856
1.00856
1.00856
1.00856
1.00856
1.00856
1.00856
1.00856
1.00856
1.00856
1.00856
1.00856
1.00856
1.00856
1.00856
1.00856
1.00856
1.00856
1.00856
1.00856
1.00856
1.00856
1.00856
1.00856
1.00856
1.00856
1.00856
1.00856
1.00856
1.00856
1.00856
1.00856
1.00856
1.00856
1.00856
1.00856
1.00856
1.00856
1.00856
1.00856
1.00856
1.00856
1.00856
1.00856
1.00856
1.00856
1.00856
1.00856
1.00856
1.00856
1.00856
1.00856
1.00856
1.00856
1.00856
1.00856
1.00856
1.00856
1.00856
1.00856
1.00856
1.00856
1.00856
1.00856
1.00856
1.00856
1.00856
1.00856
1.00856
1.00856
1.00856
1.00856
1.00856
1.00856
1.00856
1.00856
1.00856
1.00856
1.00856
1.00856
1.00856
1.00856
1.00856
1.00856
1.00856
1.00856
1.00856
1.00856
1.00856
1.00856
1.00856
1.00856
1.00856
1.00856
1.00856
1.00856
1.00856
1.00856
1.00856
1.00856
1.00856
1.00856
1.00856
1.00856
1.00856
1.00856
1.00856
1.00856
1.00856
1.00856
1.00856
1.00856
1.00856
1.00856
1.00856
1.00856
1.00856
1.00856
1.00856
1.00856
1.00856
1.00856
1.00856
1.00856
1.00856
1.00856
1.00856
1.00856
1.00856
1.00856
1.00856
1.00856
1.00856
1.00856
1.00856
1.00856
1.00856
1.00856
1.00856
1.00856
1.00856
1.00856
1.00856
1.00856
1.00856
1.00856
1.00856
1.00856
1.00856
1.00856
1.00856
1.00856
1.00856
1.00856
1.00856
1.00856
1.00856
1.00856
1.00856
1.00856
1.00856
1.00856
1.00856
1.00856
1.00856
1.00856
1.00856
1.00856
1.00856
1.00856
1.00856
1.00856
1.00856
1.00856
1.00856
1.00856
1.00856
1.00856
1.00856
1.00856
1.00856
1.00856
1.00856
1.00856
1.00856
1.00856
1.00856
1.00856
1.00856
1.00856
1.00856
1.00856
1.00856
1.00856
1.00856
1.00856
1.00856
1.00856
1.00856
1.00856
1.00856
1.00856
1.00856
1.00856
1.00856
1.00856
1.00856
1.00856
1.00856
1.00856
1.00856
1.00856
1.00856
1.00856
1.00856
1.00856
1.00856
1.00856
1.00856
1.00856
1.00856
1.00856
1.00856
1.00856
1.00856
1.00856
1.00856
1.00856
1.00856
1.00856
1.00856
1.00856
1.00856
1.00856
1.00856
1.00856
1.00856
1.00856
1.00856
1.00856
1.00856
1.00856
1.00856
1.00856
1.00856
1.00856
1.00856
1.00856
1.00856
1.00856
1.00856
1.00856
1.00856
1.00856
1.00856
1.00856
1.00856
1.00856
1.00856
1.00856
1.00856
1.00856
1.00856
1.00856
1.00856
1.00856
1.00856
1.00856
1.00856
1.00856
1.00856
1.00856
1.00856
1.00856
1.00856
1.00856
1.00856
1.00856
1.00856
1.00856
1.00856
1.00856
1.00856
1.00856
1.00856
1.00856
1.00856
1.00856
1.00856
1.00856
1.00856
1.00856
1.00856
1.00856
1.00856
1.00856
1.00856
1.00856
1.00856
1.00856
1.00856
1.00856
1.00856
1.00856
1.00856
1.00856
1.00856
1.00856
1.00856
1.00856
1.00856
1.00856
1.00856
1.00856
1.00856
1.00856
1.00856
1.00856
1.00856
1.00856
1.00856
1.00856
1.00856
1.00856
1.00856
1.00856
1.00856
1.00856
1.00856
1.00856
1.00856
1.00856
1.00856
1.00856
1.00856
1.00856
1.00856
1.00856
1.00856
1.00856
1.00856
1.00856
1.00856
1.00856
1.00856
1.00856
1.00856
1.00856
1.00856
1.00856
1.00856
1.00856
1.00856
1.00856
1.00856
1.00856
1.00856
1.00856
1.00856
1.00856
1.00856
1.00856
1.00856
1.00856
1.00856
1.00856
1.00856
1.00856
1.00856
1.00856
1.00856
1.00856
1.00856
1.00856
1.00856
1.00856
1.00856
1.00856
1.00856
1.00856
1.00856
1.00856
1.00856
1.00856
1.00856
1.00856
1.00856
1.00856
1.00856
1.00856
1.00856
1.00856
1.00856
1.00856
1.00856
1.00856
1.00856
1.00856
1.00856
1.00856
1.00856
1.00856
1.00856
1.00856
1.00856
1.00856
1.00856
1.00856
1.00856
1.00856
1.00856
1.00856
1.00856
1.00856
1.00856
1.00856
1.00856
1.00856
1.00856
1.00856
1.00856
1.00856
1.00856
1.00856
1.00856
1.00856
1.00856
1.00856
1.00856
1.00856
1.00856
1.00856
1.00856
1.00856
1.00856
1.00856
1.00856
1.00856
1.00856
1.00856
1.00856
1.00856
1.00856
1.00856
1.00856
1.00856
1.00856
1.00856
1.00856
1.00856
1.00856
1.00856
1.00856
1.00856
1.00856
1.00856
1.00856
1.00856
1.00856
1.00856
1.00856
1.00856
1.00856
1.00856
1.00856
1.00856
1.00856
1.00856
1.00856
1.00856
1.00856
1.00856
1.00856
1.00856
1.00856
1.00856
1.00856
1.00856
1.00856
1.00856
1.00856
1.00856
1.00856
1.00856
1.00856
1.00856
1.00856
1.00856
1.00856
1.00856
1.00856
1.00856
1.00856
1.00856
1.00856
1.00856
1.00856
1.00856
1.00856
1.00856
1.00856
1.00856
1.00856
1.00856
1.00856
1.00856
1.00856
1.00856
1.00856
1.00856
1.00856
1.00856
1.00856
1.00856
1.00856
1.00856
1.00856
1.00856
1.00856
1.00856
1.00856
1.00856
1.00856
1.00856
1.00856
1.00856
1.00856
1.00856
1.00856
1.00856
1.00856
1.00856
1.00856
1.00856
1.00856
1.00856
1.00856
1.00856
1.00856
1.00856
1.00856
1.00856
1.00856
1.00856
1.00856
1.00856
1.00856
1.00856
1.00856
1.00856
1.00856
1.00856
1.00856
1.00856
1.00856
1.00856
1.00856
1.00856
1.00856
1.00856
1.00856
