0
0
0
0
3.43323e-05
0.000305176
0.00113297
0.00284958
0.00572586
0.0127754
0.0159798
0.0238304
0.0337791
0.0460129
0.0688858
0.0777206
0.0972099
0.119118
0.14344
0.170174
0.214787
0.230862
0.282696
0.320251
0.339931
0.402428
0.446663
0.492607
0.539886
0.588127
0.637009
0.68618
0.735264
0.783936
0.831909
0.878933
0.947132
0.990688
1.03247
1.07232
1.11009
1.14577
1.17934
1.21083
1.24023
1.28045
1.30466
1.32681
1.34688
1.36489
1.38084
1.39473
1.40656
1.41635
1.42408
1.43184
1.43445
1.43502
1.43355
1.43003
1.42448
1.41689
1.40726
1.39561
1.38204
1.36669
1.34974
1.33138
1.31179
1.28046
1.25854
1.23598
1.21298
1.18968
1.16628
1.14293
1.1198
1.09701
1.0747
1.04235
1.03193
1.00189
0.992332
0.973949
0.956631
0.940437
0.918354
0.905155
0.899014
0.882465
0.873013
0.864853
0.857986
0.855026
0.848019
0.844883
0.84293
0.842117
0.842388
0.843697
0.845982
0.849186
0.853237
0.858074
0.863628
0.869835
0.876637
0.883957
0.891716
0.899857
0.908314
0.917049
0.92598
0.935055
0.944206
0.953392
0.962536
0.971592
0.980507
0.993504
1.00184
1.00988
1.01757
1.02488
1.03176
1.03818
1.04412
1.04956
1.05449
1.0589
1.06279
1.06615
1.069
1.07132
1.07315
1.0745
1.07535
1.07574
1.07568
1.07519
1.07431
1.07228
1.07143
1.06841
1.06605
1.06343
1.06058
1.05754
1.05434
1.05101
1.04757
1.04405
1.04047
1.03685
1.03322
1.02959
1.02599
1.02244
1.01897
1.01559
1.01231
1.00914
1.00609
1.00316
1.00039
0.997772
0.995327
0.993053
0.990955
0.98904
0.987316
0.985783
0.98444
0.982784
0.98233
0.98156
0.98098
0.980576
0.980309
0.980305
0.980415
0.980885
0.98138
0.981678
0.982777
0.983654
0.984638
0.985718
0.986881
0.988125
0.989429
0.990788
0.992188
0.993622
0.995083
0.996548
0.998013
0.999477
1.00093
1.00235
1.00375
1.0051
1.00641
1.00767
1.00888
1.01056
1.0116
1.01258
1.01347
1.01429
1.01503
1.01568
1.01626
1.01674
1.01714
1.01747
1.01772
1.01788
1.01798
1.018
1.01796
1.01784
1.01767
1.01744
1.01715
1.01681
1.01643
1.016
1.01554
1.01504
1.01451
1.01366
1.01308
1.01278
1.01187
1.01126
1.01065
1.00973
1.00943
1.00882
1.00823
1.00737
1.0071
1.00631
1.00581
1.00534
1.0049
1.00449
1.00411
1.00376
1.00345
1.00317
1.00293
1.00272
1.00254
1.0024
1.00229
1.00222
1.00217
1.00215
1.00216
1.0022
1.00226
1.00235
1.00246
1.00259
1.00275
1.00291
1.0031
1.0033
1.00351
1.00373
1.00397
1.00421
1.00446
1.0047
1.00494
1.00519
1.00543
1.00568
1.00604
1.00616
1.00641
1.00663
1.00684
1.00716
1.00725
1.00743
1.00762
1.00777
1.00793
1.00806
1.00818
1.00829
1.00843
1.00847
1.00856
1.00861
1.00864
1.00867
1.00867
1.00867
1.00865
1.00862
1.00859
1.00854
1.00848
1.00842
1.00835
1.00826
1.00816
1.00807
1.00798
1.00789
1.0078
1.00769
1.00757
1.00745
1.00733
1.00714
1.00708
1.00699
1.00685
1.00676
1.00667
1.00658
1.00648
1.00639
1.00632
1.00626
1.0062
1.00613
1.00607
1.00601
1.00598
1.00595
1.00592
1.00589
1.00586
1.00584
1.00584
1.00584
1.00584
1.00584
1.00584
1.00587
1.00589
1.00594
1.00597
1.006
1.00601
1.00606
1.00609
1.00612
1.00615
1.00618
1.00621
1.00624
1.00627
1.0063
1.00633
1.00636
1.00639
1.00642
1.00645
1.00648
1.00652
1.00655
1.00658
1.00661
1.00664
1.00667
1.0067
1.00674
1.00676
1.00679
1.00684
1.00687
1.0069
1.00693
1.00696
1.00696
1.00696
1.00696
1.00696
1.00696
1.00696
1.00696
1.00696
1.00696
1.00696
1.00696
1.00696
1.00696
1.00696
1.00696
1.00696
1.00696
1.00696
1.00693
1.0069
1.00687
1.00682
1.00679
1.00676
1.00673
1.0067
1.00667
1.00664
1.00661
1.00658
1.00653
1.00653
1.00653
1.00653
1.00653
1.00653
1.00653
1.00653
1.00653
1.00653
1.00653
1.00653
1.00653
1.00653
1.00653
1.00653
1.00653
1.00653
1.00653
1.00653
1.00653
1.00653
1.00653
1.00653
1.00653
1.00653
1.00653
1.00653
1.00653
1.00653
1.00653
1.00653
1.00653
1.00653
1.00653
1.00653
1.00653
1.00653
1.00653
1.00653
1.00653
1.00653
1.00653
1.00653
1.00653
1.00653
1.00653
1.00653
1.00653
1.00653
1.00653
1.00653
1.00653
1.00653
1.00653
1.00653
1.00653
1.00653
1.00653
1.00653
1.00653
1.00653
1.00653
1.00653
1.00653
1.00653
1.00653
1.00653
1.00653
1.00653
1.00653
1.00653
1.00653
1.00653
1.00653
1.00653
1.00653
1.00653
1.00653
1.00653
1.00653
1.00653
1.00653
1.00653
1.00653
1.00653
1.00653
1.00653
1.00653
1.00653
1.00653
1.00653
1.00653
1.00653
1.00653
1.00653
1.00653
1.00653
1.00653
1.00653
1.00653
1.00653
1.00653
1.00653
1.00653
1.00653
1.00653
1.00653
1.00653
1.00653
1.00653
1.00653
1.00653
1.00653
1.00653
1.00653
1.00653
1.00653
1.00653
1.00653
1.00653
1.00653
1.00653
1.00653
1.00653
1.00653
1.00653
1.00653
1.00653
1.00653
1.00653
1.00653
1.00653
1.00653
1.00653
1.00653
1.00653
1.00653
1.00653
1.00653
1.00653
1.00653
1.00653
1.00653
1.00653
1.00653
1.00653
1.00653
1.00653
1.00653
1.00653
1.00653
1.00653
1.00653
1.00653
1.00653
1.00653
1.00653
1.00653
1.00653
1.00653
1.00653
1.00653
1.00653
1.00653
1.00653
1.00653
1.00653
1.00653
1.00653
1.00653
1.00653
1.00653
1.00653
1.00653
1.00653
1.00653
1.00653
1.00653
1.00653
1.00653
1.00653
1.00653
1.00653
1.00653
1.00653
1.00653
1.00653
1.00653
1.00653
1.00653
1.00653
1.00653
1.00653
1.00653
1.00653
1.00653
1.00653
1.00653
1.00653
1.00653
1.00653
1.00653
1.00653
1.00653
1.00653
1.00653
1.00653
1.00653
1.00653
1.00653
1.00653
1.00653
1.00653
1.00653
1.00653
1.00653
1.00653
1.00653
1.00653
1.00653
1.00653
1.00653
1.00653
1.00653
1.00653
1.00653
1.00653
1.00653
1.00653
1.00653
1.00653
1.00653
1.00653
1.00653
1.00653
1.00653
1.00653
1.00653
1.00653
1.00653
1.00653
1.00653
1.00653
1.00653
1.00653
1.00653
1.00653
1.00653
1.00653
1.00653
1.00653
1.00653
1.00653
1.00653
1.00653
1.00653
1.00653
1.00653
1.00653
1.00653
1.00653
1.00653
1.00653
1.00653
1.00653
1.00653
1.00653
1.00653
1.00653
1.00653
1.00653
1.00653
1.00653
1.00653
1.00653
1.00653
1.00653
1.00653
1.00653
1.00653
1.00653
1.00653
1.00653
1.00653
1.00653
1.00653
1.00653
1.00653
1.00653
1.00653
1.00653
1.00653
1.00653
1.00653
1.00653
1.00653
1.00653
1.00653
1.00653
1.00653
1.00653
1.00653
1.00653
1.00653
1.00653
1.00653
1.00653
1.00653
1.00653
1.00653
1.00653
1.00653
1.00653
1.00653
1.00653
1.00653
1.00653
1.00653
1.00653
1.00653
1.00653
1.00653
1.00653
1.00653
1.00653
1.00653
1.00653
1.00653
1.00653
1.00653
1.00653
1.00653
1.00653
1.00653
1.00653
1.00653
1.00653
1.00653
1.00653
1.00653
1.00653
1.00653
1.00653
1.00653
1.00653
1.00653
1.00653
1.00653
1.00653
1.00653
1.00653
1.00653
1.00653
1.00653
1.00653
1.00653
1.00653
1.00653
1.00653
1.00653
1.00653
1.00653
1.00653
1.00653
1.00653
1.00653
1.00653
1.00653
1.00653
1.00653
1.00653
1.00653
1.00653
1.00653
1.00653
1.00653
1.00653
1.00653
1.00653
1.00653
1.00653
1.00653
1.00653
1.00653
1.00653
1.00653
1.00653
1.00653
1.00653
1.00653
1.00653
1.00653
1.00653
1.00653
1.00653
1.00653
1.00653
1.00653
1.00653
1.00653
1.00653
1.00653
1.00653
1.00653
1.00653
1.00653
1.00653
1.00653
1.00653
1.00653
1.00653
1.00653
1.00653
1.00653
1.00653
1.00653
1.00653
1.00653
1.00653
1.00653
1.00653
1.00653
1.00653
1.00653
1.00653
1.00653
1.00653
1.00653
1.00653
1.00653
1.00653
1.00653
1.00653
1.00653
1.00653
1.00653
1.00653
1.00653
1.00653
1.00653
1.00653
1.00653
1.00653
1.00653
1.00653
1.00653
1.00653
1.00653
1.00653
1.00653
1.00653
1.00653
1.00653
1.00653
1.00653
1.00653
1.00653
1.00653
1.00653
1.00653
1.00653
1.00653
1.00653
1.00653
1.00653
1.00653
1.00653
1.00653
1.00653
1.00653
1.00653
1.00653
1.00653
1.00653
1.00653
1.00653
1.00653
1.00653
1.00653
1.00653
1.00653
1.00653
1.00653
1.00653
1.00653
1.00653
1.00653
1.00653
1.00653
1.00653
1.00653
1.00653
1.00653
1.00653
1.00653
1.00653
1.00653
1.00653
1.00653
1.00653
1.00653
1.00653
1.00653
1.00653
1.00653
1.00653
1.00653
1.00653
1.00653
1.00653
1.00653
1.00653
1.00653
1.00653
1.00653
1.00653
1.00653
1.00653
1.00653
1.00653
1.00653
1.00653
1.00653
1.00653
1.00653
1.00653
1.00653
1.00653
1.00653
1.00653
1.00653
1.00653
1.00653
1.00653
1.00653
1.00653
1.00653
1.00653
1.00653
1.00653
1.00653
1.00653
1.00653
1.00653
1.00653
1.00653
1.00653
1.00653
1.00653
1.00653
1.00653
1.00653
1.00653
1.00653
1.00653
1.00653
1.00653
1.00653
1.00653
1.00653
1.00653
1.00653
1.00653
1.00653
1.00653
1.00653
1.00653
1.00653
1.00653
1.00653
1.00653
1.00653
1.00653
1.00653
1.00653
1.00653
1.00653
1.00653
1.00653
1.00653
1.00653
1.00653
1.00653
1.00653
1.00653
1.00653
1.00653
1.00653
