0
0
0
0
3.8147e-06
0.00012207
0.000629425
0.0018692
0.0041275
0.0076828
0.0127831
0.0196648
0.0285378
0.039608
0.0530396
0.0688934
0.0871735
0.107868
0.130981
0.170052
0.184177
0.213909
0.245407
0.27845
0.330395
0.366291
0.384548
0.421558
0.477924
0.51577
0.553604
0.591316
0.628757
0.66573
0.70208
0.737682
0.772427
0.806229
0.838985
0.870628
0.90107
0.930267
0.958157
0.98468
1.00981
1.03352
1.05577
1.07657
1.09589
1.11374
1.13016
1.14512
1.15866
1.1708
1.18157
1.19101
1.19916
1.20605
1.21174
1.21627
1.2197
1.22208
1.22346
1.22387
1.22337
1.22202
1.21986
1.21695
1.21333
1.20908
1.20422
1.19882
1.19294
1.18661
1.1799
1.17286
1.16552
1.15795
1.15018
1.14227
1.13424
1.12614
1.118
1.10985
1.10173
1.09367
1.08569
1.07396
1.07011
1.06256
1.05159
1.04454
1.03773
1.03119
1.0249
1.01889
1.01318
1.00778
1.00269
0.997921
0.993465
0.989326
0.985508
0.98201
0.978825
0.975948
0.973377
0.971107
0.969128
0.967438
0.966022
0.964878
0.963978
0.963345
0.962933
0.962757
0.962791
0.963032
0.963459
0.964066
0.965286
0.965771
0.966839
0.968044
0.969364
0.971535
0.972305
0.973907
0.975578
0.97731
0.979996
0.980911
0.982765
0.98558
0.987473
0.989365
0.990307
0.993099
0.994934
0.996738
0.998501
1.00023
1.0019
1.00352
1.00508
1.00659
1.00803
1.0094
1.01071
1.01194
1.0131
1.0142
1.01522
1.01618
1.01706
1.01787
1.0186
1.01927
1.01987
1.0204
1.02085
1.02125
1.02158
1.02184
1.02205
1.0222
1.02229
1.02234
1.02232
1.02227
1.02216
1.02201
1.02182
1.0216
1.02134
1.02105
1.02073
1.02038
1.02001
1.01961
1.0192
1.01856
1.01833
1.01764
1.01719
1.01673
1.01624
1.01575
1.01528
1.01482
1.01436
1.0139
1.01345
1.0128
1.01237
1.01196
1.01176
1.01137
1.01082
1.01047
1.01014
1.00983
1.00953
1.00925
1.00899
1.00875
1.00853
1.00832
1.00813
1.00796
1.00781
1.00767
1.00755
1.00745
1.00736
1.00726
1.00723
1.00718
1.00714
1.00714
1.00714
1.00716
1.00719
1.00722
1.00727
1.00733
1.00739
1.00745
1.00754
1.00763
1.00772
1.00782
1.00791
1.008
1.0081
1.00822
1.00834
1.00846
1.00865
1.00871
1.00889
1.00901
1.00914
1.00926
1.00935
1.00944
1.00953
1.00962
1.00972
1.00981
1.0099
1.00999
1.01008
1.01015
1.01021
1.01027
1.01033
1.01039
1.01045
1.01051
1.01055
1.01058
1.01061
1.01065
1.01068
1.01072
1.01073
1.01075
1.01075
1.01075
1.01075
1.01075
1.01075
1.01075
1.01075
1.01075
1.01075
1.01072
1.01069
1.01066
1.01063
1.0106
1.01057
1.01054
1.01049
1.01048
1.01045
1.01042
1.01039
1.01036
1.01033
1.0103
1.01025
1.01022
1.01019
1.01016
1.01013
1.0101
1.01007
1.01004
1.01001
1.00998
1.00994
1.00991
1.00988
1.00985
1.00983
1.00983
1.00983
1.00983
1.00983
1.00983
1.00983
1.00983
1.00983
1.00983
1.00983
1.00983
1.00983
1.00983
1.00983
1.00983
1.00983
1.00983
1.00983
1.00983
1.00983
1.00983
1.00983
1.00983
1.00983
1.00983
1.00983
1.00983
1.00983
1.00983
1.00983
1.00983
1.00983
1.00983
1.00983
1.00983
1.00983
1.00983
1.00983
1.00983
1.00983
1.00983
1.00983
1.00983
1.00983
1.00983
1.00983
1.00983
1.00983
1.00983
1.00983
1.00983
1.00983
1.00983
1.00983
1.00983
1.00983
1.00983
1.00983
1.00983
1.00983
1.00983
1.00983
1.00983
1.00983
1.00983
1.00983
1.00983
1.00983
1.00983
1.00983
1.00983
1.00983
1.00983
1.00983
1.00983
1.00983
1.00983
1.00983
1.00983
1.00983
1.00983
1.00983
1.00983
1.00983
1.00983
1.00983
1.00983
1.00983
1.00983
1.00983
1.00983
1.00983
1.00983
1.00983
1.00983
1.00983
1.00983
1.00983
1.00983
1.00983
1.00983
1.00983
1.00983
1.00983
1.00983
1.00983
1.00983
1.00983
1.00983
1.00983
1.00983
1.00983
1.00983
1.00983
1.00983
1.00983
1.00983
1.00983
1.00983
1.00983
1.00983
1.00983
1.00983
1.00983
1.00983
1.00983
1.00983
1.00983
1.00983
1.00983
1.00983
1.00983
1.00983
1.00983
1.00983
1.00983
1.00983
1.00983
1.00983
1.00983
1.00983
1.00983
1.00983
1.00983
1.00983
1.00983
1.00983
1.00983
1.00983
1.00983
1.00983
1.00983
1.00983
1.00983
1.00983
1.00983
1.00983
1.00983
1.00983
1.00983
1.00983
1.00983
1.00983
1.00983
1.00983
1.00983
1.00983
1.00983
1.00983
1.00983
1.00983
1.00983
1.00983
1.00983
1.00983
1.00983
1.00983
1.00983
1.00983
1.00983
1.00983
1.00983
1.00983
1.00983
1.00983
1.00983
1.00983
1.00983
1.00983
1.00983
1.00983
1.00983
1.00983
1.00983
1.00983
1.00983
1.00983
1.00983
1.00983
1.00983
1.00983
1.00983
1.00983
1.00983
1.00983
1.00983
1.00983
1.00983
1.00983
1.00983
1.00983
1.00983
1.00983
1.00983
1.00983
1.00983
1.00983
1.00983
1.00983
1.00983
1.00983
1.00983
1.00983
1.00983
1.00983
1.00983
1.00983
1.00983
1.00983
1.00983
1.00983
1.00983
1.00983
1.00983
1.00983
1.00983
1.00983
1.00983
1.00983
1.00983
1.00983
1.00983
1.00983
1.00983
1.00983
1.00983
1.00983
1.00983
1.00983
1.00983
1.00983
1.00983
1.00983
1.00983
1.00983
1.00983
1.00983
1.00983
1.00983
1.00983
1.00983
1.00983
1.00983
1.00983
1.00983
1.00983
1.00983
1.00983
1.00983
1.00983
1.00983
1.00983
1.00983
1.00983
1.00983
1.00983
1.00983
1.00983
1.00983
1.00983
1.00983
1.00983
1.00983
1.00983
1.00983
1.00983
1.00983
1.00983
1.00983
1.00983
1.00983
1.00983
1.00983
1.00983
1.00983
1.00983
1.00983
1.00983
1.00983
1.00983
1.00983
1.00983
1.00983
1.00983
1.00983
1.00983
1.00983
1.00983
1.00983
1.00983
1.00983
1.00983
1.00983
1.00983
1.00983
1.00983
1.00983
1.00983
1.00983
1.00983
1.00983
1.00983
1.00983
1.00983
1.00983
1.00983
1.00983
1.00983
1.00983
1.00983
1.00983
1.00983
1.00983
1.00983
1.00983
1.00983
1.00983
1.00983
1.00983
1.00983
1.00983
1.00983
1.00983
1.00983
1.00983
1.00983
1.00983
1.00983
1.00983
1.00983
1.00983
1.00983
1.00983
1.00983
1.00983
1.00983
1.00983
1.00983
1.00983
1.00983
1.00983
1.00983
1.00983
1.00983
1.00983
1.00983
1.00983
1.00983
1.00983
1.00983
1.00983
1.00983
1.00983
1.00983
1.00983
1.00983
1.00983
1.00983
1.00983
1.00983
1.00983
1.00983
1.00983
1.00983
1.00983
1.00983
1.00983
1.00983
1.00983
1.00983
1.00983
1.00983
1.00983
1.00983
1.00983
1.00983
1.00983
1.00983
1.00983
1.00983
1.00983
1.00983
1.00983
1.00983
1.00983
1.00983
1.00983
1.00983
1.00983
1.00983
1.00983
1.00983
1.00983
1.00983
1.00983
1.00983
1.00983
1.00983
1.00983
1.00983
1.00983
1.00983
1.00983
1.00983
1.00983
1.00983
1.00983
1.00983
1.00983
1.00983
1.00983
1.00983
1.00983
1.00983
1.00983
1.00983
1.00983
1.00983
1.00983
1.00983
1.00983
1.00983
1.00983
1.00983
1.00983
1.00983
1.00983
1.00983
1.00983
1.00983
1.00983
1.00983
1.00983
1.00983
1.00983
1.00983
1.00983
1.00983
1.00983
1.00983
1.00983
1.00983
1.00983
1.00983
1.00983
1.00983
1.00983
1.00983
1.00983
1.00983
1.00983
1.00983
1.00983
1.00983
1.00983
1.00983
1.00983
1.00983
1.00983
1.00983
1.00983
1.00983
1.00983
1.00983
1.00983
1.00983
1.00983
1.00983
1.00983
1.00983
1.00983
1.00983
1.00983
1.00983
1.00983
1.00983
1.00983
1.00983
1.00983
1.00983
1.00983
1.00983
1.00983
1.00983
1.00983
1.00983
1.00983
1.00983
1.00983
1.00983
1.00983
1.00983
1.00983
1.00983
1.00983
1.00983
1.00983
1.00983
1.00983
1.00983
1.00983
1.00983
1.00983
1.00983
1.00983
1.00983
1.00983
1.00983
1.00983
1.00983
1.00983
1.00983
1.00983
1.00983
1.00983
1.00983
1.00983
1.00983
1.00983
1.00983
1.00983
1.00983
1.00983
1.00983
1.00983
1.00983
1.00983
1.00983
1.00983
1.00983
1.00983
1.00983
1.00983
1.00983
1.00983
1.00983
1.00983
1.00983
1.00983
1.00983
1.00983
1.00983
1.00983
1.00983
1.00983
1.00983
1.00983
1.00983
1.00983
1.00983
1.00983
1.00983
1.00983
1.00983
1.00983
1.00983
1.00983
1.00983
1.00983
1.00983
1.00983
1.00983
1.00983
1.00983
1.00983
1.00983
1.00983
1.00983
1.00983
1.00983
1.00983
1.00983
1.00983
1.00983
1.00983
1.00983
1.00983
1.00983
1.00983
1.00983
1.00983
1.00983
1.00983
1.00983
1.00983
1.00983
1.00983
1.00983
1.00983
1.00983
1.00983
1.00983
1.00983
1.00983
1.00983
1.00983
1.00983
1.00983
1.00983
1.00983
1.00983
1.00983
1.00983
1.00983
1.00983
1.00983
1.00983
1.00983
1.00983
1.00983
1.00983
1.00983
1.00983
1.00983
1.00983
1.00983
1.00983
1.00983
1.00983
1.00983
1.00983
1.00983
1.00983
1.00983
1.00983
1.00983
1.00983
1.00983
1.00983
1.00983
1.00983
1.00983
1.00983
1.00983
1.00983
1.00983
1.00983
1.00983
1.00983
1.00983
1.00983
1.00983
1.00983
1.00983
1.00983
1.00983
1.00983
1.00983
1.00983
1.00983
1.00983
1.00983
1.00983
1.00983
1.00983
1.00983
1.00983
1.00983
1.00983
1.00983
1.00983
1.00983
1.00983
1.00983
1.00983
1.00983
1.00983
1.00983
1.00983
1.00983
1.00983
1.00983
1.00983
