0
0
0
0
3.8147e-05
0.0001297
0.00115967
0.00287628
0.00576019
0.0100708
0.016037
0.0238876
0.0338364
0.0460815
0.0607071
0.0777664
0.0972595
0.11908
0.143005
0.168709
0.1959
0.224358
0.238983
0.284035
0.314735
0.345657
0.376602
0.407494
0.438431
0.469315
0.48465
0.529648
0.558533
0.586487
0.613419
0.639297
0.664024
0.687576
0.709984
0.731285
0.751518
0.770706
0.788849
0.806
0.822182
0.83744
0.851807
0.865295
0.877937
0.889778
0.900856
0.911179
0.920807
0.929756
0.942001
0.949417
0.956276
0.962593
0.968422
0.973701
0.978439
0.982773
0.98674
0.990364
0.993668
0.996674
1.00068
1.00304
1.00519
1.00712
1.00885
1.01036
1.0117
1.01289
1.01395
1.01488
1.0157
1.01607
1.01703
1.01756
1.01801
1.01838
1.01868
1.01893
1.01911
1.01923
1.0193
1.01933
1.01933
1.01928
1.01922
1.0191
1.01897
1.01883
1.01865
1.01846
1.01828
1.0181
1.01786
1.01762
1.01737
1.01701
1.01676
1.01652
1.01627
1.01603
1.01591
1.01554
1.01531
1.01513
1.01495
1.01485
1.01458
1.0144
1.01421
1.01403
1.01385
1.01366
1.01348
1.0133
1.01318
1.01305
1.01293
1.01281
1.01269
1.01257
1.01244
1.01232
1.0122
1.01208
1.01196
1.01182
1.01176
1.0117
1.01163
1.01157
1.01151
1.01145
1.01139
1.01133
1.0113
1.01118
1.01112
1.01105
1.01099
1.0109
1.01084
1.01078
1.01072
1.01068
1.01068
1.01068
1.01068
1.01068
1.01068
1.01068
1.01068
1.01068
1.01068
1.01068
1.01068
1.01068
1.01068
1.01068
1.01068
1.01068
1.01068
1.01068
1.01068
1.01068
1.01068
1.01068
1.01068
1.01068
1.01068
1.01068
1.01068
1.01068
1.01068
1.01068
1.01068
1.01068
1.01068
1.01068
1.01068
1.01068
1.01068
1.01068
1.01068
1.01062
1.01056
1.0105
1.01044
1.01038
1.01035
1.01035
1.01035
1.01035
1.01035
1.01035
1.01035
1.01035
1.01035
1.01035
1.01035
1.01035
1.01035
1.01035
1.01035
1.01035
1.01035
1.01035
1.01035
1.01035
1.01035
1.01035
1.01035
1.01035
1.01035
1.01035
1.01035
1.01035
1.01035
1.01035
1.01035
1.01035
1.01035
1.01035
1.01035
1.01035
1.01035
1.01035
1.01035
1.01035
1.01035
1.01035
1.01035
1.01035
1.01035
1.01035
1.01035
1.01035
1.01035
1.01035
1.01035
1.01035
1.01035
1.01035
1.01035
1.01035
1.01035
1.01035
1.01035
1.01035
1.01035
1.01035
1.01035
1.01035
1.01035
1.01035
1.01035
1.01035
1.01035
1.01035
1.01035
1.01035
1.01035
1.01035
1.01035
1.01035
1.01035
1.01035
1.01035
1.01035
1.01035
1.01035
1.01035
1.01035
1.01035
1.01035
1.01035
1.01035
1.01035
1.01035
1.01035
1.01035
1.01035
1.01035
1.01035
1.01035
1.01035
1.01035
1.01035
1.01035
1.01035
1.01035
1.01035
1.01035
1.01035
1.01035
1.01035
1.01035
1.01035
1.01035
1.01035
1.01035
1.01035
1.01035
1.01035
1.01035
1.01035
1.01035
1.01035
1.01035
1.01035
1.01035
1.01035
1.01035
1.01035
1.01035
1.01035
1.01035
1.01035
1.01035
1.01035
1.01035
1.01035
1.01035
1.01035
1.01035
1.01035
1.01035
1.01035
1.01035
1.01035
1.01035
1.01035
1.01035
1.01035
1.01035
1.01035
1.01035
1.01035
1.01035
1.01035
1.01035
1.01035
1.01035
1.01035
1.01035
1.01035
1.01035
1.01035
1.01035
1.01035
1.01035
1.01035
1.01035
1.01035
1.01035
1.01035
1.01035
1.01035
1.01035
1.01035
1.01035
1.01035
1.01035
1.01035
1.01035
1.01035
1.01035
1.01035
1.01035
1.01035
1.01035
1.01035
1.01035
1.01035
1.01035
1.01035
1.01035
1.01035
1.01035
1.01035
1.01035
1.01035
1.01035
1.01035
1.01035
1.01035
1.01035
1.01035
1.01035
1.01035
1.01035
1.01035
1.01035
1.01035
1.01035
1.01035
1.01035
1.01035
1.01035
1.01035
1.01035
1.01035
1.01035
1.01035
1.01035
1.01035
1.01035
1.01035
1.01035
1.01035
1.01035
1.01035
1.01035
1.01035
1.01035
1.01035
1.01035
1.01035
1.01035
1.01035
1.01035
1.01035
1.01035
1.01035
1.01035
1.01035
1.01035
1.01035
1.01035
1.01035
1.01035
1.01035
1.01035
1.01035
1.01035
1.01035
1.01035
1.01035
1.01035
1.01035
1.01035
1.01035
1.01035
1.01035
1.01035
1.01035
1.01035
1.01035
1.01035
1.01035
1.01035
1.01035
1.01035
1.01035
1.01035
1.01035
1.01035
1.01035
1.01035
1.01035
1.01035
1.01035
1.01035
1.01035
1.01035
1.01035
1.01035
1.01035
1.01035
1.01035
1.01035
1.01035
1.01035
1.01035
1.01035
1.01035
1.01035
1.01035
1.01035
1.01035
1.01035
1.01035
1.01035
1.01035
1.01035
1.01035
1.01035
1.01035
1.01035
1.01035
1.01035
1.01035
1.01035
1.01035
1.01035
1.01035
1.01035
1.01035
1.01035
1.01035
1.01035
1.01035
1.01035
1.01035
1.01035
1.01035
1.01035
1.01035
1.01035
1.01035
1.01035
1.01035
1.01035
1.01035
1.01035
1.01035
1.01035
1.01035
1.01035
1.01035
1.01035
1.01035
1.01035
1.01035
1.01035
1.01035
1.01035
1.01035
1.01035
1.01035
1.01035
1.01035
1.01035
1.01035
1.01035
1.01035
1.01035
1.01035
1.01035
1.01035
1.01035
1.01035
1.01035
1.01035
1.01035
1.01035
1.01035
1.01035
1.01035
1.01035
1.01035
1.01035
1.01035
1.01035
1.01035
1.01035
1.01035
1.01035
1.01035
1.01035
1.01035
1.01035
1.01035
1.01035
1.01035
1.01035
1.01035
1.01035
1.01035
1.01035
1.01035
1.01035
1.01035
1.01035
1.01035
1.01035
1.01035
1.01035
1.01035
1.01035
1.01035
1.01035
1.01035
1.01035
1.01035
1.01035
1.01035
1.01035
1.01035
1.01035
1.01035
1.01035
1.01035
1.01035
1.01035
1.01035
1.01035
1.01035
1.01035
1.01035
1.01035
1.01035
1.01035
1.01035
1.01035
1.01035
1.01035
1.01035
1.01035
1.01035
1.01035
1.01035
1.01035
1.01035
1.01035
1.01035
1.01035
1.01035
1.01035
1.01035
1.01035
1.01035
1.01035
1.01035
1.01035
1.01035
1.01035
1.01035
1.01035
1.01035
1.01035
1.01035
1.01035
1.01035
1.01035
1.01035
1.01035
1.01035
1.01035
1.01035
1.01035
1.01035
1.01035
1.01035
1.01035
1.01035
1.01035
1.01035
1.01035
1.01035
1.01035
1.01035
1.01035
1.01035
1.01035
1.01035
1.01035
1.01035
1.01035
1.01035
1.01035
1.01035
1.01035
1.01035
1.01035
1.01035
1.01035
1.01035
1.01035
1.01035
1.01035
1.01035
1.01035
1.01035
1.01035
1.01035
1.01035
1.01035
1.01035
1.01035
1.01035
1.01035
1.01035
1.01035
1.01035
1.01035
1.01035
1.01035
1.01035
1.01035
1.01035
1.01035
1.01035
1.01035
1.01035
1.01035
1.01035
1.01035
1.01035
1.01035
1.01035
1.01035
1.01035
1.01035
1.01035
1.01035
1.01035
1.01035
1.01035
1.01035
1.01035
1.01035
1.01035
1.01035
1.01035
1.01035
1.01035
1.01035
1.01035
1.01035
1.01035
1.01035
1.01035
1.01035
1.01035
1.01035
1.01035
1.01035
1.01035
1.01035
1.01035
1.01035
1.01035
1.01035
1.01035
1.01035
1.01035
1.01035
1.01035
1.01035
1.01035
1.01035
1.01035
1.01035
1.01035
1.01035
1.01035
1.01035
1.01035
1.01035
1.01035
1.01035
1.01035
1.01035
1.01035
1.01035
1.01035
1.01035
1.01035
1.01035
1.01035
1.01035
1.01035
1.01035
1.01035
1.01035
1.01035
1.01035
1.01035
1.01035
1.01035
1.01035
1.01035
1.01035
1.01035
1.01035
1.01035
1.01035
1.01035
1.01035
1.01035
1.01035
1.01035
1.01035
1.01035
1.01035
1.01035
1.01035
1.01035
1.01035
1.01035
1.01035
1.01035
1.01035
1.01035
1.01035
1.01035
1.01035
1.01035
1.01035
1.01035
1.01035
1.01035
1.01035
1.01035
1.01035
1.01035
1.01035
1.01035
1.01035
1.01035
1.01035
1.01035
1.01035
1.01035
1.01035
1.01035
1.01035
1.01035
1.01035
1.01035
1.01035
1.01035
1.01035
1.01035
1.01035
1.01035
1.01035
1.01035
1.01035
1.01035
1.01035
1.01035
1.01035
1.01035
1.01035
1.01035
1.01035
1.01035
1.01035
1.01035
1.01035
1.01035
1.01035
1.01035
1.01035
1.01035
1.01035
1.01035
1.01035
1.01035
1.01035
1.01035
1.01035
1.01035
1.01035
1.01035
1.01035
1.01035
1.01035
1.01035
1.01035
1.01035
1.01035
1.01035
1.01035
1.01035
1.01035
1.01035
1.01035
1.01035
1.01035
1.01035
1.01035
1.01035
1.01035
1.01035
1.01035
1.01035
1.01035
1.01035
1.01035
1.01035
1.01035
1.01035
1.01035
1.01035
1.01035
1.01035
1.01035
1.01035
1.01035
1.01035
1.01035
1.01035
1.01035
1.01035
1.01035
1.01035
1.01035
1.01035
1.01035
1.01035
1.01035
1.01035
1.01035
1.01035
1.01035
1.01035
1.01035
1.01035
1.01035
1.01035
1.01035
1.01035
1.01035
1.01035
1.01035
1.01035
1.01035
1.01035
1.01035
1.01035
1.01035
1.01035
1.01035
1.01035
1.01035
1.01035
1.01035
1.01035
1.01035
1.01035
1.01035
1.01035
1.01035
1.01035
1.01035
1.01035
1.01035
1.01035
1.01035
1.01035
1.01035
1.01035
1.01035
1.01035
1.01035
1.01035
1.01035
1.01035
1.01035
1.01035
1.01035
1.01035
1.01035
1.01035
1.01035
1.01035
1.01035
1.01035
1.01035
1.01035
1.01035
1.01035
1.01035
1.01035
1.01035
1.01035
1.01035
1.01035
1.01035
1.01035
1.01035
1.01035
1.01035
1.01035
1.01035
1.01035
1.01035
1.01035
1.01035
1.01035
1.01035
1.01035
1.01035
1.01035
1.01035
1.01035
1.01035
1.01035
1.01035
1.01035
1.01035
1.01035
