0
0
0
0
3.8147e-05
0.000328064
0.00115967
0.00287628
0.00576019
0.0100708
0.016037
0.0238876
0.0338364
0.0460815
0.0607071
0.0872116
0.0972672
0.119125
0.155899
0.18264
0.210777
0.240089
0.270508
0.301735
0.333359
0.364975
0.396294
0.427116
0.457291
0.486717
0.515289
0.542938
0.582581
0.607765
0.631927
0.655052
0.677124
0.698051
0.717896
0.736755
0.754639
0.771568
0.787613
0.802811
0.817184
0.830772
0.849731
0.861473
0.872528
0.882927
0.892685
0.901741
0.910065
0.917793
0.925026
0.931786
0.938103
0.946808
0.952133
0.957108
0.961746
0.966042
0.969925
0.973419
0.976624
0.979607
0.982391
0.984978
0.987389
0.989639
0.99173
0.993683
0.995499
0.997192
0.998764
1.00022
1.00157
1.00282
1.00451
1.00503
1.00599
1.00687
1.00768
1.00874
1.00936
1.00993
1.01044
1.01089
1.0113
1.01165
1.0121
1.01234
1.01257
1.01275
1.01291
1.01303
1.01313
1.01319
1.01325
1.01331
1.01331
1.01331
1.01331
1.01331
1.01331
1.01325
1.01319
1.01313
1.0131
1.01301
1.01295
1.01289
1.01283
1.01276
1.0127
1.01264
1.01255
1.01252
1.01246
1.0124
1.01231
1.01225
1.01218
1.01215
1.01206
1.01203
1.01197
1.01188
1.01185
1.01179
1.0117
1.01167
1.01157
1.01151
1.01145
1.01139
1.01133
1.01127
1.01124
1.01115
1.01109
1.01102
1.01096
1.0109
1.01084
1.01078
1.01075
1.01075
1.01075
1.01075
1.01075
1.01075
1.01075
1.01075
1.01075
1.01075
1.01075
1.01075
1.01075
1.01075
1.01075
1.01075
1.01075
1.01075
1.01075
1.01075
1.01075
1.01075
1.01075
1.01075
1.01075
1.01075
1.01075
1.01075
1.01074
1.01068
1.01062
1.01056
1.0105
1.01044
1.01038
1.01038
1.01038
1.01038
1.01038
1.01038
1.01038
1.01038
1.01038
1.01038
1.01038
1.01038
1.01038
1.01038
1.01038
1.01038
1.01038
1.01038
1.01038
1.01038
1.01038
1.01038
1.01038
1.01038
1.01038
1.01038
1.01038
1.01038
1.01038
1.01038
1.01038
1.01038
1.01038
1.01038
1.01038
1.01038
1.01038
1.01038
1.01038
1.01038
1.01038
1.01038
1.01038
1.01038
1.01038
1.01038
1.01038
1.01038
1.01038
1.01038
1.01038
1.01038
1.01038
1.01038
1.01038
1.01038
1.01038
1.01038
1.01038
1.01038
1.01038
1.01038
1.01038
1.01038
1.01038
1.01038
1.01038
1.01038
1.01038
1.01038
1.01038
1.01038
1.01038
1.01038
1.01038
1.01038
1.01038
1.01038
1.01038
1.01038
1.01038
1.01038
1.01038
1.01038
1.01038
1.01038
1.01038
1.01038
1.01038
1.01038
1.01038
1.01038
1.01038
1.01038
1.01038
1.01038
1.01038
1.01038
1.01038
1.01038
1.01038
1.01038
1.01038
1.01038
1.01038
1.01038
1.01038
1.01038
1.01038
1.01038
1.01038
1.01038
1.01038
1.01038
1.01038
1.01038
1.01038
1.01038
1.01038
1.01038
1.01038
1.01038
1.01038
1.01038
1.01038
1.01038
1.01038
1.01038
1.01038
1.01038
1.01038
1.01038
1.01038
1.01038
1.01038
1.01038
1.01038
1.01038
1.01038
1.01038
1.01038
1.01038
1.01038
1.01038
1.01038
1.01038
1.01038
1.01038
1.01038
1.01038
1.01038
1.01038
1.01038
1.01038
1.01038
1.01038
1.01038
1.01038
1.01038
1.01038
1.01038
1.01038
1.01038
1.01038
1.01038
1.01038
1.01038
1.01038
1.01038
1.01038
1.01038
1.01038
1.01038
1.01038
1.01038
1.01038
1.01038
1.01038
1.01038
1.01038
1.01038
1.01038
1.01038
1.01038
1.01038
1.01038
1.01038
1.01038
1.01038
1.01038
1.01038
1.01038
1.01038
1.01038
1.01038
1.01038
1.01038
1.01038
1.01038
1.01038
1.01038
1.01038
1.01038
1.01038
1.01038
1.01038
1.01038
1.01038
1.01038
1.01038
1.01038
1.01038
1.01038
1.01038
1.01038
1.01038
1.01038
1.01038
1.01038
1.01038
1.01038
1.01038
1.01038
1.01038
1.01038
1.01038
1.01038
1.01038
1.01038
1.01038
1.01038
1.01038
1.01038
1.01038
1.01038
1.01038
1.01038
1.01038
1.01038
1.01038
1.01038
1.01038
1.01038
1.01038
1.01038
1.01038
1.01038
1.01038
1.01038
1.01038
1.01038
1.01038
1.01038
1.01038
1.01038
1.01038
1.01038
1.01038
1.01038
1.01038
1.01038
1.01038
1.01038
1.01038
1.01038
1.01038
1.01038
1.01038
1.01038
1.01038
1.01038
1.01038
1.01038
1.01038
1.01038
1.01038
1.01038
1.01038
1.01038
1.01038
1.01038
1.01038
1.01038
1.01038
1.01038
1.01038
1.01038
1.01038
1.01038
1.01038
1.01038
1.01038
1.01038
1.01038
1.01038
1.01038
1.01038
1.01038
1.01038
1.01038
1.01038
1.01038
1.01038
1.01038
1.01038
1.01038
1.01038
1.01038
1.01038
1.01038
1.01038
1.01038
1.01038
1.01038
1.01038
1.01038
1.01038
1.01038
1.01038
1.01038
1.01038
1.01038
1.01038
1.01038
1.01038
1.01038
1.01038
1.01038
1.01038
1.01038
1.01038
1.01038
1.01038
1.01038
1.01038
1.01038
1.01038
1.01038
1.01038
1.01038
1.01038
1.01038
1.01038
1.01038
1.01038
1.01038
1.01038
1.01038
1.01038
1.01038
1.01038
1.01038
1.01038
1.01038
1.01038
1.01038
1.01038
1.01038
1.01038
1.01038
1.01038
1.01038
1.01038
1.01038
1.01038
1.01038
1.01038
1.01038
1.01038
1.01038
1.01038
1.01038
1.01038
1.01038
1.01038
1.01038
1.01038
1.01038
1.01038
1.01038
1.01038
1.01038
1.01038
1.01038
1.01038
1.01038
1.01038
1.01038
1.01038
1.01038
1.01038
1.01038
1.01038
1.01038
1.01038
1.01038
1.01038
1.01038
1.01038
1.01038
1.01038
1.01038
1.01038
1.01038
1.01038
1.01038
1.01038
1.01038
1.01038
1.01038
1.01038
1.01038
1.01038
1.01038
1.01038
1.01038
1.01038
1.01038
1.01038
1.01038
1.01038
1.01038
1.01038
1.01038
1.01038
1.01038
1.01038
1.01038
1.01038
1.01038
1.01038
1.01038
1.01038
1.01038
1.01038
1.01038
1.01038
1.01038
1.01038
1.01038
1.01038
1.01038
1.01038
1.01038
1.01038
1.01038
1.01038
1.01038
1.01038
1.01038
1.01038
1.01038
1.01038
1.01038
1.01038
1.01038
1.01038
1.01038
1.01038
1.01038
1.01038
1.01038
1.01038
1.01038
1.01038
1.01038
1.01038
1.01038
1.01038
1.01038
1.01038
1.01038
1.01038
1.01038
1.01038
1.01038
1.01038
1.01038
1.01038
1.01038
1.01038
1.01038
1.01038
1.01038
1.01038
1.01038
1.01038
1.01038
1.01038
1.01038
1.01038
1.01038
1.01038
1.01038
1.01038
1.01038
1.01038
1.01038
1.01038
1.01038
1.01038
1.01038
1.01038
1.01038
1.01038
1.01038
1.01038
1.01038
1.01038
1.01038
1.01038
1.01038
1.01038
1.01038
1.01038
1.01038
1.01038
1.01038
1.01038
1.01038
1.01038
1.01038
1.01038
1.01038
1.01038
1.01038
1.01038
1.01038
1.01038
1.01038
1.01038
1.01038
1.01038
1.01038
1.01038
1.01038
1.01038
1.01038
1.01038
1.01038
1.01038
1.01038
1.01038
1.01038
1.01038
1.01038
1.01038
1.01038
1.01038
1.01038
1.01038
1.01038
1.01038
1.01038
1.01038
1.01038
1.01038
1.01038
1.01038
1.01038
1.01038
1.01038
1.01038
1.01038
1.01038
1.01038
1.01038
1.01038
1.01038
1.01038
1.01038
1.01038
1.01038
1.01038
1.01038
1.01038
1.01038
1.01038
1.01038
1.01038
1.01038
1.01038
1.01038
1.01038
1.01038
1.01038
1.01038
1.01038
1.01038
1.01038
1.01038
1.01038
1.01038
1.01038
1.01038
1.01038
1.01038
1.01038
1.01038
1.01038
1.01038
1.01038
1.01038
1.01038
1.01038
1.01038
1.01038
1.01038
1.01038
1.01038
1.01038
1.01038
1.01038
1.01038
1.01038
1.01038
1.01038
1.01038
1.01038
1.01038
1.01038
1.01038
1.01038
1.01038
1.01038
1.01038
1.01038
1.01038
1.01038
1.01038
1.01038
1.01038
1.01038
1.01038
1.01038
1.01038
1.01038
1.01038
1.01038
1.01038
1.01038
1.01038
1.01038
1.01038
1.01038
1.01038
1.01038
1.01038
1.01038
1.01038
1.01038
1.01038
1.01038
1.01038
1.01038
1.01038
1.01038
1.01038
1.01038
1.01038
1.01038
1.01038
1.01038
1.01038
1.01038
1.01038
1.01038
1.01038
1.01038
1.01038
1.01038
1.01038
1.01038
1.01038
1.01038
1.01038
1.01038
1.01038
1.01038
1.01038
1.01038
1.01038
1.01038
1.01038
1.01038
1.01038
1.01038
1.01038
1.01038
1.01038
1.01038
1.01038
1.01038
1.01038
1.01038
1.01038
1.01038
1.01038
1.01038
1.01038
1.01038
1.01038
1.01038
1.01038
1.01038
1.01038
1.01038
1.01038
1.01038
1.01038
1.01038
1.01038
1.01038
1.01038
1.01038
1.01038
1.01038
1.01038
1.01038
1.01038
1.01038
1.01038
1.01038
1.01038
1.01038
1.01038
1.01038
1.01038
1.01038
1.01038
1.01038
1.01038
1.01038
1.01038
1.01038
1.01038
1.01038
1.01038
1.01038
1.01038
1.01038
1.01038
1.01038
1.01038
1.01038
1.01038
1.01038
1.01038
1.01038
1.01038
1.01038
1.01038
1.01038
1.01038
1.01038
1.01038
1.01038
1.01038
1.01038
1.01038
1.01038
1.01038
1.01038
1.01038
1.01038
1.01038
1.01038
1.01038
1.01038
1.01038
1.01038
1.01038
1.01038
1.01038
1.01038
1.01038
1.01038
1.01038
1.01038
1.01038
1.01038
1.01038
1.01038
1.01038
1.01038
1.01038
1.01038
1.01038
1.01038
1.01038
1.01038
1.01038
1.01038
1.01038
1.01038
1.01038
1.01038
1.01038
1.01038
1.01038
1.01038
1.01038
1.01038
1.01038
1.01038
1.01038
1.01038
1.01038
1.01038
1.01038
1.01038
1.01038
1.01038
1.01038
1.01038
1.01038
1.01038
1.01038
1.01038
1.01038
