0
0
0
0
0
3.43323e-05
0.000629425
0.0018692
0.0041275
0.0076828
0.0127831
0.0196648
0.0337868
0.039608
0.0530396
0.0688934
0.0871735
0.119125
0.143414
0.169975
0.198612
0.229061
0.261055
0.294334
0.328693
0.363914
0.39978
0.436108
0.472797
0.509705
0.546658
0.5835
0.620071
0.674114
0.709396
0.743946
0.77766
0.810436
0.842167
0.872726
0.90205
0.930096
0.969666
0.98217
1.01757
1.03941
1.05979
1.0787
1.09618
1.11222
1.12682
1.14001
1.15189
1.16733
1.17607
1.17999
1.18999
1.19524
1.19938
1.20362
1.20523
1.20591
1.20572
1.20469
1.20291
1.2004
1.19723
1.19346
1.18915
1.18435
1.1791
1.17347
1.16749
1.16122
1.1547
1.14454
1.14106
1.13401
1.12327
1.11966
1.10881
1.10159
1.09441
1.08731
1.0838
1.07344
1.06343
1.05698
1.05072
1.04165
1.03586
1.03029
1.02499
1.01994
1.01287
1.01065
1.00641
1.00245
0.998768
0.995373
0.990788
0.989391
0.986797
0.984463
0.981445
0.979752
0.978294
0.977058
0.976044
0.97525
0.974667
0.974274
0.974068
0.97403
0.974152
0.974621
0.975109
0.975719
0.976452
0.977291
0.97823
0.979252
0.980354
0.982128
0.983383
0.984684
0.986023
0.987392
0.988781
0.990887
0.991589
0.992992
0.994396
0.9958
0.997883
0.999245
1.00058
1.00189
1.00316
1.00439
1.00558
1.00672
1.00782
1.00887
1.00986
1.0108
1.01168
1.01251
1.01329
1.01401
1.01499
1.01529
1.0161
1.01657
1.017
1.01719
1.01769
1.01796
1.01808
1.01836
1.01843
1.01859
1.01863
1.01865
1.01863
1.01857
1.01849
1.01837
1.01822
1.01805
1.01787
1.01765
1.01742
1.01718
1.01691
1.01663
1.01619
1.01589
1.01558
1.01528
1.01497
1.01464
1.0143
1.01384
1.01368
1.01338
1.01292
1.01277
1.01231
1.01204
1.0119
1.01149
1.01123
1.01099
1.01074
1.01052
1.01031
1.0101
1.00992
1.00974
1.00957
1.00942
1.00927
1.00914
1.00902
1.00891
1.00882
1.00872
1.00865
1.00859
1.00853
1.00848
1.00845
1.00842
1.00838
1.00838
1.00838
1.00838
1.00838
1.0084
1.00845
1.00848
1.00851
1.00854
1.00855
1.00863
1.00869
1.00875
1.00881
1.00887
1.00893
1.009
1.00909
1.00912
1.00918
1.00927
1.0093
1.00936
1.00942
1.00948
1.00957
1.00961
1.00967
1.00976
1.00979
1.00988
1.00994
1.00998
1.01001
1.01004
1.01007
1.01011
1.01014
1.01018
1.01021
1.01024
1.01027
1.0103
1.01033
1.01036
1.01036
1.01036
1.01036
1.01036
1.01036
1.01036
1.01036
1.01036
1.01036
1.01036
1.01036
1.01036
1.01036
1.01036
1.01036
1.01036
1.01036
1.01036
1.01036
1.01036
1.01036
1.01036
1.01036
1.01036
1.01033
1.0103
1.01027
1.01024
1.0102
1.01018
1.01015
1.01011
1.01009
1.01004
1.01003
1.01003
1.01003
1.01003
1.01003
1.01003
1.01003
1.01003
1.01003
1.01003
1.01003
1.01003
1.01003
1.01003
1.01003
1.01003
1.01003
1.01003
1.01003
1.01003
1.01003
1.01003
1.01003
1.01003
1.01003
1.01003
1.01003
1.01003
1.01003
1.01003
1.01003
1.01003
1.01003
1.01003
1.01003
1.01003
1.01003
1.01003
1.01003
1.01003
1.01003
1.01003
1.01003
1.01003
1.01003
1.01003
1.01003
1.01003
1.01003
1.01003
1.01003
1.01003
1.01003
1.01003
1.01003
1.01003
1.01003
1.01003
1.01003
1.01003
1.01003
1.01003
1.01003
1.01003
1.01003
1.01003
1.01003
1.01003
1.01003
1.01003
1.01003
1.01003
1.01003
1.01003
1.01003
1.01003
1.01003
1.01003
1.01003
1.01003
1.01003
1.01003
1.01003
1.01003
1.01003
1.01003
1.01003
1.01003
1.01003
1.01003
1.01003
1.01003
1.01003
1.01003
1.01003
1.01003
1.01003
1.01003
1.01003
1.01003
1.01003
1.01003
1.01003
1.01003
1.01003
1.01003
1.01003
1.01003
1.01003
1.01003
1.01003
1.01003
1.01003
1.01003
1.01003
1.01003
1.01003
1.01003
1.01003
1.01003
1.01003
1.01003
1.01003
1.01003
1.01003
1.01003
1.01003
1.01003
1.01003
1.01003
1.01003
1.01003
1.01003
1.01003
1.01003
1.01003
1.01003
1.01003
1.01003
1.01003
1.01003
1.01003
1.01003
1.01003
1.01003
1.01003
1.01003
1.01003
1.01003
1.01003
1.01003
1.01003
1.01003
1.01003
1.01003
1.01003
1.01003
1.01003
1.01003
1.01003
1.01003
1.01003
1.01003
1.01003
1.01003
1.01003
1.01003
1.01003
1.01003
1.01003
1.01003
1.01003
1.01003
1.01003
1.01003
1.01003
1.01003
1.01003
1.01003
1.01003
1.01003
1.01003
1.01003
1.01003
1.01003
1.01003
1.01003
1.01003
1.01003
1.01003
1.01003
1.01003
1.01003
1.01003
1.01003
1.01003
1.01003
1.01003
1.01003
1.01003
1.01003
1.01003
1.01003
1.01003
1.01003
1.01003
1.01003
1.01003
1.01003
1.01003
1.01003
1.01003
1.01003
1.01003
1.01003
1.01003
1.01003
1.01003
1.01003
1.01003
1.01003
1.01003
1.01003
1.01003
1.01003
1.01003
1.01003
1.01003
1.01003
1.01003
1.01003
1.01003
1.01003
1.01003
1.01003
1.01003
1.01003
1.01003
1.01003
1.01003
1.01003
1.01003
1.01003
1.01003
1.01003
1.01003
1.01003
1.01003
1.01003
1.01003
1.01003
1.01003
1.01003
1.01003
1.01003
1.01003
1.01003
1.01003
1.01003
1.01003
1.01003
1.01003
1.01003
1.01003
1.01003
1.01003
1.01003
1.01003
1.01003
1.01003
1.01003
1.01003
1.01003
1.01003
1.01003
1.01003
1.01003
1.01003
1.01003
1.01003
1.01003
1.01003
1.01003
1.01003
1.01003
1.01003
1.01003
1.01003
1.01003
1.01003
1.01003
1.01003
1.01003
1.01003
1.01003
1.01003
1.01003
1.01003
1.01003
1.01003
1.01003
1.01003
1.01003
1.01003
1.01003
1.01003
1.01003
1.01003
1.01003
1.01003
1.01003
1.01003
1.01003
1.01003
1.01003
1.01003
1.01003
1.01003
1.01003
1.01003
1.01003
1.01003
1.01003
1.01003
1.01003
1.01003
1.01003
1.01003
1.01003
1.01003
1.01003
1.01003
1.01003
1.01003
1.01003
1.01003
1.01003
1.01003
1.01003
1.01003
1.01003
1.01003
1.01003
1.01003
1.01003
1.01003
1.01003
1.01003
1.01003
1.01003
1.01003
1.01003
1.01003
1.01003
1.01003
1.01003
1.01003
1.01003
1.01003
1.01003
1.01003
1.01003
1.01003
1.01003
1.01003
1.01003
1.01003
1.01003
1.01003
1.01003
1.01003
1.01003
1.01003
1.01003
1.01003
1.01003
1.01003
1.01003
1.01003
1.01003
1.01003
1.01003
1.01003
1.01003
1.01003
1.01003
1.01003
1.01003
1.01003
1.01003
1.01003
1.01003
1.01003
1.01003
1.01003
1.01003
1.01003
1.01003
1.01003
1.01003
1.01003
1.01003
1.01003
1.01003
1.01003
1.01003
1.01003
1.01003
1.01003
1.01003
1.01003
1.01003
1.01003
1.01003
1.01003
1.01003
1.01003
1.01003
1.01003
1.01003
1.01003
1.01003
1.01003
1.01003
1.01003
1.01003
1.01003
1.01003
1.01003
1.01003
1.01003
1.01003
1.01003
1.01003
1.01003
1.01003
1.01003
1.01003
1.01003
1.01003
1.01003
1.01003
1.01003
1.01003
1.01003
1.01003
1.01003
1.01003
1.01003
1.01003
1.01003
1.01003
1.01003
1.01003
1.01003
1.01003
1.01003
1.01003
1.01003
1.01003
1.01003
1.01003
1.01003
1.01003
1.01003
1.01003
1.01003
1.01003
1.01003
1.01003
1.01003
1.01003
1.01003
1.01003
1.01003
1.01003
1.01003
1.01003
1.01003
1.01003
1.01003
1.01003
1.01003
1.01003
1.01003
1.01003
1.01003
1.01003
1.01003
1.01003
1.01003
1.01003
1.01003
1.01003
1.01003
1.01003
1.01003
1.01003
1.01003
1.01003
1.01003
1.01003
1.01003
1.01003
1.01003
1.01003
1.01003
1.01003
1.01003
1.01003
1.01003
1.01003
1.01003
1.01003
1.01003
1.01003
1.01003
1.01003
1.01003
1.01003
1.01003
1.01003
1.01003
1.01003
1.01003
1.01003
1.01003
1.01003
1.01003
1.01003
1.01003
1.01003
1.01003
1.01003
1.01003
1.01003
1.01003
1.01003
1.01003
1.01003
1.01003
1.01003
1.01003
1.01003
1.01003
1.01003
1.01003
1.01003
1.01003
1.01003
1.01003
1.01003
1.01003
1.01003
1.01003
1.01003
1.01003
1.01003
1.01003
1.01003
1.01003
1.01003
1.01003
1.01003
1.01003
1.01003
1.01003
1.01003
1.01003
1.01003
1.01003
1.01003
1.01003
1.01003
1.01003
1.01003
1.01003
1.01003
1.01003
1.01003
1.01003
1.01003
1.01003
1.01003
1.01003
1.01003
1.01003
1.01003
1.01003
1.01003
1.01003
1.01003
1.01003
1.01003
1.01003
1.01003
1.01003
1.01003
1.01003
1.01003
1.01003
1.01003
1.01003
1.01003
1.01003
1.01003
1.01003
1.01003
1.01003
1.01003
1.01003
1.01003
1.01003
1.01003
1.01003
1.01003
1.01003
1.01003
1.01003
1.01003
1.01003
1.01003
1.01003
1.01003
1.01003
1.01003
1.01003
1.01003
1.01003
1.01003
1.01003
1.01003
1.01003
1.01003
1.01003
1.01003
1.01003
1.01003
1.01003
1.01003
1.01003
1.01003
1.01003
1.01003
1.01003
1.01003
1.01003
1.01003
1.01003
1.01003
1.01003
1.01003
1.01003
1.01003
1.01003
1.01003
1.01003
1.01003
1.01003
1.01003
1.01003
1.01003
1.01003
1.01003
1.01003
1.01003
1.01003
1.01003
1.01003
1.01003
1.01003
1.01003
1.01003
1.01003
1.01003
1.01003
1.01003
1.01003
1.01003
1.01003
1.01003
1.01003
1.01003
1.01003
1.01003
1.01003
1.01003
1.01003
1.01003
1.01003
1.01003
1.01003
1.01003
1.01003
1.01003
1.01003
1.01003
1.01003
1.01003
1.01003
1.01003
1.01003
1.01003
1.01003
1.01003
1.01003
