0
0
0
0
3.8147e-06
0.00012207
0.000629425
0.0018692
0.00572968
0.0100288
0.0159874
0.023838
0.0337868
0.0460205
0.0606689
0.0777283
0.0972176
0.119125
0.156441
0.184109
0.213753
0.245132
0.278008
0.312138
0.347248
0.383129
0.419579
0.456409
0.511974
0.548981
0.567417
0.622204
0.658112
0.693314
0.727715
0.761318
0.793991
0.825577
0.856026
0.885349
0.913521
0.940483
0.966194
0.990597
1.01362
1.03528
1.05557
1.07449
1.09204
1.10822
1.12304
1.13652
1.15427
1.1645
1.17348
1.18126
1.18786
1.1933
1.19762
1.20087
1.20311
1.20439
1.20476
1.20428
1.20299
1.20096
1.19824
1.19488
1.19094
1.18649
1.18155
1.17619
1.17045
1.16439
1.15806
1.15149
1.14474
1.13785
1.13084
1.12376
1.11664
1.1095
1.09885
1.09533
1.08834
1.08145
1.07468
1.06482
1.06161
1.05534
1.04926
1.04054
1.03502
1.02972
1.02467
1.01987
1.01535
1.01109
1.0071
1.00336
0.999901
0.9967
0.993755
0.991055
0.988598
0.986385
0.984417
0.98267
0.981884
0.979851
0.978756
0.977867
0.977169
0.976471
0.976223
0.976143
0.976215
0.976437
0.976795
0.977283
0.977886
0.978992
0.979412
0.980312
0.981293
0.982342
0.984032
0.984623
0.986454
0.98772
0.988361
0.990322
0.991634
0.992947
0.994259
0.995571
0.99688
0.998161
0.999424
1.00066
1.00187
1.00304
1.00419
1.0053
1.00637
1.00739
1.00838
1.00931
1.01021
1.01105
1.01185
1.01295
1.01363
1.01425
1.01483
1.01535
1.01582
1.01625
1.01662
1.01695
1.01723
1.01746
1.01766
1.01781
1.01796
1.01802
1.01804
1.01802
1.01797
1.0179
1.0178
1.01767
1.01752
1.01734
1.01715
1.01694
1.01671
1.01646
1.01622
1.01594
1.01567
1.01539
1.01495
1.0148
1.01434
1.01419
1.01373
1.01358
1.01328
1.01297
1.01256
1.01229
1.01201
1.01174
1.01149
1.01124
1.011
1.01077
1.01056
1.01035
1.01015
1.00997
1.00988
1.00964
1.00948
1.00934
1.00922
1.00909
1.00899
1.00885
1.00876
1.0087
1.00864
1.00858
1.00855
1.00852
1.00849
1.00847
1.00847
1.00847
1.00847
1.00847
1.0085
1.00853
1.00858
1.00861
1.00862
1.00867
1.00872
1.00878
1.00881
1.0089
1.00896
1.00903
1.00909
1.00915
1.00921
1.00927
1.00933
1.00939
1.00945
1.00951
1.00957
1.00967
1.00973
1.00976
1.00982
1.00988
1.00995
1.00998
1.01001
1.01004
1.01007
1.0101
1.01013
1.01016
1.01019
1.01022
1.01025
1.01025
1.01031
1.01033
1.01033
1.01033
1.01033
1.01033
1.01033
1.01033
1.01033
1.01033
1.01033
1.01033
1.01033
1.01033
1.01033
1.01033
1.01033
1.01033
1.01033
1.01033
1.01033
1.01033
1.01033
1.01033
1.01033
1.01033
1.01033
1.01033
1.01033
1.01033
1.01031
1.01028
1.01025
1.01022
1.01019
1.01016
1.01013
1.0101
1.01007
1.01005
1.01005
1.01005
1.01005
1.01005
1.01005
1.01005
1.01005
1.01005
1.01005
1.01005
1.01005
1.01005
1.01005
1.01005
1.01005
1.01005
1.01005
1.01005
1.01005
1.01005
1.01005
1.01005
1.01005
1.01005
1.01005
1.01005
1.01005
1.01005
1.01005
1.01005
1.01005
1.01005
1.01005
1.01005
1.01005
1.01005
1.01005
1.01005
1.01005
1.01005
1.01005
1.01005
1.01005
1.01005
1.01005
1.01005
1.01005
1.01005
1.01005
1.01005
1.01005
1.01005
1.01005
1.01005
1.01005
1.01005
1.01005
1.01005
1.01005
1.01005
1.01005
1.01005
1.01005
1.01005
1.01005
1.01005
1.01005
1.01005
1.01005
1.01005
1.01005
1.01005
1.01005
1.01005
1.01005
1.01005
1.01005
1.01005
1.01005
1.01005
1.01005
1.01005
1.01005
1.01005
1.01005
1.01005
1.01005
1.01005
1.01005
1.01005
1.01005
1.01005
1.01005
1.01005
1.01005
1.01005
1.01005
1.01005
1.01005
1.01005
1.01005
1.01005
1.01005
1.01005
1.01005
1.01005
1.01005
1.01005
1.01005
1.01005
1.01005
1.01005
1.01005
1.01005
1.01005
1.01005
1.01005
1.01005
1.01005
1.01005
1.01005
1.01005
1.01005
1.01005
1.01005
1.01005
1.01005
1.01005
1.01005
1.01005
1.01005
1.01005
1.01005
1.01005
1.01005
1.01005
1.01005
1.01005
1.01005
1.01005
1.01005
1.01005
1.01005
1.01005
1.01005
1.01005
1.01005
1.01005
1.01005
1.01005
1.01005
1.01005
1.01005
1.01005
1.01005
1.01005
1.01005
1.01005
1.01005
1.01005
1.01005
1.01005
1.01005
1.01005
1.01005
1.01005
1.01005
1.01005
1.01005
1.01005
1.01005
1.01005
1.01005
1.01005
1.01005
1.01005
1.01005
1.01005
1.01005
1.01005
1.01005
1.01005
1.01005
1.01005
1.01005
1.01005
1.01005
1.01005
1.01005
1.01005
1.01005
1.01005
1.01005
1.01005
1.01005
1.01005
1.01005
1.01005
1.01005
1.01005
1.01005
1.01005
1.01005
1.01005
1.01005
1.01005
1.01005
1.01005
1.01005
1.01005
1.01005
1.01005
1.01005
1.01005
1.01005
1.01005
1.01005
1.01005
1.01005
1.01005
1.01005
1.01005
1.01005
1.01005
1.01005
1.01005
1.01005
1.01005
1.01005
1.01005
1.01005
1.01005
1.01005
1.01005
1.01005
1.01005
1.01005
1.01005
1.01005
1.01005
1.01005
1.01005
1.01005
1.01005
1.01005
1.01005
1.01005
1.01005
1.01005
1.01005
1.01005
1.01005
1.01005
1.01005
1.01005
1.01005
1.01005
1.01005
1.01005
1.01005
1.01005
1.01005
1.01005
1.01005
1.01005
1.01005
1.01005
1.01005
1.01005
1.01005
1.01005
1.01005
1.01005
1.01005
1.01005
1.01005
1.01005
1.01005
1.01005
1.01005
1.01005
1.01005
1.01005
1.01005
1.01005
1.01005
1.01005
1.01005
1.01005
1.01005
1.01005
1.01005
1.01005
1.01005
1.01005
1.01005
1.01005
1.01005
1.01005
1.01005
1.01005
1.01005
1.01005
1.01005
1.01005
1.01005
1.01005
1.01005
1.01005
1.01005
1.01005
1.01005
1.01005
1.01005
1.01005
1.01005
1.01005
1.01005
1.01005
1.01005
1.01005
1.01005
1.01005
1.01005
1.01005
1.01005
1.01005
1.01005
1.01005
1.01005
1.01005
1.01005
1.01005
1.01005
1.01005
1.01005
1.01005
1.01005
1.01005
1.01005
1.01005
1.01005
1.01005
1.01005
1.01005
1.01005
1.01005
1.01005
1.01005
1.01005
1.01005
1.01005
1.01005
1.01005
1.01005
1.01005
1.01005
1.01005
1.01005
1.01005
1.01005
1.01005
1.01005
1.01005
1.01005
1.01005
1.01005
1.01005
1.01005
1.01005
1.01005
1.01005
1.01005
1.01005
1.01005
1.01005
1.01005
1.01005
1.01005
1.01005
1.01005
1.01005
1.01005
1.01005
1.01005
1.01005
1.01005
1.01005
1.01005
1.01005
1.01005
1.01005
1.01005
1.01005
1.01005
1.01005
1.01005
1.01005
1.01005
1.01005
1.01005
1.01005
1.01005
1.01005
1.01005
1.01005
1.01005
1.01005
1.01005
1.01005
1.01005
1.01005
1.01005
1.01005
1.01005
1.01005
1.01005
1.01005
1.01005
1.01005
1.01005
1.01005
1.01005
1.01005
1.01005
1.01005
1.01005
1.01005
1.01005
1.01005
1.01005
1.01005
1.01005
1.01005
1.01005
1.01005
1.01005
1.01005
1.01005
1.01005
1.01005
1.01005
1.01005
1.01005
1.01005
1.01005
1.01005
1.01005
1.01005
1.01005
1.01005
1.01005
1.01005
1.01005
1.01005
1.01005
1.01005
1.01005
1.01005
1.01005
1.01005
1.01005
1.01005
1.01005
1.01005
1.01005
1.01005
1.01005
1.01005
1.01005
1.01005
1.01005
1.01005
1.01005
1.01005
1.01005
1.01005
1.01005
1.01005
1.01005
1.01005
1.01005
1.01005
1.01005
1.01005
1.01005
1.01005
1.01005
1.01005
1.01005
1.01005
1.01005
1.01005
1.01005
1.01005
1.01005
1.01005
1.01005
1.01005
1.01005
1.01005
1.01005
1.01005
1.01005
1.01005
1.01005
1.01005
1.01005
1.01005
1.01005
1.01005
1.01005
1.01005
1.01005
1.01005
1.01005
1.01005
1.01005
1.01005
1.01005
1.01005
1.01005
1.01005
1.01005
1.01005
1.01005
1.01005
1.01005
1.01005
1.01005
1.01005
1.01005
1.01005
1.01005
1.01005
1.01005
1.01005
1.01005
1.01005
1.01005
1.01005
1.01005
1.01005
1.01005
1.01005
1.01005
1.01005
1.01005
1.01005
1.01005
1.01005
1.01005
1.01005
1.01005
1.01005
1.01005
1.01005
1.01005
1.01005
1.01005
1.01005
1.01005
1.01005
1.01005
1.01005
1.01005
1.01005
1.01005
1.01005
1.01005
1.01005
1.01005
1.01005
1.01005
1.01005
1.01005
1.01005
1.01005
1.01005
1.01005
1.01005
1.01005
1.01005
1.01005
1.01005
1.01005
1.01005
1.01005
1.01005
1.01005
1.01005
1.01005
1.01005
1.01005
1.01005
1.01005
1.01005
1.01005
1.01005
1.01005
1.01005
1.01005
1.01005
1.01005
1.01005
1.01005
1.01005
1.01005
1.01005
1.01005
1.01005
1.01005
1.01005
1.01005
1.01005
1.01005
1.01005
1.01005
1.01005
1.01005
1.01005
1.01005
1.01005
1.01005
1.01005
1.01005
1.01005
1.01005
1.01005
1.01005
1.01005
1.01005
1.01005
1.01005
1.01005
1.01005
1.01005
1.01005
1.01005
1.01005
1.01005
1.01005
1.01005
1.01005
1.01005
1.01005
1.01005
1.01005
1.01005
1.01005
1.01005
1.01005
1.01005
1.01005
1.01005
1.01005
1.01005
1.01005
1.01005
1.01005
1.01005
1.01005
1.01005
1.01005
1.01005
1.01005
1.01005
1.01005
1.01005
1.01005
1.01005
1.01005
1.01005
1.01005
1.01005
1.01005
1.01005
1.01005
1.01005
1.01005
1.01005
1.01005
1.01005
1.01005
1.01005
1.01005
1.01005
1.01005
1.01005
1.01005
1.01005
1.01005
1.01005
1.01005
1.01005
1.01005
1.01005
1.01005
1.01005
1.01005
