0
0
0
0
3.43323e-05
0.000305176
0.00113678
0.00285339
0.00572968
0.0100288
0.0159874
0.023838
0.0337868
0.0460205
0.0606689
0.0777283
0.0972176
0.119125
0.143421
0.17001
0.198689
0.22921
0.261341
0.294853
0.329525
0.383217
0.401455
0.438297
0.475471
0.512794
0.568661
0.60561
0.6422
0.67828
0.71368
0.748257
0.781857
0.814404
0.861103
0.89072
0.919064
0.946087
0.971737
0.995914
1.01859
1.0398
1.05956
1.07793
1.09494
1.1106
1.12491
1.13789
1.14957
1.15998
1.16914
1.1771
1.18388
1.18953
1.19409
1.19896
1.20009
1.20163
1.20227
1.20206
1.20024
1.19927
1.19679
1.19366
1.18995
1.1834
1.17843
1.17305
1.16732
1.16126
1.15494
1.14843
1.14173
1.1349
1.12797
1.12098
1.11396
1.10694
1.09993
1.09299
1.08612
1.07936
1.07273
1.06624
1.05993
1.05378
1.04784
1.0421
1.03658
1.0313
1.02382
1.02145
1.0169
1.0126
1.00856
1.00301
1.00129
0.99802
0.995029
0.992283
0.988651
0.986523
0.984631
0.982975
0.981541
0.980335
0.979336
0.978542
0.97794
0.97752
0.977268
0.977184
0.977253
0.977474
0.977825
0.978298
0.978886
0.97958
0.980793
0.981709
0.9827
0.983761
0.984875
0.986034
0.98724
0.988461
0.990368
0.991009
0.99229
0.994213
0.994854
0.996777
0.997417
0.999287
1.00051
1.0017
1.00286
1.00398
1.00508
1.00611
1.00711
1.00808
1.00899
1.00986
1.01068
1.01147
1.0122
1.01288
1.01352
1.01412
1.01467
1.01538
1.0156
1.01619
1.01652
1.01682
1.01706
1.01726
1.01743
1.01755
1.01764
1.0177
1.0177
1.0177
1.01764
1.01758
1.01748
1.01735
1.01712
1.01694
1.01676
1.01655
1.01631
1.01606
1.01582
1.01558
1.01533
1.01509
1.01479
1.01448
1.01418
1.01387
1.01342
1.01326
1.01296
1.01254
1.01242
1.01205
1.01181
1.01156
1.01132
1.01107
1.01083
1.01063
1.01045
1.01027
1.01008
1.0099
1.00972
1.00959
1.00946
1.00934
1.00916
1.00904
1.00895
1.00889
1.00883
1.00877
1.00871
1.00865
1.00859
1.00859
1.00859
1.00859
1.00859
1.00859
1.00859
1.00859
1.00859
1.00859
1.00863
1.00869
1.00875
1.00882
1.00888
1.00894
1.009
1.00906
1.00912
1.00918
1.00924
1.0093
1.00937
1.00943
1.00949
1.00958
1.00964
1.0097
1.00973
1.00982
1.00988
1.00994
1.01001
1.01007
1.01013
1.01019
1.01025
1.01026
1.01026
1.01026
1.01026
1.01026
1.01026
1.01026
1.01026
1.01026
1.01026
1.01026
1.01026
1.01026
1.01026
1.01026
1.01026
1.01026
1.01026
1.01026
1.01026
1.01026
1.01026
1.01026
1.01026
1.01026
1.01026
1.01026
1.01026
1.01026
1.01026
1.01026
1.01026
1.01026
1.01026
1.01026
1.01026
1.01026
1.01026
1.01026
1.01026
1.01026
1.01026
1.01026
1.01026
1.01026
1.01026
1.01026
1.01026
1.01026
1.01026
1.01026
1.01026
1.01026
1.01026
1.01026
1.01026
1.01026
1.01026
1.01026
1.01026
1.01026
1.01026
1.01026
1.01026
1.01026
1.01026
1.01026
1.01026
1.01026
1.01026
1.01026
1.01026
1.01026
1.01026
1.01026
1.01026
1.01026
1.01026
1.01026
1.01026
1.01026
1.01026
1.01026
1.01026
1.01026
1.01026
1.01026
1.01026
1.01026
1.01026
1.01026
1.01026
1.01026
1.01026
1.01026
1.01026
1.01026
1.01026
1.01026
1.01026
1.01026
1.01026
1.01026
1.01026
1.01026
1.01026
1.01026
1.01026
1.01026
1.01026
1.01026
1.01026
1.01026
1.01026
1.01026
1.01026
1.01026
1.01026
1.01026
1.01026
1.01026
1.01026
1.01026
1.01026
1.01026
1.01026
1.01026
1.01026
1.01026
1.01026
1.01026
1.01026
1.01026
1.01026
1.01026
1.01026
1.01026
1.01026
1.01026
1.01026
1.01026
1.01026
1.01026
1.01026
1.01026
1.01026
1.01026
1.01026
1.01026
1.01026
1.01026
1.01026
1.01026
1.01026
1.01026
1.01026
1.01026
1.01026
1.01026
1.01026
1.01026
1.01026
1.01026
1.01026
1.01026
1.01026
1.01026
1.01026
1.01026
1.01026
1.01026
1.01026
1.01026
1.01026
1.01026
1.01026
1.01026
1.01026
1.01026
1.01026
1.01026
1.01026
1.01026
1.01026
1.01026
1.01026
1.01026
1.01026
1.01026
1.01026
1.01026
1.01026
1.01026
1.01026
1.01026
1.01026
1.01026
1.01026
1.01026
1.01026
1.01026
1.01026
1.01026
1.01026
1.01026
1.01026
1.01026
1.01026
1.01026
1.01026
1.01026
1.01026
1.01026
1.01026
1.01026
1.01026
1.01026
1.01026
1.01026
1.01026
1.01026
1.01026
1.01026
1.01026
1.01026
1.01026
1.01026
1.01026
1.01026
1.01026
1.01026
1.01026
1.01026
1.01026
1.01026
1.01026
1.01026
1.01026
1.01026
1.01026
1.01026
1.01026
1.01026
1.01026
1.01026
1.01026
1.01026
1.01026
1.01026
1.01026
1.01026
1.01026
1.01026
1.01026
1.01026
1.01026
1.01026
1.01026
1.01026
1.01026
1.01026
1.01026
1.01026
1.01026
1.01026
1.01026
1.01026
1.01026
1.01026
1.01026
1.01026
1.01026
1.01026
1.01026
1.01026
1.01026
1.01026
1.01026
1.01026
1.01026
1.01026
1.01026
1.01026
1.01026
1.01026
1.01026
1.01026
1.01026
1.01026
1.01026
1.01026
1.01026
1.01026
1.01026
1.01026
1.01026
1.01026
1.01026
1.01026
1.01026
1.01026
1.01026
1.01026
1.01026
1.01026
1.01026
1.01026
1.01026
1.01026
1.01026
1.01026
1.01026
1.01026
1.01026
1.01026
1.01026
1.01026
1.01026
1.01026
1.01026
1.01026
1.01026
1.01026
1.01026
1.01026
1.01026
1.01026
1.01026
1.01026
1.01026
1.01026
1.01026
1.01026
1.01026
1.01026
1.01026
1.01026
1.01026
1.01026
1.01026
1.01026
1.01026
1.01026
1.01026
1.01026
1.01026
1.01026
1.01026
1.01026
1.01026
1.01026
1.01026
1.01026
1.01026
1.01026
1.01026
1.01026
1.01026
1.01026
1.01026
1.01026
1.01026
1.01026
1.01026
1.01026
1.01026
1.01026
1.01026
1.01026
1.01026
1.01026
1.01026
1.01026
1.01026
1.01026
1.01026
1.01026
1.01026
1.01026
1.01026
1.01026
1.01026
1.01026
1.01026
1.01026
1.01026
1.01026
1.01026
1.01026
1.01026
1.01026
1.01026
1.01026
1.01026
1.01026
1.01026
1.01026
1.01026
1.01026
1.01026
1.01026
1.01026
1.01026
1.01026
1.01026
1.01026
1.01026
1.01026
1.01026
1.01026
1.01026
1.01026
1.01026
1.01026
1.01026
1.01026
1.01026
1.01026
1.01026
1.01026
1.01026
1.01026
1.01026
1.01026
1.01026
1.01026
1.01026
1.01026
1.01026
1.01026
1.01026
1.01026
1.01026
1.01026
1.01026
1.01026
1.01026
1.01026
1.01026
1.01026
1.01026
1.01026
1.01026
1.01026
1.01026
1.01026
1.01026
1.01026
1.01026
1.01026
1.01026
1.01026
1.01026
1.01026
1.01026
1.01026
1.01026
1.01026
1.01026
1.01026
1.01026
1.01026
1.01026
1.01026
1.01026
1.01026
1.01026
1.01026
1.01026
1.01026
1.01026
1.01026
1.01026
1.01026
1.01026
1.01026
1.01026
1.01026
1.01026
1.01026
1.01026
1.01026
1.01026
1.01026
1.01026
1.01026
1.01026
1.01026
1.01026
1.01026
1.01026
1.01026
1.01026
1.01026
1.01026
1.01026
1.01026
1.01026
1.01026
1.01026
1.01026
1.01026
1.01026
1.01026
1.01026
1.01026
1.01026
1.01026
1.01026
1.01026
1.01026
1.01026
1.01026
1.01026
1.01026
1.01026
1.01026
1.01026
1.01026
1.01026
1.01026
1.01026
1.01026
1.01026
1.01026
1.01026
1.01026
1.01026
1.01026
1.01026
1.01026
1.01026
1.01026
1.01026
1.01026
1.01026
1.01026
1.01026
1.01026
1.01026
1.01026
1.01026
1.01026
1.01026
1.01026
1.01026
1.01026
1.01026
1.01026
1.01026
1.01026
1.01026
1.01026
1.01026
1.01026
1.01026
1.01026
1.01026
1.01026
1.01026
1.01026
1.01026
1.01026
1.01026
1.01026
1.01026
1.01026
1.01026
1.01026
1.01026
1.01026
1.01026
1.01026
1.01026
1.01026
1.01026
1.01026
1.01026
1.01026
1.01026
1.01026
1.01026
1.01026
1.01026
1.01026
1.01026
1.01026
1.01026
1.01026
1.01026
1.01026
1.01026
1.01026
1.01026
1.01026
1.01026
1.01026
1.01026
1.01026
1.01026
1.01026
1.01026
1.01026
1.01026
1.01026
1.01026
1.01026
1.01026
1.01026
1.01026
1.01026
1.01026
1.01026
1.01026
1.01026
1.01026
1.01026
1.01026
1.01026
1.01026
1.01026
1.01026
1.01026
1.01026
1.01026
1.01026
1.01026
1.01026
1.01026
1.01026
1.01026
1.01026
1.01026
1.01026
1.01026
1.01026
1.01026
1.01026
1.01026
1.01026
1.01026
1.01026
1.01026
1.01026
1.01026
1.01026
1.01026
1.01026
1.01026
1.01026
1.01026
1.01026
1.01026
1.01026
1.01026
1.01026
1.01026
1.01026
1.01026
1.01026
1.01026
1.01026
1.01026
1.01026
1.01026
1.01026
1.01026
1.01026
1.01026
1.01026
1.01026
1.01026
1.01026
1.01026
1.01026
1.01026
1.01026
1.01026
1.01026
1.01026
1.01026
1.01026
1.01026
1.01026
1.01026
1.01026
1.01026
1.01026
1.01026
1.01026
1.01026
1.01026
1.01026
1.01026
1.01026
1.01026
1.01026
1.01026
1.01026
1.01026
1.01026
1.01026
1.01026
1.01026
1.01026
1.01026
1.01026
1.01026
1.01026
1.01026
1.01026
1.01026
1.01026
1.01026
1.01026
1.01026
1.01026
1.01026
1.01026
1.01026
1.01026
1.01026
1.01026
1.01026
1.01026
1.01026
1.01026
1.01026
1.01026
1.01026
1.01026
1.01026
1.01026
1.01026
1.01026
1.01026
1.01026
1.01026
1.01026
1.01026
1.01026
1.01026
1.01026
1.01026
1.01026
1.01026
1.01026
1.01026
1.01026
