0
0
0
0
3.8147e-05
0.000328064
0.00115967
0.00287628
0.00576019
0.0100708
0.016037
0.0238876
0.0338364
0.0460815
0.0607071
0.0777664
0.0972672
0.119164
0.143463
0.170044
0.213753
0.229225
0.261337
0.294807
0.329445
0.36499
0.401222
0.437996
0.475128
0.512413
0.568237
0.586731
0.641609
0.677536
0.695251
0.747208
0.764084
0.813332
0.844833
0.875229
0.904465
0.932487
0.959251
0.984612
1.00851
1.03094
1.0519
1.0714
1.08944
1.10601
1.12113
1.13485
1.14719
1.15818
1.16786
1.17628
1.18349
1.1895
1.1964
1.19967
1.20092
1.20269
1.20359
1.2031
1.20181
1.19979
1.19708
1.19374
1.18982
1.18539
1.18049
1.17517
1.16949
1.16349
1.15723
1.15073
1.14404
1.13719
1.13023
1.12318
1.1161
1.10902
1.10194
1.09489
1.08791
1.08102
1.07424
1.0676
1.06113
1.05174
1.04573
1.03993
1.03435
1.02901
1.02393
1.0191
1.01456
1.01028
1.00626
1.00253
0.999046
0.995842
0.992905
0.990219
0.987801
0.985634
0.983711
0.98127
0.980568
0.978798
0.978317
0.977501
0.976891
0.976463
0.976158
0.976158
0.976311
0.976608
0.977036
0.977585
0.978249
0.979012
0.979874
0.98082
0.981834
0.982918
0.984062
0.98587
0.986488
0.98777
0.989716
0.990387
0.99173
0.993744
0.995087
0.995758
0.997101
0.999023
1.00031
1.00153
1.00275
1.00392
1.00507
1.00616
1.00721
1.00821
1.00917
1.01008
1.01093
1.01173
1.01249
1.01319
1.01384
1.01472
1.01499
1.01549
1.01593
1.01633
1.01683
1.01698
1.01723
1.01754
1.01769
1.01781
1.01788
1.01792
1.01792
1.01789
1.01783
1.01775
1.01762
1.0175
1.01733
1.01714
1.01696
1.01674
1.01649
1.01625
1.01601
1.01576
1.0155
1.0152
1.01489
1.01459
1.01428
1.01398
1.01367
1.01337
1.01306
1.01276
1.01245
1.01219
1.01195
1.0117
1.01146
1.01122
1.01097
1.01061
1.01052
1.01025
1.01006
1.00988
1.0097
1.00954
1.00942
1.0093
1.00918
1.00906
1.00893
1.00887
1.0088
1.00874
1.00868
1.00862
1.00856
1.00853
1.00853
1.00853
1.00853
1.00853
1.00853
1.00853
1.00853
1.00853
1.00854
1.0086
1.00866
1.00875
1.00878
1.00884
1.0089
1.009
1.00906
1.00912
1.00915
1.00924
1.0093
1.00936
1.00942
1.00948
1.00954
1.00961
1.00967
1.00973
1.00979
1.00985
1.00991
1.00997
1.01003
1.01009
1.01015
1.01022
1.01028
1.0103
1.0103
1.0103
1.0103
1.0103
1.0103
1.0103
1.0103
1.0103
1.0103
1.0103
1.0103
1.0103
1.0103
1.0103
1.0103
1.0103
1.0103
1.0103
1.0103
1.0103
1.0103
1.0103
1.0103
1.0103
1.0103
1.0103
1.0103
1.0103
1.0103
1.0103
1.0103
1.0103
1.0103
1.0103
1.0103
1.0103
1.0103
1.0103
1.0103
1.0103
1.0103
1.0103
1.0103
1.0103
1.0103
1.0103
1.0103
1.0103
1.0103
1.0103
1.0103
1.0103
1.0103
1.0103
1.0103
1.0103
1.0103
1.0103
1.0103
1.0103
1.0103
1.0103
1.0103
1.0103
1.0103
1.0103
1.0103
1.0103
1.0103
1.0103
1.0103
1.0103
1.0103
1.0103
1.0103
1.0103
1.0103
1.0103
1.0103
1.0103
1.0103
1.0103
1.0103
1.0103
1.0103
1.0103
1.0103
1.0103
1.0103
1.0103
1.0103
1.0103
1.0103
1.0103
1.0103
1.0103
1.0103
1.0103
1.0103
1.0103
1.0103
1.0103
1.0103
1.0103
1.0103
1.0103
1.0103
1.0103
1.0103
1.0103
1.0103
1.0103
1.0103
1.0103
1.0103
1.0103
1.0103
1.0103
1.0103
1.0103
1.0103
1.0103
1.0103
1.0103
1.0103
1.0103
1.0103
1.0103
1.0103
1.0103
1.0103
1.0103
1.0103
1.0103
1.0103
1.0103
1.0103
1.0103
1.0103
1.0103
1.0103
1.0103
1.0103
1.0103
1.0103
1.0103
1.0103
1.0103
1.0103
1.0103
1.0103
1.0103
1.0103
1.0103
1.0103
1.0103
1.0103
1.0103
1.0103
1.0103
1.0103
1.0103
1.0103
1.0103
1.0103
1.0103
1.0103
1.0103
1.0103
1.0103
1.0103
1.0103
1.0103
1.0103
1.0103
1.0103
1.0103
1.0103
1.0103
1.0103
1.0103
1.0103
1.0103
1.0103
1.0103
1.0103
1.0103
1.0103
1.0103
1.0103
1.0103
1.0103
1.0103
1.0103
1.0103
1.0103
1.0103
1.0103
1.0103
1.0103
1.0103
1.0103
1.0103
1.0103
1.0103
1.0103
1.0103
1.0103
1.0103
1.0103
1.0103
1.0103
1.0103
1.0103
1.0103
1.0103
1.0103
1.0103
1.0103
1.0103
1.0103
1.0103
1.0103
1.0103
1.0103
1.0103
1.0103
1.0103
1.0103
1.0103
1.0103
1.0103
1.0103
1.0103
1.0103
1.0103
1.0103
1.0103
1.0103
1.0103
1.0103
1.0103
1.0103
1.0103
1.0103
1.0103
1.0103
1.0103
1.0103
1.0103
1.0103
1.0103
1.0103
1.0103
1.0103
1.0103
1.0103
1.0103
1.0103
1.0103
1.0103
1.0103
1.0103
1.0103
1.0103
1.0103
1.0103
1.0103
1.0103
1.0103
1.0103
1.0103
1.0103
1.0103
1.0103
1.0103
1.0103
1.0103
1.0103
1.0103
1.0103
1.0103
1.0103
1.0103
1.0103
1.0103
1.0103
1.0103
1.0103
1.0103
1.0103
1.0103
1.0103
1.0103
1.0103
1.0103
1.0103
1.0103
1.0103
1.0103
1.0103
1.0103
1.0103
1.0103
1.0103
1.0103
1.0103
1.0103
1.0103
1.0103
1.0103
1.0103
1.0103
1.0103
1.0103
1.0103
1.0103
1.0103
1.0103
1.0103
1.0103
1.0103
1.0103
1.0103
1.0103
1.0103
1.0103
1.0103
1.0103
1.0103
1.0103
1.0103
1.0103
1.0103
1.0103
1.0103
1.0103
1.0103
1.0103
1.0103
1.0103
1.0103
1.0103
1.0103
1.0103
1.0103
1.0103
1.0103
1.0103
1.0103
1.0103
1.0103
1.0103
1.0103
1.0103
1.0103
1.0103
1.0103
1.0103
1.0103
1.0103
1.0103
1.0103
1.0103
1.0103
1.0103
1.0103
1.0103
1.0103
1.0103
1.0103
1.0103
1.0103
1.0103
1.0103
1.0103
1.0103
1.0103
1.0103
1.0103
1.0103
1.0103
1.0103
1.0103
1.0103
1.0103
1.0103
1.0103
1.0103
1.0103
1.0103
1.0103
1.0103
1.0103
1.0103
1.0103
1.0103
1.0103
1.0103
1.0103
1.0103
1.0103
1.0103
1.0103
1.0103
1.0103
1.0103
1.0103
1.0103
1.0103
1.0103
1.0103
1.0103
1.0103
1.0103
1.0103
1.0103
1.0103
1.0103
1.0103
1.0103
1.0103
1.0103
1.0103
1.0103
1.0103
1.0103
1.0103
1.0103
1.0103
1.0103
1.0103
1.0103
1.0103
1.0103
1.0103
1.0103
1.0103
1.0103
1.0103
1.0103
1.0103
1.0103
1.0103
1.0103
1.0103
1.0103
1.0103
1.0103
1.0103
1.0103
1.0103
1.0103
1.0103
1.0103
1.0103
1.0103
1.0103
1.0103
1.0103
1.0103
1.0103
1.0103
1.0103
1.0103
1.0103
1.0103
1.0103
1.0103
1.0103
1.0103
1.0103
1.0103
1.0103
1.0103
1.0103
1.0103
1.0103
1.0103
1.0103
1.0103
1.0103
1.0103
1.0103
1.0103
1.0103
1.0103
1.0103
1.0103
1.0103
1.0103
1.0103
1.0103
1.0103
1.0103
1.0103
1.0103
1.0103
1.0103
1.0103
1.0103
1.0103
1.0103
1.0103
1.0103
1.0103
1.0103
1.0103
1.0103
1.0103
1.0103
1.0103
1.0103
1.0103
1.0103
1.0103
1.0103
1.0103
1.0103
1.0103
1.0103
1.0103
1.0103
1.0103
1.0103
1.0103
1.0103
1.0103
1.0103
1.0103
1.0103
1.0103
1.0103
1.0103
1.0103
1.0103
1.0103
1.0103
1.0103
1.0103
1.0103
1.0103
1.0103
1.0103
1.0103
1.0103
1.0103
1.0103
1.0103
1.0103
1.0103
1.0103
1.0103
1.0103
1.0103
1.0103
1.0103
1.0103
1.0103
1.0103
1.0103
1.0103
1.0103
1.0103
1.0103
1.0103
1.0103
1.0103
1.0103
1.0103
1.0103
1.0103
1.0103
1.0103
1.0103
1.0103
1.0103
1.0103
1.0103
1.0103
1.0103
1.0103
1.0103
1.0103
1.0103
1.0103
1.0103
1.0103
1.0103
1.0103
1.0103
1.0103
1.0103
1.0103
1.0103
1.0103
1.0103
1.0103
1.0103
1.0103
1.0103
1.0103
1.0103
1.0103
1.0103
1.0103
1.0103
1.0103
1.0103
1.0103
1.0103
1.0103
1.0103
1.0103
1.0103
1.0103
1.0103
1.0103
1.0103
1.0103
1.0103
1.0103
1.0103
1.0103
1.0103
1.0103
1.0103
1.0103
1.0103
1.0103
1.0103
1.0103
1.0103
1.0103
1.0103
1.0103
1.0103
1.0103
1.0103
1.0103
1.0103
1.0103
1.0103
1.0103
1.0103
1.0103
1.0103
1.0103
1.0103
1.0103
1.0103
1.0103
1.0103
1.0103
1.0103
1.0103
1.0103
1.0103
1.0103
1.0103
1.0103
1.0103
1.0103
1.0103
1.0103
1.0103
1.0103
1.0103
1.0103
1.0103
1.0103
1.0103
1.0103
1.0103
1.0103
1.0103
1.0103
1.0103
1.0103
1.0103
1.0103
1.0103
1.0103
1.0103
1.0103
1.0103
1.0103
1.0103
1.0103
1.0103
1.0103
1.0103
1.0103
1.0103
1.0103
1.0103
1.0103
1.0103
1.0103
1.0103
1.0103
1.0103
1.0103
1.0103
1.0103
1.0103
1.0103
1.0103
1.0103
1.0103
1.0103
1.0103
1.0103
1.0103
1.0103
1.0103
1.0103
1.0103
1.0103
1.0103
1.0103
1.0103
1.0103
1.0103
1.0103
1.0103
1.0103
1.0103
1.0103
1.0103
1.0103
1.0103
1.0103
1.0103
1.0103
1.0103
1.0103
1.0103
1.0103
1.0103
1.0103
1.0103
1.0103
1.0103
1.0103
1.0103
