0
0
0
0
0
0.0001297
0.000656128
0.00189209
0.00415802
0.00772858
0.0128326
0.0197067
0.0285873
0.0396576
0.053093
0.0689316
0.0872116
0.107918
0.13102
0.156456
0.184059
0.21357
0.244766
0.277397
0.311234
0.346062
0.381645
0.417793
0.472626
0.490982
0.527695
0.582413
0.618454
0.653931
0.68882
0.723007
0.756271
0.788498
0.819633
0.849617
0.878387
0.905891
0.932121
0.9571
0.980759
1.00305
1.0137
1.04362
1.0619
1.07882
1.09442
1.10876
1.12189
1.13377
1.14442
1.15385
1.16211
1.17237
1.17524
1.18019
1.1841
1.18703
1.18971
1.19016
1.19027
1.18938
1.18778
1.18552
1.18265
1.17921
1.17527
1.17087
1.16606
1.1609
1.15542
1.14968
1.14371
1.13756
1.13126
1.12486
1.11838
1.11185
1.10532
1.09879
1.09229
1.08585
1.07949
1.07017
1.06712
1.06115
1.05533
1.04969
1.0416
1.03646
1.03397
1.02682
1.02233
1.01809
1.01409
1.01034
1.00683
1.00356
1.00054
0.997765
0.995232
0.992928
0.990837
0.988968
0.987305
0.985847
0.984589
0.983521
0.982635
0.981934
0.981392
0.981018
0.980797
0.980721
0.980782
0.980965
0.98127
0.981689
0.982208
0.982826
0.983528
0.984306
0.985153
0.986069
0.987045
0.988068
0.98912
0.990219
0.991318
0.992477
0.993637
0.994797
0.995956
0.997116
0.998276
0.999435
1.00056
1.0022
1.00275
1.00379
1.00532
1.00581
1.00723
1.00813
1.00855
1.00979
1.01056
1.01129
1.01196
1.0126
1.01319
1.01374
1.01423
1.01468
1.01509
1.01546
1.01577
1.01605
1.0163
1.01649
1.01665
1.01678
1.01687
1.01693
1.01695
1.01695
1.01692
1.01686
1.0168
1.01668
1.01656
1.01643
1.01625
1.01607
1.01588
1.0156
1.01548
1.01511
1.01499
1.01463
1.01438
1.01414
1.01389
1.01365
1.0134
1.01316
1.01292
1.01267
1.01243
1.01218
1.01194
1.0117
1.01145
1.01125
1.01107
1.01089
1.0107
1.01052
1.01034
1.01015
1.00999
1.00987
1.00975
1.00963
1.00951
1.00938
1.00926
1.00919
1.00912
1.00903
1.009
1.00891
1.00888
1.00882
1.00877
1.00877
1.00877
1.00877
1.00877
1.00877
1.00877
1.00877
1.00877
1.00877
1.00877
1.0088
1.00886
1.00892
1.00898
1.00904
1.0091
1.00916
1.00922
1.00928
1.00935
1.00944
1.0095
1.00956
1.00962
1.00968
1.00974
1.0098
1.00986
1.00993
1.00999
1.01005
1.01011
1.01017
1.01019
1.01019
1.01019
1.01019
1.01019
1.01019
1.01019
1.01019
1.01019
1.01019
1.01019
1.01019
1.01019
1.01019
1.01019
1.01019
1.01019
1.01019
1.01019
1.01019
1.01019
1.01019
1.01019
1.01019
1.01019
1.01019
1.01019
1.01019
1.01019
1.01019
1.01019
1.01019
1.01019
1.01019
1.01019
1.01019
1.01019
1.01019
1.01019
1.01019
1.01019
1.01019
1.01019
1.01019
1.01019
1.01019
1.01019
1.01019
1.01019
1.01019
1.01019
1.01019
1.01019
1.01019
1.01019
1.01019
1.01019
1.01019
1.01019
1.01019
1.01019
1.01019
1.01019
1.01019
1.01019
1.01019
1.01019
1.01019
1.01019
1.01019
1.01019
1.01019
1.01019
1.01019
1.01019
1.01019
1.01019
1.01019
1.01019
1.01019
1.01019
1.01019
1.01019
1.01019
1.01019
1.01019
1.01019
1.01019
1.01019
1.01019
1.01019
1.01019
1.01019
1.01019
1.01019
1.01019
1.01019
1.01019
1.01019
1.01019
1.01019
1.01019
1.01019
1.01019
1.01019
1.01019
1.01019
1.01019
1.01019
1.01019
1.01019
1.01019
1.01019
1.01019
1.01019
1.01019
1.01019
1.01019
1.01019
1.01019
1.01019
1.01019
1.01019
1.01019
1.01019
1.01019
1.01019
1.01019
1.01019
1.01019
1.01019
1.01019
1.01019
1.01019
1.01019
1.01019
1.01019
1.01019
1.01019
1.01019
1.01019
1.01019
1.01019
1.01019
1.01019
1.01019
1.01019
1.01019
1.01019
1.01019
1.01019
1.01019
1.01019
1.01019
1.01019
1.01019
1.01019
1.01019
1.01019
1.01019
1.01019
1.01019
1.01019
1.01019
1.01019
1.01019
1.01019
1.01019
1.01019
1.01019
1.01019
1.01019
1.01019
1.01019
1.01019
1.01019
1.01019
1.01019
1.01019
1.01019
1.01019
1.01019
1.01019
1.01019
1.01019
1.01019
1.01019
1.01019
1.01019
1.01019
1.01019
1.01019
1.01019
1.01019
1.01019
1.01019
1.01019
1.01019
1.01019
1.01019
1.01019
1.01019
1.01019
1.01019
1.01019
1.01019
1.01019
1.01019
1.01019
1.01019
1.01019
1.01019
1.01019
1.01019
1.01019
1.01019
1.01019
1.01019
1.01019
1.01019
1.01019
1.01019
1.01019
1.01019
1.01019
1.01019
1.01019
1.01019
1.01019
1.01019
1.01019
1.01019
1.01019
1.01019
1.01019
1.01019
1.01019
1.01019
1.01019
1.01019
1.01019
1.01019
1.01019
1.01019
1.01019
1.01019
1.01019
1.01019
1.01019
1.01019
1.01019
1.01019
1.01019
1.01019
1.01019
1.01019
1.01019
1.01019
1.01019
1.01019
1.01019
1.01019
1.01019
1.01019
1.01019
1.01019
1.01019
1.01019
1.01019
1.01019
1.01019
1.01019
1.01019
1.01019
1.01019
1.01019
1.01019
1.01019
1.01019
1.01019
1.01019
1.01019
1.01019
1.01019
1.01019
1.01019
1.01019
1.01019
1.01019
1.01019
1.01019
1.01019
1.01019
1.01019
1.01019
1.01019
1.01019
1.01019
1.01019
1.01019
1.01019
1.01019
1.01019
1.01019
1.01019
1.01019
1.01019
1.01019
1.01019
1.01019
1.01019
1.01019
1.01019
1.01019
1.01019
1.01019
1.01019
1.01019
1.01019
1.01019
1.01019
1.01019
1.01019
1.01019
1.01019
1.01019
1.01019
1.01019
1.01019
1.01019
1.01019
1.01019
1.01019
1.01019
1.01019
1.01019
1.01019
1.01019
1.01019
1.01019
1.01019
1.01019
1.01019
1.01019
1.01019
1.01019
1.01019
1.01019
1.01019
1.01019
1.01019
1.01019
1.01019
1.01019
1.01019
1.01019
1.01019
1.01019
1.01019
1.01019
1.01019
1.01019
1.01019
1.01019
1.01019
1.01019
1.01019
1.01019
1.01019
1.01019
1.01019
1.01019
1.01019
1.01019
1.01019
1.01019
1.01019
1.01019
1.01019
1.01019
1.01019
1.01019
1.01019
1.01019
1.01019
1.01019
1.01019
1.01019
1.01019
1.01019
1.01019
1.01019
1.01019
1.01019
1.01019
1.01019
1.01019
1.01019
1.01019
1.01019
1.01019
1.01019
1.01019
1.01019
1.01019
1.01019
1.01019
1.01019
1.01019
1.01019
1.01019
1.01019
1.01019
1.01019
1.01019
1.01019
1.01019
1.01019
1.01019
1.01019
1.01019
1.01019
1.01019
1.01019
1.01019
1.01019
1.01019
1.01019
1.01019
1.01019
1.01019
1.01019
1.01019
1.01019
1.01019
1.01019
1.01019
1.01019
1.01019
1.01019
1.01019
1.01019
1.01019
1.01019
1.01019
1.01019
1.01019
1.01019
1.01019
1.01019
1.01019
1.01019
1.01019
1.01019
1.01019
1.01019
1.01019
1.01019
1.01019
1.01019
1.01019
1.01019
1.01019
1.01019
1.01019
1.01019
1.01019
1.01019
1.01019
1.01019
1.01019
1.01019
1.01019
1.01019
1.01019
1.01019
1.01019
1.01019
1.01019
1.01019
1.01019
1.01019
1.01019
1.01019
1.01019
1.01019
1.01019
1.01019
1.01019
1.01019
1.01019
1.01019
1.01019
1.01019
1.01019
1.01019
1.01019
1.01019
1.01019
1.01019
1.01019
1.01019
1.01019
1.01019
1.01019
1.01019
1.01019
1.01019
1.01019
1.01019
1.01019
1.01019
1.01019
1.01019
1.01019
1.01019
1.01019
1.01019
1.01019
1.01019
1.01019
1.01019
1.01019
1.01019
1.01019
1.01019
1.01019
1.01019
1.01019
1.01019
1.01019
1.01019
1.01019
1.01019
1.01019
1.01019
1.01019
1.01019
1.01019
1.01019
1.01019
1.01019
1.01019
1.01019
1.01019
1.01019
1.01019
1.01019
1.01019
1.01019
1.01019
1.01019
1.01019
1.01019
1.01019
1.01019
1.01019
1.01019
1.01019
1.01019
1.01019
1.01019
1.01019
1.01019
1.01019
1.01019
1.01019
1.01019
1.01019
1.01019
1.01019
1.01019
1.01019
1.01019
1.01019
1.01019
1.01019
1.01019
1.01019
1.01019
1.01019
1.01019
1.01019
1.01019
1.01019
1.01019
1.01019
1.01019
1.01019
1.01019
1.01019
1.01019
1.01019
1.01019
1.01019
1.01019
1.01019
1.01019
1.01019
1.01019
1.01019
1.01019
1.01019
1.01019
1.01019
1.01019
1.01019
1.01019
1.01019
1.01019
1.01019
1.01019
1.01019
1.01019
1.01019
1.01019
1.01019
1.01019
1.01019
1.01019
1.01019
1.01019
1.01019
1.01019
1.01019
1.01019
1.01019
1.01019
1.01019
1.01019
1.01019
1.01019
1.01019
1.01019
1.01019
1.01019
1.01019
1.01019
1.01019
1.01019
1.01019
1.01019
1.01019
1.01019
1.01019
1.01019
1.01019
1.01019
1.01019
1.01019
1.01019
1.01019
1.01019
1.01019
1.01019
1.01019
1.01019
1.01019
1.01019
1.01019
1.01019
1.01019
1.01019
1.01019
1.01019
1.01019
1.01019
1.01019
1.01019
1.01019
1.01019
1.01019
1.01019
1.01019
1.01019
1.01019
1.01019
1.01019
1.01019
1.01019
1.01019
1.01019
1.01019
1.01019
1.01019
1.01019
1.01019
1.01019
1.01019
1.01019
1.01019
1.01019
1.01019
1.01019
1.01019
1.01019
1.01019
1.01019
1.01019
1.01019
1.01019
1.01019
1.01019
1.01019
1.01019
1.01019
1.01019
1.01019
1.01019
1.01019
1.01019
1.01019
1.01019
1.01019
1.01019
1.01019
1.01019
1.01019
1.01019
1.01019
1.01019
1.01019
1.01019
1.01019
1.01019
1.01019
1.01019
1.01019
1.01019
1.01019
1.01019
1.01019
1.01019
1.01019
1.01019
1.01019
1.01019
1.01019
1.01019
1.01019
1.01019
1.01019
1.01019
1.01019
1.01019
1.01019
1.01019
1.01019
