0
0
0
0
3.8147e-05
0.0001297
0.000656128
0.00189209
0.00415802
0.00772858
0.016037
0.0238876
0.0338364
0.0396576
0.0607071
0.0872116
0.0972672
0.13102
0.143478
0.170113
0.198845
0.229347
0.277992
0.294868
0.329498
0.365059
0.401314
0.456497
0.493576
0.530746
0.549309
0.604584
0.640869
0.676483
0.711342
0.74543
0.778694
0.810959
0.842102
0.87204
0.900719
0.928085
0.954094
0.978729
1.00195
1.02377
1.04416
1.06311
1.08066
1.09679
1.11155
1.12495
1.13701
1.14777
1.15727
1.16555
1.17265
1.1786
1.18346
1.18727
1.19008
1.19193
1.19289
1.19301
1.19232
1.1909
1.18878
1.18604
1.18272
1.18085
1.17453
1.16978
1.16465
1.15919
1.15344
1.14745
1.14127
1.13494
1.12523
1.11865
1.11206
1.10545
1.09885
1.09232
1.08588
1.07953
1.0733
1.0672
1.06124
1.05544
1.0498
1.04434
1.03909
1.03404
1.02921
1.02459
1.0202
1.01602
1.01208
1.00839
1.00494
1.0017
0.998711
0.995964
0.993439
0.99115
0.989082
0.987236
0.985611
0.984192
0.982445
0.981956
0.981125
0.980217
0.979996
0.979683
0.979507
0.979568
0.979767
0.980087
0.98053
0.981071
0.981712
0.982445
0.983261
0.984146
0.9851
0.986107
0.987152
0.988251
0.989372
0.990532
0.991692
0.992851
0.994064
0.995285
0.996468
0.997627
0.999367
0.999947
1.00163
1.00272
1.00378
1.00481
1.00579
1.00674
1.00765
1.00851
1.00932
1.0101
1.01083
1.01151
1.01215
1.01275
1.0133
1.0138
1.01427
1.01469
1.01507
1.01541
1.01572
1.01597
1.0162
1.01638
1.01653
1.01665
1.01672
1.01678
1.01678
1.01678
1.01672
1.01665
1.01656
1.01643
1.01631
1.01616
1.01598
1.01579
1.01561
1.01543
1.0152
1.01495
1.01471
1.01447
1.01422
1.01398
1.01373
1.01349
1.01324
1.013
1.01276
1.01251
1.01215
1.01202
1.01178
1.01144
1.01135
1.01108
1.01089
1.01071
1.01053
1.01035
1.01018
1.01006
1.00993
1.00981
1.00969
1.00957
1.00945
1.00934
1.00928
1.00922
1.00916
1.00909
1.00903
1.00897
1.00891
1.00888
1.00888
1.00888
1.00888
1.00888
1.00888
1.00888
1.00888
1.00888
1.00888
1.00888
1.00888
1.0089
1.00896
1.00902
1.00908
1.00914
1.0092
1.00926
1.00932
1.00938
1.00945
1.00951
1.00957
1.00963
1.00969
1.00975
1.00981
1.00987
1.00993
1.00999
1.01006
1.01012
1.01017
1.01017
1.01017
1.01017
1.01017
1.01017
1.01017
1.01017
1.01017
1.01017
1.01017
1.01017
1.01017
1.01017
1.01017
1.01017
1.01017
1.01017
1.01017
1.01017
1.01017
1.01017
1.01017
1.01017
1.01017
1.01017
1.01017
1.01017
1.01017
1.01017
1.01017
1.01017
1.01017
1.01017
1.01017
1.01017
1.01017
1.01017
1.01017
1.01017
1.01017
1.01017
1.01017
1.01017
1.01017
1.01017
1.01017
1.01017
1.01017
1.01017
1.01017
1.01017
1.01017
1.01017
1.01017
1.01017
1.01017
1.01017
1.01017
1.01017
1.01017
1.01017
1.01017
1.01017
1.01017
1.01017
1.01017
1.01017
1.01017
1.01017
1.01017
1.01017
1.01017
1.01017
1.01017
1.01017
1.01017
1.01017
1.01017
1.01017
1.01017
1.01017
1.01017
1.01017
1.01017
1.01017
1.01017
1.01017
1.01017
1.01017
1.01017
1.01017
1.01017
1.01017
1.01017
1.01017
1.01017
1.01017
1.01017
1.01017
1.01017
1.01017
1.01017
1.01017
1.01017
1.01017
1.01017
1.01017
1.01017
1.01017
1.01017
1.01017
1.01017
1.01017
1.01017
1.01017
1.01017
1.01017
1.01017
1.01017
1.01017
1.01017
1.01017
1.01017
1.01017
1.01017
1.01017
1.01017
1.01017
1.01017
1.01017
1.01017
1.01017
1.01017
1.01017
1.01017
1.01017
1.01017
1.01017
1.01017
1.01017
1.01017
1.01017
1.01017
1.01017
1.01017
1.01017
1.01017
1.01017
1.01017
1.01017
1.01017
1.01017
1.01017
1.01017
1.01017
1.01017
1.01017
1.01017
1.01017
1.01017
1.01017
1.01017
1.01017
1.01017
1.01017
1.01017
1.01017
1.01017
1.01017
1.01017
1.01017
1.01017
1.01017
1.01017
1.01017
1.01017
1.01017
1.01017
1.01017
1.01017
1.01017
1.01017
1.01017
1.01017
1.01017
1.01017
1.01017
1.01017
1.01017
1.01017
1.01017
1.01017
1.01017
1.01017
1.01017
1.01017
1.01017
1.01017
1.01017
1.01017
1.01017
1.01017
1.01017
1.01017
1.01017
1.01017
1.01017
1.01017
1.01017
1.01017
1.01017
1.01017
1.01017
1.01017
1.01017
1.01017
1.01017
1.01017
1.01017
1.01017
1.01017
1.01017
1.01017
1.01017
1.01017
1.01017
1.01017
1.01017
1.01017
1.01017
1.01017
1.01017
1.01017
1.01017
1.01017
1.01017
1.01017
1.01017
1.01017
1.01017
1.01017
1.01017
1.01017
1.01017
1.01017
1.01017
1.01017
1.01017
1.01017
1.01017
1.01017
1.01017
1.01017
1.01017
1.01017
1.01017
1.01017
1.01017
1.01017
1.01017
1.01017
1.01017
1.01017
1.01017
1.01017
1.01017
1.01017
1.01017
1.01017
1.01017
1.01017
1.01017
1.01017
1.01017
1.01017
1.01017
1.01017
1.01017
1.01017
1.01017
1.01017
1.01017
1.01017
1.01017
1.01017
1.01017
1.01017
1.01017
1.01017
1.01017
1.01017
1.01017
1.01017
1.01017
1.01017
1.01017
1.01017
1.01017
1.01017
1.01017
1.01017
1.01017
1.01017
1.01017
1.01017
1.01017
1.01017
1.01017
1.01017
1.01017
1.01017
1.01017
1.01017
1.01017
1.01017
1.01017
1.01017
1.01017
1.01017
1.01017
1.01017
1.01017
1.01017
1.01017
1.01017
1.01017
1.01017
1.01017
1.01017
1.01017
1.01017
1.01017
1.01017
1.01017
1.01017
1.01017
1.01017
1.01017
1.01017
1.01017
1.01017
1.01017
1.01017
1.01017
1.01017
1.01017
1.01017
1.01017
1.01017
1.01017
1.01017
1.01017
1.01017
1.01017
1.01017
1.01017
1.01017
1.01017
1.01017
1.01017
1.01017
1.01017
1.01017
1.01017
1.01017
1.01017
1.01017
1.01017
1.01017
1.01017
1.01017
1.01017
1.01017
1.01017
1.01017
1.01017
1.01017
1.01017
1.01017
1.01017
1.01017
1.01017
1.01017
1.01017
1.01017
1.01017
1.01017
1.01017
1.01017
1.01017
1.01017
1.01017
1.01017
1.01017
1.01017
1.01017
1.01017
1.01017
1.01017
1.01017
1.01017
1.01017
1.01017
1.01017
1.01017
1.01017
1.01017
1.01017
1.01017
1.01017
1.01017
1.01017
1.01017
1.01017
1.01017
1.01017
1.01017
1.01017
1.01017
1.01017
1.01017
1.01017
1.01017
1.01017
1.01017
1.01017
1.01017
1.01017
1.01017
1.01017
1.01017
1.01017
1.01017
1.01017
1.01017
1.01017
1.01017
1.01017
1.01017
1.01017
1.01017
1.01017
1.01017
1.01017
1.01017
1.01017
1.01017
1.01017
1.01017
1.01017
1.01017
1.01017
1.01017
1.01017
1.01017
1.01017
1.01017
1.01017
1.01017
1.01017
1.01017
1.01017
1.01017
1.01017
1.01017
1.01017
1.01017
1.01017
1.01017
1.01017
1.01017
1.01017
1.01017
1.01017
1.01017
1.01017
1.01017
1.01017
1.01017
1.01017
1.01017
1.01017
1.01017
1.01017
1.01017
1.01017
1.01017
1.01017
1.01017
1.01017
1.01017
1.01017
1.01017
1.01017
1.01017
1.01017
1.01017
1.01017
1.01017
1.01017
1.01017
1.01017
1.01017
1.01017
1.01017
1.01017
1.01017
1.01017
1.01017
1.01017
1.01017
1.01017
1.01017
1.01017
1.01017
1.01017
1.01017
1.01017
1.01017
1.01017
1.01017
1.01017
1.01017
1.01017
1.01017
1.01017
1.01017
1.01017
1.01017
1.01017
1.01017
1.01017
1.01017
1.01017
1.01017
1.01017
1.01017
1.01017
1.01017
1.01017
1.01017
1.01017
1.01017
1.01017
1.01017
1.01017
1.01017
1.01017
1.01017
1.01017
1.01017
1.01017
1.01017
1.01017
1.01017
1.01017
1.01017
1.01017
1.01017
1.01017
1.01017
1.01017
1.01017
1.01017
1.01017
1.01017
1.01017
1.01017
1.01017
1.01017
1.01017
1.01017
1.01017
1.01017
1.01017
1.01017
1.01017
1.01017
1.01017
1.01017
1.01017
1.01017
1.01017
1.01017
1.01017
1.01017
1.01017
1.01017
1.01017
1.01017
1.01017
1.01017
1.01017
1.01017
1.01017
1.01017
1.01017
1.01017
1.01017
1.01017
1.01017
1.01017
1.01017
1.01017
1.01017
1.01017
1.01017
1.01017
1.01017
1.01017
1.01017
1.01017
1.01017
1.01017
1.01017
1.01017
1.01017
1.01017
1.01017
1.01017
1.01017
1.01017
1.01017
1.01017
1.01017
1.01017
1.01017
1.01017
1.01017
1.01017
1.01017
1.01017
1.01017
1.01017
1.01017
1.01017
1.01017
1.01017
1.01017
1.01017
1.01017
1.01017
1.01017
1.01017
1.01017
1.01017
1.01017
1.01017
1.01017
1.01017
1.01017
1.01017
1.01017
1.01017
1.01017
1.01017
1.01017
1.01017
1.01017
1.01017
1.01017
1.01017
1.01017
1.01017
1.01017
1.01017
1.01017
1.01017
1.01017
1.01017
1.01017
1.01017
1.01017
1.01017
1.01017
1.01017
1.01017
1.01017
1.01017
1.01017
1.01017
1.01017
1.01017
1.01017
1.01017
1.01017
1.01017
1.01017
1.01017
1.01017
1.01017
1.01017
1.01017
1.01017
1.01017
1.01017
1.01017
1.01017
1.01017
1.01017
1.01017
1.01017
1.01017
1.01017
1.01017
1.01017
1.01017
1.01017
1.01017
1.01017
1.01017
1.01017
1.01017
1.01017
1.01017
1.01017
1.01017
1.01017
1.01017
1.01017
1.01017
1.01017
1.01017
1.01017
1.01017
1.01017
1.01017
1.01017
1.01017
1.01017
1.01017
1.01017
1.01017
1.01017
1.01017
1.01017
1.01017
1.01017
1.01017
1.01017
1.01017
1.01017
1.01017
1.01017
1.01017
1.01017
1.01017
1.01017
1.01017
