0
0
0
0
3.8147e-05
0.000328064
0.00115967
0.00287628
0.00576019
0.0100708
0.016037
0.0238876
0.0338364
0.0460815
0.0607071
0.0777664
0.0972672
0.119164
0.143456
0.170021
0.198647
0.229103
0.261116
0.294502
0.329018
0.364433
0.40052
0.437096
0.492462
0.510956
0.547897
0.584633
0.620995
0.674515
0.709358
0.743484
0.776741
0.809006
0.840157
0.870064
0.898689
0.92601
0.951973
0.976562
0.999741
1.0215
1.04184
1.06075
1.07824
1.09434
1.10905
1.1224
1.13443
1.15006
1.15466
1.16662
1.17002
1.17854
1.18082
1.18613
1.18845
1.18983
1.19035
1.19006
1.18899
1.18723
1.18481
1.18181
1.17825
1.17421
1.16975
1.16489
1.15971
1.15421
1.14844
1.14244
1.13627
1.12995
1.12352
1.11701
1.11047
1.10388
1.09734
1.09081
1.08436
1.07799
1.07172
1.06558
1.05959
1.05376
1.04535
1.03998
1.03482
1.02988
1.02515
1.02066
1.01645
1.01248
1.00876
1.00528
1.00204
0.999054
0.996307
0.993805
0.991531
0.989487
0.987671
0.986069
0.98468
0.982979
0.982506
0.981377
0.980835
0.980469
0.980263
0.980209
0.980293
0.980507
0.980843
0.981293
0.98185
0.982491
0.983223
0.984032
0.984909
0.985847
0.986832
0.987869
0.988937
0.990036
0.99115
0.99231
0.993469
0.994629
0.995789
0.996948
0.998108
0.999847
1.0004
1.0015
1.00312
1.00364
1.00468
1.00565
1.00661
1.00753
1.0084
1.00964
1.01041
1.01115
1.01183
1.01247
1.01277
1.01361
1.01411
1.01456
1.01498
1.01534
1.01566
1.01595
1.0162
1.0164
1.01657
1.01669
1.01679
1.01685
1.01688
1.01688
1.01686
1.0168
1.01674
1.01656
1.0165
1.01638
1.01621
1.01594
1.01575
1.01557
1.01535
1.01511
1.01486
1.01462
1.01437
1.01413
1.01389
1.01364
1.0134
1.01315
1.01291
1.01266
1.01242
1.01205
1.01193
1.01157
1.01144
1.01115
1.01096
1.01087
1.01069
1.01041
1.01032
1.01006
1.00994
1.00982
1.0097
1.00957
1.00945
1.00933
1.00925
1.00919
1.00912
1.00906
1.009
1.00894
1.00888
1.00883
1.00883
1.00883
1.00883
1.00883
1.00883
1.00883
1.00883
1.00883
1.00883
1.00883
1.00883
1.00888
1.00891
1.00897
1.00903
1.00912
1.00916
1.00922
1.00931
1.00934
1.00943
1.00949
1.00952
1.00961
1.00967
1.00974
1.0098
1.00986
1.00992
1.00998
1.01004
1.0101
1.01015
1.01015
1.01015
1.01015
1.01015
1.01015
1.01015
1.01015
1.01015
1.01015
1.01015
1.01015
1.01015
1.01015
1.01015
1.01015
1.01015
1.01015
1.01015
1.01015
1.01015
1.01015
1.01015
1.01015
1.01015
1.01015
1.01015
1.01015
1.01015
1.01015
1.01015
1.01015
1.01015
1.01015
1.01015
1.01015
1.01015
1.01015
1.01015
1.01015
1.01015
1.01015
1.01015
1.01015
1.01015
1.01015
1.01015
1.01015
1.01015
1.01015
1.01015
1.01015
1.01015
1.01015
1.01015
1.01015
1.01015
1.01015
1.01015
1.01015
1.01015
1.01015
1.01015
1.01015
1.01015
1.01015
1.01015
1.01015
1.01015
1.01015
1.01015
1.01015
1.01015
1.01015
1.01015
1.01015
1.01015
1.01015
1.01015
1.01015
1.01015
1.01015
1.01015
1.01015
1.01015
1.01015
1.01015
1.01015
1.01015
1.01015
1.01015
1.01015
1.01015
1.01015
1.01015
1.01015
1.01015
1.01015
1.01015
1.01015
1.01015
1.01015
1.01015
1.01015
1.01015
1.01015
1.01015
1.01015
1.01015
1.01015
1.01015
1.01015
1.01015
1.01015
1.01015
1.01015
1.01015
1.01015
1.01015
1.01015
1.01015
1.01015
1.01015
1.01015
1.01015
1.01015
1.01015
1.01015
1.01015
1.01015
1.01015
1.01015
1.01015
1.01015
1.01015
1.01015
1.01015
1.01015
1.01015
1.01015
1.01015
1.01015
1.01015
1.01015
1.01015
1.01015
1.01015
1.01015
1.01015
1.01015
1.01015
1.01015
1.01015
1.01015
1.01015
1.01015
1.01015
1.01015
1.01015
1.01015
1.01015
1.01015
1.01015
1.01015
1.01015
1.01015
1.01015
1.01015
1.01015
1.01015
1.01015
1.01015
1.01015
1.01015
1.01015
1.01015
1.01015
1.01015
1.01015
1.01015
1.01015
1.01015
1.01015
1.01015
1.01015
1.01015
1.01015
1.01015
1.01015
1.01015
1.01015
1.01015
1.01015
1.01015
1.01015
1.01015
1.01015
1.01015
1.01015
1.01015
1.01015
1.01015
1.01015
1.01015
1.01015
1.01015
1.01015
1.01015
1.01015
1.01015
1.01015
1.01015
1.01015
1.01015
1.01015
1.01015
1.01015
1.01015
1.01015
1.01015
1.01015
1.01015
1.01015
1.01015
1.01015
1.01015
1.01015
1.01015
1.01015
1.01015
1.01015
1.01015
1.01015
1.01015
1.01015
1.01015
1.01015
1.01015
1.01015
1.01015
1.01015
1.01015
1.01015
1.01015
1.01015
1.01015
1.01015
1.01015
1.01015
1.01015
1.01015
1.01015
1.01015
1.01015
1.01015
1.01015
1.01015
1.01015
1.01015
1.01015
1.01015
1.01015
1.01015
1.01015
1.01015
1.01015
1.01015
1.01015
1.01015
1.01015
1.01015
1.01015
1.01015
1.01015
1.01015
1.01015
1.01015
1.01015
1.01015
1.01015
1.01015
1.01015
1.01015
1.01015
1.01015
1.01015
1.01015
1.01015
1.01015
1.01015
1.01015
1.01015
1.01015
1.01015
1.01015
1.01015
1.01015
1.01015
1.01015
1.01015
1.01015
1.01015
1.01015
1.01015
1.01015
1.01015
1.01015
1.01015
1.01015
1.01015
1.01015
1.01015
1.01015
1.01015
1.01015
1.01015
1.01015
1.01015
1.01015
1.01015
1.01015
1.01015
1.01015
1.01015
1.01015
1.01015
1.01015
1.01015
1.01015
1.01015
1.01015
1.01015
1.01015
1.01015
1.01015
1.01015
1.01015
1.01015
1.01015
1.01015
1.01015
1.01015
1.01015
1.01015
1.01015
1.01015
1.01015
1.01015
1.01015
1.01015
1.01015
1.01015
1.01015
1.01015
1.01015
1.01015
1.01015
1.01015
1.01015
1.01015
1.01015
1.01015
1.01015
1.01015
1.01015
1.01015
1.01015
1.01015
1.01015
1.01015
1.01015
1.01015
1.01015
1.01015
1.01015
1.01015
1.01015
1.01015
1.01015
1.01015
1.01015
1.01015
1.01015
1.01015
1.01015
1.01015
1.01015
1.01015
1.01015
1.01015
1.01015
1.01015
1.01015
1.01015
1.01015
1.01015
1.01015
1.01015
1.01015
1.01015
1.01015
1.01015
1.01015
1.01015
1.01015
1.01015
1.01015
1.01015
1.01015
1.01015
1.01015
1.01015
1.01015
1.01015
1.01015
1.01015
1.01015
1.01015
1.01015
1.01015
1.01015
1.01015
1.01015
1.01015
1.01015
1.01015
1.01015
1.01015
1.01015
1.01015
1.01015
1.01015
1.01015
1.01015
1.01015
1.01015
1.01015
1.01015
1.01015
1.01015
1.01015
1.01015
1.01015
1.01015
1.01015
1.01015
1.01015
1.01015
1.01015
1.01015
1.01015
1.01015
1.01015
1.01015
1.01015
1.01015
1.01015
1.01015
1.01015
1.01015
1.01015
1.01015
1.01015
1.01015
1.01015
1.01015
1.01015
1.01015
1.01015
1.01015
1.01015
1.01015
1.01015
1.01015
1.01015
1.01015
1.01015
1.01015
1.01015
1.01015
1.01015
1.01015
1.01015
1.01015
1.01015
1.01015
1.01015
1.01015
1.01015
1.01015
1.01015
1.01015
1.01015
1.01015
1.01015
1.01015
1.01015
1.01015
1.01015
1.01015
1.01015
1.01015
1.01015
1.01015
1.01015
1.01015
1.01015
1.01015
1.01015
1.01015
1.01015
1.01015
1.01015
1.01015
1.01015
1.01015
1.01015
1.01015
1.01015
1.01015
1.01015
1.01015
1.01015
1.01015
1.01015
1.01015
1.01015
1.01015
1.01015
1.01015
1.01015
1.01015
1.01015
1.01015
1.01015
1.01015
1.01015
1.01015
1.01015
1.01015
1.01015
1.01015
1.01015
1.01015
1.01015
1.01015
1.01015
1.01015
1.01015
1.01015
1.01015
1.01015
1.01015
1.01015
1.01015
1.01015
1.01015
1.01015
1.01015
1.01015
1.01015
1.01015
1.01015
1.01015
1.01015
1.01015
1.01015
1.01015
1.01015
1.01015
1.01015
1.01015
1.01015
1.01015
1.01015
1.01015
1.01015
1.01015
1.01015
1.01015
1.01015
1.01015
1.01015
1.01015
1.01015
1.01015
1.01015
1.01015
1.01015
1.01015
1.01015
1.01015
1.01015
1.01015
1.01015
1.01015
1.01015
1.01015
1.01015
1.01015
1.01015
1.01015
1.01015
1.01015
1.01015
1.01015
1.01015
1.01015
1.01015
1.01015
1.01015
1.01015
1.01015
1.01015
1.01015
1.01015
1.01015
1.01015
1.01015
1.01015
1.01015
1.01015
1.01015
1.01015
1.01015
1.01015
1.01015
1.01015
1.01015
1.01015
1.01015
1.01015
1.01015
1.01015
1.01015
1.01015
1.01015
1.01015
1.01015
1.01015
1.01015
1.01015
1.01015
1.01015
1.01015
1.01015
1.01015
1.01015
1.01015
1.01015
1.01015
1.01015
1.01015
1.01015
1.01015
1.01015
1.01015
1.01015
1.01015
1.01015
1.01015
1.01015
1.01015
1.01015
1.01015
1.01015
1.01015
1.01015
1.01015
1.01015
1.01015
1.01015
1.01015
1.01015
1.01015
1.01015
1.01015
1.01015
1.01015
1.01015
1.01015
1.01015
1.01015
1.01015
1.01015
1.01015
1.01015
1.01015
1.01015
1.01015
1.01015
1.01015
1.01015
1.01015
1.01015
1.01015
1.01015
1.01015
1.01015
1.01015
1.01015
1.01015
1.01015
1.01015
1.01015
1.01015
1.01015
1.01015
1.01015
1.01015
1.01015
1.01015
1.01015
1.01015
1.01015
1.01015
1.01015
1.01015
1.01015
1.01015
1.01015
1.01015
1.01015
1.01015
1.01015
1.01015
1.01015
1.01015
1.01015
1.01015
1.01015
1.01015
1.01015
1.01015
1.01015
1.01015
1.01015
1.01015
1.01015
1.01015
1.01015
1.01015
1.01015
1.01015
1.01015
1.01015
1.01015
1.01015
1.01015
1.01015
1.01015
1.01015
