0
0
0
0
3.8147e-05
0.000328064
0.000656128
0.00287628
0.00576019
0.0100708
0.016037
0.0238876
0.0338364
0.0460815
0.0607071
0.0777664
0.0972672
0.119164
0.143456
0.170021
0.198647
0.229088
0.261101
0.294449
0.328926
0.364288
0.400322
0.436829
0.473625
0.510544
0.547394
0.58403
0.620293
0.656036
0.691147
0.725502
0.758995
0.791527
0.823044
0.853447
0.882683
0.910698
0.937431
0.97506
0.986916
1.02043
1.03091
1.05082
1.07797
1.09432
1.10931
1.12294
1.13529
1.14631
1.15601
1.16446
1.1717
1.1778
1.18277
1.18668
1.18959
1.19154
1.19257
1.19254
1.19212
1.19075
1.18868
1.18598
1.18269
1.17888
1.17227
1.16986
1.16209
1.15652
1.15069
1.14466
1.13847
1.13214
1.12572
1.11926
1.11274
1.10622
1.09975
1.09332
1.08696
1.0807
1.07455
1.06853
1.06264
1.05694
1.0514
1.04604
1.04086
1.03588
1.0311
1.02653
1.02217
1.01805
1.01417
1.01051
1.00707
1.00387
1.00091
0.998161
0.995644
0.993355
0.99128
0.988564
0.987762
0.98632
0.985077
0.984016
0.983147
0.98246
0.981743
0.981445
0.981361
0.981293
0.981354
0.981697
0.982063
0.982529
0.982803
0.983757
0.984497
0.984894
0.986176
0.987099
0.988075
0.989098
0.990135
0.991226
0.992325
0.993423
0.994522
0.995621
0.996719
0.997818
0.998917
1.00002
1.00108
1.00212
1.00315
1.00413
1.00555
1.00647
1.00733
1.00817
1.00896
1.00971
1.01043
1.01142
1.01203
1.0126
1.01312
1.01361
1.01405
1.01444
1.01481
1.01511
1.0154
1.01564
1.01584
1.01602
1.0162
1.01626
1.01632
1.01637
1.01637
1.01637
1.01629
1.01626
1.01613
1.01601
1.01588
1.01575
1.01557
1.01539
1.01521
1.01502
1.01484
1.01466
1.01442
1.01418
1.01393
1.01369
1.01344
1.0132
1.01295
1.01271
1.01247
1.01222
1.01198
1.01176
1.01158
1.0114
1.01122
1.01094
1.01085
1.01067
1.01048
1.0103
1.01011
1.00999
1.00986
1.00974
1.00962
1.0095
1.0094
1.00934
1.00928
1.00922
1.00916
1.00909
1.00903
1.00897
1.00894
1.00894
1.00894
1.00894
1.00894
1.00894
1.00894
1.00894
1.00894
1.00894
1.00894
1.00894
1.00894
1.00895
1.00904
1.0091
1.00916
1.00922
1.00928
1.00935
1.00941
1.00947
1.00953
1.00959
1.00965
1.00971
1.00977
1.00983
1.0099
1.00996
1.01002
1.01008
1.01014
1.01014
1.01014
1.01014
1.01014
1.01014
1.01014
1.01014
1.01014
1.01014
1.01014
1.01014
1.01014
1.01014
1.01014
1.01014
1.01014
1.01014
1.01014
1.01014
1.01014
1.01014
1.01014
1.01014
1.01014
1.01014
1.01014
1.01014
1.01014
1.01014
1.01014
1.01014
1.01014
1.01014
1.01014
1.01014
1.01014
1.01014
1.01014
1.01014
1.01014
1.01014
1.01014
1.01014
1.01014
1.01014
1.01014
1.01014
1.01014
1.01014
1.01014
1.01014
1.01014
1.01014
1.01014
1.01014
1.01014
1.01014
1.01014
1.01014
1.01014
1.01014
1.01014
1.01014
1.01014
1.01014
1.01014
1.01014
1.01014
1.01014
1.01014
1.01014
1.01014
1.01014
1.01014
1.01014
1.01014
1.01014
1.01014
1.01014
1.01014
1.01014
1.01014
1.01014
1.01014
1.01014
1.01014
1.01014
1.01014
1.01014
1.01014
1.01014
1.01014
1.01014
1.01014
1.01014
1.01014
1.01014
1.01014
1.01014
1.01014
1.01014
1.01014
1.01014
1.01014
1.01014
1.01014
1.01014
1.01014
1.01014
1.01014
1.01014
1.01014
1.01014
1.01014
1.01014
1.01014
1.01014
1.01014
1.01014
1.01014
1.01014
1.01014
1.01014
1.01014
1.01014
1.01014
1.01014
1.01014
1.01014
1.01014
1.01014
1.01014
1.01014
1.01014
1.01014
1.01014
1.01014
1.01014
1.01014
1.01014
1.01014
1.01014
1.01014
1.01014
1.01014
1.01014
1.01014
1.01014
1.01014
1.01014
1.01014
1.01014
1.01014
1.01014
1.01014
1.01014
1.01014
1.01014
1.01014
1.01014
1.01014
1.01014
1.01014
1.01014
1.01014
1.01014
1.01014
1.01014
1.01014
1.01014
1.01014
1.01014
1.01014
1.01014
1.01014
1.01014
1.01014
1.01014
1.01014
1.01014
1.01014
1.01014
1.01014
1.01014
1.01014
1.01014
1.01014
1.01014
1.01014
1.01014
1.01014
1.01014
1.01014
1.01014
1.01014
1.01014
1.01014
1.01014
1.01014
1.01014
1.01014
1.01014
1.01014
1.01014
1.01014
1.01014
1.01014
1.01014
1.01014
1.01014
1.01014
1.01014
1.01014
1.01014
1.01014
1.01014
1.01014
1.01014
1.01014
1.01014
1.01014
1.01014
1.01014
1.01014
1.01014
1.01014
1.01014
1.01014
1.01014
1.01014
1.01014
1.01014
1.01014
1.01014
1.01014
1.01014
1.01014
1.01014
1.01014
1.01014
1.01014
1.01014
1.01014
1.01014
1.01014
1.01014
1.01014
1.01014
1.01014
1.01014
1.01014
1.01014
1.01014
1.01014
1.01014
1.01014
1.01014
1.01014
1.01014
1.01014
1.01014
1.01014
1.01014
1.01014
1.01014
1.01014
1.01014
1.01014
1.01014
1.01014
1.01014
1.01014
1.01014
1.01014
1.01014
1.01014
1.01014
1.01014
1.01014
1.01014
1.01014
1.01014
1.01014
1.01014
1.01014
1.01014
1.01014
1.01014
1.01014
1.01014
1.01014
1.01014
1.01014
1.01014
1.01014
1.01014
1.01014
1.01014
1.01014
1.01014
1.01014
1.01014
1.01014
1.01014
1.01014
1.01014
1.01014
1.01014
1.01014
1.01014
1.01014
1.01014
1.01014
1.01014
1.01014
1.01014
1.01014
1.01014
1.01014
1.01014
1.01014
1.01014
1.01014
1.01014
1.01014
1.01014
1.01014
1.01014
1.01014
1.01014
1.01014
1.01014
1.01014
1.01014
1.01014
1.01014
1.01014
1.01014
1.01014
1.01014
1.01014
1.01014
1.01014
1.01014
1.01014
1.01014
1.01014
1.01014
1.01014
1.01014
1.01014
1.01014
1.01014
1.01014
1.01014
1.01014
1.01014
1.01014
1.01014
1.01014
1.01014
1.01014
1.01014
1.01014
1.01014
1.01014
1.01014
1.01014
1.01014
1.01014
1.01014
1.01014
1.01014
1.01014
1.01014
1.01014
1.01014
1.01014
1.01014
1.01014
1.01014
1.01014
1.01014
1.01014
1.01014
1.01014
1.01014
1.01014
1.01014
1.01014
1.01014
1.01014
1.01014
1.01014
1.01014
1.01014
1.01014
1.01014
1.01014
1.01014
1.01014
1.01014
1.01014
1.01014
1.01014
1.01014
1.01014
1.01014
1.01014
1.01014
1.01014
1.01014
1.01014
1.01014
1.01014
1.01014
1.01014
1.01014
1.01014
1.01014
1.01014
1.01014
1.01014
1.01014
1.01014
1.01014
1.01014
1.01014
1.01014
1.01014
1.01014
1.01014
1.01014
1.01014
1.01014
1.01014
1.01014
1.01014
1.01014
1.01014
1.01014
1.01014
1.01014
1.01014
1.01014
1.01014
1.01014
1.01014
1.01014
1.01014
1.01014
1.01014
1.01014
1.01014
1.01014
1.01014
1.01014
1.01014
1.01014
1.01014
1.01014
1.01014
1.01014
1.01014
1.01014
1.01014
1.01014
1.01014
1.01014
1.01014
1.01014
1.01014
1.01014
1.01014
1.01014
1.01014
1.01014
1.01014
1.01014
1.01014
1.01014
1.01014
1.01014
1.01014
1.01014
1.01014
1.01014
1.01014
1.01014
1.01014
1.01014
1.01014
1.01014
1.01014
1.01014
1.01014
1.01014
1.01014
1.01014
1.01014
1.01014
1.01014
1.01014
1.01014
1.01014
1.01014
1.01014
1.01014
1.01014
1.01014
1.01014
1.01014
1.01014
1.01014
1.01014
1.01014
1.01014
1.01014
1.01014
1.01014
1.01014
1.01014
1.01014
1.01014
1.01014
1.01014
1.01014
1.01014
1.01014
1.01014
1.01014
1.01014
1.01014
1.01014
1.01014
1.01014
1.01014
1.01014
1.01014
1.01014
1.01014
1.01014
1.01014
1.01014
1.01014
1.01014
1.01014
1.01014
1.01014
1.01014
1.01014
1.01014
1.01014
1.01014
1.01014
1.01014
1.01014
1.01014
1.01014
1.01014
1.01014
1.01014
1.01014
1.01014
1.01014
1.01014
1.01014
1.01014
1.01014
1.01014
1.01014
1.01014
1.01014
1.01014
1.01014
1.01014
1.01014
1.01014
1.01014
1.01014
1.01014
1.01014
1.01014
1.01014
1.01014
1.01014
1.01014
1.01014
1.01014
1.01014
1.01014
1.01014
1.01014
1.01014
1.01014
1.01014
1.01014
1.01014
1.01014
1.01014
1.01014
1.01014
1.01014
1.01014
1.01014
1.01014
1.01014
1.01014
1.01014
1.01014
1.01014
1.01014
1.01014
1.01014
1.01014
1.01014
1.01014
1.01014
1.01014
1.01014
1.01014
1.01014
1.01014
1.01014
1.01014
1.01014
1.01014
1.01014
1.01014
1.01014
1.01014
1.01014
1.01014
1.01014
1.01014
1.01014
1.01014
1.01014
1.01014
1.01014
1.01014
1.01014
1.01014
1.01014
1.01014
1.01014
1.01014
1.01014
1.01014
1.01014
1.01014
1.01014
1.01014
1.01014
1.01014
1.01014
1.01014
1.01014
1.01014
1.01014
1.01014
1.01014
1.01014
1.01014
1.01014
1.01014
1.01014
1.01014
1.01014
1.01014
1.01014
1.01014
1.01014
1.01014
1.01014
1.01014
1.01014
1.01014
1.01014
1.01014
1.01014
1.01014
1.01014
1.01014
1.01014
1.01014
1.01014
1.01014
1.01014
1.01014
1.01014
1.01014
1.01014
1.01014
1.01014
1.01014
1.01014
1.01014
1.01014
1.01014
1.01014
1.01014
1.01014
1.01014
1.01014
1.01014
1.01014
1.01014
1.01014
1.01014
1.01014
1.01014
1.01014
1.01014
1.01014
1.01014
1.01014
1.01014
1.01014
1.01014
1.01014
1.01014
1.01014
1.01014
1.01014
1.01014
1.01014
1.01014
1.01014
1.01014
1.01014
1.01014
1.01014
1.01014
1.01014
1.01014
1.01014
1.01014
1.01014
1.01014
1.01014
1.01014
1.01014
1.01014
1.01014
1.01014
1.01014
1.01014
1.01014
1.01014
1.01014
