0
0
0
0
0
0.0001297
0.000656128
0.00189209
0.00415802
0.00772858
0.0128326
0.0197067
0.0285873
0.0396576
0.053093
0.0689316
0.0872116
0.107918
0.13102
0.156448
0.184021
0.213486
0.244576
0.277084
0.327972
0.345398
0.380768
0.434738
0.452881
0.507355
0.525513
0.579765
0.61544
0.633095
0.685242
0.702301
0.735847
0.784386
0.815514
0.845604
0.874603
0.90239
0.928787
0.953743
0.97728
0.999428
1.02023
1.03971
1.05786
1.07468
1.09016
1.10429
1.11709
1.12862
1.13894
1.14806
1.15603
1.16288
1.16865
1.17337
1.17709
1.17986
1.18173
1.18275
1.18277
1.1824
1.18114
1.17923
1.17671
1.17191
1.17006
1.16602
1.15919
1.15675
1.14894
1.14342
1.13768
1.13177
1.12575
1.11962
1.11344
1.10722
1.10099
1.09478
1.08862
1.08253
1.07652
1.07063
1.06487
1.05649
1.05378
1.0459
1.04337
1.03606
1.03374
1.02924
1.02291
1.01897
1.01525
1.01175
1.00848
1.00546
1.00266
1.00008
0.997711
0.99556
0.993614
0.991867
0.990318
0.98896
0.987785
0.986778
0.985954
0.985291
0.984772
0.984406
0.984177
0.984085
0.984116
0.984383
0.984528
0.9851
0.985344
0.986183
0.986496
0.987183
0.98793
0.989159
0.990028
0.990944
0.991898
0.992874
0.993851
0.994843
0.99588
0.996918
0.997955
0.998978
0.999954
1.00093
1.00191
1.00285
1.00377
1.00468
1.00554
1.00639
1.00719
1.00797
1.00906
1.00974
1.01038
1.01099
1.01155
1.01183
1.01257
1.01301
1.01343
1.01379
1.01413
1.01443
1.01469
1.01494
1.01513
1.01531
1.01543
1.01556
1.01562
1.01569
1.01571
1.01571
1.01571
1.01565
1.01559
1.01553
1.01541
1.01529
1.01517
1.01498
1.01488
1.0147
1.01443
1.01434
1.01406
1.01397
1.01379
1.0136
1.01333
1.01315
1.01305
1.01278
1.0126
1.01241
1.01223
1.01205
1.01186
1.01168
1.0115
1.01131
1.01113
1.01095
1.01077
1.01062
1.0105
1.01038
1.01025
1.01013
1.01001
1.00989
1.00977
1.00967
1.00961
1.00951
1.00948
1.00942
1.00936
1.0093
1.00921
1.00915
1.00913
1.00913
1.00913
1.00913
1.00913
1.00913
1.00913
1.00913
1.00913
1.00913
1.00913
1.00913
1.00913
1.00913
1.00913
1.00913
1.00913
1.00919
1.00925
1.00932
1.00938
1.00944
1.0095
1.00956
1.00962
1.00968
1.00974
1.0098
1.00986
1.00993
1.00999
1.01005
1.01008
1.01008
1.01008
1.01008
1.01008
1.01008
1.01008
1.01008
1.01008
1.01008
1.01008
1.01008
1.01008
1.01008
1.01008
1.01008
1.01008
1.01008
1.01008
1.01008
1.01008
1.01008
1.01008
1.01008
1.01008
1.01008
1.01008
1.01008
1.01008
1.01008
1.01008
1.01008
1.01008
1.01008
1.01008
1.01008
1.01008
1.01008
1.01008
1.01008
1.01008
1.01008
1.01008
1.01008
1.01008
1.01008
1.01008
1.01008
1.01008
1.01008
1.01008
1.01008
1.01008
1.01008
1.01008
1.01008
1.01008
1.01008
1.01008
1.01008
1.01008
1.01008
1.01008
1.01008
1.01008
1.01008
1.01008
1.01008
1.01008
1.01008
1.01008
1.01008
1.01008
1.01008
1.01008
1.01008
1.01008
1.01008
1.01008
1.01008
1.01008
1.01008
1.01008
1.01008
1.01008
1.01008
1.01008
1.01008
1.01008
1.01008
1.01008
1.01008
1.01008
1.01008
1.01008
1.01008
1.01008
1.01008
1.01008
1.01008
1.01008
1.01008
1.01008
1.01008
1.01008
1.01008
1.01008
1.01008
1.01008
1.01008
1.01008
1.01008
1.01008
1.01008
1.01008
1.01008
1.01008
1.01008
1.01008
1.01008
1.01008
1.01008
1.01008
1.01008
1.01008
1.01008
1.01008
1.01008
1.01008
1.01008
1.01008
1.01008
1.01008
1.01008
1.01008
1.01008
1.01008
1.01008
1.01008
1.01008
1.01008
1.01008
1.01008
1.01008
1.01008
1.01008
1.01008
1.01008
1.01008
1.01008
1.01008
1.01008
1.01008
1.01008
1.01008
1.01008
1.01008
1.01008
1.01008
1.01008
1.01008
1.01008
1.01008
1.01008
1.01008
1.01008
1.01008
1.01008
1.01008
1.01008
1.01008
1.01008
1.01008
1.01008
1.01008
1.01008
1.01008
1.01008
1.01008
1.01008
1.01008
1.01008
1.01008
1.01008
1.01008
1.01008
1.01008
1.01008
1.01008
1.01008
1.01008
1.01008
1.01008
1.01008
1.01008
1.01008
1.01008
1.01008
1.01008
1.01008
1.01008
1.01008
1.01008
1.01008
1.01008
1.01008
1.01008
1.01008
1.01008
1.01008
1.01008
1.01008
1.01008
1.01008
1.01008
1.01008
1.01008
1.01008
1.01008
1.01008
1.01008
1.01008
1.01008
1.01008
1.01008
1.01008
1.01008
1.01008
1.01008
1.01008
1.01008
1.01008
1.01008
1.01008
1.01008
1.01008
1.01008
1.01008
1.01008
1.01008
1.01008
1.01008
1.01008
1.01008
1.01008
1.01008
1.01008
1.01008
1.01008
1.01008
1.01008
1.01008
1.01008
1.01008
1.01008
1.01008
1.01008
1.01008
1.01008
1.01008
1.01008
1.01008
1.01008
1.01008
1.01008
1.01008
1.01008
1.01008
1.01008
1.01008
1.01008
1.01008
1.01008
1.01008
1.01008
1.01008
1.01008
1.01008
1.01008
1.01008
1.01008
1.01008
1.01008
1.01008
1.01008
1.01008
1.01008
1.01008
1.01008
1.01008
1.01008
1.01008
1.01008
1.01008
1.01008
1.01008
1.01008
1.01008
1.01008
1.01008
1.01008
1.01008
1.01008
1.01008
1.01008
1.01008
1.01008
1.01008
1.01008
1.01008
1.01008
1.01008
1.01008
1.01008
1.01008
1.01008
1.01008
1.01008
1.01008
1.01008
1.01008
1.01008
1.01008
1.01008
1.01008
1.01008
1.01008
1.01008
1.01008
1.01008
1.01008
1.01008
1.01008
1.01008
1.01008
1.01008
1.01008
1.01008
1.01008
1.01008
1.01008
1.01008
1.01008
1.01008
1.01008
1.01008
1.01008
1.01008
1.01008
1.01008
1.01008
1.01008
1.01008
1.01008
1.01008
1.01008
1.01008
1.01008
1.01008
1.01008
1.01008
1.01008
1.01008
1.01008
1.01008
1.01008
1.01008
1.01008
1.01008
1.01008
1.01008
1.01008
1.01008
1.01008
1.01008
1.01008
1.01008
1.01008
1.01008
1.01008
1.01008
1.01008
1.01008
1.01008
1.01008
1.01008
1.01008
1.01008
1.01008
1.01008
1.01008
1.01008
1.01008
1.01008
1.01008
1.01008
1.01008
1.01008
1.01008
1.01008
1.01008
1.01008
1.01008
1.01008
1.01008
1.01008
1.01008
1.01008
1.01008
1.01008
1.01008
1.01008
1.01008
1.01008
1.01008
1.01008
1.01008
1.01008
1.01008
1.01008
1.01008
1.01008
1.01008
1.01008
1.01008
1.01008
1.01008
1.01008
1.01008
1.01008
1.01008
1.01008
1.01008
1.01008
1.01008
1.01008
1.01008
1.01008
1.01008
1.01008
1.01008
1.01008
1.01008
1.01008
1.01008
1.01008
1.01008
1.01008
1.01008
1.01008
1.01008
1.01008
1.01008
1.01008
1.01008
1.01008
1.01008
1.01008
1.01008
1.01008
1.01008
1.01008
1.01008
1.01008
1.01008
1.01008
1.01008
1.01008
1.01008
1.01008
1.01008
1.01008
1.01008
1.01008
1.01008
1.01008
1.01008
1.01008
1.01008
1.01008
1.01008
1.01008
1.01008
1.01008
1.01008
1.01008
1.01008
1.01008
1.01008
1.01008
1.01008
1.01008
1.01008
1.01008
1.01008
1.01008
1.01008
1.01008
1.01008
1.01008
1.01008
1.01008
1.01008
1.01008
1.01008
1.01008
1.01008
1.01008
1.01008
1.01008
1.01008
1.01008
1.01008
1.01008
1.01008
1.01008
1.01008
1.01008
1.01008
1.01008
1.01008
1.01008
1.01008
1.01008
1.01008
1.01008
1.01008
1.01008
1.01008
1.01008
1.01008
1.01008
1.01008
1.01008
1.01008
1.01008
1.01008
1.01008
1.01008
1.01008
1.01008
1.01008
1.01008
1.01008
1.01008
1.01008
1.01008
1.01008
1.01008
1.01008
1.01008
1.01008
1.01008
1.01008
1.01008
1.01008
1.01008
1.01008
1.01008
1.01008
1.01008
1.01008
1.01008
1.01008
1.01008
1.01008
1.01008
1.01008
1.01008
1.01008
1.01008
1.01008
1.01008
1.01008
1.01008
1.01008
1.01008
1.01008
1.01008
1.01008
1.01008
1.01008
1.01008
1.01008
1.01008
1.01008
1.01008
1.01008
1.01008
1.01008
1.01008
1.01008
1.01008
1.01008
1.01008
1.01008
1.01008
1.01008
1.01008
1.01008
1.01008
1.01008
1.01008
1.01008
1.01008
1.01008
1.01008
1.01008
1.01008
1.01008
1.01008
1.01008
1.01008
1.01008
1.01008
1.01008
1.01008
1.01008
1.01008
1.01008
1.01008
1.01008
1.01008
1.01008
1.01008
1.01008
1.01008
1.01008
1.01008
1.01008
1.01008
1.01008
1.01008
1.01008
1.01008
1.01008
1.01008
1.01008
1.01008
1.01008
1.01008
1.01008
1.01008
1.01008
1.01008
1.01008
1.01008
1.01008
1.01008
1.01008
1.01008
1.01008
1.01008
1.01008
1.01008
1.01008
1.01008
1.01008
1.01008
1.01008
1.01008
1.01008
1.01008
1.01008
1.01008
1.01008
1.01008
1.01008
1.01008
1.01008
1.01008
1.01008
1.01008
1.01008
1.01008
1.01008
1.01008
1.01008
1.01008
1.01008
1.01008
1.01008
1.01008
1.01008
1.01008
1.01008
1.01008
1.01008
1.01008
1.01008
1.01008
1.01008
1.01008
1.01008
1.01008
1.01008
1.01008
1.01008
1.01008
1.01008
1.01008
1.01008
1.01008
1.01008
1.01008
1.01008
1.01008
1.01008
1.01008
1.01008
1.01008
1.01008
1.01008
1.01008
1.01008
1.01008
1.01008
1.01008
1.01008
1.01008
1.01008
1.01008
1.01008
1.01008
1.01008
1.01008
1.01008
1.01008
1.01008
1.01008
1.01008
1.01008
1.01008
1.01008
1.01008
1.01008
1.01008
1.01008
1.01008
1.01008
1.01008
1.01008
1.01008
1.01008
1.01008
1.01008
1.01008
1.01008
1.01008
1.01008
