0
0
0
0
3.43323e-05
0.000305176
0.00113297
0.00284958
0.00572586
0.0100212
0.0159798
0.0238304
0.0337791
0.0460129
0.0606613
0.0777206
0.0972099
0.119118
0.13097
0.170002
0.198685
0.229263
0.261494
0.295177
0.330151
0.366184
0.403046
0.440525
0.478439
0.516609
0.554859
0.593029
0.630955
0.668488
0.705482
0.741814
0.777363
0.828991
0.845695
0.878296
0.925007
0.93996
0.968887
0.996433
1.02258
1.05909
1.07051
1.09224
1.11248
1.13123
1.15651
1.17147
1.18498
1.19704
1.20768
1.21692
1.22478
1.23131
1.23655
1.24057
1.2434
1.24511
1.24574
1.24535
1.24399
1.24173
1.23863
1.23475
1.23013
1.22486
1.21898
1.21257
1.20568
1.19836
1.1867
1.18266
1.1744
1.16162
1.15729
1.14415
1.13531
1.12646
1.11763
1.10886
1.10018
1.09164
1.08325
1.07504
1.06701
1.0592
1.05162
1.0443
1.03727
1.03053
1.02408
1.01794
1.0121
1.00657
1.00135
0.996449
0.991871
0.987617
0.983692
0.980087
0.976803
0.973835
0.971184
0.967781
0.966797
0.964287
0.962967
0.961914
0.961136
0.960602
0.960312
0.960258
0.960419
0.960785
0.961346
0.96209
0.962994
0.964058
0.965263
0.966599
0.968048
0.969604
0.971252
0.97298
0.974777
0.976627
0.979492
0.980469
0.982426
0.985401
0.987385
0.989368
0.991325
0.993267
0.995174
0.997047
0.998878
1.00066
1.0024
1.00408
1.0057
1.00726
1.00876
1.01019
1.01155
1.01284
1.01406
1.0152
1.01627
1.01726
1.01817
1.01901
1.01977
1.02045
1.02106
1.0216
1.02206
1.02246
1.02279
1.02315
1.02331
1.02341
1.02345
1.02345
1.02337
1.02326
1.0231
1.02289
1.02264
1.02235
1.02203
1.02168
1.0213
1.0209
1.02047
1.02002
1.01956
1.01907
1.01858
1.01809
1.01757
1.01706
1.01654
1.01602
1.01524
1.01475
1.0145
1.01402
1.01329
1.01284
1.01238
1.01196
1.01174
1.01114
1.01075
1.01038
1.01004
1.00987
1.0094
1.00912
1.00884
1.0086
1.00837
1.00816
1.00797
1.0078
1.00764
1.00751
1.00739
1.0073
1.00721
1.00715
1.0071
1.00707
1.00704
1.00704
1.00704
1.00706
1.00709
1.00712
1.00718
1.00724
1.0073
1.00737
1.00746
1.00755
1.00764
1.00774
1.00783
1.00795
1.00807
1.00819
1.00831
1.00843
1.0085
1.00874
1.00886
1.00898
1.00911
1.00923
1.00935
1.00947
1.00956
1.00965
1.00974
1.00983
1.00993
1.01002
1.01011
1.01019
1.01025
1.01031
1.01037
1.01046
1.01049
1.01057
1.0106
1.01063
1.01066
1.01067
1.01072
1.01075
1.01077
1.01077
1.01077
1.01077
1.01077
1.01077
1.01077
1.01077
1.01077
1.01077
1.01074
1.01071
1.01068
1.01065
1.01062
1.01059
1.01056
1.01053
1.0105
1.01047
1.01044
1.01041
1.01038
1.01035
1.01031
1.01028
1.01025
1.01022
1.01019
1.01016
1.01013
1.0101
1.01007
1.01004
1.01001
1.00998
1.00995
1.00992
1.00989
1.00986
1.00983
1.00982
1.00982
1.00982
1.00982
1.00982
1.00982
1.00982
1.00982
1.00982
1.00982
1.00982
1.00982
1.00982
1.00982
1.00982
1.00982
1.00982
1.00982
1.00982
1.00982
1.00982
1.00982
1.00982
1.00982
1.00982
1.00982
1.00982
1.00982
1.00982
1.00982
1.00982
1.00982
1.00982
1.00982
1.00982
1.00982
1.00982
1.00982
1.00982
1.00982
1.00982
1.00982
1.00982
1.00982
1.00982
1.00982
1.00982
1.00982
1.00982
1.00982
1.00982
1.00982
1.00982
1.00982
1.00982
1.00982
1.00982
1.00982
1.00982
1.00982
1.00982
1.00982
1.00982
1.00982
1.00982
1.00982
1.00982
1.00982
1.00982
1.00982
1.00982
1.00982
1.00982
1.00982
1.00982
1.00982
1.00982
1.00982
1.00982
1.00982
1.00982
1.00982
1.00982
1.00982
1.00982
1.00982
1.00982
1.00982
1.00982
1.00982
1.00982
1.00982
1.00982
1.00982
1.00982
1.00982
1.00982
1.00982
1.00982
1.00982
1.00982
1.00982
1.00982
1.00982
1.00982
1.00982
1.00982
1.00982
1.00982
1.00982
1.00982
1.00982
1.00982
1.00982
1.00982
1.00982
1.00982
1.00982
1.00982
1.00982
1.00982
1.00982
1.00982
1.00982
1.00982
1.00982
1.00982
1.00982
1.00982
1.00982
1.00982
1.00982
1.00982
1.00982
1.00982
1.00982
1.00982
1.00982
1.00982
1.00982
1.00982
1.00982
1.00982
1.00982
1.00982
1.00982
1.00982
1.00982
1.00982
1.00982
1.00982
1.00982
1.00982
1.00982
1.00982
1.00982
1.00982
1.00982
1.00982
1.00982
1.00982
1.00982
1.00982
1.00982
1.00982
1.00982
1.00982
1.00982
1.00982
1.00982
1.00982
1.00982
1.00982
1.00982
1.00982
1.00982
1.00982
1.00982
1.00982
1.00982
1.00982
1.00982
1.00982
1.00982
1.00982
1.00982
1.00982
1.00982
1.00982
1.00982
1.00982
1.00982
1.00982
1.00982
1.00982
1.00982
1.00982
1.00982
1.00982
1.00982
1.00982
1.00982
1.00982
1.00982
1.00982
1.00982
1.00982
1.00982
1.00982
1.00982
1.00982
1.00982
1.00982
1.00982
1.00982
1.00982
1.00982
1.00982
1.00982
1.00982
1.00982
1.00982
1.00982
1.00982
1.00982
1.00982
1.00982
1.00982
1.00982
1.00982
1.00982
1.00982
1.00982
1.00982
1.00982
1.00982
1.00982
1.00982
1.00982
1.00982
1.00982
1.00982
1.00982
1.00982
1.00982
1.00982
1.00982
1.00982
1.00982
1.00982
1.00982
1.00982
1.00982
1.00982
1.00982
1.00982
1.00982
1.00982
1.00982
1.00982
1.00982
1.00982
1.00982
1.00982
1.00982
1.00982
1.00982
1.00982
1.00982
1.00982
1.00982
1.00982
1.00982
1.00982
1.00982
1.00982
1.00982
1.00982
1.00982
1.00982
1.00982
1.00982
1.00982
1.00982
1.00982
1.00982
1.00982
1.00982
1.00982
1.00982
1.00982
1.00982
1.00982
1.00982
1.00982
1.00982
1.00982
1.00982
1.00982
1.00982
1.00982
1.00982
1.00982
1.00982
1.00982
1.00982
1.00982
1.00982
1.00982
1.00982
1.00982
1.00982
1.00982
1.00982
1.00982
1.00982
1.00982
1.00982
1.00982
1.00982
1.00982
1.00982
1.00982
1.00982
1.00982
1.00982
1.00982
1.00982
1.00982
1.00982
1.00982
1.00982
1.00982
1.00982
1.00982
1.00982
1.00982
1.00982
1.00982
1.00982
1.00982
1.00982
1.00982
1.00982
1.00982
1.00982
1.00982
1.00982
1.00982
1.00982
1.00982
1.00982
1.00982
1.00982
1.00982
1.00982
1.00982
1.00982
1.00982
1.00982
1.00982
1.00982
1.00982
1.00982
1.00982
1.00982
1.00982
1.00982
1.00982
1.00982
1.00982
1.00982
1.00982
1.00982
1.00982
1.00982
1.00982
1.00982
1.00982
1.00982
1.00982
1.00982
1.00982
1.00982
1.00982
1.00982
1.00982
1.00982
1.00982
1.00982
1.00982
1.00982
1.00982
1.00982
1.00982
1.00982
1.00982
1.00982
1.00982
1.00982
1.00982
1.00982
1.00982
1.00982
1.00982
1.00982
1.00982
1.00982
1.00982
1.00982
1.00982
1.00982
1.00982
1.00982
1.00982
1.00982
1.00982
1.00982
1.00982
1.00982
1.00982
1.00982
1.00982
1.00982
1.00982
1.00982
1.00982
1.00982
1.00982
1.00982
1.00982
1.00982
1.00982
1.00982
1.00982
1.00982
1.00982
1.00982
1.00982
1.00982
1.00982
1.00982
1.00982
1.00982
1.00982
1.00982
1.00982
1.00982
1.00982
1.00982
1.00982
1.00982
1.00982
1.00982
1.00982
1.00982
1.00982
1.00982
1.00982
1.00982
1.00982
1.00982
1.00982
1.00982
1.00982
1.00982
1.00982
1.00982
1.00982
1.00982
1.00982
1.00982
1.00982
1.00982
1.00982
1.00982
1.00982
1.00982
1.00982
1.00982
1.00982
1.00982
1.00982
1.00982
1.00982
1.00982
1.00982
1.00982
1.00982
1.00982
1.00982
1.00982
1.00982
1.00982
1.00982
1.00982
1.00982
1.00982
1.00982
1.00982
1.00982
1.00982
1.00982
1.00982
1.00982
1.00982
1.00982
1.00982
1.00982
1.00982
1.00982
1.00982
1.00982
1.00982
1.00982
1.00982
1.00982
1.00982
1.00982
1.00982
1.00982
1.00982
1.00982
1.00982
1.00982
1.00982
1.00982
1.00982
1.00982
1.00982
1.00982
1.00982
1.00982
1.00982
1.00982
1.00982
1.00982
1.00982
1.00982
1.00982
1.00982
1.00982
1.00982
1.00982
1.00982
1.00982
1.00982
1.00982
1.00982
1.00982
1.00982
1.00982
1.00982
1.00982
1.00982
1.00982
1.00982
1.00982
1.00982
1.00982
1.00982
1.00982
1.00982
1.00982
1.00982
1.00982
1.00982
1.00982
1.00982
1.00982
1.00982
1.00982
1.00982
1.00982
1.00982
1.00982
1.00982
1.00982
1.00982
1.00982
1.00982
1.00982
1.00982
1.00982
1.00982
1.00982
1.00982
1.00982
1.00982
1.00982
1.00982
1.00982
1.00982
1.00982
1.00982
1.00982
1.00982
1.00982
1.00982
1.00982
1.00982
1.00982
1.00982
1.00982
1.00982
1.00982
1.00982
1.00982
1.00982
1.00982
1.00982
1.00982
1.00982
1.00982
1.00982
1.00982
1.00982
1.00982
1.00982
1.00982
1.00982
1.00982
1.00982
1.00982
1.00982
1.00982
1.00982
1.00982
1.00982
1.00982
1.00982
1.00982
1.00982
1.00982
1.00982
1.00982
1.00982
1.00982
1.00982
1.00982
1.00982
1.00982
1.00982
1.00982
1.00982
1.00982
1.00982
1.00982
1.00982
1.00982
1.00982
1.00982
1.00982
1.00982
1.00982
1.00982
1.00982
1.00982
1.00982
1.00982
1.00982
1.00982
1.00982
1.00982
1.00982
1.00982
1.00982
1.00982
1.00982
1.00982
1.00982
1.00982
1.00982
1.00982
1.00982
1.00982
1.00982
1.00982
1.00982
1.00982
1.00982
1.00982
1.00982
1.00982
1.00982
1.00982
1.00982
1.00982
1.00982
1.00982
1.00982
1.00982
1.00982
