0
0
0
0
0
0.0001297
0.000656128
0.00189209
0.00415802
0.00772858
0.0128326
0.0238876
0.0285873
0.0460815
0.053093
0.0689316
0.0972672
0.119164
0.143456
0.170021
0.198624
0.22892
0.260666
0.293648
0.327621
0.362366
0.397675
0.433342
0.469208
0.505081
0.540817
0.576248
0.611244
0.64566
0.67942
0.712494
0.744812
0.776283
0.806801
0.836334
0.864792
0.89212
0.918274
0.943207
0.966881
0.989281
1.01038
1.03015
1.05733
1.06573
1.08157
1.10287
1.11549
1.12682
1.13692
1.14153
1.15362
1.16022
1.16575
1.17027
1.17381
1.17641
1.1781
1.17895
1.17902
1.17834
1.17699
1.17499
1.17241
1.1693
1.16573
1.1617
1.15729
1.15254
1.14487
1.13947
1.13387
1.12812
1.12225
1.11628
1.11024
1.10418
1.09808
1.09201
1.08598
1.08001
1.07412
1.06548
1.06265
1.05711
1.05173
1.04652
1.03904
1.03664
1.02975
1.0254
1.02127
1.01736
1.01368
1.01023
1.00702
1.00403
1.00127
0.997543
0.995331
0.99334
0.991547
0.99073
0.988586
0.987404
0.986404
0.98558
0.984917
0.984406
0.984047
0.983826
0.983742
0.983788
0.983948
0.984222
0.984596
0.985062
0.985611
0.986244
0.986946
0.987709
0.988953
0.989845
0.990761
0.991737
0.992714
0.993713
0.994751
0.995789
0.996826
0.997864
0.998901
0.999908
1.00089
1.00186
1.00328
1.00374
1.00465
1.00552
1.00637
1.00756
1.00794
1.00904
1.00938
1.01035
1.01096
1.01152
1.01205
1.01254
1.01297
1.01338
1.01375
1.01408
1.01438
1.01463
1.01485
1.01504
1.01521
1.01533
1.01544
1.0155
1.01556
1.01557
1.01557
1.01556
1.0155
1.01543
1.01537
1.01525
1.01507
1.01495
1.01482
1.01464
1.01446
1.01427
1.01409
1.01391
1.01363
1.01345
1.01327
1.01308
1.0129
1.01272
1.01254
1.01235
1.01217
1.01199
1.0118
1.01162
1.01144
1.01125
1.01107
1.01089
1.01071
1.01053
1.01041
1.01028
1.01016
1.01004
1.00992
1.0098
1.00966
1.00963
1.00954
1.00948
1.00941
1.00935
1.00929
1.00923
1.00917
1.00916
1.00916
1.00916
1.00916
1.00916
1.00916
1.00916
1.00916
1.00916
1.00916
1.00916
1.00916
1.00916
1.00916
1.00916
1.00916
1.00916
1.0092
1.00926
1.00932
1.00938
1.00945
1.00954
1.00957
1.00963
1.00969
1.00975
1.00984
1.0099
1.00996
1.01002
1.01002
1.01002
1.01002
1.01002
1.01002
1.01002
1.01002
1.01002
1.01002
1.01002
1.01002
1.01002
1.01002
1.01002
1.01002
1.01002
1.01002
1.01002
1.01002
1.01002
1.01002
1.01002
1.01002
1.01002
1.01002
1.01002
1.01002
1.01002
1.01002
1.01002
1.01002
1.01002
1.01002
1.01002
1.01002
1.01002
1.01002
1.01002
1.01002
1.01002
1.01002
1.01002
1.01002
1.01002
1.01002
1.01002
1.01002
1.01002
1.01002
1.01002
1.01002
1.01002
1.01002
1.01002
1.01002
1.01002
1.01002
1.01002
1.01002
1.01002
1.01002
1.01002
1.01002
1.01002
1.01002
1.01002
1.01002
1.01002
1.01002
1.01002
1.01002
1.01002
1.01002
1.01002
1.01002
1.01002
1.01002
1.01002
1.01002
1.01002
1.01002
1.01002
1.01002
1.01002
1.01002
1.01002
1.01002
1.01002
1.01002
1.01002
1.01002
1.01002
1.01002
1.01002
1.01002
1.01002
1.01002
1.01002
1.01002
1.01002
1.01002
1.01002
1.01002
1.01002
1.01002
1.01002
1.01002
1.01002
1.01002
1.01002
1.01002
1.01002
1.01002
1.01002
1.01002
1.01002
1.01002
1.01002
1.01002
1.01002
1.01002
1.01002
1.01002
1.01002
1.01002
1.01002
1.01002
1.01002
1.01002
1.01002
1.01002
1.01002
1.01002
1.01002
1.01002
1.01002
1.01002
1.01002
1.01002
1.01002
1.01002
1.01002
1.01002
1.01002
1.01002
1.01002
1.01002
1.01002
1.01002
1.01002
1.01002
1.01002
1.01002
1.01002
1.01002
1.01002
1.01002
1.01002
1.01002
1.01002
1.01002
1.01002
1.01002
1.01002
1.01002
1.01002
1.01002
1.01002
1.01002
1.01002
1.01002
1.01002
1.01002
1.01002
1.01002
1.01002
1.01002
1.01002
1.01002
1.01002
1.01002
1.01002
1.01002
1.01002
1.01002
1.01002
1.01002
1.01002
1.01002
1.01002
1.01002
1.01002
1.01002
1.01002
1.01002
1.01002
1.01002
1.01002
1.01002
1.01002
1.01002
1.01002
1.01002
1.01002
1.01002
1.01002
1.01002
1.01002
1.01002
1.01002
1.01002
1.01002
1.01002
1.01002
1.01002
1.01002
1.01002
1.01002
1.01002
1.01002
1.01002
1.01002
1.01002
1.01002
1.01002
1.01002
1.01002
1.01002
1.01002
1.01002
1.01002
1.01002
1.01002
1.01002
1.01002
1.01002
1.01002
1.01002
1.01002
1.01002
1.01002
1.01002
1.01002
1.01002
1.01002
1.01002
1.01002
1.01002
1.01002
1.01002
1.01002
1.01002
1.01002
1.01002
1.01002
1.01002
1.01002
1.01002
1.01002
1.01002
1.01002
1.01002
1.01002
1.01002
1.01002
1.01002
1.01002
1.01002
1.01002
1.01002
1.01002
1.01002
1.01002
1.01002
1.01002
1.01002
1.01002
1.01002
1.01002
1.01002
1.01002
1.01002
1.01002
1.01002
1.01002
1.01002
1.01002
1.01002
1.01002
1.01002
1.01002
1.01002
1.01002
1.01002
1.01002
1.01002
1.01002
1.01002
1.01002
1.01002
1.01002
1.01002
1.01002
1.01002
1.01002
1.01002
1.01002
1.01002
1.01002
1.01002
1.01002
1.01002
1.01002
1.01002
1.01002
1.01002
1.01002
1.01002
1.01002
1.01002
1.01002
1.01002
1.01002
1.01002
1.01002
1.01002
1.01002
1.01002
1.01002
1.01002
1.01002
1.01002
1.01002
1.01002
1.01002
1.01002
1.01002
1.01002
1.01002
1.01002
1.01002
1.01002
1.01002
1.01002
1.01002
1.01002
1.01002
1.01002
1.01002
1.01002
1.01002
1.01002
1.01002
1.01002
1.01002
1.01002
1.01002
1.01002
1.01002
1.01002
1.01002
1.01002
1.01002
1.01002
1.01002
1.01002
1.01002
1.01002
1.01002
1.01002
1.01002
1.01002
1.01002
1.01002
1.01002
1.01002
1.01002
1.01002
1.01002
1.01002
1.01002
1.01002
1.01002
1.01002
1.01002
1.01002
1.01002
1.01002
1.01002
1.01002
1.01002
1.01002
1.01002
1.01002
1.01002
1.01002
1.01002
1.01002
1.01002
1.01002
1.01002
1.01002
1.01002
1.01002
1.01002
1.01002
1.01002
1.01002
1.01002
1.01002
1.01002
1.01002
1.01002
1.01002
1.01002
1.01002
1.01002
1.01002
1.01002
1.01002
1.01002
1.01002
1.01002
1.01002
1.01002
1.01002
1.01002
1.01002
1.01002
1.01002
1.01002
1.01002
1.01002
1.01002
1.01002
1.01002
1.01002
1.01002
1.01002
1.01002
1.01002
1.01002
1.01002
1.01002
1.01002
1.01002
1.01002
1.01002
1.01002
1.01002
1.01002
1.01002
1.01002
1.01002
1.01002
1.01002
1.01002
1.01002
1.01002
1.01002
1.01002
1.01002
1.01002
1.01002
1.01002
1.01002
1.01002
1.01002
1.01002
1.01002
1.01002
1.01002
1.01002
1.01002
1.01002
1.01002
1.01002
1.01002
1.01002
1.01002
1.01002
1.01002
1.01002
1.01002
1.01002
1.01002
1.01002
1.01002
1.01002
1.01002
1.01002
1.01002
1.01002
1.01002
1.01002
1.01002
1.01002
1.01002
1.01002
1.01002
1.01002
1.01002
1.01002
1.01002
1.01002
1.01002
1.01002
1.01002
1.01002
1.01002
1.01002
1.01002
1.01002
1.01002
1.01002
1.01002
1.01002
1.01002
1.01002
1.01002
1.01002
1.01002
1.01002
1.01002
1.01002
1.01002
1.01002
1.01002
1.01002
1.01002
1.01002
1.01002
1.01002
1.01002
1.01002
1.01002
1.01002
1.01002
1.01002
1.01002
1.01002
1.01002
1.01002
1.01002
1.01002
1.01002
1.01002
1.01002
1.01002
1.01002
1.01002
1.01002
1.01002
1.01002
1.01002
1.01002
1.01002
1.01002
1.01002
1.01002
1.01002
1.01002
1.01002
1.01002
1.01002
1.01002
1.01002
1.01002
1.01002
1.01002
1.01002
1.01002
1.01002
1.01002
1.01002
1.01002
1.01002
1.01002
1.01002
1.01002
1.01002
1.01002
1.01002
1.01002
1.01002
1.01002
1.01002
1.01002
1.01002
1.01002
1.01002
1.01002
1.01002
1.01002
1.01002
1.01002
1.01002
1.01002
1.01002
1.01002
1.01002
1.01002
1.01002
1.01002
1.01002
1.01002
1.01002
1.01002
1.01002
1.01002
1.01002
1.01002
1.01002
1.01002
1.01002
1.01002
1.01002
1.01002
1.01002
1.01002
1.01002
1.01002
1.01002
1.01002
1.01002
1.01002
1.01002
1.01002
1.01002
1.01002
1.01002
1.01002
1.01002
1.01002
1.01002
1.01002
1.01002
1.01002
1.01002
1.01002
1.01002
1.01002
1.01002
1.01002
1.01002
1.01002
1.01002
1.01002
1.01002
1.01002
1.01002
1.01002
1.01002
1.01002
1.01002
1.01002
1.01002
1.01002
1.01002
1.01002
1.01002
1.01002
1.01002
1.01002
1.01002
1.01002
1.01002
1.01002
1.01002
1.01002
1.01002
1.01002
1.01002
1.01002
1.01002
1.01002
1.01002
1.01002
1.01002
1.01002
1.01002
1.01002
1.01002
1.01002
1.01002
1.01002
1.01002
1.01002
1.01002
1.01002
1.01002
1.01002
1.01002
1.01002
1.01002
1.01002
1.01002
1.01002
1.01002
1.01002
1.01002
1.01002
1.01002
1.01002
1.01002
1.01002
1.01002
1.01002
1.01002
1.01002
1.01002
1.01002
1.01002
1.01002
1.01002
1.01002
1.01002
1.01002
1.01002
1.01002
1.01002
1.01002
1.01002
1.01002
1.01002
1.01002
1.01002
1.01002
1.01002
1.01002
1.01002
1.01002
1.01002
1.01002
1.01002
1.01002
1.01002
1.01002
1.01002
1.01002
1.01002
1.01002
1.01002
1.01002
1.01002
1.01002
1.01002
1.01002
1.01002
1.01002
1.01002
1.01002
1.01002
1.01002
