0
0
0
0
3.8147e-05
0.000328064
0.00115967
0.00287628
0.00576019
0.0100708
0.016037
0.0238876
0.0338364
0.0460815
0.0607071
0.0777664
0.0972672
0.119164
0.143456
0.169998
0.198593
0.228981
0.260925
0.294182
0.328545
0.363754
0.399612
0.435921
0.472496
0.527489
0.563965
0.600113
0.635803
0.670898
0.705246
0.738693
0.771156
0.802559
0.83284
0.861946
0.889809
0.916397
0.941658
0.965576
0.988129
1.00931
1.0291
1.04752
1.06458
1.08028
1.09464
1.1077
1.12492
1.13487
1.14362
1.15123
1.15771
1.16309
1.16742
1.17078
1.17319
1.17474
1.17547
1.17544
1.17469
1.17327
1.17125
1.16866
1.16557
1.16201
1.15804
1.15368
1.14899
1.14401
1.13879
1.13336
1.12775
1.12202
1.11618
1.11027
1.1043
1.09832
1.09234
1.08641
1.08053
1.07472
1.06902
1.06342
1.05797
1.05265
1.04749
1.0425
1.0377
1.03308
1.02866
1.02446
1.02046
1.01668
1.01311
1.00976
1.00662
1.00372
1.00102
0.998543
0.996277
0.994225
0.992371
0.990723
0.988617
0.987442
0.986916
0.986008
0.984955
0.984459
0.984116
0.98391
0.983856
0.983879
0.984047
0.984329
0.984718
0.985184
0.985748
0.986382
0.987083
0.987846
0.988663
0.989517
0.990433
0.991364
0.99234
0.993317
0.994301
0.995338
0.996895
0.997932
0.998955
0.999931
1.00091
1.00188
1.00281
1.00372
1.00461
1.00546
1.0063
1.0071
1.00787
1.0086
1.00929
1.00996
1.01058
1.01118
1.01173
1.01224
1.01273
1.01315
1.01356
1.01392
1.01424
1.01455
1.01479
1.01511
1.01521
1.01543
1.01555
1.01562
1.01568
1.0157
1.0157
1.0157
1.01564
1.01558
1.01552
1.0154
1.01528
1.01516
1.01504
1.01488
1.01469
1.01451
1.01433
1.01414
1.01396
1.01378
1.0135
1.01341
1.01314
1.01305
1.01277
1.01268
1.0125
1.01231
1.01213
1.01186
1.01176
1.01158
1.01131
1.01112
1.01094
1.01085
1.01065
1.01053
1.01041
1.01028
1.01016
1.0101
1.00992
1.0098
1.00973
1.00967
1.00961
1.00954
1.00948
1.00942
1.00936
1.0093
1.00924
1.0092
1.0092
1.0092
1.0092
1.0092
1.0092
1.0092
1.0092
1.0092
1.0092
1.0092
1.0092
1.0092
1.0092
1.0092
1.0092
1.0092
1.0092
1.0092
1.00927
1.00933
1.00939
1.00945
1.00951
1.00957
1.00964
1.0097
1.00976
1.00982
1.00988
1.00994
1.00999
1.00999
1.00999
1.00999
1.00999
1.00999
1.00999
1.00999
1.00999
1.00999
1.00999
1.00999
1.00999
1.00999
1.00999
1.00999
1.00999
1.00999
1.00999
1.00999
1.00999
1.00999
1.00999
1.00999
1.00999
1.00999
1.00999
1.00999
1.00999
1.00999
1.00999
1.00999
1.00999
1.00999
1.00999
1.00999
1.00999
1.00999
1.00999
1.00999
1.00999
1.00999
1.00999
1.00999
1.00999
1.00999
1.00999
1.00999
1.00999
1.00999
1.00999
1.00999
1.00999
1.00999
1.00999
1.00999
1.00999
1.00999
1.00999
1.00999
1.00999
1.00999
1.00999
1.00999
1.00999
1.00999
1.00999
1.00999
1.00999
1.00999
1.00999
1.00999
1.00999
1.00999
1.00999
1.00999
1.00999
1.00999
1.00999
1.00999
1.00999
1.00999
1.00999
1.00999
1.00999
1.00999
1.00999
1.00999
1.00999
1.00999
1.00999
1.00999
1.00999
1.00999
1.00999
1.00999
1.00999
1.00999
1.00999
1.00999
1.00999
1.00999
1.00999
1.00999
1.00999
1.00999
1.00999
1.00999
1.00999
1.00999
1.00999
1.00999
1.00999
1.00999
1.00999
1.00999
1.00999
1.00999
1.00999
1.00999
1.00999
1.00999
1.00999
1.00999
1.00999
1.00999
1.00999
1.00999
1.00999
1.00999
1.00999
1.00999
1.00999
1.00999
1.00999
1.00999
1.00999
1.00999
1.00999
1.00999
1.00999
1.00999
1.00999
1.00999
1.00999
1.00999
1.00999
1.00999
1.00999
1.00999
1.00999
1.00999
1.00999
1.00999
1.00999
1.00999
1.00999
1.00999
1.00999
1.00999
1.00999
1.00999
1.00999
1.00999
1.00999
1.00999
1.00999
1.00999
1.00999
1.00999
1.00999
1.00999
1.00999
1.00999
1.00999
1.00999
1.00999
1.00999
1.00999
1.00999
1.00999
1.00999
1.00999
1.00999
1.00999
1.00999
1.00999
1.00999
1.00999
1.00999
1.00999
1.00999
1.00999
1.00999
1.00999
1.00999
1.00999
1.00999
1.00999
1.00999
1.00999
1.00999
1.00999
1.00999
1.00999
1.00999
1.00999
1.00999
1.00999
1.00999
1.00999
1.00999
1.00999
1.00999
1.00999
1.00999
1.00999
1.00999
1.00999
1.00999
1.00999
1.00999
1.00999
1.00999
1.00999
1.00999
1.00999
1.00999
1.00999
1.00999
1.00999
1.00999
1.00999
1.00999
1.00999
1.00999
1.00999
1.00999
1.00999
1.00999
1.00999
1.00999
1.00999
1.00999
1.00999
1.00999
1.00999
1.00999
1.00999
1.00999
1.00999
1.00999
1.00999
1.00999
1.00999
1.00999
1.00999
1.00999
1.00999
1.00999
1.00999
1.00999
1.00999
1.00999
1.00999
1.00999
1.00999
1.00999
1.00999
1.00999
1.00999
1.00999
1.00999
1.00999
1.00999
1.00999
1.00999
1.00999
1.00999
1.00999
1.00999
1.00999
1.00999
1.00999
1.00999
1.00999
1.00999
1.00999
1.00999
1.00999
1.00999
1.00999
1.00999
1.00999
1.00999
1.00999
1.00999
1.00999
1.00999
1.00999
1.00999
1.00999
1.00999
1.00999
1.00999
1.00999
1.00999
1.00999
1.00999
1.00999
1.00999
1.00999
1.00999
1.00999
1.00999
1.00999
1.00999
1.00999
1.00999
1.00999
1.00999
1.00999
1.00999
1.00999
1.00999
1.00999
1.00999
1.00999
1.00999
1.00999
1.00999
1.00999
1.00999
1.00999
1.00999
1.00999
1.00999
1.00999
1.00999
1.00999
1.00999
1.00999
1.00999
1.00999
1.00999
1.00999
1.00999
1.00999
1.00999
1.00999
1.00999
1.00999
1.00999
1.00999
1.00999
1.00999
1.00999
1.00999
1.00999
1.00999
1.00999
1.00999
1.00999
1.00999
1.00999
1.00999
1.00999
1.00999
1.00999
1.00999
1.00999
1.00999
1.00999
1.00999
1.00999
1.00999
1.00999
1.00999
1.00999
1.00999
1.00999
1.00999
1.00999
1.00999
1.00999
1.00999
1.00999
1.00999
1.00999
1.00999
1.00999
1.00999
1.00999
1.00999
1.00999
1.00999
1.00999
1.00999
1.00999
1.00999
1.00999
1.00999
1.00999
1.00999
1.00999
1.00999
1.00999
1.00999
1.00999
1.00999
1.00999
1.00999
1.00999
1.00999
1.00999
1.00999
1.00999
1.00999
1.00999
1.00999
1.00999
1.00999
1.00999
1.00999
1.00999
1.00999
1.00999
1.00999
1.00999
1.00999
1.00999
1.00999
1.00999
1.00999
1.00999
1.00999
1.00999
1.00999
1.00999
1.00999
1.00999
1.00999
1.00999
1.00999
1.00999
1.00999
1.00999
1.00999
1.00999
1.00999
1.00999
1.00999
1.00999
1.00999
1.00999
1.00999
1.00999
1.00999
1.00999
1.00999
1.00999
1.00999
1.00999
1.00999
1.00999
1.00999
1.00999
1.00999
1.00999
1.00999
1.00999
1.00999
1.00999
1.00999
1.00999
1.00999
1.00999
1.00999
1.00999
1.00999
1.00999
1.00999
1.00999
1.00999
1.00999
1.00999
1.00999
1.00999
1.00999
1.00999
1.00999
1.00999
1.00999
1.00999
1.00999
1.00999
1.00999
1.00999
1.00999
1.00999
1.00999
1.00999
1.00999
1.00999
1.00999
1.00999
1.00999
1.00999
1.00999
1.00999
1.00999
1.00999
1.00999
1.00999
1.00999
1.00999
1.00999
1.00999
1.00999
1.00999
1.00999
1.00999
1.00999
1.00999
1.00999
1.00999
1.00999
1.00999
1.00999
1.00999
1.00999
1.00999
1.00999
1.00999
1.00999
1.00999
1.00999
1.00999
1.00999
1.00999
1.00999
1.00999
1.00999
1.00999
1.00999
1.00999
1.00999
1.00999
1.00999
1.00999
1.00999
1.00999
1.00999
1.00999
1.00999
1.00999
1.00999
1.00999
1.00999
1.00999
1.00999
1.00999
1.00999
1.00999
1.00999
1.00999
1.00999
1.00999
1.00999
1.00999
1.00999
1.00999
1.00999
1.00999
1.00999
1.00999
1.00999
1.00999
1.00999
1.00999
1.00999
1.00999
1.00999
1.00999
1.00999
1.00999
1.00999
1.00999
1.00999
1.00999
1.00999
1.00999
1.00999
1.00999
1.00999
1.00999
1.00999
1.00999
1.00999
1.00999
1.00999
1.00999
1.00999
1.00999
1.00999
1.00999
1.00999
1.00999
1.00999
1.00999
1.00999
1.00999
1.00999
1.00999
1.00999
1.00999
1.00999
1.00999
1.00999
1.00999
1.00999
1.00999
1.00999
1.00999
1.00999
1.00999
1.00999
1.00999
1.00999
1.00999
1.00999
1.00999
1.00999
1.00999
1.00999
1.00999
1.00999
1.00999
1.00999
1.00999
1.00999
1.00999
1.00999
1.00999
1.00999
1.00999
1.00999
1.00999
1.00999
1.00999
1.00999
1.00999
1.00999
1.00999
1.00999
1.00999
1.00999
1.00999
1.00999
1.00999
1.00999
1.00999
1.00999
1.00999
1.00999
1.00999
1.00999
1.00999
1.00999
1.00999
1.00999
1.00999
1.00999
1.00999
1.00999
1.00999
1.00999
1.00999
1.00999
1.00999
1.00999
1.00999
1.00999
1.00999
1.00999
1.00999
1.00999
1.00999
1.00999
1.00999
1.00999
1.00999
1.00999
1.00999
1.00999
1.00999
1.00999
1.00999
1.00999
1.00999
1.00999
1.00999
1.00999
1.00999
1.00999
1.00999
1.00999
1.00999
1.00999
1.00999
1.00999
1.00999
1.00999
1.00999
1.00999
1.00999
1.00999
1.00999
1.00999
1.00999
1.00999
1.00999
1.00999
1.00999
1.00999
1.00999
1.00999
1.00999
1.00999
1.00999
1.00999
1.00999
1.00999
1.00999
1.00999
1.00999
1.00999
1.00999
1.00999
1.00999
1.00999
1.00999
1.00999
1.00999
1.00999
1.00999
1.00999
1.00999
1.00999
1.00999
1.00999
1.00999
