0
0
0
0
0
0.0001297
0.000328064
0.00189209
0.00415802
0.00772858
0.0128326
0.0197067
0.0285873
0.0396576
0.053093
0.0689316
0.0872116
0.107918
0.13102
0.156433
0.183968
0.213379
0.260468
0.27684
0.310402
0.344902
0.397903
0.415779
0.451752
0.48793
0.542114
0.577873
0.613281
0.648209
0.682495
0.71608
0.748833
0.780632
0.81144
0.841171
0.869774
0.897179
0.923355
0.96022
0.971848
0.99411
1.01503
1.03459
1.05279
1.07746
1.09229
1.09923
1.11812
1.12914
1.1389
1.14742
1.15482
1.16113
1.16634
1.17054
1.17376
1.17604
1.17744
1.17783
1.17785
1.17694
1.17538
1.17319
1.17044
1.16718
1.16346
1.15933
1.15484
1.15002
1.14493
1.13687
1.13409
1.12553
1.12263
1.11674
1.10786
1.10487
1.09595
1.09299
1.08418
1.07841
1.07273
1.06718
1.06174
1.05647
1.05138
1.04645
1.04171
1.03716
1.03281
1.02866
1.02473
1.021
1.01749
1.01418
1.01108
1.00817
1.00547
1.00298
1.00069
0.998589
0.996674
0.994949
0.993408
0.992043
0.990852
0.989822
0.98896
0.988243
0.987679
0.987251
0.986961
0.986794
0.986748
0.986877
0.986969
0.987404
0.987801
0.988274
0.988815
0.989426
0.990097
0.990814
0.99157
0.992363
0.993195
0.994049
0.994904
0.995811
0.996727
0.997643
0.998558
0.999474
1.00039
1.00128
1.00214
1.00299
1.00385
1.00464
1.00543
1.0062
1.00693
1.00764
1.00831
1.00925
1.00986
1.01041
1.01093
1.01142
1.01187
1.0123
1.01267
1.01286
1.01334
1.01363
1.01387
1.0141
1.01428
1.01446
1.01458
1.0147
1.01478
1.01484
1.01488
1.01488
1.01488
1.01488
1.01482
1.01476
1.01466
1.01456
1.01443
1.01437
1.01419
1.01407
1.01395
1.01379
1.01361
1.01343
1.01334
1.01306
1.01288
1.0127
1.01251
1.01233
1.01215
1.01196
1.01178
1.0116
1.01141
1.01123
1.01111
1.01099
1.0108
1.01074
1.01062
1.0105
1.01038
1.01019
1.01013
1.01001
1.0099
1.00983
1.00977
1.00974
1.00965
1.00959
1.00953
1.00947
1.00941
1.00935
1.00934
1.00934
1.00934
1.00934
1.00934
1.00934
1.00934
1.00934
1.00934
1.00934
1.00934
1.00934
1.00934
1.00934
1.00934
1.00934
1.00934
1.00934
1.00934
1.00934
1.00934
1.00934
1.00934
1.00935
1.00941
1.00947
1.00953
1.00959
1.00965
1.00971
1.00977
1.00983
1.0099
1.00991
1.00991
1.00991
1.00991
1.00991
1.00991
1.00991
1.00991
1.00991
1.00991
1.00991
1.00991
1.00991
1.00991
1.00991
1.00991
1.00991
1.00991
1.00991
1.00991
1.00991
1.00991
1.00991
1.00991
1.00991
1.00991
1.00991
1.00991
1.00991
1.00991
1.00991
1.00991
1.00991
1.00991
1.00991
1.00991
1.00991
1.00991
1.00991
1.00991
1.00991
1.00991
1.00991
1.00991
1.00991
1.00991
1.00991
1.00991
1.00991
1.00991
1.00991
1.00991
1.00991
1.00991
1.00991
1.00991
1.00991
1.00991
1.00991
1.00991
1.00991
1.00991
1.00991
1.00991
1.00991
1.00991
1.00991
1.00991
1.00991
1.00991
1.00991
1.00991
1.00991
1.00991
1.00991
1.00991
1.00991
1.00991
1.00991
1.00991
1.00991
1.00991
1.00991
1.00991
1.00991
1.00991
1.00991
1.00991
1.00991
1.00991
1.00991
1.00991
1.00991
1.00991
1.00991
1.00991
1.00991
1.00991
1.00991
1.00991
1.00991
1.00991
1.00991
1.00991
1.00991
1.00991
1.00991
1.00991
1.00991
1.00991
1.00991
1.00991
1.00991
1.00991
1.00991
1.00991
1.00991
1.00991
1.00991
1.00991
1.00991
1.00991
1.00991
1.00991
1.00991
1.00991
1.00991
1.00991
1.00991
1.00991
1.00991
1.00991
1.00991
1.00991
1.00991
1.00991
1.00991
1.00991
1.00991
1.00991
1.00991
1.00991
1.00991
1.00991
1.00991
1.00991
1.00991
1.00991
1.00991
1.00991
1.00991
1.00991
1.00991
1.00991
1.00991
1.00991
1.00991
1.00991
1.00991
1.00991
1.00991
1.00991
1.00991
1.00991
1.00991
1.00991
1.00991
1.00991
1.00991
1.00991
1.00991
1.00991
1.00991
1.00991
1.00991
1.00991
1.00991
1.00991
1.00991
1.00991
1.00991
1.00991
1.00991
1.00991
1.00991
1.00991
1.00991
1.00991
1.00991
1.00991
1.00991
1.00991
1.00991
1.00991
1.00991
1.00991
1.00991
1.00991
1.00991
1.00991
1.00991
1.00991
1.00991
1.00991
1.00991
1.00991
1.00991
1.00991
1.00991
1.00991
1.00991
1.00991
1.00991
1.00991
1.00991
1.00991
1.00991
1.00991
1.00991
1.00991
1.00991
1.00991
1.00991
1.00991
1.00991
1.00991
1.00991
1.00991
1.00991
1.00991
1.00991
1.00991
1.00991
1.00991
1.00991
1.00991
1.00991
1.00991
1.00991
1.00991
1.00991
1.00991
1.00991
1.00991
1.00991
1.00991
1.00991
1.00991
1.00991
1.00991
1.00991
1.00991
1.00991
1.00991
1.00991
1.00991
1.00991
1.00991
1.00991
1.00991
1.00991
1.00991
1.00991
1.00991
1.00991
1.00991
1.00991
1.00991
1.00991
1.00991
1.00991
1.00991
1.00991
1.00991
1.00991
1.00991
1.00991
1.00991
1.00991
1.00991
1.00991
1.00991
1.00991
1.00991
1.00991
1.00991
1.00991
1.00991
1.00991
1.00991
1.00991
1.00991
1.00991
1.00991
1.00991
1.00991
1.00991
1.00991
1.00991
1.00991
1.00991
1.00991
1.00991
1.00991
1.00991
1.00991
1.00991
1.00991
1.00991
1.00991
1.00991
1.00991
1.00991
1.00991
1.00991
1.00991
1.00991
1.00991
1.00991
1.00991
1.00991
1.00991
1.00991
1.00991
1.00991
1.00991
1.00991
1.00991
1.00991
1.00991
1.00991
1.00991
1.00991
1.00991
1.00991
1.00991
1.00991
1.00991
1.00991
1.00991
1.00991
1.00991
1.00991
1.00991
1.00991
1.00991
1.00991
1.00991
1.00991
1.00991
1.00991
1.00991
1.00991
1.00991
1.00991
1.00991
1.00991
1.00991
1.00991
1.00991
1.00991
1.00991
1.00991
1.00991
1.00991
1.00991
1.00991
1.00991
1.00991
1.00991
1.00991
1.00991
1.00991
1.00991
1.00991
1.00991
1.00991
1.00991
1.00991
1.00991
1.00991
1.00991
1.00991
1.00991
1.00991
1.00991
1.00991
1.00991
1.00991
1.00991
1.00991
1.00991
1.00991
1.00991
1.00991
1.00991
1.00991
1.00991
1.00991
1.00991
1.00991
1.00991
1.00991
1.00991
1.00991
1.00991
1.00991
1.00991
1.00991
1.00991
1.00991
1.00991
1.00991
1.00991
1.00991
1.00991
1.00991
1.00991
1.00991
1.00991
1.00991
1.00991
1.00991
1.00991
1.00991
1.00991
1.00991
1.00991
1.00991
1.00991
1.00991
1.00991
1.00991
1.00991
1.00991
1.00991
1.00991
1.00991
1.00991
1.00991
1.00991
1.00991
1.00991
1.00991
1.00991
1.00991
1.00991
1.00991
1.00991
1.00991
1.00991
1.00991
1.00991
1.00991
1.00991
1.00991
1.00991
1.00991
1.00991
1.00991
1.00991
1.00991
1.00991
1.00991
1.00991
1.00991
1.00991
1.00991
1.00991
1.00991
1.00991
1.00991
1.00991
1.00991
1.00991
1.00991
1.00991
1.00991
1.00991
1.00991
1.00991
1.00991
1.00991
1.00991
1.00991
1.00991
1.00991
1.00991
1.00991
1.00991
1.00991
1.00991
1.00991
1.00991
1.00991
1.00991
1.00991
1.00991
1.00991
1.00991
1.00991
1.00991
1.00991
1.00991
1.00991
1.00991
1.00991
1.00991
1.00991
1.00991
1.00991
1.00991
1.00991
1.00991
1.00991
1.00991
1.00991
1.00991
1.00991
1.00991
1.00991
1.00991
1.00991
1.00991
1.00991
1.00991
1.00991
1.00991
1.00991
1.00991
1.00991
1.00991
1.00991
1.00991
1.00991
1.00991
1.00991
1.00991
1.00991
1.00991
1.00991
1.00991
1.00991
1.00991
1.00991
1.00991
1.00991
1.00991
1.00991
1.00991
1.00991
1.00991
1.00991
1.00991
1.00991
1.00991
1.00991
1.00991
1.00991
1.00991
1.00991
1.00991
1.00991
1.00991
1.00991
1.00991
1.00991
1.00991
1.00991
1.00991
1.00991
1.00991
1.00991
1.00991
1.00991
1.00991
1.00991
1.00991
1.00991
1.00991
1.00991
1.00991
1.00991
1.00991
1.00991
1.00991
1.00991
1.00991
1.00991
1.00991
1.00991
1.00991
1.00991
1.00991
1.00991
1.00991
1.00991
1.00991
1.00991
1.00991
1.00991
1.00991
1.00991
1.00991
1.00991
1.00991
1.00991
1.00991
1.00991
1.00991
1.00991
1.00991
1.00991
1.00991
1.00991
1.00991
1.00991
1.00991
1.00991
1.00991
1.00991
1.00991
1.00991
1.00991
1.00991
1.00991
1.00991
1.00991
1.00991
1.00991
1.00991
1.00991
1.00991
1.00991
1.00991
1.00991
1.00991
1.00991
1.00991
1.00991
1.00991
1.00991
1.00991
1.00991
1.00991
1.00991
1.00991
1.00991
1.00991
1.00991
1.00991
1.00991
1.00991
1.00991
1.00991
1.00991
1.00991
1.00991
1.00991
1.00991
1.00991
1.00991
1.00991
1.00991
1.00991
1.00991
1.00991
1.00991
1.00991
1.00991
1.00991
1.00991
1.00991
1.00991
1.00991
1.00991
1.00991
1.00991
1.00991
1.00991
1.00991
1.00991
1.00991
1.00991
1.00991
1.00991
1.00991
1.00991
1.00991
1.00991
1.00991
1.00991
1.00991
1.00991
1.00991
1.00991
1.00991
1.00991
1.00991
1.00991
1.00991
1.00991
1.00991
1.00991
1.00991
1.00991
1.00991
1.00991
1.00991
1.00991
1.00991
1.00991
1.00991
1.00991
1.00991
1.00991
1.00991
1.00991
1.00991
1.00991
1.00991
1.00991
1.00991
1.00991
1.00991
1.00991
1.00991
1.00991
1.00991
1.00991
1.00991
1.00991
1.00991
1.00991
1.00991
1.00991
1.00991
1.00991
1.00991
1.00991
1.00991
1.00991
1.00991
1.00991
1.00991
1.00991
1.00991
1.00991
1.00991
1.00991
1.00991
