0
0
0
0
0
3.8147e-05
0.000328064
0.00115967
0.00287628
0.00576019
0.0100708
0.016037
0.0238876
0.0338364
0.0460815
0.0607071
0.0777664
0.0872116
0.119164
0.143456
0.169991
0.19854
0.228874
0.260818
0.294128
0.328484
0.363663
0.399452
0.435631
0.472031
0.508469
0.544777
0.598671
0.634003
0.668694
0.702652
0.735764
0.767906
0.798943
0.828827
0.857513
0.884949
0.911095
0.935913
0.970612
0.992043
1.0121
1.03079
1.04812
1.06402
1.07851
1.09172
1.10371
1.11452
1.12416
1.13268
1.14011
1.14648
1.15185
1.15624
1.15971
1.16228
1.16402
1.16498
1.1652
1.16473
1.16362
1.16191
1.15833
1.15689
1.15193
1.14813
1.14399
1.13956
1.13487
1.12998
1.12492
1.11972
1.11442
1.10902
1.10359
1.09811
1.09261
1.08718
1.08177
1.07643
1.07116
1.06599
1.05846
1.0536
1.0489
1.04435
1.03997
1.03579
1.0318
1.02799
1.02261
1.02091
1.01765
1.01458
1.01032
1.00774
1.00533
1.00311
1.00206
1.00011
0.998352
0.996773
0.994713
0.993546
0.992531
0.991669
0.990944
0.990356
0.989914
0.989594
0.989395
0.989304
0.989326
0.989433
0.989639
0.989922
0.99028
0.990715
0.991203
0.991753
0.992355
0.993004
0.993675
0.9944
0.995132
0.995895
0.996689
0.997482
0.998276
0.999069
0.999863
1.00066
1.00145
1.00264
1.00341
1.00414
1.00488
1.00558
1.00626
1.00693
1.00754
1.00815
1.00871
1.00925
1.00976
1.01025
1.01069
1.01112
1.01151
1.01187
1.0122
1.0125
1.01266
1.01303
1.01336
1.01354
1.01371
1.01383
1.01395
1.01404
1.0141
1.01416
1.01418
1.01418
1.01418
1.01418
1.01411
1.01405
1.01399
1.01393
1.01385
1.01373
1.01361
1.01343
1.01337
1.01318
1.01306
1.013
1.01288
1.0127
1.01257
1.01245
1.01233
1.01221
1.01208
1.01196
1.01184
1.01172
1.0116
1.01147
1.01135
1.01123
1.01111
1.01099
1.01086
1.01074
1.01062
1.0105
1.01038
1.01025
1.01019
1.01012
1.01006
1.01
1.00994
1.00988
1.00982
1.00976
1.0097
1.00964
1.00954
1.00951
1.00947
1.00947
1.00947
1.00947
1.00947
1.00947
1.00947
1.00947
1.00947
1.00947
1.00947
1.00947
1.00947
1.00947
1.00947
1.00947
1.00947
1.00947
1.00947
1.00947
1.00947
1.00947
1.00947
1.00947
1.00947
1.00947
1.00947
1.00947
1.00947
1.00947
1.00947
1.00947
1.00947
1.00947
1.00947
1.00947
1.00947
1.00947
1.00947
1.00956
1.00959
1.00968
1.00974
1.00977
1.00983
1.00983
1.00983
1.00983
1.00983
1.00983
1.00983
1.00983
1.00983
1.00983
1.00983
1.00983
1.00983
1.00983
1.00983
1.00983
1.00983
1.00983
1.00983
1.00983
1.00983
1.00983
1.00983
1.00983
1.00983
1.00983
1.00983
1.00983
1.00983
1.00983
1.00983
1.00983
1.00983
1.00983
1.00983
1.00983
1.00983
1.00983
1.00983
1.00983
1.00983
1.00983
1.00983
1.00983
1.00983
1.00983
1.00983
1.00983
1.00983
1.00983
1.00983
1.00983
1.00983
1.00983
1.00983
1.00983
1.00983
1.00983
1.00983
1.00983
1.00983
1.00983
1.00983
1.00983
1.00983
1.00983
1.00983
1.00983
1.00983
1.00983
1.00983
1.00983
1.00983
1.00983
1.00983
1.00983
1.00983
1.00983
1.00983
1.00983
1.00983
1.00983
1.00983
1.00983
1.00983
1.00983
1.00983
1.00983
1.00983
1.00983
1.00983
1.00983
1.00983
1.00983
1.00983
1.00983
1.00983
1.00983
1.00983
1.00983
1.00983
1.00983
1.00983
1.00983
1.00983
1.00983
1.00983
1.00983
1.00983
1.00983
1.00983
1.00983
1.00983
1.00983
1.00983
1.00983
1.00983
1.00983
1.00983
1.00983
1.00983
1.00983
1.00983
1.00983
1.00983
1.00983
1.00983
1.00983
1.00983
1.00983
1.00983
1.00983
1.00983
1.00983
1.00983
1.00983
1.00983
1.00983
1.00983
1.00983
1.00983
1.00983
1.00983
1.00983
1.00983
1.00983
1.00983
1.00983
1.00983
1.00983
1.00983
1.00983
1.00983
1.00983
1.00983
1.00983
1.00983
1.00983
1.00983
1.00983
1.00983
1.00983
1.00983
1.00983
1.00983
1.00983
1.00983
1.00983
1.00983
1.00983
1.00983
1.00983
1.00983
1.00983
1.00983
1.00983
1.00983
1.00983
1.00983
1.00983
1.00983
1.00983
1.00983
1.00983
1.00983
1.00983
1.00983
1.00983
1.00983
1.00983
1.00983
1.00983
1.00983
1.00983
1.00983
1.00983
1.00983
1.00983
1.00983
1.00983
1.00983
1.00983
1.00983
1.00983
1.00983
1.00983
1.00983
1.00983
1.00983
1.00983
1.00983
1.00983
1.00983
1.00983
1.00983
1.00983
1.00983
1.00983
1.00983
1.00983
1.00983
1.00983
1.00983
1.00983
1.00983
1.00983
1.00983
1.00983
1.00983
1.00983
1.00983
1.00983
1.00983
1.00983
1.00983
1.00983
1.00983
1.00983
1.00983
1.00983
1.00983
1.00983
1.00983
1.00983
1.00983
1.00983
1.00983
1.00983
1.00983
1.00983
1.00983
1.00983
1.00983
1.00983
1.00983
1.00983
1.00983
1.00983
1.00983
1.00983
1.00983
1.00983
1.00983
1.00983
1.00983
1.00983
1.00983
1.00983
1.00983
1.00983
1.00983
1.00983
1.00983
1.00983
1.00983
1.00983
1.00983
1.00983
1.00983
1.00983
1.00983
1.00983
1.00983
1.00983
1.00983
1.00983
1.00983
1.00983
1.00983
1.00983
1.00983
1.00983
1.00983
1.00983
1.00983
1.00983
1.00983
1.00983
1.00983
1.00983
1.00983
1.00983
1.00983
1.00983
1.00983
1.00983
1.00983
1.00983
1.00983
1.00983
1.00983
1.00983
1.00983
1.00983
1.00983
1.00983
1.00983
1.00983
1.00983
1.00983
1.00983
1.00983
1.00983
1.00983
1.00983
1.00983
1.00983
1.00983
1.00983
1.00983
1.00983
1.00983
1.00983
1.00983
1.00983
1.00983
1.00983
1.00983
1.00983
1.00983
1.00983
1.00983
1.00983
1.00983
1.00983
1.00983
1.00983
1.00983
1.00983
1.00983
1.00983
1.00983
1.00983
1.00983
1.00983
1.00983
1.00983
1.00983
1.00983
1.00983
1.00983
1.00983
1.00983
1.00983
1.00983
1.00983
1.00983
1.00983
1.00983
1.00983
1.00983
1.00983
1.00983
1.00983
1.00983
1.00983
1.00983
1.00983
1.00983
1.00983
1.00983
1.00983
1.00983
1.00983
1.00983
1.00983
1.00983
1.00983
1.00983
1.00983
1.00983
1.00983
1.00983
1.00983
1.00983
1.00983
1.00983
1.00983
1.00983
1.00983
1.00983
1.00983
1.00983
1.00983
1.00983
1.00983
1.00983
1.00983
1.00983
1.00983
1.00983
1.00983
1.00983
1.00983
1.00983
1.00983
1.00983
1.00983
1.00983
1.00983
1.00983
1.00983
1.00983
1.00983
1.00983
1.00983
1.00983
1.00983
1.00983
1.00983
1.00983
1.00983
1.00983
1.00983
1.00983
1.00983
1.00983
1.00983
1.00983
1.00983
1.00983
1.00983
1.00983
1.00983
1.00983
1.00983
1.00983
1.00983
1.00983
1.00983
1.00983
1.00983
1.00983
1.00983
1.00983
1.00983
1.00983
1.00983
1.00983
1.00983
1.00983
1.00983
1.00983
1.00983
1.00983
1.00983
1.00983
1.00983
1.00983
1.00983
1.00983
1.00983
1.00983
1.00983
1.00983
1.00983
1.00983
1.00983
1.00983
1.00983
1.00983
1.00983
1.00983
1.00983
1.00983
1.00983
1.00983
1.00983
1.00983
1.00983
1.00983
1.00983
1.00983
1.00983
1.00983
1.00983
1.00983
1.00983
1.00983
1.00983
1.00983
1.00983
1.00983
1.00983
1.00983
1.00983
1.00983
1.00983
1.00983
1.00983
1.00983
1.00983
1.00983
1.00983
1.00983
1.00983
1.00983
1.00983
1.00983
1.00983
1.00983
1.00983
1.00983
1.00983
1.00983
1.00983
1.00983
1.00983
1.00983
1.00983
1.00983
1.00983
1.00983
1.00983
1.00983
1.00983
1.00983
1.00983
1.00983
1.00983
1.00983
1.00983
1.00983
1.00983
1.00983
1.00983
1.00983
1.00983
1.00983
1.00983
1.00983
1.00983
1.00983
1.00983
1.00983
1.00983
1.00983
1.00983
1.00983
1.00983
1.00983
1.00983
1.00983
1.00983
1.00983
1.00983
1.00983
1.00983
1.00983
1.00983
1.00983
1.00983
1.00983
1.00983
1.00983
1.00983
1.00983
1.00983
1.00983
1.00983
1.00983
1.00983
1.00983
1.00983
1.00983
1.00983
1.00983
1.00983
1.00983
1.00983
1.00983
1.00983
1.00983
1.00983
1.00983
1.00983
1.00983
1.00983
1.00983
1.00983
1.00983
1.00983
1.00983
1.00983
1.00983
1.00983
1.00983
1.00983
1.00983
1.00983
1.00983
1.00983
1.00983
1.00983
1.00983
1.00983
1.00983
1.00983
1.00983
1.00983
1.00983
1.00983
1.00983
1.00983
1.00983
1.00983
1.00983
1.00983
1.00983
1.00983
1.00983
1.00983
1.00983
1.00983
1.00983
1.00983
1.00983
1.00983
1.00983
1.00983
1.00983
1.00983
1.00983
1.00983
1.00983
1.00983
1.00983
1.00983
1.00983
1.00983
1.00983
1.00983
1.00983
1.00983
1.00983
1.00983
1.00983
1.00983
1.00983
1.00983
1.00983
1.00983
1.00983
1.00983
1.00983
1.00983
1.00983
1.00983
1.00983
1.00983
1.00983
1.00983
1.00983
1.00983
1.00983
1.00983
1.00983
1.00983
1.00983
1.00983
1.00983
1.00983
1.00983
1.00983
1.00983
1.00983
1.00983
1.00983
1.00983
1.00983
1.00983
1.00983
1.00983
1.00983
1.00983
1.00983
1.00983
1.00983
1.00983
1.00983
1.00983
1.00983
1.00983
1.00983
1.00983
1.00983
1.00983
1.00983
1.00983
1.00983
1.00983
1.00983
1.00983
1.00983
1.00983
1.00983
1.00983
1.00983
1.00983
1.00983
1.00983
1.00983
1.00983
1.00983
1.00983
1.00983
1.00983
1.00983
1.00983
1.00983
1.00983
1.00983
1.00983
1.00983
1.00983
1.00983
1.00983
1.00983
