0
0
0
0
3.8147e-05
0.000328064
0.00115967
0.00287628
0.00576019
0.0100708
0.016037
0.0238876
0.0338364
0.0460815
0.0607071
0.0777664
0.0972672
0.119164
0.143448
0.169983
0.198532
0.228844
0.260666
0.29377
0.327934
0.362923
0.398529
0.434525
0.470741
0.506996
0.543121
0.578979
0.61441
0.649269
0.683449
0.716835
0.749336
0.780869
0.811356
0.854973
0.868919
0.908913
0.921608
0.957733
0.980103
1.00108
1.02077
1.03918
1.05631
1.0721
1.08652
1.09962
1.11144
1.12202
1.13564
1.14326
1.14979
1.15525
1.15969
1.16311
1.16559
1.16772
1.16804
1.16811
1.1675
1.16623
1.16436
1.16195
1.15742
1.15569
1.15192
1.14779
1.14334
1.13618
1.13114
1.12592
1.12055
1.11508
1.10954
1.10398
1.09837
1.09279
1.08723
1.08173
1.0763
1.07096
1.06573
1.06062
1.05564
1.05081
1.04614
1.04163
1.03731
1.03316
1.02921
1.02545
1.02189
1.01852
1.01535
1.01238
1.00961
1.00703
1.00354
1.00247
1.00048
0.998672
0.99704
0.995598
0.993752
0.993217
0.991829
0.99144
0.990494
0.99025
0.9897
0.989487
0.989388
0.98938
0.989471
0.989655
0.989922
0.990463
0.990913
0.991425
0.991989
0.992599
0.993263
0.994308
0.995041
0.995789
0.996582
0.997375
0.998169
0.998566
0.999756
1.00015
1.00134
1.00214
1.00293
1.00371
1.00444
1.00517
1.0059
1.00657
1.00724
1.00817
1.00878
1.00933
1.00988
1.01037
1.01085
1.01128
1.01169
1.01205
1.01256
1.01271
1.013
1.01324
1.01357
1.01376
1.01385
1.01404
1.01416
1.01423
1.01429
1.01435
1.01435
1.01435
1.01435
1.01431
1.01425
1.01419
1.01413
1.01406
1.01394
1.01382
1.01369
1.01357
1.01345
1.01333
1.01321
1.01308
1.01296
1.01284
1.01271
1.01253
1.01234
1.01216
1.01198
1.01186
1.01173
1.01161
1.01149
1.01137
1.01125
1.01112
1.01094
1.01082
1.01076
1.01057
1.01045
1.01033
1.01021
1.01012
1.01006
1.01
1.00994
1.00988
1.00982
1.00976
1.0097
1.00964
1.00957
1.00951
1.00945
1.00945
1.00945
1.00945
1.00945
1.00945
1.00945
1.00945
1.00945
1.00945
1.00945
1.00945
1.00945
1.00945
1.00945
1.00945
1.00945
1.00945
1.00945
1.00945
1.00945
1.00945
1.00945
1.00945
1.00945
1.00945
1.00945
1.00945
1.00945
1.00945
1.00945
1.00945
1.00945
1.00945
1.00945
1.00945
1.00948
1.00954
1.00961
1.00967
1.00973
1.00979
1.00985
1.00986
1.00986
1.00986
1.00986
1.00986
1.00986
1.00986
1.00986
1.00986
1.00986
1.00986
1.00986
1.00986
1.00986
1.00986
1.00986
1.00986
1.00986
1.00986
1.00986
1.00986
1.00986
1.00986
1.00986
1.00986
1.00986
1.00986
1.00986
1.00986
1.00986
1.00986
1.00986
1.00986
1.00986
1.00986
1.00986
1.00986
1.00986
1.00986
1.00986
1.00986
1.00986
1.00986
1.00986
1.00986
1.00986
1.00986
1.00986
1.00986
1.00986
1.00986
1.00986
1.00986
1.00986
1.00986
1.00986
1.00986
1.00986
1.00986
1.00986
1.00986
1.00986
1.00986
1.00986
1.00986
1.00986
1.00986
1.00986
1.00986
1.00986
1.00986
1.00986
1.00986
1.00986
1.00986
1.00986
1.00986
1.00986
1.00986
1.00986
1.00986
1.00986
1.00986
1.00986
1.00986
1.00986
1.00986
1.00986
1.00986
1.00986
1.00986
1.00986
1.00986
1.00986
1.00986
1.00986
1.00986
1.00986
1.00986
1.00986
1.00986
1.00986
1.00986
1.00986
1.00986
1.00986
1.00986
1.00986
1.00986
1.00986
1.00986
1.00986
1.00986
1.00986
1.00986
1.00986
1.00986
1.00986
1.00986
1.00986
1.00986
1.00986
1.00986
1.00986
1.00986
1.00986
1.00986
1.00986
1.00986
1.00986
1.00986
1.00986
1.00986
1.00986
1.00986
1.00986
1.00986
1.00986
1.00986
1.00986
1.00986
1.00986
1.00986
1.00986
1.00986
1.00986
1.00986
1.00986
1.00986
1.00986
1.00986
1.00986
1.00986
1.00986
1.00986
1.00986
1.00986
1.00986
1.00986
1.00986
1.00986
1.00986
1.00986
1.00986
1.00986
1.00986
1.00986
1.00986
1.00986
1.00986
1.00986
1.00986
1.00986
1.00986
1.00986
1.00986
1.00986
1.00986
1.00986
1.00986
1.00986
1.00986
1.00986
1.00986
1.00986
1.00986
1.00986
1.00986
1.00986
1.00986
1.00986
1.00986
1.00986
1.00986
1.00986
1.00986
1.00986
1.00986
1.00986
1.00986
1.00986
1.00986
1.00986
1.00986
1.00986
1.00986
1.00986
1.00986
1.00986
1.00986
1.00986
1.00986
1.00986
1.00986
1.00986
1.00986
1.00986
1.00986
1.00986
1.00986
1.00986
1.00986
1.00986
1.00986
1.00986
1.00986
1.00986
1.00986
1.00986
1.00986
1.00986
1.00986
1.00986
1.00986
1.00986
1.00986
1.00986
1.00986
1.00986
1.00986
1.00986
1.00986
1.00986
1.00986
1.00986
1.00986
1.00986
1.00986
1.00986
1.00986
1.00986
1.00986
1.00986
1.00986
1.00986
1.00986
1.00986
1.00986
1.00986
1.00986
1.00986
1.00986
1.00986
1.00986
1.00986
1.00986
1.00986
1.00986
1.00986
1.00986
1.00986
1.00986
1.00986
1.00986
1.00986
1.00986
1.00986
1.00986
1.00986
1.00986
1.00986
1.00986
1.00986
1.00986
1.00986
1.00986
1.00986
1.00986
1.00986
1.00986
1.00986
1.00986
1.00986
1.00986
1.00986
1.00986
1.00986
1.00986
1.00986
1.00986
1.00986
1.00986
1.00986
1.00986
1.00986
1.00986
1.00986
1.00986
1.00986
1.00986
1.00986
1.00986
1.00986
1.00986
1.00986
1.00986
1.00986
1.00986
1.00986
1.00986
1.00986
1.00986
1.00986
1.00986
1.00986
1.00986
1.00986
1.00986
1.00986
1.00986
1.00986
1.00986
1.00986
1.00986
1.00986
1.00986
1.00986
1.00986
1.00986
1.00986
1.00986
1.00986
1.00986
1.00986
1.00986
1.00986
1.00986
1.00986
1.00986
1.00986
1.00986
1.00986
1.00986
1.00986
1.00986
1.00986
1.00986
1.00986
1.00986
1.00986
1.00986
1.00986
1.00986
1.00986
1.00986
1.00986
1.00986
1.00986
1.00986
1.00986
1.00986
1.00986
1.00986
1.00986
1.00986
1.00986
1.00986
1.00986
1.00986
1.00986
1.00986
1.00986
1.00986
1.00986
1.00986
1.00986
1.00986
1.00986
1.00986
1.00986
1.00986
1.00986
1.00986
1.00986
1.00986
1.00986
1.00986
1.00986
1.00986
1.00986
1.00986
1.00986
1.00986
1.00986
1.00986
1.00986
1.00986
1.00986
1.00986
1.00986
1.00986
1.00986
1.00986
1.00986
1.00986
1.00986
1.00986
1.00986
1.00986
1.00986
1.00986
1.00986
1.00986
1.00986
1.00986
1.00986
1.00986
1.00986
1.00986
1.00986
1.00986
1.00986
1.00986
1.00986
1.00986
1.00986
1.00986
1.00986
1.00986
1.00986
1.00986
1.00986
1.00986
1.00986
1.00986
1.00986
1.00986
1.00986
1.00986
1.00986
1.00986
1.00986
1.00986
1.00986
1.00986
1.00986
1.00986
1.00986
1.00986
1.00986
1.00986
1.00986
1.00986
1.00986
1.00986
1.00986
1.00986
1.00986
1.00986
1.00986
1.00986
1.00986
1.00986
1.00986
1.00986
1.00986
1.00986
1.00986
1.00986
1.00986
1.00986
1.00986
1.00986
1.00986
1.00986
1.00986
1.00986
1.00986
1.00986
1.00986
1.00986
1.00986
1.00986
1.00986
1.00986
1.00986
1.00986
1.00986
1.00986
1.00986
1.00986
1.00986
1.00986
1.00986
1.00986
1.00986
1.00986
1.00986
1.00986
1.00986
1.00986
1.00986
1.00986
1.00986
1.00986
1.00986
1.00986
1.00986
1.00986
1.00986
1.00986
1.00986
1.00986
1.00986
1.00986
1.00986
1.00986
1.00986
1.00986
1.00986
1.00986
1.00986
1.00986
1.00986
1.00986
1.00986
1.00986
1.00986
1.00986
1.00986
1.00986
1.00986
1.00986
1.00986
1.00986
1.00986
1.00986
1.00986
1.00986
1.00986
1.00986
1.00986
1.00986
1.00986
1.00986
1.00986
1.00986
1.00986
1.00986
1.00986
1.00986
1.00986
1.00986
1.00986
1.00986
1.00986
1.00986
1.00986
1.00986
1.00986
1.00986
1.00986
1.00986
1.00986
1.00986
1.00986
1.00986
1.00986
1.00986
1.00986
1.00986
1.00986
1.00986
1.00986
1.00986
1.00986
1.00986
1.00986
1.00986
1.00986
1.00986
1.00986
1.00986
1.00986
1.00986
1.00986
1.00986
1.00986
1.00986
1.00986
1.00986
1.00986
1.00986
1.00986
1.00986
1.00986
1.00986
1.00986
1.00986
1.00986
1.00986
1.00986
1.00986
1.00986
1.00986
1.00986
1.00986
1.00986
1.00986
1.00986
1.00986
1.00986
1.00986
1.00986
1.00986
1.00986
1.00986
1.00986
1.00986
1.00986
1.00986
1.00986
1.00986
1.00986
1.00986
1.00986
1.00986
1.00986
1.00986
1.00986
1.00986
1.00986
1.00986
1.00986
1.00986
1.00986
1.00986
1.00986
1.00986
1.00986
1.00986
1.00986
1.00986
1.00986
1.00986
1.00986
1.00986
1.00986
1.00986
1.00986
1.00986
1.00986
1.00986
1.00986
1.00986
1.00986
1.00986
1.00986
1.00986
1.00986
1.00986
1.00986
1.00986
1.00986
1.00986
1.00986
1.00986
1.00986
1.00986
1.00986
1.00986
1.00986
1.00986
1.00986
1.00986
1.00986
1.00986
1.00986
1.00986
1.00986
1.00986
1.00986
1.00986
1.00986
1.00986
1.00986
1.00986
1.00986
1.00986
1.00986
1.00986
1.00986
1.00986
1.00986
1.00986
1.00986
1.00986
1.00986
1.00986
1.00986
1.00986
1.00986
1.00986
1.00986
1.00986
1.00986
1.00986
1.00986
1.00986
1.00986
1.00986
1.00986
1.00986
1.00986
1.00986
1.00986
1.00986
1.00986
1.00986
1.00986
1.00986
1.00986
1.00986
1.00986
1.00986
1.00986
1.00986
1.00986
1.00986
1.00986
1.00986
1.00986
1.00986
