0
0
0
0
0
3.8147e-05
0.000656128
0.00189209
0.00415802
0.00772858
0.0128326
0.0197067
0.0285873
0.0460815
0.053093
0.0777664
0.0972672
0.119164
0.143425
0.169945
0.198563
0.228973
0.260895
0.294075
0.345718
0.381065
0.416901
0.453026
0.489273
0.525421
0.561249
0.596619
0.631424
0.665543
0.698868
0.731308
0.778114
0.807983
0.836716
0.864265
0.890564
0.915512
0.939095
0.961411
0.982468
1.00225
1.02076
1.03799
1.05396
1.06867
1.08216
1.10014
1.11065
1.12003
1.1283
1.13549
1.14162
1.14671
1.15085
1.15408
1.15645
1.15801
1.15881
1.1589
1.15833
1.15715
1.15436
1.15318
1.14895
1.14732
1.14192
1.13793
1.13366
1.12917
1.12449
1.11966
1.11472
1.10967
1.10455
1.09939
1.0942
1.08901
1.08386
1.07874
1.07368
1.0687
1.0638
1.059
1.05431
1.04975
1.04533
1.04105
1.03693
1.03297
1.02917
1.02557
1.02213
1.01888
1.01582
1.01293
1.00896
1.00654
1.0043
1.00224
1.00037
0.998672
0.997154
0.995804
0.994614
0.993584
0.992706
0.991974
0.991371
0.990898
0.990547
0.990242
0.990173
0.990204
0.990326
0.99054
0.990822
0.99118
0.991608
0.992096
0.99292
0.99353
0.994186
0.994858
0.995575
0.996307
0.997406
0.998169
0.998962
0.999756
1.00055
1.00134
1.00208
1.00281
1.00354
1.00427
1.00497
1.00565
1.00632
1.00696
1.00757
1.00845
1.009
1.00952
1.01001
1.01048
1.01091
1.01132
1.01169
1.01204
1.01234
1.01264
1.01289
1.01313
1.01332
1.0135
1.01366
1.01378
1.0139
1.01397
1.01406
1.01409
1.0141
1.0141
1.0141
1.01405
1.01398
1.01392
1.01386
1.0138
1.01369
1.01357
1.01344
1.01332
1.0132
1.01308
1.01295
1.01283
1.01271
1.01259
1.01247
1.01234
1.01222
1.0121
1.01198
1.01186
1.01173
1.01155
1.01149
1.01137
1.01118
1.01106
1.01094
1.01082
1.0107
1.01057
1.01045
1.01033
1.01024
1.01018
1.01012
1.01006
1.00999
1.00993
1.00987
1.00981
1.00975
1.00969
1.00963
1.00957
1.00951
1.00951
1.00951
1.00951
1.00951
1.00951
1.00951
1.00951
1.00951
1.00951
1.00951
1.00951
1.00951
1.00951
1.00951
1.00951
1.00951
1.00951
1.00951
1.00951
1.00951
1.00951
1.00951
1.00951
1.00951
1.00951
1.00951
1.00951
1.00951
1.00951
1.00951
1.00951
1.00951
1.00951
1.00951
1.00951
1.00951
1.00951
1.00951
1.00951
1.00951
1.00951
1.00951
1.00951
1.00951
1.00951
1.00951
1.00951
1.00951
1.00951
1.00951
1.00951
1.00951
1.00951
1.00951
1.00951
1.00951
1.00951
1.00951
1.00951
1.00951
1.00951
1.00951
1.00951
1.00951
1.00951
1.00951
1.00951
1.00951
1.00951
1.00951
1.00951
1.00951
1.00951
1.00951
1.00951
1.00951
1.00951
1.00951
1.00951
1.00951
1.00951
1.00951
1.00951
1.00951
1.00951
1.00951
1.00951
1.00951
1.00951
1.00951
1.00951
1.00951
1.00951
1.00951
1.00951
1.00951
1.00951
1.00951
1.00951
1.00951
1.00951
1.00951
1.00951
1.00951
1.00951
1.00951
1.00951
1.00951
1.00951
1.00951
1.00951
1.00951
1.00951
1.00951
1.00951
1.00951
1.00951
1.00951
1.00951
1.00951
1.00951
1.00951
1.00951
1.00951
1.00951
1.00951
1.00951
1.00951
1.00951
1.00951
1.00951
1.00951
1.00951
1.00951
1.00951
1.00951
1.00951
1.00951
1.00951
1.00951
1.00951
1.00951
1.00951
1.00951
1.00951
1.00951
1.00951
1.00951
1.00951
1.00951
1.00951
1.00951
1.00951
1.00951
1.00951
1.00951
1.00951
1.00951
1.00951
1.00951
1.00951
1.00951
1.00951
1.00951
1.00951
1.00951
1.00951
1.00951
1.00951
1.00951
1.00951
1.00951
1.00951
1.00951
1.00951
1.00951
1.00951
1.00951
1.00951
1.00951
1.00951
1.00951
1.00951
1.00951
1.00951
1.00951
1.00951
1.00951
1.00951
1.00951
1.00951
1.00951
1.00951
1.00951
1.00951
1.00951
1.00951
1.00951
1.00951
1.00951
1.00951
1.00951
1.00951
1.00951
1.00951
1.00951
1.00951
1.00951
1.00951
1.00951
1.00951
1.00951
1.00951
1.00951
1.00951
1.00951
1.00951
1.00951
1.00951
1.00951
1.00951
1.00951
1.00951
1.00951
1.00951
1.00951
1.00951
1.00951
1.00951
1.00951
1.00951
1.00951
1.00951
1.00951
1.00951
1.00951
1.00951
1.00951
1.00951
1.00951
1.00951
1.00951
1.00951
1.00951
1.00951
1.00951
1.00951
1.00951
1.00951
1.00951
1.00951
1.00951
1.00951
1.00951
1.00951
1.00951
1.00951
1.00951
1.00951
1.00951
1.00951
1.00951
1.00951
1.00951
1.00951
1.00951
1.00951
1.00951
1.00951
1.00951
1.00951
1.00951
1.00951
1.00951
1.00951
1.00951
1.00951
1.00951
1.00951
1.00951
1.00951
1.00951
1.00951
1.00951
1.00951
1.00951
1.00951
1.00951
1.00951
1.00951
1.00951
1.00951
1.00951
1.00951
1.00951
1.00951
1.00951
1.00951
1.00951
1.00951
1.00951
1.00951
1.00951
1.00951
1.00951
1.00951
1.00951
1.00951
1.00951
1.00951
1.00951
1.00951
1.00951
1.00951
1.00951
1.00951
1.00951
1.00951
1.00951
1.00951
1.00951
1.00951
1.00951
1.00951
1.00951
1.00951
1.00951
1.00951
1.00951
1.00951
1.00951
1.00951
1.00951
1.00951
1.00951
1.00951
1.00951
1.00951
1.00951
1.00951
1.00951
1.00951
1.00951
1.00951
1.00951
1.00951
1.00951
1.00951
1.00951
1.00951
1.00951
1.00951
1.00951
1.00951
1.00951
1.00951
1.00951
1.00951
1.00951
1.00951
1.00951
1.00951
1.00951
1.00951
1.00951
1.00951
1.00951
1.00951
1.00951
1.00951
1.00951
1.00951
1.00951
1.00951
1.00951
1.00951
1.00951
1.00951
1.00951
1.00951
1.00951
1.00951
1.00951
1.00951
1.00951
1.00951
1.00951
1.00951
1.00951
1.00951
1.00951
1.00951
1.00951
1.00951
1.00951
1.00951
1.00951
1.00951
1.00951
1.00951
1.00951
1.00951
1.00951
1.00951
1.00951
1.00951
1.00951
1.00951
1.00951
1.00951
1.00951
1.00951
1.00951
1.00951
1.00951
1.00951
1.00951
1.00951
1.00951
1.00951
1.00951
1.00951
1.00951
1.00951
1.00951
1.00951
1.00951
1.00951
1.00951
1.00951
1.00951
1.00951
1.00951
1.00951
1.00951
1.00951
1.00951
1.00951
1.00951
1.00951
1.00951
1.00951
1.00951
1.00951
1.00951
1.00951
1.00951
1.00951
1.00951
1.00951
1.00951
1.00951
1.00951
1.00951
1.00951
1.00951
1.00951
1.00951
1.00951
1.00951
1.00951
1.00951
1.00951
1.00951
1.00951
1.00951
1.00951
1.00951
1.00951
1.00951
1.00951
1.00951
1.00951
1.00951
1.00951
1.00951
1.00951
1.00951
1.00951
1.00951
1.00951
1.00951
1.00951
1.00951
1.00951
1.00951
1.00951
1.00951
1.00951
1.00951
1.00951
1.00951
1.00951
1.00951
1.00951
1.00951
1.00951
1.00951
1.00951
1.00951
1.00951
1.00951
1.00951
1.00951
1.00951
1.00951
1.00951
1.00951
1.00951
1.00951
1.00951
1.00951
1.00951
1.00951
1.00951
1.00951
1.00951
1.00951
1.00951
1.00951
1.00951
1.00951
1.00951
1.00951
1.00951
1.00951
1.00951
1.00951
1.00951
1.00951
1.00951
1.00951
1.00951
1.00951
1.00951
1.00951
1.00951
1.00951
1.00951
1.00951
1.00951
1.00951
1.00951
1.00951
1.00951
1.00951
1.00951
1.00951
1.00951
1.00951
1.00951
1.00951
1.00951
1.00951
1.00951
1.00951
1.00951
1.00951
1.00951
1.00951
1.00951
1.00951
1.00951
1.00951
1.00951
1.00951
1.00951
1.00951
1.00951
1.00951
1.00951
1.00951
1.00951
1.00951
1.00951
1.00951
1.00951
1.00951
1.00951
1.00951
1.00951
1.00951
1.00951
1.00951
1.00951
1.00951
1.00951
1.00951
1.00951
1.00951
1.00951
1.00951
1.00951
1.00951
1.00951
1.00951
1.00951
1.00951
1.00951
1.00951
1.00951
1.00951
1.00951
1.00951
1.00951
1.00951
1.00951
1.00951
1.00951
1.00951
1.00951
1.00951
1.00951
1.00951
1.00951
1.00951
1.00951
1.00951
1.00951
1.00951
1.00951
1.00951
1.00951
1.00951
1.00951
1.00951
1.00951
1.00951
1.00951
1.00951
1.00951
1.00951
1.00951
1.00951
1.00951
1.00951
1.00951
1.00951
1.00951
1.00951
1.00951
1.00951
1.00951
1.00951
1.00951
1.00951
1.00951
1.00951
1.00951
1.00951
1.00951
1.00951
1.00951
1.00951
1.00951
1.00951
1.00951
1.00951
1.00951
1.00951
1.00951
1.00951
1.00951
1.00951
1.00951
1.00951
1.00951
1.00951
1.00951
1.00951
1.00951
1.00951
1.00951
1.00951
1.00951
1.00951
1.00951
1.00951
1.00951
1.00951
1.00951
1.00951
1.00951
1.00951
1.00951
1.00951
1.00951
1.00951
1.00951
1.00951
1.00951
1.00951
1.00951
1.00951
1.00951
1.00951
1.00951
1.00951
1.00951
1.00951
1.00951
1.00951
1.00951
1.00951
1.00951
1.00951
1.00951
1.00951
1.00951
1.00951
1.00951
1.00951
1.00951
1.00951
1.00951
1.00951
1.00951
1.00951
1.00951
1.00951
1.00951
1.00951
1.00951
1.00951
1.00951
1.00951
1.00951
1.00951
1.00951
1.00951
1.00951
1.00951
1.00951
1.00951
1.00951
1.00951
1.00951
1.00951
1.00951
1.00951
1.00951
1.00951
1.00951
1.00951
1.00951
1.00951
1.00951
1.00951
1.00951
1.00951
1.00951
1.00951
1.00951
1.00951
1.00951
1.00951
1.00951
1.00951
1.00951
1.00951
1.00951
1.00951
1.00951
1.00951
1.00951
1.00951
1.00951
1.00951
1.00951
1.00951
1.00951
1.00951
1.00951
1.00951
1.00951
1.00951
1.00951
1.00951
1.00951
1.00951
1.00951
1.00951
1.00951
1.00951
1.00951
