0
0
0
0
0
3.8147e-05
0.000328064
0.00115967
0.00287628
0.00576019
0.0100708
0.016037
0.0285873
0.0396576
0.053093
0.0689316
0.0872116
0.107918
0.13102
0.156433
0.183937
0.213264
0.260147
0.276428
0.326813
0.361397
0.396507
0.431938
0.467613
0.503365
0.53891
0.574074
0.60881
0.643013
0.676582
0.709404
0.741371
0.772377
0.802399
0.831345
0.859161
0.885803
0.911224
0.946983
0.969223
0.99015
1.00977
1.02806
1.045
1.06055
1.0748
1.08778
1.09952
1.11005
1.11942
1.12765
1.1348
1.1409
1.14598
1.15013
1.15337
1.15662
1.1578
1.15824
1.158
1.15713
1.15566
1.15368
1.15121
1.14827
1.14493
1.14123
1.13721
1.13293
1.12841
1.12369
1.11631
1.11379
1.10868
1.10088
1.09563
1.09038
1.08513
1.07994
1.07481
1.07227
1.06483
1.06241
1.0553
1.05072
1.04628
1.04199
1.03785
1.03388
1.03011
1.02651
1.0231
1.01987
1.01684
1.01398
1.01132
1.00884
1.00655
1.00443
1.00249
1.00073
0.999138
0.997704
0.996429
0.995323
0.993927
0.993538
0.992851
0.992302
0.991875
0.991455
0.991364
0.991272
0.991272
0.99144
0.991653
0.991936
0.992287
0.992485
0.99292
0.993675
0.994225
0.994827
0.995445
0.996117
0.996788
0.997459
0.998177
0.998909
0.999641
1.00037
1.00111
1.00184
1.00257
1.00326
1.00393
1.0046
1.00527
1.00591
1.00652
1.00743
1.00798
1.00853
1.00904
1.00953
1.00999
1.01042
1.01083
1.0112
1.01157
1.01187
1.01218
1.01244
1.01268
1.01289
1.01308
1.01326
1.01339
1.01351
1.01366
1.01372
1.01378
1.01381
1.01381
1.01381
1.01381
1.01377
1.01371
1.01365
1.01359
1.01353
1.01346
1.01328
1.01315
1.01303
1.01291
1.01279
1.01266
1.01254
1.01242
1.0123
1.01218
1.01205
1.01193
1.01181
1.01169
1.01157
1.01138
1.01132
1.0112
1.01108
1.01096
1.01083
1.01065
1.01053
1.01041
1.01035
1.01029
1.01023
1.01017
1.01011
1.01005
1.00999
1.00993
1.00986
1.0098
1.00974
1.00968
1.00962
1.00958
1.00958
1.00958
1.00958
1.00958
1.00958
1.00958
1.00958
1.00958
1.00958
1.00958
1.00958
1.00958
1.00958
1.00958
1.00958
1.00958
1.00958
1.00958
1.00958
1.00958
1.00958
1.00958
1.00958
1.00958
1.00958
1.00958
1.00958
1.00958
1.00958
1.00958
1.00958
1.00958
1.00958
1.00958
1.00958
1.00958
1.00958
1.00958
1.00958
1.00958
1.00958
1.00958
1.00958
1.00958
1.00958
1.00958
1.00958
1.00958
1.00958
1.00958
1.00958
1.00958
1.00958
1.00958
1.00958
1.00958
1.00958
1.00958
1.00958
1.00958
1.00958
1.00958
1.00958
1.00958
1.00958
1.00958
1.00958
1.00958
1.00958
1.00958
1.00958
1.00958
1.00958
1.00958
1.00958
1.00958
1.00958
1.00958
1.00958
1.00958
1.00958
1.00958
1.00958
1.00958
1.00958
1.00958
1.00958
1.00958
1.00958
1.00958
1.00958
1.00958
1.00958
1.00958
1.00958
1.00958
1.00958
1.00958
1.00958
1.00958
1.00958
1.00958
1.00958
1.00958
1.00958
1.00958
1.00958
1.00958
1.00958
1.00958
1.00958
1.00958
1.00958
1.00958
1.00958
1.00958
1.00958
1.00958
1.00958
1.00958
1.00958
1.00958
1.00958
1.00958
1.00958
1.00958
1.00958
1.00958
1.00958
1.00958
1.00958
1.00958
1.00958
1.00958
1.00958
1.00958
1.00958
1.00958
1.00958
1.00958
1.00958
1.00958
1.00958
1.00958
1.00958
1.00958
1.00958
1.00958
1.00958
1.00958
1.00958
1.00958
1.00958
1.00958
1.00958
1.00958
1.00958
1.00958
1.00958
1.00958
1.00958
1.00958
1.00958
1.00958
1.00958
1.00958
1.00958
1.00958
1.00958
1.00958
1.00958
1.00958
1.00958
1.00958
1.00958
1.00958
1.00958
1.00958
1.00958
1.00958
1.00958
1.00958
1.00958
1.00958
1.00958
1.00958
1.00958
1.00958
1.00958
1.00958
1.00958
1.00958
1.00958
1.00958
1.00958
1.00958
1.00958
1.00958
1.00958
1.00958
1.00958
1.00958
1.00958
1.00958
1.00958
1.00958
1.00958
1.00958
1.00958
1.00958
1.00958
1.00958
1.00958
1.00958
1.00958
1.00958
1.00958
1.00958
1.00958
1.00958
1.00958
1.00958
1.00958
1.00958
1.00958
1.00958
1.00958
1.00958
1.00958
1.00958
1.00958
1.00958
1.00958
1.00958
1.00958
1.00958
1.00958
1.00958
1.00958
1.00958
1.00958
1.00958
1.00958
1.00958
1.00958
1.00958
1.00958
1.00958
1.00958
1.00958
1.00958
1.00958
1.00958
1.00958
1.00958
1.00958
1.00958
1.00958
1.00958
1.00958
1.00958
1.00958
1.00958
1.00958
1.00958
1.00958
1.00958
1.00958
1.00958
1.00958
1.00958
1.00958
1.00958
1.00958
1.00958
1.00958
1.00958
1.00958
1.00958
1.00958
1.00958
1.00958
1.00958
1.00958
1.00958
1.00958
1.00958
1.00958
1.00958
1.00958
1.00958
1.00958
1.00958
1.00958
1.00958
1.00958
1.00958
1.00958
1.00958
1.00958
1.00958
1.00958
1.00958
1.00958
1.00958
1.00958
1.00958
1.00958
1.00958
1.00958
1.00958
1.00958
1.00958
1.00958
1.00958
1.00958
1.00958
1.00958
1.00958
1.00958
1.00958
1.00958
1.00958
1.00958
1.00958
1.00958
1.00958
1.00958
1.00958
1.00958
1.00958
1.00958
1.00958
1.00958
1.00958
1.00958
1.00958
1.00958
1.00958
1.00958
1.00958
1.00958
1.00958
1.00958
1.00958
1.00958
1.00958
1.00958
1.00958
1.00958
1.00958
1.00958
1.00958
1.00958
1.00958
1.00958
1.00958
1.00958
1.00958
1.00958
1.00958
1.00958
1.00958
1.00958
1.00958
1.00958
1.00958
1.00958
1.00958
1.00958
1.00958
1.00958
1.00958
1.00958
1.00958
1.00958
1.00958
1.00958
1.00958
1.00958
1.00958
1.00958
1.00958
1.00958
1.00958
1.00958
1.00958
1.00958
1.00958
1.00958
1.00958
1.00958
1.00958
1.00958
1.00958
1.00958
1.00958
1.00958
1.00958
1.00958
1.00958
1.00958
1.00958
1.00958
1.00958
1.00958
1.00958
1.00958
1.00958
1.00958
1.00958
1.00958
1.00958
1.00958
1.00958
1.00958
1.00958
1.00958
1.00958
1.00958
1.00958
1.00958
1.00958
1.00958
1.00958
1.00958
1.00958
1.00958
1.00958
1.00958
1.00958
1.00958
1.00958
1.00958
1.00958
1.00958
1.00958
1.00958
1.00958
1.00958
1.00958
1.00958
1.00958
1.00958
1.00958
1.00958
1.00958
1.00958
1.00958
1.00958
1.00958
1.00958
1.00958
1.00958
1.00958
1.00958
1.00958
1.00958
1.00958
1.00958
1.00958
1.00958
1.00958
1.00958
1.00958
1.00958
1.00958
1.00958
1.00958
1.00958
1.00958
1.00958
1.00958
1.00958
1.00958
1.00958
1.00958
1.00958
1.00958
1.00958
1.00958
1.00958
1.00958
1.00958
1.00958
1.00958
1.00958
1.00958
1.00958
1.00958
1.00958
1.00958
1.00958
1.00958
1.00958
1.00958
1.00958
1.00958
1.00958
1.00958
1.00958
1.00958
1.00958
1.00958
1.00958
1.00958
1.00958
1.00958
1.00958
1.00958
1.00958
1.00958
1.00958
1.00958
1.00958
1.00958
1.00958
1.00958
1.00958
1.00958
1.00958
1.00958
1.00958
1.00958
1.00958
1.00958
1.00958
1.00958
1.00958
1.00958
1.00958
1.00958
1.00958
1.00958
1.00958
1.00958
1.00958
1.00958
1.00958
1.00958
1.00958
1.00958
1.00958
1.00958
1.00958
1.00958
1.00958
1.00958
1.00958
1.00958
1.00958
1.00958
1.00958
1.00958
1.00958
1.00958
1.00958
1.00958
1.00958
1.00958
1.00958
1.00958
1.00958
1.00958
1.00958
1.00958
1.00958
1.00958
1.00958
1.00958
1.00958
1.00958
1.00958
1.00958
1.00958
1.00958
1.00958
1.00958
1.00958
1.00958
1.00958
1.00958
1.00958
1.00958
1.00958
1.00958
1.00958
1.00958
1.00958
1.00958
1.00958
1.00958
1.00958
1.00958
1.00958
1.00958
1.00958
1.00958
1.00958
1.00958
1.00958
1.00958
1.00958
1.00958
1.00958
1.00958
1.00958
1.00958
1.00958
1.00958
1.00958
1.00958
1.00958
1.00958
1.00958
1.00958
1.00958
1.00958
1.00958
1.00958
1.00958
1.00958
1.00958
1.00958
1.00958
1.00958
1.00958
1.00958
1.00958
1.00958
1.00958
1.00958
1.00958
1.00958
1.00958
1.00958
1.00958
1.00958
1.00958
1.00958
1.00958
1.00958
1.00958
1.00958
1.00958
1.00958
1.00958
1.00958
1.00958
1.00958
1.00958
1.00958
1.00958
1.00958
1.00958
1.00958
1.00958
1.00958
1.00958
1.00958
1.00958
1.00958
1.00958
1.00958
1.00958
1.00958
1.00958
1.00958
1.00958
1.00958
1.00958
1.00958
1.00958
1.00958
1.00958
1.00958
1.00958
1.00958
1.00958
1.00958
1.00958
1.00958
1.00958
1.00958
1.00958
1.00958
1.00958
1.00958
1.00958
1.00958
1.00958
1.00958
1.00958
1.00958
1.00958
1.00958
1.00958
1.00958
1.00958
1.00958
1.00958
1.00958
1.00958
1.00958
1.00958
1.00958
1.00958
1.00958
1.00958
1.00958
1.00958
1.00958
1.00958
1.00958
1.00958
1.00958
1.00958
1.00958
1.00958
1.00958
1.00958
1.00958
1.00958
1.00958
1.00958
1.00958
1.00958
1.00958
1.00958
1.00958
1.00958
1.00958
1.00958
1.00958
1.00958
1.00958
1.00958
1.00958
1.00958
1.00958
1.00958
1.00958
1.00958
1.00958
1.00958
1.00958
1.00958
1.00958
1.00958
1.00958
1.00958
1.00958
1.00958
1.00958
1.00958
1.00958
1.00958
1.00958
1.00958
1.00958
1.00958
1.00958
1.00958
1.00958
1.00958
1.00958
1.00958
1.00958
1.00958
1.00958
1.00958
1.00958
1.00958
1.00958
1.00958
1.00958
1.00958
1.00958
1.00958
1.00958
1.00958
1.00958
1.00958
1.00958
1.00958
