0
0
0
0
0
0.0001297
0.000656128
0.00189209
0.00415802
0.00772858
0.0128326
0.0197067
0.0285873
0.0396576
0.053093
0.0689316
0.0872116
0.107918
0.13102
0.156433
0.183922
0.213242
0.244141
0.27636
0.309685
0.343857
0.37867
0.413925
0.467216
0.502754
0.52047
0.573151
0.5905
0.641579
0.674721
0.707207
0.73896
0.785141
0.814919
0.843674
0.871231
0.89756
0.922569
0.946182
0.968407
0.989273
1.00878
1.02692
1.04372
1.06646
1.07339
1.0863
1.10338
1.10847
1.12193
1.1295
1.13289
1.14146
1.14597
1.14953
1.15325
1.15411
1.15527
1.1557
1.15546
1.15459
1.15221
1.15115
1.1473
1.14421
1.14075
1.13698
1.13292
1.12862
1.12411
1.11945
1.11464
1.10973
1.10474
1.09969
1.09209
1.08702
1.08197
1.07697
1.07205
1.06724
1.06487
1.05794
1.05347
1.04915
1.04497
1.04092
1.03701
1.03326
1.02966
1.02624
1.02298
1.0199
1.01559
1.01424
1.01046
1.00928
1.00706
1.00407
1.00229
1.00067
0.999207
0.997894
0.996742
0.995735
0.994873
0.994141
0.993286
0.992867
0.992554
0.992348
0.992249
0.992241
0.992325
0.992485
0.992714
0.993011
0.993378
0.993797
0.99427
0.994781
0.995331
0.995926
0.996841
0.997177
0.997849
0.998856
0.999191
1.0002
1.00087
1.00154
1.00221
1.00288
1.00356
1.00423
1.00488
1.00549
1.0061
1.00698
1.00753
1.00753
1.00858
1.00906
1.00951
1.00994
1.01036
1.01073
1.01109
1.0114
1.0117
1.01198
1.01222
1.01247
1.01265
1.01283
1.013
1.01312
1.01324
1.01335
1.01341
1.01347
1.01353
1.01354
1.01354
1.01354
1.01354
1.0135
1.01341
1.01335
1.01329
1.01323
1.01317
1.01305
1.01293
1.01281
1.01269
1.01257
1.01244
1.01232
1.0122
1.01208
1.01196
1.01183
1.01171
1.01159
1.01147
1.01134
1.01122
1.0111
1.01098
1.01086
1.01067
1.01061
1.01048
1.01045
1.01036
1.0103
1.01024
1.01018
1.01012
1.01006
1.00999
1.00999
1.00987
1.00981
1.00975
1.00969
1.00965
1.00965
1.00965
1.00965
1.00965
1.00965
1.00965
1.00965
1.00965
1.00965
1.00965
1.00965
1.00965
1.00965
1.00965
1.00965
1.00965
1.00965
1.00965
1.00965
1.00965
1.00965
1.00965
1.00965
1.00965
1.00965
1.00965
1.00965
1.00965
1.00965
1.00965
1.00965
1.00965
1.00965
1.00965
1.00965
1.00965
1.00965
1.00965
1.00965
1.00965
1.00965
1.00965
1.00965
1.00965
1.00965
1.00965
1.00965
1.00965
1.00965
1.00965
1.00965
1.00965
1.00965
1.00965
1.00965
1.00965
1.00965
1.00965
1.00965
1.00965
1.00965
1.00965
1.00965
1.00965
1.00965
1.00965
1.00965
1.00965
1.00965
1.00965
1.00965
1.00965
1.00965
1.00965
1.00965
1.00965
1.00965
1.00965
1.00965
1.00965
1.00965
1.00965
1.00965
1.00965
1.00965
1.00965
1.00965
1.00965
1.00965
1.00965
1.00965
1.00965
1.00965
1.00965
1.00965
1.00965
1.00965
1.00965
1.00965
1.00965
1.00965
1.00965
1.00965
1.00965
1.00965
1.00965
1.00965
1.00965
1.00965
1.00965
1.00965
1.00965
1.00965
1.00965
1.00965
1.00965
1.00965
1.00965
1.00965
1.00965
1.00965
1.00965
1.00965
1.00965
1.00965
1.00965
1.00965
1.00965
1.00965
1.00965
1.00965
1.00965
1.00965
1.00965
1.00965
1.00965
1.00965
1.00965
1.00965
1.00965
1.00965
1.00965
1.00965
1.00965
1.00965
1.00965
1.00965
1.00965
1.00965
1.00965
1.00965
1.00965
1.00965
1.00965
1.00965
1.00965
1.00965
1.00965
1.00965
1.00965
1.00965
1.00965
1.00965
1.00965
1.00965
1.00965
1.00965
1.00965
1.00965
1.00965
1.00965
1.00965
1.00965
1.00965
1.00965
1.00965
1.00965
1.00965
1.00965
1.00965
1.00965
1.00965
1.00965
1.00965
1.00965
1.00965
1.00965
1.00965
1.00965
1.00965
1.00965
1.00965
1.00965
1.00965
1.00965
1.00965
1.00965
1.00965
1.00965
1.00965
1.00965
1.00965
1.00965
1.00965
1.00965
1.00965
1.00965
1.00965
1.00965
1.00965
1.00965
1.00965
1.00965
1.00965
1.00965
1.00965
1.00965
1.00965
1.00965
1.00965
1.00965
1.00965
1.00965
1.00965
1.00965
1.00965
1.00965
1.00965
1.00965
1.00965
1.00965
1.00965
1.00965
1.00965
1.00965
1.00965
1.00965
1.00965
1.00965
1.00965
1.00965
1.00965
1.00965
1.00965
1.00965
1.00965
1.00965
1.00965
1.00965
1.00965
1.00965
1.00965
1.00965
1.00965
1.00965
1.00965
1.00965
1.00965
1.00965
1.00965
1.00965
1.00965
1.00965
1.00965
1.00965
1.00965
1.00965
1.00965
1.00965
1.00965
1.00965
1.00965
1.00965
1.00965
1.00965
1.00965
1.00965
1.00965
1.00965
1.00965
1.00965
1.00965
1.00965
1.00965
1.00965
1.00965
1.00965
1.00965
1.00965
1.00965
1.00965
1.00965
1.00965
1.00965
1.00965
1.00965
1.00965
1.00965
1.00965
1.00965
1.00965
1.00965
1.00965
1.00965
1.00965
1.00965
1.00965
1.00965
1.00965
1.00965
1.00965
1.00965
1.00965
1.00965
1.00965
1.00965
1.00965
1.00965
1.00965
1.00965
1.00965
1.00965
1.00965
1.00965
1.00965
1.00965
1.00965
1.00965
1.00965
1.00965
1.00965
1.00965
1.00965
1.00965
1.00965
1.00965
1.00965
1.00965
1.00965
1.00965
1.00965
1.00965
1.00965
1.00965
1.00965
1.00965
1.00965
1.00965
1.00965
1.00965
1.00965
1.00965
1.00965
1.00965
1.00965
1.00965
1.00965
1.00965
1.00965
1.00965
1.00965
1.00965
1.00965
1.00965
1.00965
1.00965
1.00965
1.00965
1.00965
1.00965
1.00965
1.00965
1.00965
1.00965
1.00965
1.00965
1.00965
1.00965
1.00965
1.00965
1.00965
1.00965
1.00965
1.00965
1.00965
1.00965
1.00965
1.00965
1.00965
1.00965
1.00965
1.00965
1.00965
1.00965
1.00965
1.00965
1.00965
1.00965
1.00965
1.00965
1.00965
1.00965
1.00965
1.00965
1.00965
1.00965
1.00965
1.00965
1.00965
1.00965
1.00965
1.00965
1.00965
1.00965
1.00965
1.00965
1.00965
1.00965
1.00965
1.00965
1.00965
1.00965
1.00965
1.00965
1.00965
1.00965
1.00965
1.00965
1.00965
1.00965
1.00965
1.00965
1.00965
1.00965
1.00965
1.00965
1.00965
1.00965
1.00965
1.00965
1.00965
1.00965
1.00965
1.00965
1.00965
1.00965
1.00965
1.00965
1.00965
1.00965
1.00965
1.00965
1.00965
1.00965
1.00965
1.00965
1.00965
1.00965
1.00965
1.00965
1.00965
1.00965
1.00965
1.00965
1.00965
1.00965
1.00965
1.00965
1.00965
1.00965
1.00965
1.00965
1.00965
1.00965
1.00965
1.00965
1.00965
1.00965
1.00965
1.00965
1.00965
1.00965
1.00965
1.00965
1.00965
1.00965
1.00965
1.00965
1.00965
1.00965
1.00965
1.00965
1.00965
1.00965
1.00965
1.00965
1.00965
1.00965
1.00965
1.00965
1.00965
1.00965
1.00965
1.00965
1.00965
1.00965
1.00965
1.00965
1.00965
1.00965
1.00965
1.00965
1.00965
1.00965
1.00965
1.00965
1.00965
1.00965
1.00965
1.00965
1.00965
1.00965
1.00965
1.00965
1.00965
1.00965
1.00965
1.00965
1.00965
1.00965
1.00965
1.00965
1.00965
1.00965
1.00965
1.00965
1.00965
1.00965
1.00965
1.00965
1.00965
1.00965
1.00965
1.00965
1.00965
1.00965
1.00965
1.00965
1.00965
1.00965
1.00965
1.00965
1.00965
1.00965
1.00965
1.00965
1.00965
1.00965
1.00965
1.00965
1.00965
1.00965
1.00965
1.00965
1.00965
1.00965
1.00965
1.00965
1.00965
1.00965
1.00965
1.00965
1.00965
1.00965
1.00965
1.00965
1.00965
1.00965
1.00965
1.00965
1.00965
1.00965
1.00965
1.00965
1.00965
1.00965
1.00965
1.00965
1.00965
1.00965
1.00965
1.00965
1.00965
1.00965
1.00965
1.00965
1.00965
1.00965
1.00965
1.00965
1.00965
1.00965
1.00965
1.00965
1.00965
1.00965
1.00965
1.00965
1.00965
1.00965
1.00965
1.00965
1.00965
1.00965
1.00965
1.00965
1.00965
1.00965
1.00965
1.00965
1.00965
1.00965
1.00965
1.00965
1.00965
1.00965
1.00965
1.00965
1.00965
1.00965
1.00965
1.00965
1.00965
1.00965
1.00965
1.00965
1.00965
1.00965
1.00965
1.00965
1.00965
1.00965
1.00965
1.00965
1.00965
1.00965
1.00965
1.00965
1.00965
1.00965
1.00965
1.00965
1.00965
1.00965
1.00965
1.00965
1.00965
1.00965
1.00965
1.00965
1.00965
1.00965
1.00965
1.00965
1.00965
1.00965
1.00965
1.00965
1.00965
1.00965
1.00965
1.00965
1.00965
1.00965
1.00965
1.00965
1.00965
1.00965
1.00965
1.00965
1.00965
1.00965
1.00965
1.00965
1.00965
1.00965
1.00965
1.00965
1.00965
1.00965
1.00965
1.00965
1.00965
1.00965
1.00965
1.00965
1.00965
1.00965
1.00965
1.00965
1.00965
1.00965
1.00965
1.00965
1.00965
1.00965
1.00965
1.00965
1.00965
1.00965
1.00965
1.00965
1.00965
1.00965
1.00965
1.00965
1.00965
1.00965
1.00965
1.00965
1.00965
1.00965
1.00965
1.00965
1.00965
1.00965
1.00965
1.00965
1.00965
1.00965
1.00965
1.00965
1.00965
1.00965
1.00965
1.00965
1.00965
1.00965
1.00965
1.00965
1.00965
1.00965
1.00965
1.00965
1.00965
1.00965
1.00965
1.00965
1.00965
1.00965
1.00965
1.00965
1.00965
1.00965
1.00965
1.00965
1.00965
1.00965
1.00965
1.00965
1.00965
1.00965
1.00965
1.00965
1.00965
1.00965
1.00965
1.00965
1.00965
1.00965
1.00965
1.00965
1.00965
1.00965
1.00965
1.00965
1.00965
1.00965
1.00965
1.00965
1.00965
1.00965
1.00965
1.00965
1.00965
1.00965
1.00965
