0
0
0
0
3.8147e-06
0.00012207
0.000629425
0.00186539
0.00412369
0.00767899
0.0127754
0.0238304
0.0285301
0.0396004
0.0606613
0.0688858
0.0972099
0.107861
0.13097
0.169994
0.198673
0.22921
0.261387
0.294987
0.32975
0.365437
0.401836
0.438747
0.475994
0.51339
0.55077
0.587978
0.624851
0.661285
0.697224
0.732582
0.767235
0.801075
0.834003
0.865929
0.896778
0.926476
0.954956
0.982159
1.00804
1.03255
1.05566
1.07735
1.09761
1.11641
1.14189
1.14966
1.17084
1.18319
1.19415
1.19912
1.20805
1.21899
1.22471
1.22922
1.23257
1.23481
1.236
1.23616
1.23537
1.23368
1.23115
1.22783
1.22378
1.21906
1.21374
1.20786
1.20149
1.19468
1.1875
1.17999
1.17219
1.16417
1.15598
1.14765
1.13923
1.13075
1.12227
1.10957
1.10118
1.09702
1.08472
1.08069
1.06889
1.06128
1.05388
1.04672
1.03984
1.03323
1.02692
1.0209
1.0152
1.00981
1.00475
0.999996
0.995571
0.99147
0.98769
0.984211
0.981037
0.978168
0.975594
0.973309
0.971302
0.969574
0.968113
0.966908
0.965946
0.965229
0.964592
0.964493
0.964439
0.964592
0.965164
0.965763
0.966522
0.96743
0.968472
0.969643
0.970921
0.972301
0.97377
0.975319
0.976936
0.978611
0.980331
0.98209
0.983875
0.985676
0.988403
0.989311
0.991112
0.992912
0.994686
0.996437
0.998154
0.999832
1.00227
1.00383
1.00459
1.00607
1.00749
1.0095
1.01014
1.01195
1.01308
1.01413
1.01511
1.01603
1.01686
1.01763
1.01833
1.01895
1.01951
1.02
1.02042
1.02078
1.02108
1.02131
1.0215
1.02162
1.0217
1.02172
1.02169
1.02162
1.02151
1.02136
1.02117
1.02094
1.02068
1.0204
1.02008
1.01975
1.01938
1.01881
1.01861
1.0182
1.01777
1.01735
1.01669
1.01646
1.01601
1.01532
1.01509
1.01463
1.0142
1.01377
1.01313
1.01292
1.01232
1.01192
1.01173
1.01118
1.01083
1.0105
1.01018
1.00988
1.00959
1.00932
1.00908
1.00884
1.00863
1.00843
1.00824
1.00808
1.00793
1.00781
1.00769
1.0076
1.00751
1.00745
1.00739
1.00736
1.00733
1.00732
1.00732
1.00734
1.00735
1.0074
1.00742
1.00751
1.00757
1.00763
1.0077
1.00779
1.00788
1.00797
1.00806
1.00816
1.00825
1.00834
1.00843
1.00852
1.00861
1.00871
1.0088
1.00889
1.00898
1.00907
1.00916
1.00925
1.00935
1.00944
1.00957
1.00967
1.00976
1.00985
1.0099
1.01001
1.01007
1.01013
1.01019
1.01025
1.01031
1.01038
1.01043
1.01046
1.01049
1.01052
1.01055
1.01058
1.01063
1.01064
1.01066
1.01066
1.01066
1.01066
1.01066
1.01066
1.01066
1.01066
1.01066
1.01066
1.01066
1.01065
1.01062
1.01059
1.01056
1.01053
1.0105
1.01047
1.01044
1.01041
1.01038
1.01035
1.01031
1.01028
1.01025
1.01022
1.01019
1.01016
1.01013
1.0101
1.01007
1.01004
1.01001
1.00998
1.00995
1.00992
1.00989
1.00985
1.00985
1.00985
1.00985
1.00985
1.00985
1.00985
1.00985
1.00985
1.00985
1.00985
1.00985
1.00985
1.00985
1.00985
1.00985
1.00985
1.00985
1.00985
1.00985
1.00985
1.00985
1.00985
1.00985
1.00985
1.00985
1.00985
1.00985
1.00985
1.00985
1.00985
1.00985
1.00985
1.00985
1.00985
1.00985
1.00985
1.00985
1.00985
1.00985
1.00985
1.00985
1.00985
1.00985
1.00985
1.00985
1.00985
1.00985
1.00985
1.00985
1.00985
1.00985
1.00985
1.00985
1.00985
1.00985
1.00985
1.00985
1.00985
1.00985
1.00985
1.00985
1.00985
1.00985
1.00985
1.00985
1.00985
1.00985
1.00985
1.00985
1.00985
1.00985
1.00985
1.00985
1.00985
1.00985
1.00985
1.00985
1.00985
1.00985
1.00985
1.00985
1.00985
1.00985
1.00985
1.00985
1.00985
1.00985
1.00985
1.00985
1.00985
1.00985
1.00985
1.00985
1.00985
1.00985
1.00985
1.00985
1.00985
1.00985
1.00985
1.00985
1.00985
1.00985
1.00985
1.00985
1.00985
1.00985
1.00985
1.00985
1.00985
1.00985
1.00985
1.00985
1.00985
1.00985
1.00985
1.00985
1.00985
1.00985
1.00985
1.00985
1.00985
1.00985
1.00985
1.00985
1.00985
1.00985
1.00985
1.00985
1.00985
1.00985
1.00985
1.00985
1.00985
1.00985
1.00985
1.00985
1.00985
1.00985
1.00985
1.00985
1.00985
1.00985
1.00985
1.00985
1.00985
1.00985
1.00985
1.00985
1.00985
1.00985
1.00985
1.00985
1.00985
1.00985
1.00985
1.00985
1.00985
1.00985
1.00985
1.00985
1.00985
1.00985
1.00985
1.00985
1.00985
1.00985
1.00985
1.00985
1.00985
1.00985
1.00985
1.00985
1.00985
1.00985
1.00985
1.00985
1.00985
1.00985
1.00985
1.00985
1.00985
1.00985
1.00985
1.00985
1.00985
1.00985
1.00985
1.00985
1.00985
1.00985
1.00985
1.00985
1.00985
1.00985
1.00985
1.00985
1.00985
1.00985
1.00985
1.00985
1.00985
1.00985
1.00985
1.00985
1.00985
1.00985
1.00985
1.00985
1.00985
1.00985
1.00985
1.00985
1.00985
1.00985
1.00985
1.00985
1.00985
1.00985
1.00985
1.00985
1.00985
1.00985
1.00985
1.00985
1.00985
1.00985
1.00985
1.00985
1.00985
1.00985
1.00985
1.00985
1.00985
1.00985
1.00985
1.00985
1.00985
1.00985
1.00985
1.00985
1.00985
1.00985
1.00985
1.00985
1.00985
1.00985
1.00985
1.00985
1.00985
1.00985
1.00985
1.00985
1.00985
1.00985
1.00985
1.00985
1.00985
1.00985
1.00985
1.00985
1.00985
1.00985
1.00985
1.00985
1.00985
1.00985
1.00985
1.00985
1.00985
1.00985
1.00985
1.00985
1.00985
1.00985
1.00985
1.00985
1.00985
1.00985
1.00985
1.00985
1.00985
1.00985
1.00985
1.00985
1.00985
1.00985
1.00985
1.00985
1.00985
1.00985
1.00985
1.00985
1.00985
1.00985
1.00985
1.00985
1.00985
1.00985
1.00985
1.00985
1.00985
1.00985
1.00985
1.00985
1.00985
1.00985
1.00985
1.00985
1.00985
1.00985
1.00985
1.00985
1.00985
1.00985
1.00985
1.00985
1.00985
1.00985
1.00985
1.00985
1.00985
1.00985
1.00985
1.00985
1.00985
1.00985
1.00985
1.00985
1.00985
1.00985
1.00985
1.00985
1.00985
1.00985
1.00985
1.00985
1.00985
1.00985
1.00985
1.00985
1.00985
1.00985
1.00985
1.00985
1.00985
1.00985
1.00985
1.00985
1.00985
1.00985
1.00985
1.00985
1.00985
1.00985
1.00985
1.00985
1.00985
1.00985
1.00985
1.00985
1.00985
1.00985
1.00985
1.00985
1.00985
1.00985
1.00985
1.00985
1.00985
1.00985
1.00985
1.00985
1.00985
1.00985
1.00985
1.00985
1.00985
1.00985
1.00985
1.00985
1.00985
1.00985
1.00985
1.00985
1.00985
1.00985
1.00985
1.00985
1.00985
1.00985
1.00985
1.00985
1.00985
1.00985
1.00985
1.00985
1.00985
1.00985
1.00985
1.00985
1.00985
1.00985
1.00985
1.00985
1.00985
1.00985
1.00985
1.00985
1.00985
1.00985
1.00985
1.00985
1.00985
1.00985
1.00985
1.00985
1.00985
1.00985
1.00985
1.00985
1.00985
1.00985
1.00985
1.00985
1.00985
1.00985
1.00985
1.00985
1.00985
1.00985
1.00985
1.00985
1.00985
1.00985
1.00985
1.00985
1.00985
1.00985
1.00985
1.00985
1.00985
1.00985
1.00985
1.00985
1.00985
1.00985
1.00985
1.00985
1.00985
1.00985
1.00985
1.00985
1.00985
1.00985
1.00985
1.00985
1.00985
1.00985
1.00985
1.00985
1.00985
1.00985
1.00985
1.00985
1.00985
1.00985
1.00985
1.00985
1.00985
1.00985
1.00985
1.00985
1.00985
1.00985
1.00985
1.00985
1.00985
1.00985
1.00985
1.00985
1.00985
1.00985
1.00985
1.00985
1.00985
1.00985
1.00985
1.00985
1.00985
1.00985
1.00985
1.00985
1.00985
1.00985
1.00985
1.00985
1.00985
1.00985
1.00985
1.00985
1.00985
1.00985
1.00985
1.00985
1.00985
1.00985
1.00985
1.00985
1.00985
1.00985
1.00985
1.00985
1.00985
1.00985
1.00985
1.00985
1.00985
1.00985
1.00985
1.00985
1.00985
1.00985
1.00985
1.00985
1.00985
1.00985
1.00985
1.00985
1.00985
1.00985
1.00985
1.00985
1.00985
1.00985
1.00985
1.00985
1.00985
1.00985
1.00985
1.00985
1.00985
1.00985
1.00985
1.00985
1.00985
1.00985
1.00985
1.00985
1.00985
1.00985
1.00985
1.00985
1.00985
1.00985
1.00985
1.00985
1.00985
1.00985
1.00985
1.00985
1.00985
1.00985
1.00985
1.00985
1.00985
1.00985
1.00985
1.00985
1.00985
1.00985
1.00985
1.00985
1.00985
1.00985
1.00985
1.00985
1.00985
1.00985
1.00985
1.00985
1.00985
1.00985
1.00985
1.00985
1.00985
1.00985
1.00985
1.00985
1.00985
1.00985
1.00985
1.00985
1.00985
1.00985
1.00985
1.00985
1.00985
1.00985
1.00985
1.00985
1.00985
1.00985
1.00985
1.00985
1.00985
1.00985
1.00985
1.00985
1.00985
1.00985
1.00985
1.00985
1.00985
1.00985
1.00985
1.00985
1.00985
1.00985
1.00985
1.00985
1.00985
1.00985
1.00985
1.00985
1.00985
1.00985
1.00985
1.00985
1.00985
1.00985
1.00985
1.00985
1.00985
1.00985
1.00985
1.00985
1.00985
1.00985
1.00985
1.00985
1.00985
1.00985
1.00985
1.00985
1.00985
1.00985
1.00985
1.00985
1.00985
1.00985
1.00985
1.00985
1.00985
1.00985
1.00985
1.00985
1.00985
1.00985
1.00985
1.00985
1.00985
1.00985
1.00985
1.00985
1.00985
1.00985
1.00985
1.00985
1.00985
1.00985
1.00985
1.00985
1.00985
1.00985
1.00985
1.00985
1.00985
1.00985
1.00985
1.00985
1.00985
1.00985
1.00985
1.00985
1.00985
1.00985
1.00985
1.00985
1.00985
1.00985
1.00985
1.00985
1.00985
