0
0
0
0
3.8147e-05
0.000328064
0.000656128
0.00287628
0.00576019
0.0100708
0.016037
0.0238876
0.0338364
0.0460815
0.0607071
0.0777664
0.0972672
0.119164
0.143448
0.169952
0.213364
0.228683
0.260422
0.293404
0.3274
0.362183
0.415329
0.451286
0.487381
0.523399
0.559158
0.594498
0.629204
0.663185
0.696342
0.728569
0.759811
0.789993
0.819054
0.846931
0.873596
0.899002
0.934677
0.956833
0.967415
0.987587
1.00644
1.03214
1.04759
1.05487
1.07495
1.08104
1.09743
1.10688
1.11121
1.12261
1.12591
1.13172
1.13864
1.14051
1.14484
1.14674
1.1479
1.14836
1.14818
1.14739
1.14606
1.14423
1.14194
1.13926
1.13621
1.13284
1.12917
1.12527
1.12117
1.11689
1.11245
1.1079
1.10326
1.09855
1.09379
1.08898
1.08416
1.07938
1.07226
1.06991
1.06527
1.06071
1.05406
1.05191
1.0477
1.04361
1.03966
1.03403
1.03223
1.02707
1.02383
1.02075
1.01786
1.01514
1.0126
1.01025
1.00806
1.00603
1.0042
1.00252
1.00098
0.999611
0.99839
0.997307
0.995949
0.99556
0.994888
0.994331
0.993889
0.993439
0.993263
0.993179
0.993179
0.993263
0.993423
0.993652
0.99395
0.994308
0.99472
0.995171
0.995659
0.996475
0.99675
0.997353
0.997963
0.998573
0.999565
1.00024
1.00091
1.00158
1.00225
1.00292
1.00358
1.00419
1.0048
1.00541
1.00601
1.00656
1.00711
1.0079
1.00814
1.00863
1.00909
1.00951
1.01012
1.01049
1.01086
1.01086
1.01147
1.01173
1.01198
1.01222
1.01241
1.01259
1.01276
1.01288
1.013
1.01311
1.01317
1.01323
1.01329
1.01331
1.01331
1.01331
1.01331
1.01329
1.01323
1.01317
1.01311
1.01305
1.01299
1.01292
1.0128
1.01268
1.01256
1.01244
1.01231
1.01219
1.01207
1.01195
1.01183
1.0117
1.01158
1.01146
1.01134
1.01122
1.01109
1.01091
1.01085
1.01067
1.0106
1.01057
1.01048
1.01042
1.01036
1.0103
1.01024
1.01018
1.01012
1.01006
1.00999
1.00993
1.00987
1.00981
1.00975
1.0097
1.0097
1.0097
1.0097
1.0097
1.0097
1.0097
1.0097
1.0097
1.0097
1.0097
1.0097
1.0097
1.0097
1.0097
1.0097
1.0097
1.0097
1.0097
1.0097
1.0097
1.0097
1.0097
1.0097
1.0097
1.0097
1.0097
1.0097
1.0097
1.0097
1.0097
1.0097
1.0097
1.0097
1.0097
1.0097
1.0097
1.0097
1.0097
1.0097
1.0097
1.0097
1.0097
1.0097
1.0097
1.0097
1.0097
1.0097
1.0097
1.0097
1.0097
1.0097
1.0097
1.0097
1.0097
1.0097
1.0097
1.0097
1.0097
1.0097
1.0097
1.0097
1.0097
1.0097
1.0097
1.0097
1.0097
1.0097
1.0097
1.0097
1.0097
1.0097
1.0097
1.0097
1.0097
1.0097
1.0097
1.0097
1.0097
1.0097
1.0097
1.0097
1.0097
1.0097
1.0097
1.0097
1.0097
1.0097
1.0097
1.0097
1.0097
1.0097
1.0097
1.0097
1.0097
1.0097
1.0097
1.0097
1.0097
1.0097
1.0097
1.0097
1.0097
1.0097
1.0097
1.0097
1.0097
1.0097
1.0097
1.0097
1.0097
1.0097
1.0097
1.0097
1.0097
1.0097
1.0097
1.0097
1.0097
1.0097
1.0097
1.0097
1.0097
1.0097
1.0097
1.0097
1.0097
1.0097
1.0097
1.0097
1.0097
1.0097
1.0097
1.0097
1.0097
1.0097
1.0097
1.0097
1.0097
1.0097
1.0097
1.0097
1.0097
1.0097
1.0097
1.0097
1.0097
1.0097
1.0097
1.0097
1.0097
1.0097
1.0097
1.0097
1.0097
1.0097
1.0097
1.0097
1.0097
1.0097
1.0097
1.0097
1.0097
1.0097
1.0097
1.0097
1.0097
1.0097
1.0097
1.0097
1.0097
1.0097
1.0097
1.0097
1.0097
1.0097
1.0097
1.0097
1.0097
1.0097
1.0097
1.0097
1.0097
1.0097
1.0097
1.0097
1.0097
1.0097
1.0097
1.0097
1.0097
1.0097
1.0097
1.0097
1.0097
1.0097
1.0097
1.0097
1.0097
1.0097
1.0097
1.0097
1.0097
1.0097
1.0097
1.0097
1.0097
1.0097
1.0097
1.0097
1.0097
1.0097
1.0097
1.0097
1.0097
1.0097
1.0097
1.0097
1.0097
1.0097
1.0097
1.0097
1.0097
1.0097
1.0097
1.0097
1.0097
1.0097
1.0097
1.0097
1.0097
1.0097
1.0097
1.0097
1.0097
1.0097
1.0097
1.0097
1.0097
1.0097
1.0097
1.0097
1.0097
1.0097
1.0097
1.0097
1.0097
1.0097
1.0097
1.0097
1.0097
1.0097
1.0097
1.0097
1.0097
1.0097
1.0097
1.0097
1.0097
1.0097
1.0097
1.0097
1.0097
1.0097
1.0097
1.0097
1.0097
1.0097
1.0097
1.0097
1.0097
1.0097
1.0097
1.0097
1.0097
1.0097
1.0097
1.0097
1.0097
1.0097
1.0097
1.0097
1.0097
1.0097
1.0097
1.0097
1.0097
1.0097
1.0097
1.0097
1.0097
1.0097
1.0097
1.0097
1.0097
1.0097
1.0097
1.0097
1.0097
1.0097
1.0097
1.0097
1.0097
1.0097
1.0097
1.0097
1.0097
1.0097
1.0097
1.0097
1.0097
1.0097
1.0097
1.0097
1.0097
1.0097
1.0097
1.0097
1.0097
1.0097
1.0097
1.0097
1.0097
1.0097
1.0097
1.0097
1.0097
1.0097
1.0097
1.0097
1.0097
1.0097
1.0097
1.0097
1.0097
1.0097
1.0097
1.0097
1.0097
1.0097
1.0097
1.0097
1.0097
1.0097
1.0097
1.0097
1.0097
1.0097
1.0097
1.0097
1.0097
1.0097
1.0097
1.0097
1.0097
1.0097
1.0097
1.0097
1.0097
1.0097
1.0097
1.0097
1.0097
1.0097
1.0097
1.0097
1.0097
1.0097
1.0097
1.0097
1.0097
1.0097
1.0097
1.0097
1.0097
1.0097
1.0097
1.0097
1.0097
1.0097
1.0097
1.0097
1.0097
1.0097
1.0097
1.0097
1.0097
1.0097
1.0097
1.0097
1.0097
1.0097
1.0097
1.0097
1.0097
1.0097
1.0097
1.0097
1.0097
1.0097
1.0097
1.0097
1.0097
1.0097
1.0097
1.0097
1.0097
1.0097
1.0097
1.0097
1.0097
1.0097
1.0097
1.0097
1.0097
1.0097
1.0097
1.0097
1.0097
1.0097
1.0097
1.0097
1.0097
1.0097
1.0097
1.0097
1.0097
1.0097
1.0097
1.0097
1.0097
1.0097
1.0097
1.0097
1.0097
1.0097
1.0097
1.0097
1.0097
1.0097
1.0097
1.0097
1.0097
1.0097
1.0097
1.0097
1.0097
1.0097
1.0097
1.0097
1.0097
1.0097
1.0097
1.0097
1.0097
1.0097
1.0097
1.0097
1.0097
1.0097
1.0097
1.0097
1.0097
1.0097
1.0097
1.0097
1.0097
1.0097
1.0097
1.0097
1.0097
1.0097
1.0097
1.0097
1.0097
1.0097
1.0097
1.0097
1.0097
1.0097
1.0097
1.0097
1.0097
1.0097
1.0097
1.0097
1.0097
1.0097
1.0097
1.0097
1.0097
1.0097
1.0097
1.0097
1.0097
1.0097
1.0097
1.0097
1.0097
1.0097
1.0097
1.0097
1.0097
1.0097
1.0097
1.0097
1.0097
1.0097
1.0097
1.0097
1.0097
1.0097
1.0097
1.0097
1.0097
1.0097
1.0097
1.0097
1.0097
1.0097
1.0097
1.0097
1.0097
1.0097
1.0097
1.0097
1.0097
1.0097
1.0097
1.0097
1.0097
1.0097
1.0097
1.0097
1.0097
1.0097
1.0097
1.0097
1.0097
1.0097
1.0097
1.0097
1.0097
1.0097
1.0097
1.0097
1.0097
1.0097
1.0097
1.0097
1.0097
1.0097
1.0097
1.0097
1.0097
1.0097
1.0097
1.0097
1.0097
1.0097
1.0097
1.0097
1.0097
1.0097
1.0097
1.0097
1.0097
1.0097
1.0097
1.0097
1.0097
1.0097
1.0097
1.0097
1.0097
1.0097
1.0097
1.0097
1.0097
1.0097
1.0097
1.0097
1.0097
1.0097
1.0097
1.0097
1.0097
1.0097
1.0097
1.0097
1.0097
1.0097
1.0097
1.0097
1.0097
1.0097
1.0097
1.0097
1.0097
1.0097
1.0097
1.0097
1.0097
1.0097
1.0097
1.0097
1.0097
1.0097
1.0097
1.0097
1.0097
1.0097
1.0097
1.0097
1.0097
1.0097
1.0097
1.0097
1.0097
1.0097
1.0097
1.0097
1.0097
1.0097
1.0097
1.0097
1.0097
1.0097
1.0097
1.0097
1.0097
1.0097
1.0097
1.0097
1.0097
1.0097
1.0097
1.0097
1.0097
1.0097
1.0097
1.0097
1.0097
1.0097
1.0097
1.0097
1.0097
1.0097
1.0097
1.0097
1.0097
1.0097
1.0097
1.0097
1.0097
1.0097
1.0097
1.0097
1.0097
1.0097
1.0097
1.0097
1.0097
1.0097
1.0097
1.0097
1.0097
1.0097
1.0097
1.0097
1.0097
1.0097
1.0097
1.0097
1.0097
1.0097
1.0097
1.0097
1.0097
1.0097
1.0097
1.0097
1.0097
1.0097
1.0097
1.0097
1.0097
1.0097
1.0097
1.0097
1.0097
1.0097
1.0097
1.0097
1.0097
1.0097
1.0097
1.0097
1.0097
1.0097
1.0097
1.0097
1.0097
1.0097
1.0097
1.0097
1.0097
1.0097
1.0097
1.0097
1.0097
1.0097
1.0097
1.0097
1.0097
1.0097
1.0097
1.0097
1.0097
1.0097
1.0097
1.0097
1.0097
1.0097
1.0097
1.0097
1.0097
1.0097
1.0097
1.0097
1.0097
1.0097
1.0097
1.0097
1.0097
1.0097
1.0097
1.0097
1.0097
1.0097
1.0097
1.0097
1.0097
1.0097
1.0097
1.0097
1.0097
1.0097
1.0097
1.0097
1.0097
1.0097
1.0097
1.0097
1.0097
1.0097
1.0097
1.0097
1.0097
1.0097
1.0097
1.0097
1.0097
1.0097
1.0097
1.0097
1.0097
1.0097
1.0097
1.0097
1.0097
1.0097
1.0097
1.0097
1.0097
1.0097
1.0097
1.0097
1.0097
1.0097
1.0097
1.0097
1.0097
1.0097
1.0097
1.0097
1.0097
1.0097
1.0097
