0
0
0
0
0
0.0001297
0.000328064
0.00189209
0.00415802
0.00772858
0.016037
0.0197067
0.0338364
0.0460815
0.053093
0.0689316
0.0872116
0.107918
0.143448
0.156448
0.198494
0.213394
0.26033
0.293106
0.309891
0.344139
0.396843
0.432526
0.450424
0.504234
0.540016
0.575363
0.610138
0.644409
0.678062
0.710838
0.742577
0.773209
0.802704
0.831085
0.85833
0.884392
0.909233
0.932816
0.955132
0.976158
0.995895
1.01434
1.03149
1.04738
1.062
1.0754
1.08759
1.09859
1.11295
1.11719
1.1283
1.1344
1.13953
1.14172
1.14696
1.14939
1.15102
1.15189
1.1521
1.15166
1.15061
1.14901
1.1469
1.14294
1.14141
1.13632
1.13255
1.12852
1.12428
1.11986
1.1153
1.11063
1.10587
1.10105
1.09619
1.09131
1.08644
1.08162
1.07684
1.07211
1.06745
1.06287
1.05839
1.054
1.04973
1.04559
1.04157
1.03771
1.034
1.03045
1.02706
1.02383
1.02077
1.01788
1.01517
1.01141
1.01024
1.00803
1.00599
1.0041
1.00161
1.00014
0.998825
0.99765
0.99662
0.995728
0.99498
0.994354
0.993851
0.993462
0.993187
0.993011
0.992928
0.992935
0.993027
0.993187
0.993416
0.993713
0.99427
0.994484
0.995186
0.995697
0.996246
0.996521
0.997429
0.998039
0.99865
0.999298
0.999969
1.00064
1.00131
1.00198
1.00265
1.00326
1.00387
1.00448
1.00509
1.00568
1.00623
1.00678
1.00733
1.00783
1.00832
1.0088
1.00922
1.00965
1.01005
1.01041
1.01078
1.01125
1.0114
1.0118
1.01192
1.01228
1.01237
1.01264
1.01279
1.01292
1.01304
1.01314
1.0132
1.01326
1.01332
1.01333
1.01333
1.01333
1.01333
1.0133
1.01324
1.01318
1.01311
1.01302
1.01299
1.01293
1.01279
1.01273
1.01261
1.01249
1.01231
1.01218
1.01212
1.012
1.01182
1.0117
1.01157
1.01145
1.01133
1.01121
1.01109
1.01096
1.01084
1.01072
1.01064
1.01057
1.01048
1.01045
1.01039
1.01033
1.01024
1.01021
1.01015
1.01006
1.01003
1.00996
1.00987
1.00981
1.00978
1.00969
1.00968
1.00968
1.00968
1.00968
1.00968
1.00968
1.00968
1.00968
1.00968
1.00968
1.00968
1.00968
1.00968
1.00968
1.00968
1.00968
1.00968
1.00968
1.00968
1.00968
1.00968
1.00968
1.00968
1.00968
1.00968
1.00968
1.00968
1.00968
1.00968
1.00968
1.00968
1.00968
1.00968
1.00968
1.00968
1.00968
1.00968
1.00968
1.00968
1.00968
1.00968
1.00968
1.00968
1.00968
1.00968
1.00968
1.00968
1.00968
1.00968
1.00968
1.00968
1.00968
1.00968
1.00968
1.00968
1.00968
1.00968
1.00968
1.00968
1.00968
1.00968
1.00968
1.00968
1.00968
1.00968
1.00968
1.00968
1.00968
1.00968
1.00968
1.00968
1.00968
1.00968
1.00968
1.00968
1.00968
1.00968
1.00968
1.00968
1.00968
1.00968
1.00968
1.00968
1.00968
1.00968
1.00968
1.00968
1.00968
1.00968
1.00968
1.00968
1.00968
1.00968
1.00968
1.00968
1.00968
1.00968
1.00968
1.00968
1.00968
1.00968
1.00968
1.00968
1.00968
1.00968
1.00968
1.00968
1.00968
1.00968
1.00968
1.00968
1.00968
1.00968
1.00968
1.00968
1.00968
1.00968
1.00968
1.00968
1.00968
1.00968
1.00968
1.00968
1.00968
1.00968
1.00968
1.00968
1.00968
1.00968
1.00968
1.00968
1.00968
1.00968
1.00968
1.00968
1.00968
1.00968
1.00968
1.00968
1.00968
1.00968
1.00968
1.00968
1.00968
1.00968
1.00968
1.00968
1.00968
1.00968
1.00968
1.00968
1.00968
1.00968
1.00968
1.00968
1.00968
1.00968
1.00968
1.00968
1.00968
1.00968
1.00968
1.00968
1.00968
1.00968
1.00968
1.00968
1.00968
1.00968
1.00968
1.00968
1.00968
1.00968
1.00968
1.00968
1.00968
1.00968
1.00968
1.00968
1.00968
1.00968
1.00968
1.00968
1.00968
1.00968
1.00968
1.00968
1.00968
1.00968
1.00968
1.00968
1.00968
1.00968
1.00968
1.00968
1.00968
1.00968
1.00968
1.00968
1.00968
1.00968
1.00968
1.00968
1.00968
1.00968
1.00968
1.00968
1.00968
1.00968
1.00968
1.00968
1.00968
1.00968
1.00968
1.00968
1.00968
1.00968
1.00968
1.00968
1.00968
1.00968
1.00968
1.00968
1.00968
1.00968
1.00968
1.00968
1.00968
1.00968
1.00968
1.00968
1.00968
1.00968
1.00968
1.00968
1.00968
1.00968
1.00968
1.00968
1.00968
1.00968
1.00968
1.00968
1.00968
1.00968
1.00968
1.00968
1.00968
1.00968
1.00968
1.00968
1.00968
1.00968
1.00968
1.00968
1.00968
1.00968
1.00968
1.00968
1.00968
1.00968
1.00968
1.00968
1.00968
1.00968
1.00968
1.00968
1.00968
1.00968
1.00968
1.00968
1.00968
1.00968
1.00968
1.00968
1.00968
1.00968
1.00968
1.00968
1.00968
1.00968
1.00968
1.00968
1.00968
1.00968
1.00968
1.00968
1.00968
1.00968
1.00968
1.00968
1.00968
1.00968
1.00968
1.00968
1.00968
1.00968
1.00968
1.00968
1.00968
1.00968
1.00968
1.00968
1.00968
1.00968
1.00968
1.00968
1.00968
1.00968
1.00968
1.00968
1.00968
1.00968
1.00968
1.00968
1.00968
1.00968
1.00968
1.00968
1.00968
1.00968
1.00968
1.00968
1.00968
1.00968
1.00968
1.00968
1.00968
1.00968
1.00968
1.00968
1.00968
1.00968
1.00968
1.00968
1.00968
1.00968
1.00968
1.00968
1.00968
1.00968
1.00968
1.00968
1.00968
1.00968
1.00968
1.00968
1.00968
1.00968
1.00968
1.00968
1.00968
1.00968
1.00968
1.00968
1.00968
1.00968
1.00968
1.00968
1.00968
1.00968
1.00968
1.00968
1.00968
1.00968
1.00968
1.00968
1.00968
1.00968
1.00968
1.00968
1.00968
1.00968
1.00968
1.00968
1.00968
1.00968
1.00968
1.00968
1.00968
1.00968
1.00968
1.00968
1.00968
1.00968
1.00968
1.00968
1.00968
1.00968
1.00968
1.00968
1.00968
1.00968
1.00968
1.00968
1.00968
1.00968
1.00968
1.00968
1.00968
1.00968
1.00968
1.00968
1.00968
1.00968
1.00968
1.00968
1.00968
1.00968
1.00968
1.00968
1.00968
1.00968
1.00968
1.00968
1.00968
1.00968
1.00968
1.00968
1.00968
1.00968
1.00968
1.00968
1.00968
1.00968
1.00968
1.00968
1.00968
1.00968
1.00968
1.00968
1.00968
1.00968
1.00968
1.00968
1.00968
1.00968
1.00968
1.00968
1.00968
1.00968
1.00968
1.00968
1.00968
1.00968
1.00968
1.00968
1.00968
1.00968
1.00968
1.00968
1.00968
1.00968
1.00968
1.00968
1.00968
1.00968
1.00968
1.00968
1.00968
1.00968
1.00968
1.00968
1.00968
1.00968
1.00968
1.00968
1.00968
1.00968
1.00968
1.00968
1.00968
1.00968
1.00968
1.00968
1.00968
1.00968
1.00968
1.00968
1.00968
1.00968
1.00968
1.00968
1.00968
1.00968
1.00968
1.00968
1.00968
1.00968
1.00968
1.00968
1.00968
1.00968
1.00968
1.00968
1.00968
1.00968
1.00968
1.00968
1.00968
1.00968
1.00968
1.00968
1.00968
1.00968
1.00968
1.00968
1.00968
1.00968
1.00968
1.00968
1.00968
1.00968
1.00968
1.00968
1.00968
1.00968
1.00968
1.00968
1.00968
1.00968
1.00968
1.00968
1.00968
1.00968
1.00968
1.00968
1.00968
1.00968
1.00968
1.00968
1.00968
1.00968
1.00968
1.00968
1.00968
1.00968
1.00968
1.00968
1.00968
1.00968
1.00968
1.00968
1.00968
1.00968
1.00968
1.00968
1.00968
1.00968
1.00968
1.00968
1.00968
1.00968
1.00968
1.00968
1.00968
1.00968
1.00968
1.00968
1.00968
1.00968
1.00968
1.00968
1.00968
1.00968
1.00968
1.00968
1.00968
1.00968
1.00968
1.00968
1.00968
1.00968
1.00968
1.00968
1.00968
1.00968
1.00968
1.00968
1.00968
1.00968
1.00968
1.00968
1.00968
1.00968
1.00968
1.00968
1.00968
1.00968
1.00968
1.00968
1.00968
1.00968
1.00968
1.00968
1.00968
1.00968
1.00968
1.00968
1.00968
1.00968
1.00968
1.00968
1.00968
1.00968
1.00968
1.00968
1.00968
1.00968
1.00968
1.00968
1.00968
1.00968
1.00968
1.00968
1.00968
1.00968
1.00968
1.00968
1.00968
1.00968
1.00968
1.00968
1.00968
1.00968
1.00968
1.00968
1.00968
1.00968
1.00968
1.00968
1.00968
1.00968
1.00968
1.00968
1.00968
1.00968
1.00968
1.00968
1.00968
1.00968
1.00968
1.00968
1.00968
1.00968
1.00968
1.00968
1.00968
1.00968
1.00968
1.00968
1.00968
1.00968
1.00968
1.00968
1.00968
1.00968
1.00968
1.00968
1.00968
1.00968
1.00968
1.00968
1.00968
1.00968
1.00968
1.00968
1.00968
1.00968
1.00968
1.00968
1.00968
1.00968
1.00968
1.00968
1.00968
1.00968
1.00968
1.00968
1.00968
1.00968
1.00968
1.00968
1.00968
1.00968
1.00968
1.00968
1.00968
1.00968
1.00968
1.00968
1.00968
1.00968
1.00968
1.00968
1.00968
1.00968
1.00968
1.00968
1.00968
1.00968
1.00968
1.00968
1.00968
1.00968
1.00968
1.00968
1.00968
1.00968
1.00968
1.00968
1.00968
1.00968
1.00968
1.00968
1.00968
1.00968
1.00968
1.00968
1.00968
1.00968
1.00968
1.00968
1.00968
1.00968
1.00968
1.00968
1.00968
1.00968
1.00968
1.00968
1.00968
1.00968
1.00968
1.00968
1.00968
1.00968
1.00968
1.00968
1.00968
1.00968
1.00968
1.00968
1.00968
1.00968
1.00968
1.00968
1.00968
1.00968
1.00968
1.00968
1.00968
1.00968
1.00968
1.00968
1.00968
1.00968
1.00968
1.00968
1.00968
1.00968
1.00968
1.00968
1.00968
1.00968
1.00968
1.00968
1.00968
1.00968
1.00968
1.00968
1.00968
1.00968
1.00968
1.00968
1.00968
1.00968
1.00968
1.00968
1.00968
1.00968
1.00968
1.00968
1.00968
1.00968
1.00968
