0
0
0
0
3.8147e-05
0.000328064
0.00115967
0.00287628
0.00576019
0.0100708
0.0197067
0.0285873
0.0338364
0.0460815
0.0689316
0.0872116
0.107918
0.13102
0.156433
0.183937
0.213211
0.244019
0.276146
0.309341
0.343369
0.395493
0.413055
0.448334
0.483658
0.51886
0.553749
0.588257
0.622383
0.672386
0.704704
0.720512
0.766464
0.781258
0.823875
0.850777
0.876595
0.901314
0.924927
0.947311
0.968376
0.988129
1.00655
1.02367
1.03951
1.05412
1.06753
1.08544
1.09084
1.10534
1.11366
1.12093
1.12716
1.12991
1.1347
1.14018
1.14278
1.14462
1.14574
1.14619
1.14599
1.1452
1.14388
1.14207
1.1398
1.13712
1.13408
1.13072
1.12709
1.12321
1.11913
1.11486
1.11047
1.10596
1.10136
1.0967
1.092
1.08495
1.08025
1.07561
1.0733
1.06648
1.06207
1.0599
1.05357
1.04948
1.04554
1.04174
1.03805
1.03448
1.03107
1.02783
1.02474
1.0218
1.01903
1.01641
1.01396
1.01167
1.00954
1.00662
1.00573
1.00406
1.00254
1.00053
0.999931
0.998352
0.997452
0.996674
0.996033
0.995499
0.995079
0.994766
0.994553
0.994423
0.994385
0.994469
0.994614
0.994827
0.995094
0.995415
0.995781
0.996208
0.996658
0.997147
0.997665
0.998215
0.998764
0.999352
0.999962
1.00057
1.00118
1.0021
1.00271
1.00332
1.00393
1.00454
1.00511
1.00594
1.00648
1.007
1.00749
1.00798
1.00843
1.00886
1.00928
1.00966
1.01003
1.01038
1.01069
1.01099
1.01128
1.01152
1.01176
1.01198
1.01216
1.01234
1.0125
1.01262
1.01274
1.01285
1.01291
1.013
1.01303
1.01307
1.01307
1.01307
1.01307
1.01307
1.01301
1.01298
1.01292
1.01286
1.01276
1.0127
1.01267
1.01258
1.0125
1.01237
1.01231
1.01213
1.01201
1.01189
1.01176
1.01164
1.01152
1.0114
1.01128
1.01115
1.01103
1.01091
1.01081
1.01075
1.01069
1.0106
1.01054
1.01048
1.01041
1.01035
1.01029
1.01023
1.01017
1.01011
1.01005
1.00999
1.0099
1.00986
1.00977
1.00974
1.00974
1.00974
1.00974
1.00974
1.00974
1.00974
1.00974
1.00974
1.00974
1.00974
1.00974
1.00974
1.00974
1.00974
1.00974
1.00974
1.00974
1.00974
1.00974
1.00974
1.00974
1.00974
1.00974
1.00974
1.00974
1.00974
1.00974
1.00974
1.00974
1.00974
1.00974
1.00974
1.00974
1.00974
1.00974
1.00974
1.00974
1.00974
1.00974
1.00974
1.00974
1.00974
1.00974
1.00974
1.00974
1.00974
1.00974
1.00974
1.00974
1.00974
1.00974
1.00974
1.00974
1.00974
1.00974
1.00974
1.00974
1.00974
1.00974
1.00974
1.00974
1.00974
1.00974
1.00974
1.00974
1.00974
1.00974
1.00974
1.00974
1.00974
1.00974
1.00974
1.00974
1.00974
1.00974
1.00974
1.00974
1.00974
1.00974
1.00974
1.00974
1.00974
1.00974
1.00974
1.00974
1.00974
1.00974
1.00974
1.00974
1.00974
1.00974
1.00974
1.00974
1.00974
1.00974
1.00974
1.00974
1.00974
1.00974
1.00974
1.00974
1.00974
1.00974
1.00974
1.00974
1.00974
1.00974
1.00974
1.00974
1.00974
1.00974
1.00974
1.00974
1.00974
1.00974
1.00974
1.00974
1.00974
1.00974
1.00974
1.00974
1.00974
1.00974
1.00974
1.00974
1.00974
1.00974
1.00974
1.00974
1.00974
1.00974
1.00974
1.00974
1.00974
1.00974
1.00974
1.00974
1.00974
1.00974
1.00974
1.00974
1.00974
1.00974
1.00974
1.00974
1.00974
1.00974
1.00974
1.00974
1.00974
1.00974
1.00974
1.00974
1.00974
1.00974
1.00974
1.00974
1.00974
1.00974
1.00974
1.00974
1.00974
1.00974
1.00974
1.00974
1.00974
1.00974
1.00974
1.00974
1.00974
1.00974
1.00974
1.00974
1.00974
1.00974
1.00974
1.00974
1.00974
1.00974
1.00974
1.00974
1.00974
1.00974
1.00974
1.00974
1.00974
1.00974
1.00974
1.00974
1.00974
1.00974
1.00974
1.00974
1.00974
1.00974
1.00974
1.00974
1.00974
1.00974
1.00974
1.00974
1.00974
1.00974
1.00974
1.00974
1.00974
1.00974
1.00974
1.00974
1.00974
1.00974
1.00974
1.00974
1.00974
1.00974
1.00974
1.00974
1.00974
1.00974
1.00974
1.00974
1.00974
1.00974
1.00974
1.00974
1.00974
1.00974
1.00974
1.00974
1.00974
1.00974
1.00974
1.00974
1.00974
1.00974
1.00974
1.00974
1.00974
1.00974
1.00974
1.00974
1.00974
1.00974
1.00974
1.00974
1.00974
1.00974
1.00974
1.00974
1.00974
1.00974
1.00974
1.00974
1.00974
1.00974
1.00974
1.00974
1.00974
1.00974
1.00974
1.00974
1.00974
1.00974
1.00974
1.00974
1.00974
1.00974
1.00974
1.00974
1.00974
1.00974
1.00974
1.00974
1.00974
1.00974
1.00974
1.00974
1.00974
1.00974
1.00974
1.00974
1.00974
1.00974
1.00974
1.00974
1.00974
1.00974
1.00974
1.00974
1.00974
1.00974
1.00974
1.00974
1.00974
1.00974
1.00974
1.00974
1.00974
1.00974
1.00974
1.00974
1.00974
1.00974
1.00974
1.00974
1.00974
1.00974
1.00974
1.00974
1.00974
1.00974
1.00974
1.00974
1.00974
1.00974
1.00974
1.00974
1.00974
1.00974
1.00974
1.00974
1.00974
1.00974
1.00974
1.00974
1.00974
1.00974
1.00974
1.00974
1.00974
1.00974
1.00974
1.00974
1.00974
1.00974
1.00974
1.00974
1.00974
1.00974
1.00974
1.00974
1.00974
1.00974
1.00974
1.00974
1.00974
1.00974
1.00974
1.00974
1.00974
1.00974
1.00974
1.00974
1.00974
1.00974
1.00974
1.00974
1.00974
1.00974
1.00974
1.00974
1.00974
1.00974
1.00974
1.00974
1.00974
1.00974
1.00974
1.00974
1.00974
1.00974
1.00974
1.00974
1.00974
1.00974
1.00974
1.00974
1.00974
1.00974
1.00974
1.00974
1.00974
1.00974
1.00974
1.00974
1.00974
1.00974
1.00974
1.00974
1.00974
1.00974
1.00974
1.00974
1.00974
1.00974
1.00974
1.00974
1.00974
1.00974
1.00974
1.00974
1.00974
1.00974
1.00974
1.00974
1.00974
1.00974
1.00974
1.00974
1.00974
1.00974
1.00974
1.00974
1.00974
1.00974
1.00974
1.00974
1.00974
1.00974
1.00974
1.00974
1.00974
1.00974
1.00974
1.00974
1.00974
1.00974
1.00974
1.00974
1.00974
1.00974
1.00974
1.00974
1.00974
1.00974
1.00974
1.00974
1.00974
1.00974
1.00974
1.00974
1.00974
1.00974
1.00974
1.00974
1.00974
1.00974
1.00974
1.00974
1.00974
1.00974
1.00974
1.00974
1.00974
1.00974
1.00974
1.00974
1.00974
1.00974
1.00974
1.00974
1.00974
1.00974
1.00974
1.00974
1.00974
1.00974
1.00974
1.00974
1.00974
1.00974
1.00974
1.00974
1.00974
1.00974
1.00974
1.00974
1.00974
1.00974
1.00974
1.00974
1.00974
1.00974
1.00974
1.00974
1.00974
1.00974
1.00974
1.00974
1.00974
1.00974
1.00974
1.00974
1.00974
1.00974
1.00974
1.00974
1.00974
1.00974
1.00974
1.00974
1.00974
1.00974
1.00974
1.00974
1.00974
1.00974
1.00974
1.00974
1.00974
1.00974
1.00974
1.00974
1.00974
1.00974
1.00974
1.00974
1.00974
1.00974
1.00974
1.00974
1.00974
1.00974
1.00974
1.00974
1.00974
1.00974
1.00974
1.00974
1.00974
1.00974
1.00974
1.00974
1.00974
1.00974
1.00974
1.00974
1.00974
1.00974
1.00974
1.00974
1.00974
1.00974
1.00974
1.00974
1.00974
1.00974
1.00974
1.00974
1.00974
1.00974
1.00974
1.00974
1.00974
1.00974
1.00974
1.00974
1.00974
1.00974
1.00974
1.00974
1.00974
1.00974
1.00974
1.00974
1.00974
1.00974
1.00974
1.00974
1.00974
1.00974
1.00974
1.00974
1.00974
1.00974
1.00974
1.00974
1.00974
1.00974
1.00974
1.00974
1.00974
1.00974
1.00974
1.00974
1.00974
1.00974
1.00974
1.00974
1.00974
1.00974
1.00974
1.00974
1.00974
1.00974
1.00974
1.00974
1.00974
1.00974
1.00974
1.00974
1.00974
1.00974
1.00974
1.00974
1.00974
1.00974
1.00974
1.00974
1.00974
1.00974
1.00974
1.00974
1.00974
1.00974
1.00974
1.00974
1.00974
1.00974
1.00974
1.00974
1.00974
1.00974
1.00974
1.00974
1.00974
1.00974
1.00974
1.00974
1.00974
1.00974
1.00974
1.00974
1.00974
1.00974
1.00974
1.00974
1.00974
1.00974
1.00974
1.00974
1.00974
1.00974
1.00974
1.00974
1.00974
1.00974
1.00974
1.00974
1.00974
1.00974
1.00974
1.00974
1.00974
1.00974
1.00974
1.00974
1.00974
1.00974
1.00974
1.00974
1.00974
1.00974
1.00974
1.00974
1.00974
1.00974
1.00974
1.00974
1.00974
1.00974
1.00974
1.00974
1.00974
1.00974
1.00974
1.00974
1.00974
1.00974
1.00974
1.00974
1.00974
1.00974
1.00974
1.00974
1.00974
1.00974
1.00974
1.00974
1.00974
1.00974
1.00974
1.00974
1.00974
1.00974
1.00974
1.00974
1.00974
1.00974
1.00974
1.00974
1.00974
1.00974
1.00974
1.00974
1.00974
1.00974
1.00974
1.00974
1.00974
1.00974
1.00974
1.00974
1.00974
1.00974
1.00974
1.00974
1.00974
1.00974
1.00974
1.00974
1.00974
1.00974
1.00974
1.00974
1.00974
1.00974
1.00974
1.00974
1.00974
1.00974
1.00974
1.00974
1.00974
1.00974
1.00974
1.00974
1.00974
1.00974
1.00974
1.00974
1.00974
1.00974
1.00974
1.00974
1.00974
1.00974
1.00974
1.00974
1.00974
1.00974
1.00974
1.00974
1.00974
1.00974
1.00974
1.00974
1.00974
1.00974
1.00974
1.00974
1.00974
1.00974
1.00974
1.00974
1.00974
1.00974
1.00974
1.00974
1.00974
1.00974
1.00974
1.00974
1.00974
1.00974
1.00974
1.00974
1.00974
1.00974
1.00974
1.00974
1.00974
1.00974
1.00974
1.00974
1.00974
1.00974
1.00974
