0
0
0
0
3.8147e-05
0.000328064
0.00115967
0.00287628
0.00576019
0.0100708
0.016037
0.0238876
0.0338364
0.0460815
0.0607071
0.0777664
0.0972672
0.13102
0.156433
0.183952
0.21331
0.244278
0.276558
0.30986
0.343956
0.378654
0.431366
0.449028
0.484344
0.519524
0.554405
0.605835
0.639488
0.672531
0.704765
0.736061
0.766266
0.795319
0.823219
0.849983
0.875603
0.900047
0.923271
0.945274
0.975952
0.98555
1.00381
1.02083
1.03661
1.05115
1.0644
1.08211
1.08746
1.10185
1.11011
1.11733
1.12353
1.12875
1.13308
1.13652
1.14016
1.14165
1.14245
1.14259
1.14214
1.14114
1.1396
1.13762
1.13522
1.13245
1.12936
1.12598
1.12235
1.11848
1.11443
1.11021
1.10586
1.1014
1.09687
1.09229
1.08766
1.08302
1.0784
1.07382
1.06928
1.06481
1.06042
1.05611
1.05192
1.04784
1.04389
1.04007
1.03639
1.03286
1.02949
1.02471
1.0232
1.0203
1.01756
1.01377
1.01146
1.00932
1.00732
1.00549
1.00382
1.00232
1.00097
0.999756
0.99868
0.99733
0.996941
0.996254
0.995689
0.995232
0.994759
0.994644
0.994492
0.994423
0.994469
0.994598
0.994789
0.995041
0.995346
0.995712
0.996117
0.996544
0.997032
0.99752
0.99807
0.998619
0.999168
0.999763
1.00037
1.00098
1.0019
1.0022
1.00312
1.00373
1.00434
1.00491
1.00546
1.006
1.00655
1.00705
1.00754
1.00803
1.00847
1.0089
1.00932
1.00969
1.01006
1.0104
1.01086
1.01101
1.01128
1.01152
1.01176
1.01196
1.01223
1.01239
1.01251
1.01263
1.01275
1.01281
1.01287
1.01293
1.01297
1.01297
1.01297
1.01297
1.01297
1.01295
1.01289
1.01283
1.01277
1.01271
1.01265
1.01259
1.0125
1.01244
1.01235
1.01223
1.01211
1.01199
1.01186
1.01174
1.01162
1.0115
1.01138
1.01125
1.01113
1.01101
1.0109
1.01084
1.01078
1.01069
1.01066
1.01057
1.01051
1.01044
1.01038
1.01032
1.01026
1.0102
1.01014
1.01008
1.01002
1.00996
1.0099
1.00983
1.00978
1.00978
1.00978
1.00978
1.00978
1.00978
1.00978
1.00978
1.00978
1.00978
1.00978
1.00978
1.00978
1.00978
1.00978
1.00978
1.00978
1.00978
1.00978
1.00978
1.00978
1.00978
1.00978
1.00978
1.00978
1.00978
1.00978
1.00978
1.00978
1.00978
1.00978
1.00978
1.00978
1.00978
1.00978
1.00978
1.00978
1.00978
1.00978
1.00978
1.00978
1.00978
1.00978
1.00978
1.00978
1.00978
1.00978
1.00978
1.00978
1.00978
1.00978
1.00978
1.00978
1.00978
1.00978
1.00978
1.00978
1.00978
1.00978
1.00978
1.00978
1.00978
1.00978
1.00978
1.00978
1.00978
1.00978
1.00978
1.00978
1.00978
1.00978
1.00978
1.00978
1.00978
1.00978
1.00978
1.00978
1.00978
1.00978
1.00978
1.00978
1.00978
1.00978
1.00978
1.00978
1.00978
1.00978
1.00978
1.00978
1.00978
1.00978
1.00978
1.00978
1.00978
1.00978
1.00978
1.00978
1.00978
1.00978
1.00978
1.00978
1.00978
1.00978
1.00978
1.00978
1.00978
1.00978
1.00978
1.00978
1.00978
1.00978
1.00978
1.00978
1.00978
1.00978
1.00978
1.00978
1.00978
1.00978
1.00978
1.00978
1.00978
1.00978
1.00978
1.00978
1.00978
1.00978
1.00978
1.00978
1.00978
1.00978
1.00978
1.00978
1.00978
1.00978
1.00978
1.00978
1.00978
1.00978
1.00978
1.00978
1.00978
1.00978
1.00978
1.00978
1.00978
1.00978
1.00978
1.00978
1.00978
1.00978
1.00978
1.00978
1.00978
1.00978
1.00978
1.00978
1.00978
1.00978
1.00978
1.00978
1.00978
1.00978
1.00978
1.00978
1.00978
1.00978
1.00978
1.00978
1.00978
1.00978
1.00978
1.00978
1.00978
1.00978
1.00978
1.00978
1.00978
1.00978
1.00978
1.00978
1.00978
1.00978
1.00978
1.00978
1.00978
1.00978
1.00978
1.00978
1.00978
1.00978
1.00978
1.00978
1.00978
1.00978
1.00978
1.00978
1.00978
1.00978
1.00978
1.00978
1.00978
1.00978
1.00978
1.00978
1.00978
1.00978
1.00978
1.00978
1.00978
1.00978
1.00978
1.00978
1.00978
1.00978
1.00978
1.00978
1.00978
1.00978
1.00978
1.00978
1.00978
1.00978
1.00978
1.00978
1.00978
1.00978
1.00978
1.00978
1.00978
1.00978
1.00978
1.00978
1.00978
1.00978
1.00978
1.00978
1.00978
1.00978
1.00978
1.00978
1.00978
1.00978
1.00978
1.00978
1.00978
1.00978
1.00978
1.00978
1.00978
1.00978
1.00978
1.00978
1.00978
1.00978
1.00978
1.00978
1.00978
1.00978
1.00978
1.00978
1.00978
1.00978
1.00978
1.00978
1.00978
1.00978
1.00978
1.00978
1.00978
1.00978
1.00978
1.00978
1.00978
1.00978
1.00978
1.00978
1.00978
1.00978
1.00978
1.00978
1.00978
1.00978
1.00978
1.00978
1.00978
1.00978
1.00978
1.00978
1.00978
1.00978
1.00978
1.00978
1.00978
1.00978
1.00978
1.00978
1.00978
1.00978
1.00978
1.00978
1.00978
1.00978
1.00978
1.00978
1.00978
1.00978
1.00978
1.00978
1.00978
1.00978
1.00978
1.00978
1.00978
1.00978
1.00978
1.00978
1.00978
1.00978
1.00978
1.00978
1.00978
1.00978
1.00978
1.00978
1.00978
1.00978
1.00978
1.00978
1.00978
1.00978
1.00978
1.00978
1.00978
1.00978
1.00978
1.00978
1.00978
1.00978
1.00978
1.00978
1.00978
1.00978
1.00978
1.00978
1.00978
1.00978
1.00978
1.00978
1.00978
1.00978
1.00978
1.00978
1.00978
1.00978
1.00978
1.00978
1.00978
1.00978
1.00978
1.00978
1.00978
1.00978
1.00978
1.00978
1.00978
1.00978
1.00978
1.00978
1.00978
1.00978
1.00978
1.00978
1.00978
1.00978
1.00978
1.00978
1.00978
1.00978
1.00978
1.00978
1.00978
1.00978
1.00978
1.00978
1.00978
1.00978
1.00978
1.00978
1.00978
1.00978
1.00978
1.00978
1.00978
1.00978
1.00978
1.00978
1.00978
1.00978
1.00978
1.00978
1.00978
1.00978
1.00978
1.00978
1.00978
1.00978
1.00978
1.00978
1.00978
1.00978
1.00978
1.00978
1.00978
1.00978
1.00978
1.00978
1.00978
1.00978
1.00978
1.00978
1.00978
1.00978
1.00978
1.00978
1.00978
1.00978
1.00978
1.00978
1.00978
1.00978
1.00978
1.00978
1.00978
1.00978
1.00978
1.00978
1.00978
1.00978
1.00978
1.00978
1.00978
1.00978
1.00978
1.00978
1.00978
1.00978
1.00978
1.00978
1.00978
1.00978
1.00978
1.00978
1.00978
1.00978
1.00978
1.00978
1.00978
1.00978
1.00978
1.00978
1.00978
1.00978
1.00978
1.00978
1.00978
1.00978
1.00978
1.00978
1.00978
1.00978
1.00978
1.00978
1.00978
1.00978
1.00978
1.00978
1.00978
1.00978
1.00978
1.00978
1.00978
1.00978
1.00978
1.00978
1.00978
1.00978
1.00978
1.00978
1.00978
1.00978
1.00978
1.00978
1.00978
1.00978
1.00978
1.00978
1.00978
1.00978
1.00978
1.00978
1.00978
1.00978
1.00978
1.00978
1.00978
1.00978
1.00978
1.00978
1.00978
1.00978
1.00978
1.00978
1.00978
1.00978
1.00978
1.00978
1.00978
1.00978
1.00978
1.00978
1.00978
1.00978
1.00978
1.00978
1.00978
1.00978
1.00978
1.00978
1.00978
1.00978
1.00978
1.00978
1.00978
1.00978
1.00978
1.00978
1.00978
1.00978
1.00978
1.00978
1.00978
1.00978
1.00978
1.00978
1.00978
1.00978
1.00978
1.00978
1.00978
1.00978
1.00978
1.00978
1.00978
1.00978
1.00978
1.00978
1.00978
1.00978
1.00978
1.00978
1.00978
1.00978
1.00978
1.00978
1.00978
1.00978
1.00978
1.00978
1.00978
1.00978
1.00978
1.00978
1.00978
1.00978
1.00978
1.00978
1.00978
1.00978
1.00978
1.00978
1.00978
1.00978
1.00978
1.00978
1.00978
1.00978
1.00978
1.00978
1.00978
1.00978
1.00978
1.00978
1.00978
1.00978
1.00978
1.00978
1.00978
1.00978
1.00978
1.00978
1.00978
1.00978
1.00978
1.00978
1.00978
1.00978
1.00978
1.00978
1.00978
1.00978
1.00978
1.00978
1.00978
1.00978
1.00978
1.00978
1.00978
1.00978
1.00978
1.00978
1.00978
1.00978
1.00978
1.00978
1.00978
1.00978
1.00978
1.00978
1.00978
1.00978
1.00978
1.00978
1.00978
1.00978
1.00978
1.00978
1.00978
1.00978
1.00978
1.00978
1.00978
1.00978
1.00978
1.00978
1.00978
1.00978
1.00978
1.00978
1.00978
1.00978
1.00978
1.00978
1.00978
1.00978
1.00978
1.00978
1.00978
1.00978
1.00978
1.00978
1.00978
1.00978
1.00978
1.00978
1.00978
1.00978
1.00978
1.00978
1.00978
1.00978
1.00978
1.00978
1.00978
1.00978
1.00978
1.00978
1.00978
1.00978
1.00978
1.00978
1.00978
1.00978
1.00978
1.00978
1.00978
1.00978
1.00978
1.00978
1.00978
1.00978
1.00978
1.00978
1.00978
1.00978
1.00978
1.00978
1.00978
1.00978
1.00978
1.00978
1.00978
1.00978
1.00978
1.00978
1.00978
1.00978
1.00978
1.00978
1.00978
1.00978
1.00978
1.00978
1.00978
1.00978
1.00978
1.00978
1.00978
1.00978
1.00978
1.00978
1.00978
1.00978
1.00978
1.00978
1.00978
1.00978
1.00978
1.00978
1.00978
1.00978
1.00978
1.00978
1.00978
1.00978
1.00978
1.00978
1.00978
1.00978
1.00978
1.00978
1.00978
1.00978
1.00978
1.00978
1.00978
1.00978
1.00978
1.00978
1.00978
1.00978
1.00978
1.00978
1.00978
1.00978
1.00978
1.00978
1.00978
1.00978
1.00978
1.00978
1.00978
1.00978
1.00978
1.00978
1.00978
1.00978
1.00978
1.00978
1.00978
1.00978
1.00978
1.00978
1.00978
1.00978
1.00978
1.00978
1.00978
1.00978
1.00978
1.00978
1.00978
1.00978
1.00978
1.00978
1.00978
1.00978
1.00978
1.00978
1.00978
