0
0
0
0
0
3.8147e-05
0.000328064
0.00115967
0.00287628
0.00576019
0.0100708
0.016037
0.0238876
0.0338364
0.053093
0.0607071
0.0872116
0.0972672
0.119164
0.14344
0.183861
0.213219
0.244232
0.276672
0.310242
0.327354
0.379562
0.432541
0.468002
0.503464
0.538895
0.57412
0.608833
0.642799
0.675903
0.708069
0.739182
0.769218
0.798103
0.825798
0.852257
0.877457
0.90139
0.924095
0.945534
0.965652
0.984489
1.0021
1.0185
1.03371
1.04775
1.06063
1.07238
1.08302
1.09258
1.10497
1.1086
1.11514
1.1232
1.12747
1.13089
1.13351
1.13541
1.13658
1.13709
1.13673
1.13583
1.13443
1.13258
1.13034
1.12774
1.12481
1.11987
1.1181
1.1125
1.11053
1.10651
1.10236
1.09812
1.09164
1.08725
1.08286
1.07846
1.07407
1.06973
1.06547
1.06128
1.05717
1.05316
1.04926
1.04548
1.04182
1.0383
1.03492
1.03168
1.02858
1.02422
1.02151
1.01894
1.01653
1.01428
1.0122
1.01028
1.0085
1.00687
1.00539
1.00404
1.00282
1.00172
1.00074
0.999886
0.999146
0.998512
0.997757
0.997368
0.997078
0.996872
0.996742
0.996696
0.996719
0.996803
0.99704
0.997147
0.997543
0.997849
0.998215
0.998589
0.999016
0.999443
0.999908
1.0004
1.00089
1.00137
1.00186
1.00239
1.00294
1.00376
1.00427
1.00476
1.00525
1.00574
1.00623
1.00671
1.00715
1.00758
1.008
1.00842
1.00897
1.00916
1.00968
1.00999
1.01029
1.01057
1.01082
1.01106
1.01128
1.01147
1.01165
1.01183
1.01196
1.01208
1.0122
1.01231
1.01237
1.01243
1.01249
1.01255
1.01257
1.01257
1.01257
1.01257
1.01257
1.01254
1.01248
1.01242
1.01236
1.0123
1.01224
1.01218
1.01212
1.01205
1.01199
1.01193
1.01187
1.01181
1.01175
1.01166
1.01163
1.01154
1.01147
1.01141
1.01135
1.01129
1.01123
1.01117
1.01111
1.01105
1.01099
1.01093
1.01086
1.0108
1.01074
1.01068
1.01062
1.01056
1.0105
1.01044
1.01038
1.01031
1.01025
1.01019
1.01013
1.01004
1.01001
1.00995
1.00989
1.00983
1.00981
1.00981
1.00981
1.00981
1.00981
1.00981
1.00981
1.00981
1.00981
1.00981
1.00981
1.00981
1.00981
1.00981
1.00981
1.00981
1.00981
1.00981
1.00981
1.00981
1.00981
1.00981
1.00981
1.00981
1.00981
1.00981
1.00981
1.00981
1.00981
1.00981
1.00981
1.00981
1.00981
1.00981
1.00981
1.00981
1.00981
1.00981
1.00981
1.00981
1.00981
1.00981
1.00981
1.00981
1.00981
1.00981
1.00981
1.00981
1.00981
1.00981
1.00981
1.00981
1.00981
1.00981
1.00981
1.00981
1.00981
1.00981
1.00981
1.00981
1.00981
1.00981
1.00981
1.00981
1.00981
1.00981
1.00981
1.00981
1.00981
1.00981
1.00981
1.00981
1.00981
1.00981
1.00981
1.00981
1.00981
1.00981
1.00981
1.00981
1.00981
1.00981
1.00981
1.00981
1.00981
1.00981
1.00981
1.00981
1.00981
1.00981
1.00981
1.00981
1.00981
1.00981
1.00981
1.00981
1.00981
1.00981
1.00981
1.00981
1.00981
1.00981
1.00981
1.00981
1.00981
1.00981
1.00981
1.00981
1.00981
1.00981
1.00981
1.00981
1.00981
1.00981
1.00981
1.00981
1.00981
1.00981
1.00981
1.00981
1.00981
1.00981
1.00981
1.00981
1.00981
1.00981
1.00981
1.00981
1.00981
1.00981
1.00981
1.00981
1.00981
1.00981
1.00981
1.00981
1.00981
1.00981
1.00981
1.00981
1.00981
1.00981
1.00981
1.00981
1.00981
1.00981
1.00981
1.00981
1.00981
1.00981
1.00981
1.00981
1.00981
1.00981
1.00981
1.00981
1.00981
1.00981
1.00981
1.00981
1.00981
1.00981
1.00981
1.00981
1.00981
1.00981
1.00981
1.00981
1.00981
1.00981
1.00981
1.00981
1.00981
1.00981
1.00981
1.00981
1.00981
1.00981
1.00981
1.00981
1.00981
1.00981
1.00981
1.00981
1.00981
1.00981
1.00981
1.00981
1.00981
1.00981
1.00981
1.00981
1.00981
1.00981
1.00981
1.00981
1.00981
1.00981
1.00981
1.00981
1.00981
1.00981
1.00981
1.00981
1.00981
1.00981
1.00981
1.00981
1.00981
1.00981
1.00981
1.00981
1.00981
1.00981
1.00981
1.00981
1.00981
1.00981
1.00981
1.00981
1.00981
1.00981
1.00981
1.00981
1.00981
1.00981
1.00981
1.00981
1.00981
1.00981
1.00981
1.00981
1.00981
1.00981
1.00981
1.00981
1.00981
1.00981
1.00981
1.00981
1.00981
1.00981
1.00981
1.00981
1.00981
1.00981
1.00981
1.00981
1.00981
1.00981
1.00981
1.00981
1.00981
1.00981
1.00981
1.00981
1.00981
1.00981
1.00981
1.00981
1.00981
1.00981
1.00981
1.00981
1.00981
1.00981
1.00981
1.00981
1.00981
1.00981
1.00981
1.00981
1.00981
1.00981
1.00981
1.00981
1.00981
1.00981
1.00981
1.00981
1.00981
1.00981
1.00981
1.00981
1.00981
1.00981
1.00981
1.00981
1.00981
1.00981
1.00981
1.00981
1.00981
1.00981
1.00981
1.00981
1.00981
1.00981
1.00981
1.00981
1.00981
1.00981
1.00981
1.00981
1.00981
1.00981
1.00981
1.00981
1.00981
1.00981
1.00981
1.00981
1.00981
1.00981
1.00981
1.00981
1.00981
1.00981
1.00981
1.00981
1.00981
1.00981
1.00981
1.00981
1.00981
1.00981
1.00981
1.00981
1.00981
1.00981
1.00981
1.00981
1.00981
1.00981
1.00981
1.00981
1.00981
1.00981
1.00981
1.00981
1.00981
1.00981
1.00981
1.00981
1.00981
1.00981
1.00981
1.00981
1.00981
1.00981
1.00981
1.00981
1.00981
1.00981
1.00981
1.00981
1.00981
1.00981
1.00981
1.00981
1.00981
1.00981
1.00981
1.00981
1.00981
1.00981
1.00981
1.00981
1.00981
1.00981
1.00981
1.00981
1.00981
1.00981
1.00981
1.00981
1.00981
1.00981
1.00981
1.00981
1.00981
1.00981
1.00981
1.00981
1.00981
1.00981
1.00981
1.00981
1.00981
1.00981
1.00981
1.00981
1.00981
1.00981
1.00981
1.00981
1.00981
1.00981
1.00981
1.00981
1.00981
1.00981
1.00981
1.00981
1.00981
1.00981
1.00981
1.00981
1.00981
1.00981
1.00981
1.00981
1.00981
1.00981
1.00981
1.00981
1.00981
1.00981
1.00981
1.00981
1.00981
1.00981
1.00981
1.00981
1.00981
1.00981
1.00981
1.00981
1.00981
1.00981
1.00981
1.00981
1.00981
1.00981
1.00981
1.00981
1.00981
1.00981
1.00981
1.00981
1.00981
1.00981
1.00981
1.00981
1.00981
1.00981
1.00981
1.00981
1.00981
1.00981
1.00981
1.00981
1.00981
1.00981
1.00981
1.00981
1.00981
1.00981
1.00981
1.00981
1.00981
1.00981
1.00981
1.00981
1.00981
1.00981
1.00981
1.00981
1.00981
1.00981
1.00981
1.00981
1.00981
1.00981
1.00981
1.00981
1.00981
1.00981
1.00981
1.00981
1.00981
1.00981
1.00981
1.00981
1.00981
1.00981
1.00981
1.00981
1.00981
1.00981
1.00981
1.00981
1.00981
1.00981
1.00981
1.00981
1.00981
1.00981
1.00981
1.00981
1.00981
1.00981
1.00981
1.00981
1.00981
1.00981
1.00981
1.00981
1.00981
1.00981
1.00981
1.00981
1.00981
1.00981
1.00981
1.00981
1.00981
1.00981
1.00981
1.00981
1.00981
1.00981
1.00981
1.00981
1.00981
1.00981
1.00981
1.00981
1.00981
1.00981
1.00981
1.00981
1.00981
1.00981
1.00981
1.00981
1.00981
1.00981
1.00981
1.00981
1.00981
1.00981
1.00981
1.00981
1.00981
1.00981
1.00981
1.00981
1.00981
1.00981
1.00981
1.00981
1.00981
1.00981
1.00981
1.00981
1.00981
1.00981
1.00981
1.00981
1.00981
1.00981
1.00981
1.00981
1.00981
1.00981
1.00981
1.00981
1.00981
1.00981
1.00981
1.00981
1.00981
1.00981
1.00981
1.00981
1.00981
1.00981
1.00981
1.00981
1.00981
1.00981
1.00981
1.00981
1.00981
1.00981
1.00981
1.00981
1.00981
1.00981
1.00981
1.00981
1.00981
1.00981
1.00981
1.00981
1.00981
1.00981
1.00981
1.00981
1.00981
1.00981
1.00981
1.00981
1.00981
1.00981
1.00981
1.00981
1.00981
1.00981
1.00981
1.00981
1.00981
1.00981
1.00981
1.00981
1.00981
1.00981
1.00981
1.00981
1.00981
1.00981
1.00981
1.00981
1.00981
1.00981
1.00981
1.00981
1.00981
1.00981
1.00981
1.00981
1.00981
1.00981
1.00981
1.00981
1.00981
1.00981
1.00981
1.00981
1.00981
1.00981
1.00981
1.00981
1.00981
1.00981
1.00981
1.00981
1.00981
1.00981
1.00981
1.00981
1.00981
1.00981
1.00981
1.00981
1.00981
1.00981
1.00981
1.00981
1.00981
1.00981
1.00981
1.00981
1.00981
1.00981
1.00981
1.00981
1.00981
1.00981
1.00981
1.00981
1.00981
1.00981
1.00981
1.00981
1.00981
1.00981
1.00981
1.00981
1.00981
1.00981
1.00981
1.00981
1.00981
1.00981
1.00981
1.00981
1.00981
1.00981
1.00981
1.00981
1.00981
1.00981
1.00981
1.00981
1.00981
1.00981
1.00981
1.00981
1.00981
1.00981
1.00981
1.00981
1.00981
1.00981
1.00981
1.00981
1.00981
1.00981
1.00981
1.00981
1.00981
1.00981
1.00981
1.00981
1.00981
1.00981
1.00981
1.00981
1.00981
1.00981
1.00981
1.00981
1.00981
1.00981
1.00981
1.00981
1.00981
1.00981
1.00981
1.00981
1.00981
1.00981
1.00981
1.00981
1.00981
1.00981
1.00981
1.00981
1.00981
1.00981
1.00981
1.00981
1.00981
1.00981
1.00981
1.00981
1.00981
1.00981
1.00981
1.00981
1.00981
1.00981
1.00981
1.00981
1.00981
1.00981
1.00981
1.00981
1.00981
1.00981
1.00981
1.00981
1.00981
1.00981
1.00981
1.00981
1.00981
1.00981
1.00981
1.00981
1.00981
1.00981
1.00981
1.00981
1.00981
1.00981
1.00981
1.00981
1.00981
1.00981
1.00981
