0
0
0
0
0
0.0001297
0.000656128
0.00189209
0.00415802
0.00772858
0.016037
0.0238876
0.0285873
0.0460815
0.0607071
0.0777664
0.0972672
0.119164
0.143379
0.169708
0.197899
0.227715
0.258896
0.291214
0.324501
0.358528
0.393097
0.428032
0.463158
0.498299
0.533302
0.568001
0.602264
0.635948
0.668938
0.701149
0.732468
0.762833
0.792168
0.820412
0.860626
0.873436
0.898148
0.932861
0.954414
0.974632
0.993477
1.0111
1.02744
1.04243
1.05616
1.06868
1.08002
1.09021
1.0993
1.10732
1.11431
1.12032
1.12539
1.12957
1.13292
1.13546
1.13726
1.13865
1.13879
1.13834
1.13734
1.13584
1.13392
1.13159
1.12891
1.12591
1.12264
1.11913
1.11543
1.11155
1.10752
1.10337
1.09912
1.0948
1.09041
1.08601
1.08156
1.07716
1.07058
1.06626
1.06413
1.05784
1.05376
1.0498
1.04598
1.04411
1.0387
1.03528
1.032
1.02888
1.02737
1.02305
1.02037
1.01786
1.0155
1.01329
1.01122
1.00932
1.00758
1.00597
1.00452
1.0032
1.00201
1.00096
1.00003
0.999222
0.99852
0.997681
0.997246
0.99691
0.996666
0.996506
0.996422
0.996414
0.996483
0.996605
0.996788
0.997025
0.997307
0.997627
0.997993
0.99839
0.998817
0.99926
0.999748
1.00024
1.00072
1.00124
1.00179
1.00233
1.00288
1.00343
1.00398
1.00453
1.00504
1.00553
1.00602
1.00675
1.00723
1.00744
1.00808
1.00851
1.00889
1.00925
1.00962
1.00994
1.01025
1.01055
1.01081
1.01105
1.0113
1.0115
1.01168
1.01186
1.01202
1.01214
1.01226
1.01242
1.01245
1.01251
1.01257
1.01263
1.01266
1.01266
1.01266
1.01266
1.01266
1.01263
1.01257
1.0125
1.01244
1.01238
1.01232
1.01226
1.0122
1.01214
1.01208
1.01202
1.01196
1.01189
1.01183
1.01177
1.01171
1.01165
1.01159
1.01153
1.01147
1.01141
1.01134
1.01128
1.01122
1.01116
1.0111
1.01104
1.01098
1.01092
1.01086
1.01077
1.01073
1.01067
1.01058
1.01052
1.01046
1.01043
1.01034
1.01028
1.01022
1.01015
1.01009
1.01003
1.00997
1.00991
1.00985
1.00983
1.00983
1.00983
1.00983
1.00983
1.00983
1.00983
1.00983
1.00983
1.00983
1.00983
1.00983
1.00983
1.00983
1.00983
1.00983
1.00983
1.00983
1.00983
1.00983
1.00983
1.00983
1.00983
1.00983
1.00983
1.00983
1.00983
1.00983
1.00983
1.00983
1.00983
1.00983
1.00983
1.00983
1.00983
1.00983
1.00983
1.00983
1.00983
1.00983
1.00983
1.00983
1.00983
1.00983
1.00983
1.00983
1.00983
1.00983
1.00983
1.00983
1.00983
1.00983
1.00983
1.00983
1.00983
1.00983
1.00983
1.00983
1.00983
1.00983
1.00983
1.00983
1.00983
1.00983
1.00983
1.00983
1.00983
1.00983
1.00983
1.00983
1.00983
1.00983
1.00983
1.00983
1.00983
1.00983
1.00983
1.00983
1.00983
1.00983
1.00983
1.00983
1.00983
1.00983
1.00983
1.00983
1.00983
1.00983
1.00983
1.00983
1.00983
1.00983
1.00983
1.00983
1.00983
1.00983
1.00983
1.00983
1.00983
1.00983
1.00983
1.00983
1.00983
1.00983
1.00983
1.00983
1.00983
1.00983
1.00983
1.00983
1.00983
1.00983
1.00983
1.00983
1.00983
1.00983
1.00983
1.00983
1.00983
1.00983
1.00983
1.00983
1.00983
1.00983
1.00983
1.00983
1.00983
1.00983
1.00983
1.00983
1.00983
1.00983
1.00983
1.00983
1.00983
1.00983
1.00983
1.00983
1.00983
1.00983
1.00983
1.00983
1.00983
1.00983
1.00983
1.00983
1.00983
1.00983
1.00983
1.00983
1.00983
1.00983
1.00983
1.00983
1.00983
1.00983
1.00983
1.00983
1.00983
1.00983
1.00983
1.00983
1.00983
1.00983
1.00983
1.00983
1.00983
1.00983
1.00983
1.00983
1.00983
1.00983
1.00983
1.00983
1.00983
1.00983
1.00983
1.00983
1.00983
1.00983
1.00983
1.00983
1.00983
1.00983
1.00983
1.00983
1.00983
1.00983
1.00983
1.00983
1.00983
1.00983
1.00983
1.00983
1.00983
1.00983
1.00983
1.00983
1.00983
1.00983
1.00983
1.00983
1.00983
1.00983
1.00983
1.00983
1.00983
1.00983
1.00983
1.00983
1.00983
1.00983
1.00983
1.00983
1.00983
1.00983
1.00983
1.00983
1.00983
1.00983
1.00983
1.00983
1.00983
1.00983
1.00983
1.00983
1.00983
1.00983
1.00983
1.00983
1.00983
1.00983
1.00983
1.00983
1.00983
1.00983
1.00983
1.00983
1.00983
1.00983
1.00983
1.00983
1.00983
1.00983
1.00983
1.00983
1.00983
1.00983
1.00983
1.00983
1.00983
1.00983
1.00983
1.00983
1.00983
1.00983
1.00983
1.00983
1.00983
1.00983
1.00983
1.00983
1.00983
1.00983
1.00983
1.00983
1.00983
1.00983
1.00983
1.00983
1.00983
1.00983
1.00983
1.00983
1.00983
1.00983
1.00983
1.00983
1.00983
1.00983
1.00983
1.00983
1.00983
1.00983
1.00983
1.00983
1.00983
1.00983
1.00983
1.00983
1.00983
1.00983
1.00983
1.00983
1.00983
1.00983
1.00983
1.00983
1.00983
1.00983
1.00983
1.00983
1.00983
1.00983
1.00983
1.00983
1.00983
1.00983
1.00983
1.00983
1.00983
1.00983
1.00983
1.00983
1.00983
1.00983
1.00983
1.00983
1.00983
1.00983
1.00983
1.00983
1.00983
1.00983
1.00983
1.00983
1.00983
1.00983
1.00983
1.00983
1.00983
1.00983
1.00983
1.00983
1.00983
1.00983
1.00983
1.00983
1.00983
1.00983
1.00983
1.00983
1.00983
1.00983
1.00983
1.00983
1.00983
1.00983
1.00983
1.00983
1.00983
1.00983
1.00983
1.00983
1.00983
1.00983
1.00983
1.00983
1.00983
1.00983
1.00983
1.00983
1.00983
1.00983
1.00983
1.00983
1.00983
1.00983
1.00983
1.00983
1.00983
1.00983
1.00983
1.00983
1.00983
1.00983
1.00983
1.00983
1.00983
1.00983
1.00983
1.00983
1.00983
1.00983
1.00983
1.00983
1.00983
1.00983
1.00983
1.00983
1.00983
1.00983
1.00983
1.00983
1.00983
1.00983
1.00983
1.00983
1.00983
1.00983
1.00983
1.00983
1.00983
1.00983
1.00983
1.00983
1.00983
1.00983
1.00983
1.00983
1.00983
1.00983
1.00983
1.00983
1.00983
1.00983
1.00983
1.00983
1.00983
1.00983
1.00983
1.00983
1.00983
1.00983
1.00983
1.00983
1.00983
1.00983
1.00983
1.00983
1.00983
1.00983
1.00983
1.00983
1.00983
1.00983
1.00983
1.00983
1.00983
1.00983
1.00983
1.00983
1.00983
1.00983
1.00983
1.00983
1.00983
1.00983
1.00983
1.00983
1.00983
1.00983
1.00983
1.00983
1.00983
1.00983
1.00983
1.00983
1.00983
1.00983
1.00983
1.00983
1.00983
1.00983
1.00983
1.00983
1.00983
1.00983
1.00983
1.00983
1.00983
1.00983
1.00983
1.00983
1.00983
1.00983
1.00983
1.00983
1.00983
1.00983
1.00983
1.00983
1.00983
1.00983
1.00983
1.00983
1.00983
1.00983
1.00983
1.00983
1.00983
1.00983
1.00983
1.00983
1.00983
1.00983
1.00983
1.00983
1.00983
1.00983
1.00983
1.00983
1.00983
1.00983
1.00983
1.00983
1.00983
1.00983
1.00983
1.00983
1.00983
1.00983
1.00983
1.00983
1.00983
1.00983
1.00983
1.00983
1.00983
1.00983
1.00983
1.00983
1.00983
1.00983
1.00983
1.00983
1.00983
1.00983
1.00983
1.00983
1.00983
1.00983
1.00983
1.00983
1.00983
1.00983
1.00983
1.00983
1.00983
1.00983
1.00983
1.00983
1.00983
1.00983
1.00983
1.00983
1.00983
1.00983
1.00983
1.00983
1.00983
1.00983
1.00983
1.00983
1.00983
1.00983
1.00983
1.00983
1.00983
1.00983
1.00983
1.00983
1.00983
1.00983
1.00983
1.00983
1.00983
1.00983
1.00983
1.00983
1.00983
1.00983
1.00983
1.00983
1.00983
1.00983
1.00983
1.00983
1.00983
1.00983
1.00983
1.00983
1.00983
1.00983
1.00983
1.00983
1.00983
1.00983
1.00983
1.00983
1.00983
1.00983
1.00983
1.00983
1.00983
1.00983
1.00983
1.00983
1.00983
1.00983
1.00983
1.00983
1.00983
1.00983
1.00983
1.00983
1.00983
1.00983
1.00983
1.00983
1.00983
1.00983
1.00983
1.00983
1.00983
1.00983
1.00983
1.00983
1.00983
1.00983
1.00983
1.00983
1.00983
1.00983
1.00983
1.00983
1.00983
1.00983
1.00983
1.00983
1.00983
1.00983
1.00983
1.00983
1.00983
1.00983
1.00983
1.00983
1.00983
1.00983
1.00983
1.00983
1.00983
1.00983
1.00983
1.00983
1.00983
1.00983
1.00983
1.00983
1.00983
1.00983
1.00983
1.00983
1.00983
1.00983
1.00983
1.00983
1.00983
1.00983
1.00983
1.00983
1.00983
1.00983
1.00983
1.00983
1.00983
1.00983
1.00983
1.00983
1.00983
1.00983
1.00983
1.00983
1.00983
1.00983
1.00983
1.00983
1.00983
1.00983
1.00983
1.00983
1.00983
1.00983
1.00983
1.00983
1.00983
1.00983
1.00983
1.00983
1.00983
1.00983
1.00983
1.00983
1.00983
1.00983
1.00983
1.00983
1.00983
1.00983
1.00983
1.00983
1.00983
1.00983
1.00983
1.00983
1.00983
1.00983
1.00983
1.00983
1.00983
1.00983
1.00983
1.00983
1.00983
1.00983
1.00983
1.00983
1.00983
1.00983
1.00983
1.00983
1.00983
1.00983
1.00983
1.00983
1.00983
1.00983
1.00983
1.00983
1.00983
1.00983
1.00983
1.00983
1.00983
1.00983
1.00983
1.00983
1.00983
1.00983
1.00983
1.00983
1.00983
1.00983
1.00983
1.00983
1.00983
1.00983
1.00983
1.00983
1.00983
1.00983
1.00983
1.00983
1.00983
1.00983
1.00983
1.00983
1.00983
1.00983
1.00983
1.00983
1.00983
1.00983
1.00983
1.00983
1.00983
1.00983
1.00983
1.00983
1.00983
1.00983
1.00983
1.00983
1.00983
1.00983
1.00983
1.00983
1.00983
1.00983
1.00983
