0
0
0
0
3.8147e-05
0.000328064
0.00115967
0.00287628
0.00576019
0.0100708
0.016037
0.0238876
0.0338364
0.0460815
0.0607071
0.0777664
0.0972672
0.119164
0.143448
0.183937
0.213257
0.244164
0.27639
0.309715
0.343849
0.378525
0.413528
0.448708
0.483879
0.518875
0.553543
0.587746
0.621353
0.654251
0.686356
0.71756
0.747803
0.777008
0.80513
0.832108
0.85791
0.882507
0.917091
0.938576
0.958794
0.97776
0.995453
1.0118
1.02686
1.04068
1.05333
1.06483
1.07521
1.08453
1.09283
1.10016
1.10654
1.11204
1.11668
1.1205
1.12355
1.12587
1.1275
1.12849
1.12888
1.12873
1.12803
1.12688
1.12435
1.12219
1.1197
1.11691
1.11385
1.11058
1.10713
1.10352
1.09978
1.09593
1.092
1.08801
1.08398
1.07995
1.07592
1.07189
1.06789
1.06393
1.05812
1.05623
1.05249
1.04885
1.04532
1.04026
1.03863
1.03545
1.03093
1.02949
1.02541
1.02411
1.02161
1.01815
1.01707
1.01501
1.01308
1.01045
1.00887
1.0074
1.00606
1.00485
1.00377
1.00281
1.00196
1.00122
1.00058
1.00004
0.999588
0.999222
0.99894
0.998734
0.998558
0.99852
0.998543
0.998627
0.998756
0.99894
0.999168
0.99942
0.999725
1.00005
1.0006
1.00096
1.00139
1.00182
1.00224
1.00267
1.0031
1.00352
1.00395
1.00438
1.00481
1.00523
1.00566
1.00609
1.00673
1.00716
1.00734
1.00789
1.00826
1.00862
1.00894
1.00925
1.00955
1.00986
1.0101
1.01035
1.01059
1.01081
1.01099
1.01118
1.01144
1.01151
1.01163
1.01175
1.01192
1.01199
1.01205
1.01211
1.01217
1.01221
1.01221
1.01221
1.01221
1.01221
1.01221
1.01221
1.0122
1.01214
1.01208
1.01202
1.01196
1.01189
1.01183
1.01177
1.01171
1.01165
1.01159
1.01153
1.01144
1.01138
1.01131
1.01125
1.01119
1.01113
1.01107
1.01101
1.01095
1.01089
1.0108
1.01077
1.01067
1.01061
1.01055
1.01049
1.01043
1.01037
1.01031
1.01025
1.01019
1.01012
1.01003
1.01
1.00991
1.0099
1.0099
1.0099
1.0099
1.0099
1.0099
1.0099
1.0099
1.0099
1.0099
1.0099
1.0099
1.0099
1.0099
1.0099
1.0099
1.0099
1.0099
1.0099
1.0099
1.0099
1.0099
1.0099
1.0099
1.0099
1.0099
1.0099
1.0099
1.0099
1.0099
1.0099
1.0099
1.0099
1.0099
1.0099
1.0099
1.0099
1.0099
1.0099
1.0099
1.0099
1.0099
1.0099
1.0099
1.0099
1.0099
1.0099
1.0099
1.0099
1.0099
1.0099
1.0099
1.0099
1.0099
1.0099
1.0099
1.0099
1.0099
1.0099
1.0099
1.0099
1.0099
1.0099
1.0099
1.0099
1.0099
1.0099
1.0099
1.0099
1.0099
1.0099
1.0099
1.0099
1.0099
1.0099
1.0099
1.0099
1.0099
1.0099
1.0099
1.0099
1.0099
1.0099
1.0099
1.0099
1.0099
1.0099
1.0099
1.0099
1.0099
1.0099
1.0099
1.0099
1.0099
1.0099
1.0099
1.0099
1.0099
1.0099
1.0099
1.0099
1.0099
1.0099
1.0099
1.0099
1.0099
1.0099
1.0099
1.0099
1.0099
1.0099
1.0099
1.0099
1.0099
1.0099
1.0099
1.0099
1.0099
1.0099
1.0099
1.0099
1.0099
1.0099
1.0099
1.0099
1.0099
1.0099
1.0099
1.0099
1.0099
1.0099
1.0099
1.0099
1.0099
1.0099
1.0099
1.0099
1.0099
1.0099
1.0099
1.0099
1.0099
1.0099
1.0099
1.0099
1.0099
1.0099
1.0099
1.0099
1.0099
1.0099
1.0099
1.0099
1.0099
1.0099
1.0099
1.0099
1.0099
1.0099
1.0099
1.0099
1.0099
1.0099
1.0099
1.0099
1.0099
1.0099
1.0099
1.0099
1.0099
1.0099
1.0099
1.0099
1.0099
1.0099
1.0099
1.0099
1.0099
1.0099
1.0099
1.0099
1.0099
1.0099
1.0099
1.0099
1.0099
1.0099
1.0099
1.0099
1.0099
1.0099
1.0099
1.0099
1.0099
1.0099
1.0099
1.0099
1.0099
1.0099
1.0099
1.0099
1.0099
1.0099
1.0099
1.0099
1.0099
1.0099
1.0099
1.0099
1.0099
1.0099
1.0099
1.0099
1.0099
1.0099
1.0099
1.0099
1.0099
1.0099
1.0099
1.0099
1.0099
1.0099
1.0099
1.0099
1.0099
1.0099
1.0099
1.0099
1.0099
1.0099
1.0099
1.0099
1.0099
1.0099
1.0099
1.0099
1.0099
1.0099
1.0099
1.0099
1.0099
1.0099
1.0099
1.0099
1.0099
1.0099
1.0099
1.0099
1.0099
1.0099
1.0099
1.0099
1.0099
1.0099
1.0099
1.0099
1.0099
1.0099
1.0099
1.0099
1.0099
1.0099
1.0099
1.0099
1.0099
1.0099
1.0099
1.0099
1.0099
1.0099
1.0099
1.0099
1.0099
1.0099
1.0099
1.0099
1.0099
1.0099
1.0099
1.0099
1.0099
1.0099
1.0099
1.0099
1.0099
1.0099
1.0099
1.0099
1.0099
1.0099
1.0099
1.0099
1.0099
1.0099
1.0099
1.0099
1.0099
1.0099
1.0099
1.0099
1.0099
1.0099
1.0099
1.0099
1.0099
1.0099
1.0099
1.0099
1.0099
1.0099
1.0099
1.0099
1.0099
1.0099
1.0099
1.0099
1.0099
1.0099
1.0099
1.0099
1.0099
1.0099
1.0099
1.0099
1.0099
1.0099
1.0099
1.0099
1.0099
1.0099
1.0099
1.0099
1.0099
1.0099
1.0099
1.0099
1.0099
1.0099
1.0099
1.0099
1.0099
1.0099
1.0099
1.0099
1.0099
1.0099
1.0099
1.0099
1.0099
1.0099
1.0099
1.0099
1.0099
1.0099
1.0099
1.0099
1.0099
1.0099
1.0099
1.0099
1.0099
1.0099
1.0099
1.0099
1.0099
1.0099
1.0099
1.0099
1.0099
1.0099
1.0099
1.0099
1.0099
1.0099
1.0099
1.0099
1.0099
1.0099
1.0099
1.0099
1.0099
1.0099
1.0099
1.0099
1.0099
1.0099
1.0099
1.0099
1.0099
1.0099
1.0099
1.0099
1.0099
1.0099
1.0099
1.0099
1.0099
1.0099
1.0099
1.0099
1.0099
1.0099
1.0099
1.0099
1.0099
1.0099
1.0099
1.0099
1.0099
1.0099
1.0099
1.0099
1.0099
1.0099
1.0099
1.0099
1.0099
1.0099
1.0099
1.0099
1.0099
1.0099
1.0099
1.0099
1.0099
1.0099
1.0099
1.0099
1.0099
1.0099
1.0099
1.0099
1.0099
1.0099
1.0099
1.0099
1.0099
1.0099
1.0099
1.0099
1.0099
1.0099
1.0099
1.0099
1.0099
1.0099
1.0099
1.0099
1.0099
1.0099
1.0099
1.0099
1.0099
1.0099
1.0099
1.0099
1.0099
1.0099
1.0099
1.0099
1.0099
1.0099
1.0099
1.0099
1.0099
1.0099
1.0099
1.0099
1.0099
1.0099
1.0099
1.0099
1.0099
1.0099
1.0099
1.0099
1.0099
1.0099
1.0099
1.0099
1.0099
1.0099
1.0099
1.0099
1.0099
1.0099
1.0099
1.0099
1.0099
1.0099
1.0099
1.0099
1.0099
1.0099
1.0099
1.0099
1.0099
1.0099
1.0099
1.0099
1.0099
1.0099
1.0099
1.0099
1.0099
1.0099
1.0099
1.0099
1.0099
1.0099
1.0099
1.0099
1.0099
1.0099
1.0099
1.0099
1.0099
1.0099
1.0099
1.0099
1.0099
1.0099
1.0099
1.0099
1.0099
1.0099
1.0099
1.0099
1.0099
1.0099
1.0099
1.0099
1.0099
1.0099
1.0099
1.0099
1.0099
1.0099
1.0099
1.0099
1.0099
1.0099
1.0099
1.0099
1.0099
1.0099
1.0099
1.0099
1.0099
1.0099
1.0099
1.0099
1.0099
1.0099
1.0099
1.0099
1.0099
1.0099
1.0099
1.0099
1.0099
1.0099
1.0099
1.0099
1.0099
1.0099
1.0099
1.0099
1.0099
1.0099
1.0099
1.0099
1.0099
1.0099
1.0099
1.0099
1.0099
1.0099
1.0099
1.0099
1.0099
1.0099
1.0099
1.0099
1.0099
1.0099
1.0099
1.0099
1.0099
1.0099
1.0099
1.0099
1.0099
1.0099
1.0099
1.0099
1.0099
1.0099
1.0099
1.0099
1.0099
1.0099
1.0099
1.0099
1.0099
1.0099
1.0099
1.0099
1.0099
1.0099
1.0099
1.0099
1.0099
1.0099
1.0099
1.0099
1.0099
1.0099
1.0099
1.0099
1.0099
1.0099
1.0099
1.0099
1.0099
1.0099
1.0099
1.0099
1.0099
1.0099
1.0099
1.0099
1.0099
1.0099
1.0099
1.0099
1.0099
1.0099
1.0099
1.0099
1.0099
1.0099
1.0099
1.0099
1.0099
1.0099
1.0099
1.0099
1.0099
1.0099
1.0099
1.0099
1.0099
1.0099
1.0099
1.0099
1.0099
1.0099
1.0099
1.0099
1.0099
1.0099
1.0099
1.0099
1.0099
1.0099
1.0099
1.0099
1.0099
1.0099
1.0099
1.0099
1.0099
1.0099
1.0099
1.0099
1.0099
1.0099
1.0099
1.0099
1.0099
1.0099
1.0099
1.0099
1.0099
1.0099
1.0099
1.0099
1.0099
1.0099
1.0099
1.0099
1.0099
1.0099
1.0099
1.0099
1.0099
1.0099
1.0099
1.0099
1.0099
1.0099
1.0099
1.0099
1.0099
1.0099
1.0099
1.0099
1.0099
1.0099
1.0099
1.0099
1.0099
1.0099
1.0099
1.0099
1.0099
1.0099
1.0099
1.0099
1.0099
1.0099
1.0099
1.0099
1.0099
1.0099
1.0099
1.0099
1.0099
1.0099
1.0099
1.0099
1.0099
1.0099
1.0099
1.0099
1.0099
1.0099
1.0099
1.0099
1.0099
1.0099
1.0099
1.0099
1.0099
1.0099
1.0099
1.0099
1.0099
1.0099
1.0099
1.0099
1.0099
1.0099
1.0099
1.0099
1.0099
1.0099
1.0099
1.0099
1.0099
1.0099
1.0099
1.0099
1.0099
1.0099
1.0099
1.0099
1.0099
1.0099
1.0099
1.0099
1.0099
1.0099
1.0099
1.0099
1.0099
1.0099
1.0099
1.0099
1.0099
1.0099
1.0099
1.0099
1.0099
1.0099
1.0099
1.0099
