0
0
0
0
0
0.0001297
0.000328064
0.00189209
0.00415802
0.00772858
0.0128326
0.0197067
0.0285873
0.0396576
0.053093
0.0777664
0.0872116
0.119164
0.14344
0.169899
0.198219
0.228241
0.259712
0.292305
0.325821
0.360069
0.394859
0.42997
0.465233
0.500465
0.5355
0.57019
0.604393
0.637978
0.670853
0.702904
0.734032
0.764183
0.793289
0.821281
0.848122
0.873756
0.89817
0.921333
0.953697
0.963844
0.983177
1.00978
1.01802
1.0408
1.04773
1.06072
1.07256
1.08806
1.09702
1.10111
1.11192
1.1179
1.1229
1.12701
1.12875
1.13281
1.13457
1.13563
1.13605
1.13589
1.13519
1.13395
1.13227
1.13018
1.12771
1.12491
1.12182
1.11847
1.11491
1.11115
1.10725
1.10117
1.09699
1.09277
1.08849
1.08422
1.07995
1.07568
1.07144
1.06725
1.06311
1.05904
1.05505
1.05117
1.04739
1.04195
1.04019
1.03512
1.03191
1.03036
1.02737
1.02319
1.0206
1.01817
1.01586
1.0137
1.0117
1.00986
1.00816
1.00661
1.00519
1.00391
1.00275
1.00173
1.00083
1.00004
0.999359
0.998787
0.998322
0.997787
0.997658
0.997383
0.997292
0.997276
0.997292
0.997437
0.997604
0.997818
0.99807
0.998375
0.998711
0.999077
0.999474
0.999901
1.00033
1.00078
1.00127
1.00175
1.00224
1.00273
1.00322
1.00371
1.0042
1.00468
1.00517
1.00566
1.00615
1.00659
1.00702
1.00745
1.00787
1.00827
1.00882
1.009
1.00952
1.00983
1.01013
1.01041
1.01054
1.0109
1.01102
1.01132
1.01151
1.01169
1.01183
1.01196
1.01208
1.0122
1.01226
1.01232
1.01238
1.01244
1.01247
1.01247
1.01247
1.01247
1.01247
1.01247
1.01245
1.01239
1.01233
1.01224
1.01218
1.01212
1.01205
1.01199
1.01193
1.01187
1.01181
1.01175
1.01169
1.01163
1.01157
1.01151
1.01144
1.01138
1.01132
1.01126
1.0112
1.01114
1.01108
1.01102
1.01096
1.01089
1.01083
1.01077
1.01071
1.01065
1.01059
1.01053
1.01044
1.01038
1.01035
1.01025
1.01019
1.01013
1.01007
1.01001
1.00995
1.00989
1.00986
1.00986
1.00986
1.00986
1.00986
1.00986
1.00986
1.00986
1.00986
1.00986
1.00986
1.00986
1.00986
1.00986
1.00986
1.00986
1.00986
1.00986
1.00986
1.00986
1.00986
1.00986
1.00986
1.00986
1.00986
1.00986
1.00986
1.00986
1.00986
1.00986
1.00986
1.00986
1.00986
1.00986
1.00986
1.00986
1.00986
1.00986
1.00986
1.00986
1.00986
1.00986
1.00986
1.00986
1.00986
1.00986
1.00986
1.00986
1.00986
1.00986
1.00986
1.00986
1.00986
1.00986
1.00986
1.00986
1.00986
1.00986
1.00986
1.00986
1.00986
1.00986
1.00986
1.00986
1.00986
1.00986
1.00986
1.00986
1.00986
1.00986
1.00986
1.00986
1.00986
1.00986
1.00986
1.00986
1.00986
1.00986
1.00986
1.00986
1.00986
1.00986
1.00986
1.00986
1.00986
1.00986
1.00986
1.00986
1.00986
1.00986
1.00986
1.00986
1.00986
1.00986
1.00986
1.00986
1.00986
1.00986
1.00986
1.00986
1.00986
1.00986
1.00986
1.00986
1.00986
1.00986
1.00986
1.00986
1.00986
1.00986
1.00986
1.00986
1.00986
1.00986
1.00986
1.00986
1.00986
1.00986
1.00986
1.00986
1.00986
1.00986
1.00986
1.00986
1.00986
1.00986
1.00986
1.00986
1.00986
1.00986
1.00986
1.00986
1.00986
1.00986
1.00986
1.00986
1.00986
1.00986
1.00986
1.00986
1.00986
1.00986
1.00986
1.00986
1.00986
1.00986
1.00986
1.00986
1.00986
1.00986
1.00986
1.00986
1.00986
1.00986
1.00986
1.00986
1.00986
1.00986
1.00986
1.00986
1.00986
1.00986
1.00986
1.00986
1.00986
1.00986
1.00986
1.00986
1.00986
1.00986
1.00986
1.00986
1.00986
1.00986
1.00986
1.00986
1.00986
1.00986
1.00986
1.00986
1.00986
1.00986
1.00986
1.00986
1.00986
1.00986
1.00986
1.00986
1.00986
1.00986
1.00986
1.00986
1.00986
1.00986
1.00986
1.00986
1.00986
1.00986
1.00986
1.00986
1.00986
1.00986
1.00986
1.00986
1.00986
1.00986
1.00986
1.00986
1.00986
1.00986
1.00986
1.00986
1.00986
1.00986
1.00986
1.00986
1.00986
1.00986
1.00986
1.00986
1.00986
1.00986
1.00986
1.00986
1.00986
1.00986
1.00986
1.00986
1.00986
1.00986
1.00986
1.00986
1.00986
1.00986
1.00986
1.00986
1.00986
1.00986
1.00986
1.00986
1.00986
1.00986
1.00986
1.00986
1.00986
1.00986
1.00986
1.00986
1.00986
1.00986
1.00986
1.00986
1.00986
1.00986
1.00986
1.00986
1.00986
1.00986
1.00986
1.00986
1.00986
1.00986
1.00986
1.00986
1.00986
1.00986
1.00986
1.00986
1.00986
1.00986
1.00986
1.00986
1.00986
1.00986
1.00986
1.00986
1.00986
1.00986
1.00986
1.00986
1.00986
1.00986
1.00986
1.00986
1.00986
1.00986
1.00986
1.00986
1.00986
1.00986
1.00986
1.00986
1.00986
1.00986
1.00986
1.00986
1.00986
1.00986
1.00986
1.00986
1.00986
1.00986
1.00986
1.00986
1.00986
1.00986
1.00986
1.00986
1.00986
1.00986
1.00986
1.00986
1.00986
1.00986
1.00986
1.00986
1.00986
1.00986
1.00986
1.00986
1.00986
1.00986
1.00986
1.00986
1.00986
1.00986
1.00986
1.00986
1.00986
1.00986
1.00986
1.00986
1.00986
1.00986
1.00986
1.00986
1.00986
1.00986
1.00986
1.00986
1.00986
1.00986
1.00986
1.00986
1.00986
1.00986
1.00986
1.00986
1.00986
1.00986
1.00986
1.00986
1.00986
1.00986
1.00986
1.00986
1.00986
1.00986
1.00986
1.00986
1.00986
1.00986
1.00986
1.00986
1.00986
1.00986
1.00986
1.00986
1.00986
1.00986
1.00986
1.00986
1.00986
1.00986
1.00986
1.00986
1.00986
1.00986
1.00986
1.00986
1.00986
1.00986
1.00986
1.00986
1.00986
1.00986
1.00986
1.00986
1.00986
1.00986
1.00986
1.00986
1.00986
1.00986
1.00986
1.00986
1.00986
1.00986
1.00986
1.00986
1.00986
1.00986
1.00986
1.00986
1.00986
1.00986
1.00986
1.00986
1.00986
1.00986
1.00986
1.00986
1.00986
1.00986
1.00986
1.00986
1.00986
1.00986
1.00986
1.00986
1.00986
1.00986
1.00986
1.00986
1.00986
1.00986
1.00986
1.00986
1.00986
1.00986
1.00986
1.00986
1.00986
1.00986
1.00986
1.00986
1.00986
1.00986
1.00986
1.00986
1.00986
1.00986
1.00986
1.00986
1.00986
1.00986
1.00986
1.00986
1.00986
1.00986
1.00986
1.00986
1.00986
1.00986
1.00986
1.00986
1.00986
1.00986
1.00986
1.00986
1.00986
1.00986
1.00986
1.00986
1.00986
1.00986
1.00986
1.00986
1.00986
1.00986
1.00986
1.00986
1.00986
1.00986
1.00986
1.00986
1.00986
1.00986
1.00986
1.00986
1.00986
1.00986
1.00986
1.00986
1.00986
1.00986
1.00986
1.00986
1.00986
1.00986
1.00986
1.00986
1.00986
1.00986
1.00986
1.00986
1.00986
1.00986
1.00986
1.00986
1.00986
1.00986
1.00986
1.00986
1.00986
1.00986
1.00986
1.00986
1.00986
1.00986
1.00986
1.00986
1.00986
1.00986
1.00986
1.00986
1.00986
1.00986
1.00986
1.00986
1.00986
1.00986
1.00986
1.00986
1.00986
1.00986
1.00986
1.00986
1.00986
1.00986
1.00986
1.00986
1.00986
1.00986
1.00986
1.00986
1.00986
1.00986
1.00986
1.00986
1.00986
1.00986
1.00986
1.00986
1.00986
1.00986
1.00986
1.00986
1.00986
1.00986
1.00986
1.00986
1.00986
1.00986
1.00986
1.00986
1.00986
1.00986
1.00986
1.00986
1.00986
1.00986
1.00986
1.00986
1.00986
1.00986
1.00986
1.00986
1.00986
1.00986
1.00986
1.00986
1.00986
1.00986
1.00986
1.00986
1.00986
1.00986
1.00986
1.00986
1.00986
1.00986
1.00986
1.00986
1.00986
1.00986
1.00986
1.00986
1.00986
1.00986
1.00986
1.00986
1.00986
1.00986
1.00986
1.00986
1.00986
1.00986
1.00986
1.00986
1.00986
1.00986
1.00986
1.00986
1.00986
1.00986
1.00986
1.00986
1.00986
1.00986
1.00986
1.00986
1.00986
1.00986
1.00986
1.00986
1.00986
1.00986
1.00986
1.00986
1.00986
1.00986
1.00986
1.00986
1.00986
1.00986
1.00986
1.00986
1.00986
1.00986
1.00986
1.00986
1.00986
1.00986
1.00986
1.00986
1.00986
1.00986
1.00986
1.00986
1.00986
1.00986
1.00986
1.00986
1.00986
1.00986
1.00986
1.00986
1.00986
1.00986
1.00986
1.00986
1.00986
1.00986
1.00986
1.00986
1.00986
1.00986
1.00986
1.00986
1.00986
1.00986
1.00986
1.00986
1.00986
1.00986
1.00986
1.00986
1.00986
1.00986
1.00986
1.00986
1.00986
1.00986
1.00986
1.00986
1.00986
1.00986
1.00986
1.00986
1.00986
1.00986
1.00986
1.00986
1.00986
1.00986
1.00986
1.00986
1.00986
1.00986
1.00986
1.00986
1.00986
1.00986
1.00986
1.00986
1.00986
1.00986
1.00986
1.00986
1.00986
1.00986
1.00986
1.00986
1.00986
1.00986
1.00986
1.00986
1.00986
1.00986
1.00986
1.00986
1.00986
1.00986
1.00986
1.00986
1.00986
1.00986
1.00986
1.00986
1.00986
1.00986
1.00986
1.00986
1.00986
1.00986
1.00986
1.00986
1.00986
1.00986
1.00986
1.00986
1.00986
1.00986
1.00986
1.00986
1.00986
1.00986
1.00986
1.00986
1.00986
1.00986
1.00986
1.00986
1.00986
1.00986
1.00986
1.00986
1.00986
1.00986
1.00986
1.00986
1.00986
1.00986
1.00986
1.00986
1.00986
1.00986
1.00986
1.00986
1.00986
1.00986
1.00986
1.00986
1.00986
1.00986
1.00986
1.00986
1.00986
1.00986
1.00986
1.00986
1.00986
1.00986
1.00986
1.00986
1.00986
1.00986
1.00986
1.00986
1.00986
1.00986
1.00986
1.00986
