0
0
0
0
3.8147e-05
0.000328064
0.00115967
0.00287628
0.00576019
0.0100708
0.016037
0.0238876
0.0338364
0.0460815
0.0607071
0.0777664
0.0972672
0.119164
0.143448
0.169922
0.198334
0.228439
0.259987
0.29274
0.326439
0.360855
0.395775
0.430984
0.466324
0.50161
0.554092
0.571381
0.622437
0.65564
0.688049
0.719543
0.750084
0.779739
0.808388
0.835854
0.862045
0.886948
0.910545
0.932831
0.953789
0.973427
0.99176
1.0088
1.02456
1.03909
1.05239
1.06451
1.08053
1.08531
1.09407
1.10527
1.1115
1.11424
1.12112
1.12466
1.12738
1.12935
1.13065
1.1313
1.13136
1.13085
1.12984
1.1284
1.12655
1.12432
1.12177
1.11891
1.1158
1.11246
1.10893
1.10524
1.10141
1.09747
1.09343
1.08933
1.08518
1.08103
1.07688
1.07273
1.06657
1.06254
1.06055
1.05469
1.0509
1.04723
1.04369
1.04025
1.03695
1.03378
1.03077
1.02789
1.02515
1.02133
1.02013
1.01783
1.01466
1.01273
1.01095
1.0093
1.00778
1.00642
1.00519
1.00409
1.0031
1.00222
1.00145
1.00079
1.00021
0.999741
0.999352
0.999046
0.998825
0.998672
0.998589
0.998573
0.998657
0.998718
0.998955
0.999046
0.99929
0.999565
0.99987
1.00039
1.00076
1.00114
1.00157
1.002
1.00243
1.00285
1.00328
1.00392
1.00414
1.00456
1.0052
1.00563
1.00606
1.00648
1.00691
1.00728
1.00764
1.00801
1.00838
1.00886
1.00916
1.00932
1.00977
1.01001
1.01013
1.0105
1.01062
1.01089
1.01108
1.01126
1.01141
1.01153
1.01165
1.01177
1.01186
1.01192
1.01199
1.01208
1.01214
1.01215
1.01215
1.01215
1.01215
1.01215
1.01215
1.01215
1.01211
1.01205
1.01199
1.01192
1.01186
1.0118
1.01171
1.01165
1.01159
1.01156
1.01147
1.01141
1.01134
1.01128
1.01122
1.01116
1.0111
1.01104
1.01098
1.01092
1.01086
1.01077
1.0107
1.01064
1.01058
1.01052
1.01046
1.0104
1.01034
1.01028
1.01022
1.01015
1.01009
1.01003
1.00997
1.00993
1.00993
1.00993
1.00993
1.00993
1.00993
1.00993
1.00993
1.00993
1.00993
1.00993
1.00993
1.00993
1.00993
1.00993
1.00993
1.00993
1.00993
1.00993
1.00993
1.00993
1.00993
1.00993
1.00993
1.00993
1.00993
1.00993
1.00993
1.00993
1.00993
1.00993
1.00993
1.00993
1.00993
1.00993
1.00993
1.00993
1.00993
1.00993
1.00993
1.00993
1.00993
1.00993
1.00993
1.00993
1.00993
1.00993
1.00993
1.00993
1.00993
1.00993
1.00993
1.00993
1.00993
1.00993
1.00993
1.00993
1.00993
1.00993
1.00993
1.00993
1.00993
1.00993
1.00993
1.00993
1.00993
1.00993
1.00993
1.00993
1.00993
1.00993
1.00993
1.00993
1.00993
1.00993
1.00993
1.00993
1.00993
1.00993
1.00993
1.00993
1.00993
1.00993
1.00993
1.00993
1.00993
1.00993
1.00993
1.00993
1.00993
1.00993
1.00993
1.00993
1.00993
1.00993
1.00993
1.00993
1.00993
1.00993
1.00993
1.00993
1.00993
1.00993
1.00993
1.00993
1.00993
1.00993
1.00993
1.00993
1.00993
1.00993
1.00993
1.00993
1.00993
1.00993
1.00993
1.00993
1.00993
1.00993
1.00993
1.00993
1.00993
1.00993
1.00993
1.00993
1.00993
1.00993
1.00993
1.00993
1.00993
1.00993
1.00993
1.00993
1.00993
1.00993
1.00993
1.00993
1.00993
1.00993
1.00993
1.00993
1.00993
1.00993
1.00993
1.00993
1.00993
1.00993
1.00993
1.00993
1.00993
1.00993
1.00993
1.00993
1.00993
1.00993
1.00993
1.00993
1.00993
1.00993
1.00993
1.00993
1.00993
1.00993
1.00993
1.00993
1.00993
1.00993
1.00993
1.00993
1.00993
1.00993
1.00993
1.00993
1.00993
1.00993
1.00993
1.00993
1.00993
1.00993
1.00993
1.00993
1.00993
1.00993
1.00993
1.00993
1.00993
1.00993
1.00993
1.00993
1.00993
1.00993
1.00993
1.00993
1.00993
1.00993
1.00993
1.00993
1.00993
1.00993
1.00993
1.00993
1.00993
1.00993
1.00993
1.00993
1.00993
1.00993
1.00993
1.00993
1.00993
1.00993
1.00993
1.00993
1.00993
1.00993
1.00993
1.00993
1.00993
1.00993
1.00993
1.00993
1.00993
1.00993
1.00993
1.00993
1.00993
1.00993
1.00993
1.00993
1.00993
1.00993
1.00993
1.00993
1.00993
1.00993
1.00993
1.00993
1.00993
1.00993
1.00993
1.00993
1.00993
1.00993
1.00993
1.00993
1.00993
1.00993
1.00993
1.00993
1.00993
1.00993
1.00993
1.00993
1.00993
1.00993
1.00993
1.00993
1.00993
1.00993
1.00993
1.00993
1.00993
1.00993
1.00993
1.00993
1.00993
1.00993
1.00993
1.00993
1.00993
1.00993
1.00993
1.00993
1.00993
1.00993
1.00993
1.00993
1.00993
1.00993
1.00993
1.00993
1.00993
1.00993
1.00993
1.00993
1.00993
1.00993
1.00993
1.00993
1.00993
1.00993
1.00993
1.00993
1.00993
1.00993
1.00993
1.00993
1.00993
1.00993
1.00993
1.00993
1.00993
1.00993
1.00993
1.00993
1.00993
1.00993
1.00993
1.00993
1.00993
1.00993
1.00993
1.00993
1.00993
1.00993
1.00993
1.00993
1.00993
1.00993
1.00993
1.00993
1.00993
1.00993
1.00993
1.00993
1.00993
1.00993
1.00993
1.00993
1.00993
1.00993
1.00993
1.00993
1.00993
1.00993
1.00993
1.00993
1.00993
1.00993
1.00993
1.00993
1.00993
1.00993
1.00993
1.00993
1.00993
1.00993
1.00993
1.00993
1.00993
1.00993
1.00993
1.00993
1.00993
1.00993
1.00993
1.00993
1.00993
1.00993
1.00993
1.00993
1.00993
1.00993
1.00993
1.00993
1.00993
1.00993
1.00993
1.00993
1.00993
1.00993
1.00993
1.00993
1.00993
1.00993
1.00993
1.00993
1.00993
1.00993
1.00993
1.00993
1.00993
1.00993
1.00993
1.00993
1.00993
1.00993
1.00993
1.00993
1.00993
1.00993
1.00993
1.00993
1.00993
1.00993
1.00993
1.00993
1.00993
1.00993
1.00993
1.00993
1.00993
1.00993
1.00993
1.00993
1.00993
1.00993
1.00993
1.00993
1.00993
1.00993
1.00993
1.00993
1.00993
1.00993
1.00993
1.00993
1.00993
1.00993
1.00993
1.00993
1.00993
1.00993
1.00993
1.00993
1.00993
1.00993
1.00993
1.00993
1.00993
1.00993
1.00993
1.00993
1.00993
1.00993
1.00993
1.00993
1.00993
1.00993
1.00993
1.00993
1.00993
1.00993
1.00993
1.00993
1.00993
1.00993
1.00993
1.00993
1.00993
1.00993
1.00993
1.00993
1.00993
1.00993
1.00993
1.00993
1.00993
1.00993
1.00993
1.00993
1.00993
1.00993
1.00993
1.00993
1.00993
1.00993
1.00993
1.00993
1.00993
1.00993
1.00993
1.00993
1.00993
1.00993
1.00993
1.00993
1.00993
1.00993
1.00993
1.00993
1.00993
1.00993
1.00993
1.00993
1.00993
1.00993
1.00993
1.00993
1.00993
1.00993
1.00993
1.00993
1.00993
1.00993
1.00993
1.00993
1.00993
1.00993
1.00993
1.00993
1.00993
1.00993
1.00993
1.00993
1.00993
1.00993
1.00993
1.00993
1.00993
1.00993
1.00993
1.00993
1.00993
1.00993
1.00993
1.00993
1.00993
1.00993
1.00993
1.00993
1.00993
1.00993
1.00993
1.00993
1.00993
1.00993
1.00993
1.00993
1.00993
1.00993
1.00993
1.00993
1.00993
1.00993
1.00993
1.00993
1.00993
1.00993
1.00993
1.00993
1.00993
1.00993
1.00993
1.00993
1.00993
1.00993
1.00993
1.00993
1.00993
1.00993
1.00993
1.00993
1.00993
1.00993
1.00993
1.00993
1.00993
1.00993
1.00993
1.00993
1.00993
1.00993
1.00993
1.00993
1.00993
1.00993
1.00993
1.00993
1.00993
1.00993
1.00993
1.00993
1.00993
1.00993
1.00993
1.00993
1.00993
1.00993
1.00993
1.00993
1.00993
1.00993
1.00993
1.00993
1.00993
1.00993
1.00993
1.00993
1.00993
1.00993
1.00993
1.00993
1.00993
1.00993
1.00993
1.00993
1.00993
1.00993
1.00993
1.00993
1.00993
1.00993
1.00993
1.00993
1.00993
1.00993
1.00993
1.00993
1.00993
1.00993
1.00993
1.00993
1.00993
1.00993
1.00993
1.00993
1.00993
1.00993
1.00993
1.00993
1.00993
1.00993
1.00993
1.00993
1.00993
1.00993
1.00993
1.00993
1.00993
1.00993
1.00993
1.00993
1.00993
1.00993
1.00993
1.00993
1.00993
1.00993
1.00993
1.00993
1.00993
1.00993
1.00993
1.00993
1.00993
1.00993
1.00993
1.00993
1.00993
1.00993
1.00993
1.00993
1.00993
1.00993
1.00993
1.00993
1.00993
1.00993
1.00993
1.00993
1.00993
1.00993
1.00993
1.00993
1.00993
1.00993
1.00993
1.00993
1.00993
1.00993
1.00993
1.00993
1.00993
1.00993
1.00993
1.00993
1.00993
1.00993
1.00993
1.00993
1.00993
1.00993
1.00993
1.00993
1.00993
1.00993
1.00993
1.00993
1.00993
1.00993
1.00993
1.00993
1.00993
1.00993
1.00993
1.00993
1.00993
1.00993
1.00993
1.00993
1.00993
1.00993
1.00993
1.00993
1.00993
1.00993
1.00993
1.00993
1.00993
1.00993
1.00993
1.00993
1.00993
1.00993
1.00993
1.00993
1.00993
1.00993
1.00993
1.00993
1.00993
1.00993
1.00993
1.00993
1.00993
1.00993
1.00993
1.00993
1.00993
1.00993
1.00993
1.00993
1.00993
1.00993
1.00993
1.00993
1.00993
1.00993
1.00993
1.00993
1.00993
1.00993
1.00993
1.00993
1.00993
1.00993
1.00993
1.00993
1.00993
1.00993
1.00993
1.00993
1.00993
1.00993
1.00993
1.00993
1.00993
1.00993
1.00993
1.00993
1.00993
1.00993
1.00993
1.00993
1.00993
1.00993
1.00993
1.00993
1.00993
1.00993
1.00993
1.00993
1.00993
1.00993
1.00993
1.00993
1.00993
1.00993
1.00993
1.00993
1.00993
1.00993
1.00993
1.00993
1.00993
1.00993
1.00993
1.00993
1.00993
1.00993
