0
0
0
0
0
3.8147e-05
0.000656128
0.00115967
0.00415802
0.00772858
0.0128326
0.0197067
0.0285873
0.0396576
0.053093
0.0689316
0.0872116
0.107918
0.143433
0.169861
0.198196
0.21299
0.259499
0.291901
0.325104
0.358955
0.393425
0.428291
0.463242
0.497993
0.532417
0.566376
0.599739
0.632385
0.66423
0.695221
0.725342
0.754562
0.782806
0.810005
0.836128
0.861137
0.884987
0.907661
0.929146
0.949425
0.977577
0.994835
1.00301
1.02577
1.03948
1.05199
1.0633
1.07355
1.08281
1.09102
1.09822
1.10448
1.10983
1.11627
1.11958
1.12212
1.12397
1.12517
1.12553
1.12574
1.12522
1.12421
1.12277
1.1199
1.11876
1.11626
1.11348
1.11046
1.10722
1.10381
1.09842
1.09656
1.09084
1.08889
1.08497
1.07902
1.07505
1.07111
1.06721
1.06332
1.05952
1.0558
1.05217
1.04864
1.0452
1.04188
1.03867
1.03559
1.03263
1.02981
1.02711
1.02455
1.02213
1.01984
1.01666
1.01567
1.01379
1.01121
1.01041
1.00824
1.00758
1.00577
1.00471
1.00376
1.00293
1.00219
1.00156
1.00103
1.00059
1.00024
0.999962
0.999756
0.999619
0.999542
0.999527
0.999573
0.999664
0.999802
0.999985
1.00033
1.0006
1.0009
1.00121
1.00157
1.00194
1.0023
1.00267
1.00308
1.00372
1.00394
1.00436
1.005
1.00543
1.00586
1.00623
1.00659
1.00696
1.00732
1.00787
1.00819
1.0085
1.0088
1.00911
1.0094
1.00964
1.01001
1.01025
1.01045
1.01064
1.01082
1.011
1.01113
1.01125
1.01138
1.0115
1.0116
1.01167
1.01176
1.01182
1.01188
1.01193
1.01193
1.01193
1.01193
1.01193
1.01193
1.01193
1.01193
1.01193
1.01187
1.01178
1.01172
1.01166
1.0116
1.01154
1.01147
1.01141
1.01135
1.01129
1.01123
1.01117
1.01111
1.01105
1.01099
1.01093
1.01086
1.0108
1.01074
1.01068
1.01062
1.01056
1.01047
1.01041
1.01035
1.01028
1.01022
1.01016
1.0101
1.01004
1.00999
1.00999
1.00999
1.00999
1.00999
1.00999
1.00999
1.00999
1.00999
1.00999
1.00999
1.00999
1.00999
1.00999
1.00999
1.00999
1.00999
1.00999
1.00999
1.00999
1.00999
1.00999
1.00999
1.00999
1.00999
1.00999
1.00999
1.00999
1.00999
1.00999
1.00999
1.00999
1.00999
1.00999
1.00999
1.00999
1.00999
1.00999
1.00999
1.00999
1.00999
1.00999
1.00999
1.00999
1.00999
1.00999
1.00999
1.00999
1.00999
1.00999
1.00999
1.00999
1.00999
1.00999
1.00999
1.00999
1.00999
1.00999
1.00999
1.00999
1.00999
1.00999
1.00999
1.00999
1.00999
1.00999
1.00999
1.00999
1.00999
1.00999
1.00999
1.00999
1.00999
1.00999
1.00999
1.00999
1.00999
1.00999
1.00999
1.00999
1.00999
1.00999
1.00999
1.00999
1.00999
1.00999
1.00999
1.00999
1.00999
1.00999
1.00999
1.00999
1.00999
1.00999
1.00999
1.00999
1.00999
1.00999
1.00999
1.00999
1.00999
1.00999
1.00999
1.00999
1.00999
1.00999
1.00999
1.00999
1.00999
1.00999
1.00999
1.00999
1.00999
1.00999
1.00999
1.00999
1.00999
1.00999
1.00999
1.00999
1.00999
1.00999
1.00999
1.00999
1.00999
1.00999
1.00999
1.00999
1.00999
1.00999
1.00999
1.00999
1.00999
1.00999
1.00999
1.00999
1.00999
1.00999
1.00999
1.00999
1.00999
1.00999
1.00999
1.00999
1.00999
1.00999
1.00999
1.00999
1.00999
1.00999
1.00999
1.00999
1.00999
1.00999
1.00999
1.00999
1.00999
1.00999
1.00999
1.00999
1.00999
1.00999
1.00999
1.00999
1.00999
1.00999
1.00999
1.00999
1.00999
1.00999
1.00999
1.00999
1.00999
1.00999
1.00999
1.00999
1.00999
1.00999
1.00999
1.00999
1.00999
1.00999
1.00999
1.00999
1.00999
1.00999
1.00999
1.00999
1.00999
1.00999
1.00999
1.00999
1.00999
1.00999
1.00999
1.00999
1.00999
1.00999
1.00999
1.00999
1.00999
1.00999
1.00999
1.00999
1.00999
1.00999
1.00999
1.00999
1.00999
1.00999
1.00999
1.00999
1.00999
1.00999
1.00999
1.00999
1.00999
1.00999
1.00999
1.00999
1.00999
1.00999
1.00999
1.00999
1.00999
1.00999
1.00999
1.00999
1.00999
1.00999
1.00999
1.00999
1.00999
1.00999
1.00999
1.00999
1.00999
1.00999
1.00999
1.00999
1.00999
1.00999
1.00999
1.00999
1.00999
1.00999
1.00999
1.00999
1.00999
1.00999
1.00999
1.00999
1.00999
1.00999
1.00999
1.00999
1.00999
1.00999
1.00999
1.00999
1.00999
1.00999
1.00999
1.00999
1.00999
1.00999
1.00999
1.00999
1.00999
1.00999
1.00999
1.00999
1.00999
1.00999
1.00999
1.00999
1.00999
1.00999
1.00999
1.00999
1.00999
1.00999
1.00999
1.00999
1.00999
1.00999
1.00999
1.00999
1.00999
1.00999
1.00999
1.00999
1.00999
1.00999
1.00999
1.00999
1.00999
1.00999
1.00999
1.00999
1.00999
1.00999
1.00999
1.00999
1.00999
1.00999
1.00999
1.00999
1.00999
1.00999
1.00999
1.00999
1.00999
1.00999
1.00999
1.00999
1.00999
1.00999
1.00999
1.00999
1.00999
1.00999
1.00999
1.00999
1.00999
1.00999
1.00999
1.00999
1.00999
1.00999
1.00999
1.00999
1.00999
1.00999
1.00999
1.00999
1.00999
1.00999
1.00999
1.00999
1.00999
1.00999
1.00999
1.00999
1.00999
1.00999
1.00999
1.00999
1.00999
1.00999
1.00999
1.00999
1.00999
1.00999
1.00999
1.00999
1.00999
1.00999
1.00999
1.00999
1.00999
1.00999
1.00999
1.00999
1.00999
1.00999
1.00999
1.00999
1.00999
1.00999
1.00999
1.00999
1.00999
1.00999
1.00999
1.00999
1.00999
1.00999
1.00999
1.00999
1.00999
1.00999
1.00999
1.00999
1.00999
1.00999
1.00999
1.00999
1.00999
1.00999
1.00999
1.00999
1.00999
1.00999
1.00999
1.00999
1.00999
1.00999
1.00999
1.00999
1.00999
1.00999
1.00999
1.00999
1.00999
1.00999
1.00999
1.00999
1.00999
1.00999
1.00999
1.00999
1.00999
1.00999
1.00999
1.00999
1.00999
1.00999
1.00999
1.00999
1.00999
1.00999
1.00999
1.00999
1.00999
1.00999
1.00999
1.00999
1.00999
1.00999
1.00999
1.00999
1.00999
1.00999
1.00999
1.00999
1.00999
1.00999
1.00999
1.00999
1.00999
1.00999
1.00999
1.00999
1.00999
1.00999
1.00999
1.00999
1.00999
1.00999
1.00999
1.00999
1.00999
1.00999
1.00999
1.00999
1.00999
1.00999
1.00999
1.00999
1.00999
1.00999
1.00999
1.00999
1.00999
1.00999
1.00999
1.00999
1.00999
1.00999
1.00999
1.00999
1.00999
1.00999
1.00999
1.00999
1.00999
1.00999
1.00999
1.00999
1.00999
1.00999
1.00999
1.00999
1.00999
1.00999
1.00999
1.00999
1.00999
1.00999
1.00999
1.00999
1.00999
1.00999
1.00999
1.00999
1.00999
1.00999
1.00999
1.00999
1.00999
1.00999
1.00999
1.00999
1.00999
1.00999
1.00999
1.00999
1.00999
1.00999
1.00999
1.00999
1.00999
1.00999
1.00999
1.00999
1.00999
1.00999
1.00999
1.00999
1.00999
1.00999
1.00999
1.00999
1.00999
1.00999
1.00999
1.00999
1.00999
1.00999
1.00999
1.00999
1.00999
1.00999
1.00999
1.00999
1.00999
1.00999
1.00999
1.00999
1.00999
1.00999
1.00999
1.00999
1.00999
1.00999
1.00999
1.00999
1.00999
1.00999
1.00999
1.00999
1.00999
1.00999
1.00999
1.00999
1.00999
1.00999
1.00999
1.00999
1.00999
1.00999
1.00999
1.00999
1.00999
1.00999
1.00999
1.00999
1.00999
1.00999
1.00999
1.00999
1.00999
1.00999
1.00999
1.00999
1.00999
1.00999
1.00999
1.00999
1.00999
1.00999
1.00999
1.00999
1.00999
1.00999
1.00999
1.00999
1.00999
1.00999
1.00999
1.00999
1.00999
1.00999
1.00999
1.00999
1.00999
1.00999
1.00999
1.00999
1.00999
1.00999
1.00999
1.00999
1.00999
1.00999
1.00999
1.00999
1.00999
1.00999
1.00999
1.00999
1.00999
1.00999
1.00999
1.00999
1.00999
1.00999
1.00999
1.00999
1.00999
1.00999
1.00999
1.00999
1.00999
1.00999
1.00999
1.00999
1.00999
1.00999
1.00999
1.00999
1.00999
1.00999
1.00999
1.00999
1.00999
1.00999
1.00999
1.00999
1.00999
1.00999
1.00999
1.00999
1.00999
1.00999
1.00999
1.00999
1.00999
1.00999
1.00999
1.00999
1.00999
1.00999
1.00999
1.00999
1.00999
1.00999
1.00999
1.00999
1.00999
1.00999
1.00999
1.00999
1.00999
1.00999
1.00999
1.00999
1.00999
1.00999
1.00999
1.00999
1.00999
1.00999
1.00999
1.00999
1.00999
1.00999
1.00999
1.00999
1.00999
1.00999
1.00999
1.00999
1.00999
1.00999
1.00999
1.00999
1.00999
1.00999
1.00999
1.00999
1.00999
1.00999
1.00999
1.00999
1.00999
1.00999
1.00999
1.00999
1.00999
1.00999
1.00999
1.00999
1.00999
1.00999
1.00999
1.00999
1.00999
1.00999
1.00999
1.00999
1.00999
1.00999
1.00999
1.00999
1.00999
1.00999
1.00999
1.00999
1.00999
1.00999
1.00999
1.00999
1.00999
1.00999
1.00999
1.00999
1.00999
1.00999
1.00999
1.00999
1.00999
1.00999
1.00999
1.00999
1.00999
1.00999
1.00999
1.00999
1.00999
1.00999
1.00999
1.00999
1.00999
1.00999
1.00999
1.00999
1.00999
1.00999
1.00999
1.00999
1.00999
1.00999
1.00999
1.00999
1.00999
1.00999
1.00999
1.00999
1.00999
1.00999
1.00999
1.00999
1.00999
1.00999
1.00999
1.00999
1.00999
1.00999
1.00999
1.00999
1.00999
1.00999
1.00999
1.00999
1.00999
1.00999
1.00999
1.00999
1.00999
1.00999
1.00999
1.00999
1.00999
1.00999
1.00999
1.00999
1.00999
1.00999
1.00999
1.00999
1.00999
1.00999
1.00999
