0
0
0
0
3.8147e-06
0.00012207
0.000629425
0.00186539
0.00572586
0.0100212
0.0159798
0.0238304
0.0285301
0.0460129
0.0606613
0.0777206
0.0972099
0.119118
0.143425
0.170063
0.19883
0.2295
0.261841
0.295628
0.330647
0.366673
0.403511
0.440945
0.478783
0.51685
0.554966
0.6119
0.63073
0.668053
0.704826
0.740913
0.793503
0.82737
0.843922
0.876209
0.907345
0.951691
0.979534
0.992931
1.01869
1.05468
1.06594
1.09743
1.11653
1.13417
1.14243
1.165
1.17822
1.18997
1.19532
1.20929
1.21695
1.22331
1.22842
1.23235
1.23513
1.23681
1.23744
1.23708
1.23579
1.23362
1.23064
1.2269
1.22246
1.21739
1.21173
1.20557
1.19893
1.19189
1.18449
1.17679
1.16885
1.15657
1.15241
1.144
1.13553
1.12702
1.11429
1.11007
1.10168
1.0893
1.08524
1.07331
1.06559
1.05809
1.05081
1.0438
1.03706
1.03061
1.02445
1.0186
1.01304
1.00777
1.0028
0.998142
0.993786
0.989742
0.986004
0.982578
0.979458
0.976639
0.974117
0.971889
0.969944
0.968281
0.966286
0.965286
0.964539
0.964256
0.96373
0.963661
0.963783
0.963924
0.964344
0.964939
0.966137
0.967117
0.967659
0.969467
0.970131
0.972263
0.973793
0.975403
0.977074
0.978802
0.980572
0.982372
0.984203
0.986034
0.987896
0.989742
0.991573
0.993393
0.99519
0.996952
0.99868
1.00037
1.00201
1.0036
1.00513
1.00661
1.00803
1.00938
1.01067
1.01189
1.01358
1.01462
1.01512
1.01605
1.01731
1.0177
1.01875
1.01936
1.0199
1.02037
1.02077
1.02111
1.02139
1.0216
1.02176
1.02186
1.0219
1.0219
1.02185
1.02175
1.02161
1.02144
1.02122
1.02097
1.02069
1.02039
1.02005
1.0197
1.01933
1.01893
1.01853
1.0181
1.01768
1.01725
1.01679
1.0161
1.01587
1.01542
1.01496
1.0145
1.01406
1.01363
1.01299
1.01257
1.01218
1.01178
1.01159
1.01104
1.0107
1.01037
1.01006
1.00976
1.00948
1.00922
1.00898
1.00875
1.00854
1.00835
1.00817
1.00802
1.00788
1.00776
1.00765
1.00756
1.00748
1.00742
1.00737
1.00734
1.00732
1.00732
1.00732
1.00733
1.00736
1.00739
1.00743
1.00753
1.00756
1.00762
1.00773
1.00778
1.00792
1.00801
1.0081
1.00819
1.00828
1.00837
1.00846
1.00856
1.00865
1.00874
1.00883
1.00892
1.00901
1.00911
1.0092
1.00929
1.00938
1.00947
1.00956
1.00965
1.00975
1.00984
1.00993
1.00999
1.01005
1.01011
1.0102
1.01023
1.0103
1.01036
1.01043
1.01044
1.01049
1.01052
1.01055
1.01058
1.01061
1.01064
1.01065
1.01065
1.01065
1.01065
1.01065
1.01065
1.01065
1.01065
1.01065
1.01065
1.01065
1.01065
1.01063
1.0106
1.01057
1.01054
1.01051
1.01048
1.01044
1.0104
1.01038
1.01035
1.01032
1.01029
1.01026
1.01023
1.01019
1.01017
1.01012
1.01011
1.01006
1.01003
1.01
1.00999
1.00994
1.00991
1.00988
1.00988
1.00988
1.00988
1.00988
1.00988
1.00988
1.00988
1.00988
1.00988
1.00988
1.00988
1.00988
1.00988
1.00988
1.00988
1.00988
1.00988
1.00988
1.00988
1.00988
1.00988
1.00988
1.00988
1.00988
1.00988
1.00988
1.00988
1.00988
1.00988
1.00988
1.00988
1.00988
1.00988
1.00988
1.00988
1.00988
1.00988
1.00988
1.00988
1.00988
1.00988
1.00988
1.00988
1.00988
1.00988
1.00988
1.00988
1.00988
1.00988
1.00988
1.00988
1.00988
1.00988
1.00988
1.00988
1.00988
1.00988
1.00988
1.00988
1.00988
1.00988
1.00988
1.00988
1.00988
1.00988
1.00988
1.00988
1.00988
1.00988
1.00988
1.00988
1.00988
1.00988
1.00988
1.00988
1.00988
1.00988
1.00988
1.00988
1.00988
1.00988
1.00988
1.00988
1.00988
1.00988
1.00988
1.00988
1.00988
1.00988
1.00988
1.00988
1.00988
1.00988
1.00988
1.00988
1.00988
1.00988
1.00988
1.00988
1.00988
1.00988
1.00988
1.00988
1.00988
1.00988
1.00988
1.00988
1.00988
1.00988
1.00988
1.00988
1.00988
1.00988
1.00988
1.00988
1.00988
1.00988
1.00988
1.00988
1.00988
1.00988
1.00988
1.00988
1.00988
1.00988
1.00988
1.00988
1.00988
1.00988
1.00988
1.00988
1.00988
1.00988
1.00988
1.00988
1.00988
1.00988
1.00988
1.00988
1.00988
1.00988
1.00988
1.00988
1.00988
1.00988
1.00988
1.00988
1.00988
1.00988
1.00988
1.00988
1.00988
1.00988
1.00988
1.00988
1.00988
1.00988
1.00988
1.00988
1.00988
1.00988
1.00988
1.00988
1.00988
1.00988
1.00988
1.00988
1.00988
1.00988
1.00988
1.00988
1.00988
1.00988
1.00988
1.00988
1.00988
1.00988
1.00988
1.00988
1.00988
1.00988
1.00988
1.00988
1.00988
1.00988
1.00988
1.00988
1.00988
1.00988
1.00988
1.00988
1.00988
1.00988
1.00988
1.00988
1.00988
1.00988
1.00988
1.00988
1.00988
1.00988
1.00988
1.00988
1.00988
1.00988
1.00988
1.00988
1.00988
1.00988
1.00988
1.00988
1.00988
1.00988
1.00988
1.00988
1.00988
1.00988
1.00988
1.00988
1.00988
1.00988
1.00988
1.00988
1.00988
1.00988
1.00988
1.00988
1.00988
1.00988
1.00988
1.00988
1.00988
1.00988
1.00988
1.00988
1.00988
1.00988
1.00988
1.00988
1.00988
1.00988
1.00988
1.00988
1.00988
1.00988
1.00988
1.00988
1.00988
1.00988
1.00988
1.00988
1.00988
1.00988
1.00988
1.00988
1.00988
1.00988
1.00988
1.00988
1.00988
1.00988
1.00988
1.00988
1.00988
1.00988
1.00988
1.00988
1.00988
1.00988
1.00988
1.00988
1.00988
1.00988
1.00988
1.00988
1.00988
1.00988
1.00988
1.00988
1.00988
1.00988
1.00988
1.00988
1.00988
1.00988
1.00988
1.00988
1.00988
1.00988
1.00988
1.00988
1.00988
1.00988
1.00988
1.00988
1.00988
1.00988
1.00988
1.00988
1.00988
1.00988
1.00988
1.00988
1.00988
1.00988
1.00988
1.00988
1.00988
1.00988
1.00988
1.00988
1.00988
1.00988
1.00988
1.00988
1.00988
1.00988
1.00988
1.00988
1.00988
1.00988
1.00988
1.00988
1.00988
1.00988
1.00988
1.00988
1.00988
1.00988
1.00988
1.00988
1.00988
1.00988
1.00988
1.00988
1.00988
1.00988
1.00988
1.00988
1.00988
1.00988
1.00988
1.00988
1.00988
1.00988
1.00988
1.00988
1.00988
1.00988
1.00988
1.00988
1.00988
1.00988
1.00988
1.00988
1.00988
1.00988
1.00988
1.00988
1.00988
1.00988
1.00988
1.00988
1.00988
1.00988
1.00988
1.00988
1.00988
1.00988
1.00988
1.00988
1.00988
1.00988
1.00988
1.00988
1.00988
1.00988
1.00988
1.00988
1.00988
1.00988
1.00988
1.00988
1.00988
1.00988
1.00988
1.00988
1.00988
1.00988
1.00988
1.00988
1.00988
1.00988
1.00988
1.00988
1.00988
1.00988
1.00988
1.00988
1.00988
1.00988
1.00988
1.00988
1.00988
1.00988
1.00988
1.00988
1.00988
1.00988
1.00988
1.00988
1.00988
1.00988
1.00988
1.00988
1.00988
1.00988
1.00988
1.00988
1.00988
1.00988
1.00988
1.00988
1.00988
1.00988
1.00988
1.00988
1.00988
1.00988
1.00988
1.00988
1.00988
1.00988
1.00988
1.00988
1.00988
1.00988
1.00988
1.00988
1.00988
1.00988
1.00988
1.00988
1.00988
1.00988
1.00988
1.00988
1.00988
1.00988
1.00988
1.00988
1.00988
1.00988
1.00988
1.00988
1.00988
1.00988
1.00988
1.00988
1.00988
1.00988
1.00988
1.00988
1.00988
1.00988
1.00988
1.00988
1.00988
1.00988
1.00988
1.00988
1.00988
1.00988
1.00988
1.00988
1.00988
1.00988
1.00988
1.00988
1.00988
1.00988
1.00988
1.00988
1.00988
1.00988
1.00988
1.00988
1.00988
1.00988
1.00988
1.00988
1.00988
1.00988
1.00988
1.00988
1.00988
1.00988
1.00988
1.00988
1.00988
1.00988
1.00988
1.00988
1.00988
1.00988
1.00988
1.00988
1.00988
1.00988
1.00988
1.00988
1.00988
1.00988
1.00988
1.00988
1.00988
1.00988
1.00988
1.00988
1.00988
1.00988
1.00988
1.00988
1.00988
1.00988
1.00988
1.00988
1.00988
1.00988
1.00988
1.00988
1.00988
1.00988
1.00988
1.00988
1.00988
1.00988
1.00988
1.00988
1.00988
1.00988
1.00988
1.00988
1.00988
1.00988
1.00988
1.00988
1.00988
1.00988
1.00988
1.00988
1.00988
1.00988
1.00988
1.00988
1.00988
1.00988
1.00988
1.00988
1.00988
1.00988
1.00988
1.00988
1.00988
1.00988
1.00988
1.00988
1.00988
1.00988
1.00988
1.00988
1.00988
1.00988
1.00988
1.00988
1.00988
1.00988
1.00988
1.00988
1.00988
1.00988
1.00988
1.00988
1.00988
1.00988
1.00988
1.00988
1.00988
1.00988
1.00988
1.00988
1.00988
1.00988
1.00988
1.00988
1.00988
1.00988
1.00988
1.00988
1.00988
1.00988
1.00988
1.00988
1.00988
1.00988
1.00988
1.00988
1.00988
1.00988
1.00988
1.00988
1.00988
1.00988
1.00988
1.00988
1.00988
1.00988
1.00988
1.00988
1.00988
1.00988
1.00988
1.00988
1.00988
1.00988
1.00988
1.00988
1.00988
1.00988
1.00988
1.00988
1.00988
1.00988
1.00988
1.00988
1.00988
1.00988
1.00988
1.00988
1.00988
1.00988
1.00988
1.00988
1.00988
1.00988
1.00988
1.00988
1.00988
1.00988
1.00988
1.00988
1.00988
1.00988
1.00988
1.00988
1.00988
1.00988
1.00988
1.00988
1.00988
1.00988
1.00988
1.00988
1.00988
1.00988
1.00988
1.00988
1.00988
1.00988
1.00988
1.00988
1.00988
1.00988
1.00988
1.00988
1.00988
1.00988
1.00988
1.00988
1.00988
1.00988
1.00988
1.00988
1.00988
1.00988
1.00988
1.00988
1.00988
1.00988
1.00988
1.00988
1.00988
1.00988
1.00988
1.00988
