0
0
0
0
0
3.8147e-05
0.000328064
0.00115967
0.00287628
0.00576019
0.0100708
0.016037
0.0238876
0.0338364
0.053093
0.0689316
0.0872116
0.107918
0.13102
0.156395
0.183762
0.21286
0.243454
0.275322
0.308197
0.358879
0.376022
0.410553
0.445244
0.497185
0.531494
0.565552
0.599258
0.632332
0.664558
0.695869
0.726265
0.755745
0.784187
0.811562
0.837814
0.862923
0.886848
0.909576
0.931084
0.951347
0.97039
0.996666
1.01266
1.02745
1.04107
1.04744
1.0648
1.0749
1.08391
1.0919
1.09896
1.10512
1.11034
1.11469
1.11823
1.12101
1.12308
1.12448
1.12525
1.12544
1.12511
1.12428
1.12301
1.12035
1.11929
1.11692
1.11427
1.11137
1.10663
1.10324
1.10149
1.0979
1.09234
1.08855
1.08472
1.0828
1.0789
1.07312
1.06931
1.06552
1.06178
1.05809
1.05451
1.05102
1.04762
1.0443
1.04108
1.03798
1.03499
1.0321
1.02934
1.02672
1.02422
1.02184
1.01959
1.01747
1.01549
1.01363
1.01109
1.01031
1.00883
1.00747
1.00623
1.00461
1.00412
1.00282
1.00208
1.00144
1.0009
1.00044
1.00007
0.999786
0.999489
0.999382
0.999336
0.999344
0.999405
0.999527
0.999695
0.999893
1.00014
1.00041
1.00072
1.00104
1.0014
1.00177
1.00214
1.00254
1.00297
1.0034
1.00382
1.00425
1.00468
1.0051
1.00553
1.00596
1.00639
1.00695
1.00732
1.00768
1.00805
1.00855
1.00886
1.00916
1.00947
1.00972
1.00996
1.01021
1.01044
1.01062
1.0108
1.01099
1.01115
1.01134
1.01146
1.01152
1.01169
1.01172
1.01181
1.01187
1.01193
1.01199
1.01199
1.01199
1.01199
1.01199
1.01199
1.01199
1.01199
1.01199
1.01192
1.01186
1.0118
1.01174
1.01168
1.01162
1.01156
1.0115
1.01144
1.01138
1.01131
1.01125
1.01119
1.01113
1.01107
1.01101
1.01092
1.01086
1.0108
1.01073
1.01067
1.01061
1.01055
1.01049
1.01043
1.01037
1.01031
1.01025
1.01019
1.01012
1.01003
1.00997
1.00996
1.00996
1.00996
1.00996
1.00996
1.00996
1.00996
1.00996
1.00996
1.00996
1.00996
1.00996
1.00996
1.00996
1.00996
1.00996
1.00996
1.00996
1.00996
1.00996
1.00996
1.00996
1.00996
1.00996
1.00996
1.00996
1.00996
1.00996
1.00996
1.00996
1.00996
1.00996
1.00996
1.00996
1.00996
1.00996
1.00996
1.00996
1.00996
1.00996
1.00996
1.00996
1.00996
1.00996
1.00996
1.00996
1.00996
1.00996
1.00996
1.00996
1.00996
1.00996
1.00996
1.00996
1.00996
1.00996
1.00996
1.00996
1.00996
1.00996
1.00996
1.00996
1.00996
1.00996
1.00996
1.00996
1.00996
1.00996
1.00996
1.00996
1.00996
1.00996
1.00996
1.00996
1.00996
1.00996
1.00996
1.00996
1.00996
1.00996
1.00996
1.00996
1.00996
1.00996
1.00996
1.00996
1.00996
1.00996
1.00996
1.00996
1.00996
1.00996
1.00996
1.00996
1.00996
1.00996
1.00996
1.00996
1.00996
1.00996
1.00996
1.00996
1.00996
1.00996
1.00996
1.00996
1.00996
1.00996
1.00996
1.00996
1.00996
1.00996
1.00996
1.00996
1.00996
1.00996
1.00996
1.00996
1.00996
1.00996
1.00996
1.00996
1.00996
1.00996
1.00996
1.00996
1.00996
1.00996
1.00996
1.00996
1.00996
1.00996
1.00996
1.00996
1.00996
1.00996
1.00996
1.00996
1.00996
1.00996
1.00996
1.00996
1.00996
1.00996
1.00996
1.00996
1.00996
1.00996
1.00996
1.00996
1.00996
1.00996
1.00996
1.00996
1.00996
1.00996
1.00996
1.00996
1.00996
1.00996
1.00996
1.00996
1.00996
1.00996
1.00996
1.00996
1.00996
1.00996
1.00996
1.00996
1.00996
1.00996
1.00996
1.00996
1.00996
1.00996
1.00996
1.00996
1.00996
1.00996
1.00996
1.00996
1.00996
1.00996
1.00996
1.00996
1.00996
1.00996
1.00996
1.00996
1.00996
1.00996
1.00996
1.00996
1.00996
1.00996
1.00996
1.00996
1.00996
1.00996
1.00996
1.00996
1.00996
1.00996
1.00996
1.00996
1.00996
1.00996
1.00996
1.00996
1.00996
1.00996
1.00996
1.00996
1.00996
1.00996
1.00996
1.00996
1.00996
1.00996
1.00996
1.00996
1.00996
1.00996
1.00996
1.00996
1.00996
1.00996
1.00996
1.00996
1.00996
1.00996
1.00996
1.00996
1.00996
1.00996
1.00996
1.00996
1.00996
1.00996
1.00996
1.00996
1.00996
1.00996
1.00996
1.00996
1.00996
1.00996
1.00996
1.00996
1.00996
1.00996
1.00996
1.00996
1.00996
1.00996
1.00996
1.00996
1.00996
1.00996
1.00996
1.00996
1.00996
1.00996
1.00996
1.00996
1.00996
1.00996
1.00996
1.00996
1.00996
1.00996
1.00996
1.00996
1.00996
1.00996
1.00996
1.00996
1.00996
1.00996
1.00996
1.00996
1.00996
1.00996
1.00996
1.00996
1.00996
1.00996
1.00996
1.00996
1.00996
1.00996
1.00996
1.00996
1.00996
1.00996
1.00996
1.00996
1.00996
1.00996
1.00996
1.00996
1.00996
1.00996
1.00996
1.00996
1.00996
1.00996
1.00996
1.00996
1.00996
1.00996
1.00996
1.00996
1.00996
1.00996
1.00996
1.00996
1.00996
1.00996
1.00996
1.00996
1.00996
1.00996
1.00996
1.00996
1.00996
1.00996
1.00996
1.00996
1.00996
1.00996
1.00996
1.00996
1.00996
1.00996
1.00996
1.00996
1.00996
1.00996
1.00996
1.00996
1.00996
1.00996
1.00996
1.00996
1.00996
1.00996
1.00996
1.00996
1.00996
1.00996
1.00996
1.00996
1.00996
1.00996
1.00996
1.00996
1.00996
1.00996
1.00996
1.00996
1.00996
1.00996
1.00996
1.00996
1.00996
1.00996
1.00996
1.00996
1.00996
1.00996
1.00996
1.00996
1.00996
1.00996
1.00996
1.00996
1.00996
1.00996
1.00996
1.00996
1.00996
1.00996
1.00996
1.00996
1.00996
1.00996
1.00996
1.00996
1.00996
1.00996
1.00996
1.00996
1.00996
1.00996
1.00996
1.00996
1.00996
1.00996
1.00996
1.00996
1.00996
1.00996
1.00996
1.00996
1.00996
1.00996
1.00996
1.00996
1.00996
1.00996
1.00996
1.00996
1.00996
1.00996
1.00996
1.00996
1.00996
1.00996
1.00996
1.00996
1.00996
1.00996
1.00996
1.00996
1.00996
1.00996
1.00996
1.00996
1.00996
1.00996
1.00996
1.00996
1.00996
1.00996
1.00996
1.00996
1.00996
1.00996
1.00996
1.00996
1.00996
1.00996
1.00996
1.00996
1.00996
1.00996
1.00996
1.00996
1.00996
1.00996
1.00996
1.00996
1.00996
1.00996
1.00996
1.00996
1.00996
1.00996
1.00996
1.00996
1.00996
1.00996
1.00996
1.00996
1.00996
1.00996
1.00996
1.00996
1.00996
1.00996
1.00996
1.00996
1.00996
1.00996
1.00996
1.00996
1.00996
1.00996
1.00996
1.00996
1.00996
1.00996
1.00996
1.00996
1.00996
1.00996
1.00996
1.00996
1.00996
1.00996
1.00996
1.00996
1.00996
1.00996
1.00996
1.00996
1.00996
1.00996
1.00996
1.00996
1.00996
1.00996
1.00996
1.00996
1.00996
1.00996
1.00996
1.00996
1.00996
1.00996
1.00996
1.00996
1.00996
1.00996
1.00996
1.00996
1.00996
1.00996
1.00996
1.00996
1.00996
1.00996
1.00996
1.00996
1.00996
1.00996
1.00996
1.00996
1.00996
1.00996
1.00996
1.00996
1.00996
1.00996
1.00996
1.00996
1.00996
1.00996
1.00996
1.00996
1.00996
1.00996
1.00996
1.00996
1.00996
1.00996
1.00996
1.00996
1.00996
1.00996
1.00996
1.00996
1.00996
1.00996
1.00996
1.00996
1.00996
1.00996
1.00996
1.00996
1.00996
1.00996
1.00996
1.00996
1.00996
1.00996
1.00996
1.00996
1.00996
1.00996
1.00996
1.00996
1.00996
1.00996
1.00996
1.00996
1.00996
1.00996
1.00996
1.00996
1.00996
1.00996
1.00996
1.00996
1.00996
1.00996
1.00996
1.00996
1.00996
1.00996
1.00996
1.00996
1.00996
1.00996
1.00996
1.00996
1.00996
1.00996
1.00996
1.00996
1.00996
1.00996
1.00996
1.00996
1.00996
1.00996
1.00996
1.00996
1.00996
1.00996
1.00996
1.00996
1.00996
1.00996
1.00996
1.00996
1.00996
1.00996
1.00996
1.00996
1.00996
1.00996
1.00996
1.00996
1.00996
1.00996
1.00996
1.00996
1.00996
1.00996
1.00996
1.00996
1.00996
1.00996
1.00996
1.00996
1.00996
1.00996
1.00996
1.00996
1.00996
1.00996
1.00996
1.00996
1.00996
1.00996
1.00996
1.00996
1.00996
1.00996
1.00996
1.00996
1.00996
1.00996
1.00996
1.00996
1.00996
1.00996
1.00996
1.00996
1.00996
1.00996
1.00996
1.00996
1.00996
1.00996
1.00996
1.00996
1.00996
1.00996
1.00996
1.00996
1.00996
1.00996
1.00996
1.00996
1.00996
1.00996
1.00996
1.00996
1.00996
1.00996
1.00996
1.00996
1.00996
1.00996
1.00996
1.00996
1.00996
1.00996
1.00996
1.00996
1.00996
1.00996
1.00996
1.00996
1.00996
1.00996
1.00996
1.00996
1.00996
1.00996
1.00996
1.00996
1.00996
1.00996
1.00996
1.00996
1.00996
1.00996
1.00996
1.00996
1.00996
1.00996
1.00996
1.00996
1.00996
1.00996
1.00996
1.00996
1.00996
1.00996
1.00996
1.00996
1.00996
1.00996
1.00996
1.00996
1.00996
1.00996
1.00996
1.00996
1.00996
1.00996
1.00996
1.00996
1.00996
1.00996
1.00996
1.00996
1.00996
1.00996
1.00996
1.00996
1.00996
1.00996
1.00996
1.00996
1.00996
1.00996
1.00996
1.00996
1.00996
1.00996
1.00996
1.00996
1.00996
1.00996
1.00996
1.00996
1.00996
1.00996
1.00996
1.00996
1.00996
1.00996
1.00996
1.00996
1.00996
1.00996
1.00996
1.00996
1.00996
1.00996
1.00996
1.00996
1.00996
1.00996
1.00996
1.00996
1.00996
1.00996
1.00996
1.00996
1.00996
1.00996
1.00996
1.00996
1.00996
1.00996
