0
0
0
0
0
3.8147e-05
0.000328064
0.00189209
0.00415802
0.00576019
0.0100708
0.016037
0.0285873
0.0396576
0.0460815
0.0607071
0.0872116
0.107918
0.131012
0.156441
0.184006
0.213364
0.244179
0.276199
0.309204
0.342957
0.37722
0.411819
0.446541
0.481232
0.515717
0.54985
0.583496
0.616531
0.664696
0.680336
0.725861
0.754974
0.783012
0.809883
0.835663
0.860352
0.88385
0.906128
0.92717
0.946945
0.9655
0.982834
0.998947
1.01389
1.02769
1.04038
1.05199
1.06252
1.07204
1.08055
1.08812
1.09475
1.10049
1.10539
1.1095
1.11283
1.11546
1.11741
1.11916
1.11961
1.11951
1.11893
1.11793
1.11652
1.11472
1.11261
1.11021
1.10756
1.10469
1.10163
1.09841
1.09507
1.09161
1.08807
1.08264
1.07898
1.07715
1.07349
1.06799
1.06439
1.06085
1.05733
1.05388
1.05049
1.04721
1.04403
1.04095
1.03796
1.03508
1.0323
1.02965
1.02711
1.0247
1.02241
1.02024
1.0182
1.01627
1.01362
1.012
1.01051
1.00912
1.00786
1.00671
1.00568
1.00476
1.00394
1.00321
1.00258
1.0018
1.00139
1.00105
1.00079
1.00059
1.00046
1.00039
1.00038
1.00042
1.0005
1.00063
1.0008
1.00112
1.00124
1.0015
1.00195
1.00211
1.00259
1.00296
1.00333
1.00369
1.00406
1.00443
1.00479
1.00534
1.00571
1.00607
1.00644
1.00681
1.00717
1.00749
1.0078
1.0081
1.00841
1.00871
1.009
1.00925
1.00949
1.00974
1.00998
1.01019
1.01037
1.01064
1.01083
1.01096
1.01109
1.01121
1.01133
1.01145
1.01151
1.01157
1.01167
1.01173
1.01179
1.0118
1.0118
1.0118
1.0118
1.0118
1.0118
1.0118
1.0118
1.0118
1.01173
1.01167
1.01164
1.01155
1.01149
1.01143
1.01137
1.01131
1.01125
1.01118
1.01112
1.01106
1.011
1.01094
1.01088
1.01079
1.01073
1.01067
1.0106
1.01054
1.01048
1.01042
1.01036
1.0103
1.01024
1.01018
1.01012
1.01006
1.01002
1.01002
1.01002
1.01002
1.01002
1.01002
1.01002
1.01002
1.01002
1.01002
1.01002
1.01002
1.01002
1.01002
1.01002
1.01002
1.01002
1.01002
1.01002
1.01002
1.01002
1.01002
1.01002
1.01002
1.01002
1.01002
1.01002
1.01002
1.01002
1.01002
1.01002
1.01002
1.01002
1.01002
1.01002
1.01002
1.01002
1.01002
1.01002
1.01002
1.01002
1.01002
1.01002
1.01002
1.01002
1.01002
1.01002
1.01002
1.01002
1.01002
1.01002
1.01002
1.01002
1.01002
1.01002
1.01002
1.01002
1.01002
1.01002
1.01002
1.01002
1.01002
1.01002
1.01002
1.01002
1.01002
1.01002
1.01002
1.01002
1.01002
1.01002
1.01002
1.01002
1.01002
1.01002
1.01002
1.01002
1.01002
1.01002
1.01002
1.01002
1.01002
1.01002
1.01002
1.01002
1.01002
1.01002
1.01002
1.01002
1.01002
1.01002
1.01002
1.01002
1.01002
1.01002
1.01002
1.01002
1.01002
1.01002
1.01002
1.01002
1.01002
1.01002
1.01002
1.01002
1.01002
1.01002
1.01002
1.01002
1.01002
1.01002
1.01002
1.01002
1.01002
1.01002
1.01002
1.01002
1.01002
1.01002
1.01002
1.01002
1.01002
1.01002
1.01002
1.01002
1.01002
1.01002
1.01002
1.01002
1.01002
1.01002
1.01002
1.01002
1.01002
1.01002
1.01002
1.01002
1.01002
1.01002
1.01002
1.01002
1.01002
1.01002
1.01002
1.01002
1.01002
1.01002
1.01002
1.01002
1.01002
1.01002
1.01002
1.01002
1.01002
1.01002
1.01002
1.01002
1.01002
1.01002
1.01002
1.01002
1.01002
1.01002
1.01002
1.01002
1.01002
1.01002
1.01002
1.01002
1.01002
1.01002
1.01002
1.01002
1.01002
1.01002
1.01002
1.01002
1.01002
1.01002
1.01002
1.01002
1.01002
1.01002
1.01002
1.01002
1.01002
1.01002
1.01002
1.01002
1.01002
1.01002
1.01002
1.01002
1.01002
1.01002
1.01002
1.01002
1.01002
1.01002
1.01002
1.01002
1.01002
1.01002
1.01002
1.01002
1.01002
1.01002
1.01002
1.01002
1.01002
1.01002
1.01002
1.01002
1.01002
1.01002
1.01002
1.01002
1.01002
1.01002
1.01002
1.01002
1.01002
1.01002
1.01002
1.01002
1.01002
1.01002
1.01002
1.01002
1.01002
1.01002
1.01002
1.01002
1.01002
1.01002
1.01002
1.01002
1.01002
1.01002
1.01002
1.01002
1.01002
1.01002
1.01002
1.01002
1.01002
1.01002
1.01002
1.01002
1.01002
1.01002
1.01002
1.01002
1.01002
1.01002
1.01002
1.01002
1.01002
1.01002
1.01002
1.01002
1.01002
1.01002
1.01002
1.01002
1.01002
1.01002
1.01002
1.01002
1.01002
1.01002
1.01002
1.01002
1.01002
1.01002
1.01002
1.01002
1.01002
1.01002
1.01002
1.01002
1.01002
1.01002
1.01002
1.01002
1.01002
1.01002
1.01002
1.01002
1.01002
1.01002
1.01002
1.01002
1.01002
1.01002
1.01002
1.01002
1.01002
1.01002
1.01002
1.01002
1.01002
1.01002
1.01002
1.01002
1.01002
1.01002
1.01002
1.01002
1.01002
1.01002
1.01002
1.01002
1.01002
1.01002
1.01002
1.01002
1.01002
1.01002
1.01002
1.01002
1.01002
1.01002
1.01002
1.01002
1.01002
1.01002
1.01002
1.01002
1.01002
1.01002
1.01002
1.01002
1.01002
1.01002
1.01002
1.01002
1.01002
1.01002
1.01002
1.01002
1.01002
1.01002
1.01002
1.01002
1.01002
1.01002
1.01002
1.01002
1.01002
1.01002
1.01002
1.01002
1.01002
1.01002
1.01002
1.01002
1.01002
1.01002
1.01002
1.01002
1.01002
1.01002
1.01002
1.01002
1.01002
1.01002
1.01002
1.01002
1.01002
1.01002
1.01002
1.01002
1.01002
1.01002
1.01002
1.01002
1.01002
1.01002
1.01002
1.01002
1.01002
1.01002
1.01002
1.01002
1.01002
1.01002
1.01002
1.01002
1.01002
1.01002
1.01002
1.01002
1.01002
1.01002
1.01002
1.01002
1.01002
1.01002
1.01002
1.01002
1.01002
1.01002
1.01002
1.01002
1.01002
1.01002
1.01002
1.01002
1.01002
1.01002
1.01002
1.01002
1.01002
1.01002
1.01002
1.01002
1.01002
1.01002
1.01002
1.01002
1.01002
1.01002
1.01002
1.01002
1.01002
1.01002
1.01002
1.01002
1.01002
1.01002
1.01002
1.01002
1.01002
1.01002
1.01002
1.01002
1.01002
1.01002
1.01002
1.01002
1.01002
1.01002
1.01002
1.01002
1.01002
1.01002
1.01002
1.01002
1.01002
1.01002
1.01002
1.01002
1.01002
1.01002
1.01002
1.01002
1.01002
1.01002
1.01002
1.01002
1.01002
1.01002
1.01002
1.01002
1.01002
1.01002
1.01002
1.01002
1.01002
1.01002
1.01002
1.01002
1.01002
1.01002
1.01002
1.01002
1.01002
1.01002
1.01002
1.01002
1.01002
1.01002
1.01002
1.01002
1.01002
1.01002
1.01002
1.01002
1.01002
1.01002
1.01002
1.01002
1.01002
1.01002
1.01002
1.01002
1.01002
1.01002
1.01002
1.01002
1.01002
1.01002
1.01002
1.01002
1.01002
1.01002
1.01002
1.01002
1.01002
1.01002
1.01002
1.01002
1.01002
1.01002
1.01002
1.01002
1.01002
1.01002
1.01002
1.01002
1.01002
1.01002
1.01002
1.01002
1.01002
1.01002
1.01002
1.01002
1.01002
1.01002
1.01002
1.01002
1.01002
1.01002
1.01002
1.01002
1.01002
1.01002
1.01002
1.01002
1.01002
1.01002
1.01002
1.01002
1.01002
1.01002
1.01002
1.01002
1.01002
1.01002
1.01002
1.01002
1.01002
1.01002
1.01002
1.01002
1.01002
1.01002
1.01002
1.01002
1.01002
1.01002
1.01002
1.01002
1.01002
1.01002
1.01002
1.01002
1.01002
1.01002
1.01002
1.01002
1.01002
1.01002
1.01002
1.01002
1.01002
1.01002
1.01002
1.01002
1.01002
1.01002
1.01002
1.01002
1.01002
1.01002
1.01002
1.01002
1.01002
1.01002
1.01002
1.01002
1.01002
1.01002
1.01002
1.01002
1.01002
1.01002
1.01002
1.01002
1.01002
1.01002
1.01002
1.01002
1.01002
1.01002
1.01002
1.01002
1.01002
1.01002
1.01002
1.01002
1.01002
1.01002
1.01002
1.01002
1.01002
1.01002
1.01002
1.01002
1.01002
1.01002
1.01002
1.01002
1.01002
1.01002
1.01002
1.01002
1.01002
1.01002
1.01002
1.01002
1.01002
1.01002
1.01002
1.01002
1.01002
1.01002
1.01002
1.01002
1.01002
1.01002
1.01002
1.01002
1.01002
1.01002
1.01002
1.01002
1.01002
1.01002
1.01002
1.01002
1.01002
1.01002
1.01002
1.01002
1.01002
1.01002
1.01002
1.01002
1.01002
1.01002
1.01002
1.01002
1.01002
1.01002
1.01002
1.01002
1.01002
1.01002
1.01002
1.01002
1.01002
1.01002
1.01002
1.01002
1.01002
1.01002
1.01002
1.01002
1.01002
1.01002
1.01002
1.01002
1.01002
1.01002
1.01002
1.01002
1.01002
1.01002
1.01002
1.01002
1.01002
1.01002
1.01002
1.01002
1.01002
1.01002
1.01002
1.01002
1.01002
1.01002
1.01002
1.01002
1.01002
1.01002
1.01002
1.01002
1.01002
1.01002
1.01002
1.01002
1.01002
1.01002
1.01002
1.01002
1.01002
1.01002
1.01002
1.01002
1.01002
1.01002
1.01002
1.01002
1.01002
1.01002
1.01002
1.01002
1.01002
1.01002
1.01002
1.01002
1.01002
1.01002
1.01002
1.01002
1.01002
1.01002
1.01002
1.01002
1.01002
1.01002
1.01002
1.01002
1.01002
1.01002
1.01002
1.01002
1.01002
1.01002
1.01002
1.01002
1.01002
1.01002
1.01002
1.01002
1.01002
1.01002
1.01002
1.01002
1.01002
1.01002
1.01002
1.01002
1.01002
1.01002
1.01002
1.01002
1.01002
1.01002
1.01002
1.01002
1.01002
1.01002
1.01002
1.01002
1.01002
1.01002
1.01002
1.01002
1.01002
1.01002
1.01002
1.01002
1.01002
1.01002
1.01002
1.01002
1.01002
1.01002
1.01002
1.01002
1.01002
1.01002
