0
0
0
0
3.8147e-05
0.000328064
0.00115967
0.00287628
0.00576019
0.0100708
0.016037
0.0238876
0.0396576
0.053093
0.0689316
0.0872116
0.107918
0.119164
0.156265
0.18354
0.227669
0.243111
0.274994
0.308067
0.342018
0.37648
0.411263
0.446342
0.481461
0.533638
0.567848
0.601471
0.634392
0.666481
0.697609
0.727692
0.756683
0.77076
0.798042
0.836723
0.849007
0.884048
0.895187
0.926926
0.946487
0.964813
0.981956
0.99807
1.01321
1.0273
1.04026
1.0521
1.06287
1.07258
1.08128
1.08898
1.09881
1.10424
1.10883
1.11262
1.11565
1.11794
1.11952
1.12049
1.12089
1.12074
1.11963
1.11835
1.11671
1.11472
1.11241
1.11116
1.10706
1.10408
1.10094
1.09764
1.09421
1.09066
1.08704
1.08336
1.07964
1.07591
1.07219
1.06847
1.06847
1.05928
1.0557
1.0522
1.04877
1.04375
1.04056
1.03749
1.03455
1.03312
1.02907
1.02655
1.02416
1.0219
1.02082
1.01777
1.01591
1.01418
1.01256
1.01106
1.00969
1.00844
1.00731
1.00629
1.00536
1.00454
1.00381
1.00318
1.00264
1.00218
1.0018
1.00149
1.00125
1.00108
1.00096
1.0009
1.0009
1.00098
1.00104
1.00116
1.00143
1.00165
1.00189
1.00215
1.0023
1.00276
1.00307
1.00339
1.00375
1.00412
1.00449
1.00485
1.00522
1.00558
1.00595
1.00632
1.00668
1.00704
1.00735
1.00765
1.00796
1.00826
1.00857
1.00885
1.00909
1.00934
1.00958
1.00983
1.01003
1.01021
1.01039
1.01057
1.01075
1.01087
1.01105
1.01112
1.01124
1.01135
1.01141
1.01151
1.01157
1.01163
1.01169
1.01171
1.01171
1.01171
1.01171
1.01171
1.01171
1.01171
1.01171
1.01171
1.01171
1.01165
1.01159
1.01153
1.01147
1.01141
1.01134
1.01128
1.01122
1.01116
1.0111
1.01104
1.01098
1.01092
1.01086
1.0108
1.01073
1.01067
1.01061
1.01055
1.01049
1.01043
1.01037
1.01031
1.01025
1.01019
1.01012
1.01006
1.01004
1.01004
1.01004
1.01004
1.01004
1.01004
1.01004
1.01004
1.01004
1.01004
1.01004
1.01004
1.01004
1.01004
1.01004
1.01004
1.01004
1.01004
1.01004
1.01004
1.01004
1.01004
1.01004
1.01004
1.01004
1.01004
1.01004
1.01004
1.01004
1.01004
1.01004
1.01004
1.01004
1.01004
1.01004
1.01004
1.01004
1.01004
1.01004
1.01004
1.01004
1.01004
1.01004
1.01004
1.01004
1.01004
1.01004
1.01004
1.01004
1.01004
1.01004
1.01004
1.01004
1.01004
1.01004
1.01004
1.01004
1.01004
1.01004
1.01004
1.01004
1.01004
1.01004
1.01004
1.01004
1.01004
1.01004
1.01004
1.01004
1.01004
1.01004
1.01004
1.01004
1.01004
1.01004
1.01004
1.01004
1.01004
1.01004
1.01004
1.01004
1.01004
1.01004
1.01004
1.01004
1.01004
1.01004
1.01004
1.01004
1.01004
1.01004
1.01004
1.01004
1.01004
1.01004
1.01004
1.01004
1.01004
1.01004
1.01004
1.01004
1.01004
1.01004
1.01004
1.01004
1.01004
1.01004
1.01004
1.01004
1.01004
1.01004
1.01004
1.01004
1.01004
1.01004
1.01004
1.01004
1.01004
1.01004
1.01004
1.01004
1.01004
1.01004
1.01004
1.01004
1.01004
1.01004
1.01004
1.01004
1.01004
1.01004
1.01004
1.01004
1.01004
1.01004
1.01004
1.01004
1.01004
1.01004
1.01004
1.01004
1.01004
1.01004
1.01004
1.01004
1.01004
1.01004
1.01004
1.01004
1.01004
1.01004
1.01004
1.01004
1.01004
1.01004
1.01004
1.01004
1.01004
1.01004
1.01004
1.01004
1.01004
1.01004
1.01004
1.01004
1.01004
1.01004
1.01004
1.01004
1.01004
1.01004
1.01004
1.01004
1.01004
1.01004
1.01004
1.01004
1.01004
1.01004
1.01004
1.01004
1.01004
1.01004
1.01004
1.01004
1.01004
1.01004
1.01004
1.01004
1.01004
1.01004
1.01004
1.01004
1.01004
1.01004
1.01004
1.01004
1.01004
1.01004
1.01004
1.01004
1.01004
1.01004
1.01004
1.01004
1.01004
1.01004
1.01004
1.01004
1.01004
1.01004
1.01004
1.01004
1.01004
1.01004
1.01004
1.01004
1.01004
1.01004
1.01004
1.01004
1.01004
1.01004
1.01004
1.01004
1.01004
1.01004
1.01004
1.01004
1.01004
1.01004
1.01004
1.01004
1.01004
1.01004
1.01004
1.01004
1.01004
1.01004
1.01004
1.01004
1.01004
1.01004
1.01004
1.01004
1.01004
1.01004
1.01004
1.01004
1.01004
1.01004
1.01004
1.01004
1.01004
1.01004
1.01004
1.01004
1.01004
1.01004
1.01004
1.01004
1.01004
1.01004
1.01004
1.01004
1.01004
1.01004
1.01004
1.01004
1.01004
1.01004
1.01004
1.01004
1.01004
1.01004
1.01004
1.01004
1.01004
1.01004
1.01004
1.01004
1.01004
1.01004
1.01004
1.01004
1.01004
1.01004
1.01004
1.01004
1.01004
1.01004
1.01004
1.01004
1.01004
1.01004
1.01004
1.01004
1.01004
1.01004
1.01004
1.01004
1.01004
1.01004
1.01004
1.01004
1.01004
1.01004
1.01004
1.01004
1.01004
1.01004
1.01004
1.01004
1.01004
1.01004
1.01004
1.01004
1.01004
1.01004
1.01004
1.01004
1.01004
1.01004
1.01004
1.01004
1.01004
1.01004
1.01004
1.01004
1.01004
1.01004
1.01004
1.01004
1.01004
1.01004
1.01004
1.01004
1.01004
1.01004
1.01004
1.01004
1.01004
1.01004
1.01004
1.01004
1.01004
1.01004
1.01004
1.01004
1.01004
1.01004
1.01004
1.01004
1.01004
1.01004
1.01004
1.01004
1.01004
1.01004
1.01004
1.01004
1.01004
1.01004
1.01004
1.01004
1.01004
1.01004
1.01004
1.01004
1.01004
1.01004
1.01004
1.01004
1.01004
1.01004
1.01004
1.01004
1.01004
1.01004
1.01004
1.01004
1.01004
1.01004
1.01004
1.01004
1.01004
1.01004
1.01004
1.01004
1.01004
1.01004
1.01004
1.01004
1.01004
1.01004
1.01004
1.01004
1.01004
1.01004
1.01004
1.01004
1.01004
1.01004
1.01004
1.01004
1.01004
1.01004
1.01004
1.01004
1.01004
1.01004
1.01004
1.01004
1.01004
1.01004
1.01004
1.01004
1.01004
1.01004
1.01004
1.01004
1.01004
1.01004
1.01004
1.01004
1.01004
1.01004
1.01004
1.01004
1.01004
1.01004
1.01004
1.01004
1.01004
1.01004
1.01004
1.01004
1.01004
1.01004
1.01004
1.01004
1.01004
1.01004
1.01004
1.01004
1.01004
1.01004
1.01004
1.01004
1.01004
1.01004
1.01004
1.01004
1.01004
1.01004
1.01004
1.01004
1.01004
1.01004
1.01004
1.01004
1.01004
1.01004
1.01004
1.01004
1.01004
1.01004
1.01004
1.01004
1.01004
1.01004
1.01004
1.01004
1.01004
1.01004
1.01004
1.01004
1.01004
1.01004
1.01004
1.01004
1.01004
1.01004
1.01004
1.01004
1.01004
1.01004
1.01004
1.01004
1.01004
1.01004
1.01004
1.01004
1.01004
1.01004
1.01004
1.01004
1.01004
1.01004
1.01004
1.01004
1.01004
1.01004
1.01004
1.01004
1.01004
1.01004
1.01004
1.01004
1.01004
1.01004
1.01004
1.01004
1.01004
1.01004
1.01004
1.01004
1.01004
1.01004
1.01004
1.01004
1.01004
1.01004
1.01004
1.01004
1.01004
1.01004
1.01004
1.01004
1.01004
1.01004
1.01004
1.01004
1.01004
1.01004
1.01004
1.01004
1.01004
1.01004
1.01004
1.01004
1.01004
1.01004
1.01004
1.01004
1.01004
1.01004
1.01004
1.01004
1.01004
1.01004
1.01004
1.01004
1.01004
1.01004
1.01004
1.01004
1.01004
1.01004
1.01004
1.01004
1.01004
1.01004
1.01004
1.01004
1.01004
1.01004
1.01004
1.01004
1.01004
1.01004
1.01004
1.01004
1.01004
1.01004
1.01004
1.01004
1.01004
1.01004
1.01004
1.01004
1.01004
1.01004
1.01004
1.01004
1.01004
1.01004
1.01004
1.01004
1.01004
1.01004
1.01004
1.01004
1.01004
1.01004
1.01004
1.01004
1.01004
1.01004
1.01004
1.01004
1.01004
1.01004
1.01004
1.01004
1.01004
1.01004
1.01004
1.01004
1.01004
1.01004
1.01004
1.01004
1.01004
1.01004
1.01004
1.01004
1.01004
1.01004
1.01004
1.01004
1.01004
1.01004
1.01004
1.01004
1.01004
1.01004
1.01004
1.01004
1.01004
1.01004
1.01004
1.01004
1.01004
1.01004
1.01004
1.01004
1.01004
1.01004
1.01004
1.01004
1.01004
1.01004
1.01004
1.01004
1.01004
1.01004
1.01004
1.01004
1.01004
1.01004
1.01004
1.01004
1.01004
1.01004
1.01004
1.01004
1.01004
1.01004
1.01004
1.01004
1.01004
1.01004
1.01004
1.01004
1.01004
1.01004
1.01004
1.01004
1.01004
1.01004
1.01004
1.01004
1.01004
1.01004
1.01004
1.01004
1.01004
1.01004
1.01004
1.01004
1.01004
1.01004
1.01004
1.01004
1.01004
1.01004
1.01004
1.01004
1.01004
1.01004
1.01004
1.01004
1.01004
1.01004
1.01004
1.01004
1.01004
1.01004
1.01004
1.01004
1.01004
1.01004
1.01004
1.01004
1.01004
1.01004
1.01004
1.01004
1.01004
1.01004
1.01004
1.01004
1.01004
1.01004
1.01004
1.01004
1.01004
1.01004
1.01004
1.01004
1.01004
1.01004
1.01004
1.01004
1.01004
1.01004
1.01004
1.01004
1.01004
1.01004
1.01004
1.01004
1.01004
1.01004
1.01004
1.01004
1.01004
1.01004
1.01004
1.01004
1.01004
1.01004
1.01004
1.01004
1.01004
1.01004
1.01004
1.01004
1.01004
1.01004
1.01004
1.01004
1.01004
1.01004
1.01004
1.01004
1.01004
1.01004
1.01004
1.01004
1.01004
1.01004
1.01004
1.01004
1.01004
1.01004
1.01004
1.01004
1.01004
1.01004
1.01004
1.01004
1.01004
1.01004
1.01004
1.01004
1.01004
1.01004
1.01004
1.01004
1.01004
1.01004
1.01004
1.01004
1.01004
1.01004
1.01004
1.01004
1.01004
1.01004
1.01004
1.01004
1.01004
1.01004
1.01004
