0
0
0
0
0
0.0001297
0.000656128
0.00287628
0.00576019
0.0100708
0.016037
0.0238876
0.0338364
0.053093
0.0607071
0.0777664
0.0972672
0.119164
0.156395
0.169853
0.198227
0.228333
0.25985
0.292503
0.343109
0.360359
0.412857
0.44812
0.465744
0.518318
0.53569
0.587402
0.62133
0.654655
0.687363
0.719376
0.750603
0.7808
0.809753
0.837364
0.863617
0.888504
0.911995
0.934097
0.954803
0.974144
0.992134
1.01664
1.03136
1.04485
1.05713
1.06824
1.07822
1.08706
1.09482
1.10159
1.10743
1.11237
1.11977
1.1223
1.12414
1.12532
1.12586
1.12579
1.12521
1.12415
1.12264
1.12076
1.11854
1.11601
1.11172
1.11018
1.10694
1.10353
1.09631
1.09255
1.08872
1.08483
1.08092
1.07707
1.07323
1.06944
1.0657
1.062
1.05839
1.05486
1.05312
1.04642
1.04324
1.04016
1.0372
1.03295
1.0316
1.02776
1.02537
1.0231
1.02098
1.01902
1.0172
1.01551
1.01395
1.01251
1.01118
1.00995
1.00882
1.00779
1.00685
1.00602
1.00526
1.00461
1.00403
1.00352
1.00311
1.00275
1.00235
1.00216
1.00203
1.00195
1.00192
1.00194
1.002
1.0021
1.00222
1.0024
1.00258
1.0028
1.00304
1.00329
1.00356
1.00387
1.00417
1.00448
1.00478
1.00509
1.00539
1.0057
1.006
1.00631
1.00661
1.00692
1.00738
1.00753
1.00784
1.00814
1.00853
1.00877
1.00902
1.00926
1.00951
1.0097
1.00988
1.01006
1.01025
1.01043
1.01056
1.01068
1.0108
1.01093
1.01105
1.01114
1.0112
1.01126
1.01132
1.01138
1.01144
1.01151
1.01153
1.01153
1.01153
1.01153
1.01153
1.01153
1.01153
1.01153
1.01153
1.01153
1.01153
1.01149
1.0114
1.01134
1.01128
1.01122
1.01115
1.01109
1.01103
1.01097
1.01091
1.01085
1.01079
1.01073
1.01067
1.0106
1.01054
1.01048
1.01042
1.01036
1.0103
1.01024
1.01018
1.01013
1.01013
1.01013
1.01013
1.01013
1.01013
1.01013
1.01013
1.01013
1.01013
1.01013
1.01013
1.01013
1.01013
1.01013
1.01013
1.01013
1.01013
1.01013
1.01013
1.01013
1.01013
1.01013
1.01013
1.01013
1.01013
1.01013
1.01013
1.01013
1.01013
1.01013
1.01013
1.01013
1.01013
1.01013
1.01013
1.01013
1.01013
1.01013
1.01013
1.01013
1.01013
1.01013
1.01013
1.01013
1.01013
1.01013
1.01013
1.01013
1.01013
1.01013
1.01013
1.01013
1.01013
1.01013
1.01013
1.01013
1.01013
1.01013
1.01013
1.01013
1.01013
1.01013
1.01013
1.01013
1.01013
1.01013
1.01013
1.01013
1.01013
1.01013
1.01013
1.01013
1.01013
1.01013
1.01013
1.01013
1.01013
1.01013
1.01013
1.01013
1.01013
1.01013
1.01013
1.01013
1.01013
1.01013
1.01013
1.01013
1.01013
1.01013
1.01013
1.01013
1.01013
1.01013
1.01013
1.01013
1.01013
1.01013
1.01013
1.01013
1.01013
1.01013
1.01013
1.01013
1.01013
1.01013
1.01013
1.01013
1.01013
1.01013
1.01013
1.01013
1.01013
1.01013
1.01013
1.01013
1.01013
1.01013
1.01013
1.01013
1.01013
1.01013
1.01013
1.01013
1.01013
1.01013
1.01013
1.01013
1.01013
1.01013
1.01013
1.01013
1.01013
1.01013
1.01013
1.01013
1.01013
1.01013
1.01013
1.01013
1.01013
1.01013
1.01013
1.01013
1.01013
1.01013
1.01013
1.01013
1.01013
1.01013
1.01013
1.01013
1.01013
1.01013
1.01013
1.01013
1.01013
1.01013
1.01013
1.01013
1.01013
1.01013
1.01013
1.01013
1.01013
1.01013
1.01013
1.01013
1.01013
1.01013
1.01013
1.01013
1.01013
1.01013
1.01013
1.01013
1.01013
1.01013
1.01013
1.01013
1.01013
1.01013
1.01013
1.01013
1.01013
1.01013
1.01013
1.01013
1.01013
1.01013
1.01013
1.01013
1.01013
1.01013
1.01013
1.01013
1.01013
1.01013
1.01013
1.01013
1.01013
1.01013
1.01013
1.01013
1.01013
1.01013
1.01013
1.01013
1.01013
1.01013
1.01013
1.01013
1.01013
1.01013
1.01013
1.01013
1.01013
1.01013
1.01013
1.01013
1.01013
1.01013
1.01013
1.01013
1.01013
1.01013
1.01013
1.01013
1.01013
1.01013
1.01013
1.01013
1.01013
1.01013
1.01013
1.01013
1.01013
1.01013
1.01013
1.01013
1.01013
1.01013
1.01013
1.01013
1.01013
1.01013
1.01013
1.01013
1.01013
1.01013
1.01013
1.01013
1.01013
1.01013
1.01013
1.01013
1.01013
1.01013
1.01013
1.01013
1.01013
1.01013
1.01013
1.01013
1.01013
1.01013
1.01013
1.01013
1.01013
1.01013
1.01013
1.01013
1.01013
1.01013
1.01013
1.01013
1.01013
1.01013
1.01013
1.01013
1.01013
1.01013
1.01013
1.01013
1.01013
1.01013
1.01013
1.01013
1.01013
1.01013
1.01013
1.01013
1.01013
1.01013
1.01013
1.01013
1.01013
1.01013
1.01013
1.01013
1.01013
1.01013
1.01013
1.01013
1.01013
1.01013
1.01013
1.01013
1.01013
1.01013
1.01013
1.01013
1.01013
1.01013
1.01013
1.01013
1.01013
1.01013
1.01013
1.01013
1.01013
1.01013
1.01013
1.01013
1.01013
1.01013
1.01013
1.01013
1.01013
1.01013
1.01013
1.01013
1.01013
1.01013
1.01013
1.01013
1.01013
1.01013
1.01013
1.01013
1.01013
1.01013
1.01013
1.01013
1.01013
1.01013
1.01013
1.01013
1.01013
1.01013
1.01013
1.01013
1.01013
1.01013
1.01013
1.01013
1.01013
1.01013
1.01013
1.01013
1.01013
1.01013
1.01013
1.01013
1.01013
1.01013
1.01013
1.01013
1.01013
1.01013
1.01013
1.01013
1.01013
1.01013
1.01013
1.01013
1.01013
1.01013
1.01013
1.01013
1.01013
1.01013
1.01013
1.01013
1.01013
1.01013
1.01013
1.01013
1.01013
1.01013
1.01013
1.01013
1.01013
1.01013
1.01013
1.01013
1.01013
1.01013
1.01013
1.01013
1.01013
1.01013
1.01013
1.01013
1.01013
1.01013
1.01013
1.01013
1.01013
1.01013
1.01013
1.01013
1.01013
1.01013
1.01013
1.01013
1.01013
1.01013
1.01013
1.01013
1.01013
1.01013
1.01013
1.01013
1.01013
1.01013
1.01013
1.01013
1.01013
1.01013
1.01013
1.01013
1.01013
1.01013
1.01013
1.01013
1.01013
1.01013
1.01013
1.01013
1.01013
1.01013
1.01013
1.01013
1.01013
1.01013
1.01013
1.01013
1.01013
1.01013
1.01013
1.01013
1.01013
1.01013
1.01013
1.01013
1.01013
1.01013
1.01013
1.01013
1.01013
1.01013
1.01013
1.01013
1.01013
1.01013
1.01013
1.01013
1.01013
1.01013
1.01013
1.01013
1.01013
1.01013
1.01013
1.01013
1.01013
1.01013
1.01013
1.01013
1.01013
1.01013
1.01013
1.01013
1.01013
1.01013
1.01013
1.01013
1.01013
1.01013
1.01013
1.01013
1.01013
1.01013
1.01013
1.01013
1.01013
1.01013
1.01013
1.01013
1.01013
1.01013
1.01013
1.01013
1.01013
1.01013
1.01013
1.01013
1.01013
1.01013
1.01013
1.01013
1.01013
1.01013
1.01013
1.01013
1.01013
1.01013
1.01013
1.01013
1.01013
1.01013
1.01013
1.01013
1.01013
1.01013
1.01013
1.01013
1.01013
1.01013
1.01013
1.01013
1.01013
1.01013
1.01013
1.01013
1.01013
1.01013
1.01013
1.01013
1.01013
1.01013
1.01013
1.01013
1.01013
1.01013
1.01013
1.01013
1.01013
1.01013
1.01013
1.01013
1.01013
1.01013
1.01013
1.01013
1.01013
1.01013
1.01013
1.01013
1.01013
1.01013
1.01013
1.01013
1.01013
1.01013
1.01013
1.01013
1.01013
1.01013
1.01013
1.01013
1.01013
1.01013
1.01013
1.01013
1.01013
1.01013
1.01013
1.01013
1.01013
1.01013
1.01013
1.01013
1.01013
1.01013
1.01013
1.01013
1.01013
1.01013
1.01013
1.01013
1.01013
1.01013
1.01013
1.01013
1.01013
1.01013
1.01013
1.01013
1.01013
1.01013
1.01013
1.01013
1.01013
1.01013
1.01013
1.01013
1.01013
1.01013
1.01013
1.01013
1.01013
1.01013
1.01013
1.01013
1.01013
1.01013
1.01013
1.01013
1.01013
1.01013
1.01013
1.01013
1.01013
1.01013
1.01013
1.01013
1.01013
1.01013
1.01013
1.01013
1.01013
1.01013
1.01013
1.01013
1.01013
1.01013
1.01013
1.01013
1.01013
1.01013
1.01013
1.01013
1.01013
1.01013
1.01013
1.01013
1.01013
1.01013
1.01013
1.01013
1.01013
1.01013
1.01013
1.01013
1.01013
1.01013
1.01013
1.01013
1.01013
1.01013
1.01013
1.01013
1.01013
1.01013
1.01013
1.01013
1.01013
1.01013
1.01013
1.01013
1.01013
1.01013
1.01013
1.01013
1.01013
1.01013
1.01013
1.01013
1.01013
1.01013
1.01013
1.01013
1.01013
1.01013
1.01013
1.01013
1.01013
1.01013
1.01013
1.01013
1.01013
1.01013
1.01013
1.01013
1.01013
1.01013
1.01013
1.01013
1.01013
1.01013
1.01013
1.01013
1.01013
1.01013
1.01013
1.01013
1.01013
1.01013
1.01013
1.01013
1.01013
1.01013
1.01013
1.01013
1.01013
1.01013
1.01013
1.01013
1.01013
1.01013
1.01013
1.01013
1.01013
1.01013
1.01013
1.01013
1.01013
1.01013
1.01013
1.01013
1.01013
1.01013
1.01013
1.01013
1.01013
1.01013
1.01013
1.01013
1.01013
1.01013
1.01013
1.01013
1.01013
1.01013
1.01013
1.01013
1.01013
1.01013
1.01013
1.01013
1.01013
1.01013
1.01013
1.01013
1.01013
1.01013
1.01013
1.01013
1.01013
1.01013
1.01013
1.01013
1.01013
1.01013
1.01013
1.01013
1.01013
1.01013
1.01013
1.01013
1.01013
1.01013
1.01013
1.01013
1.01013
1.01013
1.01013
1.01013
1.01013
1.01013
1.01013
1.01013
1.01013
1.01013
1.01013
1.01013
1.01013
1.01013
1.01013
1.01013
1.01013
1.01013
1.01013
1.01013
1.01013
1.01013
1.01013
1.01013
