0
0
0
0
0
3.8147e-05
0.000328064
0.00189209
0.00287628
0.00772858
0.0128326
0.0197067
0.0285873
0.0396576
0.053093
0.0689316
0.0872116
0.119164
0.14341
0.1698
0.198051
0.227921
0.259209
0.291641
0.324959
0.376152
0.393425
0.445557
0.480331
0.514946
0.54921
0.583046
0.616508
0.649391
0.681427
0.712463
0.742447
0.771324
0.799049
0.825569
0.863029
0.874886
0.897644
0.919136
0.939354
0.967148
0.975754
0.999779
1.01432
1.02115
1.03979
1.05079
1.06073
1.06531
1.07377
1.08129
1.08788
1.09846
1.1026
1.10439
1.10979
1.1115
1.11254
1.11301
1.11298
1.11246
1.11205
1.11024
1.1086
1.10666
1.10446
1.10202
1.09938
1.09657
1.09362
1.09055
1.08737
1.08412
1.08247
1.07747
1.07411
1.07076
1.0674
1.06404
1.06075
1.05751
1.05433
1.04964
1.04661
1.04365
1.04077
1.03799
1.03532
1.03276
1.03031
1.02797
1.02467
1.02362
1.02161
1.01881
1.01709
1.01549
1.01399
1.0126
1.01134
1.01017
1.0091
1.00813
1.00725
1.00645
1.00542
1.00511
1.00455
1.00408
1.00349
1.00319
1.00294
1.00269
1.00263
1.00256
1.00253
1.00253
1.00262
1.00267
1.00285
1.00294
1.00312
1.0033
1.00353
1.0039
1.00414
1.00426
1.00455
1.00485
1.00531
1.00546
1.00592
1.00623
1.00653
1.00684
1.00714
1.00745
1.00771
1.00795
1.00819
1.00844
1.00868
1.00893
1.00917
1.00935
1.00954
1.00972
1.0099
1.01018
1.01031
1.01044
1.01056
1.01068
1.0108
1.01093
1.01099
1.01105
1.01112
1.01121
1.01127
1.01133
1.01138
1.01138
1.01138
1.01138
1.01138
1.01138
1.01138
1.01138
1.01138
1.01138
1.01138
1.01138
1.01138
1.01131
1.01125
1.01118
1.01112
1.01106
1.011
1.01094
1.01088
1.01082
1.01076
1.0107
1.01064
1.01054
1.01048
1.01042
1.01036
1.0103
1.01024
1.0102
1.0102
1.0102
1.0102
1.0102
1.0102
1.0102
1.0102
1.0102
1.0102
1.0102
1.0102
1.0102
1.0102
1.0102
1.0102
1.0102
1.0102
1.0102
1.0102
1.0102
1.0102
1.0102
1.0102
1.0102
1.0102
1.0102
1.0102
1.0102
1.0102
1.0102
1.0102
1.0102
1.0102
1.0102
1.0102
1.0102
1.0102
1.0102
1.0102
1.0102
1.0102
1.0102
1.0102
1.0102
1.0102
1.0102
1.0102
1.0102
1.0102
1.0102
1.0102
1.0102
1.0102
1.0102
1.0102
1.0102
1.0102
1.0102
1.0102
1.0102
1.0102
1.0102
1.0102
1.0102
1.0102
1.0102
1.0102
1.0102
1.0102
1.0102
1.0102
1.0102
1.0102
1.0102
1.0102
1.0102
1.0102
1.0102
1.0102
1.0102
1.0102
1.0102
1.0102
1.0102
1.0102
1.0102
1.0102
1.0102
1.0102
1.0102
1.0102
1.0102
1.0102
1.0102
1.0102
1.0102
1.0102
1.0102
1.0102
1.0102
1.0102
1.0102
1.0102
1.0102
1.0102
1.0102
1.0102
1.0102
1.0102
1.0102
1.0102
1.0102
1.0102
1.0102
1.0102
1.0102
1.0102
1.0102
1.0102
1.0102
1.0102
1.0102
1.0102
1.0102
1.0102
1.0102
1.0102
1.0102
1.0102
1.0102
1.0102
1.0102
1.0102
1.0102
1.0102
1.0102
1.0102
1.0102
1.0102
1.0102
1.0102
1.0102
1.0102
1.0102
1.0102
1.0102
1.0102
1.0102
1.0102
1.0102
1.0102
1.0102
1.0102
1.0102
1.0102
1.0102
1.0102
1.0102
1.0102
1.0102
1.0102
1.0102
1.0102
1.0102
1.0102
1.0102
1.0102
1.0102
1.0102
1.0102
1.0102
1.0102
1.0102
1.0102
1.0102
1.0102
1.0102
1.0102
1.0102
1.0102
1.0102
1.0102
1.0102
1.0102
1.0102
1.0102
1.0102
1.0102
1.0102
1.0102
1.0102
1.0102
1.0102
1.0102
1.0102
1.0102
1.0102
1.0102
1.0102
1.0102
1.0102
1.0102
1.0102
1.0102
1.0102
1.0102
1.0102
1.0102
1.0102
1.0102
1.0102
1.0102
1.0102
1.0102
1.0102
1.0102
1.0102
1.0102
1.0102
1.0102
1.0102
1.0102
1.0102
1.0102
1.0102
1.0102
1.0102
1.0102
1.0102
1.0102
1.0102
1.0102
1.0102
1.0102
1.0102
1.0102
1.0102
1.0102
1.0102
1.0102
1.0102
1.0102
1.0102
1.0102
1.0102
1.0102
1.0102
1.0102
1.0102
1.0102
1.0102
1.0102
1.0102
1.0102
1.0102
1.0102
1.0102
1.0102
1.0102
1.0102
1.0102
1.0102
1.0102
1.0102
1.0102
1.0102
1.0102
1.0102
1.0102
1.0102
1.0102
1.0102
1.0102
1.0102
1.0102
1.0102
1.0102
1.0102
1.0102
1.0102
1.0102
1.0102
1.0102
1.0102
1.0102
1.0102
1.0102
1.0102
1.0102
1.0102
1.0102
1.0102
1.0102
1.0102
1.0102
1.0102
1.0102
1.0102
1.0102
1.0102
1.0102
1.0102
1.0102
1.0102
1.0102
1.0102
1.0102
1.0102
1.0102
1.0102
1.0102
1.0102
1.0102
1.0102
1.0102
1.0102
1.0102
1.0102
1.0102
1.0102
1.0102
1.0102
1.0102
1.0102
1.0102
1.0102
1.0102
1.0102
1.0102
1.0102
1.0102
1.0102
1.0102
1.0102
1.0102
1.0102
1.0102
1.0102
1.0102
1.0102
1.0102
1.0102
1.0102
1.0102
1.0102
1.0102
1.0102
1.0102
1.0102
1.0102
1.0102
1.0102
1.0102
1.0102
1.0102
1.0102
1.0102
1.0102
1.0102
1.0102
1.0102
1.0102
1.0102
1.0102
1.0102
1.0102
1.0102
1.0102
1.0102
1.0102
1.0102
1.0102
1.0102
1.0102
1.0102
1.0102
1.0102
1.0102
1.0102
1.0102
1.0102
1.0102
1.0102
1.0102
1.0102
1.0102
1.0102
1.0102
1.0102
1.0102
1.0102
1.0102
1.0102
1.0102
1.0102
1.0102
1.0102
1.0102
1.0102
1.0102
1.0102
1.0102
1.0102
1.0102
1.0102
1.0102
1.0102
1.0102
1.0102
1.0102
1.0102
1.0102
1.0102
1.0102
1.0102
1.0102
1.0102
1.0102
1.0102
1.0102
1.0102
1.0102
1.0102
1.0102
1.0102
1.0102
1.0102
1.0102
1.0102
1.0102
1.0102
1.0102
1.0102
1.0102
1.0102
1.0102
1.0102
1.0102
1.0102
1.0102
1.0102
1.0102
1.0102
1.0102
1.0102
1.0102
1.0102
1.0102
1.0102
1.0102
1.0102
1.0102
1.0102
1.0102
1.0102
1.0102
1.0102
1.0102
1.0102
1.0102
1.0102
1.0102
1.0102
1.0102
1.0102
1.0102
1.0102
1.0102
1.0102
1.0102
1.0102
1.0102
1.0102
1.0102
1.0102
1.0102
1.0102
1.0102
1.0102
1.0102
1.0102
1.0102
1.0102
1.0102
1.0102
1.0102
1.0102
1.0102
1.0102
1.0102
1.0102
1.0102
1.0102
1.0102
1.0102
1.0102
1.0102
1.0102
1.0102
1.0102
1.0102
1.0102
1.0102
1.0102
1.0102
1.0102
1.0102
1.0102
1.0102
1.0102
1.0102
1.0102
1.0102
1.0102
1.0102
1.0102
1.0102
1.0102
1.0102
1.0102
1.0102
1.0102
1.0102
1.0102
1.0102
1.0102
1.0102
1.0102
1.0102
1.0102
1.0102
1.0102
1.0102
1.0102
1.0102
1.0102
1.0102
1.0102
1.0102
1.0102
1.0102
1.0102
1.0102
1.0102
1.0102
1.0102
1.0102
1.0102
1.0102
1.0102
1.0102
1.0102
1.0102
1.0102
1.0102
1.0102
1.0102
1.0102
1.0102
1.0102
1.0102
1.0102
1.0102
1.0102
1.0102
1.0102
1.0102
1.0102
1.0102
1.0102
1.0102
1.0102
1.0102
1.0102
1.0102
1.0102
1.0102
1.0102
1.0102
1.0102
1.0102
1.0102
1.0102
1.0102
1.0102
1.0102
1.0102
1.0102
1.0102
1.0102
1.0102
1.0102
1.0102
1.0102
1.0102
1.0102
1.0102
1.0102
1.0102
1.0102
1.0102
1.0102
1.0102
1.0102
1.0102
1.0102
1.0102
1.0102
1.0102
1.0102
1.0102
1.0102
1.0102
1.0102
1.0102
1.0102
1.0102
1.0102
1.0102
1.0102
1.0102
1.0102
1.0102
1.0102
1.0102
1.0102
1.0102
1.0102
1.0102
1.0102
1.0102
1.0102
1.0102
1.0102
1.0102
1.0102
1.0102
1.0102
1.0102
1.0102
1.0102
1.0102
1.0102
1.0102
1.0102
1.0102
1.0102
1.0102
1.0102
1.0102
1.0102
1.0102
1.0102
1.0102
1.0102
1.0102
1.0102
1.0102
1.0102
1.0102
1.0102
1.0102
1.0102
1.0102
1.0102
1.0102
1.0102
1.0102
1.0102
1.0102
1.0102
1.0102
1.0102
1.0102
1.0102
1.0102
1.0102
1.0102
1.0102
1.0102
1.0102
1.0102
1.0102
1.0102
1.0102
1.0102
1.0102
1.0102
1.0102
1.0102
1.0102
1.0102
1.0102
1.0102
1.0102
1.0102
1.0102
1.0102
1.0102
1.0102
1.0102
1.0102
1.0102
1.0102
1.0102
1.0102
1.0102
1.0102
1.0102
1.0102
1.0102
1.0102
1.0102
1.0102
1.0102
1.0102
1.0102
1.0102
1.0102
1.0102
1.0102
1.0102
1.0102
1.0102
1.0102
1.0102
1.0102
1.0102
1.0102
1.0102
1.0102
1.0102
1.0102
1.0102
1.0102
1.0102
1.0102
1.0102
1.0102
1.0102
1.0102
1.0102
1.0102
1.0102
1.0102
1.0102
1.0102
1.0102
1.0102
1.0102
1.0102
1.0102
1.0102
1.0102
1.0102
1.0102
1.0102
1.0102
1.0102
1.0102
1.0102
1.0102
1.0102
1.0102
1.0102
1.0102
1.0102
1.0102
1.0102
1.0102
1.0102
1.0102
1.0102
1.0102
1.0102
1.0102
1.0102
1.0102
1.0102
1.0102
1.0102
1.0102
1.0102
1.0102
1.0102
1.0102
1.0102
1.0102
1.0102
1.0102
1.0102
1.0102
1.0102
1.0102
1.0102
1.0102
1.0102
1.0102
1.0102
1.0102
1.0102
1.0102
