0
0
0
0
3.8147e-05
0.000328064
0.00115967
0.00287628
0.00576019
0.0100708
0.016037
0.0238876
0.0338364
0.0460815
0.0607071
0.0777664
0.0972672
0.119164
0.143448
0.169914
0.19828
0.228279
0.275818
0.292206
0.342613
0.359718
0.394249
0.446411
0.463806
0.516083
0.550858
0.585403
0.619438
0.652847
0.685623
0.701706
0.748383
0.777992
0.820038
0.846474
0.871788
0.895966
0.918816
0.940147
0.96003
0.978584
0.99585
1.01185
1.02659
1.04011
1.0582
1.06365
1.07837
1.08685
1.09071
1.10075
1.10359
1.10863
1.11459
1.11617
1.11881
1.12074
1.12202
1.1228
1.12262
1.12196
1.12084
1.11932
1.11741
1.11517
1.11266
1.10988
1.1069
1.10373
1.10041
1.09696
1.0934
1.08976
1.08606
1.08047
1.0767
1.07298
1.06925
1.06557
1.06198
1.05675
1.05335
1.05003
1.0468
1.04366
1.04063
1.03633
1.03496
1.031
1.02851
1.02615
1.02392
1.02181
1.02081
1.018
1.01627
1.01467
1.01318
1.0118
1.01052
1.00935
1.00828
1.00731
1.00643
1.00565
1.00496
1.00435
1.00382
1.00337
1.00283
1.00268
1.00243
1.00219
1.00213
1.00206
1.00204
1.00208
1.00216
1.00228
1.00243
1.00261
1.0028
1.00304
1.00329
1.00353
1.00398
1.00429
1.00459
1.0049
1.0052
1.00551
1.00581
1.00627
1.00642
1.00688
1.00719
1.00749
1.0078
1.00809
1.00846
1.00858
1.00895
1.00907
1.00943
1.00961
1.0098
1.00998
1.01016
1.01035
1.01047
1.01059
1.01071
1.01083
1.01096
1.01109
1.01112
1.01121
1.01124
1.01133
1.01139
1.01145
1.01146
1.01146
1.01146
1.01146
1.01146
1.01146
1.01146
1.01146
1.01146
1.01146
1.01146
1.01144
1.01138
1.01132
1.01123
1.0112
1.01111
1.01105
1.01099
1.01093
1.01086
1.0108
1.01074
1.01068
1.01059
1.01053
1.01047
1.01041
1.01035
1.01028
1.01022
1.01019
1.01019
1.01019
1.01019
1.01019
1.01019
1.01019
1.01019
1.01019
1.01019
1.01019
1.01019
1.01019
1.01019
1.01019
1.01019
1.01019
1.01019
1.01019
1.01019
1.01019
1.01019
1.01019
1.01019
1.01019
1.01019
1.01019
1.01019
1.01019
1.01019
1.01019
1.01019
1.01019
1.01019
1.01019
1.01019
1.01019
1.01019
1.01019
1.01019
1.01019
1.01019
1.01019
1.01019
1.01019
1.01019
1.01019
1.01019
1.01019
1.01019
1.01019
1.01019
1.01019
1.01019
1.01019
1.01019
1.01019
1.01019
1.01019
1.01019
1.01019
1.01019
1.01019
1.01019
1.01019
1.01019
1.01019
1.01019
1.01019
1.01019
1.01019
1.01019
1.01019
1.01019
1.01019
1.01019
1.01019
1.01019
1.01019
1.01019
1.01019
1.01019
1.01019
1.01019
1.01019
1.01019
1.01019
1.01019
1.01019
1.01019
1.01019
1.01019
1.01019
1.01019
1.01019
1.01019
1.01019
1.01019
1.01019
1.01019
1.01019
1.01019
1.01019
1.01019
1.01019
1.01019
1.01019
1.01019
1.01019
1.01019
1.01019
1.01019
1.01019
1.01019
1.01019
1.01019
1.01019
1.01019
1.01019
1.01019
1.01019
1.01019
1.01019
1.01019
1.01019
1.01019
1.01019
1.01019
1.01019
1.01019
1.01019
1.01019
1.01019
1.01019
1.01019
1.01019
1.01019
1.01019
1.01019
1.01019
1.01019
1.01019
1.01019
1.01019
1.01019
1.01019
1.01019
1.01019
1.01019
1.01019
1.01019
1.01019
1.01019
1.01019
1.01019
1.01019
1.01019
1.01019
1.01019
1.01019
1.01019
1.01019
1.01019
1.01019
1.01019
1.01019
1.01019
1.01019
1.01019
1.01019
1.01019
1.01019
1.01019
1.01019
1.01019
1.01019
1.01019
1.01019
1.01019
1.01019
1.01019
1.01019
1.01019
1.01019
1.01019
1.01019
1.01019
1.01019
1.01019
1.01019
1.01019
1.01019
1.01019
1.01019
1.01019
1.01019
1.01019
1.01019
1.01019
1.01019
1.01019
1.01019
1.01019
1.01019
1.01019
1.01019
1.01019
1.01019
1.01019
1.01019
1.01019
1.01019
1.01019
1.01019
1.01019
1.01019
1.01019
1.01019
1.01019
1.01019
1.01019
1.01019
1.01019
1.01019
1.01019
1.01019
1.01019
1.01019
1.01019
1.01019
1.01019
1.01019
1.01019
1.01019
1.01019
1.01019
1.01019
1.01019
1.01019
1.01019
1.01019
1.01019
1.01019
1.01019
1.01019
1.01019
1.01019
1.01019
1.01019
1.01019
1.01019
1.01019
1.01019
1.01019
1.01019
1.01019
1.01019
1.01019
1.01019
1.01019
1.01019
1.01019
1.01019
1.01019
1.01019
1.01019
1.01019
1.01019
1.01019
1.01019
1.01019
1.01019
1.01019
1.01019
1.01019
1.01019
1.01019
1.01019
1.01019
1.01019
1.01019
1.01019
1.01019
1.01019
1.01019
1.01019
1.01019
1.01019
1.01019
1.01019
1.01019
1.01019
1.01019
1.01019
1.01019
1.01019
1.01019
1.01019
1.01019
1.01019
1.01019
1.01019
1.01019
1.01019
1.01019
1.01019
1.01019
1.01019
1.01019
1.01019
1.01019
1.01019
1.01019
1.01019
1.01019
1.01019
1.01019
1.01019
1.01019
1.01019
1.01019
1.01019
1.01019
1.01019
1.01019
1.01019
1.01019
1.01019
1.01019
1.01019
1.01019
1.01019
1.01019
1.01019
1.01019
1.01019
1.01019
1.01019
1.01019
1.01019
1.01019
1.01019
1.01019
1.01019
1.01019
1.01019
1.01019
1.01019
1.01019
1.01019
1.01019
1.01019
1.01019
1.01019
1.01019
1.01019
1.01019
1.01019
1.01019
1.01019
1.01019
1.01019
1.01019
1.01019
1.01019
1.01019
1.01019
1.01019
1.01019
1.01019
1.01019
1.01019
1.01019
1.01019
1.01019
1.01019
1.01019
1.01019
1.01019
1.01019
1.01019
1.01019
1.01019
1.01019
1.01019
1.01019
1.01019
1.01019
1.01019
1.01019
1.01019
1.01019
1.01019
1.01019
1.01019
1.01019
1.01019
1.01019
1.01019
1.01019
1.01019
1.01019
1.01019
1.01019
1.01019
1.01019
1.01019
1.01019
1.01019
1.01019
1.01019
1.01019
1.01019
1.01019
1.01019
1.01019
1.01019
1.01019
1.01019
1.01019
1.01019
1.01019
1.01019
1.01019
1.01019
1.01019
1.01019
1.01019
1.01019
1.01019
1.01019
1.01019
1.01019
1.01019
1.01019
1.01019
1.01019
1.01019
1.01019
1.01019
1.01019
1.01019
1.01019
1.01019
1.01019
1.01019
1.01019
1.01019
1.01019
1.01019
1.01019
1.01019
1.01019
1.01019
1.01019
1.01019
1.01019
1.01019
1.01019
1.01019
1.01019
1.01019
1.01019
1.01019
1.01019
1.01019
1.01019
1.01019
1.01019
1.01019
1.01019
1.01019
1.01019
1.01019
1.01019
1.01019
1.01019
1.01019
1.01019
1.01019
1.01019
1.01019
1.01019
1.01019
1.01019
1.01019
1.01019
1.01019
1.01019
1.01019
1.01019
1.01019
1.01019
1.01019
1.01019
1.01019
1.01019
1.01019
1.01019
1.01019
1.01019
1.01019
1.01019
1.01019
1.01019
1.01019
1.01019
1.01019
1.01019
1.01019
1.01019
1.01019
1.01019
1.01019
1.01019
1.01019
1.01019
1.01019
1.01019
1.01019
1.01019
1.01019
1.01019
1.01019
1.01019
1.01019
1.01019
1.01019
1.01019
1.01019
1.01019
1.01019
1.01019
1.01019
1.01019
1.01019
1.01019
1.01019
1.01019
1.01019
1.01019
1.01019
1.01019
1.01019
1.01019
1.01019
1.01019
1.01019
1.01019
1.01019
1.01019
1.01019
1.01019
1.01019
1.01019
1.01019
1.01019
1.01019
1.01019
1.01019
1.01019
1.01019
1.01019
1.01019
1.01019
1.01019
1.01019
1.01019
1.01019
1.01019
1.01019
1.01019
1.01019
1.01019
1.01019
1.01019
1.01019
1.01019
1.01019
1.01019
1.01019
1.01019
1.01019
1.01019
1.01019
1.01019
1.01019
1.01019
1.01019
1.01019
1.01019
1.01019
1.01019
1.01019
1.01019
1.01019
1.01019
1.01019
1.01019
1.01019
1.01019
1.01019
1.01019
1.01019
1.01019
1.01019
1.01019
1.01019
1.01019
1.01019
1.01019
1.01019
1.01019
1.01019
1.01019
1.01019
1.01019
1.01019
1.01019
1.01019
1.01019
1.01019
1.01019
1.01019
1.01019
1.01019
1.01019
1.01019
1.01019
1.01019
1.01019
1.01019
1.01019
1.01019
1.01019
1.01019
1.01019
1.01019
1.01019
1.01019
1.01019
1.01019
1.01019
1.01019
1.01019
1.01019
1.01019
1.01019
1.01019
1.01019
1.01019
1.01019
1.01019
1.01019
1.01019
1.01019
1.01019
1.01019
1.01019
1.01019
1.01019
1.01019
1.01019
1.01019
1.01019
1.01019
1.01019
1.01019
1.01019
1.01019
1.01019
1.01019
1.01019
1.01019
1.01019
1.01019
1.01019
1.01019
1.01019
1.01019
1.01019
1.01019
1.01019
1.01019
1.01019
1.01019
1.01019
1.01019
1.01019
1.01019
1.01019
1.01019
1.01019
1.01019
1.01019
1.01019
1.01019
1.01019
1.01019
1.01019
1.01019
1.01019
1.01019
1.01019
1.01019
1.01019
1.01019
1.01019
1.01019
1.01019
1.01019
1.01019
1.01019
1.01019
1.01019
1.01019
1.01019
1.01019
1.01019
1.01019
1.01019
1.01019
1.01019
1.01019
1.01019
1.01019
1.01019
1.01019
1.01019
1.01019
1.01019
1.01019
1.01019
1.01019
1.01019
1.01019
1.01019
1.01019
1.01019
1.01019
1.01019
1.01019
1.01019
1.01019
1.01019
1.01019
1.01019
1.01019
1.01019
1.01019
1.01019
1.01019
1.01019
1.01019
1.01019
1.01019
1.01019
1.01019
1.01019
1.01019
1.01019
1.01019
1.01019
1.01019
1.01019
1.01019
1.01019
1.01019
1.01019
1.01019
1.01019
1.01019
1.01019
1.01019
1.01019
1.01019
1.01019
1.01019
1.01019
1.01019
1.01019
1.01019
1.01019
1.01019
1.01019
1.01019
1.01019
1.01019
1.01019
1.01019
1.01019
1.01019
1.01019
1.01019
1.01019
1.01019
1.01019
1.01019
1.01019
1.01019
1.01019
1.01019
1.01019
