0
0
0
0
0
0.000328064
0.000656128
0.00287628
0.00576019
0.00772858
0.016037
0.0238876
0.0338364
0.0460815
0.0689316
0.0777664
0.107918
0.13102
0.15641
0.183838
0.213013
0.243805
0.275879
0.308914
0.342621
0.376793
0.411232
0.445763
0.480194
0.514366
0.548141
0.581367
0.613953
0.645782
0.676765
0.706841
0.735916
0.763954
0.790894
0.82917
0.841347
0.864815
0.897758
0.908134
0.937302
0.955193
0.971916
0.987366
1.00169
1.01508
1.02749
1.03886
1.04922
1.06289
1.06698
1.07447
1.08109
1.08943
1.09395
1.09592
1.09933
1.1032
1.10498
1.10616
1.10681
1.10703
1.10675
1.10606
1.105
1.10359
1.10189
1.09991
1.09653
1.09402
1.09135
1.08855
1.08564
1.08266
1.07961
1.07649
1.07334
1.07017
1.06699
1.06382
1.06065
1.0575
1.05285
1.04982
1.04685
1.04395
1.04114
1.03976
1.03711
1.03332
1.03091
1.02862
1.02641
1.02431
1.02232
1.02045
1.0187
1.01705
1.0155
1.01407
1.01273
1.01151
1.01038
1.00935
1.0084
1.00755
1.00643
1.00579
1.00523
1.00473
1.00432
1.00397
1.00382
1.00346
1.00329
1.00317
1.0031
1.00307
1.00307
1.0031
1.0032
1.00333
1.00345
1.00363
1.00381
1.00391
1.00423
1.00448
1.00472
1.00497
1.00521
1.00546
1.0057
1.00594
1.00619
1.00643
1.00668
1.00692
1.00716
1.00741
1.00765
1.0079
1.00814
1.00838
1.00863
1.00887
1.00906
1.00925
1.00943
1.0097
1.00989
1.01007
1.01019
1.01031
1.01044
1.01056
1.01068
1.0108
1.01087
1.01093
1.01099
1.01105
1.01112
1.01118
1.01127
1.01128
1.01128
1.01128
1.01128
1.01128
1.01128
1.01128
1.01128
1.01128
1.01128
1.01128
1.01128
1.01128
1.01127
1.01121
1.01115
1.01109
1.01102
1.01096
1.0109
1.01084
1.01078
1.01072
1.01066
1.0106
1.01054
1.01048
1.01041
1.01035
1.01029
1.01023
1.01019
1.01019
1.01019
1.01019
1.01019
1.01019
1.01019
1.01019
1.01019
1.01019
1.01019
1.01019
1.01019
1.01019
1.01019
1.01019
1.01019
1.01019
1.01019
1.01019
1.01019
1.01019
1.01019
1.01019
1.01019
1.01019
1.01019
1.01019
1.01019
1.01019
1.01019
1.01019
1.01019
1.01019
1.01019
1.01019
1.01019
1.01019
1.01019
1.01019
1.01019
1.01019
1.01019
1.01019
1.01019
1.01019
1.01019
1.01019
1.01019
1.01019
1.01019
1.01019
1.01019
1.01019
1.01019
1.01019
1.01019
1.01019
1.01019
1.01019
1.01019
1.01019
1.01019
1.01019
1.01019
1.01019
1.01019
1.01019
1.01019
1.01019
1.01019
1.01019
1.01019
1.01019
1.01019
1.01019
1.01019
1.01019
1.01019
1.01019
1.01019
1.01019
1.01019
1.01019
1.01019
1.01019
1.01019
1.01019
1.01019
1.01019
1.01019
1.01019
1.01019
1.01019
1.01019
1.01019
1.01019
1.01019
1.01019
1.01019
1.01019
1.01019
1.01019
1.01019
1.01019
1.01019
1.01019
1.01019
1.01019
1.01019
1.01019
1.01019
1.01019
1.01019
1.01019
1.01019
1.01019
1.01019
1.01019
1.01019
1.01019
1.01019
1.01019
1.01019
1.01019
1.01019
1.01019
1.01019
1.01019
1.01019
1.01019
1.01019
1.01019
1.01019
1.01019
1.01019
1.01019
1.01019
1.01019
1.01019
1.01019
1.01019
1.01019
1.01019
1.01019
1.01019
1.01019
1.01019
1.01019
1.01019
1.01019
1.01019
1.01019
1.01019
1.01019
1.01019
1.01019
1.01019
1.01019
1.01019
1.01019
1.01019
1.01019
1.01019
1.01019
1.01019
1.01019
1.01019
1.01019
1.01019
1.01019
1.01019
1.01019
1.01019
1.01019
1.01019
1.01019
1.01019
1.01019
1.01019
1.01019
1.01019
1.01019
1.01019
1.01019
1.01019
1.01019
1.01019
1.01019
1.01019
1.01019
1.01019
1.01019
1.01019
1.01019
1.01019
1.01019
1.01019
1.01019
1.01019
1.01019
1.01019
1.01019
1.01019
1.01019
1.01019
1.01019
1.01019
1.01019
1.01019
1.01019
1.01019
1.01019
1.01019
1.01019
1.01019
1.01019
1.01019
1.01019
1.01019
1.01019
1.01019
1.01019
1.01019
1.01019
1.01019
1.01019
1.01019
1.01019
1.01019
1.01019
1.01019
1.01019
1.01019
1.01019
1.01019
1.01019
1.01019
1.01019
1.01019
1.01019
1.01019
1.01019
1.01019
1.01019
1.01019
1.01019
1.01019
1.01019
1.01019
1.01019
1.01019
1.01019
1.01019
1.01019
1.01019
1.01019
1.01019
1.01019
1.01019
1.01019
1.01019
1.01019
1.01019
1.01019
1.01019
1.01019
1.01019
1.01019
1.01019
1.01019
1.01019
1.01019
1.01019
1.01019
1.01019
1.01019
1.01019
1.01019
1.01019
1.01019
1.01019
1.01019
1.01019
1.01019
1.01019
1.01019
1.01019
1.01019
1.01019
1.01019
1.01019
1.01019
1.01019
1.01019
1.01019
1.01019
1.01019
1.01019
1.01019
1.01019
1.01019
1.01019
1.01019
1.01019
1.01019
1.01019
1.01019
1.01019
1.01019
1.01019
1.01019
1.01019
1.01019
1.01019
1.01019
1.01019
1.01019
1.01019
1.01019
1.01019
1.01019
1.01019
1.01019
1.01019
1.01019
1.01019
1.01019
1.01019
1.01019
1.01019
1.01019
1.01019
1.01019
1.01019
1.01019
1.01019
1.01019
1.01019
1.01019
1.01019
1.01019
1.01019
1.01019
1.01019
1.01019
1.01019
1.01019
1.01019
1.01019
1.01019
1.01019
1.01019
1.01019
1.01019
1.01019
1.01019
1.01019
1.01019
1.01019
1.01019
1.01019
1.01019
1.01019
1.01019
1.01019
1.01019
1.01019
1.01019
1.01019
1.01019
1.01019
1.01019
1.01019
1.01019
1.01019
1.01019
1.01019
1.01019
1.01019
1.01019
1.01019
1.01019
1.01019
1.01019
1.01019
1.01019
1.01019
1.01019
1.01019
1.01019
1.01019
1.01019
1.01019
1.01019
1.01019
1.01019
1.01019
1.01019
1.01019
1.01019
1.01019
1.01019
1.01019
1.01019
1.01019
1.01019
1.01019
1.01019
1.01019
1.01019
1.01019
1.01019
1.01019
1.01019
1.01019
1.01019
1.01019
1.01019
1.01019
1.01019
1.01019
1.01019
1.01019
1.01019
1.01019
1.01019
1.01019
1.01019
1.01019
1.01019
1.01019
1.01019
1.01019
1.01019
1.01019
1.01019
1.01019
1.01019
1.01019
1.01019
1.01019
1.01019
1.01019
1.01019
1.01019
1.01019
1.01019
1.01019
1.01019
1.01019
1.01019
1.01019
1.01019
1.01019
1.01019
1.01019
1.01019
1.01019
1.01019
1.01019
1.01019
1.01019
1.01019
1.01019
1.01019
1.01019
1.01019
1.01019
1.01019
1.01019
1.01019
1.01019
1.01019
1.01019
1.01019
1.01019
1.01019
1.01019
1.01019
1.01019
1.01019
1.01019
1.01019
1.01019
1.01019
1.01019
1.01019
1.01019
1.01019
1.01019
1.01019
1.01019
1.01019
1.01019
1.01019
1.01019
1.01019
1.01019
1.01019
1.01019
1.01019
1.01019
1.01019
1.01019
1.01019
1.01019
1.01019
1.01019
1.01019
1.01019
1.01019
1.01019
1.01019
1.01019
1.01019
1.01019
1.01019
1.01019
1.01019
1.01019
1.01019
1.01019
1.01019
1.01019
1.01019
1.01019
1.01019
1.01019
1.01019
1.01019
1.01019
1.01019
1.01019
1.01019
1.01019
1.01019
1.01019
1.01019
1.01019
1.01019
1.01019
1.01019
1.01019
1.01019
1.01019
1.01019
1.01019
1.01019
1.01019
1.01019
1.01019
1.01019
1.01019
1.01019
1.01019
1.01019
1.01019
1.01019
1.01019
1.01019
1.01019
1.01019
1.01019
1.01019
1.01019
1.01019
1.01019
1.01019
1.01019
1.01019
1.01019
1.01019
1.01019
1.01019
1.01019
1.01019
1.01019
1.01019
1.01019
1.01019
1.01019
1.01019
1.01019
1.01019
1.01019
1.01019
1.01019
1.01019
1.01019
1.01019
1.01019
1.01019
1.01019
1.01019
1.01019
1.01019
1.01019
1.01019
1.01019
1.01019
1.01019
1.01019
1.01019
1.01019
1.01019
1.01019
1.01019
1.01019
1.01019
1.01019
1.01019
1.01019
1.01019
1.01019
1.01019
1.01019
1.01019
1.01019
1.01019
1.01019
1.01019
1.01019
1.01019
1.01019
1.01019
1.01019
1.01019
1.01019
1.01019
1.01019
1.01019
1.01019
1.01019
1.01019
1.01019
1.01019
1.01019
1.01019
1.01019
1.01019
1.01019
1.01019
1.01019
1.01019
1.01019
1.01019
1.01019
1.01019
1.01019
1.01019
1.01019
1.01019
1.01019
1.01019
1.01019
1.01019
1.01019
1.01019
1.01019
1.01019
1.01019
1.01019
1.01019
1.01019
1.01019
1.01019
1.01019
1.01019
1.01019
1.01019
1.01019
1.01019
1.01019
1.01019
1.01019
1.01019
1.01019
1.01019
1.01019
1.01019
1.01019
1.01019
1.01019
1.01019
1.01019
1.01019
1.01019
1.01019
1.01019
1.01019
1.01019
1.01019
1.01019
1.01019
1.01019
1.01019
1.01019
1.01019
1.01019
1.01019
1.01019
1.01019
1.01019
1.01019
1.01019
1.01019
1.01019
1.01019
1.01019
1.01019
1.01019
1.01019
1.01019
1.01019
1.01019
1.01019
1.01019
1.01019
1.01019
1.01019
1.01019
1.01019
1.01019
1.01019
1.01019
1.01019
1.01019
1.01019
1.01019
1.01019
1.01019
1.01019
1.01019
1.01019
1.01019
1.01019
1.01019
1.01019
1.01019
1.01019
1.01019
1.01019
1.01019
1.01019
1.01019
1.01019
1.01019
1.01019
1.01019
1.01019
1.01019
1.01019
1.01019
1.01019
1.01019
1.01019
1.01019
1.01019
1.01019
1.01019
1.01019
1.01019
1.01019
1.01019
1.01019
1.01019
1.01019
1.01019
1.01019
1.01019
1.01019
1.01019
1.01019
1.01019
1.01019
1.01019
1.01019
1.01019
1.01019
1.01019
1.01019
1.01019
1.01019
1.01019
1.01019
1.01019
1.01019
1.01019
1.01019
1.01019
1.01019
1.01019
1.01019
1.01019
1.01019
1.01019
1.01019
1.01019
1.01019
