0
0
0
0
3.8147e-05
0.000328064
0.00115967
0.00287628
0.00576019
0.0100708
0.016037
0.0238876
0.0396576
0.053093
0.0607071
0.0872116
0.107918
0.130974
0.156219
0.183502
0.212654
0.243347
0.275238
0.308029
0.341499
0.375443
0.409645
0.443939
0.478127
0.52887
0.545578
0.594818
0.626793
0.657959
0.688187
0.717575
0.746078
0.773521
0.799797
0.824867
0.848732
0.871384
0.89286
0.913177
0.932335
0.950333
0.967186
0.982903
0.997498
1.01099
1.02341
1.03478
1.04514
1.05449
1.06291
1.0704
1.07703
1.08282
1.0878
1.09202
1.09554
1.09837
1.10057
1.10278
1.10358
1.1039
1.10375
1.1032
1.10225
1.10097
1.09938
1.09753
1.09544
1.09194
1.09068
1.08807
1.08533
1.08248
1.07809
1.07507
1.07202
1.06895
1.06589
1.06284
1.05982
1.05683
1.05389
1.05101
1.04819
1.04543
1.04272
1.0401
1.03756
1.0351
1.03272
1.03044
1.02825
1.02615
1.02416
1.02228
1.01963
1.0188
1.01645
1.01572
1.01434
1.01244
1.01131
1.01026
1.00931
1.00843
1.00764
1.00694
1.00632
1.00578
1.0053
1.0049
1.00455
1.00427
1.00404
1.00386
1.00374
1.00366
1.00362
1.00362
1.00365
1.00372
1.00381
1.00394
1.00407
1.00426
1.00453
1.00462
1.00497
1.00509
1.00533
1.00558
1.00582
1.00619
1.00631
1.00655
1.0068
1.00716
1.00741
1.00765
1.0079
1.00814
1.00838
1.00863
1.00882
1.009
1.00919
1.00937
1.00964
1.00974
1.00992
1.01005
1.01023
1.01035
1.01041
1.0106
1.01072
1.01079
1.01085
1.01091
1.01097
1.01103
1.01109
1.01115
1.01121
1.01121
1.01121
1.01121
1.01121
1.01121
1.01121
1.01121
1.01121
1.01121
1.01121
1.01121
1.01121
1.01121
1.01121
1.01116
1.0111
1.01104
1.01098
1.01092
1.01086
1.0108
1.01073
1.01064
1.01058
1.01052
1.01046
1.0104
1.01034
1.01028
1.01026
1.01026
1.01026
1.01026
1.01026
1.01026
1.01026
1.01026
1.01026
1.01026
1.01026
1.01026
1.01026
1.01026
1.01026
1.01026
1.01026
1.01026
1.01026
1.01026
1.01026
1.01026
1.01026
1.01026
1.01026
1.01026
1.01026
1.01026
1.01026
1.01026
1.01026
1.01026
1.01026
1.01026
1.01026
1.01026
1.01026
1.01026
1.01026
1.01026
1.01026
1.01026
1.01026
1.01026
1.01026
1.01026
1.01026
1.01026
1.01026
1.01026
1.01026
1.01026
1.01026
1.01026
1.01026
1.01026
1.01026
1.01026
1.01026
1.01026
1.01026
1.01026
1.01026
1.01026
1.01026
1.01026
1.01026
1.01026
1.01026
1.01026
1.01026
1.01026
1.01026
1.01026
1.01026
1.01026
1.01026
1.01026
1.01026
1.01026
1.01026
1.01026
1.01026
1.01026
1.01026
1.01026
1.01026
1.01026
1.01026
1.01026
1.01026
1.01026
1.01026
1.01026
1.01026
1.01026
1.01026
1.01026
1.01026
1.01026
1.01026
1.01026
1.01026
1.01026
1.01026
1.01026
1.01026
1.01026
1.01026
1.01026
1.01026
1.01026
1.01026
1.01026
1.01026
1.01026
1.01026
1.01026
1.01026
1.01026
1.01026
1.01026
1.01026
1.01026
1.01026
1.01026
1.01026
1.01026
1.01026
1.01026
1.01026
1.01026
1.01026
1.01026
1.01026
1.01026
1.01026
1.01026
1.01026
1.01026
1.01026
1.01026
1.01026
1.01026
1.01026
1.01026
1.01026
1.01026
1.01026
1.01026
1.01026
1.01026
1.01026
1.01026
1.01026
1.01026
1.01026
1.01026
1.01026
1.01026
1.01026
1.01026
1.01026
1.01026
1.01026
1.01026
1.01026
1.01026
1.01026
1.01026
1.01026
1.01026
1.01026
1.01026
1.01026
1.01026
1.01026
1.01026
1.01026
1.01026
1.01026
1.01026
1.01026
1.01026
1.01026
1.01026
1.01026
1.01026
1.01026
1.01026
1.01026
1.01026
1.01026
1.01026
1.01026
1.01026
1.01026
1.01026
1.01026
1.01026
1.01026
1.01026
1.01026
1.01026
1.01026
1.01026
1.01026
1.01026
1.01026
1.01026
1.01026
1.01026
1.01026
1.01026
1.01026
1.01026
1.01026
1.01026
1.01026
1.01026
1.01026
1.01026
1.01026
1.01026
1.01026
1.01026
1.01026
1.01026
1.01026
1.01026
1.01026
1.01026
1.01026
1.01026
1.01026
1.01026
1.01026
1.01026
1.01026
1.01026
1.01026
1.01026
1.01026
1.01026
1.01026
1.01026
1.01026
1.01026
1.01026
1.01026
1.01026
1.01026
1.01026
1.01026
1.01026
1.01026
1.01026
1.01026
1.01026
1.01026
1.01026
1.01026
1.01026
1.01026
1.01026
1.01026
1.01026
1.01026
1.01026
1.01026
1.01026
1.01026
1.01026
1.01026
1.01026
1.01026
1.01026
1.01026
1.01026
1.01026
1.01026
1.01026
1.01026
1.01026
1.01026
1.01026
1.01026
1.01026
1.01026
1.01026
1.01026
1.01026
1.01026
1.01026
1.01026
1.01026
1.01026
1.01026
1.01026
1.01026
1.01026
1.01026
1.01026
1.01026
1.01026
1.01026
1.01026
1.01026
1.01026
1.01026
1.01026
1.01026
1.01026
1.01026
1.01026
1.01026
1.01026
1.01026
1.01026
1.01026
1.01026
1.01026
1.01026
1.01026
1.01026
1.01026
1.01026
1.01026
1.01026
1.01026
1.01026
1.01026
1.01026
1.01026
1.01026
1.01026
1.01026
1.01026
1.01026
1.01026
1.01026
1.01026
1.01026
1.01026
1.01026
1.01026
1.01026
1.01026
1.01026
1.01026
1.01026
1.01026
1.01026
1.01026
1.01026
1.01026
1.01026
1.01026
1.01026
1.01026
1.01026
1.01026
1.01026
1.01026
1.01026
1.01026
1.01026
1.01026
1.01026
1.01026
1.01026
1.01026
1.01026
1.01026
1.01026
1.01026
1.01026
1.01026
1.01026
1.01026
1.01026
1.01026
1.01026
1.01026
1.01026
1.01026
1.01026
1.01026
1.01026
1.01026
1.01026
1.01026
1.01026
1.01026
1.01026
1.01026
1.01026
1.01026
1.01026
1.01026
1.01026
1.01026
1.01026
1.01026
1.01026
1.01026
1.01026
1.01026
1.01026
1.01026
1.01026
1.01026
1.01026
1.01026
1.01026
1.01026
1.01026
1.01026
1.01026
1.01026
1.01026
1.01026
1.01026
1.01026
1.01026
1.01026
1.01026
1.01026
1.01026
1.01026
1.01026
1.01026
1.01026
1.01026
1.01026
1.01026
1.01026
1.01026
1.01026
1.01026
1.01026
1.01026
1.01026
1.01026
1.01026
1.01026
1.01026
1.01026
1.01026
1.01026
1.01026
1.01026
1.01026
1.01026
1.01026
1.01026
1.01026
1.01026
1.01026
1.01026
1.01026
1.01026
1.01026
1.01026
1.01026
1.01026
1.01026
1.01026
1.01026
1.01026
1.01026
1.01026
1.01026
1.01026
1.01026
1.01026
1.01026
1.01026
1.01026
1.01026
1.01026
1.01026
1.01026
1.01026
1.01026
1.01026
1.01026
1.01026
1.01026
1.01026
1.01026
1.01026
1.01026
1.01026
1.01026
1.01026
1.01026
1.01026
1.01026
1.01026
1.01026
1.01026
1.01026
1.01026
1.01026
1.01026
1.01026
1.01026
1.01026
1.01026
1.01026
1.01026
1.01026
1.01026
1.01026
1.01026
1.01026
1.01026
1.01026
1.01026
1.01026
1.01026
1.01026
1.01026
1.01026
1.01026
1.01026
1.01026
1.01026
1.01026
1.01026
1.01026
1.01026
1.01026
1.01026
1.01026
1.01026
1.01026
1.01026
1.01026
1.01026
1.01026
1.01026
1.01026
1.01026
1.01026
1.01026
1.01026
1.01026
1.01026
1.01026
1.01026
1.01026
1.01026
1.01026
1.01026
1.01026
1.01026
1.01026
1.01026
1.01026
1.01026
1.01026
1.01026
1.01026
1.01026
1.01026
1.01026
1.01026
1.01026
1.01026
1.01026
1.01026
1.01026
1.01026
1.01026
1.01026
1.01026
1.01026
1.01026
1.01026
1.01026
1.01026
1.01026
1.01026
1.01026
1.01026
1.01026
1.01026
1.01026
1.01026
1.01026
1.01026
1.01026
1.01026
1.01026
1.01026
1.01026
1.01026
1.01026
1.01026
1.01026
1.01026
1.01026
1.01026
1.01026
1.01026
1.01026
1.01026
1.01026
1.01026
1.01026
1.01026
1.01026
1.01026
1.01026
1.01026
1.01026
1.01026
1.01026
1.01026
1.01026
1.01026
1.01026
1.01026
1.01026
1.01026
1.01026
1.01026
1.01026
1.01026
1.01026
1.01026
1.01026
1.01026
1.01026
1.01026
1.01026
1.01026
1.01026
1.01026
1.01026
1.01026
1.01026
1.01026
1.01026
1.01026
1.01026
1.01026
1.01026
1.01026
1.01026
1.01026
1.01026
1.01026
1.01026
1.01026
1.01026
1.01026
1.01026
1.01026
1.01026
1.01026
1.01026
1.01026
1.01026
1.01026
1.01026
1.01026
1.01026
1.01026
1.01026
1.01026
1.01026
1.01026
1.01026
1.01026
1.01026
1.01026
1.01026
1.01026
1.01026
1.01026
1.01026
1.01026
1.01026
1.01026
1.01026
1.01026
1.01026
1.01026
1.01026
1.01026
1.01026
1.01026
1.01026
1.01026
1.01026
1.01026
1.01026
1.01026
1.01026
1.01026
1.01026
1.01026
1.01026
1.01026
1.01026
1.01026
1.01026
1.01026
1.01026
1.01026
1.01026
1.01026
1.01026
1.01026
1.01026
1.01026
1.01026
1.01026
1.01026
1.01026
1.01026
1.01026
1.01026
1.01026
1.01026
1.01026
1.01026
1.01026
1.01026
1.01026
1.01026
1.01026
1.01026
1.01026
1.01026
1.01026
1.01026
1.01026
1.01026
1.01026
1.01026
1.01026
1.01026
1.01026
1.01026
1.01026
1.01026
1.01026
1.01026
1.01026
1.01026
1.01026
1.01026
1.01026
1.01026
1.01026
1.01026
1.01026
1.01026
1.01026
1.01026
1.01026
1.01026
1.01026
1.01026
1.01026
1.01026
1.01026
1.01026
1.01026
1.01026
1.01026
1.01026
1.01026
1.01026
1.01026
1.01026
1.01026
1.01026
1.01026
1.01026
1.01026
1.01026
1.01026
1.01026
1.01026
1.01026
1.01026
1.01026
1.01026
1.01026
1.01026
1.01026
1.01026
1.01026
1.01026
1.01026
1.01026
1.01026
