0
0
0
0
3.8147e-05
0.000328064
0.00115967
0.00287628
0.00576019
0.0100708
0.016037
0.0238876
0.0338364
0.053093
0.0607071
0.0777664
0.0972672
0.119164
0.15638
0.183784
0.213013
0.243782
0.275787
0.308731
0.342316
0.37632
0.410568
0.44487
0.479042
0.512947
0.546425
0.579353
0.61161
0.643105
0.673744
0.717964
0.732193
0.759872
0.786453
0.811913
0.836159
0.859184
0.891609
0.911766
0.930733
0.948517
0.95697
0.980446
0.99456
1.00755
1.01951
1.03053
1.04053
1.04947
1.05743
1.06451
1.07074
1.07617
1.08084
1.08481
1.0881
1.09078
1.09371
1.09443
1.09544
1.09602
1.09606
1.09587
1.09559
1.09425
1.09299
1.09061
1.08874
1.08772
1.08442
1.08204
1.07954
1.07696
1.07429
1.07018
1.06878
1.06457
1.06176
1.05895
1.05619
1.05344
1.05075
1.04811
1.04424
1.04298
1.0405
1.0369
1.03461
1.0324
1.03028
1.02824
1.02629
1.02444
1.02269
1.02103
1.01947
1.018
1.01662
1.01472
1.01356
1.01249
1.0115
1.0106
1.00977
1.00903
1.00835
1.00774
1.00697
1.00652
1.00614
1.00581
1.00554
1.00531
1.00513
1.005
1.00491
1.00485
1.00484
1.00484
1.00488
1.00494
1.00503
1.00515
1.00527
1.00539
1.00558
1.00576
1.00603
1.00613
1.00631
1.00649
1.00668
1.00695
1.00704
1.00723
1.0075
1.00768
1.00787
1.00805
1.00823
1.00842
1.0086
1.00878
1.00896
1.00915
1.00933
1.0095
1.00962
1.00974
1.00986
1.00999
1.01011
1.01023
1.01035
1.01049
1.01055
1.01061
1.01067
1.01073
1.0108
1.01086
1.01092
1.01098
1.011
1.011
1.011
1.011
1.011
1.011
1.011
1.011
1.011
1.011
1.011
1.011
1.011
1.011
1.011
1.011
1.011
1.011
1.01099
1.01093
1.01086
1.0108
1.01074
1.01068
1.01062
1.01056
1.0105
1.01041
1.01038
1.01031
1.01031
1.01031
1.01031
1.01031
1.01031
1.01031
1.01031
1.01031
1.01031
1.01031
1.01031
1.01031
1.01031
1.01031
1.01031
1.01031
1.01031
1.01031
1.01031
1.01031
1.01031
1.01031
1.01031
1.01031
1.01031
1.01031
1.01031
1.01031
1.01031
1.01031
1.01031
1.01031
1.01031
1.01031
1.01031
1.01031
1.01031
1.01031
1.01031
1.01031
1.01031
1.01031
1.01031
1.01031
1.01031
1.01031
1.01031
1.01031
1.01031
1.01031
1.01031
1.01031
1.01031
1.01031
1.01031
1.01031
1.01031
1.01031
1.01031
1.01031
1.01031
1.01031
1.01031
1.01031
1.01031
1.01031
1.01031
1.01031
1.01031
1.01031
1.01031
1.01031
1.01031
1.01031
1.01031
1.01031
1.01031
1.01031
1.01031
1.01031
1.01031
1.01031
1.01031
1.01031
1.01031
1.01031
1.01031
1.01031
1.01031
1.01031
1.01031
1.01031
1.01031
1.01031
1.01031
1.01031
1.01031
1.01031
1.01031
1.01031
1.01031
1.01031
1.01031
1.01031
1.01031
1.01031
1.01031
1.01031
1.01031
1.01031
1.01031
1.01031
1.01031
1.01031
1.01031
1.01031
1.01031
1.01031
1.01031
1.01031
1.01031
1.01031
1.01031
1.01031
1.01031
1.01031
1.01031
1.01031
1.01031
1.01031
1.01031
1.01031
1.01031
1.01031
1.01031
1.01031
1.01031
1.01031
1.01031
1.01031
1.01031
1.01031
1.01031
1.01031
1.01031
1.01031
1.01031
1.01031
1.01031
1.01031
1.01031
1.01031
1.01031
1.01031
1.01031
1.01031
1.01031
1.01031
1.01031
1.01031
1.01031
1.01031
1.01031
1.01031
1.01031
1.01031
1.01031
1.01031
1.01031
1.01031
1.01031
1.01031
1.01031
1.01031
1.01031
1.01031
1.01031
1.01031
1.01031
1.01031
1.01031
1.01031
1.01031
1.01031
1.01031
1.01031
1.01031
1.01031
1.01031
1.01031
1.01031
1.01031
1.01031
1.01031
1.01031
1.01031
1.01031
1.01031
1.01031
1.01031
1.01031
1.01031
1.01031
1.01031
1.01031
1.01031
1.01031
1.01031
1.01031
1.01031
1.01031
1.01031
1.01031
1.01031
1.01031
1.01031
1.01031
1.01031
1.01031
1.01031
1.01031
1.01031
1.01031
1.01031
1.01031
1.01031
1.01031
1.01031
1.01031
1.01031
1.01031
1.01031
1.01031
1.01031
1.01031
1.01031
1.01031
1.01031
1.01031
1.01031
1.01031
1.01031
1.01031
1.01031
1.01031
1.01031
1.01031
1.01031
1.01031
1.01031
1.01031
1.01031
1.01031
1.01031
1.01031
1.01031
1.01031
1.01031
1.01031
1.01031
1.01031
1.01031
1.01031
1.01031
1.01031
1.01031
1.01031
1.01031
1.01031
1.01031
1.01031
1.01031
1.01031
1.01031
1.01031
1.01031
1.01031
1.01031
1.01031
1.01031
1.01031
1.01031
1.01031
1.01031
1.01031
1.01031
1.01031
1.01031
1.01031
1.01031
1.01031
1.01031
1.01031
1.01031
1.01031
1.01031
1.01031
1.01031
1.01031
1.01031
1.01031
1.01031
1.01031
1.01031
1.01031
1.01031
1.01031
1.01031
1.01031
1.01031
1.01031
1.01031
1.01031
1.01031
1.01031
1.01031
1.01031
1.01031
1.01031
1.01031
1.01031
1.01031
1.01031
1.01031
1.01031
1.01031
1.01031
1.01031
1.01031
1.01031
1.01031
1.01031
1.01031
1.01031
1.01031
1.01031
1.01031
1.01031
1.01031
1.01031
1.01031
1.01031
1.01031
1.01031
1.01031
1.01031
1.01031
1.01031
1.01031
1.01031
1.01031
1.01031
1.01031
1.01031
1.01031
1.01031
1.01031
1.01031
1.01031
1.01031
1.01031
1.01031
1.01031
1.01031
1.01031
1.01031
1.01031
1.01031
1.01031
1.01031
1.01031
1.01031
1.01031
1.01031
1.01031
1.01031
1.01031
1.01031
1.01031
1.01031
1.01031
1.01031
1.01031
1.01031
1.01031
1.01031
1.01031
1.01031
1.01031
1.01031
1.01031
1.01031
1.01031
1.01031
1.01031
1.01031
1.01031
1.01031
1.01031
1.01031
1.01031
1.01031
1.01031
1.01031
1.01031
1.01031
1.01031
1.01031
1.01031
1.01031
1.01031
1.01031
1.01031
1.01031
1.01031
1.01031
1.01031
1.01031
1.01031
1.01031
1.01031
1.01031
1.01031
1.01031
1.01031
1.01031
1.01031
1.01031
1.01031
1.01031
1.01031
1.01031
1.01031
1.01031
1.01031
1.01031
1.01031
1.01031
1.01031
1.01031
1.01031
1.01031
1.01031
1.01031
1.01031
1.01031
1.01031
1.01031
1.01031
1.01031
1.01031
1.01031
1.01031
1.01031
1.01031
1.01031
1.01031
1.01031
1.01031
1.01031
1.01031
1.01031
1.01031
1.01031
1.01031
1.01031
1.01031
1.01031
1.01031
1.01031
1.01031
1.01031
1.01031
1.01031
1.01031
1.01031
1.01031
1.01031
1.01031
1.01031
1.01031
1.01031
1.01031
1.01031
1.01031
1.01031
1.01031
1.01031
1.01031
1.01031
1.01031
1.01031
1.01031
1.01031
1.01031
1.01031
1.01031
1.01031
1.01031
1.01031
1.01031
1.01031
1.01031
1.01031
1.01031
1.01031
1.01031
1.01031
1.01031
1.01031
1.01031
1.01031
1.01031
1.01031
1.01031
1.01031
1.01031
1.01031
1.01031
1.01031
1.01031
1.01031
1.01031
1.01031
1.01031
1.01031
1.01031
1.01031
1.01031
1.01031
1.01031
1.01031
1.01031
1.01031
1.01031
1.01031
1.01031
1.01031
1.01031
1.01031
1.01031
1.01031
1.01031
1.01031
1.01031
1.01031
1.01031
1.01031
1.01031
1.01031
1.01031
1.01031
1.01031
1.01031
1.01031
1.01031
1.01031
1.01031
1.01031
1.01031
1.01031
1.01031
1.01031
1.01031
1.01031
1.01031
1.01031
1.01031
1.01031
1.01031
1.01031
1.01031
1.01031
1.01031
1.01031
1.01031
1.01031
1.01031
1.01031
1.01031
1.01031
1.01031
1.01031
1.01031
1.01031
1.01031
1.01031
1.01031
1.01031
1.01031
1.01031
1.01031
1.01031
1.01031
1.01031
1.01031
1.01031
1.01031
1.01031
1.01031
1.01031
1.01031
1.01031
1.01031
1.01031
1.01031
1.01031
1.01031
1.01031
1.01031
1.01031
1.01031
1.01031
1.01031
1.01031
1.01031
1.01031
1.01031
1.01031
1.01031
1.01031
1.01031
1.01031
1.01031
1.01031
1.01031
1.01031
1.01031
1.01031
1.01031
1.01031
1.01031
1.01031
1.01031
1.01031
1.01031
1.01031
1.01031
1.01031
1.01031
1.01031
1.01031
1.01031
1.01031
1.01031
1.01031
1.01031
1.01031
1.01031
1.01031
1.01031
1.01031
1.01031
1.01031
1.01031
1.01031
1.01031
1.01031
1.01031
1.01031
1.01031
1.01031
1.01031
1.01031
1.01031
1.01031
1.01031
1.01031
1.01031
1.01031
1.01031
1.01031
1.01031
1.01031
1.01031
1.01031
1.01031
1.01031
1.01031
1.01031
1.01031
1.01031
1.01031
1.01031
1.01031
1.01031
1.01031
1.01031
1.01031
1.01031
1.01031
1.01031
1.01031
1.01031
1.01031
1.01031
1.01031
1.01031
1.01031
1.01031
1.01031
1.01031
1.01031
1.01031
1.01031
1.01031
1.01031
1.01031
1.01031
1.01031
1.01031
1.01031
1.01031
1.01031
1.01031
1.01031
1.01031
1.01031
1.01031
1.01031
1.01031
1.01031
1.01031
1.01031
1.01031
1.01031
1.01031
1.01031
1.01031
1.01031
1.01031
1.01031
1.01031
1.01031
1.01031
1.01031
1.01031
1.01031
1.01031
1.01031
1.01031
1.01031
1.01031
1.01031
1.01031
1.01031
1.01031
1.01031
1.01031
1.01031
1.01031
1.01031
1.01031
1.01031
1.01031
1.01031
1.01031
1.01031
1.01031
1.01031
1.01031
1.01031
1.01031
1.01031
1.01031
1.01031
1.01031
1.01031
1.01031
1.01031
1.01031
1.01031
1.01031
1.01031
1.01031
1.01031
1.01031
1.01031
1.01031
1.01031
1.01031
1.01031
1.01031
1.01031
1.01031
1.01031
1.01031
1.01031
1.01031
1.01031
1.01031
1.01031
1.01031
1.01031
1.01031
1.01031
1.01031
1.01031
1.01031
1.01031
1.01031
1.01031
