0
0
0
0
3.8147e-06
0.000305176
0.000629425
0.00284958
0.00572586
0.0100212
0.0159798
0.0238304
0.0337791
0.0460129
0.0606613
0.0777206
0.0972099
0.119118
0.143425
0.170063
0.19883
0.229496
0.261822
0.295586
0.33057
0.366558
0.403339
0.440708
0.478477
0.516464
0.554504
0.592419
0.630058
0.667278
0.703938
0.739902
0.775066
0.80933
0.842587
0.890415
0.905773
0.949966
0.977783
1.00423
1.02926
1.05282
1.0749
1.09545
1.11446
1.13194
1.14791
1.16239
1.17539
1.18695
1.19711
1.20591
1.21339
1.2196
1.22458
1.22984
1.23104
1.23303
1.23309
1.23222
1.23045
1.22786
1.22449
1.22042
1.21571
1.2104
1.20456
1.19823
1.19147
1.18433
1.17688
1.16914
1.1612
1.15307
1.14482
1.13646
1.12806
1.11963
1.11122
1.10286
1.09458
1.08641
1.07837
1.0705
1.05905
1.05168
1.04456
1.03767
1.03106
1.02474
1.01872
1.01302
1.00764
1.00258
0.995594
0.993431
0.989353
0.983841
0.980564
0.977615
0.974976
0.972641
0.970612
0.968876
0.967422
0.966248
0.965336
0.96468
0.964245
0.964035
0.964035
0.964237
0.964626
0.965195
0.965927
0.966808
0.967834
0.968994
0.970264
0.971642
0.97311
0.974663
0.976288
0.977974
0.97971
0.981487
0.983295
0.985126
0.986965
0.989754
0.990669
0.993416
0.994316
0.996994
0.998734
1.00043
1.00126
1.00289
1.00523
1.00672
1.00744
1.00951
1.0108
1.01203
1.01318
1.01427
1.01528
1.01622
1.01709
1.01788
1.0186
1.01925
1.01982
1.02033
1.02077
1.02114
1.02158
1.0217
1.02196
1.02201
1.02209
1.02211
1.02205
1.02195
1.02181
1.02163
1.02141
1.02116
1.02088
1.02057
1.02023
1.01987
1.01949
1.01929
1.01846
1.01825
1.01782
1.01736
1.0169
1.01645
1.01599
1.01553
1.01507
1.01461
1.01393
1.0135
1.01307
1.01265
1.01225
1.01185
1.01147
1.0111
1.01076
1.01026
1.01011
1.0098
1.00953
1.00926
1.0089
1.00868
1.00848
1.0083
1.00813
1.00798
1.00785
1.00772
1.00763
1.00754
1.00748
1.00742
1.00738
1.00737
1.00734
1.00734
1.00734
1.00736
1.00739
1.00742
1.00748
1.00754
1.0076
1.00766
1.00774
1.00783
1.00792
1.00801
1.0081
1.00819
1.00829
1.00838
1.00847
1.00856
1.00865
1.00879
1.00883
1.00897
1.00902
1.00911
1.0092
1.00934
1.00938
1.00952
1.00957
1.0097
1.0098
1.00989
1.00996
1.01003
1.01009
1.01015
1.01021
1.01027
1.01033
1.01039
1.01043
1.01046
1.01049
1.01052
1.01055
1.01059
1.01061
1.01064
1.01064
1.01064
1.01064
1.01064
1.01064
1.01064
1.01064
1.01064
1.01064
1.01064
1.01064
1.01063
1.0106
1.01057
1.01054
1.01051
1.01048
1.01044
1.01041
1.01038
1.01035
1.01032
1.01029
1.01026
1.01023
1.0102
1.01015
1.01014
1.01009
1.01008
1.01003
1.01
1.00999
1.00994
1.00991
1.0099
1.00986
1.00986
1.00986
1.00986
1.00986
1.00986
1.00986
1.00986
1.00986
1.00986
1.00986
1.00986
1.00986
1.00986
1.00986
1.00986
1.00986
1.00986
1.00986
1.00986
1.00986
1.00986
1.00986
1.00986
1.00986
1.00986
1.00986
1.00986
1.00986
1.00986
1.00986
1.00986
1.00986
1.00986
1.00986
1.00986
1.00986
1.00986
1.00986
1.00986
1.00986
1.00986
1.00986
1.00986
1.00986
1.00986
1.00986
1.00986
1.00986
1.00986
1.00986
1.00986
1.00986
1.00986
1.00986
1.00986
1.00986
1.00986
1.00986
1.00986
1.00986
1.00986
1.00986
1.00986
1.00986
1.00986
1.00986
1.00986
1.00986
1.00986
1.00986
1.00986
1.00986
1.00986
1.00986
1.00986
1.00986
1.00986
1.00986
1.00986
1.00986
1.00986
1.00986
1.00986
1.00986
1.00986
1.00986
1.00986
1.00986
1.00986
1.00986
1.00986
1.00986
1.00986
1.00986
1.00986
1.00986
1.00986
1.00986
1.00986
1.00986
1.00986
1.00986
1.00986
1.00986
1.00986
1.00986
1.00986
1.00986
1.00986
1.00986
1.00986
1.00986
1.00986
1.00986
1.00986
1.00986
1.00986
1.00986
1.00986
1.00986
1.00986
1.00986
1.00986
1.00986
1.00986
1.00986
1.00986
1.00986
1.00986
1.00986
1.00986
1.00986
1.00986
1.00986
1.00986
1.00986
1.00986
1.00986
1.00986
1.00986
1.00986
1.00986
1.00986
1.00986
1.00986
1.00986
1.00986
1.00986
1.00986
1.00986
1.00986
1.00986
1.00986
1.00986
1.00986
1.00986
1.00986
1.00986
1.00986
1.00986
1.00986
1.00986
1.00986
1.00986
1.00986
1.00986
1.00986
1.00986
1.00986
1.00986
1.00986
1.00986
1.00986
1.00986
1.00986
1.00986
1.00986
1.00986
1.00986
1.00986
1.00986
1.00986
1.00986
1.00986
1.00986
1.00986
1.00986
1.00986
1.00986
1.00986
1.00986
1.00986
1.00986
1.00986
1.00986
1.00986
1.00986
1.00986
1.00986
1.00986
1.00986
1.00986
1.00986
1.00986
1.00986
1.00986
1.00986
1.00986
1.00986
1.00986
1.00986
1.00986
1.00986
1.00986
1.00986
1.00986
1.00986
1.00986
1.00986
1.00986
1.00986
1.00986
1.00986
1.00986
1.00986
1.00986
1.00986
1.00986
1.00986
1.00986
1.00986
1.00986
1.00986
1.00986
1.00986
1.00986
1.00986
1.00986
1.00986
1.00986
1.00986
1.00986
1.00986
1.00986
1.00986
1.00986
1.00986
1.00986
1.00986
1.00986
1.00986
1.00986
1.00986
1.00986
1.00986
1.00986
1.00986
1.00986
1.00986
1.00986
1.00986
1.00986
1.00986
1.00986
1.00986
1.00986
1.00986
1.00986
1.00986
1.00986
1.00986
1.00986
1.00986
1.00986
1.00986
1.00986
1.00986
1.00986
1.00986
1.00986
1.00986
1.00986
1.00986
1.00986
1.00986
1.00986
1.00986
1.00986
1.00986
1.00986
1.00986
1.00986
1.00986
1.00986
1.00986
1.00986
1.00986
1.00986
1.00986
1.00986
1.00986
1.00986
1.00986
1.00986
1.00986
1.00986
1.00986
1.00986
1.00986
1.00986
1.00986
1.00986
1.00986
1.00986
1.00986
1.00986
1.00986
1.00986
1.00986
1.00986
1.00986
1.00986
1.00986
1.00986
1.00986
1.00986
1.00986
1.00986
1.00986
1.00986
1.00986
1.00986
1.00986
1.00986
1.00986
1.00986
1.00986
1.00986
1.00986
1.00986
1.00986
1.00986
1.00986
1.00986
1.00986
1.00986
1.00986
1.00986
1.00986
1.00986
1.00986
1.00986
1.00986
1.00986
1.00986
1.00986
1.00986
1.00986
1.00986
1.00986
1.00986
1.00986
1.00986
1.00986
1.00986
1.00986
1.00986
1.00986
1.00986
1.00986
1.00986
1.00986
1.00986
1.00986
1.00986
1.00986
1.00986
1.00986
1.00986
1.00986
1.00986
1.00986
1.00986
1.00986
1.00986
1.00986
1.00986
1.00986
1.00986
1.00986
1.00986
1.00986
1.00986
1.00986
1.00986
1.00986
1.00986
1.00986
1.00986
1.00986
1.00986
1.00986
1.00986
1.00986
1.00986
1.00986
1.00986
1.00986
1.00986
1.00986
1.00986
1.00986
1.00986
1.00986
1.00986
1.00986
1.00986
1.00986
1.00986
1.00986
1.00986
1.00986
1.00986
1.00986
1.00986
1.00986
1.00986
1.00986
1.00986
1.00986
1.00986
1.00986
1.00986
1.00986
1.00986
1.00986
1.00986
1.00986
1.00986
1.00986
1.00986
1.00986
1.00986
1.00986
1.00986
1.00986
1.00986
1.00986
1.00986
1.00986
1.00986
1.00986
1.00986
1.00986
1.00986
1.00986
1.00986
1.00986
1.00986
1.00986
1.00986
1.00986
1.00986
1.00986
1.00986
1.00986
1.00986
1.00986
1.00986
1.00986
1.00986
1.00986
1.00986
1.00986
1.00986
1.00986
1.00986
1.00986
1.00986
1.00986
1.00986
1.00986
1.00986
1.00986
1.00986
1.00986
1.00986
1.00986
1.00986
1.00986
1.00986
1.00986
1.00986
1.00986
1.00986
1.00986
1.00986
1.00986
1.00986
1.00986
1.00986
1.00986
1.00986
1.00986
1.00986
1.00986
1.00986
1.00986
1.00986
1.00986
1.00986
1.00986
1.00986
1.00986
1.00986
1.00986
1.00986
1.00986
1.00986
1.00986
1.00986
1.00986
1.00986
1.00986
1.00986
1.00986
1.00986
1.00986
1.00986
1.00986
1.00986
1.00986
1.00986
1.00986
1.00986
1.00986
1.00986
1.00986
1.00986
1.00986
1.00986
1.00986
1.00986
1.00986
1.00986
1.00986
1.00986
1.00986
1.00986
1.00986
1.00986
1.00986
1.00986
1.00986
1.00986
1.00986
1.00986
1.00986
1.00986
1.00986
1.00986
1.00986
1.00986
1.00986
1.00986
1.00986
1.00986
1.00986
1.00986
1.00986
1.00986
1.00986
1.00986
1.00986
1.00986
1.00986
1.00986
1.00986
1.00986
1.00986
1.00986
1.00986
1.00986
1.00986
1.00986
1.00986
1.00986
1.00986
1.00986
1.00986
1.00986
1.00986
1.00986
1.00986
1.00986
1.00986
1.00986
1.00986
1.00986
1.00986
1.00986
1.00986
1.00986
1.00986
1.00986
1.00986
1.00986
1.00986
1.00986
1.00986
1.00986
1.00986
1.00986
1.00986
1.00986
1.00986
1.00986
1.00986
1.00986
1.00986
1.00986
1.00986
1.00986
1.00986
1.00986
1.00986
1.00986
1.00986
1.00986
1.00986
1.00986
1.00986
1.00986
1.00986
1.00986
1.00986
1.00986
1.00986
1.00986
1.00986
1.00986
1.00986
1.00986
1.00986
1.00986
1.00986
1.00986
1.00986
1.00986
1.00986
1.00986
1.00986
1.00986
1.00986
1.00986
1.00986
1.00986
1.00986
1.00986
1.00986
1.00986
1.00986
1.00986
1.00986
1.00986
1.00986
1.00986
1.00986
1.00986
1.00986
1.00986
1.00986
1.00986
1.00986
1.00986
1.00986
1.00986
1.00986
1.00986
1.00986
1.00986
1.00986
1.00986
1.00986
1.00986
1.00986
1.00986
1.00986
1.00986
1.00986
1.00986
1.00986
1.00986
1.00986
1.00986
1.00986
1.00986
