0
0
0
0
0
0.0001297
0.000656128
0.00189209
0.00576019
0.0100708
0.016037
0.0238876
0.0338364
0.0460815
0.0607071
0.0777664
0.0972672
0.119164
0.143433
0.169853
0.198166
0.228096
0.259369
0.308266
0.341827
0.3759
0.410271
0.444756
0.479134
0.513191
0.546791
0.596054
0.627998
0.659103
0.689308
0.718521
0.746605
0.77356
0.799416
0.824181
0.847832
0.870331
0.89167
0.91185
0.93087
0.948723
0.973366
0.988373
0.995461
1.00881
1.02683
1.03749
1.04707
1.05572
1.06352
1.07042
1.07639
1.08153
1.08592
1.0896
1.09261
1.09499
1.09677
1.09846
1.09898
1.09904
1.09869
1.09797
1.09691
1.09555
1.09393
1.09208
1.09002
1.08777
1.08537
1.08282
1.08016
1.07742
1.07459
1.07172
1.06879
1.06586
1.06293
1.06001
1.05708
1.05418
1.04991
1.04851
1.04575
1.04176
1.04047
1.03671
1.03551
1.03201
1.02981
1.0277
1.0257
1.02378
1.02198
1.02029
1.01869
1.0172
1.0158
1.0145
1.0133
1.01218
1.01115
1.01022
1.00936
1.00859
1.00789
1.00726
1.00646
1.00623
1.00581
1.00545
1.00514
1.0048
1.00471
1.00456
1.00442
1.00436
1.00436
1.00438
1.00444
1.00451
1.00463
1.00475
1.00489
1.00507
1.00526
1.00544
1.00562
1.00583
1.00607
1.00644
1.00656
1.00693
1.00717
1.00742
1.00766
1.0079
1.00815
1.00835
1.00854
1.00872
1.0089
1.00909
1.00927
1.00945
1.00964
1.00978
1.0099
1.01003
1.01015
1.01027
1.01039
1.01051
1.0106
1.0107
1.01076
1.01082
1.01088
1.01094
1.011
1.01106
1.01109
1.01109
1.01109
1.01109
1.01109
1.01109
1.01109
1.01109
1.01109
1.01109
1.01109
1.01109
1.01109
1.01109
1.01109
1.01109
1.01109
1.01105
1.01099
1.01093
1.01084
1.01081
1.01072
1.01069
1.01063
1.01054
1.01051
1.01041
1.01038
1.01032
1.01032
1.01032
1.01032
1.01032
1.01032
1.01032
1.01032
1.01032
1.01032
1.01032
1.01032
1.01032
1.01032
1.01032
1.01032
1.01032
1.01032
1.01032
1.01032
1.01032
1.01032
1.01032
1.01032
1.01032
1.01032
1.01032
1.01032
1.01032
1.01032
1.01032
1.01032
1.01032
1.01032
1.01032
1.01032
1.01032
1.01032
1.01032
1.01032
1.01032
1.01032
1.01032
1.01032
1.01032
1.01032
1.01032
1.01032
1.01032
1.01032
1.01032
1.01032
1.01032
1.01032
1.01032
1.01032
1.01032
1.01032
1.01032
1.01032
1.01032
1.01032
1.01032
1.01032
1.01032
1.01032
1.01032
1.01032
1.01032
1.01032
1.01032
1.01032
1.01032
1.01032
1.01032
1.01032
1.01032
1.01032
1.01032
1.01032
1.01032
1.01032
1.01032
1.01032
1.01032
1.01032
1.01032
1.01032
1.01032
1.01032
1.01032
1.01032
1.01032
1.01032
1.01032
1.01032
1.01032
1.01032
1.01032
1.01032
1.01032
1.01032
1.01032
1.01032
1.01032
1.01032
1.01032
1.01032
1.01032
1.01032
1.01032
1.01032
1.01032
1.01032
1.01032
1.01032
1.01032
1.01032
1.01032
1.01032
1.01032
1.01032
1.01032
1.01032
1.01032
1.01032
1.01032
1.01032
1.01032
1.01032
1.01032
1.01032
1.01032
1.01032
1.01032
1.01032
1.01032
1.01032
1.01032
1.01032
1.01032
1.01032
1.01032
1.01032
1.01032
1.01032
1.01032
1.01032
1.01032
1.01032
1.01032
1.01032
1.01032
1.01032
1.01032
1.01032
1.01032
1.01032
1.01032
1.01032
1.01032
1.01032
1.01032
1.01032
1.01032
1.01032
1.01032
1.01032
1.01032
1.01032
1.01032
1.01032
1.01032
1.01032
1.01032
1.01032
1.01032
1.01032
1.01032
1.01032
1.01032
1.01032
1.01032
1.01032
1.01032
1.01032
1.01032
1.01032
1.01032
1.01032
1.01032
1.01032
1.01032
1.01032
1.01032
1.01032
1.01032
1.01032
1.01032
1.01032
1.01032
1.01032
1.01032
1.01032
1.01032
1.01032
1.01032
1.01032
1.01032
1.01032
1.01032
1.01032
1.01032
1.01032
1.01032
1.01032
1.01032
1.01032
1.01032
1.01032
1.01032
1.01032
1.01032
1.01032
1.01032
1.01032
1.01032
1.01032
1.01032
1.01032
1.01032
1.01032
1.01032
1.01032
1.01032
1.01032
1.01032
1.01032
1.01032
1.01032
1.01032
1.01032
1.01032
1.01032
1.01032
1.01032
1.01032
1.01032
1.01032
1.01032
1.01032
1.01032
1.01032
1.01032
1.01032
1.01032
1.01032
1.01032
1.01032
1.01032
1.01032
1.01032
1.01032
1.01032
1.01032
1.01032
1.01032
1.01032
1.01032
1.01032
1.01032
1.01032
1.01032
1.01032
1.01032
1.01032
1.01032
1.01032
1.01032
1.01032
1.01032
1.01032
1.01032
1.01032
1.01032
1.01032
1.01032
1.01032
1.01032
1.01032
1.01032
1.01032
1.01032
1.01032
1.01032
1.01032
1.01032
1.01032
1.01032
1.01032
1.01032
1.01032
1.01032
1.01032
1.01032
1.01032
1.01032
1.01032
1.01032
1.01032
1.01032
1.01032
1.01032
1.01032
1.01032
1.01032
1.01032
1.01032
1.01032
1.01032
1.01032
1.01032
1.01032
1.01032
1.01032
1.01032
1.01032
1.01032
1.01032
1.01032
1.01032
1.01032
1.01032
1.01032
1.01032
1.01032
1.01032
1.01032
1.01032
1.01032
1.01032
1.01032
1.01032
1.01032
1.01032
1.01032
1.01032
1.01032
1.01032
1.01032
1.01032
1.01032
1.01032
1.01032
1.01032
1.01032
1.01032
1.01032
1.01032
1.01032
1.01032
1.01032
1.01032
1.01032
1.01032
1.01032
1.01032
1.01032
1.01032
1.01032
1.01032
1.01032
1.01032
1.01032
1.01032
1.01032
1.01032
1.01032
1.01032
1.01032
1.01032
1.01032
1.01032
1.01032
1.01032
1.01032
1.01032
1.01032
1.01032
1.01032
1.01032
1.01032
1.01032
1.01032
1.01032
1.01032
1.01032
1.01032
1.01032
1.01032
1.01032
1.01032
1.01032
1.01032
1.01032
1.01032
1.01032
1.01032
1.01032
1.01032
1.01032
1.01032
1.01032
1.01032
1.01032
1.01032
1.01032
1.01032
1.01032
1.01032
1.01032
1.01032
1.01032
1.01032
1.01032
1.01032
1.01032
1.01032
1.01032
1.01032
1.01032
1.01032
1.01032
1.01032
1.01032
1.01032
1.01032
1.01032
1.01032
1.01032
1.01032
1.01032
1.01032
1.01032
1.01032
1.01032
1.01032
1.01032
1.01032
1.01032
1.01032
1.01032
1.01032
1.01032
1.01032
1.01032
1.01032
1.01032
1.01032
1.01032
1.01032
1.01032
1.01032
1.01032
1.01032
1.01032
1.01032
1.01032
1.01032
1.01032
1.01032
1.01032
1.01032
1.01032
1.01032
1.01032
1.01032
1.01032
1.01032
1.01032
1.01032
1.01032
1.01032
1.01032
1.01032
1.01032
1.01032
1.01032
1.01032
1.01032
1.01032
1.01032
1.01032
1.01032
1.01032
1.01032
1.01032
1.01032
1.01032
1.01032
1.01032
1.01032
1.01032
1.01032
1.01032
1.01032
1.01032
1.01032
1.01032
1.01032
1.01032
1.01032
1.01032
1.01032
1.01032
1.01032
1.01032
1.01032
1.01032
1.01032
1.01032
1.01032
1.01032
1.01032
1.01032
1.01032
1.01032
1.01032
1.01032
1.01032
1.01032
1.01032
1.01032
1.01032
1.01032
1.01032
1.01032
1.01032
1.01032
1.01032
1.01032
1.01032
1.01032
1.01032
1.01032
1.01032
1.01032
1.01032
1.01032
1.01032
1.01032
1.01032
1.01032
1.01032
1.01032
1.01032
1.01032
1.01032
1.01032
1.01032
1.01032
1.01032
1.01032
1.01032
1.01032
1.01032
1.01032
1.01032
1.01032
1.01032
1.01032
1.01032
1.01032
1.01032
1.01032
1.01032
1.01032
1.01032
1.01032
1.01032
1.01032
1.01032
1.01032
1.01032
1.01032
1.01032
1.01032
1.01032
1.01032
1.01032
1.01032
1.01032
1.01032
1.01032
1.01032
1.01032
1.01032
1.01032
1.01032
1.01032
1.01032
1.01032
1.01032
1.01032
1.01032
1.01032
1.01032
1.01032
1.01032
1.01032
1.01032
1.01032
1.01032
1.01032
1.01032
1.01032
1.01032
1.01032
1.01032
1.01032
1.01032
1.01032
1.01032
1.01032
1.01032
1.01032
1.01032
1.01032
1.01032
1.01032
1.01032
1.01032
1.01032
1.01032
1.01032
1.01032
1.01032
1.01032
1.01032
1.01032
1.01032
1.01032
1.01032
1.01032
1.01032
1.01032
1.01032
1.01032
1.01032
1.01032
1.01032
1.01032
1.01032
1.01032
1.01032
1.01032
1.01032
1.01032
1.01032
1.01032
1.01032
1.01032
1.01032
1.01032
1.01032
1.01032
1.01032
1.01032
1.01032
1.01032
1.01032
1.01032
1.01032
1.01032
1.01032
1.01032
1.01032
1.01032
1.01032
1.01032
1.01032
1.01032
1.01032
1.01032
1.01032
1.01032
1.01032
1.01032
1.01032
1.01032
1.01032
1.01032
1.01032
1.01032
1.01032
1.01032
1.01032
1.01032
1.01032
1.01032
1.01032
1.01032
1.01032
1.01032
1.01032
1.01032
1.01032
1.01032
1.01032
1.01032
1.01032
1.01032
1.01032
1.01032
1.01032
1.01032
1.01032
1.01032
1.01032
1.01032
1.01032
1.01032
1.01032
1.01032
1.01032
1.01032
1.01032
1.01032
1.01032
1.01032
1.01032
1.01032
1.01032
1.01032
1.01032
1.01032
1.01032
1.01032
1.01032
1.01032
1.01032
1.01032
1.01032
1.01032
1.01032
1.01032
1.01032
1.01032
1.01032
1.01032
1.01032
1.01032
1.01032
1.01032
1.01032
1.01032
1.01032
1.01032
1.01032
1.01032
1.01032
1.01032
1.01032
1.01032
1.01032
1.01032
1.01032
1.01032
1.01032
1.01032
1.01032
1.01032
1.01032
1.01032
1.01032
1.01032
1.01032
1.01032
1.01032
1.01032
1.01032
1.01032
1.01032
1.01032
1.01032
1.01032
1.01032
1.01032
1.01032
1.01032
1.01032
1.01032
1.01032
1.01032
1.01032
1.01032
1.01032
1.01032
1.01032
1.01032
1.01032
1.01032
1.01032
1.01032
1.01032
