0
0
0
0
0
3.43323e-05
0.000305176
0.00113297
0.00284958
0.00572586
0.0100212
0.0159798
0.0238304
0.0337791
0.0460129
0.0606613
0.0871658
0.0972099
0.130974
0.156456
0.184174
0.213894
0.245358
0.278362
0.312637
0.347969
0.384132
0.420929
0.458153
0.495628
0.533195
0.570671
0.607903
0.626381
0.681042
0.734222
0.751556
0.785553
0.834801
0.850712
0.896629
0.911316
0.95348
0.966858
1.00493
1.02854
1.05072
1.07145
1.09073
1.10854
1.12485
1.13971
1.1532
1.16536
1.1762
1.18576
1.19408
1.20117
1.20707
1.21183
1.21548
1.21807
1.21966
1.22028
1.21998
1.21882
1.21685
1.21412
1.21069
1.20662
1.19941
1.19674
1.19104
1.18491
1.1784
1.16805
1.16446
1.15711
1.14575
1.14189
1.13018
1.12625
1.1144
1.11046
1.10261
1.09096
1.08331
1.0758
1.06844
1.06125
1.05426
1.0475
1.04099
1.03471
1.0287
1.02296
1.01749
1.01232
1.00744
1.00286
0.998577
0.994595
0.99091
0.987522
0.984436
0.981632
0.979122
0.976891
0.974934
0.97324
0.971813
0.970638
0.969707
0.96899
0.968502
0.968224
0.968143
0.96825
0.968536
0.969273
0.969593
0.970345
0.97123
0.972778
0.973946
0.975201
0.97654
0.977951
0.979424
0.980946
0.982517
0.984123
0.98576
0.987408
0.989922
0.9916
0.992439
0.994091
0.996548
0.99815
0.999718
1.00125
1.00274
1.00419
1.00558
1.00693
1.00821
1.00944
1.0106
1.0117
1.01274
1.01418
1.01505
1.01586
1.0166
1.01728
1.01789
1.01844
1.01892
1.01934
1.01971
1.02002
1.02027
1.02055
1.02067
1.02074
1.02077
1.02075
1.02069
1.02058
1.02045
1.02018
1.02007
1.01996
1.01944
1.01915
1.01883
1.0185
1.01814
1.01778
1.0172
1.017
1.01641
1.01621
1.01581
1.01542
1.01482
1.01442
1.01403
1.01383
1.01323
1.01286
1.01249
1.01212
1.01178
1.01144
1.01111
1.0108
1.0105
1.01022
1.00995
1.0097
1.00946
1.00925
1.00903
1.00885
1.00859
1.00844
1.00837
1.00819
1.00808
1.00799
1.00791
1.00785
1.00779
1.00776
1.00772
1.00771
1.00771
1.00771
1.00772
1.00776
1.00779
1.00782
1.00787
1.00793
1.00799
1.00805
1.00811
1.00817
1.00826
1.00835
1.00845
1.00854
1.00863
1.00872
1.00881
1.00895
1.009
1.00909
1.00918
1.00927
1.00936
1.00945
1.00954
1.00968
1.00977
1.00983
1.00986
1.00992
1.01001
1.01007
1.01013
1.01019
1.01025
1.01031
1.01034
1.01037
1.0104
1.01043
1.01046
1.01049
1.01052
1.01055
1.01057
1.01057
1.01057
1.01057
1.01057
1.01057
1.01057
1.01057
1.01057
1.01057
1.01057
1.01057
1.01057
1.01056
1.01053
1.0105
1.01047
1.01044
1.01041
1.01038
1.01035
1.01032
1.01029
1.01026
1.01023
1.0102
1.01017
1.01014
1.01011
1.01007
1.01004
1.01001
1.00998
1.00995
1.00992
1.00989
1.00989
1.00989
1.00989
1.00989
1.00989
1.00989
1.00989
1.00989
1.00989
1.00989
1.00989
1.00989
1.00989
1.00989
1.00989
1.00989
1.00989
1.00989
1.00989
1.00989
1.00989
1.00989
1.00989
1.00989
1.00989
1.00989
1.00989
1.00989
1.00989
1.00989
1.00989
1.00989
1.00989
1.00989
1.00989
1.00989
1.00989
1.00989
1.00989
1.00989
1.00989
1.00989
1.00989
1.00989
1.00989
1.00989
1.00989
1.00989
1.00989
1.00989
1.00989
1.00989
1.00989
1.00989
1.00989
1.00989
1.00989
1.00989
1.00989
1.00989
1.00989
1.00989
1.00989
1.00989
1.00989
1.00989
1.00989
1.00989
1.00989
1.00989
1.00989
1.00989
1.00989
1.00989
1.00989
1.00989
1.00989
1.00989
1.00989
1.00989
1.00989
1.00989
1.00989
1.00989
1.00989
1.00989
1.00989
1.00989
1.00989
1.00989
1.00989
1.00989
1.00989
1.00989
1.00989
1.00989
1.00989
1.00989
1.00989
1.00989
1.00989
1.00989
1.00989
1.00989
1.00989
1.00989
1.00989
1.00989
1.00989
1.00989
1.00989
1.00989
1.00989
1.00989
1.00989
1.00989
1.00989
1.00989
1.00989
1.00989
1.00989
1.00989
1.00989
1.00989
1.00989
1.00989
1.00989
1.00989
1.00989
1.00989
1.00989
1.00989
1.00989
1.00989
1.00989
1.00989
1.00989
1.00989
1.00989
1.00989
1.00989
1.00989
1.00989
1.00989
1.00989
1.00989
1.00989
1.00989
1.00989
1.00989
1.00989
1.00989
1.00989
1.00989
1.00989
1.00989
1.00989
1.00989
1.00989
1.00989
1.00989
1.00989
1.00989
1.00989
1.00989
1.00989
1.00989
1.00989
1.00989
1.00989
1.00989
1.00989
1.00989
1.00989
1.00989
1.00989
1.00989
1.00989
1.00989
1.00989
1.00989
1.00989
1.00989
1.00989
1.00989
1.00989
1.00989
1.00989
1.00989
1.00989
1.00989
1.00989
1.00989
1.00989
1.00989
1.00989
1.00989
1.00989
1.00989
1.00989
1.00989
1.00989
1.00989
1.00989
1.00989
1.00989
1.00989
1.00989
1.00989
1.00989
1.00989
1.00989
1.00989
1.00989
1.00989
1.00989
1.00989
1.00989
1.00989
1.00989
1.00989
1.00989
1.00989
1.00989
1.00989
1.00989
1.00989
1.00989
1.00989
1.00989
1.00989
1.00989
1.00989
1.00989
1.00989
1.00989
1.00989
1.00989
1.00989
1.00989
1.00989
1.00989
1.00989
1.00989
1.00989
1.00989
1.00989
1.00989
1.00989
1.00989
1.00989
1.00989
1.00989
1.00989
1.00989
1.00989
1.00989
1.00989
1.00989
1.00989
1.00989
1.00989
1.00989
1.00989
1.00989
1.00989
1.00989
1.00989
1.00989
1.00989
1.00989
1.00989
1.00989
1.00989
1.00989
1.00989
1.00989
1.00989
1.00989
1.00989
1.00989
1.00989
1.00989
1.00989
1.00989
1.00989
1.00989
1.00989
1.00989
1.00989
1.00989
1.00989
1.00989
1.00989
1.00989
1.00989
1.00989
1.00989
1.00989
1.00989
1.00989
1.00989
1.00989
1.00989
1.00989
1.00989
1.00989
1.00989
1.00989
1.00989
1.00989
1.00989
1.00989
1.00989
1.00989
1.00989
1.00989
1.00989
1.00989
1.00989
1.00989
1.00989
1.00989
1.00989
1.00989
1.00989
1.00989
1.00989
1.00989
1.00989
1.00989
1.00989
1.00989
1.00989
1.00989
1.00989
1.00989
1.00989
1.00989
1.00989
1.00989
1.00989
1.00989
1.00989
1.00989
1.00989
1.00989
1.00989
1.00989
1.00989
1.00989
1.00989
1.00989
1.00989
1.00989
1.00989
1.00989
1.00989
1.00989
1.00989
1.00989
1.00989
1.00989
1.00989
1.00989
1.00989
1.00989
1.00989
1.00989
1.00989
1.00989
1.00989
1.00989
1.00989
1.00989
1.00989
1.00989
1.00989
1.00989
1.00989
1.00989
1.00989
1.00989
1.00989
1.00989
1.00989
1.00989
1.00989
1.00989
1.00989
1.00989
1.00989
1.00989
1.00989
1.00989
1.00989
1.00989
1.00989
1.00989
1.00989
1.00989
1.00989
1.00989
1.00989
1.00989
1.00989
1.00989
1.00989
1.00989
1.00989
1.00989
1.00989
1.00989
1.00989
1.00989
1.00989
1.00989
1.00989
1.00989
1.00989
1.00989
1.00989
1.00989
1.00989
1.00989
1.00989
1.00989
1.00989
1.00989
1.00989
1.00989
1.00989
1.00989
1.00989
1.00989
1.00989
1.00989
1.00989
1.00989
1.00989
1.00989
1.00989
1.00989
1.00989
1.00989
1.00989
1.00989
1.00989
1.00989
1.00989
1.00989
1.00989
1.00989
1.00989
1.00989
1.00989
1.00989
1.00989
1.00989
1.00989
1.00989
1.00989
1.00989
1.00989
1.00989
1.00989
1.00989
1.00989
1.00989
1.00989
1.00989
1.00989
1.00989
1.00989
1.00989
1.00989
1.00989
1.00989
1.00989
1.00989
1.00989
1.00989
1.00989
1.00989
1.00989
1.00989
1.00989
1.00989
1.00989
1.00989
1.00989
1.00989
1.00989
1.00989
1.00989
1.00989
1.00989
1.00989
1.00989
1.00989
1.00989
1.00989
1.00989
1.00989
1.00989
1.00989
1.00989
1.00989
1.00989
1.00989
1.00989
1.00989
1.00989
1.00989
1.00989
1.00989
1.00989
1.00989
1.00989
1.00989
1.00989
1.00989
1.00989
1.00989
1.00989
1.00989
1.00989
1.00989
1.00989
1.00989
1.00989
1.00989
1.00989
1.00989
1.00989
1.00989
1.00989
1.00989
1.00989
1.00989
1.00989
1.00989
1.00989
1.00989
1.00989
1.00989
1.00989
1.00989
1.00989
1.00989
1.00989
1.00989
1.00989
1.00989
1.00989
1.00989
1.00989
1.00989
1.00989
1.00989
1.00989
1.00989
1.00989
1.00989
1.00989
1.00989
1.00989
1.00989
1.00989
1.00989
1.00989
1.00989
1.00989
1.00989
1.00989
1.00989
1.00989
1.00989
1.00989
1.00989
1.00989
1.00989
1.00989
1.00989
1.00989
1.00989
1.00989
1.00989
1.00989
1.00989
1.00989
1.00989
1.00989
1.00989
1.00989
1.00989
1.00989
1.00989
1.00989
1.00989
1.00989
1.00989
1.00989
1.00989
1.00989
1.00989
1.00989
1.00989
1.00989
1.00989
1.00989
1.00989
1.00989
1.00989
1.00989
1.00989
1.00989
1.00989
1.00989
1.00989
1.00989
1.00989
1.00989
1.00989
1.00989
1.00989
1.00989
1.00989
1.00989
1.00989
1.00989
1.00989
1.00989
1.00989
1.00989
1.00989
1.00989
1.00989
1.00989
1.00989
1.00989
1.00989
1.00989
1.00989
1.00989
1.00989
1.00989
1.00989
1.00989
1.00989
1.00989
1.00989
1.00989
1.00989
1.00989
1.00989
1.00989
1.00989
1.00989
1.00989
1.00989
1.00989
1.00989
1.00989
1.00989
1.00989
1.00989
1.00989
1.00989
1.00989
1.00989
1.00989
1.00989
1.00989
1.00989
1.00989
1.00989
1.00989
1.00989
1.00989
1.00989
1.00989
1.00989
1.00989
1.00989
1.00989
1.00989
1.00989
1.00989
1.00989
1.00989
1.00989
1.00989
1.00989
1.00989
1.00989
1.00989
1.00989
1.00989
1.00989
