0
0
0
0
0
0.0001297
0.000656128
0.00189209
0.00415802
0.00576019
0.0128326
0.0197067
0.0285873
0.0396576
0.053093
0.0689316
0.0872116
0.10791
0.130959
0.156189
0.183334
0.19754
0.242256
0.273506
0.305595
0.338287
0.371544
0.405319
0.439346
0.473244
0.50676
0.539734
0.572075
0.603661
0.634399
0.664215
0.693031
0.720825
0.747528
0.773109
0.797554
0.820839
0.842957
0.863907
0.88369
0.902313
0.9198
0.943909
0.958611
0.965561
0.978676
0.990761
1.00688
1.01638
1.02509
1.03299
1.04006
1.04626
1.0517
1.05643
1.06053
1.06402
1.06694
1.06935
1.07127
1.07273
1.07377
1.07442
1.07473
1.07471
1.07441
1.07383
1.07302
1.072
1.07079
1.06943
1.06792
1.06628
1.06454
1.06271
1.06081
1.05886
1.05685
1.05481
1.05273
1.05066
1.04858
1.04651
1.04446
1.04245
1.04047
1.03851
1.03568
1.03477
1.03297
1.03037
1.02872
1.02715
1.02564
1.02419
1.02282
1.02152
1.02029
1.01914
1.01806
1.01704
1.01609
1.0152
1.01437
1.0136
1.01289
1.01223
1.01163
1.01108
1.01059
1.01015
1.00974
1.00922
1.00892
1.00867
1.00843
1.00825
1.00809
1.00797
1.00785
1.00779
1.00773
1.0077
1.0077
1.0077
1.0077
1.00775
1.00781
1.00787
1.00793
1.008
1.00806
1.00813
1.00826
1.00838
1.0085
1.00868
1.00874
1.00887
1.00899
1.00917
1.00929
1.00941
1.00954
1.00966
1.00973
1.00979
1.00985
1.00991
1.01
1.01006
1.01012
1.01019
1.01025
1.01031
1.01037
1.01043
1.01052
1.01058
1.0106
1.0106
1.0106
1.0106
1.0106
1.0106
1.0106
1.0106
1.0106
1.0106
1.0106
1.0106
1.0106
1.0106
1.0106
1.0106
1.0106
1.0106
1.0106
1.0106
1.0106
1.0106
1.0106
1.0106
1.0106
1.0106
1.0106
1.0106
1.0106
1.0106
1.0106
1.0106
1.0106
1.0106
1.0106
1.0106
1.0106
1.0106
1.0106
1.0106
1.0106
1.0106
1.0106
1.0106
1.0106
1.0106
1.0106
1.0106
1.0106
1.0106
1.0106
1.0106
1.0106
1.0106
1.0106
1.0106
1.0106
1.0106
1.0106
1.01059
1.01053
1.01047
1.01041
1.01035
1.01028
1.01025
1.01025
1.01025
1.01025
1.01025
1.01025
1.01025
1.01025
1.01025
1.01025
1.01025
1.01025
1.01025
1.01025
1.01025
1.01025
1.01025
1.01025
1.01025
1.01025
1.01025
1.01025
1.01025
1.01025
1.01025
1.01025
1.01025
1.01025
1.01025
1.01025
1.01025
1.01025
1.01025
1.01025
1.01025
1.01025
1.01025
1.01025
1.01025
1.01025
1.01025
1.01025
1.01025
1.01025
1.01025
1.01025
1.01025
1.01025
1.01025
1.01025
1.01025
1.01025
1.01025
1.01025
1.01025
1.01025
1.01025
1.01025
1.01025
1.01025
1.01025
1.01025
1.01025
1.01025
1.01025
1.01025
1.01025
1.01025
1.01025
1.01025
1.01025
1.01025
1.01025
1.01025
1.01025
1.01025
1.01025
1.01025
1.01025
1.01025
1.01025
1.01025
1.01025
1.01025
1.01025
1.01025
1.01025
1.01025
1.01025
1.01025
1.01025
1.01025
1.01025
1.01025
1.01025
1.01025
1.01025
1.01025
1.01025
1.01025
1.01025
1.01025
1.01025
1.01025
1.01025
1.01025
1.01025
1.01025
1.01025
1.01025
1.01025
1.01025
1.01025
1.01025
1.01025
1.01025
1.01025
1.01025
1.01025
1.01025
1.01025
1.01025
1.01025
1.01025
1.01025
1.01025
1.01025
1.01025
1.01025
1.01025
1.01025
1.01025
1.01025
1.01025
1.01025
1.01025
1.01025
1.01025
1.01025
1.01025
1.01025
1.01025
1.01025
1.01025
1.01025
1.01025
1.01025
1.01025
1.01025
1.01025
1.01025
1.01025
1.01025
1.01025
1.01025
1.01025
1.01025
1.01025
1.01025
1.01025
1.01025
1.01025
1.01025
1.01025
1.01025
1.01025
1.01025
1.01025
1.01025
1.01025
1.01025
1.01025
1.01025
1.01025
1.01025
1.01025
1.01025
1.01025
1.01025
1.01025
1.01025
1.01025
1.01025
1.01025
1.01025
1.01025
1.01025
1.01025
1.01025
1.01025
1.01025
1.01025
1.01025
1.01025
1.01025
1.01025
1.01025
1.01025
1.01025
1.01025
1.01025
1.01025
1.01025
1.01025
1.01025
1.01025
1.01025
1.01025
1.01025
1.01025
1.01025
1.01025
1.01025
1.01025
1.01025
1.01025
1.01025
1.01025
1.01025
1.01025
1.01025
1.01025
1.01025
1.01025
1.01025
1.01025
1.01025
1.01025
1.01025
1.01025
1.01025
1.01025
1.01025
1.01025
1.01025
1.01025
1.01025
1.01025
1.01025
1.01025
1.01025
1.01025
1.01025
1.01025
1.01025
1.01025
1.01025
1.01025
1.01025
1.01025
1.01025
1.01025
1.01025
1.01025
1.01025
1.01025
1.01025
1.01025
1.01025
1.01025
1.01025
1.01025
1.01025
1.01025
1.01025
1.01025
1.01025
1.01025
1.01025
1.01025
1.01025
1.01025
1.01025
1.01025
1.01025
1.01025
1.01025
1.01025
1.01025
1.01025
1.01025
1.01025
1.01025
1.01025
1.01025
1.01025
1.01025
1.01025
1.01025
1.01025
1.01025
1.01025
1.01025
1.01025
1.01025
1.01025
1.01025
1.01025
1.01025
1.01025
1.01025
1.01025
1.01025
1.01025
1.01025
1.01025
1.01025
1.01025
1.01025
1.01025
1.01025
1.01025
1.01025
1.01025
1.01025
1.01025
1.01025
1.01025
1.01025
1.01025
1.01025
1.01025
1.01025
1.01025
1.01025
1.01025
1.01025
1.01025
1.01025
1.01025
1.01025
1.01025
1.01025
1.01025
1.01025
1.01025
1.01025
1.01025
1.01025
1.01025
1.01025
1.01025
1.01025
1.01025
1.01025
1.01025
1.01025
1.01025
1.01025
1.01025
1.01025
1.01025
1.01025
1.01025
1.01025
1.01025
1.01025
1.01025
1.01025
1.01025
1.01025
1.01025
1.01025
1.01025
1.01025
1.01025
1.01025
1.01025
1.01025
1.01025
1.01025
1.01025
1.01025
1.01025
1.01025
1.01025
1.01025
1.01025
1.01025
1.01025
1.01025
1.01025
1.01025
1.01025
1.01025
1.01025
1.01025
1.01025
1.01025
1.01025
1.01025
1.01025
1.01025
1.01025
1.01025
1.01025
1.01025
1.01025
1.01025
1.01025
1.01025
1.01025
1.01025
1.01025
1.01025
1.01025
1.01025
1.01025
1.01025
1.01025
1.01025
1.01025
1.01025
1.01025
1.01025
1.01025
1.01025
1.01025
1.01025
1.01025
1.01025
1.01025
1.01025
1.01025
1.01025
1.01025
1.01025
1.01025
1.01025
1.01025
1.01025
1.01025
1.01025
1.01025
1.01025
1.01025
1.01025
1.01025
1.01025
1.01025
1.01025
1.01025
1.01025
1.01025
1.01025
1.01025
1.01025
1.01025
1.01025
1.01025
1.01025
1.01025
1.01025
1.01025
1.01025
1.01025
1.01025
1.01025
1.01025
1.01025
1.01025
1.01025
1.01025
1.01025
1.01025
1.01025
1.01025
1.01025
1.01025
1.01025
1.01025
1.01025
1.01025
1.01025
1.01025
1.01025
1.01025
1.01025
1.01025
1.01025
1.01025
1.01025
1.01025
1.01025
1.01025
1.01025
1.01025
1.01025
1.01025
1.01025
1.01025
1.01025
1.01025
1.01025
1.01025
1.01025
1.01025
1.01025
1.01025
1.01025
1.01025
1.01025
1.01025
1.01025
1.01025
1.01025
1.01025
1.01025
1.01025
1.01025
1.01025
1.01025
1.01025
1.01025
1.01025
1.01025
1.01025
1.01025
1.01025
1.01025
1.01025
1.01025
1.01025
1.01025
1.01025
1.01025
1.01025
1.01025
1.01025
1.01025
1.01025
1.01025
1.01025
1.01025
1.01025
1.01025
1.01025
1.01025
1.01025
1.01025
1.01025
1.01025
1.01025
1.01025
1.01025
1.01025
1.01025
1.01025
1.01025
1.01025
1.01025
1.01025
1.01025
1.01025
1.01025
1.01025
1.01025
1.01025
1.01025
1.01025
1.01025
1.01025
1.01025
1.01025
1.01025
1.01025
1.01025
1.01025
1.01025
1.01025
1.01025
1.01025
1.01025
1.01025
1.01025
1.01025
1.01025
1.01025
1.01025
1.01025
1.01025
1.01025
1.01025
1.01025
1.01025
1.01025
1.01025
1.01025
1.01025
1.01025
1.01025
1.01025
1.01025
1.01025
1.01025
1.01025
1.01025
1.01025
1.01025
1.01025
1.01025
1.01025
1.01025
1.01025
1.01025
1.01025
1.01025
1.01025
1.01025
1.01025
1.01025
1.01025
1.01025
1.01025
1.01025
1.01025
1.01025
1.01025
1.01025
1.01025
1.01025
1.01025
1.01025
1.01025
1.01025
1.01025
1.01025
1.01025
1.01025
1.01025
1.01025
1.01025
1.01025
1.01025
1.01025
1.01025
1.01025
1.01025
1.01025
1.01025
1.01025
1.01025
1.01025
1.01025
1.01025
1.01025
1.01025
1.01025
1.01025
1.01025
1.01025
1.01025
1.01025
1.01025
1.01025
1.01025
1.01025
1.01025
1.01025
1.01025
1.01025
1.01025
1.01025
1.01025
1.01025
1.01025
1.01025
1.01025
1.01025
1.01025
1.01025
1.01025
1.01025
1.01025
1.01025
1.01025
1.01025
1.01025
1.01025
1.01025
1.01025
1.01025
1.01025
1.01025
1.01025
1.01025
1.01025
1.01025
1.01025
1.01025
1.01025
1.01025
1.01025
1.01025
1.01025
1.01025
1.01025
1.01025
1.01025
1.01025
1.01025
1.01025
1.01025
1.01025
1.01025
1.01025
1.01025
1.01025
1.01025
1.01025
1.01025
1.01025
1.01025
1.01025
1.01025
1.01025
1.01025
1.01025
1.01025
1.01025
1.01025
1.01025
1.01025
1.01025
1.01025
1.01025
1.01025
1.01025
1.01025
1.01025
1.01025
1.01025
1.01025
1.01025
1.01025
1.01025
1.01025
1.01025
1.01025
1.01025
1.01025
1.01025
1.01025
1.01025
1.01025
1.01025
1.01025
1.01025
1.01025
1.01025
1.01025
1.01025
1.01025
1.01025
1.01025
1.01025
1.01025
1.01025
1.01025
1.01025
1.01025
1.01025
1.01025
1.01025
1.01025
1.01025
1.01025
1.01025
1.01025
1.01025
1.01025
