0
0
0
0
3.8147e-06
0.00012207
0.000629425
0.00284958
0.00572586
0.0100212
0.0159798
0.0238304
0.0337791
0.0460129
0.0606613
0.0777206
0.0972099
0.119118
0.143421
0.17004
0.19878
0.229416
0.278374
0.31271
0.348137
0.384445
0.421417
0.458832
0.496471
0.534157
0.571728
0.609032
0.645912
0.68224
0.717873
0.752716
0.786667
0.819622
0.851509
0.882248
0.911774
0.940029
0.966961
0.992531
1.0167
1.05029
1.07088
1.09001
1.1077
1.12394
1.13871
1.15203
1.16395
1.17451
1.18379
1.19183
1.19864
1.20427
1.20875
1.21215
1.21451
1.21588
1.21632
1.21586
1.21457
1.21249
1.20968
1.20619
1.20208
1.19739
1.1922
1.18654
1.18045
1.17401
1.16726
1.16022
1.15298
1.14557
1.13802
1.13037
1.12266
1.11491
1.10717
1.09947
1.09184
1.08429
1.07686
1.06958
1.05896
1.05552
1.04549
1.04227
1.03295
1.02706
1.02143
1.01609
1.01102
1.00625
1.00178
0.997604
0.993732
0.990162
0.986885
0.983898
0.981209
0.978802
0.976669
0.974812
0.973209
0.97187
0.970783
0.969913
0.96928
0.968861
0.968647
0.968689
0.968945
0.96936
0.969631
0.970657
0.971512
0.972485
0.973568
0.974751
0.976017
0.977364
0.978779
0.980259
0.981789
0.98336
0.984962
0.986588
0.988235
0.989883
0.991531
0.993179
0.994816
0.996433
0.998024
0.999584
1.00186
1.00332
1.00474
1.00611
1.00743
1.00869
1.00988
1.01102
1.01209
1.0131
1.01404
1.01492
1.01573
1.01648
1.01747
1.01777
1.01832
1.01881
1.01923
1.0196
1.01991
1.02016
1.02036
1.0205
1.02063
1.02065
1.02063
1.02057
1.02047
1.02033
1.02016
1.01996
1.01973
1.01947
1.01919
1.01888
1.01856
1.01822
1.01786
1.0175
1.01713
1.01674
1.01634
1.01595
1.01555
1.01515
1.01476
1.01436
1.01396
1.01357
1.01318
1.01281
1.01245
1.01191
1.01158
1.01124
1.01109
1.01063
1.01034
1.01007
1.00981
1.00957
1.00934
1.00913
1.00894
1.00875
1.00859
1.00844
1.00831
1.00819
1.00809
1.008
1.00792
1.00786
1.0078
1.00777
1.00774
1.00772
1.00772
1.00772
1.00774
1.00777
1.0078
1.00783
1.00788
1.00794
1.008
1.00806
1.00815
1.00818
1.00827
1.00836
1.00845
1.00859
1.00863
1.00872
1.00882
1.00895
1.00904
1.00909
1.00923
1.00932
1.00941
1.0095
1.00959
1.00969
1.00975
1.00981
1.00987
1.00993
1.00999
1.01005
1.01011
1.0102
1.01023
1.0103
1.01033
1.01036
1.01039
1.01042
1.01047
1.01048
1.01053
1.01054
1.01055
1.01055
1.01055
1.01055
1.01055
1.01055
1.01055
1.01055
1.01055
1.01055
1.01055
1.01055
1.01055
1.01055
1.01052
1.01049
1.01046
1.01043
1.0104
1.01036
1.01033
1.0103
1.01027
1.01024
1.01021
1.01018
1.01015
1.01012
1.01009
1.01006
1.01003
1.01
1.00997
1.00992
1.0099
1.0099
1.0099
1.0099
1.0099
1.0099
1.0099
1.0099
1.0099
1.0099
1.0099
1.0099
1.0099
1.0099
1.0099
1.0099
1.0099
1.0099
1.0099
1.0099
1.0099
1.0099
1.0099
1.0099
1.0099
1.0099
1.0099
1.0099
1.0099
1.0099
1.0099
1.0099
1.0099
1.0099
1.0099
1.0099
1.0099
1.0099
1.0099
1.0099
1.0099
1.0099
1.0099
1.0099
1.0099
1.0099
1.0099
1.0099
1.0099
1.0099
1.0099
1.0099
1.0099
1.0099
1.0099
1.0099
1.0099
1.0099
1.0099
1.0099
1.0099
1.0099
1.0099
1.0099
1.0099
1.0099
1.0099
1.0099
1.0099
1.0099
1.0099
1.0099
1.0099
1.0099
1.0099
1.0099
1.0099
1.0099
1.0099
1.0099
1.0099
1.0099
1.0099
1.0099
1.0099
1.0099
1.0099
1.0099
1.0099
1.0099
1.0099
1.0099
1.0099
1.0099
1.0099
1.0099
1.0099
1.0099
1.0099
1.0099
1.0099
1.0099
1.0099
1.0099
1.0099
1.0099
1.0099
1.0099
1.0099
1.0099
1.0099
1.0099
1.0099
1.0099
1.0099
1.0099
1.0099
1.0099
1.0099
1.0099
1.0099
1.0099
1.0099
1.0099
1.0099
1.0099
1.0099
1.0099
1.0099
1.0099
1.0099
1.0099
1.0099
1.0099
1.0099
1.0099
1.0099
1.0099
1.0099
1.0099
1.0099
1.0099
1.0099
1.0099
1.0099
1.0099
1.0099
1.0099
1.0099
1.0099
1.0099
1.0099
1.0099
1.0099
1.0099
1.0099
1.0099
1.0099
1.0099
1.0099
1.0099
1.0099
1.0099
1.0099
1.0099
1.0099
1.0099
1.0099
1.0099
1.0099
1.0099
1.0099
1.0099
1.0099
1.0099
1.0099
1.0099
1.0099
1.0099
1.0099
1.0099
1.0099
1.0099
1.0099
1.0099
1.0099
1.0099
1.0099
1.0099
1.0099
1.0099
1.0099
1.0099
1.0099
1.0099
1.0099
1.0099
1.0099
1.0099
1.0099
1.0099
1.0099
1.0099
1.0099
1.0099
1.0099
1.0099
1.0099
1.0099
1.0099
1.0099
1.0099
1.0099
1.0099
1.0099
1.0099
1.0099
1.0099
1.0099
1.0099
1.0099
1.0099
1.0099
1.0099
1.0099
1.0099
1.0099
1.0099
1.0099
1.0099
1.0099
1.0099
1.0099
1.0099
1.0099
1.0099
1.0099
1.0099
1.0099
1.0099
1.0099
1.0099
1.0099
1.0099
1.0099
1.0099
1.0099
1.0099
1.0099
1.0099
1.0099
1.0099
1.0099
1.0099
1.0099
1.0099
1.0099
1.0099
1.0099
1.0099
1.0099
1.0099
1.0099
1.0099
1.0099
1.0099
1.0099
1.0099
1.0099
1.0099
1.0099
1.0099
1.0099
1.0099
1.0099
1.0099
1.0099
1.0099
1.0099
1.0099
1.0099
1.0099
1.0099
1.0099
1.0099
1.0099
1.0099
1.0099
1.0099
1.0099
1.0099
1.0099
1.0099
1.0099
1.0099
1.0099
1.0099
1.0099
1.0099
1.0099
1.0099
1.0099
1.0099
1.0099
1.0099
1.0099
1.0099
1.0099
1.0099
1.0099
1.0099
1.0099
1.0099
1.0099
1.0099
1.0099
1.0099
1.0099
1.0099
1.0099
1.0099
1.0099
1.0099
1.0099
1.0099
1.0099
1.0099
1.0099
1.0099
1.0099
1.0099
1.0099
1.0099
1.0099
1.0099
1.0099
1.0099
1.0099
1.0099
1.0099
1.0099
1.0099
1.0099
1.0099
1.0099
1.0099
1.0099
1.0099
1.0099
1.0099
1.0099
1.0099
1.0099
1.0099
1.0099
1.0099
1.0099
1.0099
1.0099
1.0099
1.0099
1.0099
1.0099
1.0099
1.0099
1.0099
1.0099
1.0099
1.0099
1.0099
1.0099
1.0099
1.0099
1.0099
1.0099
1.0099
1.0099
1.0099
1.0099
1.0099
1.0099
1.0099
1.0099
1.0099
1.0099
1.0099
1.0099
1.0099
1.0099
1.0099
1.0099
1.0099
1.0099
1.0099
1.0099
1.0099
1.0099
1.0099
1.0099
1.0099
1.0099
1.0099
1.0099
1.0099
1.0099
1.0099
1.0099
1.0099
1.0099
1.0099
1.0099
1.0099
1.0099
1.0099
1.0099
1.0099
1.0099
1.0099
1.0099
1.0099
1.0099
1.0099
1.0099
1.0099
1.0099
1.0099
1.0099
1.0099
1.0099
1.0099
1.0099
1.0099
1.0099
1.0099
1.0099
1.0099
1.0099
1.0099
1.0099
1.0099
1.0099
1.0099
1.0099
1.0099
1.0099
1.0099
1.0099
1.0099
1.0099
1.0099
1.0099
1.0099
1.0099
1.0099
1.0099
1.0099
1.0099
1.0099
1.0099
1.0099
1.0099
1.0099
1.0099
1.0099
1.0099
1.0099
1.0099
1.0099
1.0099
1.0099
1.0099
1.0099
1.0099
1.0099
1.0099
1.0099
1.0099
1.0099
1.0099
1.0099
1.0099
1.0099
1.0099
1.0099
1.0099
1.0099
1.0099
1.0099
1.0099
1.0099
1.0099
1.0099
1.0099
1.0099
1.0099
1.0099
1.0099
1.0099
1.0099
1.0099
1.0099
1.0099
1.0099
1.0099
1.0099
1.0099
1.0099
1.0099
1.0099
1.0099
1.0099
1.0099
1.0099
1.0099
1.0099
1.0099
1.0099
1.0099
1.0099
1.0099
1.0099
1.0099
1.0099
1.0099
1.0099
1.0099
1.0099
1.0099
1.0099
1.0099
1.0099
1.0099
1.0099
1.0099
1.0099
1.0099
1.0099
1.0099
1.0099
1.0099
1.0099
1.0099
1.0099
1.0099
1.0099
1.0099
1.0099
1.0099
1.0099
1.0099
1.0099
1.0099
1.0099
1.0099
1.0099
1.0099
1.0099
1.0099
1.0099
1.0099
1.0099
1.0099
1.0099
1.0099
1.0099
1.0099
1.0099
1.0099
1.0099
1.0099
1.0099
1.0099
1.0099
1.0099
1.0099
1.0099
1.0099
1.0099
1.0099
1.0099
1.0099
1.0099
1.0099
1.0099
1.0099
1.0099
1.0099
1.0099
1.0099
1.0099
1.0099
1.0099
1.0099
1.0099
1.0099
1.0099
1.0099
1.0099
1.0099
1.0099
1.0099
1.0099
1.0099
1.0099
1.0099
1.0099
1.0099
1.0099
1.0099
1.0099
1.0099
1.0099
1.0099
1.0099
1.0099
1.0099
1.0099
1.0099
1.0099
1.0099
1.0099
1.0099
1.0099
1.0099
1.0099
1.0099
1.0099
1.0099
1.0099
1.0099
1.0099
1.0099
1.0099
1.0099
1.0099
1.0099
1.0099
1.0099
1.0099
1.0099
1.0099
1.0099
1.0099
1.0099
1.0099
1.0099
1.0099
1.0099
1.0099
1.0099
1.0099
1.0099
1.0099
1.0099
1.0099
1.0099
1.0099
1.0099
1.0099
1.0099
1.0099
1.0099
1.0099
1.0099
1.0099
1.0099
1.0099
1.0099
1.0099
1.0099
1.0099
1.0099
1.0099
1.0099
1.0099
1.0099
1.0099
1.0099
1.0099
1.0099
1.0099
1.0099
1.0099
1.0099
1.0099
1.0099
1.0099
1.0099
1.0099
1.0099
1.0099
1.0099
1.0099
1.0099
1.0099
1.0099
1.0099
1.0099
1.0099
1.0099
1.0099
1.0099
