0
0
0
0
0
3.8147e-05
0.000328064
0.00115967
0.00415802
0.00576019
0.0100708
0.016037
0.0238876
0.0396576
0.0460815
0.0689316
0.0777664
0.0972672
0.130913
0.143227
0.169434
0.197548
0.242783
0.274513
0.30719
0.340668
0.374649
0.408745
0.459419
0.492645
0.525276
0.55719
0.588318
0.618629
0.647987
0.676323
0.703598
0.72982
0.754951
0.778976
0.812897
0.834084
0.854149
0.873077
0.890892
0.907532
0.922966
0.944069
0.9506
0.962929
0.974281
0.984703
0.998528
1.00269
1.01041
1.0174
1.02367
1.03171
1.03407
1.03837
1.04213
1.04539
1.04929
1.05038
1.05227
1.05443
1.05544
1.05612
1.05655
1.05673
1.05669
1.05643
1.05602
1.05544
1.05544
1.05388
1.05293
1.0519
1.05077
1.04956
1.04895
1.04703
1.04569
1.04435
1.04297
1.04086
1.03946
1.03806
1.03667
1.03532
1.03398
1.03269
1.03141
1.03017
1.02895
1.02779
1.02663
1.02554
1.02448
1.02345
1.02247
1.02153
1.02063
1.01978
1.01897
1.0182
1.01746
1.01678
1.01614
1.01553
1.01469
1.01442
1.01393
1.01369
1.01266
1.01212
1.01181
1.01151
1.01125
1.011
1.01082
1.01064
1.01046
1.01034
1.01022
1.01009
1.00999
1.00993
1.00987
1.00981
1.00975
1.00969
1.00969
1.00969
1.00969
1.00969
1.00969
1.00969
1.00969
1.00969
1.00969
1.00969
1.00969
1.00969
1.00969
1.00969
1.00973
1.00979
1.00985
1.00991
1.00997
1.01003
1.01009
1.01019
1.01022
1.01022
1.01022
1.01022
1.01022
1.01022
1.01022
1.01022
1.01022
1.01022
1.01022
1.01022
1.01022
1.01022
1.01022
1.01022
1.01022
1.01022
1.01022
1.01022
1.01022
1.01022
1.01022
1.01022
1.01022
1.01022
1.01022
1.01022
1.01022
1.01022
1.01022
1.01022
1.01022
1.01022
1.01022
1.01022
1.01022
1.01022
1.01022
1.01022
1.01022
1.01022
1.01022
1.01022
1.01022
1.01022
1.01022
1.01022
1.01022
1.01022
1.01022
1.01022
1.01022
1.01022
1.01022
1.01022
1.01022
1.01022
1.01022
1.01022
1.01022
1.01022
1.01022
1.01022
1.01022
1.01022
1.01022
1.01022
1.01022
1.01022
1.01022
1.01022
1.01022
1.01022
1.01022
1.01022
1.01022
1.01022
1.01022
1.01022
1.01022
1.01022
1.01022
1.01022
1.01022
1.01022
1.01022
1.01022
1.01022
1.01022
1.01022
1.01022
1.01022
1.01022
1.01022
1.01022
1.01022
1.01022
1.01022
1.01022
1.01022
1.01022
1.01022
1.01022
1.01022
1.01022
1.01022
1.01022
1.01022
1.01022
1.01022
1.01022
1.01022
1.01022
1.01022
1.01022
1.01022
1.01022
1.01022
1.01022
1.01022
1.01022
1.01022
1.01022
1.01022
1.01022
1.01022
1.01022
1.01022
1.01022
1.01022
1.01022
1.01022
1.01022
1.01022
1.01022
1.01022
1.01022
1.01022
1.01022
1.01022
1.01022
1.01022
1.01022
1.01022
1.01022
1.01022
1.01022
1.01022
1.01022
1.01022
1.01022
1.01022
1.01022
1.01022
1.01022
1.01022
1.01022
1.01022
1.01022
1.01022
1.01022
1.01022
1.01022
1.01022
1.01022
1.01022
1.01022
1.01022
1.01022
1.01022
1.01022
1.01022
1.01022
1.01022
1.01022
1.01022
1.01022
1.01022
1.01022
1.01022
1.01022
1.01022
1.01022
1.01022
1.01022
1.01022
1.01022
1.01022
1.01022
1.01022
1.01022
1.01022
1.01022
1.01022
1.01022
1.01022
1.01022
1.01022
1.01022
1.01022
1.01022
1.01022
1.01022
1.01022
1.01022
1.01022
1.01022
1.01022
1.01022
1.01022
1.01022
1.01022
1.01022
1.01022
1.01022
1.01022
1.01022
1.01022
1.01022
1.01022
1.01022
1.01022
1.01022
1.01022
1.01022
1.01022
1.01022
1.01022
1.01022
1.01022
1.01022
1.01022
1.01022
1.01022
1.01022
1.01022
1.01022
1.01022
1.01022
1.01022
1.01022
1.01022
1.01022
1.01022
1.01022
1.01022
1.01022
1.01022
1.01022
1.01022
1.01022
1.01022
1.01022
1.01022
1.01022
1.01022
1.01022
1.01022
1.01022
1.01022
1.01022
1.01022
1.01022
1.01022
1.01022
1.01022
1.01022
1.01022
1.01022
1.01022
1.01022
1.01022
1.01022
1.01022
1.01022
1.01022
1.01022
1.01022
1.01022
1.01022
1.01022
1.01022
1.01022
1.01022
1.01022
1.01022
1.01022
1.01022
1.01022
1.01022
1.01022
1.01022
1.01022
1.01022
1.01022
1.01022
1.01022
1.01022
1.01022
1.01022
1.01022
1.01022
1.01022
1.01022
1.01022
1.01022
1.01022
1.01022
1.01022
1.01022
1.01022
1.01022
1.01022
1.01022
1.01022
1.01022
1.01022
1.01022
1.01022
1.01022
1.01022
1.01022
1.01022
1.01022
1.01022
1.01022
1.01022
1.01022
1.01022
1.01022
1.01022
1.01022
1.01022
1.01022
1.01022
1.01022
1.01022
1.01022
1.01022
1.01022
1.01022
1.01022
1.01022
1.01022
1.01022
1.01022
1.01022
1.01022
1.01022
1.01022
1.01022
1.01022
1.01022
1.01022
1.01022
1.01022
1.01022
1.01022
1.01022
1.01022
1.01022
1.01022
1.01022
1.01022
1.01022
1.01022
1.01022
1.01022
1.01022
1.01022
1.01022
1.01022
1.01022
1.01022
1.01022
1.01022
1.01022
1.01022
1.01022
1.01022
1.01022
1.01022
1.01022
1.01022
1.01022
1.01022
1.01022
1.01022
1.01022
1.01022
1.01022
1.01022
1.01022
1.01022
1.01022
1.01022
1.01022
1.01022
1.01022
1.01022
1.01022
1.01022
1.01022
1.01022
1.01022
1.01022
1.01022
1.01022
1.01022
1.01022
1.01022
1.01022
1.01022
1.01022
1.01022
1.01022
1.01022
1.01022
1.01022
1.01022
1.01022
1.01022
1.01022
1.01022
1.01022
1.01022
1.01022
1.01022
1.01022
1.01022
1.01022
1.01022
1.01022
1.01022
1.01022
1.01022
1.01022
1.01022
1.01022
1.01022
1.01022
1.01022
1.01022
1.01022
1.01022
1.01022
1.01022
1.01022
1.01022
1.01022
1.01022
1.01022
1.01022
1.01022
1.01022
1.01022
1.01022
1.01022
1.01022
1.01022
1.01022
1.01022
1.01022
1.01022
1.01022
1.01022
1.01022
1.01022
1.01022
1.01022
1.01022
1.01022
1.01022
1.01022
1.01022
1.01022
1.01022
1.01022
1.01022
1.01022
1.01022
1.01022
1.01022
1.01022
1.01022
1.01022
1.01022
1.01022
1.01022
1.01022
1.01022
1.01022
1.01022
1.01022
1.01022
1.01022
1.01022
1.01022
1.01022
1.01022
1.01022
1.01022
1.01022
1.01022
1.01022
1.01022
1.01022
1.01022
1.01022
1.01022
1.01022
1.01022
1.01022
1.01022
1.01022
1.01022
1.01022
1.01022
1.01022
1.01022
1.01022
1.01022
1.01022
1.01022
1.01022
1.01022
1.01022
1.01022
1.01022
1.01022
1.01022
1.01022
1.01022
1.01022
1.01022
1.01022
1.01022
1.01022
1.01022
1.01022
1.01022
1.01022
1.01022
1.01022
1.01022
1.01022
1.01022
1.01022
1.01022
1.01022
1.01022
1.01022
1.01022
1.01022
1.01022
1.01022
1.01022
1.01022
1.01022
1.01022
1.01022
1.01022
1.01022
1.01022
1.01022
1.01022
1.01022
1.01022
1.01022
1.01022
1.01022
1.01022
1.01022
1.01022
1.01022
1.01022
1.01022
1.01022
1.01022
1.01022
1.01022
1.01022
1.01022
1.01022
1.01022
1.01022
1.01022
1.01022
1.01022
1.01022
1.01022
1.01022
1.01022
1.01022
1.01022
1.01022
1.01022
1.01022
1.01022
1.01022
1.01022
1.01022
1.01022
1.01022
1.01022
1.01022
1.01022
1.01022
1.01022
1.01022
1.01022
1.01022
1.01022
1.01022
1.01022
1.01022
1.01022
1.01022
1.01022
1.01022
1.01022
1.01022
1.01022
1.01022
1.01022
1.01022
1.01022
1.01022
1.01022
1.01022
1.01022
1.01022
1.01022
1.01022
1.01022
1.01022
1.01022
1.01022
1.01022
1.01022
1.01022
1.01022
1.01022
1.01022
1.01022
1.01022
1.01022
1.01022
1.01022
1.01022
1.01022
1.01022
1.01022
1.01022
1.01022
1.01022
1.01022
1.01022
1.01022
1.01022
1.01022
1.01022
1.01022
1.01022
1.01022
1.01022
1.01022
1.01022
1.01022
1.01022
1.01022
1.01022
1.01022
1.01022
1.01022
1.01022
1.01022
1.01022
1.01022
1.01022
1.01022
1.01022
1.01022
1.01022
1.01022
1.01022
1.01022
1.01022
1.01022
1.01022
1.01022
1.01022
1.01022
1.01022
1.01022
1.01022
1.01022
1.01022
1.01022
1.01022
1.01022
1.01022
1.01022
1.01022
1.01022
1.01022
1.01022
1.01022
1.01022
1.01022
1.01022
1.01022
1.01022
1.01022
1.01022
1.01022
1.01022
1.01022
1.01022
1.01022
1.01022
1.01022
1.01022
1.01022
1.01022
1.01022
1.01022
1.01022
1.01022
1.01022
1.01022
1.01022
1.01022
1.01022
1.01022
1.01022
1.01022
1.01022
1.01022
1.01022
1.01022
1.01022
1.01022
1.01022
1.01022
1.01022
1.01022
1.01022
1.01022
1.01022
1.01022
1.01022
1.01022
1.01022
1.01022
1.01022
1.01022
1.01022
1.01022
1.01022
1.01022
1.01022
1.01022
1.01022
1.01022
1.01022
1.01022
1.01022
1.01022
1.01022
1.01022
1.01022
1.01022
1.01022
1.01022
1.01022
1.01022
1.01022
1.01022
1.01022
1.01022
1.01022
1.01022
1.01022
1.01022
1.01022
1.01022
1.01022
1.01022
1.01022
1.01022
1.01022
1.01022
1.01022
1.01022
1.01022
1.01022
1.01022
1.01022
1.01022
1.01022
1.01022
1.01022
1.01022
1.01022
1.01022
1.01022
1.01022
1.01022
1.01022
1.01022
1.01022
1.01022
1.01022
1.01022
1.01022
1.01022
1.01022
1.01022
1.01022
1.01022
1.01022
1.01022
1.01022
1.01022
1.01022
1.01022
1.01022
1.01022
1.01022
1.01022
1.01022
1.01022
1.01022
1.01022
1.01022
1.01022
1.01022
1.01022
1.01022
1.01022
1.01022
1.01022
1.01022
1.01022
