0
0
0
0
0
3.43323e-05
0.000305176
0.00113297
0.00284958
0.00572586
0.0100212
0.0196571
0.0285301
0.0396004
0.0530319
0.0688858
0.0871658
0.107861
0.13097
0.156433
0.184093
0.229183
0.261299
0.294785
0.329437
0.365021
0.401268
0.437962
0.474953
0.512131
0.549332
0.586414
0.623154
0.659393
0.69508
0.730122
0.764412
0.79784
0.830311
0.86174
0.892063
0.935326
0.962593
0.988544
1.01314
1.03635
1.05811
1.07838
1.09718
1.11452
1.13039
1.14481
1.15781
1.16943
1.1797
1.19265
1.19971
1.20557
1.21025
1.21381
1.21628
1.21772
1.2182
1.21777
1.21648
1.2144
1.21157
1.20807
1.20393
1.19922
1.194
1.18831
1.18219
1.17571
1.16541
1.15822
1.15084
1.1433
1.13565
1.12793
1.12017
1.11242
1.10471
1.09705
1.08949
1.08204
1.07473
1.06757
1.0606
1.05384
1.04729
1.03789
1.03489
1.02908
1.02353
1.01825
1.01087
1.00856
1.00414
1.00002
0.994373
0.990982
0.987873
0.985043
0.982471
0.980167
0.97813
0.976345
0.974804
0.973507
0.972454
0.971622
0.971008
0.9706
0.970387
0.97036
0.970509
0.970825
0.971291
0.971905
0.972652
0.973522
0.974506
0.975594
0.976768
0.978024
0.979355
0.980747
0.982197
0.983685
0.985989
0.987545
0.989132
0.990719
0.992306
0.993889
0.995445
0.996986
0.998501
0.999981
1.00143
1.00283
1.00419
1.00551
1.00738
1.00856
1.00913
1.01076
1.01176
1.01271
1.0136
1.01442
1.01517
1.01587
1.0165
1.01707
1.01759
1.01805
1.01846
1.0188
1.01909
1.01933
1.01953
1.01967
1.01977
1.01982
1.01983
1.0198
1.01973
1.01963
1.0195
1.01933
1.01913
1.01892
1.01854
1.01826
1.01812
1.01781
1.01733
1.01699
1.01666
1.01648
1.01593
1.01556
1.01519
1.01483
1.01446
1.0141
1.01373
1.01336
1.01302
1.01268
1.01218
1.01186
1.01156
1.01141
1.01097
1.01084
1.01044
1.0102
1.00996
1.00975
1.00953
1.00935
1.00917
1.00901
1.00885
1.00872
1.00859
1.00848
1.00838
1.00829
1.00822
1.00816
1.0081
1.00807
1.00804
1.00801
1.00801
1.00801
1.00801
1.00804
1.00807
1.0081
1.00813
1.00817
1.00824
1.00833
1.00839
1.00845
1.00851
1.00857
1.00863
1.00869
1.00878
1.00887
1.00896
1.0091
1.00919
1.00928
1.00938
1.00945
1.00954
1.00957
1.00967
1.00973
1.00979
1.00985
1.00991
1.00997
1.01003
1.01012
1.01015
1.01019
1.01023
1.01026
1.01029
1.01032
1.01035
1.01038
1.01041
1.01044
1.01047
1.01047
1.01047
1.01047
1.01047
1.01047
1.01047
1.01047
1.01047
1.01047
1.01047
1.01047
1.01047
1.01047
1.01047
1.01047
1.01047
1.01046
1.01043
1.0104
1.01036
1.01033
1.0103
1.01026
1.01023
1.0102
1.01017
1.01014
1.01011
1.01007
1.01004
1.01001
1.00998
1.00995
1.00995
1.00995
1.00995
1.00995
1.00995
1.00995
1.00995
1.00995
1.00995
1.00995
1.00995
1.00995
1.00995
1.00995
1.00995
1.00995
1.00995
1.00995
1.00995
1.00995
1.00995
1.00995
1.00995
1.00995
1.00995
1.00995
1.00995
1.00995
1.00995
1.00995
1.00995
1.00995
1.00995
1.00995
1.00995
1.00995
1.00995
1.00995
1.00995
1.00995
1.00995
1.00995
1.00995
1.00995
1.00995
1.00995
1.00995
1.00995
1.00995
1.00995
1.00995
1.00995
1.00995
1.00995
1.00995
1.00995
1.00995
1.00995
1.00995
1.00995
1.00995
1.00995
1.00995
1.00995
1.00995
1.00995
1.00995
1.00995
1.00995
1.00995
1.00995
1.00995
1.00995
1.00995
1.00995
1.00995
1.00995
1.00995
1.00995
1.00995
1.00995
1.00995
1.00995
1.00995
1.00995
1.00995
1.00995
1.00995
1.00995
1.00995
1.00995
1.00995
1.00995
1.00995
1.00995
1.00995
1.00995
1.00995
1.00995
1.00995
1.00995
1.00995
1.00995
1.00995
1.00995
1.00995
1.00995
1.00995
1.00995
1.00995
1.00995
1.00995
1.00995
1.00995
1.00995
1.00995
1.00995
1.00995
1.00995
1.00995
1.00995
1.00995
1.00995
1.00995
1.00995
1.00995
1.00995
1.00995
1.00995
1.00995
1.00995
1.00995
1.00995
1.00995
1.00995
1.00995
1.00995
1.00995
1.00995
1.00995
1.00995
1.00995
1.00995
1.00995
1.00995
1.00995
1.00995
1.00995
1.00995
1.00995
1.00995
1.00995
1.00995
1.00995
1.00995
1.00995
1.00995
1.00995
1.00995
1.00995
1.00995
1.00995
1.00995
1.00995
1.00995
1.00995
1.00995
1.00995
1.00995
1.00995
1.00995
1.00995
1.00995
1.00995
1.00995
1.00995
1.00995
1.00995
1.00995
1.00995
1.00995
1.00995
1.00995
1.00995
1.00995
1.00995
1.00995
1.00995
1.00995
1.00995
1.00995
1.00995
1.00995
1.00995
1.00995
1.00995
1.00995
1.00995
1.00995
1.00995
1.00995
1.00995
1.00995
1.00995
1.00995
1.00995
1.00995
1.00995
1.00995
1.00995
1.00995
1.00995
1.00995
1.00995
1.00995
1.00995
1.00995
1.00995
1.00995
1.00995
1.00995
1.00995
1.00995
1.00995
1.00995
1.00995
1.00995
1.00995
1.00995
1.00995
1.00995
1.00995
1.00995
1.00995
1.00995
1.00995
1.00995
1.00995
1.00995
1.00995
1.00995
1.00995
1.00995
1.00995
1.00995
1.00995
1.00995
1.00995
1.00995
1.00995
1.00995
1.00995
1.00995
1.00995
1.00995
1.00995
1.00995
1.00995
1.00995
1.00995
1.00995
1.00995
1.00995
1.00995
1.00995
1.00995
1.00995
1.00995
1.00995
1.00995
1.00995
1.00995
1.00995
1.00995
1.00995
1.00995
1.00995
1.00995
1.00995
1.00995
1.00995
1.00995
1.00995
1.00995
1.00995
1.00995
1.00995
1.00995
1.00995
1.00995
1.00995
1.00995
1.00995
1.00995
1.00995
1.00995
1.00995
1.00995
1.00995
1.00995
1.00995
1.00995
1.00995
1.00995
1.00995
1.00995
1.00995
1.00995
1.00995
1.00995
1.00995
1.00995
1.00995
1.00995
1.00995
1.00995
1.00995
1.00995
1.00995
1.00995
1.00995
1.00995
1.00995
1.00995
1.00995
1.00995
1.00995
1.00995
1.00995
1.00995
1.00995
1.00995
1.00995
1.00995
1.00995
1.00995
1.00995
1.00995
1.00995
1.00995
1.00995
1.00995
1.00995
1.00995
1.00995
1.00995
1.00995
1.00995
1.00995
1.00995
1.00995
1.00995
1.00995
1.00995
1.00995
1.00995
1.00995
1.00995
1.00995
1.00995
1.00995
1.00995
1.00995
1.00995
1.00995
1.00995
1.00995
1.00995
1.00995
1.00995
1.00995
1.00995
1.00995
1.00995
1.00995
1.00995
1.00995
1.00995
1.00995
1.00995
1.00995
1.00995
1.00995
1.00995
1.00995
1.00995
1.00995
1.00995
1.00995
1.00995
1.00995
1.00995
1.00995
1.00995
1.00995
1.00995
1.00995
1.00995
1.00995
1.00995
1.00995
1.00995
1.00995
1.00995
1.00995
1.00995
1.00995
1.00995
1.00995
1.00995
1.00995
1.00995
1.00995
1.00995
1.00995
1.00995
1.00995
1.00995
1.00995
1.00995
1.00995
1.00995
1.00995
1.00995
1.00995
1.00995
1.00995
1.00995
1.00995
1.00995
1.00995
1.00995
1.00995
1.00995
1.00995
1.00995
1.00995
1.00995
1.00995
1.00995
1.00995
1.00995
1.00995
1.00995
1.00995
1.00995
1.00995
1.00995
1.00995
1.00995
1.00995
1.00995
1.00995
1.00995
1.00995
1.00995
1.00995
1.00995
1.00995
1.00995
1.00995
1.00995
1.00995
1.00995
1.00995
1.00995
1.00995
1.00995
1.00995
1.00995
1.00995
1.00995
1.00995
1.00995
1.00995
1.00995
1.00995
1.00995
1.00995
1.00995
1.00995
1.00995
1.00995
1.00995
1.00995
1.00995
1.00995
1.00995
1.00995
1.00995
1.00995
1.00995
1.00995
1.00995
1.00995
1.00995
1.00995
1.00995
1.00995
1.00995
1.00995
1.00995
1.00995
1.00995
1.00995
1.00995
1.00995
1.00995
1.00995
1.00995
1.00995
1.00995
1.00995
1.00995
1.00995
1.00995
1.00995
1.00995
1.00995
1.00995
1.00995
1.00995
1.00995
1.00995
1.00995
1.00995
1.00995
1.00995
1.00995
1.00995
1.00995
1.00995
1.00995
1.00995
1.00995
1.00995
1.00995
1.00995
1.00995
1.00995
1.00995
1.00995
1.00995
1.00995
1.00995
1.00995
1.00995
1.00995
1.00995
1.00995
1.00995
1.00995
1.00995
1.00995
1.00995
1.00995
1.00995
1.00995
1.00995
1.00995
1.00995
1.00995
1.00995
1.00995
1.00995
1.00995
1.00995
1.00995
1.00995
1.00995
1.00995
1.00995
1.00995
1.00995
1.00995
1.00995
1.00995
1.00995
1.00995
1.00995
1.00995
1.00995
1.00995
1.00995
1.00995
1.00995
1.00995
1.00995
1.00995
1.00995
1.00995
1.00995
1.00995
1.00995
1.00995
1.00995
1.00995
1.00995
1.00995
1.00995
1.00995
1.00995
1.00995
1.00995
1.00995
1.00995
1.00995
1.00995
1.00995
1.00995
1.00995
1.00995
1.00995
1.00995
1.00995
1.00995
1.00995
1.00995
1.00995
1.00995
1.00995
1.00995
1.00995
1.00995
1.00995
1.00995
1.00995
1.00995
1.00995
1.00995
1.00995
1.00995
1.00995
1.00995
1.00995
1.00995
1.00995
1.00995
1.00995
1.00995
1.00995
1.00995
1.00995
1.00995
1.00995
1.00995
1.00995
1.00995
1.00995
1.00995
1.00995
1.00995
1.00995
1.00995
1.00995
1.00995
1.00995
1.00995
1.00995
1.00995
1.00995
1.00995
1.00995
1.00995
1.00995
1.00995
1.00995
1.00995
1.00995
1.00995
1.00995
1.00995
1.00995
1.00995
1.00995
1.00995
1.00995
1.00995
1.00995
1.00995
1.00995
1.00995
1.00995
1.00995
1.00995
1.00995
1.00995
1.00995
1.00995
1.00995
1.00995
1.00995
1.00995
1.00995
1.00995
1.00995
1.00995
1.00995
1.00995
1.00995
1.00995
1.00995
1.00995
1.00995
