0
0
0
0
3.8147e-05
0.000328064
0.00115967
0.00287628
0.00576019
0.0100708
0.016037
0.0238876
0.0338364
0.0460815
0.0607071
0.0777664
0.0972672
0.119141
0.143272
0.169434
0.197311
0.226616
0.257072
0.288414
0.320366
0.352715
0.385231
0.417717
0.449997
0.481888
0.513275
0.559174
0.588814
0.617599
0.645477
0.659058
0.698212
0.7229
0.746468
0.768929
0.790398
0.800827
0.830711
0.849289
0.86676
0.883156
0.898621
0.913292
0.927032
0.939789
0.951599
0.962486
0.972496
0.981651
0.993881
1.00108
1.0076
1.01344
1.01864
1.02316
1.02711
1.03056
1.03355
1.03613
1.03831
1.04012
1.04162
1.04282
1.04374
1.04441
1.04487
1.04513
1.04517
1.0451
1.04487
1.0445
1.04402
1.04344
1.04277
1.04162
1.04077
1.04033
1.03941
1.03796
1.03698
1.03649
1.03493
1.0339
1.03286
1.03182
1.0313
1.02978
1.0288
1.02782
1.02689
1.02597
1.02505
1.0242
1.02335
1.02255
1.02176
1.02103
1.02029
1.01962
1.01895
1.01834
1.01773
1.01718
1.01663
1.01614
1.01566
1.01543
1.01479
1.0144
1.01404
1.01367
1.01337
1.01306
1.01278
1.01254
1.01229
1.01206
1.01188
1.0117
1.01151
1.01135
1.01123
1.01111
1.01099
1.01086
1.01077
1.01067
1.01061
1.01055
1.01049
1.01046
1.01037
1.01034
1.0103
1.0103
1.0103
1.0103
1.0103
1.0103
1.0103
1.0103
1.0103
1.0103
1.0103
1.0103
1.0103
1.0103
1.0103
1.0103
1.0103
1.0103
1.0103
1.0103
1.0103
1.0103
1.0103
1.0103
1.0103
1.0103
1.0103
1.0103
1.0103
1.0103
1.0103
1.0103
1.0103
1.0103
1.0103
1.0103
1.0103
1.0103
1.0103
1.0103
1.0103
1.0103
1.0103
1.0103
1.0103
1.0103
1.0103
1.0103
1.0103
1.0103
1.0103
1.0103
1.0103
1.0103
1.0103
1.0103
1.0103
1.0103
1.0103
1.0103
1.0103
1.0103
1.0103
1.0103
1.0103
1.0103
1.0103
1.0103
1.0103
1.0103
1.0103
1.0103
1.0103
1.0103
1.0103
1.0103
1.0103
1.0103
1.0103
1.0103
1.0103
1.0103
1.0103
1.0103
1.0103
1.0103
1.0103
1.0103
1.0103
1.0103
1.0103
1.0103
1.0103
1.0103
1.0103
1.0103
1.0103
1.0103
1.0103
1.0103
1.0103
1.0103
1.0103
1.0103
1.0103
1.0103
1.0103
1.0103
1.0103
1.0103
1.0103
1.0103
1.0103
1.0103
1.0103
1.0103
1.0103
1.0103
1.0103
1.0103
1.0103
1.0103
1.0103
1.0103
1.0103
1.0103
1.0103
1.0103
1.0103
1.0103
1.0103
1.0103
1.0103
1.0103
1.0103
1.0103
1.0103
1.0103
1.0103
1.0103
1.0103
1.0103
1.0103
1.0103
1.0103
1.0103
1.0103
1.0103
1.0103
1.0103
1.0103
1.0103
1.0103
1.0103
1.0103
1.0103
1.0103
1.0103
1.0103
1.0103
1.0103
1.0103
1.0103
1.0103
1.0103
1.0103
1.0103
1.0103
1.0103
1.0103
1.0103
1.0103
1.0103
1.0103
1.0103
1.0103
1.0103
1.0103
1.0103
1.0103
1.0103
1.0103
1.0103
1.0103
1.0103
1.0103
1.0103
1.0103
1.0103
1.0103
1.0103
1.0103
1.0103
1.0103
1.0103
1.0103
1.0103
1.0103
1.0103
1.0103
1.0103
1.0103
1.0103
1.0103
1.0103
1.0103
1.0103
1.0103
1.0103
1.0103
1.0103
1.0103
1.0103
1.0103
1.0103
1.0103
1.0103
1.0103
1.0103
1.0103
1.0103
1.0103
1.0103
1.0103
1.0103
1.0103
1.0103
1.0103
1.0103
1.0103
1.0103
1.0103
1.0103
1.0103
1.0103
1.0103
1.0103
1.0103
1.0103
1.0103
1.0103
1.0103
1.0103
1.0103
1.0103
1.0103
1.0103
1.0103
1.0103
1.0103
1.0103
1.0103
1.0103
1.0103
1.0103
1.0103
1.0103
1.0103
1.0103
1.0103
1.0103
1.0103
1.0103
1.0103
1.0103
1.0103
1.0103
1.0103
1.0103
1.0103
1.0103
1.0103
1.0103
1.0103
1.0103
1.0103
1.0103
1.0103
1.0103
1.0103
1.0103
1.0103
1.0103
1.0103
1.0103
1.0103
1.0103
1.0103
1.0103
1.0103
1.0103
1.0103
1.0103
1.0103
1.0103
1.0103
1.0103
1.0103
1.0103
1.0103
1.0103
1.0103
1.0103
1.0103
1.0103
1.0103
1.0103
1.0103
1.0103
1.0103
1.0103
1.0103
1.0103
1.0103
1.0103
1.0103
1.0103
1.0103
1.0103
1.0103
1.0103
1.0103
1.0103
1.0103
1.0103
1.0103
1.0103
1.0103
1.0103
1.0103
1.0103
1.0103
1.0103
1.0103
1.0103
1.0103
1.0103
1.0103
1.0103
1.0103
1.0103
1.0103
1.0103
1.0103
1.0103
1.0103
1.0103
1.0103
1.0103
1.0103
1.0103
1.0103
1.0103
1.0103
1.0103
1.0103
1.0103
1.0103
1.0103
1.0103
1.0103
1.0103
1.0103
1.0103
1.0103
1.0103
1.0103
1.0103
1.0103
1.0103
1.0103
1.0103
1.0103
1.0103
1.0103
1.0103
1.0103
1.0103
1.0103
1.0103
1.0103
1.0103
1.0103
1.0103
1.0103
1.0103
1.0103
1.0103
1.0103
1.0103
1.0103
1.0103
1.0103
1.0103
1.0103
1.0103
1.0103
1.0103
1.0103
1.0103
1.0103
1.0103
1.0103
1.0103
1.0103
1.0103
1.0103
1.0103
1.0103
1.0103
1.0103
1.0103
1.0103
1.0103
1.0103
1.0103
1.0103
1.0103
1.0103
1.0103
1.0103
1.0103
1.0103
1.0103
1.0103
1.0103
1.0103
1.0103
1.0103
1.0103
1.0103
1.0103
1.0103
1.0103
1.0103
1.0103
1.0103
1.0103
1.0103
1.0103
1.0103
1.0103
1.0103
1.0103
1.0103
1.0103
1.0103
1.0103
1.0103
1.0103
1.0103
1.0103
1.0103
1.0103
1.0103
1.0103
1.0103
1.0103
1.0103
1.0103
1.0103
1.0103
1.0103
1.0103
1.0103
1.0103
1.0103
1.0103
1.0103
1.0103
1.0103
1.0103
1.0103
1.0103
1.0103
1.0103
1.0103
1.0103
1.0103
1.0103
1.0103
1.0103
1.0103
1.0103
1.0103
1.0103
1.0103
1.0103
1.0103
1.0103
1.0103
1.0103
1.0103
1.0103
1.0103
1.0103
1.0103
1.0103
1.0103
1.0103
1.0103
1.0103
1.0103
1.0103
1.0103
1.0103
1.0103
1.0103
1.0103
1.0103
1.0103
1.0103
1.0103
1.0103
1.0103
1.0103
1.0103
1.0103
1.0103
1.0103
1.0103
1.0103
1.0103
1.0103
1.0103
1.0103
1.0103
1.0103
1.0103
1.0103
1.0103
1.0103
1.0103
1.0103
1.0103
1.0103
1.0103
1.0103
1.0103
1.0103
1.0103
1.0103
1.0103
1.0103
1.0103
1.0103
1.0103
1.0103
1.0103
1.0103
1.0103
1.0103
1.0103
1.0103
1.0103
1.0103
1.0103
1.0103
1.0103
1.0103
1.0103
1.0103
1.0103
1.0103
1.0103
1.0103
1.0103
1.0103
1.0103
1.0103
1.0103
1.0103
1.0103
1.0103
1.0103
1.0103
1.0103
1.0103
1.0103
1.0103
1.0103
1.0103
1.0103
1.0103
1.0103
1.0103
1.0103
1.0103
1.0103
1.0103
1.0103
1.0103
1.0103
1.0103
1.0103
1.0103
1.0103
1.0103
1.0103
1.0103
1.0103
1.0103
1.0103
1.0103
1.0103
1.0103
1.0103
1.0103
1.0103
1.0103
1.0103
1.0103
1.0103
1.0103
1.0103
1.0103
1.0103
1.0103
1.0103
1.0103
1.0103
1.0103
1.0103
1.0103
1.0103
1.0103
1.0103
1.0103
1.0103
1.0103
1.0103
1.0103
1.0103
1.0103
1.0103
1.0103
1.0103
1.0103
1.0103
1.0103
1.0103
1.0103
1.0103
1.0103
1.0103
1.0103
1.0103
1.0103
1.0103
1.0103
1.0103
1.0103
1.0103
1.0103
1.0103
1.0103
1.0103
1.0103
1.0103
1.0103
1.0103
1.0103
1.0103
1.0103
1.0103
1.0103
1.0103
1.0103
1.0103
1.0103
1.0103
1.0103
1.0103
1.0103
1.0103
1.0103
1.0103
1.0103
1.0103
1.0103
1.0103
1.0103
1.0103
1.0103
1.0103
1.0103
1.0103
1.0103
1.0103
1.0103
1.0103
1.0103
1.0103
1.0103
1.0103
1.0103
1.0103
1.0103
1.0103
1.0103
1.0103
1.0103
1.0103
1.0103
1.0103
1.0103
1.0103
1.0103
1.0103
1.0103
1.0103
1.0103
1.0103
1.0103
1.0103
1.0103
1.0103
1.0103
1.0103
1.0103
1.0103
1.0103
1.0103
1.0103
1.0103
1.0103
1.0103
1.0103
1.0103
1.0103
1.0103
1.0103
1.0103
1.0103
1.0103
1.0103
1.0103
1.0103
1.0103
1.0103
1.0103
1.0103
1.0103
1.0103
1.0103
1.0103
1.0103
1.0103
1.0103
1.0103
1.0103
1.0103
1.0103
1.0103
1.0103
1.0103
1.0103
1.0103
1.0103
1.0103
1.0103
1.0103
1.0103
1.0103
1.0103
1.0103
1.0103
1.0103
1.0103
1.0103
1.0103
1.0103
1.0103
1.0103
1.0103
1.0103
1.0103
1.0103
1.0103
1.0103
1.0103
1.0103
1.0103
1.0103
1.0103
1.0103
1.0103
1.0103
1.0103
1.0103
1.0103
1.0103
1.0103
1.0103
1.0103
1.0103
1.0103
1.0103
1.0103
1.0103
1.0103
1.0103
1.0103
1.0103
1.0103
1.0103
1.0103
1.0103
1.0103
1.0103
1.0103
1.0103
1.0103
1.0103
1.0103
1.0103
1.0103
1.0103
1.0103
1.0103
1.0103
1.0103
1.0103
1.0103
1.0103
1.0103
1.0103
1.0103
1.0103
1.0103
1.0103
1.0103
1.0103
1.0103
1.0103
1.0103
1.0103
1.0103
1.0103
1.0103
1.0103
1.0103
1.0103
1.0103
1.0103
1.0103
1.0103
1.0103
1.0103
1.0103
1.0103
1.0103
1.0103
1.0103
1.0103
1.0103
1.0103
1.0103
1.0103
1.0103
1.0103
1.0103
