0
0
0
0
3.8147e-06
0.00012207
0.000629425
0.00186539
0.00412369
0.00767899
0.0127792
0.0238342
0.0285339
0.0460167
0.0530357
0.0688896
0.0972137
0.107864
0.130978
0.170021
0.198704
0.229198
0.261292
0.294762
0.329327
0.364742
0.400814
0.43734
0.47414
0.511036
0.547867
0.584476
0.620701
0.656414
0.691486
0.725807
0.759304
0.791954
0.823711
0.854488
0.884197
0.912785
0.940193
0.978966
0.991249
1.01482
1.04764
1.06781
1.08656
1.10391
1.1199
1.1345
1.14769
1.15952
1.17002
1.17922
1.18717
1.19391
1.19947
1.20391
1.20726
1.20959
1.21093
1.21133
1.21086
1.20956
1.2075
1.20471
1.20127
1.19722
1.19262
1.18752
1.18198
1.17605
1.16978
1.16322
1.15641
1.14584
1.14223
1.13128
1.12388
1.11647
1.10905
1.10168
1.09438
1.08718
1.08009
1.07312
1.06629
1.05962
1.05312
1.04682
1.03776
1.03201
1.0265
1.02124
1.01623
1.01149
1.00704
1.00287
0.998989
0.993683
0.990498
0.987587
0.984947
0.982582
0.980461
0.978607
0.977005
0.97562
0.974476
0.973549
0.972836
0.972324
0.972012
0.971882
0.971928
0.972141
0.972507
0.973324
0.97366
0.97485
0.975304
0.976292
0.977947
0.979149
0.980423
0.981754
0.983139
0.984562
0.986019
0.987499
0.988995
0.99049
0.991985
0.993481
0.994976
0.996452
0.99791
0.99934
1.00074
1.0021
1.00342
1.0047
1.00594
1.00712
1.00826
1.00986
1.01036
1.0118
1.01268
1.01351
1.01427
1.01464
1.01563
1.01622
1.01675
1.01723
1.01765
1.01801
1.01833
1.01859
1.0188
1.01896
1.01908
1.01915
1.01919
1.01919
1.01915
1.01908
1.01897
1.01883
1.01867
1.01848
1.01827
1.01803
1.01778
1.0175
1.01706
1.01691
1.01644
1.01611
1.01594
1.01543
1.0151
1.01476
1.01443
1.01409
1.01376
1.01342
1.01308
1.01275
1.01244
1.01214
1.01183
1.01154
1.01127
1.01099
1.01074
1.01049
1.01025
1.00993
1.00983
1.00954
1.00936
1.0092
1.00905
1.00891
1.00879
1.00867
1.00863
1.00849
1.00842
1.00836
1.0083
1.00826
1.00823
1.0082
1.00819
1.00819
1.00819
1.00819
1.00822
1.00825
1.00828
1.00833
1.00837
1.00843
1.00849
1.00855
1.00861
1.0087
1.00873
1.00879
1.00885
1.00891
1.00898
1.00904
1.0091
1.00919
1.00925
1.00928
1.00937
1.00943
1.00949
1.00956
1.00962
1.00968
1.00974
1.0098
1.00986
1.00992
1.00998
1.01004
1.01007
1.0101
1.01013
1.01016
1.01019
1.01022
1.01025
1.01028
1.01031
1.01034
1.01037
1.0104
1.0104
1.0104
1.0104
1.0104
1.0104
1.0104
1.0104
1.0104
1.0104
1.0104
1.0104
1.0104
1.0104
1.0104
1.0104
1.0104
1.0104
1.0104
1.0104
1.0104
1.0104
1.01037
1.01032
1.01029
1.01028
1.01023
1.0102
1.01017
1.01014
1.01012
1.01008
1.01005
1.01002
1.01001
1.01001
1.01001
1.01001
1.01001
1.01001
1.01001
1.01001
1.01001
1.01001
1.01001
1.01001
1.01001
1.01001
1.01001
1.01001
1.01001
1.01001
1.01001
1.01001
1.01001
1.01001
1.01001
1.01001
1.01001
1.01001
1.01001
1.01001
1.01001
1.01001
1.01001
1.01001
1.01001
1.01001
1.01001
1.01001
1.01001
1.01001
1.01001
1.01001
1.01001
1.01001
1.01001
1.01001
1.01001
1.01001
1.01001
1.01001
1.01001
1.01001
1.01001
1.01001
1.01001
1.01001
1.01001
1.01001
1.01001
1.01001
1.01001
1.01001
1.01001
1.01001
1.01001
1.01001
1.01001
1.01001
1.01001
1.01001
1.01001
1.01001
1.01001
1.01001
1.01001
1.01001
1.01001
1.01001
1.01001
1.01001
1.01001
1.01001
1.01001
1.01001
1.01001
1.01001
1.01001
1.01001
1.01001
1.01001
1.01001
1.01001
1.01001
1.01001
1.01001
1.01001
1.01001
1.01001
1.01001
1.01001
1.01001
1.01001
1.01001
1.01001
1.01001
1.01001
1.01001
1.01001
1.01001
1.01001
1.01001
1.01001
1.01001
1.01001
1.01001
1.01001
1.01001
1.01001
1.01001
1.01001
1.01001
1.01001
1.01001
1.01001
1.01001
1.01001
1.01001
1.01001
1.01001
1.01001
1.01001
1.01001
1.01001
1.01001
1.01001
1.01001
1.01001
1.01001
1.01001
1.01001
1.01001
1.01001
1.01001
1.01001
1.01001
1.01001
1.01001
1.01001
1.01001
1.01001
1.01001
1.01001
1.01001
1.01001
1.01001
1.01001
1.01001
1.01001
1.01001
1.01001
1.01001
1.01001
1.01001
1.01001
1.01001
1.01001
1.01001
1.01001
1.01001
1.01001
1.01001
1.01001
1.01001
1.01001
1.01001
1.01001
1.01001
1.01001
1.01001
1.01001
1.01001
1.01001
1.01001
1.01001
1.01001
1.01001
1.01001
1.01001
1.01001
1.01001
1.01001
1.01001
1.01001
1.01001
1.01001
1.01001
1.01001
1.01001
1.01001
1.01001
1.01001
1.01001
1.01001
1.01001
1.01001
1.01001
1.01001
1.01001
1.01001
1.01001
1.01001
1.01001
1.01001
1.01001
1.01001
1.01001
1.01001
1.01001
1.01001
1.01001
1.01001
1.01001
1.01001
1.01001
1.01001
1.01001
1.01001
1.01001
1.01001
1.01001
1.01001
1.01001
1.01001
1.01001
1.01001
1.01001
1.01001
1.01001
1.01001
1.01001
1.01001
1.01001
1.01001
1.01001
1.01001
1.01001
1.01001
1.01001
1.01001
1.01001
1.01001
1.01001
1.01001
1.01001
1.01001
1.01001
1.01001
1.01001
1.01001
1.01001
1.01001
1.01001
1.01001
1.01001
1.01001
1.01001
1.01001
1.01001
1.01001
1.01001
1.01001
1.01001
1.01001
1.01001
1.01001
1.01001
1.01001
1.01001
1.01001
1.01001
1.01001
1.01001
1.01001
1.01001
1.01001
1.01001
1.01001
1.01001
1.01001
1.01001
1.01001
1.01001
1.01001
1.01001
1.01001
1.01001
1.01001
1.01001
1.01001
1.01001
1.01001
1.01001
1.01001
1.01001
1.01001
1.01001
1.01001
1.01001
1.01001
1.01001
1.01001
1.01001
1.01001
1.01001
1.01001
1.01001
1.01001
1.01001
1.01001
1.01001
1.01001
1.01001
1.01001
1.01001
1.01001
1.01001
1.01001
1.01001
1.01001
1.01001
1.01001
1.01001
1.01001
1.01001
1.01001
1.01001
1.01001
1.01001
1.01001
1.01001
1.01001
1.01001
1.01001
1.01001
1.01001
1.01001
1.01001
1.01001
1.01001
1.01001
1.01001
1.01001
1.01001
1.01001
1.01001
1.01001
1.01001
1.01001
1.01001
1.01001
1.01001
1.01001
1.01001
1.01001
1.01001
1.01001
1.01001
1.01001
1.01001
1.01001
1.01001
1.01001
1.01001
1.01001
1.01001
1.01001
1.01001
1.01001
1.01001
1.01001
1.01001
1.01001
1.01001
1.01001
1.01001
1.01001
1.01001
1.01001
1.01001
1.01001
1.01001
1.01001
1.01001
1.01001
1.01001
1.01001
1.01001
1.01001
1.01001
1.01001
1.01001
1.01001
1.01001
1.01001
1.01001
1.01001
1.01001
1.01001
1.01001
1.01001
1.01001
1.01001
1.01001
1.01001
1.01001
1.01001
1.01001
1.01001
1.01001
1.01001
1.01001
1.01001
1.01001
1.01001
1.01001
1.01001
1.01001
1.01001
1.01001
1.01001
1.01001
1.01001
1.01001
1.01001
1.01001
1.01001
1.01001
1.01001
1.01001
1.01001
1.01001
1.01001
1.01001
1.01001
1.01001
1.01001
1.01001
1.01001
1.01001
1.01001
1.01001
1.01001
1.01001
1.01001
1.01001
1.01001
1.01001
1.01001
1.01001
1.01001
1.01001
1.01001
1.01001
1.01001
1.01001
1.01001
1.01001
1.01001
1.01001
1.01001
1.01001
1.01001
1.01001
1.01001
1.01001
1.01001
1.01001
1.01001
1.01001
1.01001
1.01001
1.01001
1.01001
1.01001
1.01001
1.01001
1.01001
1.01001
1.01001
1.01001
1.01001
1.01001
1.01001
1.01001
1.01001
1.01001
1.01001
1.01001
1.01001
1.01001
1.01001
1.01001
1.01001
1.01001
1.01001
1.01001
1.01001
1.01001
1.01001
1.01001
1.01001
1.01001
1.01001
1.01001
1.01001
1.01001
1.01001
1.01001
1.01001
1.01001
1.01001
1.01001
1.01001
1.01001
1.01001
1.01001
1.01001
1.01001
1.01001
1.01001
1.01001
1.01001
1.01001
1.01001
1.01001
1.01001
1.01001
1.01001
1.01001
1.01001
1.01001
1.01001
1.01001
1.01001
1.01001
1.01001
1.01001
1.01001
1.01001
1.01001
1.01001
1.01001
1.01001
1.01001
1.01001
1.01001
1.01001
1.01001
1.01001
1.01001
1.01001
1.01001
1.01001
1.01001
1.01001
1.01001
1.01001
1.01001
1.01001
1.01001
1.01001
1.01001
1.01001
1.01001
1.01001
1.01001
1.01001
1.01001
1.01001
1.01001
1.01001
1.01001
1.01001
1.01001
1.01001
1.01001
1.01001
1.01001
1.01001
1.01001
1.01001
1.01001
1.01001
1.01001
1.01001
1.01001
1.01001
1.01001
1.01001
1.01001
1.01001
1.01001
1.01001
1.01001
1.01001
1.01001
1.01001
1.01001
1.01001
1.01001
1.01001
1.01001
1.01001
1.01001
1.01001
1.01001
1.01001
1.01001
1.01001
1.01001
1.01001
1.01001
1.01001
1.01001
1.01001
1.01001
1.01001
1.01001
1.01001
1.01001
1.01001
1.01001
1.01001
1.01001
1.01001
1.01001
1.01001
1.01001
1.01001
1.01001
1.01001
1.01001
1.01001
1.01001
1.01001
1.01001
1.01001
1.01001
1.01001
1.01001
1.01001
1.01001
1.01001
1.01001
1.01001
1.01001
1.01001
1.01001
1.01001
1.01001
1.01001
1.01001
1.01001
1.01001
1.01001
1.01001
1.01001
1.01001
1.01001
1.01001
1.01001
1.01001
1.01001
1.01001
1.01001
1.01001
1.01001
1.01001
1.01001
1.01001
1.01001
1.01001
1.01001
1.01001
1.01001
1.01001
1.01001
1.01001
1.01001
1.01001
1.01001
1.01001
1.01001
1.01001
1.01001
1.01001
1.01001
1.01001
1.01001
1.01001
1.01001
1.01001
1.01001
