0
0
0
0
0
3.8147e-05
0.000328064
0.00115967
0.00287628
0.00576019
0.0100708
0.016037
0.0238876
0.0338364
0.0460815
0.0607071
0.0777664
0.0972672
0.119133
0.143227
0.169296
0.197029
0.226135
0.256332
0.287323
0.318878
0.366684
0.382645
0.414474
0.461632
0.49247
0.522652
0.552139
0.580994
0.609047
0.636093
0.662079
0.687004
0.722343
0.744522
0.76561
0.785599
0.804497
0.822212
0.838814
0.854393
0.869041
0.882797
0.895676
0.907707
0.918938
0.934341
0.943695
0.952362
0.960365
0.967743
0.974434
0.980469
0.985931
0.990913
0.995461
0.99958
1.0033
1.00665
1.01105
1.0136
1.01585
1.01787
1.01964
1.02118
1.02251
1.02365
1.02462
1.02542
1.02608
1.02662
1.02703
1.02732
1.02751
1.02761
1.02761
1.02758
1.02745
1.02727
1.02702
1.02658
1.02641
1.02604
1.02565
1.02522
1.0248
1.02411
1.02386
1.02313
1.02264
1.0224
1.02167
1.02118
1.02069
1.0202
1.01972
1.01929
1.01887
1.01844
1.01801
1.01761
1.01706
1.01669
1.01651
1.01614
1.01582
1.01537
1.01506
1.01476
1.0145
1.01425
1.01401
1.01376
1.01354
1.01336
1.01318
1.01299
1.01272
1.01254
1.0124
1.01228
1.01215
1.01203
1.01191
1.01179
1.0116
1.0115
1.01144
1.01138
1.01131
1.01125
1.01119
1.01113
1.01107
1.01101
1.01095
1.01089
1.01083
1.01077
1.0107
1.01064
1.01061
1.01061
1.01061
1.01061
1.01061
1.01061
1.01061
1.01061
1.01061
1.01061
1.01061
1.01061
1.01061
1.01061
1.01061
1.01061
1.01061
1.01061
1.01061
1.01061
1.01061
1.01061
1.01061
1.01061
1.01061
1.01061
1.01061
1.01061
1.01061
1.01061
1.01061
1.01061
1.01061
1.01061
1.01061
1.01061
1.01061
1.01061
1.01061
1.01061
1.01061
1.01061
1.01061
1.01061
1.01061
1.01061
1.01061
1.01061
1.01061
1.01061
1.01061
1.01061
1.01061
1.01061
1.01061
1.01061
1.01061
1.01061
1.01061
1.01061
1.01061
1.01058
1.01052
1.01046
1.01037
1.01034
1.01031
1.01031
1.01031
1.01031
1.01031
1.01031
1.01031
1.01031
1.01031
1.01031
1.01031
1.01031
1.01031
1.01031
1.01031
1.01031
1.01031
1.01031
1.01031
1.01031
1.01031
1.01031
1.01031
1.01031
1.01031
1.01031
1.01031
1.01031
1.01031
1.01031
1.01031
1.01031
1.01031
1.01031
1.01031
1.01031
1.01031
1.01031
1.01031
1.01031
1.01031
1.01031
1.01031
1.01031
1.01031
1.01031
1.01031
1.01031
1.01031
1.01031
1.01031
1.01031
1.01031
1.01031
1.01031
1.01031
1.01031
1.01031
1.01031
1.01031
1.01031
1.01031
1.01031
1.01031
1.01031
1.01031
1.01031
1.01031
1.01031
1.01031
1.01031
1.01031
1.01031
1.01031
1.01031
1.01031
1.01031
1.01031
1.01031
1.01031
1.01031
1.01031
1.01031
1.01031
1.01031
1.01031
1.01031
1.01031
1.01031
1.01031
1.01031
1.01031
1.01031
1.01031
1.01031
1.01031
1.01031
1.01031
1.01031
1.01031
1.01031
1.01031
1.01031
1.01031
1.01031
1.01031
1.01031
1.01031
1.01031
1.01031
1.01031
1.01031
1.01031
1.01031
1.01031
1.01031
1.01031
1.01031
1.01031
1.01031
1.01031
1.01031
1.01031
1.01031
1.01031
1.01031
1.01031
1.01031
1.01031
1.01031
1.01031
1.01031
1.01031
1.01031
1.01031
1.01031
1.01031
1.01031
1.01031
1.01031
1.01031
1.01031
1.01031
1.01031
1.01031
1.01031
1.01031
1.01031
1.01031
1.01031
1.01031
1.01031
1.01031
1.01031
1.01031
1.01031
1.01031
1.01031
1.01031
1.01031
1.01031
1.01031
1.01031
1.01031
1.01031
1.01031
1.01031
1.01031
1.01031
1.01031
1.01031
1.01031
1.01031
1.01031
1.01031
1.01031
1.01031
1.01031
1.01031
1.01031
1.01031
1.01031
1.01031
1.01031
1.01031
1.01031
1.01031
1.01031
1.01031
1.01031
1.01031
1.01031
1.01031
1.01031
1.01031
1.01031
1.01031
1.01031
1.01031
1.01031
1.01031
1.01031
1.01031
1.01031
1.01031
1.01031
1.01031
1.01031
1.01031
1.01031
1.01031
1.01031
1.01031
1.01031
1.01031
1.01031
1.01031
1.01031
1.01031
1.01031
1.01031
1.01031
1.01031
1.01031
1.01031
1.01031
1.01031
1.01031
1.01031
1.01031
1.01031
1.01031
1.01031
1.01031
1.01031
1.01031
1.01031
1.01031
1.01031
1.01031
1.01031
1.01031
1.01031
1.01031
1.01031
1.01031
1.01031
1.01031
1.01031
1.01031
1.01031
1.01031
1.01031
1.01031
1.01031
1.01031
1.01031
1.01031
1.01031
1.01031
1.01031
1.01031
1.01031
1.01031
1.01031
1.01031
1.01031
1.01031
1.01031
1.01031
1.01031
1.01031
1.01031
1.01031
1.01031
1.01031
1.01031
1.01031
1.01031
1.01031
1.01031
1.01031
1.01031
1.01031
1.01031
1.01031
1.01031
1.01031
1.01031
1.01031
1.01031
1.01031
1.01031
1.01031
1.01031
1.01031
1.01031
1.01031
1.01031
1.01031
1.01031
1.01031
1.01031
1.01031
1.01031
1.01031
1.01031
1.01031
1.01031
1.01031
1.01031
1.01031
1.01031
1.01031
1.01031
1.01031
1.01031
1.01031
1.01031
1.01031
1.01031
1.01031
1.01031
1.01031
1.01031
1.01031
1.01031
1.01031
1.01031
1.01031
1.01031
1.01031
1.01031
1.01031
1.01031
1.01031
1.01031
1.01031
1.01031
1.01031
1.01031
1.01031
1.01031
1.01031
1.01031
1.01031
1.01031
1.01031
1.01031
1.01031
1.01031
1.01031
1.01031
1.01031
1.01031
1.01031
1.01031
1.01031
1.01031
1.01031
1.01031
1.01031
1.01031
1.01031
1.01031
1.01031
1.01031
1.01031
1.01031
1.01031
1.01031
1.01031
1.01031
1.01031
1.01031
1.01031
1.01031
1.01031
1.01031
1.01031
1.01031
1.01031
1.01031
1.01031
1.01031
1.01031
1.01031
1.01031
1.01031
1.01031
1.01031
1.01031
1.01031
1.01031
1.01031
1.01031
1.01031
1.01031
1.01031
1.01031
1.01031
1.01031
1.01031
1.01031
1.01031
1.01031
1.01031
1.01031
1.01031
1.01031
1.01031
1.01031
1.01031
1.01031
1.01031
1.01031
1.01031
1.01031
1.01031
1.01031
1.01031
1.01031
1.01031
1.01031
1.01031
1.01031
1.01031
1.01031
1.01031
1.01031
1.01031
1.01031
1.01031
1.01031
1.01031
1.01031
1.01031
1.01031
1.01031
1.01031
1.01031
1.01031
1.01031
1.01031
1.01031
1.01031
1.01031
1.01031
1.01031
1.01031
1.01031
1.01031
1.01031
1.01031
1.01031
1.01031
1.01031
1.01031
1.01031
1.01031
1.01031
1.01031
1.01031
1.01031
1.01031
1.01031
1.01031
1.01031
1.01031
1.01031
1.01031
1.01031
1.01031
1.01031
1.01031
1.01031
1.01031
1.01031
1.01031
1.01031
1.01031
1.01031
1.01031
1.01031
1.01031
1.01031
1.01031
1.01031
1.01031
1.01031
1.01031
1.01031
1.01031
1.01031
1.01031
1.01031
1.01031
1.01031
1.01031
1.01031
1.01031
1.01031
1.01031
1.01031
1.01031
1.01031
1.01031
1.01031
1.01031
1.01031
1.01031
1.01031
1.01031
1.01031
1.01031
1.01031
1.01031
1.01031
1.01031
1.01031
1.01031
1.01031
1.01031
1.01031
1.01031
1.01031
1.01031
1.01031
1.01031
1.01031
1.01031
1.01031
1.01031
1.01031
1.01031
1.01031
1.01031
1.01031
1.01031
1.01031
1.01031
1.01031
1.01031
1.01031
1.01031
1.01031
1.01031
1.01031
1.01031
1.01031
1.01031
1.01031
1.01031
1.01031
1.01031
1.01031
1.01031
1.01031
1.01031
1.01031
1.01031
1.01031
1.01031
1.01031
1.01031
1.01031
1.01031
1.01031
1.01031
1.01031
1.01031
1.01031
1.01031
1.01031
1.01031
1.01031
1.01031
1.01031
1.01031
1.01031
1.01031
1.01031
1.01031
1.01031
1.01031
1.01031
1.01031
1.01031
1.01031
1.01031
1.01031
1.01031
1.01031
1.01031
1.01031
1.01031
1.01031
1.01031
1.01031
1.01031
1.01031
1.01031
1.01031
1.01031
1.01031
1.01031
1.01031
1.01031
1.01031
1.01031
1.01031
1.01031
1.01031
1.01031
1.01031
1.01031
1.01031
1.01031
1.01031
1.01031
1.01031
1.01031
1.01031
1.01031
1.01031
1.01031
1.01031
1.01031
1.01031
1.01031
1.01031
1.01031
1.01031
1.01031
1.01031
1.01031
1.01031
1.01031
1.01031
1.01031
1.01031
1.01031
1.01031
1.01031
1.01031
1.01031
1.01031
1.01031
1.01031
1.01031
1.01031
1.01031
1.01031
1.01031
1.01031
1.01031
1.01031
1.01031
1.01031
1.01031
1.01031
1.01031
1.01031
1.01031
1.01031
1.01031
1.01031
1.01031
1.01031
1.01031
1.01031
1.01031
1.01031
1.01031
1.01031
1.01031
1.01031
1.01031
1.01031
1.01031
1.01031
1.01031
1.01031
1.01031
1.01031
1.01031
1.01031
1.01031
1.01031
1.01031
1.01031
1.01031
1.01031
1.01031
1.01031
1.01031
1.01031
1.01031
1.01031
1.01031
1.01031
1.01031
1.01031
1.01031
1.01031
1.01031
1.01031
1.01031
1.01031
1.01031
1.01031
1.01031
1.01031
1.01031
1.01031
1.01031
1.01031
1.01031
1.01031
1.01031
1.01031
1.01031
1.01031
1.01031
1.01031
1.01031
1.01031
1.01031
1.01031
1.01031
1.01031
1.01031
1.01031
1.01031
1.01031
1.01031
1.01031
1.01031
1.01031
1.01031
1.01031
1.01031
1.01031
1.01031
1.01031
1.01031
1.01031
1.01031
1.01031
1.01031
1.01031
1.01031
1.01031
1.01031
1.01031
1.01031
1.01031
1.01031
1.01031
1.01031
1.01031
1.01031
1.01031
1.01031
1.01031
1.01031
1.01031
1.01031
1.01031
1.01031
1.01031
1.01031
1.01031
1.01031
1.01031
1.01031
1.01031
1.01031
1.01031
1.01031
1.01031
1.01031
1.01031
1.01031
1.01031
1.01031
1.01031
1.01031
